ts_0	elapsed_0	pkg_0	pp0_0	dram_0	freq_ratio_0_0	c0_ratio_0_0	freq_ratio_0_1	c0_ratio_0_1	freq_ratio_0_2	c0_ratio_0_2	freq_ratio_0_3	c0_ratio_0_3	freq_ratio_0_4	c0_ratio_0_4	freq_ratio_0_5	c0_ratio_0_5	freq_ratio_0_6	c0_ratio_0_6	freq_ratio_0_7	c0_ratio_0_7	ts_1	elapsed_1	pkg_1	pp0_1	dram_1	freq_ratio_1_0	c0_ratio_1_0	freq_ratio_1_1	c0_ratio_1_1	freq_ratio_1_2	c0_ratio_1_2	freq_ratio_1_3	c0_ratio_1_3	freq_ratio_1_4	c0_ratio_1_4	freq_ratio_1_5	c0_ratio_1_5	freq_ratio_1_6	c0_ratio_1_6	freq_ratio_1_7	c0_ratio_1_7	
1352522522.005008	1.001743	41.644314	28.447865	6.066604	0.999979	0.669499	0.999912	0.888118	1.000000	0.666164	0.999996	0.012136	1.000170	0.011538	1.000040	0.008095	0.999815	0.004053	0.999945	0.002351	1352522522.005128	1.000365	36.594186	23.452163	5.613658	0.999645	0.670944	0.999750	0.668174	0.954346	0.003920	0.970213	0.003608	0.990917	0.002215	0.999047	0.001899	0.980897	0.002252	0.999824	0.551373	
1352522523.005017	1.000009	45.448731	32.208921	6.436068	0.999999	0.937169	0.999999	0.936632	0.999999	0.935294	0.999879	0.014175	0.999866	0.012960	0.999826	0.010878	0.999959	0.005567	0.999592	0.003322	1352522523.005214	1.000086	42.092614	28.903366	6.246990	1.000001	0.935555	1.000001	0.935263	1.000355	0.002650	1.000204	0.002595	1.000044	0.002712	1.000275	0.002629	1.000059	0.002630	0.999953	0.717301	
1352522524.005006	0.999989	45.884399	32.638038	6.460093	1.000000	0.910104	1.000000	0.910161	1.000000	0.908703	0.999992	0.016051	1.000005	0.012517	1.000052	0.011251	0.999877	0.005058	1.000266	0.002903	1352522524.005116	0.999902	42.698398	29.504051	6.276830	1.000000	0.908714	1.000000	0.908246	0.999935	0.002923	1.000114	0.002658	1.000331	0.002794	0.999763	0.002430	1.000076	0.002926	1.000000	0.701945	
1352522525.005005	0.999999	46.229582	32.973481	6.468756	1.000000	0.939472	0.999999	0.939171	0.999999	0.937877	0.999946	0.016165	1.000031	0.012284	0.999887	0.011633	1.000016	0.005413	0.999783	0.003236	1352522525.005145	1.000029	44.527635	31.328511	6.329665	1.000000	0.938105	1.000000	0.937880	0.999854	0.002925	0.999579	0.002338	0.999602	0.002386	1.000236	0.002368	1.000078	0.002665	1.000000	0.701259	
1352522526.005007	1.000002	45.581868	32.347320	6.411090	0.999987	0.861000	1.000000	0.861149	1.000000	0.859482	0.999908	0.013727	0.999946	0.011996	0.999989	0.009598	0.999961	0.004358	0.998558	0.002622	1352522526.005133	0.999988	41.955212	28.774681	6.158109	1.000000	0.859537	1.000000	0.859205	0.999783	0.002723	1.000249	0.002523	1.000289	0.002422	0.999729	0.002159	1.000372	0.002485	0.999477	0.732150	
1352522527.005007	1.000000	47.010742	33.753967	6.493820	1.000000	0.952384	0.999999	0.952648	0.999999	0.951338	0.999962	0.018628	1.000010	0.014309	0.999939	0.012145	0.999822	0.009138	0.999952	0.007424	1352522527.005142	1.000009	44.228939	31.027612	6.331165	1.000000	0.951506	1.000000	0.951285	1.000089	0.002763	0.999943	0.002338	0.999979	0.002368	0.999851	0.002744	0.999475	0.002650	1.000000	0.706619	
1352522528.005009	1.000002	47.139696	33.880734	6.471210	1.000000	0.911216	1.000000	0.911598	1.000000	0.909682	0.999954	0.014734	0.999986	0.010535	0.999919	0.010291	1.000045	0.007744	0.999938	0.008304	1352522528.005125	0.999983	42.962321	29.761994	6.353333	1.000000	0.910018	1.000000	0.909596	0.999826	0.002614	0.999943	0.002660	0.999963	0.002666	1.000086	0.002593	1.000374	0.002807	1.000000	0.700923	
1352522529.005007	0.999998	46.937437	33.675586	6.456265	1.000000	0.914432	1.000000	0.914396	1.000000	0.913082	0.999935	0.013033	1.000024	0.011816	1.000001	0.011525	0.999911	0.009177	1.000230	0.006641	1352522529.005177	1.000052	43.725434	30.523865	6.348532	1.000000	0.912980	1.000000	0.912588	0.999799	0.003064	0.999887	0.002492	0.999970	0.002375	0.999794	0.002645	0.999928	0.003005	1.000000	0.699016	
1352522530.005007	1.000000	47.412994	34.151062	6.459320	1.000000	0.921851	1.000000	0.921923	0.999999	0.920248	0.999953	0.014517	1.000056	0.010557	0.999979	0.011058	0.999996	0.007970	0.999857	0.006533	1352522530.005137	0.999960	43.934469	30.734217	6.328104	1.000000	0.920535	1.000000	0.920170	0.999919	0.002861	0.999940	0.002616	0.999985	0.002669	0.999971	0.002421	1.000029	0.002417	1.000000	0.697553	
1352522531.005007	1.000000	47.386261	34.125122	6.446793	0.999999	0.924539	1.000000	0.924745	1.000000	0.923169	0.999967	0.014582	0.999997	0.010317	0.999925	0.011282	0.999956	0.006711	0.999936	0.006657	1352522531.005146	1.000009	42.931267	29.744268	6.332508	1.000000	0.923469	1.000000	0.923104	0.999878	0.003183	0.999861	0.002729	1.000057	0.002381	0.999887	0.002685	0.999836	0.002742	1.000000	0.701903	
1352522532.005008	1.000001	47.132661	33.874724	6.474908	1.000000	0.934306	1.000000	0.934221	1.000000	0.932972	0.999932	0.015463	1.000037	0.012100	0.999969	0.010410	1.000078	0.006337	1.000002	0.006515	1352522532.005151	1.000005	42.368532	29.168174	6.342742	1.000000	0.933115	1.000000	0.932809	0.999902	0.003074	0.999939	0.002923	0.999936	0.002675	0.999974	0.002429	1.000098	0.002944	1.000000	0.700599	
1352522533.005007	0.999999	47.219604	33.970858	6.425742	1.000000	0.930149	1.000000	0.930431	1.000000	0.928985	0.999944	0.016508	0.999987	0.011141	0.999980	0.011292	0.999800	0.005597	1.000203	0.005672	1352522533.005152	1.000001	43.780461	30.579256	6.307047	1.000000	0.929235	1.000000	0.928923	0.999888	0.003069	0.999999	0.002496	1.000033	0.002375	0.999854	0.002691	0.999956	0.002650	1.000000	0.700338	
1352522534.005008	1.000001	47.631989	34.367902	6.503259	1.000000	0.935573	1.000000	0.935918	1.000000	0.934563	0.999955	0.016326	1.000028	0.011902	0.999885	0.010259	0.999930	0.004848	1.000033	0.004889	1352522534.005138	0.999986	43.463868	30.263319	6.349729	1.000000	0.934786	1.000000	0.934501	0.999800	0.002899	0.999775	0.002691	0.999872	0.002686	0.999931	0.002417	0.999902	0.002756	1.000000	0.702354	
1352522535.005007	0.999999	46.868407	33.603380	6.479422	1.000000	0.938922	1.000000	0.938836	1.000000	0.937665	0.999945	0.017078	1.000020	0.011422	0.999987	0.011613	1.000028	0.005080	0.999691	0.005355	1352522535.005162	1.000024	41.186066	27.982847	6.399199	1.000000	0.937852	1.000000	0.937574	0.999931	0.003125	0.999972	0.003043	0.999773	0.002816	0.999576	0.002684	0.999692	0.002748	1.000000	0.705703	
1352522536.005008	1.000001	47.398591	34.134413	6.491983	1.000000	0.940402	1.000000	0.940358	1.000000	0.939129	0.999964	0.016294	1.000031	0.011201	0.999964	0.011456	0.999954	0.004987	1.000058	0.004769	1352522536.005142	0.999980	42.927190	29.739579	6.336293	1.000000	0.939324	1.000000	0.939035	0.999883	0.002876	0.999966	0.002672	1.000261	0.002775	1.000286	0.002477	1.000251	0.002874	1.000000	0.707063	
1352522537.005008	1.000000	46.944214	33.685730	6.425583	1.000000	0.933554	1.000000	0.933171	1.000000	0.931713	0.999911	0.014330	1.000047	0.013866	0.999945	0.011628	1.000176	0.004933	0.999998	0.004645	1352522537.005174	1.000032	43.674767	30.475955	6.292295	1.000000	0.931982	1.000000	0.931648	0.999969	0.002674	1.000028	0.002572	1.000054	0.002389	0.999883	0.002701	0.999987	0.002685	1.000000	0.704004	
1352522538.005008	1.000000	46.808167	33.556900	6.471390	1.000000	0.910143	1.000000	0.910208	1.000000	0.908367	0.999980	0.015057	0.999974	0.011916	1.000001	0.011375	0.999758	0.005434	1.000076	0.004735	1352522538.005135	0.999961	43.690170	30.484377	6.346974	1.000000	0.908695	1.000000	0.908280	0.999822	0.002840	0.999477	0.002728	0.999972	0.002688	0.999908	0.002425	0.999964	0.002779	1.000000	0.700519	
1352522539.005007	0.999999	46.459639	33.196595	6.479331	1.000000	0.921722	1.000000	0.921442	1.000000	0.919753	0.999855	0.014006	1.000100	0.012692	0.999907	0.011751	0.999947	0.007657	0.999935	0.004945	1352522539.005158	1.000023	44.458409	31.252077	6.318764	1.000000	0.920044	1.000000	0.919681	0.999756	0.002338	1.000276	0.002620	0.999960	0.002395	0.999804	0.002668	0.999910	0.002678	1.000000	0.702805	
1352522540.005008	1.000001	47.117204	33.851057	6.469705	1.000000	0.930605	1.000000	0.930484	1.000000	0.929622	1.000032	0.014820	0.999924	0.013289	0.999966	0.011151	0.999979	0.005464	0.999976	0.004860	1352522540.005138	0.999980	44.165313	30.959421	6.326268	1.000000	0.929299	1.000000	0.928976	0.999815	0.002652	0.999942	0.002843	0.999932	0.002670	1.000019	0.002414	0.999989	0.002781	1.000000	0.704994	
1352522541.005014	1.000006	47.710378	34.445565	6.472450	1.000000	0.945991	1.000000	0.946108	1.000000	0.944954	0.999997	0.015295	1.000160	0.011295	1.000060	0.011551	1.000052	0.006691	1.000307	0.004834	1352522541.005187	1.000049	44.125198	30.934165	6.328730	1.000000	0.945162	1.000000	0.944897	1.000076	0.002758	0.999819	0.002619	0.999923	0.002384	0.999754	0.002642	0.999855	0.002640	1.000000	0.698486	
1352522542.005205	1.000191	43.561093	30.323173	6.211125	0.999985	0.055419	1.000000	0.918416	1.000000	0.916685	0.999953	0.011770	1.000026	0.006127	0.999965	0.010760	1.000029	0.007087	0.999999	0.005048	1352522542.005351	1.000164	47.585304	34.385259	6.221926	1.000000	0.917009	1.000000	0.916623	1.000000	0.896564	1.000001	0.686081	0.999957	0.002840	0.999895	0.002675	0.999938	0.002837	0.999588	0.003220	
1352522543.005427	1.000222	43.244063	30.014822	6.179109	0.999939	0.020080	1.000000	0.937483	1.000000	0.936387	0.999920	0.010156	1.000007	0.012047	0.999954	0.007301	0.999966	0.007477	1.000034	0.004966	1352522543.005574	1.000223	48.997073	35.779393	6.186121	1.000000	0.936473	1.000000	0.936160	1.000000	0.936146	1.000000	0.703267	0.999958	0.002548	0.999883	0.002657	0.999957	0.002687	0.999965	0.002744	
1352522544.005023	0.999596	43.042805	29.818333	6.207066	0.999924	0.020798	1.000000	0.950109	1.000000	0.949064	0.999935	0.011028	1.000035	0.012140	0.999949	0.006651	0.999994	0.006731	0.999964	0.004974	1352522544.005139	0.999565	49.267592	36.063498	6.226617	1.000000	0.949235	1.000000	0.948979	1.000000	0.948979	1.000000	0.697340	0.999975	0.002956	0.999910	0.002641	0.999961	0.002778	1.000001	0.002291	
1352522545.005006	0.999983	42.834191	29.601789	6.183882	0.999934	0.019658	1.000000	0.899613	1.000000	0.897428	0.999954	0.010561	1.000014	0.011321	0.999984	0.007693	0.999953	0.007161	0.999997	0.004958	1352522545.005092	0.999953	49.087617	35.877768	6.223071	1.000000	0.897811	1.000000	0.897351	1.000000	0.897350	1.000000	0.701495	0.999962	0.002542	0.999882	0.002659	0.999948	0.002667	0.999971	0.002433	
1352522546.005005	0.999999	43.400127	30.169233	6.172705	0.999940	0.020043	1.000000	0.924356	1.000000	0.922784	0.999934	0.011077	1.000017	0.010787	0.999982	0.007455	0.999942	0.006847	1.000040	0.005022	1352522546.005077	0.999985	49.324883	36.120721	6.206560	1.000000	0.923066	1.000000	0.922719	1.000000	0.922720	1.000000	0.700413	0.999961	0.002991	0.999913	0.002681	1.000088	0.002828	0.999990	0.002336	
1352522547.005014	1.000009	42.475171	29.245463	6.185598	0.999933	0.021355	1.000000	0.946006	0.999999	0.944681	0.999903	0.011737	0.999994	0.011459	0.999911	0.007329	0.999841	0.007443	0.999748	0.005292	1352522547.005133	1.000056	49.107951	35.914949	6.220507	1.000000	0.944863	1.000000	0.944489	1.000000	0.944471	1.000000	0.702924	1.000111	0.002894	0.999700	0.002490	0.999476	0.002796	0.999547	0.002500	
1352522548.005049	1.000035	42.873864	29.641143	6.182507	0.999939	0.021825	1.000000	0.920043	1.000000	0.918452	0.999940	0.011153	1.000017	0.012306	0.999984	0.005015	1.000041	0.007741	1.000206	0.004880	1352522548.005129	0.999996	47.216012	34.004288	6.223948	1.000000	0.918672	1.000000	0.918304	1.000000	0.918301	0.999924	0.003762	0.999999	0.706686	1.000120	0.002466	1.000249	0.002863	1.000120	0.002806	
1352522549.005123	1.000074	42.813654	29.583415	6.190537	0.999932	0.020966	1.000000	0.922548	1.000000	0.921046	0.999884	0.011171	1.000019	0.012448	0.999819	0.005220	0.999874	0.008990	0.999847	0.004868	1352522549.005271	1.000142	47.416785	34.205360	6.226120	1.000000	0.921218	1.000000	0.920900	1.000000	0.920899	0.999930	0.003414	1.000000	0.705056	0.999887	0.002828	0.999966	0.002678	1.000154	0.002968	
1352522550.005047	0.999924	42.196889	28.979499	6.176144	0.999933	0.021020	1.000000	0.920828	1.000000	0.919310	1.000002	0.012085	1.000019	0.011774	1.000109	0.004953	1.000223	0.003280	1.000145	0.004889	1352522550.005150	0.999879	49.092952	35.879208	6.203251	1.000000	0.919469	1.000000	0.919246	1.000000	0.919088	0.999913	0.003223	1.000000	0.705323	0.999902	0.002445	0.999979	0.002776	0.999962	0.002391	
1352522551.005120	1.000073	42.703351	29.476365	6.151773	0.999936	0.022240	1.000000	0.935110	1.000000	0.933752	0.999940	0.011277	1.000009	0.012268	0.999941	0.005212	0.999934	0.003243	0.999880	0.004917	1352522551.005225	1.000075	48.886236	35.674582	6.213462	1.000000	0.934008	1.000000	0.933700	1.000000	0.933704	0.999913	0.003072	1.000000	0.702465	0.999979	0.002863	1.000077	0.002695	1.000012	0.002759	
1352522552.005035	0.999915	41.725277	28.505905	6.146138	0.999517	0.022079	0.999979	0.893707	1.000000	0.891885	0.999923	0.012402	0.999562	0.011218	1.000003	0.005302	0.998824	0.007163	0.998881	0.006384	1352522552.005121	0.999896	48.261120	35.057142	6.042590	1.000000	0.892036	1.000000	0.891657	1.000000	0.891640	0.999464	0.002583	0.999952	0.743572	0.999818	0.002122	0.999878	0.002447	0.999894	0.002082	
1352522553.005015	0.999980	43.029396	29.802049	6.178026	0.999933	0.021128	1.000000	0.909952	1.000001	0.908088	0.999841	0.011272	0.999987	0.010640	0.999996	0.002614	1.000034	0.008124	0.999968	0.005447	1352522553.005200	1.000079	47.986081	34.788316	6.213026	1.000000	0.908340	1.000000	0.907919	1.000000	0.907896	1.000102	0.003042	1.000000	0.713183	0.999916	0.002783	0.999992	0.002612	0.999959	0.002629	
1352522554.005040	1.000025	42.560626	29.335661	6.171919	0.999923	0.021230	1.000000	0.938049	1.000000	0.937231	1.000007	0.010979	0.999951	0.011286	0.999901	0.002735	0.999953	0.006729	0.999849	0.004836	1352522554.005178	0.999978	48.832294	35.622409	6.182203	1.000000	0.936977	1.000000	0.937107	1.000000	0.937118	1.000001	0.706739	0.999604	0.002964	0.999879	0.002467	1.000130	0.002799	1.000137	0.002367	
1352522555.005004	0.999964	41.293067	28.082523	6.144539	0.999920	0.016689	1.000000	0.844452	1.000000	0.841509	0.999917	0.010493	1.000055	0.009793	0.999691	0.002609	0.999974	0.005419	0.999904	0.004002	1352522555.005142	0.999964	46.694354	33.498841	5.967958	1.000000	0.842018	1.000000	0.841419	1.000000	0.841416	1.000000	0.750221	0.999995	0.002090	0.999957	0.002202	0.999856	0.002261	0.999992	0.002273	
1352522556.005011	1.000007	715804965.871854	715772355.955051	715814736.317880	0.999951	1.000309	0.999948	1.000309	0.999950	1.000312	0.999949	1.000300	0.999950	1.000309	0.999952	1.000299	0.999950	1.000308	0.999950	1.000305	1352522556.005111	0.999969	715840649.076911	715796477.791909	715826545.007256	0.999950	1.000307	0.999947	1.000305	3.895776	0.256755	0.999950	1.000304	0.999950	1.000307	0.999953	1.000304	0.999950	1.000306	0.999951	1.000307	
1352522557.005005	0.999994	0.000000	0.000000	0.000000	-nan	-nan	-nan	-nan	0.000000	inf	-nan	-nan	-nan	0.000000	-nan	-nan	-nan	-nan	-nan	-nan	1352522557.005098	0.999987	0.000000	0.000000	0.000000	-nan	-nan	-nan	-nan	0.000000	inf	-nan	-nan	-nan	-nan	-nan	-nan	-nan	-nan	-nan	-nan	
