ts_0	elapsed_0	pkg_0	pp0_0	dram_0	freq_ratio_0_0	c0_ratio_0_0	freq_ratio_0_1	c0_ratio_0_1	freq_ratio_0_2	c0_ratio_0_2	freq_ratio_0_3	c0_ratio_0_3	freq_ratio_0_4	c0_ratio_0_4	freq_ratio_0_5	c0_ratio_0_5	freq_ratio_0_6	c0_ratio_0_6	freq_ratio_0_7	c0_ratio_0_7	ts_1	elapsed_1	pkg_1	pp0_1	dram_1	freq_ratio_1_0	c0_ratio_1_0	freq_ratio_1_1	c0_ratio_1_1	freq_ratio_1_2	c0_ratio_1_2	freq_ratio_1_3	c0_ratio_1_3	freq_ratio_1_4	c0_ratio_1_4	freq_ratio_1_5	c0_ratio_1_5	freq_ratio_1_6	c0_ratio_1_6	freq_ratio_1_7	c0_ratio_1_7	
1357204528.046225	1.001769	46.474516	33.135854	3.546750	1.153933	0.243901	1.152657	0.239621	1.152429	0.241249	1.152653	0.237910	1.152726	0.236641	1.153965	0.238760	1.153295	0.235769	1.154281	0.238432	1357204528.046292	1.000323	37.406815	24.123143	2.724797	0.999921	0.526127	0.999759	0.526158	1.000002	0.525549	1.000075	0.002215	1.005334	0.000081	0.818172	0.000102	1.003262	0.000112	0.999807	0.939016	
1357204529.046219	0.999994	46.406176	33.036330	3.876976	0.868699	0.494686	0.857870	0.681660	0.857896	0.681663	0.857895	0.681657	0.857885	0.681615	0.857884	0.681618	0.857883	0.681612	0.857881	0.681616	1357204529.046288	0.999996	41.137297	27.852744	3.011472	1.000000	0.683082	1.000000	0.683080	1.000000	0.683084	1.000002	0.192924	1.000330	0.000080	0.999105	0.000542	0.992913	0.000127	1.000000	1.000000	
1357204530.046218	0.999999	49.301988	35.933170	4.049305	0.839264	0.007877	0.849429	0.859934	0.849436	0.859970	0.849436	0.859969	0.849430	0.859930	0.849429	0.859925	0.849429	0.859924	0.849429	0.859920	1357204530.046286	0.999998	48.186829	34.902059	3.345084	1.000000	0.862437	1.000000	0.862452	1.000000	0.862434	1.000000	0.862437	1.000200	0.000089	1.050876	0.000015	1.002070	0.000403	1.000000	1.000000	
1357204531.046217	0.999999	47.622879	34.256243	3.995029	0.824328	0.007884	0.860263	0.783605	0.860273	0.783654	0.860272	0.783650	0.860266	0.783617	0.860262	0.783600	0.860262	0.783597	0.860265	0.783616	1357204531.046293	1.000007	46.495910	33.219665	3.219094	0.993727	0.785574	0.993727	0.785572	0.993727	0.785560	0.993727	0.785571	0.968474	0.000353	0.968155	0.000330	0.971682	0.000379	0.995072	0.999909	
1357204532.046224	1.000007	48.637237	35.260254	4.289506	0.771287	0.008248	0.861190	0.843025	0.861184	0.843117	0.861185	0.843113	0.861190	0.843019	0.861191	0.843015	0.861190	0.843012	0.861191	0.843010	1357204532.046320	1.000027	47.825875	34.525208	3.384507	0.996052	0.845566	0.996052	0.845564	0.996052	0.845444	0.996052	0.845563	0.980236	0.000314	0.962362	0.000164	0.972113	0.000277	0.996662	0.999977	
1357204533.046224	1.000000	38.190414	24.814743	3.916229	0.583859	0.009233	0.927824	0.471879	0.927799	0.471981	0.927767	0.472007	0.927835	0.471878	0.927864	0.471838	0.927853	0.471879	0.927868	0.471833	1357204533.046313	0.999993	39.593688	26.293227	3.590799	1.000000	0.472668	1.000000	0.472700	1.000000	0.472534	1.000000	0.472719	0.999984	0.000655	0.997016	0.000068	0.994818	0.000106	1.000000	1.000000	
1357204534.046220	0.999996	47.438806	34.066010	3.957429	0.677204	0.006034	0.918981	0.696425	0.918987	0.696474	0.918985	0.696471	0.918980	0.696437	0.918977	0.696420	0.918975	0.696419	0.918977	0.696435	1357204534.046290	0.999977	44.935919	31.641822	3.175137	1.000000	0.697708	1.000000	0.697707	1.000000	0.697676	1.000000	0.697706	0.999966	0.003654	1.055938	0.000007	0.997889	0.000107	1.000000	1.000000	
1357204535.046218	0.999998	48.826662	35.453528	4.144783	0.779421	0.004758	0.853827	0.842438	0.853834	0.842473	0.853834	0.842469	0.853828	0.842431	0.853828	0.842429	0.853829	0.842426	0.853828	0.842428	1357204535.046284	0.999994	47.915508	34.619118	2.665558	0.995314	0.845062	0.995314	0.845060	0.995314	0.845030	0.995314	0.845059	0.995201	0.003191	0.968893	0.000210	0.990150	0.000574	0.996040	0.999977	
1357204536.046217	0.999999	46.964019	33.590303	4.102558	0.732420	0.008592	0.864987	0.764769	0.864978	0.764859	0.864968	0.764879	0.864967	0.764799	0.864970	0.764814	0.864990	0.764798	0.864971	0.764806	1357204536.046316	1.000032	46.210102	32.912965	3.451138	0.993932	0.766545	0.993932	0.766544	0.993931	0.766435	0.993932	0.766542	0.976461	0.000384	0.961213	0.000255	0.970832	0.000299	0.995348	0.999932	
1357204537.046217	1.000000	36.852936	23.487549	3.843994	0.650263	0.009742	0.929435	0.438172	0.929418	0.438277	0.929386	0.438305	0.929441	0.438167	0.929444	0.438163	0.929451	0.438192	0.929448	0.438160	1357204537.046282	0.999966	38.919631	25.612980	3.855417	1.000000	0.438802	1.000000	0.438831	1.000000	0.438676	1.000000	0.438835	0.999973	0.000087	1.010539	0.000083	1.002220	0.000160	1.000000	1.000000	
1357204538.046219	1.000002	49.894177	36.515998	4.102318	0.825153	0.009365	0.861756	0.861953	0.861755	0.861923	0.861755	0.861894	0.861754	0.861866	0.861753	0.861840	0.861752	0.861813	0.861751	0.861780	1357204538.046464	1.000182	44.408242	31.114655	3.476708	0.999999	0.678797	0.999999	0.678780	0.999999	0.678742	0.999999	0.680731	0.999646	0.000145	1.001406	0.000007	1.001118	0.000061	0.999859	0.983456	
1357204539.046217	0.999998	35.333472	21.937160	3.954735	0.724666	0.010752	0.925341	0.375147	0.931632	0.293500	0.925316	0.375199	0.925371	0.375113	0.925367	0.375091	0.925391	0.375215	0.925366	0.375084	1357204539.046521	1.000057	37.901451	24.584857	3.617805	1.000000	0.375649	1.000000	0.375696	1.000000	0.375607	1.000000	0.375735	1.000001	0.081983	1.000488	0.000050	0.995620	0.000100	1.000000	1.000000	
1357204540.046224	1.000007	21.008568	7.601708	4.067873	0.613870	0.011552	0.743401	0.000135	0.740032	0.000059	0.564572	0.000076	0.717029	0.000060	0.999493	0.000044	1.016528	0.000008	0.646090	0.000065	1357204540.046483	0.999962	28.786339	15.451498	4.671854	0.999923	0.000109	0.999981	0.000081	0.999982	0.000043	0.999979	0.000054	1.000227	0.000102	0.996009	0.000007	1.001200	0.000412	1.000000	1.000000	
1357204541.046218	0.999994	18.177232	4.776808	4.254038	0.543127	0.016886	0.679309	0.000106	0.755820	0.000068	0.748936	0.000069	0.743565	0.000069	0.982576	0.000008	0.713572	0.000076	0.678042	0.000010	1357204541.046505	1.000022	28.778559	15.447125	5.606460	0.999945	0.000021	0.999992	0.000050	1.000000	0.000017	1.000038	0.000061	0.999785	0.000079	0.999898	0.000057	1.000285	0.000085	1.000000	1.000000	
1357204542.046218	1.000000	20.611877	7.210083	4.284592	0.680946	0.018428	0.990495	0.003524	0.999604	0.002528	1.000060	0.002466	0.999973	0.002594	0.997292	0.002360	1.000058	0.002455	0.998455	0.002432	1357204542.046436	0.999931	28.862203	15.527208	5.081222	0.999998	0.002475	0.999998	0.002422	0.999996	0.002403	0.999997	0.001864	0.999997	0.002521	1.000013	0.002479	1.000005	0.003075	1.000000	1.000000	
1357204543.046218	1.000000	20.651962	7.248383	4.092621	0.620439	0.013640	0.872992	0.000081	0.761083	0.000068	0.744545	0.000071	0.992326	0.000055	0.672835	0.000159	0.921424	0.000053	0.669666	0.000011	1357204543.046620	1.000184	28.752124	15.425078	4.767753	1.000034	0.000023	0.999968	0.000071	1.000023	0.000017	0.999949	0.000053	1.000070	0.000100	0.999482	0.000039	0.999682	0.000148	1.000000	1.000000	
1357204544.046224	1.000006	20.300828	6.910146	4.442555	0.591228	0.014546	0.589059	0.000090	1.007254	0.000008	1.000863	0.000008	0.676268	0.000010	0.617218	0.000235	0.531039	0.000013	0.828708	0.000061	1357204544.046499	0.999879	28.732957	15.411855	5.138470	0.999832	0.000112	0.999889	0.000007	0.999989	0.000070	0.999979	0.000018	0.999939	0.000096	1.001192	0.000006	0.994586	0.000094	1.000000	1.000000	
1357204545.046219	0.999995	18.337204	4.936121	4.641045	0.561038	0.017186	0.712247	0.000118	0.687817	0.000091	0.695180	0.000093	0.710022	0.000090	0.603651	0.000169	0.942913	0.000057	0.700185	0.000010	1357204545.046587	1.000088	28.770510	15.438736	5.645515	1.000421	0.000021	0.999933	0.000097	1.000000	0.000017	1.000021	0.000072	1.000239	0.000087	0.999891	0.000053	1.001333	0.000415	1.000000	1.000000	
1357204546.046218	0.999999	19.024051	5.621587	4.617940	0.555304	0.015992	0.736235	0.000067	0.578466	0.000011	0.661005	0.000010	0.460700	0.000015	0.590591	0.000258	0.999155	0.000008	0.697402	0.000075	1357204546.046598	1.000011	28.751180	15.418212	5.582596	0.998077	0.000056	0.998809	0.000078	0.999095	0.000115	0.999960	0.000029	0.999816	0.000090	1.000085	0.000059	0.994334	0.000094	1.000000	1.000000	
1357204547.046226	1.000008	20.107534	6.708655	4.178601	0.604751	0.013220	0.946857	0.000085	0.733117	0.000089	0.730646	0.000086	0.944347	0.000072	0.578886	0.000173	0.990724	0.000056	0.999868	0.000009	1357204547.046732	1.000134	28.748360	15.421045	4.938807	0.999194	0.000022	0.991773	0.000065	1.005894	0.000017	0.990953	0.000059	0.999961	0.000079	0.986189	0.000043	1.002097	0.000187	1.000000	1.000000	
1357204548.046218	0.999992	19.793434	6.390601	4.474096	0.578073	0.014372	0.928105	0.000049	0.874451	0.000025	0.869710	0.000025	1.025544	0.000022	0.691412	0.000266	0.589890	0.000038	0.632685	0.000106	1357204548.046497	0.999765	28.768329	15.434491	5.330248	1.001541	0.000074	1.031006	0.000020	0.999947	0.000065	1.000202	0.002059	1.000213	0.000108	1.001295	0.000075	0.996166	0.000102	1.000000	1.000000	
1357204549.046220	1.000002	19.882012	6.480578	4.189750	0.587867	0.013536	0.826831	0.000121	0.804735	0.000080	0.722825	0.000084	0.756755	0.000074	0.656193	0.000156	0.694101	0.000073	0.658843	0.000012	1357204549.046683	1.000186	28.730070	15.401768	5.144643	0.999227	0.000022	0.999986	0.000054	1.000093	0.000017	1.002236	0.000051	0.999731	0.000097	1.007488	0.000069	0.999734	0.000156	1.000000	1.000000	
1357204550.046220	1.000000	20.877808	7.473709	4.264465	0.617772	0.012745	0.809733	0.000093	0.887999	0.000009	1.023966	0.000008	0.671522	0.000011	0.733532	0.000194	0.661135	0.000010	0.639605	0.000078	1357204550.046637	0.999954	28.749171	15.414940	4.885799	1.000375	0.000057	0.999965	0.000044	0.999970	0.000051	1.001099	0.000007	0.999961	0.000099	0.995842	0.000007	1.001171	0.000444	1.000000	1.000000	
1357204551.046222	1.000002	20.190330	6.789828	4.324546	0.598188	0.014455	0.826139	0.000096	0.701018	0.000086	0.757545	0.000080	0.772384	0.000080	0.688374	0.000153	0.714865	0.000074	0.494680	0.000013	1357204551.046599	0.999962	28.753882	15.421269	5.211074	1.000236	0.000023	0.999949	0.000061	0.999903	0.000016	0.999969	0.000062	0.999927	0.000080	1.000077	0.000100	0.999996	0.000107	1.000000	1.000000	
1357204552.046219	0.999997	22.449380	9.047559	4.117490	0.679672	0.010928	0.999750	0.000066	0.664058	0.000011	0.667559	0.000011	0.669725	0.000012	0.846287	0.000183	0.461118	0.000014	0.848518	0.000059	1357204552.046648	1.000049	28.726708	15.395576	4.716977	0.999915	0.000082	1.000000	0.000007	1.000008	0.000050	0.999013	0.000007	0.999017	0.000097	1.002124	0.000006	1.000178	0.000121	1.000000	1.000000	
1357204553.046226	1.000007	19.878937	6.481828	4.164079	0.587873	0.015130	0.763101	0.000146	0.691236	0.000085	0.742058	0.000081	0.682180	0.000086	0.665591	0.000153	0.651254	0.000075	0.987085	0.000008	1357204553.046471	0.999823	28.737964	15.404092	5.108249	0.999126	0.000023	0.999994	0.000059	0.999887	0.000017	1.000024	0.000064	1.001544	0.000079	0.999775	0.000051	1.000182	0.000119	1.000000	1.000000	
1357204554.046218	0.999992	19.402318	6.017978	4.548972	0.587731	0.017387	0.824022	0.000559	0.907683	0.000054	0.997533	0.000008	0.819436	0.000023	0.757824	0.000219	0.999246	0.000019	0.681858	0.000075	1357204554.046634	1.000163	28.736464	15.404394	5.522140	1.000203	0.000072	0.999948	0.000037	0.987826	0.000087	0.998099	0.000046	0.999863	0.000133	0.935178	0.000019	0.993321	0.000081	1.000000	1.000000	
1357204555.046218	1.000000	18.064987	4.668839	4.676697	0.544407	0.018545	0.703828	0.000113	0.693968	0.000083	0.725441	0.000085	0.693787	0.000086	0.524891	0.000195	0.741914	0.000071	1.026738	0.000008	1357204555.046572	0.999938	28.735393	15.414270	5.848019	0.999582	0.000023	0.999976	0.000097	1.001302	0.000807	1.001301	0.000061	0.999864	0.000099	1.024969	0.000050	1.001273	0.000403	1.000000	1.000000	
1357204556.046224	1.000006	18.171797	4.778765	4.712451	0.532073	0.015503	0.775657	0.000085	0.997638	0.000008	1.062412	0.000008	1.008338	0.000008	0.594159	0.000264	0.987767	0.000008	0.893248	0.000057	1357204556.046498	0.999926	28.737491	15.404199	5.697488	0.999775	0.000058	1.000110	0.000007	1.000165	0.000049	1.000440	0.000007	1.000139	0.000091	0.996397	0.000007	1.000244	0.000080	1.000000	1.000000	
1357204557.046217	0.999993	19.260555	5.866953	4.264205	0.574751	0.014019	0.833596	0.000100	0.778995	0.000080	0.789175	0.000073	0.760999	0.000076	0.647123	0.000189	0.691694	0.000071	0.582451	0.000050	1357204557.046625	1.000127	28.741541	15.413813	5.145510	0.999781	0.000021	0.999980	0.000059	0.999278	0.000015	0.989867	0.000064	0.999933	0.000080	1.000347	0.000052	1.000049	0.000133	1.000000	1.000000	
1357204558.046220	1.000003	20.790921	7.393211	4.097705	0.610502	0.013036	0.792175	0.000082	0.989725	0.000008	1.006294	0.000009	0.717005	0.000011	0.661772	0.000207	0.650117	0.000011	0.700657	0.000073	1357204558.046497	0.999872	28.746417	15.415823	4.845133	0.998560	0.000055	0.998844	0.000007	0.999951	0.000055	1.000315	0.002061	1.000026	0.000087	1.002418	0.000007	0.999818	0.000108	1.000000	1.000000	
1357204559.046222	1.000002	19.555657	6.160434	4.123726	0.585545	0.015674	0.824207	0.000100	0.671837	0.000087	0.739788	0.000085	0.723373	0.000083	0.677492	0.000150	0.708390	0.000075	1.002010	0.000009	1357204559.046637	1.000140	28.730766	15.402843	5.188498	1.000084	0.000023	0.992282	0.000081	0.998547	0.000016	0.985610	0.000049	1.000006	0.000063	0.991553	0.000062	0.995213	0.000110	1.000000	1.000000	
1357204560.046219	0.999997	20.222337	6.827185	4.303328	0.588243	0.012482	0.701818	0.000115	0.555164	0.000040	0.595154	0.000039	1.016881	0.000023	0.704913	0.000244	1.023459	0.000023	0.751637	0.000087	1357204560.046584	0.999947	28.739009	15.409599	5.186935	1.000641	0.000094	1.010605	0.000060	0.999977	0.000099	1.026598	0.000021	1.000163	0.000104	1.001466	0.000007	0.999817	0.000404	1.000000	1.000000	
1357204561.046217	0.999998	21.286128	7.887481	4.068184	0.626320	0.012303	0.671784	0.000118	0.711639	0.000086	0.947004	0.000067	0.936627	0.000061	0.677130	0.000168	1.000420	0.000050	1.003332	0.000008	1357204561.046669	1.000085	28.728207	15.397707	4.712810	1.001751	0.000021	0.999986	0.000054	1.000023	0.000017	1.002365	0.000062	0.999762	0.000071	1.008544	0.000060	1.000254	0.000143	1.000000	1.000000	
1357204562.046218	1.000001	21.466563	8.068214	3.932339	0.657689	0.011171	0.806188	0.000095	0.650868	0.000010	1.022043	0.000008	0.656012	0.000010	0.803418	0.000177	1.001715	0.000008	0.909789	0.000061	1357204562.046466	0.999797	28.732835	15.398815	4.686681	0.999104	0.000055	0.999023	0.000007	0.999978	0.000054	0.999455	0.000007	0.999916	0.000083	0.998801	0.000006	1.001550	0.000349	1.000000	1.000000	
1357204563.046218	1.000000	21.009750	7.623260	4.131516	0.624031	0.012660	0.743665	0.000232	0.726480	0.000081	0.732337	0.000082	0.718373	0.000083	0.677237	0.000153	0.687957	0.000075	0.959056	0.000008	1357204563.046537	1.000071	28.729145	15.397252	4.809335	1.001180	0.000023	1.000083	0.000060	1.001826	0.000017	0.999963	0.000063	1.000025	0.000063	1.000148	0.000049	0.999972	0.000111	1.000000	1.000000	
1357204564.046219	1.000001	20.465160	7.067025	4.185253	0.612838	0.014125	0.594573	0.000135	1.000049	0.000008	0.795481	0.000010	1.002517	0.000008	0.670905	0.000221	1.000298	0.000008	0.847227	0.000058	1357204564.046636	1.000099	28.694671	15.380253	4.872870	1.000209	0.000078	0.999558	0.000007	0.999854	0.000071	0.999834	0.000007	1.000008	0.000097	0.998094	0.000006	0.998244	0.000311	1.000000	1.000000	
1357204565.046217	0.999998	20.709039	7.308669	4.436700	0.600507	0.012881	0.858039	0.000113	0.771292	0.000079	0.751375	0.000083	0.796241	0.000075	0.652572	0.000161	0.698086	0.000080	1.000098	0.000008	1357204565.046479	0.999843	28.750428	15.415890	5.057679	0.999065	0.000021	1.000000	0.000108	0.999886	0.000017	1.000000	0.000064	1.000053	0.000058	0.999659	0.000052	1.000034	0.000676	1.000000	1.000000	
1357204566.046220	1.000003	20.752545	7.351601	4.302492	0.618656	0.015397	0.713543	0.000120	0.997778	0.000008	0.997185	0.000008	0.946430	0.000008	0.683129	0.000213	0.662582	0.000012	0.908649	0.000058	1357204566.046636	1.000157	28.732180	15.398460	5.098518	1.000124	0.000059	0.999423	0.000025	0.999993	0.000052	0.999668	0.000007	0.999978	0.000090	1.003291	0.000007	1.004592	0.000122	1.000000	1.000000	
1357204567.046224	1.000004	21.098379	7.697936	4.268980	0.678397	0.018682	0.997788	0.003456	0.991003	0.002634	0.997739	0.002580	0.996689	0.002606	0.979926	0.002463	0.988642	0.002464	0.992992	0.002461	1357204567.046456	0.999820	28.843037	15.507079	5.060603	0.999990	0.002647	0.999996	0.002545	0.999999	0.002451	0.999740	0.002525	0.999998	0.002466	0.999979	0.002418	0.999998	0.004130	1.000000	1.000000	
1357204568.046223	0.999999	19.946430	6.546317	4.583577	0.603572	0.018122	0.758764	0.000158	1.068182	0.000007	1.007848	0.000008	0.978773	0.000008	0.666751	0.000214	0.983936	0.000008	1.044348	0.000041	1357204568.046465	1.000009	28.734847	15.402250	5.465298	0.999732	0.000049	1.001156	0.000007	1.000033	0.000059	1.000318	0.002041	0.999842	0.000090	1.003305	0.000007	0.999306	0.000086	1.000000	1.000000	
1357204569.046223	1.000000	19.975159	6.577698	4.309494	0.605556	0.016431	0.724772	0.000134	0.790395	0.000082	0.777129	0.000075	0.774415	0.000079	0.619596	0.000173	0.772846	0.000075	1.003607	0.000008	1357204569.046477	1.000012	28.725228	15.393859	5.212432	1.000475	0.000023	0.999976	0.000063	0.999433	0.000017	1.000069	0.000051	1.000338	0.000058	1.000089	0.000074	0.996346	0.000139	1.000000	1.000000	
1357204570.046217	0.999994	19.052512	5.677875	4.303386	0.558835	0.014886	0.687646	0.000121	0.901286	0.000009	1.027727	0.000008	0.641407	0.000012	0.679571	0.000211	1.002948	0.000008	0.989624	0.000054	1357204570.046635	1.000158	28.724051	15.397911	5.058466	0.998322	0.000057	0.999947	0.000044	0.999957	0.000054	1.000547	0.000007	0.999985	0.000100	0.998008	0.000006	1.001202	0.000414	1.000000	1.000000	
1357204571.046218	1.000001	19.824658	6.413782	4.236965	0.583179	0.014680	0.754792	0.000136	0.688197	0.000088	0.911866	0.000069	0.734655	0.000081	0.632800	0.000174	0.903356	0.000062	1.000493	0.000009	1357204571.046683	1.000048	28.719708	15.391062	5.092209	1.000298	0.000028	0.989922	0.000063	0.994193	0.000018	0.989949	0.000066	0.999973	0.000058	0.998636	0.000359	0.999548	0.000112	1.000000	1.000000	
1357204572.046224	1.000006	715797638.469154	715807038.661507	715761379.982772	0.999952	1.000972	0.999950	1.000980	0.999960	1.000976	0.999953	1.000980	0.999954	1.000984	0.999955	1.000976	0.999954	1.000985	0.999953	1.000979	1357204572.046324	0.999641	716069631.839695	716067646.545178	716083406.150757	0.999953	1.000975	0.999950	1.000978	3.895605	0.256941	0.999953	1.000978	0.999954	1.000986	0.999955	1.000977	0.999953	1.000984	0.999953	1.000979	
1357204573.046250	1.000026	0.000000	0.000000	0.000000	-nan	-nan	-nan	-nan	0.000000	inf	-nan	-nan	-nan	0.000000	-nan	-nan	-nan	-nan	-nan	-nan	1357204573.046342	1.000018	0.000000	0.000000	0.000000	-nan	-nan	-nan	-nan	0.000000	inf	-nan	-nan	-nan	-nan	-nan	-nan	-nan	-nan	-nan	-nan	
1357204574.046305	1.000055	0.000000	0.000000	0.000000	-nan	-nan	-nan	-nan	0.000000	inf	-nan	-nan	-nan	-nan	-nan	-nan	-nan	-nan	-nan	-nan	1357204574.046383	1.000041	0.000000	0.000000	0.000000	-nan	-nan	-nan	-nan	-nan	-nan	-nan	-nan	-nan	-nan	-nan	-nan	-nan	-nan	-nan	-nan	
