ts_0	elapsed_0	pkg_0	pp0_0	dram_0	freq_ratio_0_0	c0_ratio_0_0	freq_ratio_0_1	c0_ratio_0_1	freq_ratio_0_2	c0_ratio_0_2	freq_ratio_0_3	c0_ratio_0_3	freq_ratio_0_4	c0_ratio_0_4	freq_ratio_0_5	c0_ratio_0_5	freq_ratio_0_6	c0_ratio_0_6	freq_ratio_0_7	c0_ratio_0_7	ts_1	elapsed_1	pkg_1	pp0_1	dram_1	freq_ratio_1_0	c0_ratio_1_0	freq_ratio_1_1	c0_ratio_1_1	freq_ratio_1_2	c0_ratio_1_2	freq_ratio_1_3	c0_ratio_1_3	freq_ratio_1_4	c0_ratio_1_4	freq_ratio_1_5	c0_ratio_1_5	freq_ratio_1_6	c0_ratio_1_6	freq_ratio_1_7	c0_ratio_1_7	
1356714180.296684	1.001726	34.679815	21.234744	6.003768	1.153985	0.324621	1.153730	0.322863	1.154426	0.326502	1.154142	0.322898	1.154282	0.323369	1.154489	0.324151	1.154566	0.324556	1.154076	0.322545	1356714180.296912	1.000522	32.882390	19.701434	2.762383	0.999933	0.943311	0.855178	0.000058	1.004410	0.000112	1.003771	0.000124	0.824020	0.000108	1.013205	0.000032	0.816299	0.000106	0.999931	0.943688	
1356714181.296642	0.999958	32.780230	19.331790	6.051646	0.803540	0.004223	0.999933	0.837405	0.999990	0.837328	1.002790	0.000061	1.000241	0.000027	1.002247	0.000261	0.988294	0.000056	1.000198	0.000445	1356714181.296864	0.999952	32.840258	19.628458	3.372537	1.000000	0.837334	0.999793	0.000082	1.000000	0.000093	1.000130	0.000065	0.999773	0.000012	0.999768	0.000072	1.000966	0.000012	1.000000	1.000000	
1356714182.296642	1.000000	35.046890	21.596008	6.132187	0.999912	0.002497	1.000000	1.000000	1.000000	1.000000	0.999837	0.000268	1.000533	0.000084	1.000316	0.000061	1.003081	0.000247	1.001079	0.000610	1356714182.296861	0.999997	33.795332	20.586963	3.059732	1.000000	1.000000	1.000895	0.000011	0.999629	0.000095	0.999966	0.000320	1.000062	0.000088	1.000270	0.000049	0.999825	0.000095	1.000000	1.000000	
1356714183.296642	1.000000	34.615784	21.177017	6.108002	0.925646	0.002955	0.999983	0.969811	0.999992	0.969795	1.000067	0.000029	1.000000	0.000033	0.999155	0.000013	0.999318	0.000055	0.999994	0.000184	1356714183.296858	0.999997	33.651059	20.440569	3.124476	1.000000	0.969820	0.999962	0.000102	1.000403	0.000079	0.999848	0.000081	0.999018	0.000011	0.999900	0.000046	1.000831	0.000019	1.000000	1.000000	
1356714184.296642	1.000000	32.841812	19.390213	6.163071	0.716829	0.003851	0.999969	0.869967	0.999980	0.869898	0.733211	0.000066	0.992335	0.002368	0.949909	0.000335	1.000018	0.000021	0.901127	0.000185	1356714184.296858	1.000000	33.042877	19.833679	3.295914	1.000000	0.869928	0.999813	0.000025	0.999996	0.000097	1.000039	0.000070	0.998439	0.000083	0.988255	0.000012	0.996908	0.000062	1.000000	1.000000	
1356714185.296642	1.000000	34.992188	21.542236	6.132538	0.999867	0.002543	1.000000	1.000000	1.000000	1.000000	1.000122	0.000029	1.001165	0.000016	0.999806	0.000026	0.997195	0.000047	1.000154	0.000190	1356714185.296849	0.999991	33.773835	20.563938	3.051862	1.000000	1.000000	1.000025	0.000078	0.999967	0.000094	0.999861	0.000080	1.011742	0.000011	1.001609	0.000085	1.016602	0.000011	1.000000	1.000000	
1356714186.296642	1.000000	35.018219	21.569016	6.120209	1.000061	0.002471	1.000000	1.000000	1.000000	1.000000	0.989276	0.000050	0.987888	0.000055	0.991405	0.000065	1.012802	0.000013	0.996013	0.000168	1356714186.296861	1.000012	33.780023	20.585402	3.055353	1.000000	1.000000	1.000244	0.000011	0.999996	0.000093	1.000054	0.000086	1.000077	0.000065	0.999872	0.000012	0.999800	0.000065	1.000000	1.000000	
1356714187.296642	1.000000	35.019623	21.569763	6.132431	0.999790	0.002630	1.000000	1.000000	1.000000	1.000000	1.013367	0.000037	1.017163	0.000038	1.003188	0.000014	0.989695	0.000051	0.999938	0.000469	1356714187.296861	1.000000	33.814957	20.606720	3.046829	1.000000	1.000000	0.993423	0.000079	0.999996	0.000099	1.000019	0.000140	1.000420	0.000012	0.990478	0.000052	1.001023	0.000012	1.000000	1.000000	
1356714188.296656	1.000014	36.085491	22.633303	6.119024	0.934543	0.006003	0.999975	0.947330	0.999984	0.947315	0.999830	0.002800	0.999998	0.002792	0.999973	0.002657	0.999902	0.002931	0.993606	0.002801	1356714188.296817	0.999956	33.541351	20.330975	3.148088	1.000000	0.947335	1.000191	0.002689	0.999999	0.003344	0.999999	0.002850	0.999994	0.002701	1.000200	0.002633	0.999987	0.002718	1.000000	1.000000	
1356714189.296642	0.999986	32.069619	18.616824	6.064661	0.750475	0.004020	0.999960	0.769274	0.999978	0.769248	1.021090	0.000021	1.000037	0.000021	1.048531	0.000012	1.016898	0.000047	0.926032	0.000228	1356714189.296865	1.000048	32.449449	19.243630	3.392766	1.000000	0.769327	1.000219	0.000070	1.000016	0.000095	0.999803	0.000059	1.000033	0.000012	1.000080	0.000063	1.000000	0.000012	1.000000	1.000000	
1356714190.296642	1.000000	33.013046	19.562531	6.078384	0.798803	0.003390	0.999982	0.841369	1.000000	0.841328	1.000307	0.000044	1.000954	0.000050	0.999985	0.000050	0.995961	0.000013	0.901014	0.000159	1356714190.296870	1.000005	32.879581	19.672219	3.262130	1.000000	0.841333	0.998481	0.000011	1.000005	0.000084	1.000041	0.000095	1.000186	0.000058	0.995998	0.000011	0.999634	0.000058	1.000000	1.000000	
1356714191.296642	1.000000	34.988205	21.549149	6.095276	0.999904	0.002504	1.000000	1.000000	1.000000	1.000000	1.000308	0.000021	0.997258	0.000021	1.000242	0.000013	1.001449	0.000050	0.995971	0.000157	1356714191.296859	0.999989	33.747196	20.537640	3.012301	1.000000	1.000000	0.999942	0.000079	0.999966	0.000092	0.999851	0.000052	0.998946	0.000011	1.000643	0.000058	1.004074	0.000012	1.000000	1.000000	
1356714192.296642	1.000000	35.023865	21.571838	6.120026	0.999895	0.002242	1.000000	1.000000	1.000000	1.000000	0.999907	0.000074	1.000031	0.000050	1.000280	0.000091	0.997832	0.000013	1.001417	0.000447	1356714192.296872	1.000013	33.772903	20.562795	3.025458	1.000000	1.000000	1.000070	0.000011	0.999946	0.000093	0.999967	0.000128	1.000000	0.000064	0.999965	0.000011	0.999023	0.000054	1.000000	1.000000	
1356714193.296642	1.000000	34.350525	20.898560	6.132584	0.866345	0.003476	0.999978	0.957816	0.999986	0.957801	0.999785	0.000016	0.992678	0.000021	0.995217	0.000008	0.999063	0.000048	1.000186	0.000151	1356714193.296863	0.999991	33.573333	20.363222	3.139540	1.000000	0.957825	1.000213	0.000071	0.999992	0.000092	0.999965	0.000044	1.000321	0.000011	0.999371	0.000053	1.005374	0.000012	1.000000	1.000000	
1356714194.296643	1.000001	32.904677	19.452115	6.162119	0.714455	0.004414	1.000000	0.861507	1.000000	0.861480	0.980712	0.000052	0.993978	0.002112	0.938517	0.000066	0.996538	0.000013	0.999927	0.000152	1356714194.297085	1.000222	33.008359	19.801604	3.264992	0.999999	0.861186	0.985445	0.000012	0.997993	0.000095	1.000093	0.000075	0.997271	0.000066	0.985990	0.000011	0.995958	0.000053	1.000000	1.000000	
1356714195.296642	0.999999	34.969333	21.520208	6.108099	0.971022	0.002010	1.000000	0.993569	1.000000	0.993598	0.877354	0.000025	0.995507	0.000016	0.770592	0.000015	1.000727	0.000048	0.999866	0.000173	1356714195.296835	0.999750	33.756428	20.547574	2.935075	1.000001	0.993924	1.002023	0.000085	1.001511	0.000099	1.000013	0.000059	1.015603	0.000012	1.002343	0.000065	1.016923	0.000012	1.000000	1.000000	
1356714196.296668	1.000026	35.030309	21.580296	6.126397	0.999916	0.001753	1.000000	1.000000	1.000000	1.000000	1.003386	0.000047	0.998593	0.000049	0.998323	0.000079	0.997298	0.000013	0.995429	0.000154	1356714196.296856	1.000021	33.803261	20.613719	2.914673	1.000000	1.000000	0.999738	0.000051	1.000320	0.000091	0.999813	0.000103	0.999219	0.000065	0.999474	0.000011	0.999734	0.000067	1.000000	1.000000	
1356714197.296642	0.999974	34.561430	21.112853	6.120642	0.872356	0.002219	0.999971	0.974622	0.999982	0.974603	0.998941	0.000029	1.007321	0.000021	1.011167	0.000013	1.000614	0.000046	1.001536	0.000455	1356714197.296858	1.000002	33.639752	20.435874	3.045618	1.000000	0.974632	1.000022	0.000069	0.999975	0.000092	1.000075	0.000129	1.004619	0.000011	0.999982	0.000063	1.000000	0.000011	1.000000	1.000000	
1356714198.296642	1.000000	32.964142	19.513336	6.169601	0.688597	0.004733	1.000000	0.865315	1.000000	0.865315	0.990101	0.000046	0.986867	0.000061	0.989422	0.000052	1.002172	0.000013	0.908255	0.000167	1356714198.296871	1.000013	33.023859	19.812255	3.305316	1.000000	0.865315	0.999337	0.000011	0.999975	0.000094	1.000106	0.000094	0.999787	0.000065	1.000454	0.000011	0.999964	0.000065	1.000000	1.000000	
1356714199.296642	1.000000	34.937943	21.500366	6.095581	0.999915	0.002804	1.000001	1.000000	1.000000	1.000000	1.012839	0.000037	1.021757	0.000037	0.999779	0.000014	0.989825	0.000047	0.996031	0.000163	1356714199.296865	0.999994	33.726413	20.512589	3.061725	1.000000	1.000000	0.993657	0.000081	0.999970	0.000090	0.999685	0.000059	1.000283	0.000011	0.992783	0.000066	1.000709	0.000012	1.000000	1.000000	
1356714200.296642	1.000000	34.848816	21.398331	6.113785	0.976916	0.002608	0.999978	0.992742	0.999989	0.992721	0.999351	0.000046	1.000164	0.000052	1.008666	0.000062	1.021331	0.000022	1.003803	0.000167	1356714200.296873	1.000008	33.754945	20.538698	3.070562	1.000000	0.992754	1.015135	0.000034	0.999990	0.000113	1.000016	0.000118	1.000097	0.000083	1.017454	0.000027	0.999287	0.000075	1.000000	1.000000	
1356714201.296642	1.000000	715775989.028275	715781817.472488	715783749.030609	0.999939	1.000822	0.999937	1.000827	0.999946	1.000820	0.999939	1.000824	0.999939	1.000826	0.999942	1.000820	0.999939	1.000825	0.999940	1.000824	1356714201.296733	0.999860	715872670.467384	715873280.352466	715877537.643045	0.999939	1.000824	0.999936	1.000824	3.896531	0.256836	0.999939	1.000823	0.999939	1.000826	0.999942	1.000822	0.999939	1.000825	0.999940	1.000824	
1356714202.296641	0.999999	0.000000	0.000000	0.000000	-nan	-nan	-nan	-nan	0.000000	inf	-nan	-nan	-nan	0.000000	0.000000	inf	-nan	-nan	-nan	-nan	1356714202.296725	0.999992	0.000000	0.000000	0.000000	-nan	-nan	-nan	-nan	0.000000	inf	-nan	-nan	-nan	-nan	-nan	-nan	-nan	-nan	-nan	-nan	
