ts_0	elapsed_0	pkg_0	pp0_0	dram_0	freq_ratio_0_0	c0_ratio_0_0	freq_ratio_0_1	c0_ratio_0_1	freq_ratio_0_2	c0_ratio_0_2	freq_ratio_0_3	c0_ratio_0_3	freq_ratio_0_4	c0_ratio_0_4	freq_ratio_0_5	c0_ratio_0_5	freq_ratio_0_6	c0_ratio_0_6	freq_ratio_0_7	c0_ratio_0_7	ts_1	elapsed_1	pkg_1	pp0_1	dram_1	freq_ratio_1_0	c0_ratio_1_0	freq_ratio_1_1	c0_ratio_1_1	freq_ratio_1_2	c0_ratio_1_2	freq_ratio_1_3	c0_ratio_1_3	freq_ratio_1_4	c0_ratio_1_4	freq_ratio_1_5	c0_ratio_1_5	freq_ratio_1_6	c0_ratio_1_6	freq_ratio_1_7	c0_ratio_1_7	
1353355014.959159	1.001874	47.685678	34.458619	5.622398	1.158061	0.403959	1.154254	0.379848	1.154947	0.388973	1.157270	0.397768	1.155772	0.389532	1.156949	0.395291	1.156535	0.393339	1.156145	0.391053	1353355014.959327	1.000505	39.825287	26.568401	5.272118	0.999969	0.876609	1.000001	0.876319	0.995932	0.000032	0.999783	0.119331	0.998824	0.000068	0.999354	0.000079	0.998343	0.000032	0.999944	0.877343	
1353355015.959033	0.999874	50.744685	37.465333	6.010705	0.944125	0.991989	0.944102	0.992934	0.944085	0.992967	0.944142	0.991863	0.944139	0.991884	0.933977	0.008190	0.933297	0.000530	0.946632	0.002926	1353355015.959192	0.999865	42.101491	28.847444	6.054040	1.000000	0.996660	1.000000	0.996024	0.999161	0.000086	1.000078	0.000060	0.998264	0.000015	0.999978	0.000088	0.999075	0.000070	1.000000	1.000000	
1353355016.959031	0.999998	50.770040	37.486522	5.999355	0.942773	0.996128	0.942781	0.996467	0.942781	0.996465	0.942776	0.996073	0.942771	0.996070	0.934709	0.008184	0.946216	0.000455	0.943447	0.000581	1353355016.959189	0.999997	42.177865	28.922789	6.062488	1.000000	1.000000	1.000000	0.999615	1.001762	0.000042	0.999087	0.000012	1.000686	0.000093	1.000268	0.000122	1.003313	0.000015	1.000000	1.000000	
1353355017.959032	1.000001	50.695508	37.422190	5.996347	0.946729	0.991730	0.946759	0.991654	0.946752	0.991666	0.946796	0.991523	0.946790	0.991535	0.936990	0.007909	0.941673	0.000509	0.942498	0.000656	1353355017.959191	1.000002	42.068142	28.811148	6.049885	1.000000	0.995041	1.000000	0.994962	0.995420	0.000095	1.000012	0.000099	1.003213	0.000012	0.999328	0.000100	0.999819	0.000068	1.000000	1.000000	
1353355018.959032	1.000000	50.756439	37.461411	6.002365	0.943558	0.993664	0.943575	0.994027	0.943575	0.994023	0.943581	0.993551	0.943581	0.993500	0.936234	0.008511	0.930807	0.000470	0.929059	0.000597	1353355018.959200	1.000009	42.147888	28.901807	6.051230	1.000000	0.997564	1.000000	0.997579	0.999226	0.000045	0.984517	0.000014	0.999308	0.000058	1.000723	0.000054	1.001331	0.000015	1.000000	1.000000	
1353355019.959032	1.000000	50.745667	37.447800	5.981232	0.943667	0.994092	0.943668	0.994083	0.943669	0.994080	0.943668	0.994002	0.943668	0.993996	0.934686	0.007863	0.943553	0.000547	0.937160	0.000615	1353355019.959189	0.999989	42.191701	28.932156	6.043920	1.000000	0.997431	1.000000	0.997393	1.001132	0.000099	1.002893	0.000073	0.999673	0.000014	0.999857	0.000081	0.999055	0.000067	1.000000	1.000000	
1353355020.959031	0.999999	50.766101	37.469533	6.002157	0.942137	0.996241	0.942135	0.996486	0.942135	0.996485	0.942141	0.996208	0.942136	0.996206	0.935250	0.008374	0.946302	0.000510	0.945334	0.000577	1353355020.959192	1.000003	42.233023	28.972948	6.055111	1.000000	1.000000	1.000000	0.999759	1.000261	0.000044	0.993940	0.000013	1.000103	0.000056	1.000322	0.000057	1.004023	0.000015	1.000000	1.000000	
1353355021.959030	0.999999	715808519.536705	715817744.006668	715770333.990278	0.999953	1.000443	0.999954	1.000464	0.999955	1.000462	0.999953	1.000448	0.999955	1.000457	0.999956	1.000447	0.999954	1.000454	0.999955	1.000453	1353355021.959135	0.999943	715824990.751111	715829947.362681	715824294.978127	0.999954	1.000450	0.999952	1.000457	3.895415	0.256819	0.999954	1.000449	0.999956	1.000460	0.999957	1.000449	0.999955	1.000458	0.999955	1.000455	
1353355022.959027	0.999997	0.000000	0.000000	0.000000	-nan	-nan	-nan	-nan	0.000000	inf	-nan	-nan	-nan	0.000000	-nan	-nan	-nan	-nan	-nan	-nan	1353355022.959109	0.999974	0.000000	0.000000	0.000000	-nan	-nan	-nan	-nan	0.000000	inf	-nan	-nan	-nan	-nan	-nan	-nan	-nan	-nan	-nan	-nan	
