ts_0	elapsed_0	pkg_0	pp0_0	dram_0	freq_ratio_0_0	c0_ratio_0_0	freq_ratio_0_1	c0_ratio_0_1	freq_ratio_0_2	c0_ratio_0_2	freq_ratio_0_3	c0_ratio_0_3	freq_ratio_0_4	c0_ratio_0_4	freq_ratio_0_5	c0_ratio_0_5	freq_ratio_0_6	c0_ratio_0_6	freq_ratio_0_7	c0_ratio_0_7	ts_1	elapsed_1	pkg_1	pp0_1	dram_1	freq_ratio_1_0	c0_ratio_1_0	freq_ratio_1_1	c0_ratio_1_1	freq_ratio_1_2	c0_ratio_1_2	freq_ratio_1_3	c0_ratio_1_3	freq_ratio_1_4	c0_ratio_1_4	freq_ratio_1_5	c0_ratio_1_5	freq_ratio_1_6	c0_ratio_1_6	freq_ratio_1_7	c0_ratio_1_7	
1354698685.216706	1.001904	47.188869	33.847160	4.897429	1.156041	0.332030	1.153983	0.325590	1.154898	0.325681	1.156674	0.332160	1.154344	0.321396	1.157291	0.333009	1.154411	0.320158	1.157064	0.332024	1354698685.216880	1.000430	45.767806	32.447546	1.613503	0.999902	0.983740	0.999984	0.983410	1.001130	0.000082	1.003875	0.000031	1.003812	0.000075	0.710380	0.000063	1.000001	0.848222	0.999876	0.984345	
1354698686.216702	0.999996	47.481851	34.120317	4.954701	1.000000	1.000000	1.000000	1.000000	1.000000	1.000000	1.000000	1.000000	1.000028	0.000398	1.003651	0.000080	1.002406	0.000113	1.000037	0.000600	1354698686.216870	0.999990	46.935544	33.620133	1.593446	1.000000	1.000000	1.000000	1.000000	1.001798	0.000099	1.002692	0.000064	1.000008	0.000093	1.001577	0.000079	1.000000	1.000000	1.000000	1.000000	
1354698687.216701	0.999999	47.843689	34.475390	4.949712	1.000000	1.000000	1.000000	1.000000	1.000000	1.000000	1.000000	1.000000	1.000729	0.000294	0.999040	0.000013	0.997023	0.000036	1.001437	0.000164	1354698687.216863	0.999993	47.063878	33.758610	1.592540	1.000000	1.000000	1.000000	1.000000	1.001549	0.000011	0.999607	0.000012	0.999909	0.000051	1.001434	0.000011	1.000000	1.000000	1.000000	1.000000	
1354698688.216701	1.000000	47.757660	34.391769	4.949707	1.000000	1.000000	1.000000	1.000000	1.000000	1.000000	1.000000	1.000000	0.999433	0.000385	0.995736	0.000048	0.998302	0.000067	0.999854	0.000209	1354698688.216867	1.000004	47.010124	33.720368	1.589364	1.000000	1.000000	1.000000	1.000000	0.999431	0.000066	1.000048	0.000064	1.000049	0.000141	0.999384	0.000051	1.000000	1.000000	1.000000	1.000000	
1354698689.216701	1.000000	49.744797	36.392654	4.958694	1.000000	1.000000	1.000000	1.000000	1.000000	1.000000	1.000000	1.000001	0.999990	0.003241	0.999835	0.002875	1.000006	0.002962	0.999919	0.003246	1354698689.216851	0.999984	52.665056	39.392673	1.584376	1.000000	1.000000	1.000000	1.000000	0.999850	0.002799	0.999809	0.002738	0.999998	0.003588	0.999812	0.002750	1.000000	1.000000	1.000000	1.000000	
1354698690.216703	1.000002	47.691971	34.334163	4.964666	1.000000	1.000000	1.000000	0.990730	1.000000	1.000000	1.000000	0.990726	1.000016	0.000368	1.013294	0.000051	1.003057	0.000069	1.000187	0.000186	1354698690.216878	1.000027	47.031402	33.748191	1.587222	1.000000	1.000000	1.000000	1.000000	1.005520	0.000074	1.007925	0.000065	1.000051	0.000097	1.008246	0.000064	1.000000	0.990727	1.000000	0.994496	
1354698691.216701	0.999998	47.814804	34.463612	4.949732	1.000000	1.000000	0.999999	1.000000	1.000000	1.000000	1.000000	1.000000	1.000015	0.000313	0.990432	0.000021	0.993207	0.000035	1.000003	0.000476	1354698691.216877	0.999999	47.148742	33.865572	1.590883	1.000000	1.000000	1.000000	1.000000	1.001618	0.000019	0.999752	0.000019	0.999382	0.000054	1.000981	0.000019	1.000000	1.000000	1.000000	1.000000	
1354698692.216701	1.000000	47.732040	34.382782	4.934738	1.000000	1.000000	1.000001	1.000000	1.000000	1.000000	1.000000	1.000000	0.999971	0.000362	1.004161	0.000047	1.000178	0.000067	0.999958	0.000176	1354698692.216865	0.999988	47.083294	33.800177	1.586231	1.000000	1.000000	1.000000	1.000000	0.999964	0.000064	0.999994	0.000069	1.000356	0.000089	1.000029	0.000053	1.000000	1.000000	1.000000	1.000000	
1354698693.216701	1.000000	47.725372	34.376541	4.949707	1.000000	0.999999	1.000000	1.000000	1.000000	1.000000	1.000000	1.000000	0.999254	0.000313	0.969958	0.000014	0.994044	0.000036	0.998857	0.000187	1354698693.216867	1.000002	47.158800	33.875454	1.590833	1.000000	1.000000	1.000000	1.000000	1.000300	0.000018	1.000663	0.000019	0.999481	0.000082	0.999914	0.000018	1.000000	1.000000	1.000000	1.000000	
1354698694.216701	1.000000	47.663589	34.314087	4.944717	1.000000	1.000000	1.000000	1.000000	1.000000	1.000000	1.000000	1.000000	1.000947	0.000372	0.997830	0.000057	1.002928	0.000069	1.001075	0.000189	1354698694.216871	1.000004	47.045876	33.762070	1.594201	1.000000	1.000000	1.000000	1.000000	0.999152	0.000056	0.989315	0.000064	1.000440	0.000098	0.999632	0.000054	1.000000	1.000000	1.000000	1.000000	
1354698695.216701	1.000000	47.874680	34.517899	4.929749	1.000000	1.000000	1.000000	1.000000	1.000000	1.000000	1.000000	1.000000	0.999801	0.000584	1.009043	0.000036	1.000255	0.000050	0.999744	0.002150	1354698695.216865	0.999994	47.173575	33.890171	1.582788	1.000000	1.000000	1.000000	1.000000	0.738973	0.000026	1.002682	0.000249	0.996595	0.000048	0.992323	0.000018	1.000000	1.000000	1.000000	1.000000	
1354698696.216701	1.000000	47.827423	34.473206	4.939697	1.000000	1.000000	1.000000	1.000000	1.000000	1.000000	1.000000	1.000000	0.999959	0.000367	1.004038	0.000047	0.999808	0.000066	1.000727	0.000740	1354698696.216870	1.000005	47.129784	33.846373	1.591041	1.000000	1.000000	1.000000	1.000000	1.063494	0.000106	0.999638	0.000083	1.001273	0.000116	1.001748	0.000087	1.000000	1.000000	1.000000	1.000000	
1354698697.216701	1.000000	47.808289	34.454239	4.959610	1.000000	1.000000	1.000000	1.000000	1.000000	1.000000	1.000000	1.000000	0.999993	0.000290	0.986912	0.000021	0.995358	0.000041	0.999507	0.000446	1354698697.216871	1.000001	47.196198	33.912672	1.592848	1.000000	1.000000	1.000000	1.000000	1.002743	0.000011	1.002316	0.000012	0.999587	0.000040	1.000566	0.000011	1.000000	1.000000	1.000000	1.000000	
1354698698.216701	1.000000	47.629532	34.274292	4.949707	1.000000	0.970076	1.000000	1.000000	0.999999	1.000000	1.000000	1.000000	1.000576	0.000384	1.005991	0.000049	1.003007	0.000068	1.001166	0.000210	1354698698.216868	0.999997	47.116174	33.831861	1.589513	1.000000	1.000000	1.000000	1.000000	0.999980	0.000075	1.000022	0.000052	1.000290	0.000130	0.999290	0.000055	1.000000	1.000000	1.000000	1.000000	
1354698699.216701	1.000000	47.638153	34.289474	4.959686	1.000000	1.000000	1.000000	1.000000	1.000000	1.000000	1.000000	1.000000	0.999319	0.000309	0.981449	0.000013	0.999582	0.000035	1.001212	0.000177	1354698699.216871	1.000003	46.968818	33.698977	1.586314	1.000000	1.000000	1.000000	1.000000	1.000069	0.000011	0.999673	0.000012	0.999152	0.000047	1.000592	0.000011	1.000000	1.000000	1.000000	1.000000	
1354698700.216701	1.000000	47.694489	34.348053	4.939728	1.000000	1.000000	1.000001	1.000000	1.000001	1.000000	1.000000	1.000000	0.999943	0.000357	1.001143	0.000047	1.003231	0.000067	0.999864	0.000196	1354698700.216869	0.999998	47.196013	33.912586	1.589496	1.000000	1.000000	1.000000	1.000000	0.999983	0.000069	1.000006	0.000069	1.000189	0.000136	1.000659	0.000051	1.000000	1.000000	1.000000	1.000000	
1354698701.216701	1.000000	47.703766	34.349289	4.959686	1.000000	1.000000	1.000000	1.000000	1.000000	1.000000	1.000000	1.000000	1.000028	0.000308	0.999026	0.000013	0.994354	0.000036	0.999980	0.000461	1354698701.216870	1.000001	47.103898	33.820402	1.589354	1.000000	1.000000	1.000000	1.000000	0.999959	0.000019	1.000041	0.000019	0.999644	0.000055	1.000000	0.000019	1.000000	1.000000	1.000000	1.000000	
1354698702.216701	1.000000	47.850876	34.501526	4.939728	1.000000	1.000000	1.000000	1.000000	1.000000	1.000000	1.000000	1.000000	1.000549	0.000362	1.004462	0.000050	1.000181	0.000068	0.999121	0.000209	1354698702.216869	0.999999	47.221832	33.939012	1.592592	1.000000	1.000000	1.000000	1.000000	1.000204	0.000060	0.999981	0.000061	1.000203	0.000089	0.999400	0.000060	1.000000	1.000000	1.000000	1.000000	
1354698703.216701	1.000000	47.695328	34.340118	4.959686	1.000000	1.000000	1.000000	0.970076	1.000000	1.000000	1.000000	1.000000	0.999416	0.000331	0.989503	0.000021	0.999155	0.000036	0.999743	0.000186	1354698703.216870	1.000001	46.957963	33.674406	1.587782	1.000000	1.000000	1.000000	1.000000	0.998627	0.000012	0.999934	0.000012	1.000013	0.000151	1.002827	0.000011	1.000000	0.970055	1.000000	1.000000	
1354698704.216701	1.000000	47.813293	34.463257	4.954697	1.000000	1.000000	1.000000	1.000000	1.000000	1.000000	1.000000	1.000000	0.999969	0.000346	1.002344	0.000088	1.003152	0.000066	0.999998	0.000177	1354698704.216883	1.000013	47.193870	33.909895	1.589289	1.000000	1.000000	1.000000	1.000000	0.999980	0.000076	1.000199	0.000075	1.000009	0.000088	1.000024	0.000065	1.000000	1.000000	1.000000	1.000000	
1354698705.216701	1.000000	47.697891	34.352386	4.939728	1.000000	1.000000	1.000000	1.000000	1.000000	1.000000	1.000000	1.000000	0.999980	0.000308	0.979517	0.000009	0.994729	0.000035	1.000017	0.002103	1354698705.216874	0.999991	47.160400	33.876589	1.592605	1.000000	1.000000	1.000000	1.000000	0.736789	0.000026	0.999750	0.000059	0.996660	0.000047	0.987194	0.000011	1.000000	1.000000	1.000000	1.000000	
1354698706.216701	1.000000	47.737198	34.390900	4.944717	1.000000	1.000000	1.000000	1.000000	1.000001	1.000000	1.000000	1.000000	1.000316	0.000377	0.988306	0.000047	1.002811	0.000067	1.000375	0.000489	1354698706.216872	0.999998	47.207167	33.923298	1.594302	1.000000	1.000000	1.000000	1.000000	1.088653	0.000076	0.999741	0.000079	1.001306	0.000112	1.001636	0.000059	1.000000	1.000000	1.000000	1.000000	
1354698707.216701	1.000000	47.640991	34.300766	4.954697	1.000000	1.000000	1.000000	1.000000	1.000000	1.000000	1.000000	1.000000	0.999636	0.000330	1.018825	0.000028	0.995525	0.000050	0.995924	0.000192	1354698707.216872	1.000000	47.116547	33.845779	1.591064	1.000000	1.000000	1.000000	1.000000	1.000352	0.000012	1.001596	0.000011	1.000221	0.000047	1.002404	0.000018	1.000000	1.000000	1.000000	1.000000	
1354698708.216701	1.000000	47.813965	34.465530	4.954697	1.000000	1.000000	1.000000	1.000000	1.000000	1.000000	1.000000	1.000000	1.000508	0.000367	1.004613	0.000046	1.000356	0.000066	1.002627	0.000219	1354698708.216870	0.999998	47.237013	33.953098	1.587756	1.000000	1.000000	1.000000	1.000000	1.000251	0.000117	1.000127	0.000100	1.000046	0.000161	0.999572	0.000078	1.000000	1.000000	1.000000	1.000000	
1354698709.216701	1.000000	47.586960	34.248947	4.934738	1.000000	1.000000	1.000000	1.000000	1.000000	1.000000	1.000000	1.000000	0.999262	0.000308	0.989530	0.000021	0.999807	0.000036	0.999900	0.000162	1354698709.216871	1.000001	47.184251	33.900938	1.592863	1.000000	1.000000	1.000000	1.000000	0.997113	0.000012	0.998774	0.000011	0.999962	0.000041	1.002933	0.000011	1.000000	1.000000	1.000000	1.000000	
1354698710.216701	1.000000	47.598022	34.259338	4.939728	1.000000	1.000000	1.000000	1.000000	1.000000	1.000000	1.000000	1.000000	0.999995	0.000360	1.004186	0.000048	1.003085	0.000067	0.999870	0.000181	1354698710.216869	0.999998	47.200621	33.916782	1.591235	1.000000	1.000000	1.000000	1.000000	1.000143	0.000070	1.000121	0.000067	1.000022	0.000089	0.999446	0.000059	1.000000	1.000000	1.000000	1.000000	
1354698711.216701	1.000000	47.485107	34.146881	4.949707	1.000000	0.985072	1.000000	1.000000	1.000000	1.000000	1.000000	1.000000	0.999750	0.000307	0.985188	0.000014	0.993934	0.000035	1.000034	0.000471	1354698711.216871	1.000002	47.127535	33.843685	1.592511	1.000000	1.000000	1.000000	1.000000	1.000041	0.000019	0.999525	0.000019	0.998976	0.000053	1.001696	0.000018	1.000000	0.985080	1.000000	1.000000	
1354698712.216701	1.000000	47.489349	34.165115	4.929733	1.000000	1.000000	1.000000	1.000000	1.000000	1.000000	1.000000	1.000000	1.000188	0.000988	0.998942	0.000047	1.000114	0.000068	1.001070	0.000185	1354698712.216868	0.999997	47.157190	33.873213	1.590978	1.000000	1.000000	1.000000	1.000000	1.000031	0.000075	1.000033	0.000059	1.000640	0.000087	0.999214	0.000051	1.000000	1.000000	1.000000	1.000000	
1354698713.216701	1.000000	47.607086	34.268616	4.954681	1.000000	1.000000	0.999999	1.000000	1.000000	1.000000	1.000000	1.000000	0.999490	0.000472	1.000277	0.000176	0.999965	0.000132	0.999141	0.000259	1354698713.216870	1.000002	47.206117	33.922207	1.586026	1.000000	1.000000	1.000000	1.000000	0.999933	0.000063	0.999992	0.000051	1.000049	0.000182	1.001347	0.000030	1.000000	1.000000	1.000000	1.000000	
1354698714.216701	1.000000	47.645737	34.306229	4.948700	1.000000	1.000000	1.000001	1.000000	1.000000	1.000000	1.000000	1.000000	1.000066	0.003220	1.000068	0.002896	0.999999	0.002944	1.000065	0.003154	1354698714.216872	1.000002	47.318391	34.033901	1.592328	1.000000	1.000000	1.000000	1.000000	0.999999	0.002799	0.999997	0.002755	0.999994	0.003725	1.000000	0.002741	1.000000	1.000000	1.000000	1.000000	
1354698715.216701	1.000000	47.733200	34.390839	4.924759	1.000000	1.000000	1.000000	1.000000	1.000000	1.000000	1.000000	1.000000	1.000011	0.000307	0.996664	0.000054	1.001169	0.000014	1.000016	0.002101	1354698715.216868	0.999996	47.158394	33.922867	1.591162	1.000000	1.000000	1.000000	1.000000	0.737346	0.000026	0.996870	0.000050	0.997317	0.000046	0.988982	0.000012	1.000000	1.000000	1.000000	1.000000	
1354698716.216701	1.000000	47.626099	34.287140	4.959686	1.000000	1.000000	1.000000	1.000000	1.000000	1.000000	1.000000	1.000000	0.999954	0.000376	0.999045	0.000061	1.004137	0.000049	0.999916	0.000476	1354698716.216867	0.999999	47.157622	33.839296	1.587740	1.000000	1.000000	1.000000	1.000000	1.087840	0.000077	1.002505	0.000062	1.001354	0.000100	1.001680	0.000062	1.000000	1.000000	1.000000	1.000000	
1354698717.216701	1.000000	47.679947	34.342819	4.949707	1.000000	1.000000	1.000000	1.000000	1.000000	1.000000	0.999999	1.000000	0.999363	0.000287	1.006150	0.000039	0.983731	0.000014	0.998633	0.000164	1354698717.216869	1.000002	47.243440	33.959866	1.591122	1.000000	1.000000	1.000000	1.000000	0.998616	0.000011	0.999835	0.000012	0.999836	0.000047	1.002159	0.000011	1.000000	1.000000	1.000000	1.000000	
1354698718.216701	1.000000	47.478470	34.140549	4.959686	1.000000	1.000000	1.000000	0.978666	1.000000	1.000000	1.000000	1.000000	1.000555	0.000378	1.000149	0.000065	0.993324	0.000048	1.000150	0.000208	1354698718.216869	1.000000	47.176514	33.893005	1.584885	1.000000	1.000000	1.000000	1.000000	1.000437	0.000070	0.999981	0.000061	1.000062	0.000113	0.999542	0.000054	1.000000	1.000000	1.000000	1.000000	
1354698719.216701	1.000000	47.613235	34.275970	4.959686	1.000000	1.000000	1.000000	1.000000	1.000000	1.000000	1.000000	1.000000	0.999334	0.000371	0.996273	0.000058	1.010887	0.000028	0.996489	0.000163	1354698719.216868	0.999999	47.218703	33.934389	1.594225	1.000000	1.000000	1.000000	1.000000	0.996674	0.000012	0.999928	0.000011	0.999859	0.000055	1.001386	0.000018	1.000000	1.000000	1.000000	1.000000	
1354698720.216701	1.000000	47.625900	34.286453	4.964615	1.000000	1.000000	1.000000	1.000000	1.000000	1.000000	1.000000	1.000000	1.000605	0.000343	1.000050	0.000062	1.004530	0.000049	1.003326	0.000204	1354698720.216873	1.000005	47.180062	33.896742	1.590767	1.000000	1.000000	1.000000	1.000000	1.000084	0.000110	1.000000	0.000107	0.999947	0.000132	1.000179	0.000093	1.000000	1.000000	1.000000	1.000000	
1354698721.216701	1.000000	47.623535	34.297836	4.954697	1.000000	1.000000	1.000000	1.000000	1.000000	1.000000	1.000000	1.000000	1.000058	0.000325	0.999932	0.000051	0.983500	0.000013	0.999697	0.000470	1354698721.216870	0.999997	47.217172	33.933775	1.589391	1.000000	1.000000	1.000000	1.000000	1.001497	0.000019	0.999935	0.000018	0.999653	0.000054	0.999575	0.000055	1.000000	1.000000	1.000000	1.000000	
1354698722.216707	1.000006	715811885.325444	715759604.342339	715796881.165364	0.999952	1.000623	0.999951	1.000632	0.999953	1.000637	0.999951	1.000623	0.999954	1.000636	0.999954	1.000620	0.999954	1.000637	0.999951	1.000623	1354698722.216802	0.999932	715814022.763124	715862410.004968	715850677.635313	0.999952	1.000626	0.999950	1.000630	3.895531	0.256857	0.999951	1.000623	0.999953	1.000635	0.999955	1.000623	0.999951	1.000626	0.999954	1.000634	
1354698723.216859	1.000152	0.000000	0.000000	0.000000	-nan	-nan	-nan	-nan	1.000008	inf	-nan	-nan	-nan	0.000000	-nan	-nan	-nan	-nan	-nan	-nan	1354698723.216940	1.000138	0.000000	0.000000	0.000000	-nan	-nan	-nan	-nan	1.345745	inf	-nan	-nan	-nan	-nan	-nan	-nan	-nan	-nan	-nan	-nan	
