ts_0	elapsed_0	pkg_0	pp0_0	dram_0	freq_ratio_0_0	c0_ratio_0_0	freq_ratio_0_1	c0_ratio_0_1	freq_ratio_0_2	c0_ratio_0_2	freq_ratio_0_3	c0_ratio_0_3	freq_ratio_0_4	c0_ratio_0_4	freq_ratio_0_5	c0_ratio_0_5	freq_ratio_0_6	c0_ratio_0_6	freq_ratio_0_7	c0_ratio_0_7	ts_1	elapsed_1	pkg_1	pp0_1	dram_1	freq_ratio_1_0	c0_ratio_1_0	freq_ratio_1_1	c0_ratio_1_1	freq_ratio_1_2	c0_ratio_1_2	freq_ratio_1_3	c0_ratio_1_3	freq_ratio_1_4	c0_ratio_1_4	freq_ratio_1_5	c0_ratio_1_5	freq_ratio_1_6	c0_ratio_1_6	freq_ratio_1_7	c0_ratio_1_7	
1354695623.079468	1.001588	70.860976	57.514557	4.876655	1.156166	0.331870	1.154096	0.325465	1.155034	0.325519	1.156751	0.332142	1.154406	0.321413	1.157334	0.333079	1.154455	0.320225	1.157098	0.332116	1354695623.079546	1.000337	56.469486	43.160219	1.615834	0.999952	0.958398	0.999956	0.957782	0.999980	0.957323	1.000001	0.832939	0.999976	0.760943	1.001782	0.000047	0.657951	0.000049	0.999812	0.959459	
1354695624.079464	0.999996	71.833604	58.464074	4.948415	1.000000	1.000000	1.000002	1.000000	0.999998	1.000000	1.000000	1.000000	1.000000	1.000000	1.000000	1.000000	1.000000	1.000000	1.000000	1.000000	1354695624.079534	0.999988	59.275533	45.978224	1.669392	1.000000	1.000000	1.000000	1.000000	1.000000	1.000000	1.000000	1.000000	1.000000	1.000000	1.000625	0.000239	1.001591	0.000097	1.000000	1.000000	
1354695625.079463	0.999999	72.710549	59.380931	4.933507	0.999999	1.000000	1.000000	1.000000	1.000000	1.000000	0.999999	1.000000	1.000000	1.000000	1.000001	1.000000	1.000000	1.000000	1.000000	1.000000	1354695625.079535	1.000001	59.786686	46.500520	1.609801	1.000000	1.000000	1.000000	1.000000	1.000000	1.000000	1.000000	1.000000	1.000000	1.000000	0.999567	0.000122	0.998719	0.000019	1.000000	1.000000	
1354695626.079463	1.000000	73.008102	59.655609	4.958420	1.000000	1.000000	1.000000	1.000000	1.000000	1.000000	1.000001	1.000001	1.000000	1.000000	1.000000	1.000000	1.000000	1.000000	1.000001	1.000000	1354695626.079530	0.999995	59.883097	46.595997	1.636056	1.000000	1.000000	1.000000	1.000000	1.000000	1.000000	1.000000	1.000000	1.000000	1.000000	1.000040	0.000135	1.000385	0.000060	1.000000	1.000000	
1354695627.079464	1.000001	73.075141	59.709599	4.943461	1.000000	1.000000	1.000000	1.000000	1.000000	1.000000	1.000000	1.000000	1.000000	1.000000	1.000000	1.000000	1.000000	1.000000	0.999999	1.000000	1354695627.079533	1.000003	59.921140	46.633873	1.601954	1.000000	1.000000	1.000000	1.000000	1.000000	1.000000	1.000000	1.000000	1.000000	1.000000	1.000018	0.000106	1.002964	0.000012	1.000000	1.000000	
1354695628.079463	0.999999	73.139794	59.767910	4.953420	1.000000	1.000000	1.000000	1.000000	1.000000	1.000000	1.000000	1.000000	1.000000	1.000000	1.000000	1.000000	1.000000	1.000000	1.000000	1.000000	1354695628.079532	0.999999	59.915295	46.626113	1.615038	1.000000	1.000000	1.000000	1.000000	1.000000	1.000000	1.000000	1.000000	1.000000	1.000000	0.999856	0.000155	0.999599	0.000060	1.000000	1.000000	
1354695629.079463	1.000000	73.210449	59.830795	4.943542	1.000000	1.000000	1.000000	1.000000	0.999999	1.000000	0.999999	1.000000	1.000000	1.000000	1.000000	1.000000	1.000000	1.000000	1.000000	1.000000	1354695629.079535	1.000003	59.879209	46.602929	1.610225	1.000000	1.000000	1.000000	1.000000	1.000000	1.000000	1.000000	1.000000	1.000000	1.000000	1.000460	0.000104	0.999647	0.000012	1.000000	1.000000	
1354695630.079463	1.000000	73.258972	59.877579	4.938492	1.000000	1.000000	1.000000	1.000000	1.000000	1.000000	1.000000	1.000000	1.000000	1.000000	1.000001	1.000000	1.000001	1.000000	1.000000	1.000000	1354695630.079531	0.999996	59.969695	46.677969	1.617438	1.000000	1.000000	1.000000	1.000000	1.000000	1.000000	1.000000	1.000000	1.000000	1.000000	0.999992	0.000144	0.999627	0.000066	1.000000	1.000000	
1354695631.079464	1.000001	72.662971	59.277592	4.958598	1.000000	0.983828	1.000000	0.983476	1.000000	0.983461	1.000001	0.983462	1.000000	1.000000	1.000000	0.983460	1.000000	0.983459	1.000000	0.983459	1354695631.079532	1.000001	59.570057	46.274309	1.638609	1.000000	0.983484	1.000000	0.983420	1.000000	0.983447	1.000000	0.983423	1.000000	0.983421	0.999613	0.000101	0.998748	0.000012	1.000000	0.999711	
1354695632.079464	1.000000	73.343689	59.952286	4.948410	1.000000	1.000000	1.000000	1.000000	1.000000	1.000000	0.999999	1.000000	1.000000	1.000000	1.000000	1.000000	1.000000	1.000000	1.000000	1.000000	1354695632.079532	1.000000	60.006317	46.707153	1.617889	1.000000	1.000000	1.000000	1.000000	1.000000	1.000000	1.000000	1.000000	1.000000	1.000000	1.000203	0.000150	1.000339	0.000063	1.000000	1.000000	
1354695633.079464	1.000000	73.389877	59.995651	4.938477	1.000000	1.000000	1.000000	1.000000	1.000000	1.000000	1.000000	1.000000	0.999999	1.000000	1.000000	1.000000	1.000000	1.000000	1.000000	1.000000	1354695633.079534	1.000002	60.009865	46.712084	1.617093	1.000000	1.000000	1.000000	1.000000	1.000000	1.000000	1.000000	1.000000	1.000000	1.000000	0.999635	0.000108	0.998056	0.000012	1.000000	1.000000	
1354695634.079464	1.000000	73.391953	59.994949	4.948669	1.000000	1.000000	1.000000	1.000000	1.000000	1.000000	1.000000	1.000000	1.000000	1.000000	1.000000	1.000000	1.000000	1.000000	1.000000	1.000000	1354695634.079532	0.999998	60.021553	46.724302	1.610553	1.000000	1.000000	1.000000	1.000000	1.000000	1.000000	1.000000	1.000000	1.000000	1.000000	1.000357	0.000135	1.000372	0.000066	1.000000	1.000000	
1354695635.079463	0.999999	73.410898	60.013287	4.948506	1.000000	1.000000	0.999999	1.000000	1.000001	1.000000	1.000000	1.000000	1.000000	1.000000	1.000000	1.000000	1.000000	1.000000	1.000000	1.000000	1354695635.079533	1.000001	60.021793	46.722642	1.607191	1.000000	1.000000	1.000000	1.000000	1.000000	1.000000	1.000000	1.000000	1.000000	1.000000	0.999619	0.000100	0.984997	0.000011	1.000000	1.000000	
1354695636.079463	1.000000	73.395981	60.013596	4.939529	1.000000	1.000000	1.000001	1.000000	0.999999	1.000000	0.999999	1.000000	1.000000	1.000000	1.000000	1.000000	1.000001	1.000000	1.000000	1.000000	1354695636.079533	1.000000	60.039902	46.741562	1.606705	1.000000	1.000000	1.000000	1.000000	1.000000	1.000000	1.000000	1.000000	1.000000	1.000000	0.999977	0.000372	1.001703	0.000082	1.000000	1.000000	
1354695637.079462	0.999999	73.618890	60.221188	4.949666	1.000000	1.000000	1.000000	1.000000	1.000002	0.999999	1.000000	1.000000	1.000001	1.000000	0.999999	1.000000	0.999999	1.000000	1.000000	1.000000	1354695637.079531	0.999998	60.104912	46.810560	1.589404	1.000000	1.000000	1.000000	1.000000	1.000000	1.000000	1.000000	1.000000	1.000000	1.000000	1.000325	0.000107	1.001939	0.000012	1.000000	1.000000	
1354695638.079463	1.000001	73.552374	60.151539	4.934489	1.000000	1.000000	1.000000	1.000000	0.999998	1.000001	1.000001	1.000000	1.000000	1.000000	1.000000	1.000000	1.000000	1.000000	1.000000	1.000000	1354695638.079532	1.000001	59.945850	46.663331	1.608000	1.000000	1.000000	1.000000	1.000000	1.000000	1.000000	1.000000	1.000000	1.000000	1.000000	0.999735	0.000148	1.000410	0.000059	1.000000	1.000000	
1354695639.079463	1.000000	73.540985	60.135849	4.953842	1.000000	1.000000	1.000000	1.000000	1.000000	1.000000	1.000000	1.000000	1.000000	1.000000	1.000000	1.000000	1.000000	1.000000	1.000000	1.000000	1354695639.079534	1.000002	60.041557	46.741656	1.607755	1.000000	1.000000	1.000000	1.000000	1.000000	1.000000	1.000000	1.000000	1.000000	1.000000	0.999992	0.003807	0.997794	0.000027	1.000000	1.000000	
1354695640.079463	1.000000	73.625534	60.218613	4.964417	1.000000	1.000000	1.000001	1.000000	1.000000	1.000000	1.000001	1.000000	1.000000	1.000000	1.000000	1.000000	1.000000	1.000000	1.000000	1.000000	1354695640.079532	0.999998	60.021736	46.723630	1.613376	1.000000	1.000000	1.000000	1.000000	1.000000	1.000000	1.000000	1.000000	1.000000	1.000000	1.000446	0.000134	1.000428	0.000068	1.000000	1.000000	
1354695641.079463	1.000000	73.673401	60.262085	4.929459	1.000000	1.000000	1.000000	1.000000	1.000000	1.000000	1.000000	1.000000	1.000000	1.000000	1.000000	1.000000	1.000000	1.000000	1.000000	1.000000	1354695641.079530	0.999998	60.024239	46.723264	1.602512	1.000000	1.000000	1.000000	1.000000	1.000000	1.000000	1.000000	1.000000	1.000000	1.000000	1.000114	0.000102	0.999776	0.000012	1.000000	1.000000	
1354695642.079463	1.000000	73.680740	60.265259	4.944412	1.000000	1.000000	1.000000	1.000000	1.000000	1.000000	1.000000	1.000000	1.000000	1.000000	1.000000	1.000000	0.999999	1.000000	1.000000	1.000000	1354695642.079538	1.000008	60.055345	46.754565	1.611834	1.000000	1.000000	1.000000	1.000000	1.000000	1.000000	1.000000	1.000000	1.000000	1.000000	0.999895	0.000133	0.999974	0.000059	1.000000	1.000000	
1354695643.079463	1.000000	73.715591	60.299423	4.944443	1.000000	1.000000	1.000000	1.000000	1.000000	1.000000	1.000000	1.000000	1.000000	1.000000	1.000001	1.000000	1.000000	1.000000	1.000000	1.000000	1354695643.079533	0.999995	60.089382	46.789953	1.621926	1.000000	1.000000	1.000000	1.000000	1.000000	1.000000	1.000000	1.000000	1.000000	1.000000	0.999676	0.000100	0.999903	0.000012	1.000000	1.000000	
1354695644.079464	1.000001	715813497.369956	715785700.622005	715813731.138440	0.999952	1.000623	0.999951	1.000632	0.999961	1.000629	0.999951	1.000623	0.999954	1.000635	0.999954	1.000619	0.999954	1.000636	0.999951	1.000623	1354695644.079575	1.000042	715734716.259648	715742161.550518	715777031.460197	0.999952	1.000626	0.999950	1.000630	3.895529	0.256857	0.999951	1.000623	0.999953	1.000634	0.999955	1.000623	0.999951	1.000625	0.999954	1.000634	
1354695645.079611	1.000147	0.000000	0.000000	0.000000	-nan	-nan	-nan	-nan	8.000000	inf	-nan	-nan	-nan	0.000000	-nan	-nan	-nan	-nan	-nan	-nan	1354695645.079691	1.000116	0.000000	0.000000	0.000000	-nan	-nan	-nan	-nan	0.000000	inf	-nan	-nan	-nan	-nan	-nan	-nan	-nan	-nan	-nan	-nan	
