ts_0	elapsed_0	pkg_0	pp0_0	dram_0	freq_ratio_0_0	c0_ratio_0_0	freq_ratio_0_1	c0_ratio_0_1	freq_ratio_0_2	c0_ratio_0_2	freq_ratio_0_3	c0_ratio_0_3	freq_ratio_0_4	c0_ratio_0_4	freq_ratio_0_5	c0_ratio_0_5	freq_ratio_0_6	c0_ratio_0_6	freq_ratio_0_7	c0_ratio_0_7	ts_1	elapsed_1	pkg_1	pp0_1	dram_1	freq_ratio_1_0	c0_ratio_1_0	freq_ratio_1_1	c0_ratio_1_1	freq_ratio_1_2	c0_ratio_1_2	freq_ratio_1_3	c0_ratio_1_3	freq_ratio_1_4	c0_ratio_1_4	freq_ratio_1_5	c0_ratio_1_5	freq_ratio_1_6	c0_ratio_1_6	freq_ratio_1_7	c0_ratio_1_7	
1353354958.626288	1.015089	43.820556	30.690565	3.999587	1.157952	0.319720	1.160199	0.333331	1.158617	0.321356	1.160732	0.331237	1.158134	0.318783	1.160951	0.331904	1.159226	0.323201	1.159982	0.326697	1353354958.626622	1.000584	42.838284	29.660462	3.130466	0.969433	0.500972	0.969705	0.501814	0.969459	0.497750	0.969430	0.496670	0.969396	0.496760	0.969426	0.496599	0.969409	0.496322	0.980629	0.798982	
1353354959.626285	0.999997	47.592021	34.335220	5.247392	0.822628	0.795015	0.822820	0.794570	0.822814	0.794567	0.822787	0.794597	0.822746	0.794007	0.822743	0.793943	0.822730	0.793985	0.822798	0.794526	1353354959.626664	1.000042	48.813442	35.510137	4.541176	0.831554	0.793499	0.831651	0.794123	0.831664	0.794092	0.831656	0.794030	0.831647	0.793917	0.831557	0.793518	0.831574	0.793656	0.865353	0.996983	
1353354960.626284	0.999999	48.571732	35.254245	5.474767	0.796828	0.828162	0.796956	0.827507	0.796936	0.827509	0.796924	0.827650	0.796950	0.827471	0.796812	0.827863	0.796869	0.827108	0.796926	0.827580	1353354960.626681	1.000017	49.420459	36.059586	4.935570	0.808517	0.826876	0.808628	0.827341	0.808627	0.827336	0.808618	0.827290	0.808596	0.827187	0.808603	0.827218	0.808555	0.827008	0.840094	0.996640	
1353354961.626285	1.000001	50.855374	37.473307	5.960901	0.741287	0.992840	0.741298	0.992770	0.741298	0.992831	0.741304	0.992902	0.741306	0.992173	0.741307	0.992119	0.741307	0.992179	0.741303	0.993023	1353354961.626382	0.999701	50.864298	37.434028	5.947075	0.766547	0.992035	0.766537	0.992901	0.766537	0.992930	0.766533	0.992942	0.766525	0.992936	0.766550	0.992268	0.766557	0.992343	0.766833	0.995355	
1353354962.626286	1.000001	50.855970	37.469279	5.926066	0.741358	0.995258	0.741357	0.995187	0.741351	0.995130	0.741349	0.995106	0.741347	0.995064	0.741349	0.994645	0.741347	0.994625	0.741347	0.995101	1353354962.626389	1.000007	50.836791	37.406647	5.897313	0.766698	0.994447	0.766707	0.995055	0.766703	0.994950	0.766702	0.994943	0.766698	0.994859	0.766699	0.994867	0.766701	0.994578	0.766705	0.995004	
1353354963.626286	1.000000	50.855225	37.462112	5.953476	0.739750	0.993792	0.739739	0.993778	0.739740	0.993756	0.739732	0.993872	0.739748	0.993585	0.739758	0.993538	0.739754	0.993513	0.739735	0.993837	1353354963.626403	1.000014	50.841997	37.407555	5.985908	0.765500	0.993677	0.765496	0.993999	0.765496	0.993992	0.765495	0.993958	0.765492	0.993876	0.765500	0.993722	0.765502	0.993807	0.765552	0.995221	
1353354964.626285	0.999999	50.840457	37.445516	5.958517	0.742239	0.985902	0.742223	0.985767	0.742227	0.985788	0.742236	0.985807	0.742256	0.984414	0.742258	0.984367	0.742257	0.984384	0.742237	0.985794	1353354964.626383	0.999980	50.780238	37.358078	5.894207	0.767621	0.985342	0.767615	0.985809	0.767614	0.985803	0.767612	0.985785	0.767606	0.985759	0.767656	0.984426	0.767629	0.985405	0.769527	0.995400	
1353354965.626282	0.999997	715810249.029706	715802534.516156	715769466.493376	0.999963	1.000494	0.999959	1.000487	0.999963	1.000501	0.999961	1.000486	0.999963	1.000497	0.999964	1.000483	0.999963	1.000494	0.999962	1.000489	1353354965.626391	1.000008	715805584.414494	715812007.929928	715804062.364530	0.999961	1.000486	0.999960	1.000493	3.894723	0.256880	0.999959	1.000478	0.999962	1.000493	0.999965	1.000488	0.999963	1.000496	0.999962	1.000487	
1353354966.626360	1.000078	0.000000	0.000000	0.000000	-nan	-nan	-nan	-nan	1.000008	inf	-nan	-nan	-nan	0.000000	-nan	-nan	-nan	-nan	-nan	-nan	1353354966.626455	1.000064	0.000000	0.000000	0.000000	-nan	-nan	-nan	-nan	1.345745	inf	-nan	-nan	-nan	-nan	-nan	-nan	-nan	-nan	-nan	-nan	
