ts_0	elapsed_0	pkg_0	pp0_0	dram_0	freq_ratio_0_0	c0_ratio_0_0	freq_ratio_0_1	c0_ratio_0_1	freq_ratio_0_2	c0_ratio_0_2	freq_ratio_0_3	c0_ratio_0_3	freq_ratio_0_4	c0_ratio_0_4	freq_ratio_0_5	c0_ratio_0_5	freq_ratio_0_6	c0_ratio_0_6	freq_ratio_0_7	c0_ratio_0_7	ts_1	elapsed_1	pkg_1	pp0_1	dram_1	freq_ratio_1_0	c0_ratio_1_0	freq_ratio_1_1	c0_ratio_1_1	freq_ratio_1_2	c0_ratio_1_2	freq_ratio_1_3	c0_ratio_1_3	freq_ratio_1_4	c0_ratio_1_4	freq_ratio_1_5	c0_ratio_1_5	freq_ratio_1_6	c0_ratio_1_6	freq_ratio_1_7	c0_ratio_1_7	
1356620087.306122	1.001893	69.388374	55.623508	6.921985	1.194988	0.900294	1.194725	0.900394	1.194961	0.899904	1.195066	0.899611	1.199583	0.921928	1.163773	0.003328	1.156178	0.002847	1.143898	0.002821	1356620087.306325	1.000647	68.557232	54.762035	7.864936	1.189324	0.901445	1.189432	0.901496	1.189443	0.900977	1.188632	0.882975	1.155972	0.002879	1.147546	0.003309	1.147920	0.002837	1.189303	0.902343	
1356620088.306118	0.999996	73.687127	59.861632	7.057203	1.192307	0.999669	1.192307	0.999653	1.192307	0.999667	1.192305	0.999621	1.192305	0.999620	1.191682	0.000424	1.205634	0.000011	1.199149	0.000042	1356620088.306314	0.999989	73.811372	59.968279	8.441667	1.192306	0.999978	1.192306	0.999978	1.192306	0.999978	1.192306	0.999978	1.192341	0.001793	1.192577	0.000057	1.192643	0.000072	1.192306	0.999977	
1356620089.306117	0.999999	73.934488	60.063961	7.121925	1.192304	0.999956	1.192304	0.999956	1.192304	0.999956	1.192305	0.999956	1.192305	0.999956	1.190986	0.000441	1.181239	0.000042	1.169617	0.000011	1356620089.306314	1.000000	73.903351	60.012970	8.568970	1.192306	0.999976	1.192306	0.999977	1.192306	0.999977	1.192306	0.999977	1.192180	0.000033	1.192881	0.000029	1.192519	0.000048	1.192306	0.999977	
1356620090.306117	1.000000	74.097839	60.181152	7.292831	1.192306	0.999978	1.192306	0.999977	1.192306	0.999978	1.192306	0.999977	1.192306	0.999978	1.192439	0.000667	1.215013	0.000012	1.187458	0.000047	1356620090.306316	1.000002	74.085476	60.142006	8.710387	1.192306	0.999977	1.192306	0.999977	1.192306	0.999977	1.192306	0.999977	1.191384	0.000010	1.192243	0.000060	1.192537	0.000075	1.192306	0.999977	
1356620091.306117	1.000000	74.168839	60.279221	7.174026	1.192310	0.999563	1.192320	0.999727	1.192308	0.999546	1.192307	0.999517	1.192305	0.999472	1.192843	0.000401	1.177733	0.000040	1.192097	0.000012	1356620091.306320	1.000004	74.192921	60.274521	8.666240	1.192311	0.999562	1.192306	0.999636	1.192306	0.999637	1.192306	0.999636	1.178814	0.000046	1.191817	0.000029	1.192027	0.000048	1.192312	0.999754	
1356620092.306117	1.000000	74.368652	60.481552	7.202362	1.192289	0.999800	1.192289	0.999800	1.192289	0.999800	1.192289	0.999799	1.192289	0.999799	1.187192	0.000679	1.171742	0.000218	1.178722	0.000104	1356620092.306316	0.999996	74.320354	60.386017	8.668248	1.192298	0.999887	1.192298	0.999887	1.192298	0.999887	1.192298	0.999887	1.184170	0.000243	1.192277	0.000072	1.182980	0.000197	1.192298	0.999888	
1356620093.306117	1.000000	74.284912	60.414978	7.153931	1.192306	0.999978	1.192306	0.999978	1.192306	0.999978	1.192306	0.999978	1.192306	0.999978	1.192436	0.000448	1.184562	0.000040	1.172092	0.000007	1356620093.306320	1.000004	74.280125	60.365005	8.597240	1.192306	0.999583	1.192306	0.999563	1.192306	0.999566	1.192320	0.999956	1.191849	0.000064	1.191983	0.000029	1.192820	0.000048	1.192320	0.999956	
1356620094.306117	1.000000	74.371948	60.480820	7.272537	1.192315	0.999954	1.192315	0.999954	1.192315	0.999953	1.192306	0.999689	1.192315	0.999953	1.191765	0.000383	1.197925	0.000011	1.192290	0.000046	1356620094.306321	1.000001	74.342306	60.373829	8.817878	1.192306	0.999977	1.192306	0.999978	1.192306	0.999977	1.192306	0.999977	1.192543	0.000033	1.193112	0.000058	1.192214	0.000070	1.192306	0.999974	
1356620095.306117	1.000000	74.344620	60.494400	7.109100	1.192306	0.999976	1.192306	0.999976	1.192306	0.999977	1.192306	0.999976	1.192306	0.999977	1.192550	0.000622	1.190220	0.000045	1.176987	0.000011	1356620095.306314	0.999993	74.345210	60.445379	8.534269	1.192306	0.999974	1.192306	0.999975	1.192306	0.999975	1.192306	0.999975	1.192417	0.000057	1.192031	0.000028	1.192356	0.000047	1.192306	0.999975	
1356620096.306117	1.000000	74.435028	60.585205	7.134613	1.192306	0.999977	1.192306	0.999978	1.192306	0.999977	1.192305	0.999977	1.192306	0.999977	1.192282	0.000365	1.200539	0.000011	1.200995	0.000044	1356620096.306322	1.000008	74.475867	60.563459	8.498420	1.192308	0.999790	1.192306	0.999727	1.192306	0.999729	1.192306	0.999728	1.192384	0.000031	1.192282	0.000055	1.192355	0.000069	1.192309	0.999799	
1356620097.306117	1.000000	74.499969	60.638367	7.125198	1.192300	0.999906	1.192300	0.999905	1.192300	0.999906	1.192300	0.999906	1.192300	0.999905	1.191987	0.000513	1.185653	0.000110	1.176590	0.000080	1356620097.306315	0.999993	74.471294	60.542121	8.582075	1.192305	0.999493	1.192304	0.999474	1.192304	0.999469	1.192321	0.999931	1.181760	0.000112	1.182471	0.000038	1.192167	0.000058	1.192321	0.999933	
1356620098.306117	1.000000	74.449493	60.568680	7.244949	1.192305	0.999978	1.192306	0.999978	1.192306	0.999978	1.192306	0.999978	1.192305	0.999977	1.191976	0.000361	1.188833	0.000007	1.194891	0.000064	1356620098.306317	1.000002	74.539271	60.581122	8.671202	1.192306	0.999977	1.192306	0.999977	1.192306	0.999977	1.192306	0.999977	1.192684	0.001857	1.192451	0.000057	1.192307	0.000070	1.192306	0.999975	
1356620099.306117	1.000000	74.464523	60.624527	7.113632	1.192306	0.999978	1.192306	0.999977	1.192306	0.999978	1.192305	0.999978	1.192306	0.999978	1.192449	0.000385	1.198270	0.000042	1.183497	0.000032	1356620099.306316	0.999999	74.487788	60.587033	8.448113	1.192306	0.999975	1.192306	0.999975	1.192306	0.999975	1.192306	0.999975	1.190728	0.000032	1.191197	0.000029	1.192403	0.000047	1.192306	0.999974	
1356620100.306117	1.000000	74.515106	60.632965	7.202942	1.192321	0.999955	1.192321	0.999956	1.192321	0.999955	1.192322	0.999956	1.192305	0.999519	1.192142	0.000621	1.169356	0.000011	1.191023	0.000055	1356620100.306317	1.000001	74.563482	60.601566	8.663978	1.192306	0.999974	1.192306	0.999975	1.192306	0.999975	1.192306	0.999974	1.189856	0.000010	1.192220	0.000055	1.192289	0.000071	1.192306	0.999977	
1356620101.306117	1.000000	74.511719	60.642426	7.177490	1.192306	0.999978	1.192305	0.999978	1.192306	0.999978	1.192306	0.999978	1.192306	0.999978	1.193269	0.000377	1.191727	0.000041	1.193755	0.000032	1356620101.306317	1.000000	74.593262	60.642685	8.692886	1.192306	0.999977	1.192306	0.999977	1.192306	0.999977	1.192306	0.999977	1.192975	0.000044	1.193100	0.000028	1.192041	0.000047	1.192306	0.999978	
1356620102.306124	1.000007	33.100204	19.597460	4.380326	1.192245	0.301104	1.192356	0.300857	1.192332	0.300826	1.192235	0.300649	1.192285	0.300421	0.636096	0.000777	0.712077	0.000067	0.876618	0.000075	1356620102.306512	1.000195	47.460943	34.122145	3.653432	1.192345	0.300614	1.192344	0.300581	1.192300	0.300191	1.192343	0.300534	1.193444	0.000190	1.195268	0.000072	1.195027	0.000090	1.246122	0.999878	
1356620103.306139	1.000015	715792756.948195	715799328.938623	715806904.212336	0.999967	1.000987	0.999965	1.000992	0.999975	1.000990	0.999967	1.000987	0.999967	1.000990	0.999970	1.000987	0.999967	1.000990	0.999967	1.000991	1356620103.306213	0.999701	715991925.174559	715991508.495721	716021937.043120	0.999967	1.000988	0.999965	1.000992	3.894641	0.257010	0.999967	1.000989	0.999967	1.000990	0.999970	1.000988	0.999967	1.000990	0.999967	1.000991	
1356620104.306123	0.999984	0.000000	0.000000	0.000000	-nan	-nan	-nan	-nan	8.000000	inf	-nan	-nan	-nan	0.000000	-nan	-nan	-nan	-nan	-nan	-nan	1356620104.306194	0.999981	0.000000	0.000000	0.000000	-nan	-nan	-nan	-nan	0.000000	inf	-nan	-nan	-nan	-nan	-nan	-nan	-nan	-nan	-nan	-nan	
