ts_0	elapsed_0	pkg_0	pp0_0	dram_0	freq_ratio_0_0	c0_ratio_0_0	freq_ratio_0_1	c0_ratio_0_1	freq_ratio_0_2	c0_ratio_0_2	freq_ratio_0_3	c0_ratio_0_3	freq_ratio_0_4	c0_ratio_0_4	freq_ratio_0_5	c0_ratio_0_5	freq_ratio_0_6	c0_ratio_0_6	freq_ratio_0_7	c0_ratio_0_7	ts_1	elapsed_1	pkg_1	pp0_1	dram_1	freq_ratio_1_0	c0_ratio_1_0	freq_ratio_1_1	c0_ratio_1_1	freq_ratio_1_2	c0_ratio_1_2	freq_ratio_1_3	c0_ratio_1_3	freq_ratio_1_4	c0_ratio_1_4	freq_ratio_1_5	c0_ratio_1_5	freq_ratio_1_6	c0_ratio_1_6	freq_ratio_1_7	c0_ratio_1_7	
1354688189.461354	1.021165	77.245852	63.804372	4.464306	1.153891	0.825735	1.230511	0.217797	1.153918	0.826050	1.153874	0.825507	1.153856	0.825355	1.153843	0.825444	1.153780	0.825329	1.153828	0.824033	1354688189.461442	1.000549	65.374322	51.554273	7.034712	1.195204	0.842882	1.195366	0.842521	1.195350	0.842142	1.181639	0.003195	1.192289	0.773912	1.028304	0.000145	1.132577	0.000148	1.195337	0.843467	
1354688190.461347	0.999993	85.493816	72.051249	4.910984	1.153846	1.000000	1.154432	0.003087	1.153847	1.000000	1.153847	1.000000	1.153847	1.000000	1.153847	1.000000	1.153847	1.000000	1.153847	1.000000	1354688190.461424	0.999982	72.251918	58.359076	7.954091	1.192306	0.999978	1.192306	0.999978	1.192306	0.999978	1.192471	0.000088	1.192306	0.999978	1.193781	0.000028	1.192611	0.000071	1.192306	0.999978	
1354688191.461347	1.000000	83.205399	69.686096	4.923798	1.169715	0.998435	1.153823	0.006351	1.169715	0.998421	1.169715	0.998420	1.169715	0.998416	1.169715	0.998417	1.153845	0.554939	1.169716	0.998395	1354688191.461527	1.000103	76.757277	62.675429	8.349802	1.189031	0.999888	1.189031	0.999888	1.189031	0.999888	1.185000	0.448053	1.189031	0.999888	1.153855	0.003576	1.154145	0.002862	1.189031	0.999890	
1354688192.461347	1.000000	80.460526	66.915771	4.901077	1.192266	0.999525	1.154167	0.000319	1.192266	0.999526	1.192267	0.999525	1.192267	0.999344	1.192267	0.999517	1.155999	0.000007	1.192266	0.999546	1354688192.461451	0.999924	82.596309	68.422608	8.617278	1.192261	0.999443	1.192261	0.999466	1.192250	0.999410	1.192260	0.999417	1.192259	0.999408	1.153794	0.000350	1.153495	0.000073	1.192261	0.999476	
1354688193.461358	1.000011	80.403171	66.836471	4.881828	1.192258	0.999475	1.154177	0.000361	1.192258	0.999467	1.192258	0.999466	1.192258	0.999476	1.192258	0.999466	1.154521	0.000072	1.192258	0.999443	1354688193.461543	1.000092	82.311303	68.055520	8.878379	1.192066	0.997227	1.192066	0.997226	1.192076	0.997225	1.192066	0.997222	1.192066	0.997220	1.153838	0.001769	1.153528	0.000078	1.192066	0.997223	
1354688194.461359	1.000001	80.492950	66.904035	4.884822	1.192264	0.999505	1.153875	0.000341	1.192265	0.999504	1.192265	0.999493	1.192264	0.999504	1.192264	0.999504	1.140334	0.000007	1.192265	0.999503	1354688194.461540	0.999997	82.269405	67.963315	9.061277	1.191964	0.995665	1.191964	0.996022	1.191964	0.996022	1.191964	0.996017	1.191964	0.996014	1.153825	0.002627	1.153834	0.000065	1.191964	0.996006	
1354688195.461347	0.999988	80.579360	67.012716	4.913618	1.192196	0.998909	1.153784	0.000635	1.192165	0.998952	1.192148	0.998991	1.192167	0.998954	1.192149	0.998977	1.153021	0.000317	1.192181	0.998955	1354688195.461454	0.999914	82.260315	68.022349	8.743657	1.192057	0.996969	1.192038	0.996742	1.192057	0.996974	1.192047	0.996664	1.192047	0.996699	1.153847	0.001985	1.154035	0.000107	1.192057	0.996969	
1354688196.461347	1.000000	80.654190	67.087662	4.888794	1.192263	0.999619	1.153367	0.000292	1.192264	0.999619	1.192263	0.999618	1.192263	0.999619	1.192263	0.999618	1.196548	0.000007	1.192264	0.999594	1354688196.461528	1.000074	82.229884	67.987193	8.800650	1.191807	0.994249	1.191817	0.994243	1.191808	0.994241	1.191808	0.994237	1.191807	0.994234	1.153838	0.003910	1.153349	0.000067	1.191808	0.994221	
1354688197.461347	1.000000	80.633148	67.050079	4.886337	1.192173	0.998602	1.152266	0.001133	1.192173	0.998602	1.192173	0.998602	1.192173	0.998600	1.192173	0.998599	1.151601	0.000047	1.192173	0.998622	1354688197.461450	0.999922	82.309853	68.019524	8.936274	1.191821	0.994894	1.191821	0.994894	1.191821	0.994888	1.191821	0.994882	1.191821	0.994888	1.153657	0.003631	1.154551	0.000075	1.191821	0.994887	
1354688198.461347	1.000000	80.616592	67.063858	4.907257	1.191760	0.994825	1.153846	0.003778	1.191760	0.994827	1.191760	0.994822	1.191760	0.994816	1.191760	0.994810	1.152786	0.000370	1.191760	0.994812	1354688198.461452	1.000002	82.470225	68.286231	8.460799	1.192254	0.999617	1.192254	0.999617	1.192254	0.999617	1.192254	0.999616	1.192254	0.999616	1.154999	0.000568	1.153682	0.000255	1.192254	0.999616	
1354688199.461347	1.000000	80.613800	67.059967	4.877502	1.191631	0.994115	1.153828	0.003962	1.191631	0.994123	1.191632	0.994119	1.191631	0.994107	1.191631	0.994100	1.165015	0.000052	1.191631	0.994110	1354688199.461451	0.999999	82.507906	68.324986	8.485253	1.192183	0.999615	1.192183	0.999615	1.192184	0.999615	1.192183	0.999616	1.192183	0.999614	1.153584	0.001924	1.154058	0.000121	1.192183	0.999614	
1354688200.461347	1.000000	80.686127	67.108307	4.894760	1.192039	0.997562	1.153810	0.001663	1.192040	0.997564	1.192039	0.997576	1.192039	0.997562	1.192040	0.997567	1.138871	0.000007	1.192040	0.997557	1354688200.461450	0.999999	82.453463	68.218785	8.685250	1.191941	0.996216	1.191941	0.996216	1.191941	0.996215	1.191941	0.996207	1.191941	0.996203	1.154144	0.001531	1.153827	0.001047	1.191941	0.996206	
1354688201.461360	1.000013	715781147.903122	715816472.943505	715805491.223465	0.999942	1.000561	0.999943	1.000578	0.999950	1.000576	0.999943	1.000566	0.999945	1.000575	0.999946	1.000567	0.999945	1.000576	0.999944	1.000571	1354688201.461440	0.999990	715802950.999063	715771718.998193	715805127.304852	0.999945	1.000573	0.999940	1.000569	3.896123	0.256801	0.999943	1.000566	0.999946	1.000581	0.999947	1.000571	0.999945	1.000577	0.999945	1.000579	
1354688202.461347	0.999987	0.000000	0.000000	0.000000	-nan	-nan	-nan	-nan	0.000000	inf	-nan	-nan	-nan	0.000000	0.000000	inf	-nan	-nan	-nan	-nan	1354688202.461413	0.999973	0.000000	0.000000	0.000000	-nan	-nan	-nan	-nan	0.000000	inf	-nan	-nan	-nan	-nan	-nan	-nan	-nan	-nan	-nan	-nan	
1354688203.461414	1.000067	0.000000	0.000000	0.000000	-nan	-nan	-nan	-nan	4.662949	inf	-nan	-nan	-nan	0.000000	0.000000	inf	-nan	-nan	-nan	-nan	1354688203.461477	1.000064	0.000000	0.000000	0.000000	-nan	-nan	-nan	-nan	inf	-nan	-nan	-nan	-nan	-nan	-nan	-nan	-nan	-nan	-nan	-nan	
