ts_0	elapsed_0	pkg_0	pp0_0	dram_0	freq_ratio_0_0	c0_ratio_0_0	freq_ratio_0_1	c0_ratio_0_1	freq_ratio_0_2	c0_ratio_0_2	freq_ratio_0_3	c0_ratio_0_3	freq_ratio_0_4	c0_ratio_0_4	freq_ratio_0_5	c0_ratio_0_5	freq_ratio_0_6	c0_ratio_0_6	freq_ratio_0_7	c0_ratio_0_7	ts_1	elapsed_1	pkg_1	pp0_1	dram_1	freq_ratio_1_0	c0_ratio_1_0	freq_ratio_1_1	c0_ratio_1_1	freq_ratio_1_2	c0_ratio_1_2	freq_ratio_1_3	c0_ratio_1_3	freq_ratio_1_4	c0_ratio_1_4	freq_ratio_1_5	c0_ratio_1_5	freq_ratio_1_6	c0_ratio_1_6	freq_ratio_1_7	c0_ratio_1_7	
1356722702.546432	1.002338	46.606309	33.165031	5.909113	1.153572	0.274711	1.154765	0.278228	1.153600	0.273409	1.155236	0.278047	1.153592	0.271307	1.155831	0.279498	1.154762	0.274901	1.154785	0.273753	1356722702.546611	1.000496	58.798829	45.287203	6.915516	0.999965	0.946964	0.999973	0.946834	1.000001	0.946535	0.999979	0.946100	1.000001	0.946149	1.014295	0.000048	0.842137	0.000122	0.999684	0.966284	
1356722703.546368	0.999936	47.224285	33.744634	5.978257	1.000000	0.984001	1.000000	0.983417	1.000000	0.983488	1.000000	0.983473	1.000805	0.000858	0.998340	0.000035	1.000892	0.000138	1.020986	0.000013	1356722703.546537	0.999926	60.630717	47.034818	7.427215	1.000000	0.983473	1.000000	0.983473	1.000000	0.983488	1.000000	0.983424	1.000000	0.983409	1.001395	0.000053	1.002152	0.000333	1.000000	1.000000	
1356722704.546375	1.000007	47.297448	33.806636	5.980717	1.000000	0.987743	1.000001	0.987159	1.000000	0.987231	1.000001	0.987214	1.000128	0.000422	1.008379	0.000077	0.999940	0.000166	0.999218	0.000052	1356722704.546534	0.999997	60.915701	47.295480	7.594735	1.000000	0.987215	1.000000	0.987213	1.000000	0.987228	1.000000	0.987166	1.000000	0.987150	0.998875	0.000013	0.990883	0.000061	1.000000	1.000000	
1356722705.546368	0.999993	47.259284	33.778249	5.996395	1.000000	0.986052	1.000000	0.985420	1.000000	0.985457	1.000000	0.985442	1.000161	0.000423	1.004654	0.000013	0.999989	0.000135	1.000119	0.000013	1356722705.546532	0.999998	60.829172	47.254759	7.384230	1.000000	0.985451	1.000000	0.985450	1.000000	0.985450	1.000000	0.985425	1.000000	0.985411	0.999228	0.000046	1.000202	0.000136	1.000000	1.000000	
1356722706.546368	1.000000	46.978592	33.521530	6.004257	1.000000	0.974153	1.000000	0.973162	1.000000	0.973230	1.000000	0.973228	1.000015	0.000505	0.999731	0.000050	1.000204	0.000178	0.999977	0.000050	1356722706.546532	1.000000	60.369370	46.851913	7.231705	1.000000	0.973219	1.000000	0.973218	1.000000	0.973233	1.000000	0.973154	1.000000	0.973168	1.002136	0.000012	1.001041	0.000454	1.000000	1.000000	
1356722707.546368	1.000000	47.013367	33.545456	5.985260	1.000000	0.973370	0.999999	0.972252	0.999999	0.972322	0.999999	0.972305	0.999766	0.000520	1.009231	0.000013	0.999752	0.000140	0.999728	0.000013	1356722707.546537	1.000005	60.419360	46.857737	7.404870	1.000000	0.972308	1.000000	0.972306	1.000000	0.972337	1.000000	0.972247	1.000000	0.972276	0.999649	0.000047	1.000352	0.000090	1.000000	1.000000	
1356722708.546367	0.999999	47.052352	33.581560	5.991858	1.000000	0.974297	1.000001	0.973348	1.000000	0.973419	1.000000	0.973404	1.000087	0.000705	0.997725	0.000048	0.999714	0.000146	1.001265	0.000047	1356722708.546530	0.999993	60.525000	46.948109	7.441305	1.000000	0.973413	1.000000	0.973412	1.000000	0.973409	1.000000	0.973350	1.000000	0.973333	0.993773	0.000012	1.000385	0.000059	1.000000	1.000000	
1356722709.546368	1.000001	47.481827	34.004438	5.993769	1.000000	0.996374	1.000000	0.996204	1.000000	0.996237	1.000000	0.996236	0.999766	0.000706	0.997507	0.000018	0.998197	0.000143	0.997957	0.000013	1356722709.546529	0.999999	61.179303	47.595077	7.447227	1.000000	0.996240	1.000000	0.996225	1.000000	0.996239	1.000000	0.996206	1.000000	0.996205	0.999715	0.000045	0.999974	0.002131	1.000000	1.000000	
1356722710.546367	0.999999	47.327422	33.849748	5.995932	1.000000	0.988967	1.000000	0.988498	1.000000	0.988534	0.999999	0.988533	1.000330	0.000416	0.998606	0.000048	1.001380	0.000151	1.003141	0.000048	1356722710.546532	1.000003	60.939646	47.361807	7.408226	1.000000	0.988522	1.000000	0.988521	1.000000	0.988536	1.000000	0.988499	1.000000	0.988497	1.006002	0.000013	0.991556	0.000061	1.000000	1.000000	
1356722711.546367	1.000000	46.989807	33.543839	5.984833	1.000000	0.974039	1.000000	0.973057	1.000000	0.973127	1.000000	0.973124	1.000032	0.000644	1.007558	0.000013	1.000255	0.000160	0.983787	0.000013	1356722711.546526	0.999994	60.531657	46.979818	7.390684	1.000000	0.973130	1.000000	0.973127	1.000000	0.973126	1.000000	0.973058	1.000000	0.973056	0.998787	0.000049	1.001073	0.000439	1.000000	1.000000	
1356722712.546374	1.000007	47.244882	33.783351	6.002949	1.000000	0.980509	1.000001	0.979652	1.000000	0.979721	1.000001	0.979718	1.000038	0.000716	0.989061	0.000049	1.000079	0.000142	0.991160	0.000047	1356722712.546539	1.000013	60.763424	47.205893	7.355235	1.000000	0.979712	1.000000	0.979711	1.000000	0.979724	1.000000	0.979647	1.000000	0.979660	0.989323	0.000013	1.001235	0.000058	1.000000	1.000000	
1356722713.546374	1.000000	47.360489	33.892410	5.992020	1.000000	0.987792	1.000000	0.987202	1.000000	0.987274	1.000000	0.987260	1.000006	0.000420	1.019177	0.000029	0.996559	0.000142	0.983188	0.000014	1356722713.546547	1.000008	60.994592	47.416242	7.448518	1.000000	0.987264	1.000000	0.987262	1.000000	0.987276	1.000000	0.987200	1.000000	0.987213	0.993818	0.000044	0.981856	0.000097	1.000000	1.000000	
1356722714.546380	1.000006	49.040052	35.576097	5.989268	1.000000	0.987074	1.000000	0.986490	1.000000	0.986559	1.000000	0.986558	0.999743	0.003074	0.999720	0.002150	0.999970	0.002201	1.000061	0.001904	1356722714.546484	0.999937	60.868089	47.320407	7.311160	1.000000	0.986556	1.000000	0.986554	1.000000	0.986551	1.000000	0.986493	1.000000	0.986477	1.020671	0.000022	1.002224	0.000726	1.000000	1.000000	
1356722715.546368	0.999988	47.365280	33.902839	5.998439	1.000000	0.977888	1.000000	0.995747	0.999999	0.995782	0.999999	0.995781	1.000115	0.000288	1.083371	0.000007	1.002511	0.000158	1.090091	0.000007	1356722715.546533	1.000049	60.803319	47.243087	7.393543	1.000000	0.976995	1.000000	0.995772	1.000000	0.977009	1.000000	0.976970	1.000000	0.976938	0.999869	0.000047	0.995150	0.000092	1.000000	1.000000	
1356722716.546379	1.000011	47.215348	33.756649	5.987590	1.000000	0.982491	1.000001	0.981718	1.000001	0.981790	1.000001	0.981787	1.000118	0.000557	0.999031	0.000053	1.000676	0.000196	0.999311	0.000051	1356722716.546541	1.000008	60.827189	47.277647	7.315920	1.000000	0.981789	1.000000	0.981788	1.000000	0.981786	1.000000	0.981722	1.000000	0.981719	1.004086	0.000013	1.001291	0.000445	0.999997	1.000000	
1356722717.546382	1.000003	47.063590	33.592181	5.995327	1.000000	0.978539	1.000000	0.977579	1.000000	0.977652	1.000000	0.977650	0.999681	0.000392	1.001559	0.000036	1.000320	0.000159	0.997506	0.000013	1356722717.546549	1.000008	60.622327	47.053238	7.365632	1.000000	0.977654	1.000000	0.977651	1.000000	0.977649	1.000000	0.977583	1.000000	0.977581	0.999084	0.000045	0.999791	0.000087	1.000003	1.000000	
1356722718.546371	0.999989	47.264160	33.785405	5.992742	1.000000	0.984842	1.000000	0.984162	1.000000	0.984231	1.000000	0.984230	1.000099	0.000479	0.997431	0.000044	0.999897	0.000165	1.000498	0.000050	1356722718.546533	0.999984	60.872036	47.293266	7.394253	1.000000	0.984223	1.000000	0.984221	1.000000	0.984235	1.000000	0.984155	1.000000	0.984168	0.999301	0.000013	1.000555	0.000058	1.000000	1.000000	
1356722719.546368	0.999997	47.199441	33.728223	5.984073	1.000000	0.981467	1.000000	0.980706	1.000000	0.980776	1.000000	0.980761	1.000187	0.000415	1.003183	0.000013	0.999729	0.000159	0.998592	0.000013	1356722719.546530	0.999997	60.795217	47.223260	7.348488	1.000000	0.980773	1.000000	0.980772	1.000000	0.980770	1.000000	0.980705	1.000000	0.980703	1.000426	0.000047	0.999982	0.002085	1.000000	1.000000	
1356722720.546375	1.000007	47.471886	33.996057	5.993504	0.999999	0.996165	1.000000	0.995981	1.000000	0.996016	1.000000	0.996015	0.999761	0.000321	1.000962	0.000049	1.000085	0.000168	1.000723	0.000050	1356722720.546539	1.000009	60.813689	47.235244	7.452050	1.000000	0.978180	1.000000	0.978178	1.000000	0.996015	1.000000	0.978142	1.000000	0.978139	0.996920	0.000013	0.990085	0.000059	1.000000	1.000000	
1356722721.546371	0.999996	47.210091	33.741271	5.973276	1.000001	0.987277	1.000000	0.986751	1.000000	0.986784	1.000000	0.986784	0.999837	0.000238	1.002163	0.000013	1.000207	0.000184	0.998069	0.000013	1356722721.546535	0.999996	60.930697	47.336663	7.445831	1.000000	0.986788	1.000000	0.986787	1.000000	0.986786	1.000000	0.986752	1.000000	0.986752	1.000708	0.000046	1.001341	0.000435	1.000000	1.000000	
1356722722.546381	1.000010	47.282074	33.803021	5.994157	1.000000	0.987694	1.000000	0.987225	1.000000	0.987294	1.000000	0.987291	1.000199	0.000298	0.999811	0.000049	1.000019	0.000166	0.999613	0.000049	1356722722.546547	1.000012	60.931265	47.348663	7.359257	1.000000	0.987289	1.000000	0.987288	1.000000	0.987301	1.000000	0.987223	1.000000	0.987236	1.000985	0.000013	0.999974	0.000058	1.000000	1.000000	
1356722723.546368	0.999987	47.387600	33.907137	5.973726	1.000000	0.990164	1.000000	0.989712	1.000000	0.989780	1.000000	0.989763	1.000037	0.000296	1.001493	0.000013	1.000111	0.000157	1.000332	0.000013	1356722723.546532	0.999985	61.020982	47.436244	7.482519	1.000000	0.989778	1.000000	0.989777	1.000000	0.989774	1.000000	0.989709	1.000000	0.989693	0.998981	0.000047	0.999869	0.000097	1.000000	1.000000	
1356722724.546372	1.000004	47.402701	33.925537	5.990988	1.000000	0.989469	1.000000	0.989027	1.000000	0.989060	1.000000	0.989060	1.000181	0.000405	0.988590	0.000049	0.999768	0.000166	0.987831	0.000048	1356722724.546529	0.999997	61.060599	47.475870	7.438271	1.000000	0.989061	1.000000	0.989061	1.000000	0.989060	1.000000	0.989026	1.000000	0.989024	1.002959	0.000013	0.999751	0.000059	1.000000	1.000000	
1356722725.546368	0.999996	47.015724	33.514662	5.972482	1.000000	0.966796	0.999999	0.965587	1.000000	0.965657	0.999999	0.965642	0.999787	0.000448	1.016586	0.000029	0.995168	0.000158	1.004228	0.000014	1356722725.546537	1.000008	60.579251	46.956651	7.493973	1.000000	0.965647	1.000000	0.965645	1.000000	0.965660	1.000000	0.965591	1.000000	0.965589	0.988711	0.000046	0.994143	0.000092	1.000000	1.000000	
1356722726.546368	1.000000	47.425751	33.919312	5.970993	1.000000	0.997248	1.000000	0.997105	1.000000	0.997139	1.000000	0.997137	1.000075	0.000304	0.999817	0.000049	1.003654	0.000208	1.008803	0.000066	1356722726.546540	1.000003	61.183084	47.554784	7.466987	1.000000	0.997138	1.000000	0.997136	1.000000	0.997134	1.000000	0.997104	1.000000	0.997104	1.023678	0.000022	1.001233	0.000448	1.000000	1.000000	
1356722727.546368	1.000000	47.320572	33.860184	5.979980	1.000000	0.986439	1.000000	0.985868	1.000000	0.985941	1.000000	0.985925	0.999995	0.000436	0.999332	0.000013	0.999886	0.000159	0.990802	0.000013	1356722727.546534	0.999994	61.003293	47.443169	7.371428	1.000000	0.985929	1.000000	0.985927	1.000000	0.985942	1.000000	0.985874	1.000000	0.985859	0.999037	0.000048	1.000352	0.000092	1.000000	1.000000	
1356722728.546367	0.999999	47.328491	33.853548	5.989157	1.000000	0.987286	1.000000	0.986700	1.000000	0.986773	1.000000	0.986758	0.999553	0.000446	1.001399	0.000047	0.999986	0.000165	0.999255	0.000048	1356722728.546530	0.999996	61.017673	47.435251	7.420349	1.000000	0.986764	1.000000	0.986761	1.000000	0.986775	1.000000	0.986705	1.000000	0.986702	1.000019	0.000797	0.998829	0.000060	1.000000	1.000000	
1356722729.546367	1.000000	47.147598	33.673538	5.997116	1.000000	0.980668	1.000000	0.979785	1.000000	0.979855	1.000000	0.979853	1.000240	0.000520	0.999225	0.000031	0.999820	0.000171	1.004859	0.000020	1356722729.546533	1.000003	60.777277	47.197135	7.391075	1.000000	0.979853	1.000000	0.979850	1.000000	0.979849	1.000000	0.979784	1.000000	0.979781	0.998932	0.000038	0.999760	0.002090	1.000000	1.000000	
1356722730.546367	1.000000	46.972427	33.499802	5.993698	1.000000	0.970895	1.000000	0.969863	1.000000	0.969933	1.000000	0.969918	1.000193	0.000356	0.999050	0.000077	1.000232	0.000178	1.000698	0.000081	1356722730.546533	1.000000	60.542786	46.961670	7.387787	1.000000	0.969919	1.000000	0.969917	1.000000	0.969931	1.000000	0.969866	1.000000	0.969864	1.002484	0.000013	0.999821	0.000106	1.000000	1.000000	
1356722731.546368	1.000001	47.375489	33.899244	5.986994	1.000000	0.989652	1.000000	0.989175	1.000000	0.989246	1.000000	0.989231	1.000023	0.000624	0.999703	0.000144	0.999865	0.000407	0.999464	0.000108	1356722731.546542	1.000009	61.128597	47.539334	7.452874	1.000000	0.989232	1.000000	0.989230	1.000000	0.989245	1.000000	0.989177	1.000000	0.989175	0.999880	0.000055	0.998086	0.000614	1.000000	1.000000	
1356722732.546368	1.000000	47.320160	33.830765	5.987549	1.000000	0.982070	1.000000	0.981274	1.000000	0.981343	1.000000	0.981328	0.999834	0.000340	1.000447	0.000074	0.998983	0.000144	0.997427	0.000048	1356722732.546528	0.999986	61.092061	47.480969	7.544265	1.000000	0.981331	1.000000	0.981329	1.000000	0.981343	1.000000	0.981274	1.000000	0.981272	1.000699	0.000013	1.029145	0.000059	1.000000	1.000000	
1356722733.546367	0.999999	46.942016	33.467058	5.970236	1.000000	0.969771	1.000000	0.968604	1.000000	0.968676	1.000000	0.968674	0.999752	0.000557	1.001962	0.000039	1.001201	0.000134	1.003257	0.000013	1356722733.546530	1.000002	60.542334	46.961321	7.422319	1.000000	0.968676	1.000000	0.968674	1.000000	0.968672	1.000000	0.968603	1.000000	0.968601	1.000543	0.000050	1.000141	0.000093	1.000000	1.000000	
1356722734.546367	1.000000	47.275299	33.806763	5.985687	1.000000	0.986056	1.000000	0.985433	1.000000	0.985506	1.000000	0.985490	1.000211	0.000754	1.000571	0.000065	1.000327	0.000143	1.002311	0.000047	1356722734.546533	1.000003	60.973535	47.402487	7.406273	1.000000	0.985501	1.000000	0.985499	1.000000	0.985497	1.000000	0.985442	1.000000	0.985426	0.998319	0.000013	1.000182	0.000059	1.000000	1.000000	
1356722735.546367	1.000000	47.178146	33.711624	5.993668	1.000000	0.979737	1.000000	0.978861	1.000000	0.978930	0.999999	0.978902	1.000278	0.000621	0.997246	0.000040	0.999587	0.000136	1.009385	0.000012	1356722735.546534	1.000001	60.819232	47.249924	7.380791	1.000000	0.978922	1.000000	0.978921	1.000000	0.978919	1.000000	0.978855	1.000000	0.978853	1.000506	0.000051	0.993980	0.000097	1.000000	1.000000	
1356722736.546367	1.000000	47.341461	33.871277	5.975830	1.000000	0.986864	1.000000	0.986285	1.000000	0.986355	1.000000	0.986354	0.999507	0.000320	1.000582	0.000068	0.999970	0.000444	0.987325	0.000048	1356722736.546531	0.999997	61.112250	47.537089	7.392281	1.000000	0.986345	1.000000	0.986342	1.000000	0.986358	1.000000	0.986288	1.000000	0.986285	0.996908	0.000013	1.001361	0.000433	1.000000	1.000000	
1356722737.546367	1.000000	47.421494	33.951935	5.992889	1.000000	0.994498	1.000000	0.994209	1.000000	0.994280	1.000000	0.994265	1.000023	0.000323	0.999902	0.000055	0.996089	0.000136	0.995861	0.000014	1356722737.546537	1.000006	61.226335	47.648688	7.351748	1.000000	0.994279	1.000000	0.994277	1.000000	0.994274	1.000000	0.994210	1.000000	0.994207	0.987623	0.000049	0.999583	0.000089	1.000000	1.000000	
1356722738.546368	1.000001	47.143159	33.678465	5.987589	1.000000	0.976073	1.000000	0.975021	1.000000	0.975092	1.000000	0.975076	0.999832	0.000334	1.001291	0.000065	1.003146	0.000160	1.008635	0.000063	1356722738.546537	1.000000	60.862671	47.289139	7.393097	1.000000	0.975085	1.000000	0.975083	1.000000	0.975081	1.000000	0.975017	1.000000	0.975014	1.027123	0.000023	1.000322	0.000077	1.000000	1.000000	
1356722739.546368	1.000000	47.815323	34.377258	5.997528	0.999999	0.981353	1.000000	0.980522	1.000000	0.980591	1.000000	0.980590	0.999984	0.002588	0.999919	0.001999	1.000008	0.002596	0.999614	0.001886	1356722739.546512	0.999975	60.940979	47.398831	7.260680	1.000000	0.980593	1.000000	0.980591	1.000000	0.980589	1.000000	0.980521	1.000000	0.980519	0.994414	0.000049	0.999969	0.002752	1.000000	1.000000	
1356722740.546367	0.999999	47.560455	34.067843	5.978613	1.000001	0.995363	1.000000	0.995143	1.000000	0.995179	1.000000	0.995178	1.000043	0.000418	1.000200	0.000368	1.000030	0.000143	1.018496	0.000040	1356722740.546537	1.000025	61.434467	47.834496	7.426938	1.000000	0.995180	1.000000	0.995179	1.000000	0.995177	1.000000	0.995143	1.000000	0.995142	1.011578	0.000026	0.991700	0.000060	1.000000	1.000000	
1356722741.546367	1.000000	47.123123	33.635239	5.976120	0.999999	0.977965	1.000000	0.976991	1.000000	0.977060	1.000000	0.977058	1.000194	0.000447	1.000020	0.000040	0.999116	0.000137	0.996713	0.000043	1356722741.546533	0.999996	60.863085	47.269753	7.349410	1.000000	0.977051	1.000000	0.977049	1.000000	0.977063	1.000000	0.976994	1.000000	0.976991	0.999734	0.000048	1.001073	0.000540	1.000000	1.000000	
1356722742.546367	1.000000	47.219727	33.744934	5.976028	1.000000	0.988457	1.000000	0.988095	1.000000	0.988129	1.000000	0.988128	1.000189	0.000323	0.999065	0.000067	1.001078	0.000144	1.002254	0.000051	1356722742.546534	1.000001	60.975848	47.406678	7.287209	1.000000	0.988128	1.000000	0.988128	1.000000	0.988127	1.000000	0.988096	1.000000	0.988094	1.000320	0.000013	0.989909	0.000059	1.000000	0.999997	
1356722743.546367	1.000000	47.404221	33.925674	5.987488	1.000000	0.989865	1.000000	0.989430	1.000000	0.989465	1.000000	0.989463	0.999973	0.000442	0.999911	0.000039	0.999812	0.000136	0.991070	0.000013	1356722743.546532	0.999998	61.120814	47.553557	7.424453	1.000000	0.989467	1.000000	0.989466	1.000000	0.989465	1.000000	0.989430	1.000000	0.989429	0.999857	0.000049	1.004308	0.000132	1.000000	1.000003	
1356722744.546367	1.000000	47.351196	33.884659	5.965881	1.000000	0.982882	1.000000	0.982121	1.000000	0.982190	1.000000	0.982189	0.999958	0.000364	1.001040	0.000068	0.999962	0.000144	1.002747	0.000053	1356722744.546532	1.000000	61.105499	47.537109	7.393997	1.000000	0.982171	1.000000	0.982169	1.000000	0.982200	1.000000	0.982116	1.000000	0.982128	0.999213	0.000013	0.999968	0.000060	1.000000	1.000000	
1356722745.546367	1.000000	47.422546	33.933319	5.982361	1.000000	0.991562	1.000000	0.991191	1.000000	0.991225	1.000000	0.991224	0.999980	0.000409	1.004266	0.000039	1.000951	0.000134	0.992245	0.000013	1356722745.546530	0.999998	61.207179	47.612655	7.396453	1.000000	0.991223	1.000000	0.991222	1.000000	0.991221	1.000000	0.991189	1.000000	0.991189	1.000622	0.000047	0.993906	0.000095	1.000000	1.000000	
1356722746.546367	1.000000	47.167435	33.711624	5.983475	1.000000	0.978513	1.000000	0.977588	1.000000	0.977655	1.000000	0.977639	1.000061	0.000715	0.995833	0.000079	0.999317	0.000145	1.001956	0.000051	1356722746.546530	1.000000	60.840271	47.298904	7.265244	1.000000	0.977649	1.000000	0.977647	1.000000	0.977645	1.000000	0.977583	1.000000	0.977579	1.000614	0.000013	1.001175	0.000487	1.000000	1.000000	
1356722747.546368	1.000001	47.338654	33.858473	5.974375	1.000000	0.985854	1.000000	0.985236	1.000001	0.985307	1.000001	0.985305	1.000010	0.000448	1.005183	0.000039	1.000101	0.000134	0.994482	0.000013	1356722747.546530	1.000000	61.100494	47.520218	7.424606	1.000000	0.985312	1.000000	0.985310	1.000000	0.985308	1.000000	0.985240	1.000000	0.985237	0.999300	0.000048	0.999760	0.000088	1.000000	1.000000	
1356722748.546379	1.000011	47.416091	33.947885	5.966258	1.000000	0.993421	1.000000	0.993128	1.000000	0.993164	1.000000	0.993163	1.000014	0.000535	0.999923	0.000065	0.999418	0.000143	0.988970	0.000049	1356722748.546541	1.000011	61.256897	47.670849	7.427561	1.000000	0.993166	1.000000	0.993165	1.000000	0.993164	1.000000	0.993129	1.000000	0.993128	0.998133	0.000013	1.000739	0.000059	1.000000	1.000000	
1356722749.546368	0.999989	47.200942	33.726078	5.972279	1.000000	0.978609	1.000000	0.977644	1.000000	0.977714	1.000000	0.977711	1.000043	0.000588	1.000311	0.000056	0.996593	0.000136	1.001186	0.000014	1356722749.546530	0.999989	60.888867	47.309387	7.462332	1.000000	0.977712	1.000000	0.977710	1.000000	0.977708	1.000000	0.977644	1.000000	0.977642	0.986489	0.000047	0.999994	0.002080	1.000000	1.000000	
1356722750.546368	1.000000	46.891907	33.411575	5.989227	1.000000	0.965519	1.000000	0.964131	1.000000	0.964235	1.000000	0.964218	0.999740	0.000262	0.998932	0.000066	1.002673	0.000159	1.008105	0.000065	1356722750.546535	1.000005	60.452990	46.870813	7.275675	1.000000	0.964230	1.000000	0.964226	1.000000	0.964224	1.000000	0.964126	1.000000	0.964122	1.026155	0.000022	0.990744	0.000075	1.000000	1.000000	
1356722751.546367	0.999999	47.031249	33.555833	5.994574	1.000000	0.971984	1.000000	0.970871	1.000000	0.970942	1.000000	0.970941	0.999931	0.000317	0.998716	0.000039	0.999911	0.000134	0.993653	0.000013	1356722751.546535	1.000000	60.706955	47.130814	7.387680	1.000000	0.970929	1.000000	0.970927	1.000000	0.970958	1.000000	0.970865	1.000000	0.970893	1.001335	0.000048	1.001621	0.000445	1.000000	1.000000	
1356722752.546368	1.000001	47.286225	33.818190	5.991175	1.000000	0.984355	1.000000	0.983679	1.000000	0.983749	1.000001	0.983731	1.000180	0.000555	1.001641	0.000066	1.001011	0.000141	1.002568	0.000047	1356722752.546530	0.999995	60.960953	47.404366	7.324576	1.000000	0.983741	1.000000	0.983727	1.000000	0.983738	1.000000	0.983672	1.000000	0.983670	0.997195	0.000013	0.991571	0.000086	1.000000	1.000000	
1356722753.546368	1.000000	47.300034	33.818756	5.994843	1.000000	0.984924	1.000000	0.984236	1.000000	0.984305	1.000000	0.984290	0.999952	0.000625	0.996016	0.000039	0.999637	0.000134	0.995811	0.000013	1356722753.546526	0.999996	61.061634	47.473459	7.423172	1.000000	0.984303	1.000000	0.984287	1.000000	0.984300	1.000000	0.984240	1.000000	0.984224	0.999760	0.000047	1.005253	0.000129	1.000000	1.000000	
1356722754.546368	1.000000	47.333786	33.858139	5.962677	1.000000	0.986128	1.000000	0.985515	1.000000	0.985548	1.000000	0.985534	0.999988	0.000466	1.001898	0.000064	0.999759	0.000138	0.995758	0.000047	1356722754.546525	0.999999	61.093274	47.510726	7.416419	1.000000	0.985542	1.000000	0.985542	1.000000	0.985540	1.000000	0.985515	1.000000	0.985500	0.969842	0.000014	1.000303	0.000058	1.000000	1.000000	
1356722755.546369	1.000001	47.006532	33.550261	5.992594	1.000000	0.975491	1.000000	0.974552	1.000000	0.974623	1.000000	0.974608	0.999921	0.000286	0.999913	0.000040	1.000054	0.000134	1.016016	0.000013	1356722755.546526	1.000001	60.672809	47.124284	7.258477	1.000000	0.974616	1.000000	0.974600	1.000000	0.974630	1.000000	0.974551	1.000000	0.974565	1.007336	0.000047	0.993059	0.000095	1.000000	1.000000	
1356722756.546367	0.999998	46.988234	33.522403	5.992184	1.000000	0.969397	1.000000	0.968202	1.000000	0.968309	1.000000	0.968307	1.000134	0.000344	0.999889	0.000066	1.000183	0.000141	0.999916	0.000046	1356722756.546530	1.000004	60.597960	47.035179	7.254563	1.000000	0.968299	1.000000	0.968284	1.000000	0.968312	1.000000	0.968200	1.000000	0.968212	1.006205	0.000013	1.001481	0.000444	1.000000	1.000000	
1356722757.546378	1.000011	47.338989	33.862773	5.987193	1.000000	0.990669	1.000000	0.990265	1.000000	0.990300	1.000000	0.990299	0.999420	0.000261	0.999720	0.000040	0.999631	0.000135	1.001091	0.000013	1356722757.546537	1.000007	61.200154	47.590171	7.467203	1.000000	0.990299	1.000000	0.990298	1.000000	0.990297	1.000000	0.990265	1.000000	0.990264	0.986610	0.000047	0.999929	0.000087	1.000000	1.000000	
1356722758.546368	0.999990	47.135634	33.654939	5.954802	1.000000	0.978915	1.000000	0.978014	1.000000	0.978122	1.000000	0.978119	1.000309	0.000463	1.001014	0.000064	1.000316	0.000141	1.000392	0.000048	1356722758.546528	0.999991	60.890978	47.295884	7.389883	1.000000	0.978119	1.000000	0.978116	1.000000	0.978128	1.000000	0.978015	1.000000	0.978027	1.000910	0.000678	0.999884	0.000060	1.000000	1.000000	
1356722759.546367	0.999999	46.980422	33.503801	5.989859	1.000000	0.964248	0.999999	0.962890	1.000000	0.985417	0.999999	0.962958	0.999546	0.000290	0.998756	0.000040	1.000020	0.000134	0.997333	0.000013	1356722759.546537	1.000009	60.859663	47.285903	7.445489	1.000000	0.985401	1.000000	0.962939	1.000000	0.985431	1.000000	0.985339	1.000000	0.985368	1.000112	0.000485	0.999992	0.002037	1.000000	1.000000	
1356722760.546368	1.000001	47.229020	33.743529	5.978251	1.000000	0.984085	1.000001	0.983390	1.000000	0.983459	1.000000	0.983458	1.000287	0.000424	1.000733	0.000065	1.000230	0.000138	0.989072	0.000047	1356722760.546529	0.999992	60.938772	47.349612	7.338423	1.000000	0.983461	1.000000	0.983461	1.000000	0.983459	1.000000	0.983390	1.000000	0.983388	0.993231	0.000013	0.991072	0.000059	1.000000	1.000000	
1356722761.546367	0.999999	46.373549	32.902360	5.981756	0.999994	0.940968	1.000000	0.938977	0.999999	0.939081	1.000000	0.939054	0.999842	0.000621	0.996925	0.000056	0.995262	0.000134	1.000688	0.000014	1356722761.546539	1.000010	59.746625	46.168651	7.326892	1.000000	0.939057	1.000000	0.939054	1.000000	0.939084	1.000000	0.938981	1.000000	0.938978	0.988397	0.000050	1.000883	0.000637	1.000000	1.000000	
1356722762.546367	1.000000	47.438568	33.971008	5.987762	1.000000	0.991038	1.000000	0.990654	1.000000	0.990687	1.000000	0.990686	0.999953	0.000598	1.001780	0.000065	1.002754	0.000158	1.007476	0.000063	1356722762.546537	0.999998	61.184199	47.610473	7.361754	1.000000	0.990688	1.000000	0.990687	1.000000	0.990686	1.000000	0.990652	1.000000	0.990650	1.029745	0.000022	0.968377	0.000077	1.000000	1.000000	
1356722763.546367	1.000000	47.427048	33.933899	5.977203	1.000000	0.993297	1.000000	0.993009	0.999999	0.993042	1.000000	0.993041	1.000266	0.000298	0.999751	0.000039	1.000055	0.000134	0.998815	0.000013	1356722763.546534	0.999997	61.248771	47.643855	7.414696	1.000000	0.993036	1.000000	0.993035	1.000000	0.993051	1.000000	0.993003	1.000000	0.993018	0.999310	0.000050	1.007262	0.000329	1.000000	1.000000	
1356722764.546367	1.000000	48.022858	34.558121	5.980942	1.000000	0.989932	1.000000	0.989511	1.000001	0.989546	1.000001	0.989531	1.000007	0.002280	1.000020	0.001918	1.000074	0.002509	0.999745	0.001844	1356722764.546520	0.999986	61.249824	47.683257	7.331356	1.000000	0.989531	1.000000	0.989530	1.000000	0.989545	1.000000	0.989513	1.000000	0.989512	0.985434	0.000013	1.000063	0.000677	1.000000	1.000000	
1356722765.546368	1.000001	47.309632	33.839995	5.989847	1.000000	0.986095	1.000000	0.985494	1.000000	0.985564	1.000000	0.985562	0.999955	0.000350	1.000369	0.000039	0.999551	0.000110	1.012839	0.000038	1356722765.546527	1.000007	61.039709	47.471199	7.328349	1.000000	0.985554	1.000000	0.985552	1.000000	0.985566	1.000000	0.985497	1.000000	0.985496	1.002932	0.000048	0.993530	0.000093	1.000000	1.000000	
1356722766.546368	1.000000	47.145493	33.675018	5.979523	1.000000	0.974497	1.000000	0.973458	1.000000	0.973527	1.000000	0.973526	0.999977	0.000351	0.999774	0.000067	0.999990	0.000116	1.000992	0.000068	1356722766.546533	1.000006	60.811817	47.245156	7.337099	1.000000	0.973532	1.000000	0.973518	1.000000	0.973529	1.000000	0.973458	1.000000	0.973455	1.004133	0.000013	1.001312	0.000435	1.000000	1.000000	
1356722767.546367	0.999999	47.279113	33.805712	5.970755	1.000000	0.983261	1.000000	0.982520	1.000000	0.982625	0.999999	0.982622	0.999874	0.000267	0.998454	0.000039	0.999475	0.000112	0.997908	0.000039	1356722767.546534	1.000001	61.088351	47.489365	7.459115	1.000000	0.982608	1.000000	0.982592	1.000000	0.982636	1.000000	0.982519	1.000000	0.982530	1.001027	0.000050	0.992094	0.000088	1.000000	1.000000	
1356722768.546370	1.000003	47.316763	33.835482	5.982663	1.000000	0.979254	1.000000	0.995883	1.000000	0.995919	1.000000	0.978422	0.999687	0.000303	1.000755	0.000068	1.000420	0.000119	0.998249	0.000066	1356722768.546539	1.000005	60.803941	47.230553	7.376214	1.000000	0.978429	1.000000	0.978427	1.000000	0.978426	1.000000	0.978392	1.000000	0.978360	0.996746	0.000013	1.007605	0.000091	1.000000	0.999839	
1356722769.546367	0.999997	47.303217	33.808424	5.987033	0.999999	0.985198	1.000000	0.984503	1.000000	0.984570	1.000000	0.984569	0.999924	0.000321	0.996037	0.000040	0.999666	0.000111	1.000880	0.000109	1356722769.546533	0.999994	61.088758	47.479195	7.446425	1.000000	0.984562	1.000000	0.984560	1.000000	0.984574	1.000000	0.984492	1.000000	0.984506	1.000438	0.000047	0.999990	0.002066	1.000000	1.000000	
1356722770.546368	1.000001	47.034272	33.564940	5.990900	1.000000	0.963082	1.000000	0.961772	1.000000	0.981507	1.000000	0.961839	1.000280	0.000345	1.001607	0.000066	0.999736	0.000118	1.000841	0.000073	1356722770.546534	1.000001	60.479877	46.908876	7.326516	1.000000	0.961828	1.000000	0.961827	1.000000	0.961839	1.000000	0.961760	1.000000	0.961742	1.002109	0.000012	0.991116	0.000060	1.000000	0.999642	
1356722771.546368	1.000000	47.334625	33.842896	5.977463	1.000000	0.981472	1.000000	0.980687	1.000000	0.980754	1.000000	0.980752	0.999834	0.000450	1.000997	0.000039	0.999681	0.000110	1.000644	0.000040	1356722771.546535	1.000001	61.085345	47.476182	7.439675	1.000000	0.980753	1.000000	0.980752	1.000000	0.980750	1.000000	0.980684	1.000000	0.980682	0.999268	0.000048	1.001249	0.000436	1.000000	1.000000	
1356722772.546367	0.999999	47.483276	34.004045	5.944799	1.000000	0.989403	1.000000	0.988913	1.000000	0.988983	1.000000	0.988954	1.000088	0.000489	0.999633	0.000066	1.000503	0.000118	1.000436	0.000066	1356722772.546540	1.000005	61.384474	47.790486	7.437295	1.000000	0.988956	1.000000	0.988954	1.000000	0.988986	1.000000	0.988917	1.000000	0.988914	1.001043	0.000013	1.000137	0.000059	1.000000	1.000000	
1356722773.546367	1.000000	47.374832	33.885269	5.967148	1.000000	0.984177	1.000000	0.983424	1.000000	0.983492	1.000000	0.983478	0.999965	0.000612	0.996693	0.000056	0.994492	0.000109	0.986638	0.000040	1356722773.546537	0.999997	61.229056	47.623088	7.435951	1.000000	0.983492	1.000000	0.983490	1.000000	0.983488	1.000000	0.983422	1.000000	0.983420	0.985517	0.000046	1.000304	0.000108	1.000000	1.000000	
1356722774.546367	1.000000	47.389008	33.918091	5.989349	1.000000	0.990261	1.000000	0.989810	1.000000	0.989878	1.000000	0.989862	0.999904	0.000689	1.002423	0.000067	1.004892	0.000132	1.005335	0.000083	1356722774.546532	0.999995	61.185487	47.614542	7.320181	1.000000	0.989864	1.000000	0.989862	1.000000	0.989877	1.000000	0.989807	1.000000	0.989806	1.028691	0.000023	0.999167	0.000075	1.000000	1.000000	
1356722775.546373	1.000006	47.491920	33.993175	5.962321	1.000000	0.992786	1.000000	0.992486	1.000000	0.992520	1.000001	0.992520	1.000431	0.000321	1.001709	0.000039	0.999826	0.000109	1.000433	0.000039	1356722775.546537	1.000005	61.381269	47.764669	7.507744	1.000000	0.992511	1.000000	0.992510	1.000000	0.992526	1.000000	0.992489	1.000000	0.992488	0.999704	0.000048	0.994144	0.000092	1.000000	1.000000	
1356722776.546377	1.000004	47.402228	33.919449	5.965552	1.000000	0.990368	1.000000	0.989928	1.000000	0.989962	1.000000	0.989961	1.000028	0.000434	0.999361	0.000066	0.999974	0.000117	0.997640	0.000065	1356722776.546541	1.000004	61.350276	47.734899	7.473191	1.000000	0.989951	1.000000	0.989950	1.000000	0.989966	1.000000	0.989929	1.000000	0.989928	1.002250	0.000013	1.001370	0.000412	1.000000	1.000000	
1356722777.546368	0.999991	47.415698	33.940493	5.985253	1.000000	0.989416	1.000000	0.988956	1.000000	0.988991	1.000000	0.988990	0.999566	0.000287	1.001392	0.000039	0.999785	0.000111	1.004630	0.000040	1356722777.546530	0.999989	61.005094	47.432771	7.349995	1.000000	0.969557	1.000000	0.988989	1.000000	0.988988	1.000000	0.988955	1.000000	0.969518	0.999655	0.000046	1.000051	0.000090	1.000000	1.000000	
1356722778.546367	0.999999	47.358520	33.887758	5.988836	1.000000	0.984580	1.000000	0.983890	1.000000	0.983961	0.999999	0.983959	1.000170	0.000405	0.999337	0.000065	0.998795	0.000116	0.999346	0.000066	1356722778.546534	1.000004	61.084744	47.513601	7.320298	1.000000	0.983971	1.000000	0.983942	1.000000	0.983968	1.000000	0.983895	1.000000	0.983892	1.001045	0.000020	0.990434	0.000059	1.000000	1.000000	
1356722779.546367	1.000000	47.437500	33.945786	5.962814	1.000000	0.986015	0.999999	0.985399	1.000000	0.985467	1.000000	0.985440	1.000034	0.000650	0.996899	0.000040	0.999573	0.000111	1.003911	0.000040	1356722779.546532	0.999998	61.238993	47.628249	7.453322	1.000000	0.985462	1.000000	0.985459	1.000000	0.985458	1.000000	0.985395	1.000000	0.985392	1.000041	0.000047	1.000270	0.002072	1.000000	1.000000	
1356722780.546367	1.000000	47.230713	33.752701	5.995850	1.000000	0.980269	1.000000	0.979466	1.000001	0.979536	1.000000	0.979534	0.999951	0.000686	1.000196	0.000065	1.001356	0.000115	0.998304	0.000063	1356722780.546533	1.000001	60.943164	47.353318	7.383706	1.000000	0.979525	1.000000	0.979508	1.000000	0.979538	1.000000	0.979460	1.000000	0.979470	0.997295	0.000013	0.990124	0.000061	1.000000	1.000000	
1356722781.546367	1.000000	47.299301	33.819031	5.972427	1.000000	0.985131	0.999999	0.984452	1.000000	0.984525	1.000000	0.984509	0.999923	0.000780	1.002389	0.000040	1.000420	0.000109	1.000039	0.000039	1356722781.546537	1.000004	61.088177	47.502737	7.410828	1.000000	0.984523	1.000000	0.984521	1.000000	0.984518	1.000000	0.984442	1.000000	0.984455	1.000232	0.000047	1.001405	0.000426	1.000000	1.000000	
1356722782.546367	1.000000	47.427750	33.957932	5.968048	1.000000	0.973254	1.000001	0.994140	1.000000	0.994175	1.000000	0.994175	1.000239	0.000390	1.000598	0.000064	1.000128	0.000114	0.999875	0.000065	1356722782.546545	1.000008	61.308799	47.742655	7.361268	1.000000	0.994167	1.000000	0.994167	1.000000	0.994182	1.000000	0.994135	1.000000	0.994149	0.998057	0.000013	0.999564	0.000060	1.000000	1.000000	
1356722783.546379	1.000012	47.090167	33.605526	5.967855	1.000000	0.976008	1.000000	0.975003	1.000000	0.975075	1.000000	0.975073	0.999935	0.000590	0.998018	0.000039	0.999933	0.000110	0.999610	0.000040	1356722783.546540	0.999995	60.732467	47.142723	7.380057	1.000000	0.975066	1.000000	0.975064	1.000000	0.975078	1.000000	0.975002	1.000000	0.975015	1.000040	0.000048	0.981738	0.000098	1.000000	1.000000	
1356722784.546368	0.999989	47.052030	33.588213	5.968495	0.999956	0.974233	1.000000	0.973211	1.000000	0.973279	1.000000	0.973264	1.000214	0.000310	1.001371	0.000066	1.000310	0.000117	1.000263	0.000064	1356722784.546532	0.999992	60.758000	47.179215	7.415938	1.000000	0.973259	1.000000	0.973256	1.000000	0.973288	1.000000	0.973206	1.000000	0.973219	0.999360	0.000013	1.030493	0.000060	1.000000	1.000000	
1356722785.546367	0.999999	47.563827	34.079882	5.982763	1.000000	0.995806	1.000000	0.995599	1.000000	0.995632	1.000000	0.995633	0.999941	0.000328	1.000195	0.000055	0.994476	0.000112	0.984546	0.000040	1356722785.546532	1.000000	61.404785	47.829178	7.461105	1.000000	0.995636	1.000000	0.995635	1.000000	0.995634	1.000000	0.995598	1.000000	0.995597	0.986854	0.000047	0.993742	0.000094	1.000000	1.000000	
1356722786.546368	1.000001	47.110597	33.641219	5.994730	1.000000	0.978380	1.000000	0.977566	1.000000	0.977636	1.000000	0.977623	0.999961	0.000682	0.998291	0.000065	1.004054	0.000132	1.007101	0.000081	1356722786.546533	1.000001	60.829395	47.265626	7.326119	1.000000	0.977636	1.000000	0.977619	1.000000	0.977632	1.000000	0.977571	1.000000	0.977555	1.027671	0.000023	1.001295	0.000424	1.000000	0.999997	
1356722787.546367	0.999999	47.435180	33.966372	5.978353	1.000000	0.991171	1.000000	0.990788	1.000000	0.990825	1.000000	0.990822	0.999992	0.000782	0.998336	0.000039	1.000088	0.000110	0.999023	0.000039	1356722787.546536	1.000003	61.230554	47.668477	7.314232	1.000000	0.990824	1.000000	0.990822	1.000000	0.990821	1.000000	0.990789	1.000000	0.990788	0.987205	0.000048	1.000368	0.000090	1.000000	1.000000	
1356722788.546367	1.000000	47.502258	34.007736	5.985489	1.000000	0.995769	1.000000	0.995562	1.000000	0.995594	1.000000	0.995594	0.999730	0.000752	1.002160	0.000065	0.998930	0.000117	1.000184	0.000065	1356722788.546536	1.000000	61.398727	47.792221	7.484772	1.000000	0.995585	1.000000	0.995585	1.000000	0.995600	1.000000	0.995553	1.000000	0.995567	1.000826	0.000730	0.999225	0.000060	1.000000	1.000003	
1356722789.546368	1.000001	48.053192	34.565763	5.966990	1.000000	0.988449	1.000000	0.987893	1.000000	0.987963	1.000000	0.987960	1.000005	0.002684	0.999922	0.001999	0.999795	0.001966	1.000006	0.002402	1356722789.546510	0.999974	61.313834	47.718907	7.393854	1.000000	0.987952	1.000000	0.987953	1.000000	0.987966	1.000000	0.987891	1.000000	0.987889	1.001796	0.000037	0.999973	0.002669	1.000000	1.000000	
1356722790.546367	0.999999	47.175033	33.711702	5.974661	1.000000	0.980650	1.000000	0.979806	1.000000	0.979879	1.000000	0.979876	0.999879	0.000686	0.999650	0.000092	1.004254	0.000129	0.998779	0.000066	1356722790.546537	1.000027	60.906791	47.332755	7.343125	1.000000	0.979891	1.000000	0.979875	1.000000	0.979888	1.000000	0.979811	1.000000	0.979823	1.000110	0.000014	0.969793	0.000073	1.000000	1.000000	
1356722791.546368	1.000001	47.488907	33.989897	5.975885	1.000000	0.989709	1.000000	0.989319	1.000001	0.989355	1.000000	0.989355	1.000264	0.000626	1.002500	0.000052	0.999905	0.000146	1.003035	0.000052	1356722791.546533	0.999996	61.214634	47.626261	7.416900	1.000000	0.989359	1.000000	0.989357	1.000000	0.989357	1.000000	0.989320	1.000000	0.989319	0.999106	0.000054	1.004973	0.000456	1.000000	1.000000	
1356722792.546367	0.999999	47.195556	33.738283	5.985418	1.000000	0.979522	1.000000	0.978612	1.000000	0.978683	1.000001	0.978681	1.000152	0.000759	1.000030	0.000077	1.000281	0.000145	1.000505	0.000066	1356722792.546537	1.000004	60.862501	47.295966	7.327103	1.000000	0.978685	1.000000	0.978682	1.000000	0.978680	1.000000	0.978615	1.000000	0.978612	0.996944	0.000013	0.992231	0.000069	1.000000	1.000000	
1356722793.546376	1.000009	47.226043	33.724243	5.976814	1.000000	0.976268	1.000000	0.975227	1.000000	0.975296	1.000000	0.975282	1.000001	0.000645	1.002061	0.000039	0.999975	0.000109	0.999920	0.000039	1356722793.546537	1.000000	60.923065	47.303116	7.441452	1.000000	0.975274	1.000000	0.975273	1.000000	0.975304	1.000000	0.975220	1.000000	0.975234	1.000239	0.000086	1.004442	0.000130	1.000000	1.000000	
1356722794.546367	0.999991	47.167908	33.691177	5.991723	1.000000	0.979837	1.000000	0.978940	1.000000	0.979008	1.000000	0.978992	0.999964	0.000710	0.999473	0.000067	0.999954	0.000117	0.999971	0.000067	1356722794.546541	1.000004	60.820539	47.256873	7.441513	1.000000	0.978992	1.000000	0.978990	1.000000	0.979005	1.000000	0.978936	1.000000	0.978934	1.000184	0.000008	0.999645	0.000060	1.000000	1.000000	
1356722795.546368	1.000001	47.284745	33.807661	5.977304	1.000000	0.986617	1.000000	0.985994	1.000000	0.986067	1.000000	0.986066	1.000034	0.000609	0.998686	0.000039	0.999311	0.000110	0.996705	0.000039	1356722795.546529	0.999988	61.004298	47.435502	7.348827	1.000000	0.986057	1.000000	0.986054	1.000000	0.986069	1.000000	0.986001	1.000000	0.985999	1.000525	0.000054	0.994112	0.000097	1.000000	1.000000	
1356722796.546367	0.999999	47.045409	33.564272	5.980825	1.000000	0.967967	0.999999	0.966660	1.000000	0.966729	0.999999	0.966727	0.999725	0.000464	0.998120	0.000068	1.000101	0.000118	0.999780	0.000067	1356722796.546532	1.000003	60.631984	47.048225	7.375191	1.000000	0.966730	1.000000	0.966728	1.000000	0.966725	1.000000	0.966663	1.000000	0.966661	0.999652	0.000013	1.001300	0.000431	1.000000	1.000000	
1356722797.546367	1.000000	47.333374	33.848526	5.969482	0.999999	0.985229	1.000000	0.984584	1.000000	0.984654	1.000000	0.984651	1.000128	0.000431	1.003194	0.000055	0.995795	0.000111	0.988915	0.000040	1356722797.546535	1.000003	61.075128	47.482504	7.419151	1.000000	0.984645	1.000000	0.984643	1.000000	0.984657	1.000000	0.984587	1.000000	0.984585	0.986763	0.000049	0.999647	0.000087	1.000000	1.000000	
1356722798.546368	1.000001	47.386536	33.913466	5.976130	1.000000	0.990508	1.000001	0.990097	1.000000	0.990132	1.000000	0.990130	0.999915	0.000371	0.998470	0.000068	1.002983	0.000134	1.005282	0.000082	1356722798.546535	1.000000	61.154526	47.586365	7.337982	1.000000	0.990134	1.000000	0.990120	1.000000	0.990133	1.000000	0.990098	1.000000	0.990097	1.030130	0.000023	1.000151	0.000074	1.000000	1.000000	
1356722799.546368	1.000000	47.227875	33.737885	5.952545	1.000000	0.981373	1.000000	0.980645	1.000000	0.980715	1.000000	0.980714	0.999944	0.000745	1.001450	0.000039	1.000990	0.000111	1.001696	0.000039	1356722799.546539	1.000004	60.986081	47.392874	7.399964	1.000000	0.980721	1.000000	0.980719	1.000000	0.980718	1.000000	0.980649	1.000000	0.980647	0.998910	0.000050	0.999177	0.002106	1.000000	1.000000	
1356722800.546368	1.000000	47.500488	34.022705	5.975006	1.000000	0.995536	1.000000	0.995329	1.000000	0.995363	1.000000	0.995362	0.999999	0.000679	1.000389	0.000364	0.999483	0.000119	0.999129	0.000064	1356722800.546536	0.999997	61.316367	47.736888	7.345756	1.000000	0.995363	1.000000	0.995361	1.000000	0.995361	1.000000	0.995328	1.000000	0.995326	1.002279	0.000012	1.019885	0.000059	0.999997	1.000000	
1356722801.546367	0.999999	47.233245	33.742326	5.972067	1.000000	0.984109	1.000000	0.983428	1.000000	0.983498	1.000000	0.983483	1.000021	0.000602	0.997152	0.000039	0.999997	0.000112	0.999452	0.000040	1356722801.546538	1.000002	61.052160	47.452424	7.407869	1.000000	0.983495	1.000000	0.983481	1.000000	0.983493	1.000000	0.983426	1.000000	0.983425	0.999246	0.000046	1.001245	0.000445	1.000003	1.000000	
1356722802.546367	1.000000	47.299042	33.807297	5.966995	1.000000	0.983368	1.000001	0.982637	1.000000	0.982708	1.000001	0.982695	1.000161	0.000351	0.998943	0.000065	1.000178	0.000117	1.002332	0.000065	1356722802.546531	0.999993	60.989618	47.406898	7.436758	1.000000	0.982714	1.000000	0.982683	1.000000	0.982712	1.000000	0.982633	1.000000	0.982646	0.999246	0.000013	1.000441	0.000059	1.000000	1.000000	
1356722803.546367	1.000000	46.951355	33.476669	5.985626	1.000000	0.970965	1.000000	0.969889	0.999999	0.969956	0.999999	0.969942	0.999948	0.000623	1.001268	0.000039	0.999694	0.000110	0.997815	0.000039	1356722803.546538	1.000007	60.567895	46.999919	7.321238	1.000000	0.969945	1.000000	0.969942	1.000000	0.969957	1.000000	0.969885	1.000000	0.969885	1.000939	0.000047	0.999811	0.000098	1.000000	1.000000	
1356722804.546371	1.000004	47.132698	33.642457	5.971976	1.000000	0.974835	1.000001	0.973791	1.000001	0.973859	1.000001	0.973842	1.000054	0.000619	1.002553	0.000065	0.999881	0.000117	1.000229	0.000064	1356722804.546533	0.999995	60.829849	47.235786	7.448508	1.000000	0.973854	1.000000	0.973838	1.000000	0.973850	1.000000	0.973782	1.000000	0.973780	0.996851	0.000013	0.999994	0.000061	1.000000	1.000000	
1356722805.546367	0.999996	47.225259	33.735290	5.976770	1.000000	0.982050	1.000000	0.981243	1.000000	0.981313	1.000000	0.981311	1.000081	0.000300	0.996649	0.000039	1.000806	0.000111	1.000968	0.000039	1356722805.546530	0.999997	61.019003	47.425760	7.351341	1.000000	0.981308	1.000000	0.981305	1.000000	0.981320	1.000000	0.981238	1.000000	0.981252	1.000324	0.000046	0.993787	0.000093	1.000000	1.000000	
1356722806.546375	1.000008	47.351285	33.877014	5.979657	1.000000	0.989558	1.000000	0.989082	1.000000	0.989153	1.000000	0.989152	1.000012	0.000770	0.999563	0.000065	0.999347	0.000117	0.999665	0.000066	1356722806.546536	1.000006	61.126345	47.561591	7.351412	1.000000	0.989154	1.000000	0.989153	1.000000	0.989151	1.000000	0.989083	1.000000	0.989081	0.999504	0.000013	1.001449	0.000406	1.000000	1.000000	
1356722807.546378	1.000003	47.341665	33.843569	5.957028	1.000000	0.987556	1.000000	0.987007	1.000000	0.987043	1.000000	0.987029	0.999983	0.000663	1.000645	0.000039	1.000675	0.000110	0.999429	0.000039	1356722807.546539	1.000003	61.170160	47.560903	7.482094	1.000000	0.987044	1.000000	0.987029	1.000000	0.987043	1.000000	0.987012	1.000000	0.987011	1.000556	0.000047	0.999762	0.000087	1.000000	1.000000	
1356722808.546374	0.999996	47.248009	33.760208	5.966531	1.000000	0.985217	1.000000	0.984582	1.000000	0.984616	1.000000	0.984615	0.999984	0.000584	0.999988	0.000064	0.999983	0.000115	1.001042	0.000068	1356722808.546537	0.999998	60.995462	47.401748	7.392028	1.000000	0.984619	1.000000	0.984604	1.000000	0.984618	1.000000	0.984585	1.000000	0.984584	0.996541	0.000012	1.000218	0.000058	1.000000	1.000000	
1356722809.546367	0.999993	47.195501	33.732579	5.960048	1.000000	0.981558	1.000000	0.980737	1.000000	0.980807	0.999999	0.980805	0.999924	0.000578	0.997073	0.000056	0.995143	0.000115	0.985181	0.000041	1356722809.546534	0.999997	60.950644	47.390863	7.339210	1.000000	0.980798	1.000000	0.980797	1.000000	0.980811	1.000000	0.980741	1.000000	0.980739	0.986737	0.000047	0.999968	0.002042	1.000000	1.000000	
1356722810.546368	1.000001	47.046281	33.553954	5.970591	1.000000	0.970816	1.000000	0.969674	1.000000	0.969746	1.000000	0.969731	0.999994	0.000536	1.001410	0.000064	1.003791	0.000132	1.006303	0.000081	1356722810.546531	0.999997	60.705465	47.111550	7.391274	1.000000	0.969745	1.000000	0.969729	1.000000	0.969743	1.000000	0.969673	1.000000	0.969671	1.027321	0.000022	0.991890	0.000075	1.000000	1.000000	
1356722811.546368	1.000000	47.498169	34.008728	5.974243	1.000000	0.992683	1.000000	0.992350	1.000000	0.992385	1.000000	0.992384	1.000032	0.000506	1.000331	0.000040	0.999523	0.000112	0.999590	0.000040	1356722811.546538	1.000007	61.337940	47.748297	7.399378	1.000000	0.992388	1.000000	0.992387	1.000000	0.992386	1.000000	0.992352	1.000000	0.992351	1.000950	0.000048	0.997563	0.000447	1.000000	1.000000	
1356722812.546367	0.999999	715797709.598966	715769734.178976	715794787.962955	0.999949	1.000884	0.999945	1.000882	0.999957	1.000885	0.999947	1.000879	0.999949	1.000890	0.999950	1.000875	0.999948	1.000886	0.999948	1.000885	1356722812.546465	0.999927	715831144.430028	715833174.332013	715848631.003723	0.999949	1.000883	0.999945	1.000883	3.895862	0.256899	0.999947	1.000879	0.999948	1.000885	0.999951	1.000883	0.999948	1.000884	0.999949	1.000886	
1356722813.546397	1.000030	0.000000	0.000000	0.000000	-nan	-nan	-nan	-nan	0.000000	inf	-nan	-nan	-nan	0.000000	-nan	-nan	-nan	-nan	-nan	-nan	1356722813.546484	1.000019	0.000000	0.000000	0.000000	-nan	-nan	-nan	-nan	0.000000	inf	-nan	-nan	-nan	-nan	-nan	-nan	-nan	-nan	-nan	-nan	
1356722814.546440	1.000043	0.000000	0.000000	0.000000	-nan	-nan	-nan	-nan	0.000000	inf	-nan	-nan	-nan	-nan	-nan	-nan	-nan	-nan	-nan	-nan	1356722814.546516	1.000032	0.000000	0.000000	0.000000	-nan	-nan	-nan	-nan	-nan	-nan	-nan	-nan	-nan	-nan	-nan	-nan	-nan	-nan	-nan	-nan	
