ts_0	elapsed_0	pkg_0	pp0_0	dram_0	freq_ratio_0_0	c0_ratio_0_0	freq_ratio_0_1	c0_ratio_0_1	freq_ratio_0_2	c0_ratio_0_2	freq_ratio_0_3	c0_ratio_0_3	freq_ratio_0_4	c0_ratio_0_4	freq_ratio_0_5	c0_ratio_0_5	freq_ratio_0_6	c0_ratio_0_6	freq_ratio_0_7	c0_ratio_0_7	ts_1	elapsed_1	pkg_1	pp0_1	dram_1	freq_ratio_1_0	c0_ratio_1_0	freq_ratio_1_1	c0_ratio_1_1	freq_ratio_1_2	c0_ratio_1_2	freq_ratio_1_3	c0_ratio_1_3	freq_ratio_1_4	c0_ratio_1_4	freq_ratio_1_5	c0_ratio_1_5	freq_ratio_1_6	c0_ratio_1_6	freq_ratio_1_7	c0_ratio_1_7	
1356717796.402676	1.001818	52.915826	39.603236	6.116063	1.153442	0.463139	1.153036	0.458265	1.152863	0.459042	1.153737	0.460792	1.153540	0.458271	1.153929	0.459076	1.153861	0.458316	1.153911	0.457851	1356717796.402822	1.000392	55.084503	41.798467	2.641177	0.999939	0.993936	0.999984	0.993683	1.000001	0.992172	0.999982	0.992218	1.004021	0.000031	1.002475	0.000085	0.625678	0.000050	0.999916	0.994729	
1356717797.402671	0.999995	53.193427	39.896989	6.109100	1.000000	1.000000	1.000000	1.000000	1.000000	1.000000	1.000031	0.000516	1.000000	1.000000	0.999958	0.004161	1.002185	0.000065	1.000000	1.000000	1356717797.402808	0.999986	55.392167	42.104947	3.249390	1.000000	1.000000	1.000000	1.000000	1.000000	1.000000	1.000000	1.000000	1.002275	0.000059	0.997501	0.000011	0.993901	0.000066	1.000000	1.000000	
1356717798.402670	0.999999	53.183446	39.881019	6.115240	0.999999	1.000000	1.000000	1.000000	1.000000	1.000000	0.999950	0.000582	1.000000	1.000000	1.000001	0.000522	1.000100	0.000039	1.000000	1.000000	1356717798.402812	1.000004	55.485951	42.200848	2.206015	1.000000	1.000000	1.000000	1.000000	1.000000	1.000000	1.000000	1.000000	0.995370	0.000011	1.000333	0.000058	1.003063	0.000301	1.000000	1.000000	
1356717799.402671	1.000001	53.280863	39.988243	6.109064	1.000001	1.000000	1.000000	1.000000	1.000000	1.000000	0.999998	0.000496	1.000000	1.000000	0.999991	0.003307	1.000546	0.000065	1.000000	1.000000	1356717799.402805	0.999993	55.417085	42.135576	2.967580	1.000000	1.000000	1.000000	1.000000	1.000000	1.000000	1.000000	1.000000	1.000969	0.000058	1.001118	0.000012	0.995440	0.000085	1.000000	1.000000	
1356717800.402670	0.999999	53.240041	39.945747	6.101599	1.000000	0.999782	1.000000	0.999811	1.000000	0.999781	0.999998	0.003869	1.000000	0.999766	1.000001	0.002888	0.999996	0.003009	1.000000	0.999804	1356717800.402813	1.000008	55.328012	42.062922	1.985152	1.000000	0.999808	1.000000	0.999784	1.000000	0.999783	1.000000	0.999782	0.999993	0.002780	0.999997	0.002561	0.999998	0.002869	1.000000	1.000000	
1356717801.402671	1.000001	53.231990	39.940239	6.133722	1.000000	1.000000	1.000000	1.000000	1.000000	1.000000	0.999914	0.000477	1.000001	1.000000	0.999866	0.004136	0.991175	0.000074	1.000000	1.000000	1356717801.402810	0.999997	55.378956	42.103326	3.248850	1.000000	1.000000	1.000000	1.000000	1.000000	1.000000	1.000000	1.000000	0.993376	0.000083	0.996781	0.000011	0.990316	0.000064	1.000000	1.000000	
1356717802.402670	0.999999	53.193395	39.899620	6.121405	1.000000	1.000000	1.000000	1.000000	1.000000	1.000000	1.000021	0.000840	1.000000	1.000000	1.000350	0.001490	1.009778	0.000086	1.000000	1.000000	1356717802.402808	0.999998	55.287215	42.019596	2.533010	1.000000	1.000000	1.000000	1.000000	1.000000	1.000000	1.000000	1.000000	1.004176	0.000129	1.000161	0.000215	1.010134	0.000062	1.000000	1.000000	
1356717803.402671	1.000001	53.242350	39.948113	6.109064	1.000000	1.000000	1.000000	1.000000	1.000000	1.000000	0.999968	0.000495	1.000000	1.000000	0.999995	0.003522	0.995003	0.000046	1.000000	1.000000	1356717803.402811	1.000003	55.346981	42.078300	3.004553	1.000000	1.000000	1.000000	1.000000	1.000000	1.000000	1.000000	1.000000	0.999545	0.000070	0.999774	0.000051	1.001289	0.000332	1.000000	1.000000	
1356717804.402670	0.999999	53.113896	39.820793	6.121405	1.000000	0.998736	1.000000	0.998730	1.000000	0.998710	0.999989	0.000503	1.000000	0.998675	0.998451	0.000008	1.001367	0.000014	1.000000	0.998713	1356717804.402809	0.999998	55.125517	41.858509	1.948597	1.000000	0.998725	1.000000	0.998702	1.000000	0.998704	1.000000	0.998709	1.000395	0.000051	1.000114	0.000094	0.990241	0.000045	1.000000	1.000000	
1356717805.402671	1.000001	53.232859	39.952904	6.115229	1.000000	1.000000	1.000000	1.000000	1.000000	1.000000	1.000005	0.000473	1.000000	1.000000	0.999992	0.003545	0.998179	0.000050	1.000000	1.000000	1356717805.402808	0.999999	55.239265	41.972483	3.133197	1.000000	1.000000	1.000000	1.000000	1.000000	1.000000	1.000000	1.000000	1.000144	0.000086	0.999163	0.000036	1.000010	0.002030	1.000000	1.000000	
1356717806.402670	0.999999	53.610952	40.314019	6.127569	1.000000	1.000000	1.000000	1.000000	1.000000	1.000000	0.999947	0.000529	1.000000	1.000000	0.999517	0.002326	1.007072	0.000013	1.000000	1.000000	1356717806.402803	0.999995	55.216600	41.948910	2.772414	1.000000	1.000000	1.000000	1.000000	1.000000	1.000000	1.000000	1.000000	0.999746	0.000052	1.000386	0.000080	1.000775	0.000011	1.000000	1.000000	
1356717807.402670	1.000000	53.029388	39.730515	6.115234	1.000000	1.000000	1.000000	1.000000	1.000000	1.000000	0.999975	0.000464	1.000000	1.000000	1.000294	0.003685	0.999443	0.000050	1.000000	1.000000	1356717807.402811	1.000008	55.163905	41.896175	3.145330	1.000000	1.000000	1.000000	1.000000	1.000000	1.000000	1.000000	1.000000	1.000190	0.000097	0.999001	0.000036	0.991640	0.000067	1.000000	1.000000	
1356717808.402670	1.000000	53.043365	39.743637	6.133728	1.000000	1.000000	1.000000	1.000000	1.000000	1.000000	0.999995	0.002168	1.000000	1.000000	0.999996	0.001623	1.002080	0.000014	1.000000	1.000000	1356717808.402808	0.999997	55.274997	42.006722	3.026316	1.000000	1.000000	1.000000	1.000000	1.000000	1.000000	1.000000	1.000000	0.999671	0.000053	1.000470	0.000060	1.003243	0.000286	1.000000	1.000000	
1356717809.402671	1.000001	53.078853	39.781258	6.102899	1.000000	1.000000	1.000000	1.000000	1.000000	1.000000	0.999991	0.002326	1.000000	1.000000	1.002901	0.000072	0.999415	0.000047	1.000000	1.000000	1356717809.402808	1.000000	55.066849	41.807770	2.590042	1.000000	1.000000	1.000000	1.000000	1.000000	1.000000	1.000000	1.000000	1.000183	0.000093	0.999091	0.000035	0.995549	0.000092	1.000000	1.000000	
1356717810.402678	1.000007	715811985.766494	715770428.804603	715771213.711026	0.999949	1.000383	0.999947	1.000389	0.999958	1.000386	0.999949	1.000385	0.999950	1.000389	0.999952	1.000383	0.999950	1.000389	0.999950	1.000387	1356717810.402783	0.999975	715839761.561429	715792386.224024	715845346.287464	0.999950	1.000385	0.999947	1.000388	3.895822	0.256774	0.999949	1.000384	0.999950	1.000391	0.999952	1.000383	0.999949	1.000388	0.999950	1.000387	
1356717811.402671	0.999993	0.000000	0.000000	0.000000	-nan	-nan	-nan	-nan	8.000000	inf	-nan	-nan	-nan	0.000000	-nan	-nan	-nan	-nan	-nan	-nan	1356717811.402762	0.999979	0.000000	0.000000	0.000000	-nan	-nan	-nan	-nan	0.000000	inf	-nan	-nan	-nan	-nan	-nan	-nan	-nan	-nan	-nan	-nan	
1356717812.402677	1.000006	0.000000	0.000000	0.000000	-nan	-nan	-nan	-nan	1521690187078.805176	inf	-nan	-nan	-nan	0.000000	-nan	-nan	-nan	-nan	-nan	-nan	1356717812.402768	1.000006	0.000000	0.000000	0.000000	-nan	-nan	-nan	-nan	inf	-nan	-nan	-nan	-nan	-nan	-nan	-nan	-nan	-nan	-nan	-nan	
