ts_0	elapsed_0	pkg_0	pp0_0	dram_0	freq_ratio_0_0	c0_ratio_0_0	freq_ratio_0_1	c0_ratio_0_1	freq_ratio_0_2	c0_ratio_0_2	freq_ratio_0_3	c0_ratio_0_3	freq_ratio_0_4	c0_ratio_0_4	freq_ratio_0_5	c0_ratio_0_5	freq_ratio_0_6	c0_ratio_0_6	freq_ratio_0_7	c0_ratio_0_7	ts_1	elapsed_1	pkg_1	pp0_1	dram_1	freq_ratio_1_0	c0_ratio_1_0	freq_ratio_1_1	c0_ratio_1_1	freq_ratio_1_2	c0_ratio_1_2	freq_ratio_1_3	c0_ratio_1_3	freq_ratio_1_4	c0_ratio_1_4	freq_ratio_1_5	c0_ratio_1_5	freq_ratio_1_6	c0_ratio_1_6	freq_ratio_1_7	c0_ratio_1_7	
1354694701.498573	1.001667	53.959289	40.726069	3.513049	1.157119	0.376455	1.155015	0.364169	1.154740	0.364189	1.156827	0.371975	1.154186	0.362690	1.157248	0.374934	1.155522	0.366029	1.156277	0.369369	1354694701.498650	1.000330	46.219444	33.035211	2.410368	0.999869	0.615107	0.999995	0.614482	0.999974	0.613797	1.000001	0.613641	0.999969	0.612779	1.000012	0.003828	1.003747	0.000076	0.999830	0.904282	
1354694702.498569	0.999996	61.078968	47.861019	3.586700	0.983866	0.805372	0.983986	0.811444	0.985033	0.870005	0.983857	0.804882	0.983335	0.808192	0.983853	0.804740	0.983854	0.804771	0.983853	0.804736	1354694702.498638	0.999988	52.072032	38.875784	2.677217	1.000000	0.804996	1.000000	0.804997	1.000000	0.804971	1.000000	0.805023	1.000000	0.805017	1.000411	0.000194	0.999933	0.000331	1.000000	1.000000	
1354694703.498569	1.000000	66.338135	53.122177	3.788025	0.942536	0.999385	0.942536	0.999385	0.942536	0.999385	0.942535	0.999386	0.942535	0.999385	0.942534	0.999382	0.942533	0.999384	0.942533	0.999383	1354694703.498646	1.000008	59.790821	46.588642	2.181959	1.000000	1.000000	1.000000	1.000000	1.000000	1.000000	1.000000	1.000000	1.000000	1.000000	0.999997	0.034134	0.999998	0.012514	1.000000	1.000000	
1354694704.498571	1.000002	64.693724	51.467462	3.782540	0.927869	0.999125	0.927869	0.999124	0.927869	0.999124	0.927870	0.999123	0.927870	0.999122	0.927870	0.999124	0.927870	0.999122	0.927870	0.999121	1354694704.498650	1.000004	60.109894	46.895730	2.443792	1.000000	1.000000	1.000000	1.000000	1.000000	1.000000	1.000000	1.000000	1.000000	1.000000	0.999999	0.123426	0.999998	0.066442	1.000000	1.000000	
1354694705.498568	0.999997	64.707949	51.473380	3.782528	0.923596	0.998110	0.923595	0.998110	0.923595	0.998108	0.923594	0.998107	0.923594	0.998106	0.923593	0.998106	0.923593	0.998105	0.923590	0.998104	1354694705.498636	0.999986	58.869053	45.652849	1.764109	1.000000	1.000000	1.000000	1.000000	1.000000	1.000000	1.000000	1.000000	1.000000	1.000000	0.999977	0.003761	1.000013	0.002568	1.000000	1.000000	
1354694706.498568	1.000000	64.700424	51.460663	3.776764	0.921008	0.997610	0.921008	0.997609	0.921008	0.997608	0.921008	0.997606	0.921008	0.997606	0.921008	0.997603	0.921008	0.997602	0.921011	0.997599	1354694706.498634	0.999998	59.028128	45.811962	1.672092	1.000000	1.000000	1.000000	1.000000	1.000000	1.000000	1.000000	1.000000	1.000000	1.000000	1.000052	0.000096	0.999996	0.004124	1.000000	1.000000	
1354694707.498568	1.000000	64.704193	51.454300	3.796478	0.922263	0.997209	0.922263	0.997207	0.922263	0.997205	0.922264	0.997202	0.922264	0.997202	0.922264	0.997201	0.922264	0.997199	0.922264	0.997200	1354694707.498632	0.999998	59.118750	45.894344	2.039524	1.000000	1.000000	1.000000	1.000000	1.000000	1.000000	1.000000	1.000000	1.000000	1.000000	1.000715	0.000133	0.999886	0.004902	1.000000	1.000000	
1354694708.498568	1.000000	64.636963	51.396729	3.780350	0.920967	0.996819	0.920967	0.996817	0.920967	0.996817	0.920966	0.996815	0.920967	0.996812	0.920967	0.996811	0.920966	0.996808	0.920964	0.996806	1354694708.498636	1.000004	58.841436	45.615675	2.175544	1.000000	1.000000	1.000000	1.000000	1.000000	1.000000	1.000000	1.000000	1.000000	1.000000	0.999889	0.001279	1.000140	0.003705	1.000000	1.000000	
1354694709.498569	1.000001	64.689529	51.436307	3.785443	0.919940	0.996633	0.919941	0.996632	0.919941	0.996629	0.919942	0.996627	0.919942	0.996623	0.919942	0.996621	0.919943	0.996619	0.919943	0.996617	1354694709.498636	1.000000	58.663589	45.438553	1.960831	1.000000	1.000000	1.000000	1.000000	1.000000	1.000000	1.000000	1.000000	1.000000	1.000000	1.000005	0.002751	0.999977	0.000067	1.000000	1.000000	
1354694710.498568	0.999999	64.716004	51.460620	3.783283	0.919359	0.996637	0.919358	0.996636	0.919358	0.996633	0.919358	0.996632	0.919357	0.996631	0.919357	0.996630	0.919356	0.996627	0.919358	0.996622	1354694710.498633	0.999997	59.120163	45.907827	1.876516	1.000000	1.000000	1.000000	1.000000	1.000000	1.000000	1.000000	1.000000	1.000000	1.000000	0.999967	0.006611	0.998817	0.000011	1.000000	1.000000	
1354694711.498568	1.000000	64.700317	51.441971	3.792099	0.919695	0.996361	0.919695	0.996357	0.919695	0.996355	0.919695	0.996353	0.919695	0.996352	0.919695	0.996349	0.919695	0.996348	0.919693	0.996348	1354694711.498634	1.000001	58.796727	45.565096	1.897719	1.000000	1.000000	1.000000	1.000000	1.000000	1.000000	1.000000	1.000000	1.000000	1.000000	0.999978	0.004709	1.000011	0.000070	1.000000	1.000000	
1354694712.498568	1.000000	64.700790	51.441284	3.790558	0.919653	0.996406	0.919653	0.996404	0.919653	0.996401	0.919653	0.996398	0.919654	0.996395	0.919654	0.996392	0.919654	0.996392	0.919655	0.996389	1354694712.498634	1.000000	58.746887	45.515900	1.820312	1.000000	1.000000	1.000000	1.000000	1.000000	1.000000	1.000000	1.000000	1.000000	1.000000	0.999946	0.002971	1.001357	0.000012	1.000000	1.000000	
1354694713.498568	1.000000	715813496.635666	715817941.103745	715826833.251785	0.999945	1.000581	0.999945	1.000595	0.999947	1.000600	0.999946	1.000586	0.999948	1.000597	0.999948	1.000580	0.999947	1.000594	0.999946	1.000588	1354694713.498665	1.000031	715774990.773361	715761764.534665	715744628.010320	0.999945	1.000586	0.999944	1.000590	3.895954	0.256817	0.999945	1.000585	0.999948	1.000598	0.999949	1.000587	0.999947	1.000593	0.999948	1.000595	
1354694714.498567	0.999999	0.000000	0.000000	0.000000	-nan	-nan	-nan	-nan	0.000000	inf	-nan	-nan	-nan	0.000000	-nan	-nan	-nan	-nan	-nan	-nan	1354694714.498646	0.999981	0.000000	0.000000	0.000000	-nan	-nan	-nan	-nan	0.000000	inf	-nan	-nan	-nan	-nan	-nan	-nan	-nan	-nan	-nan	-nan	
