ts_0	elapsed_0	pkg_0	pp0_0	dram_0	freq_ratio_0_0	c0_ratio_0_0	freq_ratio_0_1	c0_ratio_0_1	freq_ratio_0_2	c0_ratio_0_2	freq_ratio_0_3	c0_ratio_0_3	freq_ratio_0_4	c0_ratio_0_4	freq_ratio_0_5	c0_ratio_0_5	freq_ratio_0_6	c0_ratio_0_6	freq_ratio_0_7	c0_ratio_0_7	ts_1	elapsed_1	pkg_1	pp0_1	dram_1	freq_ratio_1_0	c0_ratio_1_0	freq_ratio_1_1	c0_ratio_1_1	freq_ratio_1_2	c0_ratio_1_2	freq_ratio_1_3	c0_ratio_1_3	freq_ratio_1_4	c0_ratio_1_4	freq_ratio_1_5	c0_ratio_1_5	freq_ratio_1_6	c0_ratio_1_6	freq_ratio_1_7	c0_ratio_1_7	
1356627821.867975	1.001843	35.275199	22.102606	5.997903	1.156938	0.413806	1.155179	0.404179	1.155650	0.405244	1.157483	0.413486	1.154694	0.398244	1.158383	0.418476	1.155734	0.403287	1.157475	0.412920	1356627821.868206	1.000566	35.000804	21.796913	2.270260	1.000001	0.954338	0.620776	0.000050	1.001174	0.000134	1.014463	0.000031	0.623968	0.000051	1.004464	0.000092	1.014752	0.000031	0.999933	0.954868	
1356627822.867902	0.999927	35.707546	22.537274	6.076661	0.999886	0.002369	1.000000	1.000000	1.000000	1.000000	0.997103	0.000042	1.000187	0.000119	1.000269	0.000047	0.999797	0.000065	1.002085	0.000046	1356627822.868133	0.999927	35.381930	22.167969	2.331087	1.000000	1.000000	0.999877	0.000082	1.000793	0.000124	0.999979	0.000072	0.998827	0.000069	1.000576	0.000012	0.999642	0.000066	1.000000	1.000000	
1356627823.867900	0.999998	35.554008	22.387631	5.735057	1.000028	0.000518	1.000000	1.000000	1.000000	1.000000	1.002097	0.000069	1.000731	0.000013	0.999181	0.000013	1.000516	0.000013	0.998834	0.000020	1356627823.868120	0.999987	35.378729	22.174439	2.174971	1.000000	1.000000	0.998976	0.000012	0.999984	0.000047	1.000395	0.000012	1.008424	0.000011	0.998816	0.000060	1.000480	0.000012	1.000000	1.000000	
1356627824.867901	1.000001	35.605572	22.470712	6.099146	0.999970	0.003478	1.000000	1.000000	1.000000	1.000000	1.001067	0.000043	1.000429	0.000070	1.000828	0.000049	0.999664	0.000050	1.000000	0.000069	1356627824.868132	1.000012	35.323950	22.128765	2.390246	1.000000	1.000000	0.999762	0.000076	0.999725	0.000111	1.000088	0.000070	0.998858	0.000087	1.001753	0.000019	1.000166	0.000053	1.000000	1.000000	
1356627825.867900	0.999999	35.537128	22.346533	6.109076	0.999985	0.000476	1.000000	1.000000	1.000000	1.000000	0.999881	0.000071	1.001497	0.000013	1.001037	0.000013	1.004137	0.000013	0.999757	0.000013	1356627825.868112	0.999980	35.385062	22.181612	2.199156	1.000000	1.000000	1.002548	0.000012	1.000569	0.000052	0.998912	0.000012	1.007069	0.000012	0.997507	0.000067	0.998812	0.000012	1.000000	1.000000	
1356627826.867901	1.000001	35.601345	22.430002	6.080255	0.999953	0.001364	1.000000	1.000000	1.000000	1.000000	1.000415	0.000043	0.999940	0.000058	0.999611	0.000046	0.999963	0.000053	1.000302	0.000055	1356627826.868118	1.000006	35.348559	22.140112	2.326555	1.000000	1.000000	0.999822	0.000076	0.999736	0.000118	1.000031	0.000074	0.999941	0.000059	1.010687	0.000013	1.000082	0.000066	1.000000	1.000000	
1356627827.867900	0.999999	35.548404	22.379584	6.127936	0.999990	0.000781	1.000000	1.000000	1.000000	1.000000	0.999866	0.000066	1.000063	0.000049	1.001489	0.000013	0.999849	0.000013	0.999030	0.000013	1356627827.868111	0.999993	35.415299	22.210694	2.199997	1.000000	1.000000	1.001034	0.000012	1.000015	0.000052	0.999447	0.000012	1.000354	0.000012	0.995014	0.000066	0.999000	0.000011	1.000000	1.000000	
1356627828.867901	1.000001	35.666394	22.491083	6.080149	0.999922	0.001415	1.000000	1.000000	1.000000	1.000000	0.999874	0.000043	0.994893	0.000105	0.988690	0.000047	0.990829	0.000055	0.989273	0.000051	1356627828.868125	1.000014	35.332190	22.124475	2.359204	1.000000	1.000000	0.999791	0.000070	0.999974	0.000103	1.000200	0.000054	1.000225	0.000046	1.016872	0.000017	0.999757	0.000059	1.000000	1.000000	
1356627829.867900	0.999999	35.586917	22.415442	6.100897	1.000021	0.000466	1.000000	1.000000	1.000000	1.000000	1.000141	0.000079	1.000758	0.000014	1.000420	0.000014	0.997293	0.000014	0.999750	0.000014	1356627829.868115	0.999990	35.390339	22.186730	2.262230	1.000000	1.000000	1.000286	0.000012	1.000618	0.000046	0.998993	0.000012	0.999749	0.000046	0.990507	0.000060	1.001569	0.000011	1.000000	1.000000	
1356627830.867901	1.000001	35.622021	22.447015	6.122446	0.999929	0.001340	1.000000	1.000000	1.000000	1.000000	0.996485	0.000043	1.006298	0.000081	1.008510	0.000061	1.008010	0.000063	1.008163	0.000071	1356627830.868123	1.000008	35.391620	22.183444	2.431712	1.000000	1.000000	1.000038	0.000092	0.999775	0.000142	1.000019	0.000082	1.000103	0.000090	1.016205	0.000035	0.999756	0.000087	1.000000	1.000000	
1356627831.867900	0.999999	35.579227	22.407019	6.121405	0.999758	0.000489	1.000000	1.000000	1.000000	1.000000	0.998794	0.000065	0.984673	0.000013	1.000182	0.000013	1.001423	0.000013	0.997961	0.000013	1356627831.868122	0.999999	35.469486	22.266028	2.278780	1.000000	1.000000	1.000518	0.000011	1.000566	0.000052	0.999577	0.000012	0.999206	0.000011	1.000354	0.000066	1.003704	0.000011	1.000000	1.000000	
1356627832.867901	1.000001	35.650021	22.474954	6.110376	1.000018	0.001618	1.000000	1.000000	1.000000	1.000000	1.004893	0.000043	1.002038	0.000095	1.000147	0.000047	0.999930	0.000055	1.000081	0.000548	1356627832.868129	1.000007	35.388687	22.179717	2.377394	1.000000	1.000000	0.999732	0.000076	0.999696	0.000115	1.000136	0.000074	1.000171	0.000066	0.996111	0.000012	1.000043	0.000045	1.000000	1.000000	
1356627833.867899	0.999998	35.531669	22.371518	6.127575	1.000012	0.000492	1.000000	1.000000	1.000000	1.000000	0.996857	0.000065	0.985203	0.000013	0.970613	0.000013	0.984986	0.000013	0.969802	0.000013	1356627833.868117	0.999988	35.386591	22.196264	2.208736	1.000000	1.000000	1.001877	0.000012	1.000656	0.000047	0.999211	0.000012	0.999203	0.000014	1.000319	0.000059	0.997486	0.000012	1.000000	1.000000	
1356627834.867900	1.000001	35.095807	21.922403	6.074823	0.999974	0.003427	1.000000	0.948258	0.999999	0.948239	1.005033	0.000044	1.003164	0.000063	1.007749	0.000046	1.004800	0.000048	1.009048	0.000047	1356627834.868135	1.000018	35.183575	21.962162	2.381412	1.000000	0.948235	0.999883	0.000105	0.999662	0.000095	1.000032	0.000072	0.997083	0.000104	1.005725	0.000018	0.999591	0.000065	1.000000	1.000000	
1356627835.867901	1.000001	35.554226	22.382349	6.114954	0.999915	0.001143	1.000000	1.000000	1.000000	1.000000	0.999863	0.000065	0.999982	0.000044	1.000545	0.000013	1.000273	0.000013	0.993091	0.000013	1356627835.868121	0.999986	35.423441	22.228157	2.300035	1.000000	1.000000	0.999904	0.000012	1.000567	0.000052	0.999640	0.000012	1.027148	0.000011	0.998121	0.000066	1.002107	0.000012	1.000000	1.000000	
1356627836.867900	0.999999	35.521854	22.352133	6.115210	0.999997	0.000726	1.000000	1.000000	1.000000	1.000000	0.999826	0.000080	0.999992	0.000050	0.999976	0.000048	1.000302	0.000050	1.000124	0.000308	1356627836.868113	0.999992	35.508863	22.303678	2.340732	1.000000	1.000000	0.999997	0.000145	0.999993	0.000117	0.999964	0.000074	1.000280	0.000058	0.998527	0.000013	0.999688	0.000057	1.000000	1.000000	
1356627837.867900	1.000000	35.559769	22.388000	6.126114	0.999941	0.001578	1.000000	1.000000	1.000000	1.000000	0.997723	0.000063	1.000351	0.000048	0.999431	0.000013	0.998742	0.000013	0.997368	0.000008	1356627837.868135	1.000022	35.476685	22.268478	2.236218	1.000000	1.000000	0.998574	0.000006	0.999153	0.000053	1.000488	0.000012	0.981675	0.000013	1.001315	0.000069	1.003741	0.000012	1.000000	1.000000	
1356627838.867900	1.000000	35.491302	22.321487	6.127563	0.999980	0.000717	1.000000	1.000000	1.000000	1.000000	1.003072	0.000043	0.999615	0.000057	1.000676	0.000045	0.999581	0.000093	1.001326	0.000052	1356627838.868129	0.999994	35.511351	22.307918	2.250502	1.000000	1.000000	1.000024	0.000079	1.000358	0.000116	0.999909	0.000072	1.003284	0.000066	0.994792	0.000011	0.999145	0.000059	1.000000	1.000000	
1356627839.867901	1.000001	34.662107	21.489253	6.124857	0.641119	0.002156	0.999981	0.950817	0.999981	0.950817	1.000272	0.000065	0.695443	0.000018	0.700437	0.000017	0.696306	0.000018	0.696961	0.000018	1356627839.868122	0.999993	35.197982	21.989242	2.387101	1.000000	0.950876	1.000350	0.000011	0.999970	0.000052	0.999836	0.000012	1.000029	0.000053	1.000135	0.000057	1.002965	0.000011	1.000000	1.000000	
1356627840.867900	0.999999	35.535038	22.362753	6.121405	0.999981	0.000658	1.000000	1.000000	1.000000	1.000000	1.000085	0.000041	0.990518	0.000056	0.989477	0.000047	0.989646	0.000050	0.987936	0.000046	1356627840.868124	1.000002	35.523187	22.320941	2.158062	1.000000	1.000000	1.000020	0.000077	0.999974	0.000117	1.000135	0.000074	1.000068	0.000062	1.001361	0.000012	0.999732	0.000065	1.000000	0.999998	
1356627841.867901	1.000001	39.585747	26.413412	6.113825	1.000005	0.004826	1.000000	1.000000	1.000000	1.000000	0.999999	0.003023	0.999958	0.002929	0.999955	0.002874	0.999953	0.002834	1.000003	0.002705	1356627841.868035	0.999911	40.314971	27.104950	2.368787	1.000000	1.000000	0.999819	0.002925	0.999830	0.002785	0.999780	0.002626	0.999810	0.002517	1.000195	0.002694	0.999832	0.002876	1.000000	1.000002	
1356627842.867900	0.999999	35.532749	22.360937	6.121756	0.999902	0.001000	1.000000	1.000000	1.000000	1.000000	0.999671	0.000042	1.006146	0.000102	1.011702	0.000056	1.007207	0.000056	1.001696	0.000300	1356627842.868117	1.000082	35.539154	22.336638	2.416931	1.000000	1.000000	1.006051	0.000083	1.003630	0.000125	1.005919	0.000095	1.005501	0.000087	0.984135	0.000036	1.005744	0.000088	1.000000	1.000000	
1356627843.867901	1.000001	35.562146	22.388345	6.075556	0.999913	0.001212	1.000000	1.000000	1.000000	1.000000	1.000052	0.000067	1.001486	0.000013	0.998031	0.000013	1.018755	0.000013	1.003818	0.000013	1356627843.868120	1.000003	35.460675	22.252723	2.351586	1.000000	1.000000	1.000951	0.000012	1.000140	0.000039	1.000427	0.000012	1.000699	0.000011	0.999849	0.000051	1.001039	0.000011	1.000000	1.000000	
1356627844.867900	0.999999	35.463703	22.305258	5.963217	0.999985	0.002632	1.000000	1.000000	1.000000	1.000000	1.000116	0.000043	0.999994	0.000066	0.999976	0.000048	0.999977	0.000049	0.999969	0.000049	1356627844.868127	1.000007	35.544691	22.341734	2.242187	1.000000	1.000000	0.999975	0.000076	0.999973	0.000085	1.000000	0.000075	0.999937	0.000098	1.001154	0.000019	0.999983	0.000068	1.000000	1.000000	
1356627845.867900	1.000000	34.651581	21.479050	6.087158	0.738514	0.001454	0.999982	0.950377	0.999982	0.950376	0.775100	0.000085	1.000213	0.000013	1.000424	0.000013	0.995514	0.000013	0.995935	0.000013	1356627845.868136	1.000009	35.185762	21.977782	2.326639	1.000000	0.950387	1.000032	0.000012	0.999141	0.000039	1.000923	0.000012	0.971850	0.000015	1.000290	0.000062	0.996927	0.000012	1.000000	1.000000	
1356627846.867900	1.000000	35.503342	22.334137	6.116730	0.999962	0.000685	1.000000	1.000000	1.000000	1.000000	0.999928	0.000043	0.999843	0.000057	0.999992	0.000047	1.001376	0.000048	1.000079	0.000049	1356627846.868118	0.999982	35.488321	22.297243	2.206155	1.000000	1.000000	1.000005	0.000078	1.000327	0.000094	0.999788	0.000073	1.007019	0.000059	0.996349	0.000012	1.000183	0.000061	1.000000	1.000000	
1356627847.867900	1.000000	35.619064	22.444168	6.121140	0.999927	0.001516	1.000000	1.000000	1.000000	1.000000	1.000338	0.000067	1.000107	0.000051	0.999970	0.000013	0.996875	0.000013	1.002358	0.000013	1356627847.868135	1.000017	35.476816	22.268285	2.361593	1.000000	1.000000	1.000021	0.000529	0.999831	0.000039	1.000296	0.000012	0.987440	0.000013	1.001922	0.000057	0.999094	0.000011	1.000000	1.000000	
1356627848.867903	1.000003	35.492810	22.317192	6.121304	1.000412	0.000927	1.000000	1.000000	1.000000	1.000000	0.997469	0.000043	0.999897	0.000056	1.000107	0.000047	1.000553	0.000056	0.994897	0.000114	1356627848.868096	0.999961	35.509247	22.303149	2.308699	1.000000	1.000000	0.999754	0.000091	1.000023	0.000117	0.999896	0.000074	1.002769	0.000058	1.001648	0.000011	0.998202	0.000060	1.000000	1.000000	
1356627849.867900	0.999997	35.528018	22.353875	6.115101	0.999503	0.001039	1.000000	1.000000	1.000000	1.000000	1.000387	0.000147	1.000048	0.000136	0.999314	0.000019	0.999413	0.000054	1.006798	0.000085	1356627849.868129	1.000033	35.494987	22.286636	2.320892	1.000000	1.000000	1.000000	0.000031	0.999988	0.000191	1.000316	0.000026	1.000051	0.000173	0.998256	0.000078	1.002860	0.000052	1.000000	1.000000	
1356627850.867900	1.000000	34.632751	21.460526	6.100571	0.722488	0.002272	0.999983	0.947038	0.999968	0.947063	1.000190	0.000043	0.998245	0.000055	1.000076	0.000046	0.997398	0.000047	0.999993	0.000052	1356627850.868138	1.000009	35.136141	21.927231	2.439812	1.000000	0.947082	0.999986	0.000080	0.999974	0.000119	0.999995	0.000073	0.994481	0.000067	1.004618	0.000011	0.999692	0.000066	1.000000	1.000000	
1356627851.867900	1.000000	35.503769	22.335693	6.109070	0.999998	0.000492	1.000000	1.000000	1.000000	1.000000	1.000484	0.000065	1.007597	0.000013	0.989147	0.000013	1.007716	0.000013	1.000030	0.000013	1356627851.868121	0.999983	35.478216	22.275463	2.202582	1.000000	1.000000	1.000625	0.000011	1.000007	0.000053	0.999496	0.000011	1.032264	0.000011	1.000083	0.000065	0.997737	0.000012	1.000000	1.000000	
1356627852.867901	1.000001	35.702709	22.531244	6.114954	0.999947	0.001694	1.000000	1.000000	1.000000	1.000000	0.999128	0.000043	0.994228	0.000095	0.991302	0.000047	0.989797	0.000054	0.987276	0.000046	1356627852.868140	1.000019	35.485026	22.276644	2.353120	1.000000	1.000000	0.999962	0.000081	0.999609	0.000118	1.000150	0.000075	0.998559	0.000069	1.006492	0.000012	1.000227	0.000066	1.000000	1.000000	
1356627853.867900	0.999999	35.518405	22.381216	6.115225	0.999717	0.000530	1.000000	1.000000	1.000000	1.000000	1.000420	0.000079	1.003746	0.000014	1.002315	0.000014	1.002358	0.000014	1.001355	0.000014	1356627853.868126	0.999986	35.483043	22.280709	2.269716	1.000000	1.000000	1.000241	0.000011	1.000855	0.000052	0.999045	0.000012	1.007921	0.000012	0.990589	0.000062	0.999550	0.000012	1.000000	1.000000	
1356627854.867900	1.000000	35.584137	22.387024	6.049561	1.000004	0.003373	1.000000	1.000000	1.000000	1.000000	0.996997	0.000043	1.006369	0.000078	1.008852	0.000061	1.008167	0.000063	1.009087	0.000062	1356627854.868112	0.999986	35.438594	22.230629	2.521276	1.000000	1.000000	0.999992	0.000092	0.999987	0.000153	0.999985	0.000102	1.000082	0.000127	1.011029	0.000043	1.000148	0.000086	1.000000	1.000000	
1356627855.867900	1.000000	35.556259	22.382889	6.127563	1.000028	0.000465	1.000000	1.000000	1.000000	1.000000	1.002044	0.000065	1.000031	0.000013	0.997697	0.000013	1.001537	0.000013	1.000363	0.000013	1356627855.868114	1.000002	35.454537	22.251773	2.244945	1.000000	1.000000	0.999931	0.000011	0.999986	0.000053	1.000098	0.000012	0.999230	0.000012	0.999941	0.000059	1.000243	0.000011	1.000000	1.000000	
1356627856.867900	1.000000	34.723450	21.549164	6.124710	0.707628	0.002134	0.999979	0.952397	0.999979	0.952395	0.999874	0.000043	0.999384	0.000056	0.999893	0.000047	1.001002	0.000050	0.999102	0.000045	1356627856.868116	1.000002	35.123941	21.929157	2.467189	1.000000	0.952448	0.999933	0.000145	0.999990	0.000118	1.000031	0.000074	1.000159	0.000068	0.997208	0.000013	0.999263	0.000059	1.000000	1.000000	
1356627857.867900	1.000000	35.577255	22.402740	6.114044	0.999803	0.000811	1.000000	1.000000	1.000000	1.000000	1.000032	0.000072	1.000370	0.000074	1.000300	0.000024	0.999789	0.000013	1.001781	0.000019	1356627857.868113	0.999997	35.540332	22.337426	2.245261	1.000000	1.000000	1.000180	0.000030	0.999841	0.000053	0.999672	0.000012	0.998994	0.000011	1.000788	0.000069	1.001344	0.000018	1.000000	1.000000	
1356627858.867907	1.000007	715763908.431305	715802899.717790	715776150.748836	0.999922	1.000706	0.999922	1.000720	0.999932	1.000717	0.999922	1.000707	0.999926	1.000728	0.999923	1.000698	0.999924	1.000721	0.999922	1.000707	1356627858.868014	0.999901	715895836.420308	715854761.552024	715862670.964203	0.999924	1.000718	0.999919	1.000709	3.897511	0.256741	0.999921	1.000706	0.999923	1.000717	0.999925	1.000710	0.999925	1.000723	0.999921	1.000705	
1356627859.868017	1.000110	0.000000	0.000000	0.000000	-nan	-nan	-nan	-nan	0.000000	inf	-nan	-nan	-nan	0.000000	-nan	-nan	-nan	-nan	-nan	-nan	1356627859.868096	1.000082	0.000000	0.000000	0.000000	-nan	-nan	-nan	-nan	0.000000	inf	-nan	-nan	-nan	-nan	-nan	-nan	-nan	-nan	-nan	-nan	
