ts_0	elapsed_0	pkg_0	pp0_0	dram_0	freq_ratio_0_0	c0_ratio_0_0	freq_ratio_0_1	c0_ratio_0_1	freq_ratio_0_2	c0_ratio_0_2	freq_ratio_0_3	c0_ratio_0_3	freq_ratio_0_4	c0_ratio_0_4	freq_ratio_0_5	c0_ratio_0_5	freq_ratio_0_6	c0_ratio_0_6	freq_ratio_0_7	c0_ratio_0_7	ts_1	elapsed_1	pkg_1	pp0_1	dram_1	freq_ratio_1_0	c0_ratio_1_0	freq_ratio_1_1	c0_ratio_1_1	freq_ratio_1_2	c0_ratio_1_2	freq_ratio_1_3	c0_ratio_1_3	freq_ratio_1_4	c0_ratio_1_4	freq_ratio_1_5	c0_ratio_1_5	freq_ratio_1_6	c0_ratio_1_6	freq_ratio_1_7	c0_ratio_1_7	
1356712274.029199	1.001628	50.630727	37.079530	5.945887	1.152926	0.389982	1.153126	0.388205	1.157469	0.421668	1.155854	0.409577	1.155635	0.409195	1.155981	0.407880	1.156027	0.407257	1.156081	0.406478	1356712274.029372	1.000430	63.526052	49.525269	8.537466	0.999997	0.991841	0.999981	0.991906	1.000001	0.982504	0.999983	0.981880	1.000001	0.982374	0.995152	0.004166	1.008475	0.000068	0.999925	0.988501	
1356712275.029194	0.999995	51.029552	37.472279	5.988983	1.000000	1.000000	1.000000	1.000000	1.000001	1.000000	1.000038	0.008169	1.000000	1.000000	1.000448	0.000153	1.007702	0.000033	1.006545	0.000008	1356712275.029355	0.999983	64.178928	50.216762	8.479010	1.000000	1.000000	1.000000	1.000000	1.000000	1.000000	1.000000	1.000000	1.000000	1.000000	1.000116	0.000056	0.995740	0.000034	1.000000	1.000000	
1356712276.029194	1.000000	51.149719	37.578598	5.996231	1.000000	1.000000	1.000000	1.000000	1.000000	1.000000	0.999773	0.000827	1.000000	1.000000	1.000002	0.003957	0.999987	0.002602	1.000867	0.000064	1356712276.029351	0.999996	63.958450	49.984715	8.645375	1.000000	1.000000	1.000000	1.000000	1.000000	1.000000	1.000000	1.000000	1.000000	1.000000	1.000382	0.000084	1.003976	0.000041	1.000000	1.000000	
1356712277.029193	0.999999	51.239551	37.676382	5.988836	1.000000	1.000000	1.000000	1.000000	1.000000	1.000000	0.999999	0.001438	1.000000	1.000000	0.988054	0.000008	0.999984	0.004436	0.988712	0.000008	1356712277.029353	1.000002	63.806717	49.866711	8.457625	1.000000	1.000000	1.000000	1.000000	1.000000	1.000000	1.000000	1.000000	1.000000	1.000000	0.999162	0.000055	0.998459	0.000035	1.000000	1.000000	
1356712278.029193	1.000000	51.176437	37.592575	5.985153	1.000000	1.000000	1.000000	1.000000	1.000000	1.000000	0.999989	0.004547	1.000000	1.000000	1.001658	0.000053	0.999991	0.000045	1.001267	0.000058	1356712278.029348	0.999995	63.925201	49.937460	8.591962	1.000000	1.000000	1.000000	1.000000	1.000000	1.000000	1.000000	1.000000	1.000000	1.000000	1.000256	0.000083	1.000886	0.000042	1.000000	1.000000	
1356712279.029193	1.000000	51.148514	37.577942	5.980972	1.000000	1.000000	1.000000	1.000000	1.000000	1.000000	0.999978	0.005615	1.000000	1.000000	0.999224	0.000008	0.997613	0.000008	1.002817	0.000008	1356712279.029353	1.000005	63.961319	50.013757	8.486728	1.000000	1.000000	1.000000	1.000000	1.000000	1.000000	1.000000	1.000000	1.000000	1.000000	0.999857	0.000081	0.999459	0.000034	1.000000	1.000000	
1356712280.029193	1.000000	51.137985	37.555344	5.975082	0.999999	1.000000	1.000000	1.000000	1.000000	1.000000	1.000028	0.004567	1.000000	0.999999	0.993938	0.000068	0.989082	0.000056	0.989971	0.000060	1356712280.029356	1.000003	63.949753	49.972089	8.553913	1.000000	1.000000	1.000000	1.000000	1.000000	1.000000	1.000000	1.000000	1.000000	1.000000	0.999963	0.000084	1.000897	0.000040	1.000000	1.000000	
1356712281.029193	1.000000	51.169144	37.600540	5.968262	1.000001	1.000000	1.000000	1.000000	1.000000	1.000000	0.999990	0.005236	1.000000	1.000001	0.999665	0.000719	1.008800	0.000009	1.008287	0.000009	1356712281.029356	1.000000	63.979050	50.001953	8.591980	1.000000	1.000000	1.000000	1.000000	1.000000	1.000000	1.000000	1.000000	1.000000	1.000000	0.999806	0.000056	0.998501	0.000035	1.000000	1.000000	
1356712282.029193	1.000000	51.186066	37.597580	6.001968	1.000000	1.000000	1.000000	0.999999	1.000000	1.000000	0.999929	0.004415	1.000000	1.000000	1.008455	0.000062	1.007854	0.000067	1.006072	0.000070	1356712282.029364	1.000008	64.043869	50.047034	8.627753	1.000000	1.000000	1.000000	1.000000	1.000000	1.000000	1.000000	1.000000	1.000000	1.000000	1.000036	0.000224	0.985213	0.000041	1.000000	1.000000	
1356712283.029193	1.000000	57.454163	43.909821	6.002335	1.000000	1.000000	1.000000	1.000000	1.000000	1.000000	1.000001	0.975532	1.000000	1.000000	0.998491	0.000363	0.982545	0.000008	1.002333	0.000008	1356712283.029330	0.999966	58.897333	45.054927	8.233267	0.999970	0.024445	1.000000	1.000000	1.000000	1.000000	1.000000	1.000000	1.000000	1.000000	0.999805	0.000208	1.012340	0.000050	1.000000	1.000000	
1356712284.029193	1.000000	57.585312	44.023544	6.019684	1.000000	1.000000	1.000000	1.000000	1.000000	1.000000	1.000000	1.000000	1.000000	1.000000	0.999778	0.000478	1.001949	0.000052	1.001266	0.000057	1356712284.029325	0.999995	57.470564	43.581624	8.327388	0.999617	0.000013	1.000000	1.000000	1.000000	1.000000	1.000000	1.000000	1.000000	1.000000	1.000390	0.000110	0.999888	0.000041	1.000000	1.000000	
1356712285.029193	1.000000	57.592743	44.027008	6.011307	1.000000	1.000000	1.000000	1.000000	1.000000	1.000000	1.000000	1.000000	1.000000	1.000000	1.000102	0.002348	1.005180	0.000008	1.001316	0.000008	1356712285.029331	1.000006	57.455026	43.558883	8.341122	0.999945	0.000111	1.000000	1.000000	1.000000	1.000000	1.000000	1.000000	1.000000	1.000000	0.999675	0.000058	0.996489	0.000036	1.000000	1.000000	
1356712286.029193	1.000000	57.635864	44.046570	6.003998	0.999986	0.999863	0.999972	0.999886	0.999973	0.999885	0.999973	0.999888	0.999987	0.999862	0.999536	0.000764	0.997573	0.000052	0.999108	0.000054	1356712286.029334	1.000003	57.491796	43.551318	8.460942	0.999680	0.000013	1.000000	1.000000	1.000000	1.000000	1.000000	1.000000	1.000000	1.000000	1.000356	0.000085	1.003867	0.000042	1.000000	1.000000	
1356712287.029195	1.000002	57.646283	44.076744	6.013004	0.999982	0.999827	0.999991	0.999808	0.999969	0.999850	0.999970	0.999851	0.999983	0.999826	1.000554	0.000436	0.998049	0.000008	0.981066	0.000008	1356712287.029340	1.000006	57.440927	43.555847	8.302532	1.000024	0.000113	1.000000	0.999868	1.000000	1.000000	1.000000	0.999855	1.000000	0.999904	1.000114	0.000058	0.998999	0.000035	1.000000	0.999855	
1356712288.029193	0.999998	57.671283	44.101341	6.011776	1.000000	1.000000	1.000000	1.000000	1.000000	1.000000	1.000000	1.000000	1.000001	1.000000	0.999803	0.000506	1.000263	0.000051	1.002065	0.000055	1356712288.029330	0.999990	57.453624	43.557580	8.268317	0.999995	0.000081	1.000000	1.000000	1.000000	1.000000	1.000000	1.000000	1.000000	1.000000	0.999739	0.000083	1.000955	0.000042	1.000000	1.000000	
1356712289.029193	1.000000	57.660431	44.094971	6.012405	1.000000	1.000000	1.000000	1.000000	1.000000	0.999999	1.000000	1.000000	1.000000	1.000000	0.999769	0.000451	1.015034	0.000008	1.009891	0.000008	1356712289.029332	1.000002	57.462110	43.596200	8.199676	0.999986	0.000109	1.000000	1.000000	1.000000	1.000000	1.000000	1.000000	1.000000	1.000000	1.000062	0.000131	0.999852	0.000037	1.000000	1.000000	
1356712290.029193	1.000000	57.647369	44.090546	6.003082	1.000000	1.000000	1.000000	1.000000	1.000000	1.000001	1.000000	1.000000	1.000000	1.000000	1.000262	0.000451	0.999744	0.000051	1.000166	0.000053	1356712290.029331	0.999999	57.437402	43.561718	8.294548	0.999499	0.000013	1.000000	1.000000	1.000000	1.000000	1.000000	1.000000	1.000000	1.000000	0.999786	0.000086	0.999585	0.000043	1.000000	1.000000	
1356712291.029193	1.000000	57.655731	44.086044	6.009384	1.000000	1.000000	1.000000	1.000000	1.000000	1.000000	1.000000	1.000000	1.000000	1.000000	0.999764	0.000747	1.002641	0.000008	0.996303	0.000008	1356712291.029326	0.999995	57.545607	43.612691	8.451550	0.999935	0.000113	1.000000	1.000000	1.000000	1.000000	1.000000	1.000000	1.000000	1.000000	1.000320	0.000058	0.999705	0.000037	1.000000	1.000000	
1356712292.029193	1.000000	57.699982	44.147629	6.015976	1.000000	1.000000	1.000000	1.000000	1.000000	1.000000	1.000000	1.000000	1.000000	1.000000	1.000234	0.000489	0.987477	0.000053	0.990029	0.000054	1356712292.029327	1.000001	57.392127	43.528279	8.171028	1.000788	0.000013	1.000000	1.000000	1.000000	1.000000	1.000000	1.000000	1.000000	1.000000	0.999958	0.000378	1.000408	0.000042	1.000000	1.000000	
1356712293.029193	1.000000	57.708466	44.148468	6.001221	1.000000	1.000000	1.000000	1.000000	1.000000	1.000000	1.000000	1.000000	1.000000	1.000000	1.000010	0.003742	1.000008	0.003121	0.999969	0.003091	1356712293.029286	0.999959	57.527383	43.618671	8.297581	0.999974	0.003117	1.000000	1.000000	1.000000	1.000000	1.000000	1.000000	1.000000	1.000000	1.000010	0.003736	0.999997	0.003134	1.000000	1.000000	
1356712294.029194	1.000001	57.849417	44.272220	6.000589	1.000000	1.000000	1.000000	1.000000	1.000000	0.999999	1.000000	1.000000	1.000000	1.000000	1.000015	0.002484	1.012075	0.000051	1.011091	0.000055	1356712294.029333	1.000047	57.480271	43.554961	8.418825	1.002777	0.000029	1.000000	1.000000	1.000000	1.000000	1.000000	1.000000	1.000000	1.000000	0.999506	0.000157	0.985263	0.000042	1.000000	1.000000	
1356712295.029193	0.999999	57.841974	44.277172	6.022375	1.000000	1.000000	1.000000	1.000000	1.000000	1.000001	1.000000	1.000000	1.000000	1.000000	0.999972	0.004526	0.988263	0.000008	0.978014	0.000008	1356712295.029326	0.999993	57.457734	43.581249	8.296520	0.999888	0.000058	1.000000	1.000000	1.000000	1.000000	1.000000	1.000000	1.000000	1.000000	0.999947	0.000059	1.009483	0.000049	1.000000	1.000000	
1356712296.029193	1.000000	57.852890	44.312561	6.042221	1.000000	1.000000	1.000000	1.000000	1.000000	1.000000	1.000000	1.000000	1.000000	1.000000	0.999938	0.003707	1.001286	0.000050	1.003808	0.000055	1356712296.029331	1.000005	57.429217	43.586116	8.121557	1.000755	0.000013	1.000000	1.000000	1.000000	1.000000	1.000000	1.000000	1.000000	1.000000	1.000559	0.000086	1.004011	0.000042	1.000000	1.000000	
1356712297.029194	1.000001	57.765188	44.207218	6.003092	1.000000	1.000000	1.000000	1.000000	1.000000	1.000000	1.000000	1.000000	1.000000	1.000000	1.000144	0.001833	0.982433	0.000008	0.985065	0.000008	1356712297.029332	1.000001	57.439032	43.565571	8.230446	0.999914	0.000067	1.000000	1.000000	1.000000	1.000000	1.000000	1.000000	1.000000	1.000000	0.999837	0.000057	0.999846	0.000035	1.000000	1.000000	
1356712298.029193	0.999999	57.963343	44.420376	6.013906	1.000000	1.000000	1.000000	1.000000	1.000000	1.000000	1.000000	1.000000	1.000000	1.000000	0.999980	0.004470	1.001339	0.000050	1.001768	0.000059	1356712298.029332	1.000000	57.407349	43.556931	8.219666	0.999971	0.000013	1.000000	0.999627	1.000000	0.999696	1.000000	0.999594	1.000000	1.000000	0.999911	0.000086	1.000245	0.000043	1.000000	1.000000	
1356712299.029195	1.000002	58.027859	44.486793	6.021427	1.000000	0.999832	1.000000	1.000000	1.000000	1.000000	1.000000	1.000000	1.000000	1.000001	0.999985	0.004691	1.002122	0.000008	1.002986	0.000008	1356712299.029335	1.000003	57.427968	43.579958	8.237737	0.999549	0.000064	0.999983	0.999912	1.000000	0.999875	1.000000	0.999836	1.000000	0.999874	0.999527	0.000084	0.998413	0.000035	1.000000	0.999836	
1356712300.029194	0.999999	58.356913	44.814587	6.014761	1.000000	1.000000	1.000000	1.000000	1.000000	1.000000	1.000000	1.000000	1.000000	1.000000	0.999968	0.008461	0.999915	0.000050	0.997457	0.000052	1356712300.029331	0.999996	57.406422	43.543847	8.221652	1.002538	0.000013	1.000000	1.000000	1.000000	1.000000	1.000000	1.000000	1.000000	1.000000	1.000415	0.000100	1.000446	0.000041	1.000000	1.000000	
1356712301.029195	1.000001	58.141790	44.602863	5.997751	1.000000	1.000000	0.999999	0.999470	1.000000	1.000000	0.999999	0.999507	1.000000	1.000000	0.999999	0.007643	1.001095	0.000197	1.002385	0.000116	1356712301.029342	1.000011	57.469722	43.568126	8.317215	0.999862	0.000100	1.000000	0.999504	1.000000	1.000000	1.000000	1.000000	1.000000	0.999550	0.999648	0.000071	1.000121	0.000060	1.000000	1.000000	
1356712302.029193	0.999998	57.928440	44.383828	6.002407	1.000000	1.000000	1.000001	1.000000	1.000000	1.000000	1.000001	1.000000	1.000000	1.000000	0.999975	0.002731	0.999521	0.000228	0.997344	0.000053	1356712302.029337	0.999995	57.455869	43.565984	8.335109	1.001290	0.000013	1.000000	1.000000	1.000000	1.000000	1.000000	1.000000	1.000000	1.000000	1.000261	0.000109	1.000123	0.000044	1.000000	1.000000	
1356712303.029193	1.000000	58.330566	44.795303	6.018784	1.000000	0.999676	1.000000	1.000000	1.000000	1.000000	1.000000	0.999675	1.000000	1.000000	0.999986	0.008112	1.000017	0.000046	0.998969	0.000008	1356712303.029332	0.999995	57.456876	43.577275	8.310863	0.999164	0.000064	1.000000	1.000000	1.000000	1.000000	1.000000	1.000000	1.000000	1.000000	0.999924	0.000056	1.000566	0.000035	1.000000	1.000000	
1356712304.029194	1.000001	57.960928	44.435459	6.015238	1.000000	1.000000	1.000000	1.000000	1.000000	1.000000	1.000000	1.000000	1.000000	1.000000	0.999984	0.004665	0.990667	0.000071	0.986827	0.000052	1356712304.029333	1.000001	57.406256	43.558003	8.193657	1.002798	0.000013	1.000000	1.000000	1.000000	1.000000	1.000000	1.000000	1.000000	1.000000	0.999986	0.000110	0.998528	0.000041	1.000000	1.000000	
1356712305.029193	0.999999	57.983973	44.446194	5.994818	1.000000	1.000000	1.000000	1.000000	1.000000	1.000000	1.000000	1.000000	1.000000	0.999999	0.999997	0.005916	1.000320	0.000240	1.005299	0.000009	1356712305.029335	1.000002	57.451688	43.564965	8.289871	0.998133	0.000065	1.000000	1.000000	1.000000	1.000000	1.000000	1.000000	1.000000	1.000000	0.999187	0.000057	0.996463	0.000034	1.000000	1.000000	
1356712306.029194	1.000001	57.768469	44.241855	6.018290	1.000000	1.000000	1.000000	1.000000	1.000000	1.000000	1.000000	1.000000	1.000000	1.000000	0.999619	0.000552	0.999784	0.000644	1.007540	0.000072	1356712306.029335	1.000000	57.408157	43.550369	8.209671	1.004142	0.000029	1.000000	1.000000	1.000000	1.000000	1.000000	1.000000	1.000000	1.000000	1.000364	0.000102	0.989942	0.000043	1.000000	1.000000	
1356712307.029193	0.999999	715784804.270252	715821358.060255	715794521.639764	0.999994	1.000065	0.999991	1.000067	1.863214	0.536740	0.999993	1.000063	0.999993	1.000065	0.999996	1.000060	0.999993	1.000065	0.999993	1.000063	1356712307.029286	0.999951	715857863.894293	715854023.162522	715829440.321564	0.999994	1.000065	0.999990	1.000064	3.892809	0.256900	0.999993	1.000061	0.999993	1.000064	0.999995	1.000059	0.999993	1.000064	0.999994	1.000064	
1356712308.029193	1.000000	0.000000	0.000000	0.000000	-nan	-nan	-nan	-nan	0.000000	inf	-nan	-nan	-nan	0.000000	0.000000	inf	-nan	-nan	-nan	-nan	1356712308.029264	0.999978	0.000000	0.000000	0.000000	-nan	-nan	-nan	-nan	0.000000	inf	-nan	-nan	-nan	-nan	-nan	-nan	-nan	-nan	-nan	-nan	
1356712309.029271	1.000078	0.000000	0.000000	0.000000	-nan	-nan	-nan	-nan	0.000000	inf	-nan	-nan	-nan	0.000000	0.000000	inf	-nan	-nan	-nan	-nan	1356712309.029365	1.000101	0.000000	0.000000	0.000000	-nan	-nan	-nan	-nan	inf	-nan	-nan	-nan	-nan	-nan	-nan	-nan	-nan	-nan	-nan	-nan	
1356712310.029199	0.999928	0.000000	0.000000	0.000000	-nan	-nan	-nan	-nan	-nan	-nan	-nan	-nan	-nan	0.000000	0.000000	inf	-nan	-nan	-nan	-nan	1356712310.029276	0.999911	0.000000	0.000000	0.000000	-nan	-nan	-nan	-nan	-nan	-nan	-nan	-nan	-nan	-nan	-nan	-nan	-nan	-nan	-nan	-nan	
