ts_0	elapsed_0	pkg_0	pp0_0	dram_0	freq_ratio_0_0	c0_ratio_0_0	freq_ratio_0_1	c0_ratio_0_1	freq_ratio_0_2	c0_ratio_0_2	freq_ratio_0_3	c0_ratio_0_3	freq_ratio_0_4	c0_ratio_0_4	freq_ratio_0_5	c0_ratio_0_5	freq_ratio_0_6	c0_ratio_0_6	freq_ratio_0_7	c0_ratio_0_7	ts_1	elapsed_1	pkg_1	pp0_1	dram_1	freq_ratio_1_0	c0_ratio_1_0	freq_ratio_1_1	c0_ratio_1_1	freq_ratio_1_2	c0_ratio_1_2	freq_ratio_1_3	c0_ratio_1_3	freq_ratio_1_4	c0_ratio_1_4	freq_ratio_1_5	c0_ratio_1_5	freq_ratio_1_6	c0_ratio_1_6	freq_ratio_1_7	c0_ratio_1_7	
1356712169.703426	1.001842	30.680059	17.383491	3.838693	1.152907	0.244140	1.152820	0.244903	1.152801	0.244217	1.153823	0.243739	1.153401	0.241593	1.154632	0.244993	1.153620	0.241290	1.154537	0.243813	1356712169.703683	1.000482	39.125898	25.633212	4.827202	0.999973	0.896515	0.988163	0.007976	1.000001	0.895710	0.776101	0.000162	1.003722	0.000062	0.822933	0.000104	1.008137	0.000032	1.000002	0.961872	
1356712170.703420	0.999994	34.161367	20.851046	3.841576	1.000000	0.617276	0.998203	0.000282	1.000000	1.000000	1.001952	0.000089	0.998873	0.000104	0.999712	0.000084	1.001743	0.000013	1.004776	0.000039	1356712170.703637	0.999954	37.374935	23.821226	5.216839	0.999998	0.387017	1.000035	0.000144	1.000000	1.000000	0.999777	0.000068	1.000078	0.000045	1.000061	0.000088	0.999624	0.000054	1.000000	1.000000	
1356712171.703413	0.999993	35.932454	22.609486	3.846050	0.999975	0.994260	0.999984	0.000849	1.000000	0.994072	0.999895	0.000110	1.004413	0.000044	1.001328	0.000034	0.999712	0.000070	1.000410	0.000118	1356712171.703629	0.999992	35.402890	21.833231	5.375196	0.999395	0.000052	1.000064	0.000198	1.000000	0.994068	0.999653	0.000019	1.000211	0.000011	0.999760	0.000059	0.999578	0.000011	1.000000	1.000000	
1356712172.703412	0.999999	35.995029	22.672019	3.817661	1.000000	0.991773	1.000034	0.000800	1.000000	0.991520	1.002104	0.000066	0.998033	0.000069	0.999907	0.000070	1.000324	0.000013	1.000030	0.000038	1356712172.703634	1.000005	35.444036	21.883603	5.348469	1.000062	0.000056	0.999749	0.000140	1.000000	0.991516	1.000341	0.000049	0.999966	0.000046	1.000099	0.000085	1.000025	0.000046	1.000000	1.000000	
1356712173.703412	1.000000	35.304474	21.981064	3.826447	1.000000	0.919219	0.999955	0.000579	0.999999	0.917503	0.999573	0.000419	1.000916	0.000048	0.999829	0.000034	0.989044	0.000052	0.999209	0.000074	1356712173.703634	1.000000	35.037369	21.483810	5.235062	0.999222	0.000054	1.000058	0.000194	1.000000	0.917543	1.000000	0.000022	0.999718	0.000011	1.000103	0.000060	1.001643	0.000012	1.000000	1.000000	
1356712174.703412	1.000000	35.006104	21.679688	3.799484	0.999963	0.886897	1.000188	0.000564	1.000000	0.884568	1.001018	0.000059	0.988045	0.000069	0.999352	0.000086	0.992263	0.000015	0.987929	0.000040	1356712174.703634	1.000000	34.877731	21.317657	5.329712	0.999366	0.000054	1.000032	0.000145	1.000000	0.884566	0.989569	0.000049	0.989286	0.000048	0.992545	0.000086	0.988762	0.000048	1.000000	1.000000	
1356712175.703413	1.000001	34.884336	21.560847	3.815640	0.999886	0.878019	0.999798	0.000535	1.000001	0.875968	1.000826	0.000139	1.008535	0.000086	0.999788	0.000049	1.007216	0.000089	1.005300	0.000103	1356712175.703627	0.999993	34.800457	21.230234	5.328147	1.001353	0.000068	0.999972	0.000194	1.000000	0.875966	1.015400	0.000032	1.024378	0.000021	1.008371	0.000076	1.012680	0.000041	1.000000	1.000000	
1356712176.703419	1.000006	36.053527	22.738756	3.840538	1.000000	1.000000	0.999962	0.000770	1.000000	1.000000	0.999965	0.002696	0.999369	0.000065	1.002887	0.000070	1.001707	0.000013	0.998594	0.000039	1356712176.703637	1.000010	35.467296	21.893961	5.448142	0.999196	0.000050	0.999970	0.000141	1.000000	1.000000	1.000601	0.000046	0.999974	0.000045	0.999955	0.000085	0.999991	0.000044	1.000000	1.000000	
1356712177.703428	1.000009	36.045663	22.717156	3.808101	1.000000	1.000000	0.999878	0.000738	1.000000	1.000000	0.998688	0.000077	1.002473	0.000047	1.000430	0.000033	1.000592	0.000047	1.001197	0.000068	1356712177.703653	1.000016	35.482130	21.913865	5.283805	0.987290	0.000052	0.999985	0.000177	1.000000	1.000000	0.998500	0.000022	1.000070	0.000011	0.999948	0.000067	0.999858	0.000011	1.000000	1.000000	
1356712178.703412	0.999984	36.006984	22.680599	3.829636	1.000000	1.000000	1.000212	0.000310	1.000000	1.000000	1.000448	0.000392	0.999715	0.000065	0.997065	0.000072	0.995866	0.000013	0.997728	0.000039	1356712178.703628	0.999975	35.437105	21.877165	5.354062	1.013007	0.000051	0.999970	0.000140	1.000000	1.000000	1.000572	0.000046	0.999974	0.000045	0.999840	0.000084	1.000000	0.000046	1.000000	1.000000	
1356712179.703412	1.000000	36.040573	22.708191	3.813263	1.000000	1.000000	0.999874	0.000701	1.000000	1.000000	0.998472	0.000086	1.003325	0.000046	1.001353	0.000034	0.999964	0.000053	0.999970	0.000077	1356712179.703630	1.000002	35.464501	21.890919	5.384145	1.000274	0.000052	0.999982	0.000170	1.000000	1.000000	0.998398	0.000020	1.000142	0.000011	1.000071	0.000060	0.999860	0.000011	1.000000	1.000000	
1356712180.703423	1.000011	34.848113	21.527626	3.792195	0.999995	0.872988	1.000031	0.000663	0.999999	0.871323	0.999146	0.000116	0.999490	0.000088	0.999877	0.000069	0.996934	0.000013	1.004409	0.000039	1356712180.703645	1.000015	34.733533	21.188860	5.163314	1.000760	0.000056	0.999801	0.000145	1.000000	0.871277	1.000285	0.000045	1.000077	0.000045	1.000004	0.000092	1.000024	0.000065	1.000000	1.000000	
1356712181.703413	0.999990	35.123689	21.798100	3.854729	0.999387	0.917051	0.995854	0.001307	1.000001	0.914994	1.000582	0.000085	0.999716	0.000045	0.999734	0.000033	1.000379	0.000049	0.997694	0.000068	1356712181.703634	0.999989	35.473289	21.910213	5.494811	0.998053	0.000051	1.000124	0.000168	1.000000	1.000000	0.999474	0.000021	0.999331	0.000011	1.000007	0.000059	1.000599	0.000011	1.000000	1.000000	
1356712182.703420	1.000007	36.122950	22.790477	3.815708	1.000000	1.000000	0.999694	0.001028	0.999999	1.000000	1.002098	0.000075	0.995927	0.000065	0.999522	0.000079	1.001514	0.000013	1.001129	0.000039	1356712182.703631	0.999997	35.483493	21.921729	5.365785	1.000019	0.000082	0.999905	0.000191	1.000000	1.000000	1.000205	0.000045	1.000060	0.000045	1.000013	0.000086	0.999817	0.000046	1.000000	1.000000	
1356712183.703412	0.999992	36.017321	22.687074	3.829850	1.000000	1.000000	1.000538	0.000481	1.000001	1.000000	0.999719	0.000447	1.006990	0.000045	1.001754	0.000033	0.999850	0.000057	0.998875	0.000072	1356712183.703633	1.000002	35.454187	21.883351	5.379857	1.000559	0.000085	1.000055	0.000239	1.000000	1.000000	0.999540	0.000021	1.000176	0.000011	1.000066	0.000059	0.999543	0.000011	1.000000	1.000000	
1356712184.703413	1.000001	35.910809	22.585428	3.834683	1.000000	0.985930	1.000455	0.000464	1.000000	0.985593	0.999841	0.000061	0.996664	0.000062	0.999905	0.000069	1.000556	0.000013	1.000488	0.000039	1356712184.703632	0.999999	35.422840	21.860922	5.298986	0.999801	0.000049	0.999902	0.000134	1.000000	0.985588	1.000085	0.000046	0.999991	0.000044	0.999979	0.000092	1.000017	0.000045	1.000000	1.000000	
1356712185.703422	1.000009	35.990473	22.662331	3.849636	1.000000	0.992725	0.999609	0.000512	0.999999	0.992502	1.000136	0.000107	1.002428	0.000068	0.998928	0.000033	0.989539	0.000046	1.001723	0.000064	1356712185.703644	1.000012	35.394079	21.841491	5.426037	1.000613	0.000051	1.000041	0.000158	1.000000	0.992497	0.999961	0.000020	1.000853	0.000011	0.999909	0.000059	1.001307	0.000011	1.000000	1.000000	
1356712186.703419	0.999997	36.055806	22.729288	3.840512	1.000000	1.000000	0.999634	0.000298	1.000001	1.000000	0.999976	0.002052	0.987014	0.000065	1.002555	0.000071	1.010630	0.000014	0.986451	0.000040	1356712186.703644	1.000000	35.478638	21.915497	5.312714	0.997501	0.000050	0.999930	0.000132	1.000000	1.000000	0.989291	0.000046	0.988609	0.000046	0.993085	0.000092	0.988479	0.000045	1.000000	1.000000	
1356712187.703416	0.999997	36.076116	22.742029	3.845547	1.000000	1.000000	1.000040	0.000491	1.000000	1.000000	0.999520	0.000103	1.014315	0.000060	0.996232	0.000049	1.004726	0.000071	1.005132	0.000083	1356712187.703635	0.999991	35.483827	21.900513	5.489185	1.000682	0.000081	1.000017	0.000182	1.000000	1.000000	1.017283	0.000029	1.024981	0.000021	1.008593	0.000074	1.024589	0.000021	1.000000	1.000000	
1356712188.703421	1.000005	36.053561	22.733117	3.872692	0.999999	1.000000	1.000228	0.000232	1.000000	1.000000	1.000189	0.000382	0.997211	0.000063	1.002415	0.000068	0.999883	0.000013	0.999729	0.000040	1356712188.703654	1.000019	35.484690	21.912699	5.397785	1.000733	0.000048	1.000003	0.000133	1.000000	1.000000	0.999650	0.000044	1.000000	0.000043	0.999968	0.000085	0.999787	0.000043	1.000000	1.000000	
1356712189.703412	0.999991	36.088950	22.757027	3.847447	1.000000	1.000000	0.999998	0.000355	1.000000	1.000000	1.002180	0.000076	1.000942	0.000046	0.996064	0.000034	0.999642	0.000045	1.001081	0.000064	1356712189.703631	0.999977	35.475253	21.903867	5.420702	0.999940	0.000052	1.000027	0.000169	1.000000	1.000000	0.999981	0.000020	1.000071	0.000011	1.000165	0.000059	1.000350	0.000011	1.000000	1.000000	
1356712190.703420	1.000008	36.033735	22.701491	3.846099	1.000000	1.000000	0.999803	0.000285	0.999999	1.000000	0.998133	0.000082	1.001687	0.000088	1.002072	0.000071	1.000884	0.000013	0.998370	0.000038	1356712190.703635	1.000004	35.446649	21.866061	5.438348	0.999045	0.000050	0.999956	0.000132	1.000000	1.000000	0.999785	0.000045	0.999992	0.000046	0.999977	0.000084	0.999992	0.000046	1.000000	1.000000	
1356712191.703428	1.000008	35.987959	22.656112	3.815612	1.000000	1.000000	1.000130	0.000461	1.000001	1.000000	1.000622	0.000113	0.995578	0.000046	0.999883	0.000033	1.000023	0.000050	0.999483	0.000069	1356712191.703653	1.000018	35.434196	21.858130	5.328533	0.987648	0.000051	0.999986	0.000168	1.000000	1.000000	1.000722	0.000021	1.000388	0.000011	1.000024	0.000065	1.000000	0.000011	1.000000	1.000000	
1356712192.703412	0.999984	36.787575	23.452950	3.911699	1.000000	1.000000	1.000167	0.002855	0.999999	1.000000	0.999970	0.002993	1.000062	0.002759	0.999929	0.003237	0.999998	0.002639	1.000031	0.003321	1356712192.703622	0.999969	37.307339	23.739704	5.361326	1.000248	0.002703	0.999997	0.002698	1.000000	1.000000	1.000007	0.002496	0.999998	0.002598	0.999993	0.002643	0.999999	0.002490	1.000000	1.000000	
1356712193.703413	1.000001	36.111370	22.770440	3.841152	1.000000	1.000000	1.000063	0.000282	1.000000	1.000000	0.999894	0.000720	0.999084	0.000169	0.999050	0.000348	0.999755	0.000058	0.998858	0.000071	1356712193.703632	1.000010	35.479946	21.921244	5.521475	0.999763	0.000205	0.999889	0.000197	1.000000	1.000000	0.999752	0.000042	0.999822	0.000022	0.999992	0.000098	1.000668	0.000040	1.000000	1.000000	
1356712194.703412	0.999999	35.493350	22.165335	3.802799	0.999953	0.938844	0.987685	0.000052	1.000001	0.937804	1.001413	0.000059	0.999934	0.000064	0.999619	0.000571	1.004654	0.000013	1.000399	0.000034	1356712194.703630	0.999998	35.165732	21.601329	5.326533	1.001184	0.000074	1.000000	0.000134	1.000000	0.937804	1.000021	0.000055	1.000185	0.000054	0.999959	0.000084	0.999581	0.000058	1.000000	1.000000	
1356712195.703413	1.000001	36.035747	22.697046	3.848324	1.000000	1.000000	1.001259	0.000502	1.000000	1.000000	0.999554	0.000114	1.002728	0.000069	1.000662	0.000284	0.998346	0.000053	1.000174	0.000075	1356712195.703632	1.000002	35.449655	21.866612	5.445790	0.999547	0.000076	1.000070	0.000170	1.000000	1.000000	0.999095	0.000020	0.999610	0.000011	1.000026	0.000059	0.999860	0.000011	1.000000	1.000000	
1356712196.703414	1.000001	36.100124	22.767770	3.844799	1.000000	1.000000	1.008446	0.000013	1.000000	1.000000	1.000027	0.002006	0.999576	0.000065	0.999718	0.000629	1.000716	0.000013	0.999068	0.000033	1356712196.703634	1.000002	35.502603	21.934254	5.416692	1.000102	0.000072	0.999977	0.000134	1.000000	1.000000	1.000510	0.000045	0.999595	0.000046	1.000093	0.000108	1.000008	0.000045	1.000000	1.000000	
1356712197.703412	0.999998	35.462562	22.145275	3.825538	1.000000	0.953714	0.990929	0.000066	0.999999	0.952940	1.001653	0.000079	0.996217	0.000047	0.999905	0.000637	0.989830	0.000049	1.000572	0.000074	1356712197.703631	0.999997	35.131975	21.565847	5.259050	0.999852	0.000075	1.000000	0.000170	1.000000	0.952936	0.999117	0.000021	1.002942	0.000011	0.999831	0.000059	1.001158	0.000012	1.000000	1.000000	
1356712198.703412	1.000000	34.819763	21.497269	3.827316	0.999962	0.866681	0.999937	0.000755	1.000001	0.864705	1.000008	0.000736	0.995470	0.000145	0.999609	0.000221	1.001044	0.000055	1.001587	0.000034	1356712198.703639	1.000008	34.769814	21.217769	5.229877	0.999951	0.000456	0.999990	0.000235	1.000000	0.864697	0.997964	0.000247	0.993818	0.000085	0.995993	0.000161	0.995343	0.000113	1.000000	1.000000	
1356712199.703412	1.000000	36.039749	22.706100	3.859467	1.000000	1.000000	0.999978	0.000723	1.000000	1.000000	0.999302	0.000101	1.011759	0.000061	1.024918	0.000023	1.007750	0.000066	1.000126	0.000092	1356712199.703629	0.999990	35.479970	21.909613	5.468011	1.000050	0.000092	0.999983	0.000186	1.000000	1.000000	1.016775	0.000031	1.024386	0.000021	1.007327	0.000088	1.024467	0.000021	1.000000	1.000000	
1356712200.703414	1.000002	36.093284	22.757617	3.855507	1.000000	1.000000	0.999854	0.001008	0.999999	1.000000	0.998714	0.000081	0.999590	0.000087	0.991076	0.000048	0.996599	0.000013	1.001627	0.000034	1356712200.703635	1.000006	35.490603	21.926581	5.482969	1.000214	0.000074	0.999906	0.000132	1.000000	1.000000	0.999905	0.000045	1.000000	0.000046	0.999954	0.000084	1.000129	0.000045	1.000000	1.000000	
1356712201.703413	0.999999	36.036579	22.703940	3.838932	1.000001	1.000000	0.999998	0.000728	1.000000	1.000000	0.999976	0.001979	1.002931	0.000045	1.001042	0.000460	0.998388	0.000046	0.998593	0.000071	1356712201.703637	1.000002	35.556527	22.000645	5.501866	1.000010	0.001222	0.999998	0.018764	1.000000	1.000000	1.000077	0.000035	0.999978	0.000018	0.999897	0.000067	1.000331	0.000022	1.000000	1.000000	
1356712202.703420	1.000007	36.008708	22.673610	3.843403	1.000000	1.000000	0.999937	0.000852	1.000000	1.000000	1.001295	0.000061	0.998338	0.000064	1.003976	0.000051	1.007891	0.000013	1.001264	0.000034	1356712202.703632	0.999995	35.480631	21.896853	5.546262	1.000156	0.000079	0.999948	0.000134	1.000000	1.000000	0.999732	0.000049	1.000223	0.000047	1.000061	0.000095	0.999971	0.000053	1.000000	1.000000	
1356712203.703413	0.999993	35.066328	21.736936	3.857677	0.999889	0.865340	1.000003	0.070586	1.000001	0.863276	0.999927	0.000845	1.000178	0.000675	0.995510	0.000043	0.999002	0.000064	0.998741	0.000078	1356712203.703626	0.999994	34.796884	21.218800	5.390444	0.999934	0.000222	1.000033	0.000201	1.000000	0.863258	0.999759	0.000050	0.999558	0.000057	0.999894	0.000109	0.999210	0.000019	1.000000	1.000000	
1356712204.703412	0.999999	36.086536	22.750251	3.890079	1.000000	1.000000	0.999933	0.000298	1.000000	1.000000	1.002129	0.000087	0.997815	0.000064	1.000034	0.000057	1.002426	0.000013	1.002241	0.000035	1356712204.703636	1.000010	35.540995	21.977456	5.404289	0.999508	0.000082	1.000119	0.000143	1.000000	1.000000	1.000452	0.000052	1.000321	0.000047	1.000083	0.000084	1.000321	0.000044	1.000000	1.000000	
1356712205.703412	1.000000	36.113998	22.778915	3.884659	1.000000	1.000000	0.999913	0.000895	1.000000	1.000000	0.999286	0.000120	1.001951	0.000070	1.013557	0.000013	1.003878	0.000044	0.999983	0.000069	1356712205.703627	0.999991	35.519502	21.955231	5.427707	1.000389	0.000076	0.999978	0.000189	1.000000	1.000000	0.999655	0.000021	1.000071	0.000011	0.999874	0.000058	0.999514	0.000012	1.000000	1.000000	
1356712206.703412	1.000000	36.011719	22.672226	3.870987	1.000000	1.000000	1.000037	0.000945	1.000000	1.000000	1.000026	0.002655	0.997514	0.000064	0.996733	0.000057	0.985545	0.000013	0.998771	0.000034	1356712206.703634	1.000007	35.446410	21.864488	5.406594	0.999118	0.000080	0.999907	0.000157	1.000000	1.000000	1.000050	0.000046	0.999958	0.000045	1.000027	0.000086	1.000059	0.000046	1.000000	1.000000	
1356712207.703420	1.000008	36.037901	22.732207	3.853484	1.000000	1.000000	0.999789	0.000279	0.999999	1.000000	1.000018	0.000539	1.001967	0.000046	1.003101	0.000013	1.000023	0.000051	1.000868	0.000084	1356712207.703633	0.999999	35.492740	21.916128	5.436178	1.000035	0.000076	1.000033	0.000184	1.000000	1.000000	0.999126	0.000021	0.999823	0.000011	1.000078	0.000059	0.998677	0.000012	1.000000	1.000000	
1356712208.703418	0.999998	35.398703	22.133953	3.766197	0.999796	0.931661	0.949329	0.000349	1.000001	0.930378	0.999606	0.000384	0.998754	0.000065	1.002886	0.000049	1.002307	0.000013	1.000347	0.000033	1356712208.703634	1.000001	35.176129	21.608485	5.455760	0.999939	0.000076	1.000069	0.000134	1.000000	0.930377	1.000478	0.000044	1.000139	0.000044	0.999882	0.000085	0.999965	0.000045	1.000000	1.000000	
1356712209.703426	1.000008	36.047163	22.770522	3.777176	1.000000	1.000000	1.000151	0.000805	1.000000	1.000000	0.999726	0.000080	0.998599	0.000045	1.001830	0.000013	0.989037	0.000046	0.998182	0.000069	1356712209.703642	1.000008	35.438510	21.883444	5.412355	1.000270	0.000074	0.999983	0.000177	1.000000	1.000000	0.999475	0.000021	0.999574	0.000011	1.000235	0.000059	1.001573	0.000012	1.000000	1.000000	
1356712210.703412	0.999986	35.999606	22.713195	3.780967	1.000000	1.000000	0.999756	0.000312	1.000000	1.000000	0.999634	0.000081	0.996552	0.000088	0.987132	0.000051	1.001252	0.000014	1.000125	0.000034	1356712210.703632	0.999990	35.451329	21.877859	5.393700	1.000671	0.000075	1.000026	0.000134	1.000000	1.000000	0.988692	0.000047	0.989036	0.000046	0.992334	0.000085	0.988514	0.000046	1.000000	1.000000	
1356712211.703420	1.000008	36.091748	22.811995	3.769134	1.000000	1.000000	0.999941	0.000473	1.000000	1.000000	0.999681	0.000128	1.004994	0.000060	1.028665	0.000023	1.006085	0.000076	0.999867	0.000093	1356712211.703636	1.000004	35.535439	21.967028	5.403787	0.999754	0.000108	0.999876	0.000189	1.000000	1.000000	1.009553	0.000055	1.022702	0.000022	1.005900	0.000108	1.024275	0.000022	1.000000	1.000000	
1356712212.703416	0.999996	35.256735	21.972303	3.788056	0.999615	0.931113	0.999934	0.000593	0.999981	0.929704	1.000233	0.000424	1.000456	0.000063	0.995610	0.000047	1.022291	0.000008	1.000889	0.000083	1356712212.703637	1.000001	35.166196	21.589884	5.429926	0.999816	0.000073	1.000123	0.000134	1.000000	0.929690	0.999796	0.000064	1.000280	0.000044	0.999996	0.000106	0.999774	0.000068	1.000000	1.000000	
1356712213.703412	0.999996	36.019555	22.739792	3.769089	1.000000	1.000000	1.000092	0.000448	0.999999	1.000000	1.000274	0.000464	0.999979	0.000073	1.000000	0.000020	0.996561	0.000051	1.000122	0.000070	1356712213.703628	0.999991	35.473680	21.903992	5.331652	1.000675	0.000073	0.999938	0.000187	1.000000	1.000000	1.000966	0.000017	0.999965	0.000011	1.000011	0.000072	1.001680	0.000006	1.000000	1.000000	
1356712214.703414	1.000002	36.016090	22.735934	3.781426	1.000000	1.000000	0.999991	0.000622	1.000000	1.000000	0.996115	0.000060	1.003155	0.000063	1.000070	0.000049	1.003088	0.000013	0.999638	0.000034	1356712214.703630	1.000002	35.461740	21.891285	5.363836	0.999881	0.000103	1.000055	0.000133	1.000000	1.000000	0.999545	0.000051	0.999950	0.000046	0.999982	0.000086	1.000061	0.000051	1.000000	1.000000	
1356712215.703414	1.000000	36.114731	22.838379	3.773636	1.000000	1.000000	1.000022	0.001210	1.000000	1.000000	1.000620	0.000107	0.999712	0.000070	1.000636	0.000013	0.999287	0.000048	0.999643	0.000078	1356712215.703624	0.999994	35.515379	21.950708	5.406832	1.000027	0.000073	0.999847	0.000169	1.000000	1.000000	1.000756	0.000021	1.000355	0.000011	1.000000	0.000058	1.000703	0.000011	1.000000	1.000000	
1356712216.703421	1.000007	35.552366	22.275237	3.774342	0.999972	0.940630	0.999870	0.001206	1.000001	0.939640	0.999921	0.002325	0.998909	0.000190	1.001221	0.000163	0.999349	0.000013	0.999590	0.000034	1356712216.703642	1.000018	35.146207	21.575420	5.394755	0.998878	0.000071	1.000025	0.000220	1.000000	0.939611	0.999704	0.000059	0.999931	0.000045	0.999979	0.000091	0.999477	0.000045	1.000000	1.000000	
1356712217.703419	0.999998	36.161370	22.879621	3.749305	1.000000	1.000000	1.000006	0.003936	1.000000	1.000000	1.000044	0.002967	1.000074	0.002715	0.999931	0.002700	0.999997	0.002761	1.000009	0.003427	1356712217.703640	0.999998	35.598914	22.024761	5.415828	1.000011	0.002732	1.000004	0.002809	1.000000	1.000000	0.999999	0.002636	0.999999	0.002681	0.999999	0.002772	0.999998	0.002635	1.000000	1.000000	
1356712218.703411	0.999992	35.979494	22.714860	3.781708	1.000000	1.000000	1.000228	0.000192	1.000000	1.000000	1.000539	0.000388	0.997581	0.000067	1.000786	0.000052	0.999912	0.000013	0.999673	0.000034	1356712218.703617	0.999977	35.447406	21.916380	5.275939	1.000147	0.000073	0.999910	0.000133	1.000000	0.999998	1.000519	0.000043	0.999964	0.000043	0.999963	0.000083	1.000159	0.000046	1.000000	1.000000	
1356712219.703412	1.000001	36.110302	22.827478	3.773709	1.000000	1.000000	0.999980	0.000696	0.999999	1.000000	0.998198	0.000086	1.004236	0.000045	1.011254	0.000013	0.999984	0.000049	1.000158	0.000081	1356712219.703633	1.000016	35.531323	21.942399	5.412237	0.999359	0.000074	0.999943	0.000183	1.000000	1.000002	0.999838	0.000019	1.000246	0.000011	0.999965	0.000065	0.999297	0.000011	1.000000	1.000000	
1356712220.703419	1.000007	35.507445	22.229430	3.767079	0.999988	0.931806	1.000156	0.000813	1.000000	0.930736	0.998575	0.000082	0.998257	0.000088	0.999497	0.000047	1.002936	0.000013	0.998100	0.000034	1356712220.703641	1.000008	35.182759	21.616066	5.415880	0.999445	0.000070	1.000138	0.000154	1.000000	0.930733	1.000068	0.000045	0.999992	0.000046	0.999987	0.000092	1.000154	0.000045	1.000000	1.000000	
1356712221.703425	1.000006	35.010305	21.734810	3.776619	0.999918	0.890099	0.999309	0.000316	1.000001	0.887929	1.000573	0.000085	0.998306	0.000046	0.999198	0.000013	0.989065	0.000047	1.000605	0.000075	1356712221.703643	1.000002	34.922281	21.345372	5.374913	1.001501	0.000075	0.999970	0.000168	1.000000	0.887922	0.998991	0.000021	1.000982	0.000012	0.999880	0.000058	0.999304	0.000011	1.000000	1.000000	
1356712222.703412	0.999987	36.053055	22.778329	3.774082	1.000001	1.000000	1.000130	0.000723	1.000000	1.000000	1.001125	0.000060	0.992838	0.000066	0.983307	0.000050	0.995432	0.000014	0.998303	0.000034	1356712222.703625	0.999982	35.532480	21.967632	5.329151	1.000026	0.000073	0.999979	0.000131	1.000000	1.000000	0.988569	0.000046	0.988828	0.000047	0.992494	0.000085	0.989484	0.000047	1.000000	1.000000	
1356712223.703412	1.000000	36.034790	22.760101	3.781540	1.000000	1.000000	0.999816	0.000461	1.000000	1.000000	1.000287	0.000465	1.009030	0.000061	1.032146	0.000023	1.008089	0.000066	1.000224	0.000096	1356712223.703625	1.000000	35.533691	21.963150	5.423645	0.999945	0.000106	0.999925	0.000190	1.000000	1.000000	1.017584	0.000031	1.024743	0.000021	1.008627	0.000074	1.023963	0.000021	1.000000	1.000000	
1356712224.703412	1.000000	36.058426	22.782410	3.785522	1.000000	1.000000	1.000520	0.000302	0.999999	1.000000	0.998041	0.000096	0.998439	0.000063	1.000411	0.000047	0.997459	0.000013	1.000266	0.000033	1356712224.703636	1.000011	35.516059	21.949054	5.283710	0.999448	0.000071	0.999983	0.000138	1.000000	1.000000	1.000068	0.000046	0.999930	0.000044	1.000112	0.000093	1.000325	0.000045	1.000000	1.000000	
1356712225.703415	1.000003	36.024882	22.746466	3.758808	1.000000	1.000000	0.999875	0.001095	1.000001	1.000000	1.000000	0.000103	0.999698	0.000070	1.006926	0.000013	1.001499	0.000046	1.000557	0.000071	1356712225.703635	0.999999	35.496830	21.923345	5.484899	0.999304	0.000076	0.999972	0.000165	1.000000	1.000000	0.999014	0.000021	1.000176	0.000011	0.999827	0.000067	0.999035	0.000012	1.000000	1.000000	
1356712226.703411	0.999996	35.990319	22.709565	3.773850	1.000000	1.000000	1.000018	0.000379	1.000000	1.000000	1.000025	0.002013	1.001172	0.000064	0.995434	0.000049	0.995741	0.000013	0.998351	0.000035	1356712226.703621	0.999986	35.456584	21.873522	5.397277	1.000658	0.000073	1.000036	0.000130	1.000000	1.000000	0.999864	0.000046	0.999983	0.000047	0.999990	0.000117	1.000158	0.000046	1.000000	1.000000	
1356712227.703412	1.000001	35.965282	22.697198	3.766476	1.000000	1.000000	0.999818	0.000412	1.000000	1.000000	0.999890	0.000084	0.999723	0.000046	1.003367	0.000013	1.000334	0.000054	0.999759	0.000073	1356712227.703621	1.000000	35.447418	21.877579	5.384140	0.999980	0.000077	0.990086	0.000169	1.000000	1.000000	0.999982	0.000021	1.000033	0.000012	0.999821	0.000067	0.998806	0.000012	1.000000	1.000000	
1356712228.703419	1.000007	36.113535	22.834361	3.785008	1.000000	1.000000	1.000031	0.000906	1.000000	1.000000	0.999937	0.000390	1.002953	0.000062	1.003971	0.000046	1.000968	0.000013	1.002285	0.000033	1356712228.703632	1.000011	35.527793	21.950412	5.519883	0.999429	0.000072	1.012911	0.000130	1.000000	1.000000	1.000112	0.000045	0.999810	0.000045	1.000065	0.000083	1.000457	0.000045	1.000000	1.000000	
1356712229.703412	0.999993	35.130828	21.858687	3.776714	0.999967	0.895144	1.000237	0.000293	1.000000	0.893102	1.002201	0.000075	0.996846	0.000046	0.985551	0.000013	1.000533	0.000046	0.999074	0.000070	1356712229.703623	0.999991	34.981488	21.416423	5.360980	1.000832	0.000075	0.989867	0.000169	1.000000	0.893104	0.999825	0.000020	1.000852	0.000011	1.000086	0.000058	0.998545	0.000011	1.000000	1.000000	
1356712230.703412	1.000000	35.504715	22.224106	3.764465	0.999971	0.938574	0.999843	0.000331	1.000000	0.937566	0.999624	0.000081	1.001844	0.000087	0.999928	0.000048	0.994364	0.000013	0.999977	0.000034	1356712230.703623	1.000000	35.168304	21.599487	5.391022	1.000214	0.000072	1.013045	0.000131	1.000000	0.937567	1.000469	0.000045	0.999957	0.000044	0.999977	0.000084	0.999762	0.000045	1.000000	1.000000	
1356712231.703428	1.000016	36.027958	22.753772	3.766267	1.000000	1.000000	0.999861	0.000219	1.000000	1.000000	0.997971	0.000087	0.996319	0.000047	1.013917	0.000013	1.001163	0.000050	0.999900	0.000074	1356712231.703651	1.000028	35.487368	21.918502	5.295842	0.999494	0.000074	1.000028	0.000166	1.000000	1.000000	0.999811	0.000020	0.999752	0.000011	1.000191	0.000059	1.000427	0.000011	1.000000	1.000000	
1356712232.703411	0.999983	36.044266	22.771183	3.770450	1.000000	1.000000	1.000050	0.000309	1.000001	1.000000	1.003437	0.000059	0.999834	0.000063	0.997257	0.000046	1.000633	0.000013	1.000934	0.000034	1356712232.703626	0.999975	35.486362	21.920837	5.331768	0.999897	0.000071	0.999947	0.000131	1.000000	1.000000	0.999974	0.000044	1.000069	0.000045	0.999822	0.000098	0.999956	0.000044	1.000000	1.000000	
1356712233.703420	1.000009	36.065668	22.790885	3.774014	1.000000	1.000000	1.000005	0.000449	1.000000	1.000000	0.999525	0.000400	1.000727	0.000047	1.010495	0.000013	0.987998	0.000046	0.999955	0.000068	1356712233.703637	1.000011	35.484169	21.912327	5.417223	0.999792	0.000076	0.999893	0.000166	1.000000	1.000000	0.999559	0.000021	0.999894	0.000011	1.000364	0.000059	1.000096	0.000012	1.000000	1.000000	
1356712234.703412	0.999992	34.592993	21.321523	3.770813	0.999966	0.833545	1.000159	0.000433	1.000000	0.830688	1.000473	0.000059	0.993744	0.000063	0.983444	0.000049	0.998142	0.000014	1.002347	0.000034	1356712234.703634	0.999997	34.649506	21.080967	5.378984	0.999613	0.000072	1.000103	0.000139	1.000000	0.830692	0.988628	0.000046	0.988711	0.000045	0.992064	0.000084	0.988641	0.000045	1.000000	1.000000	
1356712235.703418	1.000006	35.421862	22.149679	3.774743	0.999981	0.923265	0.999893	0.000436	1.000000	0.922184	0.999696	0.000128	1.004026	0.000084	1.035773	0.000023	1.009027	0.000064	0.999619	0.000087	1356712235.703630	0.999996	35.150243	21.578487	5.389716	1.000534	0.000107	0.999953	0.000181	1.000000	0.922183	1.011689	0.000044	1.024444	0.000021	1.008652	0.000074	1.024567	0.000021	1.000000	1.000000	
1356712236.703412	0.999994	35.985795	22.727186	3.781669	1.000000	1.000000	0.999807	0.000233	1.000000	1.000000	0.999986	0.002486	1.002904	0.000062	0.996881	0.000046	1.000613	0.000013	0.998273	0.000035	1356712236.703628	0.999998	35.426597	21.859401	5.360591	0.999765	0.000072	1.000065	0.000131	1.000000	1.000000	1.000131	0.000044	0.999983	0.000045	0.999972	0.000083	1.000303	0.000045	1.000000	1.000000	
1356712237.703412	1.000000	35.317657	22.044876	3.757599	0.999971	0.920999	1.000189	0.000402	1.000000	0.919942	1.002993	0.000074	0.996490	0.000047	1.000737	0.000013	0.998572	0.000046	0.999820	0.000068	1356712237.703624	0.999996	35.065328	21.491939	5.431922	0.999597	0.000074	0.999832	0.000165	1.000000	0.919938	0.999557	0.000022	1.000141	0.000011	1.000116	0.000060	0.998709	0.000012	1.000000	1.000000	
1356712238.703416	1.000004	35.525888	22.251451	3.767685	0.999999	0.943673	0.999753	0.000420	1.000000	0.942624	0.999437	0.000378	0.999897	0.000064	1.002064	0.000048	1.001380	0.000013	1.000329	0.000034	1356712238.703642	1.000018	35.220836	21.649271	5.471109	1.000206	0.000071	1.000147	0.000131	1.000000	0.942623	1.000118	0.000046	0.999983	0.000044	0.999986	0.000085	1.000162	0.000045	1.000000	1.000000	
1356712239.703412	0.999996	35.387732	22.113554	3.778519	0.999872	0.942831	1.000097	0.000439	1.000000	0.941684	1.001005	0.000113	0.999809	0.000046	1.001289	0.000013	0.999867	0.000046	1.000120	0.000074	1356712239.703632	0.999990	35.183092	21.611529	5.344292	0.999779	0.000075	0.999937	0.000166	1.000000	0.941683	0.999636	0.000021	1.000000	0.000012	0.999947	0.000059	0.999228	0.000011	1.000000	1.000000	
1356712240.703412	1.000000	34.904541	21.629562	3.766937	0.999886	0.891945	0.999929	0.000653	1.000000	0.889789	1.001127	0.000082	1.000103	0.000086	0.996049	0.000045	1.003204	0.000013	1.001363	0.000034	1356712240.703623	0.999991	34.962353	21.390269	5.424335	1.000682	0.000071	0.999960	0.000143	1.000000	0.889787	1.000319	0.000045	0.999938	0.000043	0.999847	0.000083	1.000337	0.000045	1.000000	1.000000	
1356712241.703412	1.000000	36.062714	22.790421	3.773438	1.000000	1.000000	1.000084	0.000552	1.000000	1.000000	1.000004	0.000097	1.000000	0.000046	0.999055	0.000013	1.000060	0.000045	0.999949	0.000068	1356712241.703622	0.999999	35.537662	21.965216	5.405172	0.999827	0.000073	0.999917	0.000167	1.000000	1.000000	1.000230	0.000022	1.000247	0.000011	1.000151	0.000059	0.998676	0.000012	1.000000	1.000000	
1356712242.703412	1.000000	38.111282	24.834351	3.769455	1.000000	0.874634	0.999981	0.003316	1.000000	0.872432	1.000000	0.003021	0.999998	0.002822	0.999998	0.002729	0.999840	0.002704	1.000001	0.003226	1356712242.703616	0.999994	36.076753	22.502438	5.553652	0.999989	0.002907	1.000000	0.002850	1.000000	0.872429	0.999997	0.002785	0.999998	0.002844	0.999999	0.002713	0.999997	0.002733	1.000000	1.000000	
1356712243.703418	1.000006	36.002547	22.724764	3.769234	1.000000	1.000000	1.000061	0.000557	1.000000	1.000000	1.000002	0.000404	1.003921	0.000045	1.005959	0.000013	1.007640	0.000056	1.000172	0.000076	1356712243.703639	1.000023	35.450116	21.871097	5.400267	1.000395	0.000076	1.000064	0.000168	1.000000	1.000002	1.000000	0.000020	0.999965	0.000011	0.999967	0.000058	0.999871	0.000012	1.000000	1.000000	
1356712244.703412	0.999994	36.090898	22.811659	3.776527	1.000000	1.000000	0.999740	0.000234	1.000000	1.000000	0.999916	0.000060	0.997209	0.000064	0.998522	0.000049	0.999794	0.000013	0.999122	0.000033	1356712244.703623	0.999984	35.508715	21.938568	5.380594	0.999617	0.000081	0.999923	0.000130	1.000000	1.000000	1.000139	0.000045	0.999966	0.000045	0.999968	0.000084	1.000267	0.000046	1.000000	1.000000	
1356712245.703412	1.000000	36.013916	22.736832	3.784286	1.000000	1.000000	0.999966	0.000385	0.999999	1.000000	0.999974	0.000104	1.000263	0.000070	0.999362	0.000013	0.989220	0.000047	0.999046	0.000072	1356712245.703631	1.000008	35.437197	21.878668	5.302508	0.999890	0.000077	1.000050	0.000169	1.000000	1.000000	0.999606	0.000022	1.000142	0.000011	0.999972	0.000068	0.998903	0.000012	1.000000	1.000000	
1356712246.703412	1.000000	36.063339	22.787643	3.772263	1.000000	1.000000	0.999775	0.000412	1.000001	1.000000	1.000000	0.002025	0.992182	0.000066	0.987263	0.000050	1.000513	0.000014	1.000951	0.000034	1356712246.703630	0.999999	35.515094	21.945547	5.417074	1.000582	0.000074	1.000006	0.000131	1.000000	1.000000	0.989276	0.000047	0.988889	0.000046	0.992566	0.000087	0.989483	0.000047	1.000000	1.000000	
1356712247.703412	1.000000	36.001358	22.756531	3.768661	1.000000	1.000000	1.000206	0.000318	1.000000	1.000000	0.998110	0.000106	1.008437	0.000061	1.027864	0.000023	1.007822	0.000065	1.000520	0.000091	1356712247.703630	1.000000	35.500977	21.931030	5.372101	1.000123	0.000094	0.999972	0.000180	1.000000	1.000000	1.016472	0.000031	1.024535	0.000021	1.007937	0.000080	1.023508	0.000021	1.000000	1.000000	
1356712248.703423	1.000011	35.504249	22.202866	3.772297	1.000000	0.937829	0.999958	0.000377	1.000000	0.936863	1.000132	0.000381	1.002296	0.000063	0.999440	0.000047	0.997627	0.000013	0.997593	0.000033	1356712248.703642	1.000012	35.194313	21.620577	5.398205	0.999190	0.000071	1.000123	0.000132	1.000000	0.936863	0.999707	0.000045	1.000026	0.000044	0.999926	0.000083	1.000496	0.000045	1.000000	1.000000	
1356712249.703412	0.999989	34.021919	20.747313	3.770061	0.999957	0.767461	0.999908	0.000553	1.000000	0.762627	1.001687	0.000077	0.996077	0.000046	1.006770	0.000013	0.999809	0.000046	1.000664	0.000073	1356712249.703646	1.000004	34.375486	20.811897	5.485146	1.000379	0.000074	0.999913	0.000178	1.000000	0.762623	0.999910	0.000022	1.000196	0.000012	1.000099	0.000058	0.998536	0.000011	1.000000	1.000000	
1356712250.703412	1.000000	35.953094	22.678711	3.772415	1.000000	1.000000	0.999935	0.000562	1.000000	1.000000	0.998354	0.000081	1.000110	0.000087	1.000000	0.000048	1.002866	0.000013	0.998390	0.000033	1356712250.703626	0.999980	35.484643	21.910061	5.336624	0.999727	0.000073	0.999980	0.000138	1.000000	1.000000	0.999858	0.000046	0.999917	0.000046	0.999867	0.000084	1.000159	0.000046	1.000000	1.000000	
1356712251.703418	1.000006	34.603767	21.329768	3.764946	0.999768	0.847244	0.977728	0.000562	1.000000	0.843665	1.000250	0.000088	1.004125	0.000046	0.995197	0.000013	0.999108	0.000049	1.000015	0.000075	1356712251.703624	0.999998	34.722707	21.154230	5.417888	1.000231	0.000075	0.999879	0.000169	1.000000	0.843661	1.000000	0.000022	1.000601	0.000011	1.000121	0.000080	0.999610	0.000012	1.000000	1.000000	
1356712252.703412	0.999994	35.929780	22.654447	3.763862	1.000000	1.000000	0.999712	0.000197	1.000000	1.000000	1.002152	0.000060	0.997073	0.000063	1.000176	0.000046	0.999883	0.000013	0.999977	0.000034	1356712252.703620	0.999996	35.438330	21.879254	5.282965	1.000156	0.000072	0.999880	0.000142	1.000000	1.000000	1.000208	0.000044	0.999894	0.000044	0.999987	0.000091	0.999777	0.000043	1.000000	1.000000	
1356712253.703412	1.000000	36.029785	22.753372	3.764053	1.000000	1.000000	1.000172	0.000287	1.000000	1.000000	0.999995	0.000389	1.003753	0.000046	0.999942	0.000013	0.999966	0.000046	1.000840	0.000071	1356712253.703629	1.000009	35.526564	21.963744	5.363156	0.999984	0.000075	1.000195	0.000168	1.000000	1.000000	1.000108	0.000021	0.999929	0.000011	0.999987	0.000060	1.000386	0.000011	1.000000	1.000000	
1356712254.703412	1.000000	36.088135	22.809357	3.771164	1.000000	1.000000	1.000013	0.000315	1.000000	1.000000	0.998099	0.000075	1.000352	0.000064	1.001382	0.000048	1.000059	0.000013	1.000125	0.000034	1356712254.703628	0.999999	35.571445	21.999136	5.385030	0.999337	0.000074	0.999893	0.000130	1.000000	1.000000	1.000059	0.000046	0.999974	0.000045	0.999979	0.000093	0.999983	0.000046	1.000000	1.000000	
1356712255.703412	1.000000	36.020142	22.739731	3.778732	1.000000	1.000000	1.000021	0.001006	0.999999	1.000000	1.000790	0.000155	0.997224	0.000070	0.994258	0.000013	0.999929	0.000049	0.999882	0.000072	1356712255.703636	1.000008	35.487627	21.914343	5.507768	1.000056	0.000075	0.999984	0.000168	1.000000	1.000000	0.999659	0.000020	1.000106	0.000011	0.999942	0.000060	0.999451	0.000012	1.000000	1.000000	
1356712256.703412	1.000000	36.017578	22.739761	3.771606	1.000000	1.000000	0.999984	0.000418	1.000000	1.000000	1.000005	0.002008	1.003023	0.000062	1.001594	0.000046	1.000000	0.000013	0.999047	0.000034	1356712256.703632	0.999996	35.504203	21.933866	5.314917	0.999461	0.000072	1.000062	0.000130	1.000000	1.000000	1.000174	0.000044	0.999991	0.000044	1.000024	0.000114	1.000086	0.000045	1.000000	1.000000	
1356712257.703412	1.000000	34.343948	21.078720	3.773163	0.999897	0.837422	0.999956	0.000445	1.000000	0.834198	0.998196	0.000076	0.999950	0.000046	0.998671	0.000013	0.988787	0.000046	0.999679	0.000068	1356712257.703624	0.999992	34.655112	21.076831	5.401625	1.000264	0.000074	0.999572	0.000195	1.000000	0.834192	0.999924	0.000020	1.000000	0.000011	0.999959	0.000066	0.998996	0.000012	1.000000	1.000000	
1356712258.703412	1.000000	34.564972	21.290344	3.765213	0.999933	0.822534	1.000043	0.000375	1.000000	0.819267	0.999996	0.000384	0.989305	0.000064	0.986280	0.000049	1.012891	0.000014	1.000942	0.000034	1356712258.703630	1.000006	34.918218	21.349253	5.368468	1.000238	0.000073	1.000586	0.000132	1.000000	0.875107	0.988765	0.000046	0.988663	0.000045	0.992297	0.000083	0.988803	0.000046	1.000000	1.000000	
1356712259.703412	1.000000	36.077911	22.801361	3.770386	1.000000	1.000000	0.999945	0.000707	1.000000	1.000000	0.999829	0.000097	1.008776	0.000060	1.028023	0.000023	1.005246	0.000063	1.000044	0.000088	1356712259.703636	1.000006	35.518007	21.950217	5.414396	1.000245	0.000095	0.999887	0.000181	1.000000	1.000000	1.017365	0.000029	1.024422	0.000021	1.007332	0.000087	1.024776	0.000021	1.000000	1.000000	
1356712260.703415	1.000003	36.040553	22.758764	3.766422	1.000000	1.000000	1.000022	0.000482	1.000000	1.000000	1.000128	0.000081	0.999449	0.000086	0.989306	0.000047	0.995502	0.000013	0.998078	0.000033	1356712260.703630	0.999994	35.514967	21.940393	5.371263	0.999289	0.000071	1.000151	0.000130	1.000000	1.000000	1.000087	0.000044	0.999929	0.000043	0.999904	0.000092	1.000875	0.000044	1.000000	1.000000	
1356712261.703412	0.999997	36.083761	22.803019	3.773663	1.000000	1.000000	0.999992	0.000604	1.000000	1.000000	1.001642	0.000080	1.000657	0.000046	1.002139	0.000234	1.002197	0.000045	1.001343	0.000067	1356712261.703633	1.000003	35.512463	21.956872	5.460661	0.999547	0.000076	0.999968	0.000168	1.000000	1.000000	0.999384	0.000021	1.000496	0.000011	1.000097	0.000059	0.996169	0.000011	1.000000	1.000000	
1356712262.703412	1.000000	35.455414	22.175552	3.765335	0.999987	0.928248	0.999954	0.000237	1.000000	0.927266	1.000065	0.000059	1.000401	0.000064	0.999689	0.000042	0.999612	0.000013	0.999647	0.000034	1356712262.703625	0.999992	35.160029	21.598030	5.315854	1.000606	0.000072	0.999846	0.000130	1.000000	0.927265	0.999779	0.000045	1.000009	0.000044	0.999885	0.000084	1.000117	0.000046	1.000000	1.000000	
1356712263.703412	1.000000	35.434845	22.155258	3.772003	0.999960	0.929608	0.999932	0.000373	1.000000	0.928725	0.999632	0.000399	0.998680	0.000046	1.003256	0.000013	0.999129	0.000049	1.000137	0.000073	1356712263.703626	1.000001	35.131650	21.564127	5.416773	1.000562	0.000073	1.000148	0.000167	1.000000	0.928721	1.000939	0.000021	1.000000	0.000011	1.000124	0.000075	0.999838	0.000012	1.000000	1.000000	
1356712264.703415	1.000003	34.786269	21.508173	3.767277	0.999894	0.863000	0.972163	0.000619	1.000000	0.860812	0.998042	0.000059	1.003113	0.000063	1.000265	0.000048	0.998810	0.000013	0.997639	0.000034	1356712264.703634	1.000008	34.839821	21.270045	5.470018	0.999936	0.000072	0.999749	0.000131	1.000000	0.860813	1.000026	0.000044	0.999974	0.000045	0.999954	0.000109	1.000026	0.000044	1.000000	1.000000	
1356712265.703414	0.999999	36.052387	22.773078	3.766147	1.000000	1.000000	1.000016	0.000709	1.000000	1.000000	1.002468	0.000100	0.999880	0.000070	1.000029	0.000013	1.000929	0.000046	1.000569	0.000068	1356712265.703631	0.999997	35.508823	21.943977	5.386461	0.999370	0.000077	1.000122	0.000164	1.000000	1.000000	0.999063	0.000021	1.000212	0.000011	1.000013	0.000058	0.999439	0.000011	1.000000	1.000000	
1356712266.703414	1.000000	34.610016	21.329453	3.763931	0.999909	0.836046	0.999576	0.000658	1.000000	0.832788	0.999969	0.002538	0.999897	0.000063	0.999757	0.000049	0.995887	0.000013	1.000861	0.000034	1356712266.703639	1.000008	34.657541	21.087415	5.511079	1.000624	0.000072	0.999908	0.000147	1.000000	0.832781	1.000542	0.000045	0.999991	0.000045	0.999973	0.000084	1.000009	0.000045	1.000000	1.000000	
1356712267.703412	0.999998	38.582181	25.316744	3.757377	1.000000	0.950170	1.000027	0.003331	0.999999	0.894235	0.999983	0.003325	1.000011	0.002709	0.999841	0.002642	1.000006	0.002670	0.999990	0.003171	1356712267.703618	0.999979	38.025532	24.459513	5.462654	0.999987	0.002641	0.999895	0.002746	1.000000	0.894229	0.999998	0.002748	1.000180	0.002561	0.999999	0.002672	0.999999	0.002611	1.000000	0.999992	
1356712268.703416	1.000004	36.032050	22.759475	3.783035	1.000000	1.000000	0.999879	0.000309	1.000001	1.000000	1.000156	0.000377	0.997297	0.000064	1.011335	0.000049	1.000795	0.000013	0.999565	0.000035	1356712268.703631	1.000013	35.508949	21.945528	5.266944	0.999749	0.000071	1.002090	0.000131	1.000000	1.000000	0.999478	0.000041	0.987730	0.000040	0.999940	0.000083	0.999823	0.000041	1.000000	1.000000	
1356712269.703412	0.999996	36.029779	22.758729	3.767822	1.000000	1.000000	1.000242	0.000506	1.000000	0.999999	0.999710	0.000079	0.999026	0.000046	0.989175	0.000013	0.988345	0.000048	1.000598	0.000071	1356712269.703639	1.000008	35.490847	21.928594	5.305346	1.000674	0.000074	1.000009	0.000164	1.000000	1.000000	1.000515	0.000019	1.002623	0.000011	0.999963	0.000074	1.002761	0.000011	1.000000	1.000000	
1356712270.703412	1.000000	36.120956	22.847916	3.778427	1.000000	1.000000	0.999709	0.000320	1.000001	1.000001	1.000896	0.000088	0.995569	0.000088	0.986464	0.000050	1.005052	0.000014	1.000308	0.000034	1356712270.703636	0.999997	35.523990	21.968894	5.466188	0.999360	0.000072	1.000107	0.000130	1.000000	1.000000	0.989122	0.000047	0.988994	0.000046	0.993646	0.000101	0.988746	0.000047	1.000000	1.000000	
1356712271.703412	1.000000	33.998291	20.724945	3.738235	0.999883	0.778695	0.999698	0.000272	0.999999	0.774599	0.998336	0.000108	1.006292	0.000061	1.028400	0.000023	1.007833	0.000066	0.998955	0.000090	1356712271.703627	0.999991	34.364829	20.798803	5.354754	1.000008	0.000101	0.999937	0.000190	1.000000	0.774603	1.016689	0.000031	1.024831	0.000021	1.007807	0.000082	1.025118	0.000021	1.000000	1.000000	
1356712272.703412	1.000000	35.926651	22.661667	3.776245	1.000000	1.000000	0.999938	0.000489	1.000000	1.000000	1.000159	0.000299	0.999976	0.000064	0.998810	0.000048	0.995440	0.000013	0.999231	0.000034	1356712272.703629	1.000002	35.422082	21.859852	5.304204	1.000466	0.000098	0.999889	0.000142	1.000000	1.000000	1.000065	0.000078	0.999833	0.000072	1.000023	0.000099	0.999662	0.000059	1.000000	1.000000	
1356712273.703412	1.000000	34.682495	21.418411	3.766541	0.999781	0.868854	1.000484	0.000257	1.000000	0.866819	1.000073	0.000457	0.999809	0.000061	1.002642	0.000013	0.999784	0.000046	1.000393	0.000073	1356712273.703631	1.000002	34.800471	21.249074	5.157949	0.998887	0.000076	1.000018	0.000168	1.000000	0.866818	0.999790	0.000029	1.001734	0.000006	0.999968	0.000096	1.001437	0.000012	1.000000	1.000000	
1356712274.703412	1.000000	36.027023	22.757690	3.779236	1.000000	1.000000	1.000115	0.000579	1.000000	1.000000	0.999468	0.000080	1.000646	0.000087	0.999632	0.000070	0.999339	0.000020	1.000695	0.000034	1356712274.703627	0.999996	35.518348	21.951978	5.302237	1.000365	0.000097	0.999929	0.000131	1.000000	1.000000	0.999653	0.000059	1.000000	0.000049	1.000021	0.000111	0.999954	0.000059	1.000000	1.000000	
1356712275.703412	1.000000	36.080322	22.812210	3.767914	1.000000	1.000000	0.999474	0.000391	1.000000	1.000000	0.998849	0.000111	0.999373	0.000069	0.997942	0.000008	0.998473	0.000051	1.000228	0.000074	1356712275.703632	1.000005	35.557439	21.996655	5.365269	0.999924	0.000077	1.000090	0.000167	1.000000	1.000000	1.001600	0.000015	0.999823	0.000011	0.999960	0.000067	0.999838	0.000007	1.000000	1.000000	
1356712276.703412	1.000000	34.798111	21.532349	3.779877	0.999969	0.853493	1.000203	0.000231	1.000000	0.850379	1.000133	0.002021	1.001199	0.000064	1.001651	0.000052	1.011506	0.000013	0.999689	0.000033	1356712276.703620	0.999988	34.807117	21.235650	5.490880	1.000648	0.000072	0.999805	0.000145	1.000000	0.850378	0.999475	0.000051	1.000060	0.000045	0.999845	0.000084	0.999820	0.000051	1.000000	1.000000	
1356712277.703412	1.000000	35.485001	22.221832	3.767899	0.999962	0.940685	1.000254	0.000497	1.000000	0.939545	0.997277	0.000076	0.997477	0.000047	0.996274	0.000013	0.999145	0.000047	1.000355	0.000074	1356712277.703634	1.000014	35.185235	21.628510	5.303499	0.998883	0.000075	1.000121	0.000169	1.000000	0.939542	1.000576	0.000020	0.999772	0.000012	1.000276	0.000060	1.000905	0.000012	1.000000	1.000000	
1356712278.703412	1.000000	35.998962	22.733002	3.768326	1.000000	1.000000	1.000095	0.000263	0.999999	1.000000	0.999995	0.000384	1.000000	0.000065	1.000404	0.000049	1.006254	0.000013	1.002245	0.000034	1356712278.703636	1.000002	35.488671	21.920521	5.341573	1.001108	0.000074	1.000000	0.000131	1.000000	1.000000	1.000023	0.000066	1.000206	0.000045	0.999988	0.000094	1.000102	0.000045	1.000000	1.000000	
1356712279.703413	1.000001	35.975292	22.717614	3.774975	1.000000	1.000000	0.999752	0.000566	1.000001	1.000000	1.002413	0.000083	1.001225	0.000046	1.004098	0.000013	0.999048	0.000047	0.999519	0.000073	1356712279.703630	0.999994	35.458814	21.878609	5.379732	0.999903	0.000075	0.999929	0.000175	1.000000	1.000000	0.999071	0.000021	0.999673	0.000012	0.999766	0.000059	0.998347	0.000011	1.000000	1.000000	
1356712280.703412	0.999999	36.016819	22.748023	3.775303	1.000000	1.000000	1.000196	0.000296	1.000000	1.000000	0.998800	0.000081	1.000153	0.000086	0.998543	0.000047	0.997027	0.000013	0.997151	0.000034	1356712280.703630	1.000000	35.471191	21.896912	5.452576	0.999754	0.000078	1.000101	0.000130	1.000000	1.000000	1.000388	0.000058	0.999975	0.000046	1.000037	0.000083	0.999974	0.000044	1.000000	1.000000	
1356712281.703412	1.000000	35.428970	22.162979	3.772675	0.999969	0.940515	1.000322	0.000322	1.000000	0.939403	0.998617	0.000078	1.002809	0.000046	1.000354	0.000013	0.988406	0.000045	1.001911	0.000073	1356712281.703635	1.000005	35.121391	21.549773	5.379902	0.999480	0.000074	0.999998	0.000167	1.000000	0.939404	0.999040	0.000019	1.000853	0.000011	0.999960	0.000067	1.001973	0.000011	1.000000	1.000000	
1356712282.703412	1.000000	35.897415	22.627594	3.764618	1.000000	1.000000	0.999692	0.000305	0.999999	1.000000	1.000852	0.000060	0.988665	0.000064	0.989342	0.000048	0.998323	0.000014	0.995864	0.000034	1356712282.703630	0.999995	35.414362	21.838946	5.349728	1.000614	0.000080	0.999967	0.000130	1.000000	1.000000	0.988947	0.000046	0.990285	0.000053	0.992882	0.000092	0.990942	0.000060	1.000000	1.000000	
1356712283.703415	1.000003	36.025477	22.754690	3.770801	1.000000	1.000000	1.001048	0.000476	1.000001	1.000000	0.999950	0.000567	1.006802	0.000111	1.027410	0.000023	1.007992	0.000064	1.000120	0.000093	1356712283.703634	1.000004	35.508462	21.918017	5.563042	0.999315	0.000125	1.002300	0.000292	1.000000	1.000000	1.008622	0.000060	1.024362	0.000021	1.008806	0.000074	1.024397	0.000021	1.000000	1.000000	
1356712284.703412	0.999997	36.064183	22.795069	3.775311	1.000000	1.000000	0.998699	0.000336	1.000000	1.000000	0.999751	0.000101	0.998518	0.000135	0.998985	0.000070	1.002965	0.000013	1.001971	0.000034	1356712284.703636	1.000002	35.488275	21.919895	5.436910	1.000022	0.000105	0.996505	0.000194	1.000000	1.000000	1.000003	0.000145	1.000017	0.000044	0.999834	0.000084	1.000164	0.000059	1.000000	1.000000	
1356712285.703412	1.000000	36.076309	22.805237	3.775543	0.999999	1.000000	0.999787	0.000727	1.000000	1.000000	0.999913	0.000102	1.000090	0.000068	1.006588	0.000013	0.999116	0.000046	0.998692	0.000071	1356712285.703643	1.000007	35.453551	21.898790	5.381234	1.000521	0.000076	0.999950	0.000169	1.000000	1.000000	0.999826	0.000020	1.000283	0.000011	1.000295	0.000067	1.001384	0.000012	1.000000	1.000000	
1356712286.703412	1.000000	35.645172	22.375504	3.775314	1.000001	0.952931	1.000102	0.000403	1.000000	0.951861	0.999972	0.002004	1.000704	0.000066	0.998556	0.000049	1.005506	0.000013	1.000817	0.000035	1356712286.703626	0.999983	35.240541	21.673386	5.507753	1.000402	0.000074	0.999936	0.000138	1.000000	0.951859	0.999651	0.000046	0.999966	0.000045	0.999859	0.000107	0.999375	0.000046	1.000000	1.000000	
1356712287.703412	1.000000	35.283737	22.019852	3.784958	0.999971	0.917610	1.000077	0.000826	0.999999	0.916538	1.001198	0.000077	0.998568	0.000044	0.999116	0.000013	1.002632	0.000047	1.000095	0.000077	1356712287.703628	1.000002	35.042719	21.483342	5.277578	0.999901	0.000082	1.000040	0.000182	1.000000	0.916536	1.000700	0.000020	0.999822	0.000011	1.000272	0.000059	1.001307	0.000011	1.000000	1.000000	
1356712288.703412	1.000000	35.997696	22.729874	3.778625	1.000000	1.000000	0.999355	0.000325	1.000001	1.000000	1.000213	0.000386	1.000566	0.000063	0.998844	0.000046	0.989687	0.000013	1.000149	0.000034	1356712288.703628	1.000000	35.459808	21.875336	5.462387	1.000108	0.000072	0.999905	0.000135	1.000000	1.000000	1.000101	0.000046	1.000053	0.000044	0.999807	0.000084	0.999755	0.000058	1.000000	1.000000	
1356712289.703416	1.000004	35.997993	22.736038	3.767914	1.000000	1.000000	1.000061	0.000371	1.000000	1.000000	0.998171	0.000077	1.003267	0.000046	1.009936	0.000013	0.997612	0.000046	0.999614	0.000068	1356712289.703637	1.000009	35.461608	21.903976	5.346631	0.999388	0.000083	0.999949	0.000166	1.000000	1.000000	1.000161	0.000022	0.999537	0.000011	0.999934	0.000059	0.999903	0.000012	1.000000	1.000000	
1356712290.703412	0.999996	36.032815	22.781220	3.774780	1.000000	1.000000	1.000488	0.000370	0.999999	0.999999	1.000707	0.000082	0.998125	0.000087	0.996938	0.000047	1.004044	0.000013	0.990596	0.000034	1356712290.703647	1.000010	35.485622	21.919123	5.415794	1.000374	0.000071	1.000183	0.000130	1.000000	1.000000	0.999475	0.000046	1.000086	0.000045	1.000023	0.000085	1.000271	0.000046	1.000000	1.000000	
1356712291.703412	1.000000	36.063187	22.794083	3.771484	0.999999	1.000000	0.999960	0.000368	1.000001	1.000000	0.999818	0.000085	0.999292	0.000045	1.000727	0.000013	1.001377	0.000049	1.001305	0.000164	1356712291.703633	0.999986	35.155158	21.594237	5.444611	0.999223	0.000076	0.999979	0.000167	1.000000	0.927756	1.000867	0.000020	1.000105	0.000011	1.000105	0.000059	0.999143	0.000012	1.000000	0.999727	
1356712292.703412	1.000000	37.502121	24.227188	3.770020	1.000000	0.846206	0.999957	0.003053	1.000000	0.898497	1.000057	0.002917	1.000031	0.002741	1.000008	0.002589	0.999823	0.002565	1.000022	0.003209	1356712292.703604	0.999971	37.814943	24.241001	5.555673	0.999970	0.002835	0.999989	0.002875	1.000000	0.898488	0.999997	0.002897	1.000000	0.002778	0.999993	0.002717	1.000002	0.002727	1.000000	1.000000	
1356712293.703412	1.000000	35.469055	22.197891	3.761124	0.999975	0.939131	1.000232	0.000592	1.000000	0.938004	0.999387	0.000395	0.997927	0.000046	1.003439	0.000013	0.997490	0.000053	1.000022	0.000071	1356712293.703626	1.000022	35.115761	21.541138	5.357701	1.001590	0.000074	1.000007	0.000167	1.000000	0.938006	0.999894	0.000022	1.000561	0.000011	0.999948	0.000059	0.999007	0.000012	1.000000	1.000000	
1356712294.703430	1.000018	34.428202	21.160403	3.774286	0.999967	0.813727	0.999788	0.000463	1.000001	0.809889	1.001930	0.000059	0.994897	0.000067	0.988680	0.000051	1.000026	0.000015	0.989883	0.000034	1356712294.703645	1.000019	34.491102	20.926511	5.485186	1.000363	0.000080	1.000037	0.000145	1.000000	0.809885	0.989129	0.000047	0.989081	0.000047	0.993248	0.000094	0.989133	0.000047	1.000000	1.000000	
1356712295.703412	0.999982	34.954803	21.690268	3.759680	0.999946	0.881998	1.000054	0.000297	1.000000	0.879683	0.999703	0.000123	1.004111	0.000085	1.022857	0.000023	1.009811	0.000066	1.003618	0.000093	1356712295.703630	0.999985	34.850148	21.285293	5.314640	1.000012	0.000095	0.999873	0.000185	1.000000	0.879702	1.016544	0.000030	1.023896	0.000021	1.007757	0.000083	1.024703	0.000021	1.000000	1.000000	
1356712296.703413	1.000001	35.523373	22.253732	3.774060	1.000000	0.947961	0.999808	0.000525	1.000001	0.946951	1.000025	0.002484	1.000770	0.000065	1.003764	0.000047	0.991979	0.000013	1.000886	0.000034	1356712296.703631	1.000001	35.165570	21.579874	5.479868	0.998471	0.000072	1.000101	0.000145	1.000000	0.946948	1.000307	0.000045	1.000103	0.000045	0.999959	0.000084	0.999881	0.000045	1.000000	1.000000	
1356712297.703412	0.999999	35.505664	22.238745	3.781986	0.999894	0.942454	1.000057	0.000497	1.000000	0.941241	0.999290	0.000074	1.000627	0.000046	0.985503	0.000013	0.999525	0.000047	1.000960	0.000074	1356712297.703626	0.999995	35.164315	21.598375	5.407147	1.001549	0.000075	1.000021	0.000168	1.000000	0.941240	1.000000	0.000020	1.000359	0.000012	0.999980	0.000059	0.999895	0.000011	1.000000	1.000000	
1356712298.703418	1.000006	35.677232	22.411640	3.774315	0.999973	0.947469	1.000001	0.001012	1.000000	0.946409	0.999957	0.000402	1.002438	0.000065	1.004454	0.000048	1.000875	0.000013	0.999376	0.000034	1356712298.703631	1.000005	35.243232	21.683958	5.521106	0.999345	0.000073	0.999997	0.000131	1.000000	0.946409	0.999751	0.000047	1.000000	0.000046	1.000047	0.000099	1.000134	0.000046	1.000000	1.000000	
1356712299.703412	0.999994	34.680764	21.432547	3.767463	0.999957	0.848734	1.000150	0.000249	0.999999	0.845595	0.999215	0.000087	0.995931	0.000045	0.986629	0.000013	0.998872	0.000047	0.999384	0.000126	1356712299.703626	0.999995	34.700384	21.138473	5.381603	1.000542	0.000075	0.999917	0.000189	1.000000	0.845594	0.999904	0.000020	0.999837	0.000012	0.999905	0.000073	1.000175	0.000011	1.000000	1.000000	
1356712300.703412	1.000000	34.436890	21.171921	3.780075	0.999959	0.811071	0.999827	0.000332	1.000001	0.807254	1.000884	0.000082	0.999535	0.000087	0.999816	0.000048	1.004409	0.000013	1.001586	0.000034	1356712300.703630	1.000004	34.521207	20.956214	5.405923	0.999543	0.000072	1.000068	0.000165	1.000000	0.807258	1.000437	0.000046	1.000017	0.000045	1.000074	0.000083	0.999781	0.000046	1.000000	1.000000	
1356712301.703412	1.000000	34.641769	21.380157	3.761200	0.999892	0.839234	1.000013	0.000365	1.000000	0.836040	0.999822	0.000097	1.004255	0.000045	0.998210	0.000013	1.000869	0.000046	1.000373	0.000074	1356712301.703625	0.999995	34.634237	21.090178	5.401654	1.000453	0.000075	0.999986	0.000169	1.000000	0.836033	0.999571	0.000022	1.000177	0.000011	0.999951	0.000072	0.999965	0.000011	1.000000	1.000000	
1356712302.703412	1.000000	34.435287	21.173355	3.783813	0.999980	0.813828	1.000101	0.000404	0.999999	0.809747	1.000442	0.000059	0.996074	0.000064	1.003637	0.000049	0.999767	0.000013	0.998745	0.000037	1356712302.703627	1.000002	34.549113	20.985571	5.443380	0.999443	0.000072	0.999973	0.000159	1.000000	0.809742	1.000238	0.000045	0.999578	0.000045	0.999895	0.000084	1.000312	0.000046	1.000000	1.000000	
1356712303.703412	1.000000	33.844376	20.582138	3.770340	0.999909	0.754776	0.999645	0.000209	1.000000	0.749777	0.999885	0.000409	1.000270	0.000047	0.993049	0.000013	0.998398	0.000050	0.999789	0.000080	1356712303.703625	0.999998	34.241230	20.670205	5.492396	1.000402	0.000073	0.999927	0.000197	1.000000	0.749776	1.000181	0.000021	1.000882	0.000011	0.999995	0.000078	0.999130	0.000012	1.000000	1.000000	
1356712304.703412	1.000000	35.452362	22.189972	3.768799	0.999976	0.942442	0.999681	0.000162	1.000000	0.941431	0.999532	0.000059	1.001571	0.000064	0.997957	0.000045	1.001888	0.000013	1.001452	0.000033	1356712304.703629	1.000004	35.161997	21.586323	5.393411	1.000074	0.000073	1.000066	0.000129	1.000000	0.941430	0.999825	0.000044	1.000210	0.000044	1.000135	0.000083	1.000026	0.000058	1.000000	1.000000	
1356712305.703412	1.000000	34.397552	21.134445	3.782944	0.999986	0.810329	1.000346	0.000306	1.000001	0.806174	1.001986	0.000101	0.999378	0.000069	1.004832	0.000013	0.989399	0.000046	0.999083	0.000069	1356712305.703634	1.000005	34.530268	20.974794	5.467456	0.998957	0.000075	0.999964	0.000192	1.000000	0.806178	0.999784	0.000021	0.999894	0.000011	0.999791	0.000059	0.999838	0.000012	1.000000	1.000000	
1356712306.703412	1.000000	33.955780	20.693924	3.788452	0.999938	0.760772	0.999893	0.000260	0.999999	0.755781	0.999981	0.002001	0.992278	0.000065	0.985454	0.000049	1.004211	0.000014	1.000728	0.000033	1356712306.703636	1.000002	34.264202	20.704474	5.365972	1.000517	0.000072	1.000016	0.000146	1.000000	0.755777	0.988940	0.000046	0.989004	0.000046	0.993725	0.000105	0.988873	0.000046	1.000000	1.000000	
1356712307.703413	1.000001	34.072264	20.808238	3.778927	0.999870	0.795361	0.999755	0.000221	1.000001	0.790547	0.998911	0.000100	1.010118	0.000061	1.029427	0.000023	1.007616	0.000064	0.834812	0.000105	1356712307.703623	0.999987	34.405709	20.822874	5.577832	0.999768	0.000093	0.992252	0.000226	1.000000	0.790549	1.016484	0.000030	1.024308	0.000021	1.006886	0.000095	1.024626	0.000021	1.000000	1.000000	
1356712308.703412	0.999999	34.126345	20.863545	3.787815	0.999965	0.786492	0.999639	0.000249	1.000000	0.781800	1.000350	0.000398	0.998069	0.000063	0.999983	0.000046	0.995270	0.000013	1.001410	0.000033	1356712308.703629	1.000006	34.341806	20.773009	5.472654	1.000054	0.000071	1.010907	0.000159	1.000000	0.781802	1.000658	0.000045	0.999885	0.000044	0.999972	0.000083	0.999826	0.000046	1.000000	1.000000	
1356712309.703412	1.000000	34.431183	21.169479	3.783997	0.999969	0.818617	1.000514	0.000524	1.000000	0.814774	0.998144	0.000076	0.999950	0.000046	0.993987	0.000013	1.000952	0.000045	1.000298	0.000069	1356712309.703632	1.000003	34.520096	20.969372	5.371581	0.998999	0.000074	0.999953	0.000189	1.000000	0.814773	0.999681	0.000022	1.000355	0.000011	0.999974	0.000059	1.000871	0.000012	1.000000	1.000000	
1356712310.703413	1.000001	35.439084	22.193338	3.767575	0.999969	0.944828	1.000214	0.000302	1.000000	0.943693	0.999776	0.000203	1.000075	0.000332	1.004890	0.000047	0.994959	0.000013	0.997313	0.000034	1356712310.703627	0.999995	34.860526	21.306961	5.288555	1.001584	0.000074	1.000050	0.000139	1.000000	0.893546	1.000042	0.000046	0.999848	0.000046	0.999981	0.000122	0.999632	0.000046	0.999983	0.999670	
1356712311.703412	0.999999	36.055363	22.793708	3.774311	1.000000	1.000000	0.999350	0.000458	1.000000	1.000000	1.000494	0.000082	1.000241	0.000045	0.990644	0.000013	1.000262	0.000052	1.001442	0.000072	1356712311.703630	1.000003	35.491025	21.920586	5.483046	0.999400	0.000096	0.999993	0.000166	1.000000	1.000000	0.998543	0.000020	1.000460	0.000011	1.000013	0.000059	1.000785	0.000012	1.000000	1.000000	
1356712312.703412	1.000000	33.999557	20.740173	3.776489	0.999844	0.770341	1.008693	0.000097	0.999999	0.765246	0.998367	0.000059	0.999194	0.000064	1.000149	0.000046	1.001704	0.000013	0.998037	0.000033	1356712312.703629	0.999999	34.280794	20.716603	5.422033	1.000066	0.000071	1.000066	0.000158	1.000000	0.765243	1.000434	0.000045	0.999930	0.000044	0.999903	0.000095	1.000352	0.000045	1.000000	1.000000	
1356712313.703412	1.000000	33.892426	20.633362	3.773102	0.999912	0.758137	0.997028	0.000253	1.000000	0.752886	1.000187	0.000429	1.000133	0.000046	0.994841	0.000014	1.001343	0.000046	1.000544	0.000068	1356712313.703627	0.999998	34.242955	20.668847	5.466685	1.000623	0.000073	0.999901	0.000187	1.000000	0.752884	0.998989	0.000022	1.000292	0.000012	1.000119	0.000078	0.998504	0.000012	1.000000	1.000000	
1356712314.703412	1.000000	34.334625	21.078094	3.781403	0.999941	0.817780	1.000067	0.000191	1.000000	0.813855	0.999753	0.000078	0.999678	0.000064	0.999815	0.000048	0.994906	0.000013	0.999898	0.000034	1356712314.703633	1.000006	34.482720	20.926557	5.346709	0.998809	0.000072	0.999885	0.000138	1.000000	0.813852	1.000355	0.000046	1.000008	0.000046	0.999917	0.000088	1.000256	0.000045	1.000000	1.000000	
1356712315.703412	1.000000	35.979462	22.719330	3.775864	1.000000	1.000000	0.999806	0.000740	1.000000	1.000000	1.000552	0.000121	0.999326	0.000046	1.016542	0.000013	1.002102	0.000049	0.999640	0.000071	1356712315.703623	0.999990	35.440128	21.888738	5.268348	1.000546	0.000085	0.989960	0.000167	1.000000	1.000000	0.999145	0.000022	0.999541	0.000011	0.999935	0.000059	0.998833	0.000012	1.000000	1.000000	
1356712316.703412	1.000000	36.060089	22.796082	3.771683	1.000000	1.000000	1.000066	0.000291	1.000000	1.000000	0.999960	0.001995	1.000209	0.000065	0.994824	0.000046	0.992860	0.000013	0.999309	0.000034	1356712316.703640	1.000017	35.451213	21.898143	5.448242	0.999911	0.000091	1.012886	0.000132	1.000000	1.000000	1.000279	0.000058	1.000276	0.000057	0.993674	0.000101	1.000582	0.000045	1.000000	1.000000	
1356712317.703412	1.000000	38.162430	24.893799	3.780670	1.000000	0.858566	1.000055	0.003401	1.000001	0.855509	1.000007	0.003096	1.000024	0.002789	0.999879	0.002788	0.999807	0.002687	1.000008	0.003176	1356712317.703611	0.999971	37.434072	23.852836	5.525124	0.999982	0.002909	0.999996	0.002877	1.000000	0.855510	0.999999	0.002655	0.999823	0.002739	1.000227	0.002883	0.999988	0.002811	1.000000	1.000000	
1356712318.703412	1.000000	34.159729	20.895737	3.778458	0.999976	0.791512	0.999128	0.000214	0.999999	0.786961	0.999777	0.000381	0.991729	0.000066	0.995500	0.000052	1.001716	0.000014	0.999660	0.000034	1356712318.703630	1.000019	34.409927	20.848876	5.362981	1.000706	0.000073	0.999980	0.000177	1.000000	0.786956	0.999837	0.000043	0.999158	0.000043	0.993174	0.000099	0.988694	0.000045	1.000000	1.000000	
1356712319.703412	1.000000	34.112579	20.848297	3.778870	0.999900	0.781162	1.000222	0.000342	1.000000	0.776839	0.999333	0.000101	1.006341	0.000081	1.014251	0.000052	1.008024	0.000069	1.000142	0.000098	1356712319.703632	1.000002	34.360652	20.791480	5.454061	1.000319	0.000110	1.000068	0.000200	1.000000	0.776857	0.999937	0.000061	1.024368	0.000021	1.008683	0.000075	1.025191	0.000021	1.000000	1.000000	
1356712320.703412	1.000000	35.924255	22.671646	3.759796	1.000000	1.000000	0.999683	0.000450	1.000000	1.000000	1.000783	0.000083	0.999252	0.000065	0.982455	0.000043	0.988869	0.000013	0.997979	0.000034	1356712320.703630	0.999998	35.393836	21.824550	5.362757	0.999515	0.000079	0.999867	0.000131	1.000000	1.000000	1.000225	0.000041	0.999818	0.000044	1.000054	0.000108	0.999893	0.000068	1.000000	1.000000	
1356712321.703413	1.000001	35.560925	22.292520	3.763806	0.999971	0.944978	0.999972	0.000575	1.000000	0.943844	1.001433	0.000082	1.001063	0.000046	1.003156	0.000226	1.002388	0.000047	1.001593	0.000072	1356712321.703631	1.000001	34.933332	21.357707	5.494608	1.000438	0.000089	1.000030	0.000167	1.000000	0.886749	1.000446	0.000022	1.000740	0.000011	1.000039	0.000059	1.000161	0.000012	0.999985	0.999748	
1356712322.703412	0.999999	35.535663	22.268881	3.768039	0.999963	0.948970	1.000578	0.000338	1.000000	0.947936	0.998150	0.000060	1.000667	0.000066	0.997771	0.000044	0.999214	0.000013	0.997287	0.000035	1356712322.703631	1.000000	35.157730	21.596573	5.370743	0.999934	0.000088	0.999823	0.000130	1.000000	0.947934	0.999892	0.000046	0.999915	0.000045	1.000169	0.000084	1.000140	0.000061	1.000000	1.000000	
1356712323.703419	1.000007	35.294754	22.025910	3.778187	0.999954	0.908366	0.999778	0.000410	1.000000	0.906394	1.000180	0.000451	0.999594	0.000047	1.013791	0.000013	1.000075	0.000052	1.000266	0.000077	1356712323.703637	1.000006	35.038213	21.457865	5.477186	0.999466	0.000074	1.000117	0.000178	1.000000	0.906402	0.999691	0.000021	0.999401	0.000011	0.999631	0.000073	0.999370	0.000011	1.000000	1.000000	
1356712324.703412	0.999993	35.560762	22.295061	3.767879	0.999982	0.951543	1.000238	0.000246	0.999999	0.950584	0.999949	0.000060	0.999504	0.000063	0.995584	0.000048	0.995470	0.000013	0.999221	0.000034	1356712324.703630	0.999993	35.168090	21.614789	5.408347	1.000059	0.000072	0.999903	0.000143	1.000000	0.950585	0.999853	0.000045	1.000153	0.000045	1.000143	0.000097	1.000060	0.000051	1.000000	1.000000	
1356712325.703412	1.000000	34.352905	21.088593	3.779465	0.999994	0.807155	0.999757	0.000324	1.000001	0.802706	1.000051	0.000105	1.004376	0.000047	1.017726	0.000013	1.000684	0.000046	1.000828	0.000070	1356712325.703627	0.999997	34.501083	20.925983	5.478288	0.999817	0.000093	0.999977	0.000187	1.000000	0.802693	1.000267	0.000022	1.000142	0.000011	0.999854	0.000058	0.998761	0.000012	1.000000	1.000000	
1356712326.703412	1.000000	35.016937	21.753693	3.782150	0.999982	0.900814	0.999814	0.000416	0.999999	0.899135	0.999990	0.002433	0.996466	0.000065	0.997112	0.000052	0.997930	0.000013	0.999133	0.000033	1356712326.703631	1.000004	34.813122	21.252432	5.348108	0.999630	0.000074	1.000018	0.000131	1.000000	0.899133	0.999983	0.000066	1.000033	0.000058	1.000235	0.000085	1.000299	0.000046	1.000000	1.000000	
1356712327.703412	1.000000	35.672653	22.407166	3.772766	0.999987	0.948020	1.000274	0.000369	1.000000	0.946917	0.999839	0.000514	1.000885	0.000047	0.997038	0.000013	1.000231	0.000050	0.999925	0.000072	1356712327.703629	0.999998	35.287283	21.707942	5.583858	1.000051	0.000075	1.000014	0.000167	1.000000	0.946918	1.000054	0.000021	0.999858	0.000011	0.999895	0.000059	0.998318	0.000012	1.000000	1.000000	
1356712328.703412	1.000000	34.313309	21.054169	3.774673	0.999987	0.803074	0.998906	0.000110	1.000000	0.798813	1.000002	0.000418	0.999781	0.000063	1.000153	0.000048	1.006984	0.000013	1.001567	0.000034	1356712328.703629	1.000000	34.500397	20.931625	5.494171	1.000391	0.000071	0.999985	0.000151	1.000000	0.798816	0.999843	0.000044	1.000026	0.000044	1.000014	0.000082	1.000017	0.000044	1.000000	1.000000	
1356712329.703412	1.000000	34.232208	20.988785	3.775223	0.999976	0.799832	0.999760	0.000216	1.000000	0.795161	1.000870	0.000076	1.001397	0.000046	1.000953	0.000013	0.986676	0.000046	0.998994	0.000068	1356712329.703625	0.999996	34.454150	20.888268	5.376304	1.000128	0.000075	0.999953	0.000180	1.000000	0.795152	1.000340	0.000022	0.999610	0.000011	0.999942	0.000067	1.001378	0.000012	1.000000	1.000000	
1356712330.703412	1.000000	34.764114	21.508881	3.779144	0.999931	0.862909	1.000352	0.000299	1.000000	0.859923	1.001699	0.000084	0.990449	0.000063	0.987388	0.000052	1.003240	0.000014	1.001255	0.000033	1356712330.703638	1.000013	34.748949	21.192792	5.316779	0.999797	0.000072	1.000082	0.000151	1.000000	0.859914	0.988580	0.000047	0.988908	0.000046	0.992189	0.000086	0.989487	0.000047	1.000000	1.000000	
1356712331.703412	1.000000	35.211380	21.952118	3.779572	0.999968	0.923801	1.000514	0.000323	1.000000	0.922739	0.998654	0.000105	1.009637	0.000060	1.027856	0.000023	1.006245	0.000068	1.000136	0.000088	1356712331.703641	1.000003	35.017805	21.459605	5.357573	0.999895	0.000113	1.000048	0.000202	1.000000	0.922736	1.017511	0.000029	1.012372	0.000041	1.008877	0.000075	1.023321	0.000021	1.000000	1.000000	
1356712332.703412	1.000000	35.424561	22.162079	3.765976	0.999986	0.935673	0.999930	0.000326	1.000000	0.934603	0.999932	0.000312	0.999739	0.000064	1.000928	0.000047	0.999010	0.000013	0.999783	0.000034	1356712332.703624	0.999983	35.124298	21.555892	5.531206	1.000790	0.000072	0.999881	0.000136	1.000000	0.934600	1.000211	0.000046	1.000096	0.000044	0.999907	0.000083	1.000145	0.000045	1.000000	1.000000	
1356712333.703412	1.000000	34.647736	21.390564	3.768326	0.999904	0.865745	0.999373	0.000293	0.999977	0.854668	1.000063	0.000424	0.999115	0.000047	0.996958	0.000020	1.000396	0.000065	0.999391	0.000069	1356712333.703626	1.000002	34.647608	21.086279	5.376790	0.999858	0.000074	1.000028	0.000166	1.000000	0.854676	0.999108	0.000022	1.000000	0.000012	1.000071	0.000082	0.999968	0.000012	1.000000	1.000000	
1356712334.703412	1.000000	36.032593	22.772079	3.778427	1.000000	1.000001	1.000102	0.000227	1.000000	1.000000	0.999801	0.000060	0.999606	0.000064	1.000140	0.000050	1.002271	0.000008	1.001721	0.000034	1356712334.703634	1.000008	35.494417	21.921148	5.501939	0.999635	0.000094	0.999965	0.000143	1.000000	1.000000	0.999881	0.000045	0.999759	0.000045	0.999876	0.000093	0.999457	0.000065	1.000000	1.000000	
1356712335.703412	1.000000	34.741623	21.483383	3.776871	0.999966	0.854943	1.000394	0.000396	1.000000	0.851920	0.999980	0.000154	1.000101	0.000046	0.998652	0.000013	1.001209	0.000054	0.999283	0.000073	1356712335.703632	0.999998	34.743368	21.168665	5.448909	0.999944	0.000102	0.999906	0.000181	1.000000	0.851921	1.000749	0.000045	1.000200	0.000033	0.999864	0.000074	1.000395	0.000019	1.000000	1.000000	
1356712336.703412	1.000000	34.028137	20.772827	3.773834	0.999989	0.778124	0.998704	0.000167	1.000000	0.773907	1.000000	0.002007	1.000716	0.000063	1.000234	0.000046	1.003937	0.000013	1.000668	0.000033	1356712336.703622	0.999990	34.270103	20.719827	5.362236	1.000388	0.000090	0.987997	0.000141	1.000000	0.773898	0.999844	0.000045	0.999879	0.000044	1.000176	0.000083	1.000400	0.000045	1.000000	1.000000	
1356712337.703412	1.000000	35.959290	22.739136	3.770233	1.000000	1.000000	1.000118	0.000409	1.000000	1.000000	0.998711	0.000077	1.001486	0.000046	1.004400	0.000013	0.998163	0.000047	0.999499	0.000068	1356712337.703637	1.000015	35.456972	21.901572	5.415095	0.999695	0.000089	1.009844	0.000171	1.000000	1.000000	0.999344	0.000021	1.000978	0.000012	1.000026	0.000073	1.000000	0.000012	1.000000	1.000000	
1356712338.703412	1.000000	36.078430	22.789383	3.776413	1.000000	1.000000	0.999989	0.000339	1.000000	1.000000	1.000150	0.000387	0.998233	0.000064	0.999531	0.000048	0.996070	0.000013	1.001760	0.000034	1356712338.703632	0.999995	35.489893	21.922656	5.525525	0.999798	0.000073	1.000100	0.000131	1.000000	1.000000	1.000092	0.000046	0.999837	0.000045	1.000158	0.000086	0.999797	0.000046	1.000000	1.000000	
1356712339.703412	1.000000	35.274841	22.014648	3.783112	0.999975	0.925667	1.000007	0.000453	0.999982	0.924673	1.000079	0.000078	1.000025	0.000047	1.002615	0.000013	1.000008	0.000048	0.999010	0.000117	1356712339.703631	0.999999	35.021029	21.472311	5.272542	1.000546	0.000076	0.999929	0.000180	1.000000	0.924686	1.000251	0.000021	0.999716	0.000011	0.999575	0.000060	0.999036	0.000012	1.000000	1.000000	
1356712340.703412	1.000000	35.962585	22.703857	3.785172	1.000000	1.000000	1.000029	0.000321	1.000001	1.000000	1.000484	0.000084	1.003326	0.000062	0.998746	0.000046	1.000464	0.000013	1.002110	0.000034	1356712340.703632	1.000001	35.456311	21.890726	5.452952	0.999964	0.000085	1.000118	0.000131	1.000000	1.000000	0.999665	0.000064	0.999815	0.000044	0.999841	0.000085	1.000257	0.000064	1.000000	1.000000	
1356712341.703412	1.000000	35.500748	22.244614	3.774185	0.999956	0.944025	1.000872	0.000261	0.999999	0.942898	0.998464	0.000081	0.999667	0.000046	0.996328	0.000013	0.988985	0.000047	1.001008	0.000068	1356712341.703635	1.000003	35.179472	21.613413	5.365035	0.998891	0.000082	0.999924	0.000166	1.000000	0.942899	0.999369	0.000021	1.000949	0.000012	1.000309	0.000060	1.000487	0.000012	1.000000	1.000000	
1356712342.703412	1.000000	38.040146	24.779755	3.765182	1.000000	0.881398	0.999946	0.003654	1.000000	0.879376	1.000010	0.002944	0.999752	0.002749	0.999746	0.002664	0.999946	0.002154	0.999847	0.003397	1356712342.703619	0.999984	36.665442	23.094653	5.448344	1.000010	0.002879	0.999989	0.002819	1.000000	0.879370	0.999828	0.002823	0.999812	0.002741	0.999756	0.002692	0.999810	0.002819	1.000000	1.000000	
1356712343.703412	1.000000	36.015366	22.752060	3.777908	1.000000	1.000000	1.000623	0.000261	1.000000	1.000000	1.000095	0.000458	1.008740	0.000060	1.033196	0.000023	1.006756	0.000094	1.007264	0.000066	1356712343.703630	1.000011	35.491585	21.925434	5.495103	1.000085	0.000099	1.000066	0.000182	1.000000	1.000000	1.017544	0.000030	1.024452	0.000021	1.008500	0.000075	1.025169	0.000021	1.000000	1.000000	
1356712344.703412	1.000000	35.099686	21.836365	3.770645	0.999948	0.897611	0.999788	0.000286	1.000000	0.895506	1.000115	0.000060	0.999257	0.000066	1.000588	0.000048	1.001391	0.000034	0.994817	0.000013	1356712344.703635	1.000005	34.962609	21.406402	5.308155	1.000356	0.000093	1.000023	0.000131	1.000000	0.895507	0.999942	0.000059	0.999966	0.000045	1.000133	0.000084	0.999716	0.000053	1.000000	1.000000	
1356712345.703419	1.000007	35.918987	22.658077	3.773793	1.000000	1.000000	1.000009	0.000775	1.000000	1.000000	0.999539	0.000103	1.000826	0.000047	1.007927	0.000013	0.998786	0.000070	1.000856	0.000052	1356712345.703635	1.000000	35.365189	21.821640	5.341782	0.999076	0.000101	1.000006	0.000180	1.000000	1.000000	0.998894	0.000022	1.000035	0.000011	0.999854	0.000058	0.999807	0.000012	1.000000	1.000000	
1356712346.703412	0.999993	36.057760	22.793233	3.780742	1.000000	1.000000	0.999446	0.000353	1.000000	1.000000	0.999995	0.002007	0.999475	0.000066	0.998709	0.000051	1.001051	0.000034	0.997913	0.000013	1356712346.703634	0.999999	35.491962	21.917898	5.533193	1.000772	0.000087	0.999840	0.000130	1.000000	1.000000	1.000324	0.000045	0.999991	0.000045	0.992445	0.000085	0.999992	0.000045	1.000000	1.000000	
1356712347.703412	1.000000	35.894012	22.629974	3.769882	1.000000	1.000000	1.000362	0.000309	1.000000	1.000000	1.000652	0.000084	0.999869	0.000047	0.994372	0.000013	1.001711	0.000071	1.000939	0.000054	1356712347.703638	1.000004	35.396097	21.832690	5.374826	0.999794	0.000088	1.000064	0.000174	1.000000	1.000000	0.999293	0.000021	1.000788	0.000011	1.007530	0.000086	0.999935	0.000012	1.000000	1.000000	
1356712348.703412	1.000000	35.995026	22.738876	3.772766	1.000000	1.000000	0.999266	0.000209	1.000000	1.000000	0.999886	0.000386	1.001098	0.000065	1.000074	0.000047	0.997059	0.000034	1.008849	0.000013	1356712348.703631	0.999993	35.480088	21.904692	5.520317	1.000091	0.000072	0.999953	0.000131	1.000000	1.000000	0.999921	0.000059	0.999506	0.000051	1.000110	0.000084	0.999991	0.000045	1.000000	1.000000	
1356712349.703412	1.000000	35.334167	22.070328	3.774582	0.999979	0.929440	1.000059	0.000514	1.000000	0.928469	1.000611	0.000077	0.998407	0.000045	0.994825	0.000013	0.999641	0.000069	0.996107	0.000050	1356712349.703635	1.000004	35.046443	21.489659	5.333215	0.999979	0.000075	0.999931	0.000180	1.000000	0.928469	1.000156	0.000020	1.000744	0.000011	1.000020	0.000059	0.999774	0.000012	1.000000	1.000000	
1356712350.703412	1.000000	36.023605	22.756760	3.773071	0.999999	1.000000	1.000051	0.000379	1.000001	1.000000	0.999939	0.000082	0.999826	0.000066	0.999493	0.000048	0.999276	0.000034	1.001331	0.000013	1356712350.703630	0.999995	35.496088	21.928836	5.433697	0.999800	0.000073	1.000044	0.000130	1.000000	1.000000	1.000154	0.000052	1.000026	0.000059	0.999900	0.000085	0.999572	0.000046	1.000000	1.000000	
1356712351.703419	1.000007	35.278214	22.013550	3.770787	0.999992	0.925512	0.999994	0.000450	1.000000	0.924438	0.999301	0.000088	1.004379	0.000050	1.019304	0.000013	1.000262	0.000072	1.001283	0.000054	1356712351.703642	1.000012	35.049662	21.493305	5.333875	1.000574	0.000073	1.000052	0.000172	1.000000	0.924434	0.999074	0.000020	1.001239	0.000012	0.999707	0.000059	1.001676	0.000012	1.000000	1.000000	
1356712352.703412	0.999993	35.881474	22.614902	3.783702	1.000000	0.948071	0.999750	0.000380	1.000000	1.000000	1.000039	0.000099	0.997223	0.000064	0.999742	0.000046	1.002336	0.000033	0.998524	0.000014	1356712352.703624	0.999982	35.259969	21.680563	5.469901	1.000027	0.000071	1.000003	0.000130	1.000000	0.946943	1.000558	0.000044	0.999711	0.000043	0.999949	0.000083	1.000516	0.000043	1.000000	1.000000	
1356712353.703412	1.000000	35.973831	22.710861	3.774017	1.000000	1.000000	1.000380	0.000455	1.000000	1.000000	1.000097	0.000406	0.999772	0.000046	0.994954	0.000013	0.998673	0.000068	0.988460	0.000048	1356712353.703629	1.000005	35.444708	21.889905	5.296086	0.999393	0.000074	0.999929	0.000179	1.000000	1.000000	0.998822	0.000020	0.999040	0.000011	1.000164	0.000059	0.997454	0.000012	1.000000	1.000000	
1356712354.703413	1.000001	35.907665	22.645791	3.777691	1.000000	1.000000	1.000116	0.000296	1.000000	1.000000	1.001208	0.000059	0.992102	0.000065	0.983682	0.000049	1.000310	0.000035	1.002175	0.000014	1356712354.703630	1.000001	35.402493	21.843836	5.271830	1.000108	0.000086	1.000042	0.000130	1.000000	1.000000	0.988966	0.000046	0.989231	0.000046	0.992361	0.000085	0.988979	0.000045	1.000000	1.000000	
1356712355.703412	0.999999	35.981663	22.716346	3.781345	1.000000	1.000000	0.999729	0.000275	1.000000	1.000000	1.000632	0.000126	1.009068	0.000061	1.030888	0.000023	1.000171	0.000086	1.007937	0.000067	1356712355.703635	1.000005	35.412359	21.849180	5.427906	0.999967	0.000093	0.999905	0.000214	1.000000	1.000000	1.016541	0.000031	1.025935	0.000021	1.008775	0.000074	1.024111	0.000021	1.000000	1.000000	
1356712356.703412	1.000000	35.777542	22.515259	3.773987	1.000000	0.977108	0.999952	0.000195	1.000001	0.976548	0.999918	0.002461	0.999803	0.000063	0.998975	0.000047	1.001459	0.000034	0.994712	0.000013	1356712356.703636	1.000001	35.357037	21.799936	5.235514	0.999343	0.000072	1.000050	0.000138	1.000000	0.976543	1.000095	0.000044	0.999389	0.000044	0.999897	0.000090	0.999844	0.000044	1.000000	1.000000	
1356712357.703413	1.000001	35.173917	21.927118	3.773693	0.999952	0.917623	0.999461	0.000284	0.999999	0.916179	1.000778	0.000074	0.999549	0.000046	1.003320	0.000013	0.999931	0.000067	1.002650	0.000047	1356712357.703639	1.000003	34.734359	21.187999	5.223861	1.001123	0.000075	0.999994	0.000179	1.000000	0.861207	1.000309	0.000021	0.999786	0.000011	1.000086	0.000058	1.001665	0.000012	0.999982	0.999642	
1356712358.703412	0.999999	34.111239	20.850896	3.765079	0.999894	0.787014	1.000901	0.000240	1.000000	0.782827	1.000001	0.000387	1.000494	0.000065	0.999202	0.000048	0.996846	0.000034	0.993038	0.000013	1356712358.703622	0.999983	34.621954	21.055547	5.311537	0.999326	0.000073	0.999904	0.000145	1.000000	0.833843	1.000157	0.000059	1.000080	0.000058	1.000213	0.000098	1.000123	0.000060	1.000000	1.000000	
1356712359.703412	1.000000	35.143311	21.882080	3.769943	0.999970	0.899894	0.999403	0.000327	1.000000	0.897653	0.999939	0.000082	0.999571	0.000050	0.998682	0.000013	1.001095	0.000068	1.000369	0.000052	1356712359.703624	1.000002	34.991266	21.416677	5.479558	0.999953	0.000074	1.000030	0.000167	1.000000	0.897650	0.999547	0.000020	0.999076	0.000011	0.999367	0.000060	0.998513	0.000012	1.000000	1.000000	
1356712360.703412	1.000000	34.625992	21.364273	3.782852	0.999931	0.838329	1.000074	0.000678	1.000000	0.835301	1.001701	0.000082	0.999687	0.000063	1.000159	0.000046	0.999988	0.000034	0.996981	0.000013	1356712360.703625	1.000001	34.651777	21.089671	5.467524	1.000245	0.000072	0.999933	0.000139	1.000000	0.835298	0.999983	0.000045	1.000147	0.000044	1.000247	0.000097	0.999841	0.000058	1.000000	1.000000	
1356712361.703412	1.000000	34.753326	21.494949	3.774658	0.999934	0.855113	0.999936	0.000295	1.000000	0.852082	0.998006	0.000099	1.001104	0.000046	1.000203	0.000013	0.999783	0.000068	1.000066	0.000047	1356712361.703631	1.000006	34.691505	21.137630	5.304305	0.999349	0.000079	1.000058	0.000167	1.000000	0.852075	0.998873	0.000021	1.000462	0.000011	0.999734	0.000059	1.001090	0.000012	1.000000	1.000000	
1356712362.703413	1.000001	34.459058	21.197184	3.770626	0.999960	0.784613	0.999703	0.000144	1.000000	0.836626	1.000912	0.000060	0.999349	0.000063	1.002163	0.000048	0.998664	0.000033	1.009062	0.000013	1356712362.703636	1.000005	34.418620	20.837786	5.589480	1.000684	0.000072	0.999942	0.000154	1.000000	0.780317	1.000456	0.000059	0.999889	0.000052	1.000064	0.000085	1.000855	0.000046	0.999983	0.999909	
1356712363.703413	1.000000	34.125244	20.865158	3.783096	0.999953	0.785326	1.000095	0.000357	1.000000	0.780600	0.999989	0.000418	0.997478	0.000046	0.991974	0.000013	1.000000	0.000071	0.997298	0.000053	1356712363.703632	0.999996	34.320772	20.770989	5.343314	0.999283	0.000074	0.999995	0.000237	1.000000	0.780591	0.999339	0.000021	1.000284	0.000011	0.999974	0.000059	0.994261	0.000012	1.000000	1.000000	
1356712364.703412	0.999999	33.953493	20.690831	3.766910	0.999956	0.774032	1.000024	0.000162	1.000000	0.769033	0.999500	0.000060	1.001825	0.000063	1.002323	0.000046	1.002095	0.000034	1.001202	0.000013	1356712364.703633	1.000001	34.291837	20.719844	5.407237	1.000240	0.000071	1.000078	0.000198	1.000000	0.769029	1.000256	0.000045	1.000240	0.000058	0.999775	0.000082	1.000173	0.000045	1.000000	1.000000	
1356712365.703412	1.000000	34.411255	21.152039	3.775864	0.999894	0.823286	1.000065	0.000418	1.000000	0.820232	0.999774	0.000142	0.999272	0.000047	0.993002	0.000013	0.999688	0.000067	0.989987	0.000055	1356712365.703627	0.999994	34.532722	20.986118	5.300202	1.000226	0.000092	0.999880	0.000193	1.000000	0.820223	1.000270	0.000021	0.999293	0.000011	1.000565	0.000059	1.001460	0.000012	1.000000	1.000000	
1356712366.703412	1.000000	34.666321	21.403427	3.775238	0.999947	0.848851	1.000406	0.000195	1.000000	0.845850	1.000002	0.001994	0.995371	0.000065	0.986468	0.000049	0.999943	0.000034	1.000292	0.000015	1356712366.703633	1.000006	34.727179	21.155849	5.464231	0.999545	0.000086	1.000057	0.000168	1.000000	0.845835	0.991019	0.000060	0.991763	0.000065	0.992075	0.000085	0.988577	0.000045	1.000000	1.000000	
1356712367.703412	1.000000	36.061874	22.796402	3.772690	1.000000	0.896197	0.999998	0.003124	1.000000	0.893913	1.000014	0.003004	1.000115	0.002827	1.000237	0.002574	0.999977	0.003214	1.000212	0.002562	1356712367.703634	1.000001	37.868021	24.293358	5.486659	1.000013	0.002910	0.999997	0.002881	1.000000	0.947095	1.000196	0.002791	1.000197	0.002709	1.000244	0.002670	1.000183	0.002721	1.000000	1.000000	
1356712368.703413	1.000001	35.889004	22.638788	3.761929	1.000000	1.000000	0.999580	0.000298	1.000000	1.000000	0.999892	0.000400	1.000903	0.000067	1.005093	0.000045	1.001948	0.000033	1.003231	0.000013	1356712368.703636	1.000002	35.399286	21.844593	5.329580	0.999494	0.000072	0.999992	0.000143	1.000000	1.000000	0.999298	0.000041	0.999561	0.000040	1.000037	0.000084	1.000037	0.000042	1.000000	1.000000	
1356712369.703412	0.999999	715759592.046623	715766010.914698	715772956.021328	0.999955	1.000920	0.999952	1.000921	0.999962	1.000920	0.999954	1.000920	0.999955	1.000925	0.999956	1.000916	0.999955	1.000926	0.999954	1.000920	1356712369.703509	0.999873	715907788.290594	715904904.258786	715878521.042893	0.999955	1.000920	0.999952	1.000922	3.895472	0.256935	0.999954	1.000919	0.999955	1.000925	0.999957	1.000917	0.999954	1.000922	0.999955	1.000923	
1356712370.703418	1.000006	0.000000	0.000000	0.000000	-nan	-nan	-nan	-nan	0.000000	inf	-nan	-nan	-nan	0.000000	-nan	-nan	-nan	-nan	-nan	-nan	1356712370.703495	0.999986	0.000000	0.000000	0.000000	-nan	-nan	-nan	-nan	0.000000	inf	-nan	-nan	-nan	-nan	-nan	-nan	-nan	-nan	-nan	-nan	
