ts_0	elapsed_0	pkg_0	pp0_0	dram_0	freq_ratio_0_0	c0_ratio_0_0	freq_ratio_0_1	c0_ratio_0_1	freq_ratio_0_2	c0_ratio_0_2	freq_ratio_0_3	c0_ratio_0_3	freq_ratio_0_4	c0_ratio_0_4	freq_ratio_0_5	c0_ratio_0_5	freq_ratio_0_6	c0_ratio_0_6	freq_ratio_0_7	c0_ratio_0_7	ts_1	elapsed_1	pkg_1	pp0_1	dram_1	freq_ratio_1_0	c0_ratio_1_0	freq_ratio_1_1	c0_ratio_1_1	freq_ratio_1_2	c0_ratio_1_2	freq_ratio_1_3	c0_ratio_1_3	freq_ratio_1_4	c0_ratio_1_4	freq_ratio_1_5	c0_ratio_1_5	freq_ratio_1_6	c0_ratio_1_6	freq_ratio_1_7	c0_ratio_1_7	
1357205526.920365	1.001557	39.236359	25.890198	3.741549	1.153907	0.243913	1.152628	0.239636	1.152397	0.241271	1.152634	0.237911	1.152710	0.236637	1.153951	0.238752	1.153286	0.235756	1.154274	0.238415	1357205526.920498	1.000422	40.124379	26.858386	3.152875	0.999881	0.501683	0.999912	0.501447	1.000002	0.500969	1.000002	0.500876	0.924625	0.000267	1.001785	0.000163	0.824120	0.000109	0.999727	0.917314	
1357205527.920371	1.000006	43.763457	30.409410	3.806465	0.999021	0.691274	1.000001	0.688077	1.000000	0.688075	1.000000	0.688038	0.912678	0.000388	1.003793	0.000052	1.000000	0.688039	1.001646	0.000049	1357205527.920491	0.999993	44.827779	31.553883	3.241523	1.000000	0.688033	1.000000	0.688067	1.000000	0.688080	1.000000	0.688048	0.999937	0.000709	0.991160	0.000062	1.005706	0.000007	1.000000	1.000000	
1357205528.920355	0.999984	51.082542	37.704612	4.235114	0.999936	0.914026	1.000000	0.912899	1.000000	0.912897	1.000000	0.912858	0.999690	0.006121	0.998685	0.000046	1.000000	0.912860	0.970202	0.000008	1357205528.920474	0.999983	49.860890	36.559396	3.488569	1.000000	0.912855	1.000000	0.912889	1.000000	0.912902	1.000000	0.912869	1.006500	0.000007	0.999998	0.002225	0.999966	0.000057	1.000000	1.000000	
1357205529.920355	1.000000	51.882248	38.497711	4.328003	0.999979	0.958560	1.000000	0.958143	1.000000	0.958141	1.000000	0.958109	1.003994	0.000433	0.988570	0.000050	1.000000	0.958094	0.995580	0.000054	1357205529.920476	1.000002	50.793436	37.485387	3.384729	1.000000	0.958108	1.000000	0.958133	1.000000	0.958144	1.000000	0.958110	0.999669	0.000049	1.000271	0.001979	0.996819	0.000007	1.000000	1.000000	
1357205530.920355	1.000000	49.312332	35.931213	4.033325	0.999639	0.858437	0.999999	0.856381	0.999999	0.856355	1.000000	0.856366	0.983772	0.001136	1.011968	0.000009	0.999999	0.856167	0.991665	0.000009	1357205530.920726	1.000250	48.794498	35.507187	3.160907	0.999999	0.856039	0.999999	0.856109	0.999999	0.856019	0.999999	0.856008	1.003316	0.000007	0.999961	0.001815	0.990999	0.000053	1.000000	1.000000	
1357205531.920355	1.000000	48.929367	35.546600	4.150726	0.998777	0.873082	0.999954	0.870974	0.999955	0.870999	0.999990	0.870969	0.952810	0.000757	1.000195	0.002029	0.999986	0.871071	1.006239	0.000067	1357205531.920471	0.999745	48.979963	35.689891	3.557777	1.000001	0.871215	1.000001	0.871279	1.000001	0.871319	1.000001	0.871312	0.989973	0.000056	0.991277	0.000060	0.995039	0.000007	1.000000	1.000000	
1357205532.920355	1.000000	50.689331	37.313019	4.171234	0.999643	0.904563	1.000000	0.903262	1.000000	0.903260	1.000000	0.903226	0.998131	0.003181	1.000013	0.001241	1.000000	0.903225	1.001193	0.000008	1357205532.920474	1.000003	49.823393	36.522653	3.354329	1.000000	0.903222	1.000000	0.903256	1.000000	0.903269	1.000000	0.903236	1.017815	0.000031	1.004111	0.000131	1.007375	0.000072	1.000000	1.000000	
1357205533.920362	1.000007	51.802056	38.408090	4.228105	0.999977	0.948942	1.000000	0.948323	1.000000	0.948321	1.000000	0.948286	1.001289	0.001403	0.999110	0.000064	1.000000	0.948286	1.000534	0.000057	1357205533.920475	1.000001	50.681440	37.378169	3.357709	1.000000	0.948283	1.000000	0.948315	1.000000	0.948329	1.000000	0.948298	1.000603	0.000047	0.999616	0.001665	1.001553	0.000007	1.000000	1.000000	
1357205534.920356	0.999994	49.820915	36.429218	4.225367	0.999231	0.886933	0.999979	0.884983	0.999980	0.884937	0.999888	0.885041	0.970761	0.000732	1.009683	0.000008	0.999979	0.884715	1.015652	0.000008	1357205534.920815	1.000340	49.336177	36.049481	3.414641	0.999999	0.884598	0.999999	0.884601	0.999999	0.884538	1.000000	0.884548	0.997802	0.000006	1.001383	0.000403	0.999706	0.000051	1.000000	1.000000	
1357205535.920355	0.999999	49.220552	35.829075	4.192280	0.999255	0.859291	0.999974	0.857122	0.999972	0.857138	1.000000	0.857123	0.992271	0.005188	0.999936	0.000054	1.000000	0.857129	1.000618	0.000055	1357205535.920717	0.999902	48.713849	35.424827	3.437974	1.000000	0.857202	1.000000	0.857190	1.000000	0.857241	1.000000	0.857166	0.999327	0.000052	0.991220	0.000063	1.004468	0.000006	1.000000	1.000000	
1357205536.920364	1.000009	37.408856	24.004375	3.980417	0.997944	0.447866	0.999945	0.442117	0.999965	0.442067	1.000000	0.442028	0.989335	0.003715	0.999873	0.000045	1.000000	0.442040	0.997108	0.000008	1357205536.920649	0.999932	39.016796	25.699699	3.930809	1.000000	0.442079	1.000000	0.442117	1.000000	0.442102	1.000000	0.442124	1.006064	0.000007	1.004324	0.000131	0.999104	0.000064	1.000000	1.000000	
1357205537.920360	0.999996	23.872610	10.477322	3.808548	0.794896	0.009860	1.004497	0.000042	1.024063	0.000008	1.000579	0.000025	0.873974	0.000282	0.993072	0.000059	0.990926	0.000008	1.000180	0.000058	1357205537.920737	1.000088	28.714149	15.387059	4.364377	0.999790	0.000095	0.999867	0.000035	1.000565	0.000069	0.999618	0.000007	0.999407	0.000073	0.989548	0.000054	1.000529	0.000007	1.000000	1.000000	
1357205538.920362	1.000002	22.482745	9.085890	4.107811	0.691178	0.013635	0.740243	0.000137	0.997534	0.000063	0.798708	0.000134	0.799614	0.000419	0.899223	0.000036	1.001760	0.000059	0.991877	0.000008	1357205538.920725	0.999988	28.741798	15.411271	5.033828	1.000003	0.005012	1.000020	0.000097	0.999427	0.000016	0.999909	0.000077	1.001478	0.000025	0.999316	0.000161	0.999884	0.000053	1.000000	1.000000	
1357205539.920355	0.999993	22.727238	9.331043	3.993329	0.690915	0.013560	0.992693	0.000008	0.986314	0.000008	0.994923	0.000008	0.733973	0.000327	0.651235	0.000062	0.993698	0.000008	0.751750	0.000067	1357205539.920614	0.999889	28.711656	15.380310	4.829486	0.999973	0.000072	1.000036	0.000043	1.000147	0.000050	1.000000	0.000007	1.000179	0.000052	1.001870	0.000354	1.003832	0.000007	1.000000	1.000000	
1357205540.920366	1.000011	21.561043	8.194750	4.034258	0.651782	0.015381	0.844849	0.000074	0.724585	0.000084	0.727349	0.000086	0.721103	0.000355	0.990683	0.000008	0.999733	0.000049	0.999063	0.000008	1357205540.920631	1.000017	28.697955	15.368804	5.155659	0.999705	0.000021	0.999877	0.000060	0.999588	0.000017	0.999892	0.000061	0.999249	0.000007	1.000019	0.000103	1.000086	0.000050	1.000000	1.000000	
1357205541.920362	0.999996	20.558235	7.156248	4.223879	0.652826	0.019301	0.973854	0.003240	0.999831	0.002705	0.991742	0.002636	0.964856	0.003700	0.997300	0.002580	0.999782	0.002277	0.997688	0.002664	1357205541.920481	0.999850	28.770245	15.452635	5.193375	1.000004	0.003088	0.999837	0.002924	0.999843	0.002873	0.999810	0.002867	0.999847	0.002990	0.999836	0.002828	0.999842	0.002889	1.000000	1.000000	
1357205542.920365	1.000003	20.589704	7.200234	4.168246	0.615318	0.016468	1.000719	0.000055	0.729553	0.000072	0.706658	0.000076	0.750266	0.000352	1.123170	0.000007	0.728421	0.000057	1.032177	0.000007	1357205542.920782	1.000301	28.728447	15.391075	5.266848	0.997912	0.000070	0.999512	0.000057	1.024857	0.000016	0.997851	0.000049	1.050778	0.000007	1.004012	0.000088	0.998162	0.000046	1.000000	1.000000	
1357205543.920356	0.999991	19.097906	5.712256	4.158470	0.548781	0.016831	0.592622	0.000038	0.530131	0.000041	0.590626	0.000038	0.635429	0.000401	0.714327	0.000126	1.024172	0.000022	0.923470	0.000072	1357205543.920746	0.999964	28.657053	15.344714	5.352717	1.001477	0.000078	1.024547	0.000020	1.000522	0.000065	1.000056	0.000007	0.994550	0.000072	0.992210	0.000056	1.004351	0.000007	1.000000	1.000000	
1357205544.920355	0.999999	19.286350	5.902105	4.109104	0.573146	0.017449	0.744510	0.000087	0.740073	0.000087	0.784607	0.000080	0.680943	0.000386	1.002778	0.000008	0.681084	0.000067	1.013009	0.000008	1357205544.920768	1.000022	28.697521	15.371611	5.424579	1.000034	0.000023	1.000000	0.000091	0.999793	0.000017	1.005615	0.000115	1.014196	0.000035	1.001288	0.000433	1.005803	0.000079	1.000000	1.000000	
1357205545.920355	1.000000	20.055298	6.668884	4.040253	0.575421	0.019170	1.002656	0.000008	0.604451	0.000011	1.010060	0.000008	0.682353	0.000352	0.659440	0.000079	0.998667	0.000008	0.688618	0.000077	1357205545.920773	1.000005	28.682535	15.353713	5.283131	0.999923	0.000065	1.000167	0.000007	1.000104	0.000052	0.999890	0.000007	1.000015	0.000051	1.000066	0.000053	1.004126	0.000007	1.000000	1.000000	
1357205546.920356	1.000001	24.489677	11.100819	3.848217	0.834803	0.010374	1.000962	0.000086	0.900067	0.000067	0.940126	0.000067	0.926446	0.000313	0.656428	0.000012	0.989599	0.000051	0.660382	0.000012	1357205546.920762	0.999989	28.677835	15.351334	4.380511	1.000520	0.000021	0.999969	0.000074	0.999424	0.000017	1.000076	0.000066	0.995628	0.000007	0.999692	0.000092	0.999638	0.000065	1.000000	1.000000	
1357205547.920361	1.000005	20.843646	7.472100	3.999949	0.617944	0.015621	0.990552	0.000008	0.648243	0.000010	0.652915	0.000010	0.727835	0.000336	0.934570	0.000053	0.675104	0.000051	0.940756	0.000058	1357205547.920644	0.999882	28.677869	15.347087	5.103187	0.998099	0.000081	1.000055	0.000007	0.999526	0.000054	1.000439	0.000007	1.000589	0.000052	0.988636	0.000056	1.006563	0.000007	1.000000	1.000000	
1357205548.920359	0.999998	19.028708	5.647060	4.279687	0.569790	0.017773	0.923576	0.000072	0.889157	0.000074	0.729419	0.000085	0.648536	0.000440	0.649802	0.000052	0.697338	0.000073	0.993733	0.000008	1357205548.920611	0.999967	28.697264	15.368487	5.455151	1.000067	0.001994	0.999864	0.000085	1.001973	0.000016	0.999897	0.000135	1.001401	0.000007	0.999994	0.000140	0.999411	0.000051	1.000000	1.000000	
1357205549.920359	1.000000	23.702911	10.319580	3.865967	0.781149	0.010890	0.977224	0.000009	0.883370	0.000009	0.992192	0.000008	0.813843	0.000339	1.000108	0.000050	0.982653	0.000008	1.000955	0.000065	1357205549.920719	1.000108	28.678543	15.353139	4.521683	0.999987	0.000060	1.000083	0.000042	0.999985	0.000052	0.998353	0.000007	0.999967	0.000058	1.001672	0.000366	0.996357	0.000007	1.000000	1.000000	
1357205550.920370	1.000011	22.574658	9.188528	3.986834	0.705204	0.012654	0.907889	0.000180	0.731617	0.000083	0.794659	0.000082	0.746500	0.000348	1.018478	0.000008	0.908674	0.000059	1.004452	0.000008	1357205550.920770	1.000051	28.684724	15.358790	4.713871	1.000119	0.000023	1.000034	0.000079	0.999385	0.000014	1.000189	0.000059	0.999381	0.000006	0.998735	0.000088	1.000160	0.000051	1.000000	1.000000	
1357205551.920355	0.999985	19.589772	6.208849	4.290897	0.569368	0.017538	0.993156	0.000034	0.989383	0.000008	0.998128	0.000008	0.576783	0.000453	0.682046	0.000072	0.656765	0.000012	0.677953	0.000073	1357205551.920767	0.999997	28.672269	15.343782	5.387575	1.000018	0.000065	0.999936	0.000006	0.986756	0.000051	0.999945	0.000007	0.999822	0.000052	1.002699	0.000053	1.002679	0.000007	1.000000	1.000000	
1357205552.920357	1.000002	23.737473	10.354305	3.852349	0.789528	0.010975	1.001954	0.000062	0.982096	0.000063	1.000195	0.000063	0.771951	0.000333	0.892276	0.000009	0.938562	0.000056	0.665559	0.000012	1357205552.920805	1.000038	28.685909	15.359159	4.609002	0.999607	0.000023	1.000000	0.000076	1.000916	0.000731	1.000051	0.000060	1.000485	0.000007	0.999875	0.000104	1.000274	0.000070	1.000000	1.000000	
1357205553.920355	0.999998	19.804039	6.424756	4.049965	0.581812	0.018048	0.762441	0.000301	0.837538	0.000042	0.931737	0.000059	0.802442	0.000458	0.963970	0.000257	0.830451	0.000024	0.843266	0.000088	1357205553.920732	0.999927	28.647750	15.333440	5.389569	0.998499	0.000082	1.000014	0.000028	1.000121	0.000054	0.999767	0.000053	0.999919	0.000081	0.992759	0.000090	0.998523	0.000022	1.000000	1.000000	
1357205554.920355	1.000000	22.974487	9.592438	3.842438	0.731484	0.012247	0.833585	0.000115	0.722370	0.000077	0.723025	0.000079	0.751777	0.000346	0.780357	0.000011	0.610376	0.000073	0.659675	0.000011	1357205554.920695	0.999963	28.674857	15.348681	4.616595	0.999788	0.000040	0.994520	0.000095	0.999770	0.000017	0.989652	0.000062	1.001352	0.000007	1.001593	0.000399	0.992814	0.000067	1.000000	1.000000	
1357205555.920355	1.000000	23.145569	9.764420	3.916748	0.728334	0.011992	1.024363	0.000023	0.591521	0.000038	0.575591	0.000038	0.786952	0.000324	1.007577	0.000070	0.901718	0.000028	1.007864	0.000075	1357205555.920776	1.000081	28.664882	15.340233	4.698807	1.001470	0.000090	1.012204	0.000042	0.999983	0.000070	1.001509	0.000007	0.988448	0.000054	0.990294	0.000064	0.996952	0.000007	1.000000	1.000000	
1357205556.920355	1.000000	19.679413	6.317642	4.195328	0.591460	0.018897	0.690446	0.000116	0.788644	0.000081	0.698688	0.000085	0.617469	0.000462	0.552852	0.000014	0.666200	0.000068	0.657587	0.000012	1357205556.920752	0.999976	28.668278	15.342365	5.285970	1.000365	0.000021	1.000000	0.000059	0.999888	0.000017	1.009146	0.000070	1.012674	0.000049	1.006055	0.000107	1.007913	0.000066	1.000000	1.000000	
1357205557.920357	1.000002	22.556781	9.177778	3.932564	0.684253	0.014398	1.182845	0.000007	0.987761	0.000008	0.671031	0.000011	0.728425	0.000333	0.943878	0.000062	0.625543	0.000011	0.943799	0.000060	1357205557.920713	0.999961	28.663276	15.338170	4.967357	0.998002	0.000062	0.999833	0.000007	1.000043	0.000053	0.999393	0.000007	0.999523	0.000050	0.981121	0.000055	0.989637	0.000015	1.000000	1.000000	
1357205558.920360	1.000003	19.664444	6.286281	4.251848	0.585320	0.017145	0.869815	0.000072	0.878970	0.000076	0.919273	0.000070	0.700638	0.000423	0.657412	0.000054	0.799430	0.000065	0.647074	0.000012	1357205558.920849	1.000136	28.688866	15.362231	5.361851	1.000041	0.001991	0.999980	0.000097	0.997648	0.000017	0.999995	0.000078	1.009383	0.000006	1.002216	0.000124	1.002340	0.000051	1.000000	1.000000	
1357205559.920358	0.999998	21.433848	8.052460	4.007881	0.643605	0.016608	0.458568	0.000015	0.463683	0.000014	0.994609	0.000008	0.741137	0.000333	0.659153	0.000065	0.460639	0.000014	0.614882	0.000079	1357205559.920797	0.999948	28.684078	15.356130	5.126518	1.000267	0.000085	0.999965	0.000044	1.000555	0.000073	0.980248	0.000007	0.997126	0.000054	1.002004	0.000364	1.001649	0.000013	1.000000	1.000000	
1357205560.920355	0.999997	21.663535	8.283748	4.096677	0.663203	0.015295	0.869470	0.000071	0.869899	0.000069	0.925035	0.000070	0.681533	0.000374	0.656103	0.000010	0.855938	0.000061	0.654980	0.000010	1357205560.920719	0.999922	28.682961	15.354804	5.089462	0.999890	0.000021	0.999895	0.000059	0.999780	0.000016	1.002081	0.000061	1.013421	0.000007	0.999914	0.000089	1.000175	0.000066	1.000000	1.000000	
1357205561.920355	1.000000	20.269424	6.891479	4.204468	0.609867	0.018377	1.001113	0.000111	0.998540	0.000021	0.883867	0.000009	0.644556	0.000429	0.999357	0.000101	1.006955	0.000028	0.933812	0.000061	1357205561.920806	1.000087	28.676658	15.349922	5.306484	1.000156	0.000091	1.000124	0.000028	1.000009	0.000090	1.000377	0.000019	0.999015	0.000079	0.996169	0.000074	0.999864	0.000051	1.000000	1.000000	
1357205562.920356	1.000001	22.103449	8.717368	4.054272	0.689799	0.014688	1.000511	0.000062	1.000351	0.000065	0.955298	0.000066	0.773755	0.000381	0.689932	0.000010	0.978539	0.000053	0.651565	0.000010	1357205562.920717	0.999911	28.649871	15.329717	4.871725	0.999741	0.000027	0.999987	0.000061	0.997692	0.000016	0.999980	0.000078	1.016066	0.000007	1.002688	0.000111	0.999725	0.000072	1.000000	1.000000	
1357205563.920359	1.000003	22.440009	9.060504	4.004397	0.676669	0.014278	0.982670	0.000008	1.005522	0.000008	1.006246	0.000008	0.762986	0.000316	0.807197	0.000090	0.698834	0.000010	0.761124	0.000064	1357205563.920658	0.999941	28.664560	15.337741	4.839274	1.000056	0.000062	1.000128	0.000006	1.000568	0.000052	0.998140	0.000007	0.999221	0.000052	0.987141	0.000055	1.003739	0.000007	1.000000	1.000000	
1357205564.920355	0.999996	21.459972	8.092867	3.994233	0.650761	0.016209	0.779117	0.000078	0.769658	0.000077	0.777382	0.000083	0.696190	0.000422	1.003995	0.000008	1.001590	0.000050	1.011631	0.000008	1357205564.920615	0.999957	28.682337	15.353747	4.919492	0.999144	0.000023	0.999836	0.000094	1.000137	0.000017	1.000095	0.000061	1.004221	0.000007	1.001691	0.000406	1.000048	0.000064	1.000000	1.000000	
1357205565.920355	1.000000	19.130264	5.752899	4.402344	0.563590	0.018794	0.977686	0.000008	0.891942	0.000009	0.980025	0.000008	0.634024	0.000380	0.688673	0.000075	1.001188	0.000008	0.650673	0.000089	1357205565.920713	1.000098	28.663085	15.336312	5.402699	0.997900	0.000060	1.001942	0.000007	0.999375	0.000051	1.000442	0.000007	1.000148	0.000050	1.000078	0.000054	0.999946	0.000007	1.000000	1.000000	
1357205566.920355	1.000000	19.433365	6.055725	4.214188	0.628842	0.021686	0.986143	0.002945	0.990051	0.002563	0.991197	0.002723	0.949326	0.003588	0.999739	0.002516	0.990700	0.002556	0.998636	0.002524	1357205566.920481	0.999768	28.780434	15.446973	5.532076	1.000030	0.002546	0.999741	0.002563	0.999798	0.002661	1.000110	0.002523	0.999783	0.002563	0.999791	0.002608	1.000157	0.002499	1.000000	1.000000	
1357205567.920357	1.000002	23.269243	9.889202	4.023003	0.695319	0.013779	0.641352	0.000058	0.848823	0.000025	0.579974	0.000037	0.783707	0.000323	0.646291	0.000088	0.517350	0.000041	1.011888	0.000062	1357205567.920787	1.000306	28.653329	15.329692	4.811684	0.998647	0.000072	1.017579	0.000031	1.007862	0.000055	0.860721	0.000007	1.000692	0.000045	0.996426	0.000054	0.921211	0.000012	1.000000	1.000000	
1357205568.920362	1.000005	20.145041	6.767498	4.314920	0.597672	0.018340	0.923330	0.000063	0.947533	0.000072	0.942704	0.000069	0.739068	0.000349	0.946149	0.000036	0.935105	0.000054	0.999759	0.000008	1357205568.920737	0.999950	28.674989	15.344610	5.285482	1.000066	0.002006	1.001766	0.000067	1.007494	0.000017	1.008059	0.000090	1.016492	0.000029	1.000432	0.000115	1.005896	0.000081	1.000000	1.000000	
1357205569.920355	0.999993	715773034.977653	715795792.935389	715832265.364551	0.999952	1.000972	0.999950	1.000981	0.999960	1.000976	0.999953	1.000980	0.999954	1.000984	0.999955	1.000977	0.999954	1.000986	0.999953	1.000980	1357205569.920459	0.999722	715975097.397716	715986376.191395	716021970.578407	0.999953	1.000975	0.999950	1.000978	3.895605	0.256941	0.999953	1.000978	0.999954	1.000986	0.999955	1.000977	0.999953	1.000984	0.999953	1.000979	
1357205570.920411	1.000056	0.000000	0.000000	0.000000	-nan	-nan	-nan	-nan	0.000000	inf	-nan	-nan	-nan	0.000000	-nan	-nan	-nan	-nan	-nan	-nan	1357205570.920496	1.000037	0.000000	0.000000	0.000000	-nan	-nan	-nan	-nan	0.000000	inf	-nan	-nan	-nan	-nan	-nan	-nan	-nan	-nan	-nan	-nan	
1357205571.920413	1.000002	0.000000	0.000000	0.000000	-nan	-nan	-nan	-nan	0.000000	inf	-nan	-nan	-nan	0.000000	0.000000	inf	-nan	-nan	-nan	-nan	1357205571.920502	1.000006	0.000000	0.000000	0.000000	-nan	-nan	-nan	-nan	inf	-nan	-nan	-nan	-nan	-nan	-nan	-nan	-nan	-nan	-nan	-nan	
