ts_0	elapsed_0	pkg_0	pp0_0	dram_0	freq_ratio_0_0	c0_ratio_0_0	freq_ratio_0_1	c0_ratio_0_1	freq_ratio_0_2	c0_ratio_0_2	freq_ratio_0_3	c0_ratio_0_3	freq_ratio_0_4	c0_ratio_0_4	freq_ratio_0_5	c0_ratio_0_5	freq_ratio_0_6	c0_ratio_0_6	freq_ratio_0_7	c0_ratio_0_7	ts_1	elapsed_1	pkg_1	pp0_1	dram_1	freq_ratio_1_0	c0_ratio_1_0	freq_ratio_1_1	c0_ratio_1_1	freq_ratio_1_2	c0_ratio_1_2	freq_ratio_1_3	c0_ratio_1_3	freq_ratio_1_4	c0_ratio_1_4	freq_ratio_1_5	c0_ratio_1_5	freq_ratio_1_6	c0_ratio_1_6	freq_ratio_1_7	c0_ratio_1_7	
1357210028.692548	1.001719	37.624989	24.209681	7.210765	1.154247	0.498575	1.153063	0.490293	1.153358	0.495466	1.153859	0.490511	1.154141	0.496276	1.154740	0.500388	1.154393	0.492855	1.154443	0.490975	1357210028.692765	1.000482	36.891670	23.401240	5.906515	0.999983	0.984878	1.011105	0.000087	0.697172	0.000060	1.003284	0.000082	1.002286	0.000110	1.011391	0.000032	0.808192	0.000100	0.999974	0.985342	
1357210029.692543	0.999995	37.746695	24.296966	7.486396	1.000000	1.000000	1.000000	1.000000	1.000027	0.000318	1.001307	0.000039	0.998384	0.000087	1.000350	0.000134	1.006185	0.000013	1.010893	0.000013	1357210029.692767	1.000002	37.094396	23.582688	6.001255	1.000000	1.000000	1.000000	0.000012	0.999806	0.000052	1.000950	0.000012	0.999220	0.000059	1.002439	0.000051	1.000225	0.000012	1.000000	1.000000	
1357210030.692542	0.999999	35.243350	21.761587	7.845772	1.000000	1.000000	0.999999	0.628760	1.000076	0.000736	0.995463	0.000138	1.000088	0.000136	1.000361	0.000127	0.988527	0.000047	0.987409	0.000047	1357210030.692790	1.000023	39.431348	25.892428	6.218196	1.000000	1.000000	1.000001	0.371517	0.999668	0.000021	1.000188	0.000053	0.999863	0.000088	0.999295	0.000012	0.998696	0.000047	1.000000	1.000000	
1357210031.692542	1.000000	30.909073	17.460678	8.057693	1.000000	1.000000	0.997457	0.000015	1.001065	0.000307	0.999659	0.000055	0.993310	0.000085	0.999937	0.000504	1.002946	0.000014	1.010501	0.000014	1357210031.692791	1.000001	43.391774	29.876101	5.944727	1.000000	1.000000	1.000000	1.000000	0.989094	0.000048	0.998954	0.000012	1.000124	0.000059	0.989270	0.000046	1.002407	0.000012	1.000000	1.000000	
1357210032.692542	1.000000	33.273987	19.826553	7.850143	1.000000	1.000000	1.000043	0.000958	1.000000	0.347520	1.006088	0.000084	1.003624	0.000153	1.000072	0.000128	1.007910	0.000064	1.007797	0.000066	1357210032.692758	0.999967	41.304902	27.776854	5.927105	0.999999	0.652604	1.000000	1.000000	1.017511	0.000031	1.000016	0.000070	0.999958	0.000111	1.023569	0.000021	1.000120	0.000087	1.000000	1.000000	
1357210033.692542	1.000000	37.712479	24.267426	7.379242	1.000000	1.000000	0.999581	0.000331	1.000000	1.000000	0.998639	0.000013	0.998211	0.000109	0.999475	0.000114	0.999274	0.000013	0.993819	0.000013	1357210033.692761	1.000003	37.224662	23.717807	5.915402	1.000004	0.003027	1.000000	1.000000	1.000094	0.000045	1.000164	0.000007	1.000805	0.000057	1.000605	0.000045	0.996298	0.000007	1.000000	1.000000	
1357210034.692542	1.000000	37.766968	24.316132	7.299683	1.000000	1.000000	1.000560	0.000353	1.000000	1.000000	1.000300	0.000141	1.001524	0.000126	1.001629	0.000100	0.999454	0.000046	0.999475	0.000046	1357210034.692761	1.000000	37.565704	24.058517	5.945526	1.000010	0.007480	1.000000	1.000000	0.999754	0.000022	1.000304	0.000056	0.999901	0.000082	1.001564	0.000012	1.000938	0.000048	1.000000	1.000000	
1357210035.692542	1.000000	37.730026	24.259964	7.466202	1.000000	1.000000	0.999998	0.000327	1.000000	1.000000	0.996587	0.000013	0.998605	0.000082	0.999009	0.000149	1.001795	0.000013	1.003641	0.000013	1357210035.692763	1.000002	37.747471	24.223251	6.057468	0.999987	0.009171	1.000000	1.000000	0.999920	0.000043	0.997959	0.000012	1.000148	0.000057	0.998883	0.000043	0.993445	0.000012	1.000000	1.000000	
1357210036.692542	1.000000	39.891464	26.446289	7.500275	1.000000	1.000000	1.000001	0.337467	0.999999	1.000000	0.996182	0.000194	1.000343	0.000205	0.999870	0.000421	1.000672	0.000043	0.999588	0.000046	1357210036.692732	0.999969	35.806011	22.296742	6.016712	0.999943	0.007737	0.999999	0.662579	1.000316	0.000021	1.000211	0.000053	0.999995	0.000996	1.000330	0.000012	1.000028	0.000109	1.000000	1.000000	
1357210037.692542	1.000000	41.960236	28.503021	7.504227	0.999999	0.634836	1.000000	1.000000	1.000000	1.000000	1.000205	0.000322	1.000807	0.000077	1.000026	0.004764	0.986844	0.000013	0.996263	0.000013	1357210037.692763	1.000031	33.271491	19.765882	5.937484	1.000002	0.365413	0.999737	0.000007	1.000055	0.000042	0.999903	0.000012	0.999997	0.005617	1.000544	0.000043	1.002176	0.000012	1.000000	1.000000	
1357210038.692542	1.000000	35.428055	21.990738	7.521423	0.999978	0.000404	1.000000	0.615776	1.000000	1.000000	1.000087	0.004782	1.000017	0.002157	0.999963	0.006249	1.002326	0.000046	1.000685	0.000044	1357210038.692787	1.000024	39.560357	26.039748	5.939783	1.000000	1.000000	1.000001	0.384461	0.999589	0.000021	0.999878	0.000051	0.999687	0.000082	0.998428	0.000012	0.999809	0.000044	1.000000	1.000000	
1357210039.692542	1.000000	31.104767	17.668503	8.058975	0.999768	0.000060	1.000031	0.000013	1.000000	1.000000	0.999994	0.010835	0.999448	0.000080	1.001343	0.000114	1.001396	0.000013	1.000513	0.000013	1357210039.692780	0.999993	43.481303	29.942208	5.938853	1.000000	1.000000	1.000000	1.000000	0.999575	0.000044	1.000097	0.000012	1.000449	0.000059	1.000598	0.000043	1.001036	0.000012	1.000000	1.000000	
1357210040.692542	1.000000	33.342133	19.906128	7.853271	1.000001	0.323390	1.001794	0.000060	1.000000	1.000000	0.999921	0.009903	0.999767	0.000121	0.998513	0.000122	1.000326	0.000045	0.999692	0.000048	1357210040.692752	0.999972	41.485517	27.951509	5.945173	0.999999	0.676603	1.000000	1.000000	1.001018	0.000020	0.999761	0.000052	0.999994	0.000921	0.996598	0.000011	0.999897	0.000064	1.000000	1.000000	
1357210041.692542	1.000000	37.753342	24.298004	7.386810	1.000000	1.000000	0.986490	0.000014	1.000001	1.000000	1.000042	0.000354	1.000178	0.000082	0.999711	0.000428	0.997742	0.000013	1.000859	0.000013	1357210041.692758	1.000006	37.500814	24.000467	6.002589	0.999911	0.000056	1.000000	1.000000	0.999811	0.000043	0.999833	0.000012	0.999996	0.009951	0.999719	0.000043	1.001329	0.000012	1.000000	1.000000	
1357210042.692542	1.000000	38.071320	24.614670	7.523590	1.000000	1.000000	0.999855	0.003712	1.000000	1.000000	1.000330	0.000364	0.999907	0.000116	1.001230	0.000121	0.989926	0.000045	0.988069	0.000045	1357210042.692742	0.999984	37.350099	23.839141	6.007771	1.000093	0.000054	1.000000	1.000000	1.000038	0.000020	1.000565	0.000051	0.999997	0.006046	1.003532	0.000012	1.000101	0.000042	1.000000	1.000000	
1357210043.692542	1.000000	31.586044	18.145432	8.047119	0.999993	0.046897	0.999964	0.005285	1.000000	1.000000	1.000075	0.000334	0.994935	0.000107	0.999984	0.004708	1.005951	0.000014	1.009471	0.000014	1357210043.692792	1.000050	43.205845	29.669672	5.938759	1.000001	0.953396	1.000000	1.000000	0.991129	0.000060	0.993508	0.000012	0.999946	0.000036	0.988276	0.000044	0.996408	0.000012	1.000000	1.000000	
1357210044.692542	1.000000	30.901749	17.466080	8.073364	0.999993	0.000265	1.008407	0.000073	0.999999	1.000000	0.999842	0.000364	1.003860	0.000142	0.999978	0.004162	1.000157	0.002195	1.007648	0.000062	1357210044.692799	1.000007	43.515706	29.967993	5.933354	1.000000	1.000000	1.000000	1.000000	1.008381	0.000063	1.000835	0.000067	0.999319	0.000081	1.023606	0.000021	1.000441	0.000074	1.000000	1.000000	
1357210045.692542	1.000000	35.731262	22.294662	8.071259	0.999982	0.002770	0.999898	0.002905	1.000000	1.000000	0.999928	0.002185	1.000026	0.001751	0.999995	0.002044	0.999479	0.001419	0.999698	0.001461	1357210045.692729	0.999930	43.556444	30.005292	5.933537	1.000000	1.000000	1.000000	1.000000	0.999872	0.000090	0.998017	0.000007	1.000011	0.004179	1.000831	0.000045	0.999516	0.000007	1.000000	1.000000	
1357210046.692542	1.000000	33.408524	19.977798	7.893478	1.000001	0.373395	1.000110	0.003529	1.000000	1.000000	0.999905	0.000402	0.999520	0.000116	0.999900	0.000411	1.016642	0.000044	1.007973	0.000044	1357210046.692755	1.000026	41.116851	27.568314	5.986127	0.999999	0.626621	1.000000	1.000000	1.000086	0.000045	1.000186	0.000056	0.999726	0.000067	0.996854	0.000012	1.000353	0.000049	1.000000	1.000000	
1357210047.692542	1.000000	36.195740	22.755188	7.663651	1.000000	0.710999	0.999980	0.006779	1.000000	1.000000	0.999999	0.000310	0.999574	0.000078	1.000261	0.000103	1.000583	0.000013	1.015150	0.000013	1357210047.692767	1.000012	39.009423	25.485078	5.981282	1.000000	0.289051	1.000000	1.000000	1.000007	0.000059	0.998558	0.000012	1.000082	0.000033	1.000211	0.000044	0.997445	0.000012	1.000000	1.000000	
1357210048.692542	1.000000	37.738464	24.280670	7.605835	1.000000	1.000000	0.999596	0.000066	1.000000	1.000000	1.000090	0.000363	1.000009	0.002234	0.999943	0.000101	0.999432	0.000046	0.994936	0.000050	1357210048.692757	0.999990	37.163855	23.628990	6.126480	0.999768	0.000035	1.000000	1.000000	0.999837	0.000047	1.000254	0.000055	1.000195	0.000069	0.998088	0.000012	1.000329	0.000053	1.000000	1.000000	
1357210049.692542	1.000000	37.735260	24.290222	7.418869	1.000000	1.000000	0.980922	0.000009	1.000000	1.000000	0.999879	0.000315	1.001173	0.000080	1.000057	0.000115	1.003770	0.000013	1.004560	0.000013	1357210049.692750	0.999993	37.248350	23.735287	5.939250	1.000002	0.003018	1.000000	1.000000	0.999993	0.000059	0.999867	0.000012	0.999757	0.000033	1.001282	0.000045	0.999484	0.000012	1.000000	1.000000	
1357210050.692542	1.000000	37.874313	24.420212	7.514999	1.000000	1.000000	1.000284	0.000058	1.000000	1.000000	1.000050	0.005207	0.999240	0.000121	0.999819	0.000152	0.998650	0.000044	0.999894	0.000044	1357210050.692755	1.000005	37.263852	23.745838	5.980149	0.999960	0.002081	1.000000	1.000000	1.000165	0.000044	0.999837	0.000052	0.999704	0.000068	0.996031	0.000012	0.999400	0.000044	1.000000	1.000000	
1357210051.692542	1.000000	35.868500	22.402039	7.676285	1.000000	0.708013	0.998394	0.000050	1.000000	1.000000	0.999948	0.006820	0.999626	0.000080	1.000005	0.000422	0.998229	0.000013	0.997558	0.000013	1357210051.692752	0.999997	38.989836	25.465518	6.100208	1.000000	0.292054	1.000000	1.000000	0.999870	0.000059	1.000878	0.000012	1.000191	0.000032	1.000035	0.000044	0.999808	0.000012	1.000000	1.000000	
1357210052.692542	1.000000	37.795624	24.345413	7.435196	1.000000	1.000000	1.002433	0.000048	1.000000	1.000000	0.999834	0.000397	1.001888	0.000125	1.000025	0.002815	1.000508	0.000044	1.000746	0.000046	1357210052.692758	1.000006	37.237098	23.726360	5.948542	0.999985	0.002299	1.000000	1.000000	1.000116	0.000043	1.000029	0.000053	0.999805	0.000063	0.999391	0.000012	1.000493	0.000056	1.000000	1.000000	
1357210053.692542	1.000000	37.834930	24.383133	7.469864	1.000000	1.000000	0.999297	0.000013	1.000000	1.000000	1.000652	0.000327	0.998254	0.000107	0.999971	0.003863	1.015782	0.000013	1.001288	0.000013	1357210053.692759	1.000001	37.157588	23.648568	5.933237	1.000118	0.000046	1.000000	1.000000	0.999877	0.000059	0.999836	0.000012	1.001238	0.000032	1.000684	0.000043	1.000387	0.000012	1.000000	1.000000	
1357210054.692542	1.000000	34.193222	20.740417	7.864777	1.000000	0.484209	0.990353	0.000059	1.000000	1.000000	0.999784	0.000347	0.999684	0.000121	0.999984	0.003545	0.985453	0.000048	0.986821	0.000046	1357210054.692757	0.999998	40.432679	26.899084	6.048931	1.000000	0.516014	1.000000	1.000000	0.999933	0.000046	0.999874	0.000052	1.000090	0.000064	1.000591	0.000012	0.999560	0.000043	1.000000	1.000000	
1357210055.692543	1.000001	37.765681	24.295723	7.602929	1.000000	1.000000	1.000468	0.000354	0.999999	1.000000	1.000023	0.000464	0.999754	0.002101	0.998195	0.000308	1.003431	0.000032	1.002297	0.000057	1357210055.692762	1.000005	37.215329	23.684040	6.138687	0.999992	0.000890	1.000000	1.000000	0.997655	0.000230	0.999934	0.000012	0.998738	0.000033	0.988593	0.000046	1.001039	0.000012	1.000000	1.000000	
1357210056.692542	0.999999	37.624670	24.189263	7.485679	1.000000	0.970811	1.000352	0.001134	1.000001	1.000000	0.999723	0.000418	1.000152	0.003408	1.001165	0.000452	1.009004	0.000060	1.007308	0.000064	1357210056.692781	1.000019	37.347264	23.838779	5.944589	1.000020	0.029450	1.000000	1.000000	1.008129	0.000062	1.000044	0.000070	1.000361	0.000089	1.021770	0.000022	0.999819	0.000075	1.000000	1.000000	
1357210057.692542	1.000000	33.600616	20.164688	7.843994	1.000000	0.354202	0.999973	0.007124	1.000000	1.000000	0.999973	0.003446	1.000039	0.000059	0.999866	0.000110	0.996788	0.000013	0.998432	0.000013	1357210057.692764	0.999983	41.276807	27.748150	5.939950	0.999999	0.645594	1.000000	1.000000	1.000453	0.000059	0.998367	0.000007	0.999547	0.000031	1.000923	0.000043	1.002652	0.000007	1.000000	1.000000	
1357210058.692542	1.000000	37.980087	24.491241	7.697983	1.000000	1.000000	1.000230	0.000080	1.000000	1.000000	0.999988	0.006152	1.000023	0.002116	1.000208	0.000098	0.997400	0.000046	1.000192	0.000046	1357210058.692762	0.999998	37.185084	23.637313	6.317593	0.999642	0.000028	1.000000	1.000000	1.000073	0.000047	1.000148	0.000057	1.000290	0.000066	0.999224	0.000012	1.000282	0.000049	1.000000	1.000000	
1357210059.692542	1.000000	37.786133	24.339050	7.327255	1.000000	1.000000	1.000701	0.000035	1.000000	1.000000	1.000096	0.001808	0.999248	0.000074	0.999463	0.000137	1.007916	0.000013	1.002920	0.000013	1357210059.692753	0.999991	37.198228	23.692430	5.939751	1.000015	0.000051	1.000000	1.000000	0.999920	0.000063	0.999934	0.000012	0.999755	0.000031	1.000035	0.000044	0.999446	0.000012	1.000000	1.000000	
1357210060.692542	1.000000	34.218216	20.776367	7.665741	1.000000	0.484210	1.000265	0.000124	1.000000	1.000000	0.999901	0.000365	0.999819	0.000126	1.000012	0.003573	0.998427	0.000045	0.998834	0.000047	1357210060.692755	1.000002	40.464706	26.940714	5.933415	1.000000	0.516013	1.000000	1.000000	1.000041	0.000047	0.999860	0.000052	0.999448	0.000063	0.997095	0.000012	0.999969	0.000049	1.000000	1.000000	
1357210061.692542	1.000000	37.712723	24.254776	7.476273	1.000000	1.000001	1.007373	0.000013	1.000000	1.000000	0.999871	0.000349	0.999772	0.000083	0.999994	0.000426	1.000088	0.000013	0.998308	0.000013	1357210061.692755	1.000000	37.224014	23.717148	6.033279	1.000008	0.003018	1.000000	1.000000	0.999923	0.000060	1.000968	0.000012	1.000740	0.000034	1.000821	0.000046	0.999097	0.000012	1.000000	1.000000	
1357210062.692542	1.000000	37.722275	24.269608	7.457779	1.000000	1.000000	0.999783	0.000059	1.000000	1.000000	1.000058	0.000368	1.000239	0.000122	0.999362	0.000101	0.999562	0.000044	1.000658	0.000046	1357210062.692752	0.999997	37.393487	23.879057	5.991230	0.999978	0.006868	1.000000	1.000000	1.000034	0.000045	0.999632	0.000052	0.999618	0.000065	0.995857	0.000012	0.999973	0.000042	1.000000	1.000000	
1357210063.692542	1.000000	35.774399	22.308105	7.586670	1.000000	0.708000	0.997948	0.000020	1.000000	1.000000	0.999954	0.004057	1.000085	0.000105	1.000176	0.000107	1.000263	0.000013	0.999620	0.000013	1357210063.692765	1.000013	39.103018	25.568238	6.127010	1.000000	0.294768	1.000000	1.000000	0.999987	0.000061	1.000713	0.000012	1.001093	0.000031	1.001172	0.000043	0.999549	0.000012	1.000000	1.000000	
1357210064.692542	1.000000	37.705734	24.269592	7.373077	1.000000	1.000000	0.997560	0.000059	1.000000	1.000000	1.000243	0.000349	1.000028	0.000123	0.999939	0.000101	0.999991	0.000045	0.999926	0.000047	1357210064.692756	0.999991	37.209016	23.691972	6.002404	0.999910	0.000022	1.000000	1.000000	0.999992	0.000046	0.999915	0.000055	1.000035	0.000066	0.997523	0.000012	1.000259	0.000056	1.000000	1.000000	
1357210065.692542	1.000000	37.740891	24.290176	7.406006	1.000001	1.000000	1.009156	0.000013	1.000000	1.000000	1.000088	0.000343	0.999890	0.000081	1.000132	0.000170	0.997470	0.000013	1.000088	0.000013	1357210065.692755	0.999999	37.256322	23.747734	5.958334	1.000007	0.003032	1.000000	1.000000	0.999787	0.000060	1.000770	0.000012	1.000175	0.000033	1.000215	0.000045	0.999614	0.000012	1.000000	1.000000	
1357210066.692542	1.000000	37.814606	24.362534	7.353348	1.000000	1.000000	0.987092	0.000057	1.000000	1.000000	1.000012	0.002944	0.994448	0.000120	1.000348	0.000411	0.988950	0.000044	0.988705	0.000045	1357210066.692763	1.000008	37.304110	23.795171	5.933332	0.999971	0.004347	1.000000	1.000000	1.000301	0.000046	1.000091	0.000051	0.999854	0.000063	0.997936	0.000012	1.000548	0.000042	1.000000	1.000000	
1357210067.692542	1.000000	35.876480	22.422363	7.737961	1.000000	0.707998	1.014090	0.000015	1.000000	1.000000	0.999993	0.006700	1.001282	0.000525	0.998437	0.000103	0.999056	0.000014	1.000027	0.000014	1357210067.692755	0.999992	39.029140	25.502908	6.019855	1.000000	0.292061	1.000000	1.000000	0.991451	0.000062	0.999028	0.000012	1.000083	0.000033	0.989294	0.000044	0.998358	0.000012	1.000000	1.000000	
1357210068.692542	1.000000	37.746597	24.305084	7.471191	1.000000	1.000000	1.005433	0.000072	1.000000	1.000000	0.999507	0.000383	1.000039	0.002199	1.001031	0.000117	1.008865	0.000061	1.007975	0.000062	1357210068.692749	0.999994	37.172478	23.656055	5.932637	1.001617	0.000038	1.000000	1.000000	1.008111	0.000064	1.000016	0.000070	0.999961	0.000088	1.025631	0.000021	0.999735	0.000070	1.000000	1.000000	
1357210069.692542	1.000000	37.765427	24.297882	7.524094	1.000000	1.000000	1.009213	0.000022	1.000000	1.000000	0.999961	0.000312	0.998851	0.000081	1.000521	0.000113	0.996323	0.000013	1.003175	0.000013	1357210069.692765	1.000016	37.257141	23.728610	6.136666	1.000003	0.003027	1.000000	1.000000	1.000013	0.000059	1.000556	0.000007	1.000024	0.000032	0.999724	0.000043	0.999620	0.000007	1.000000	1.000000	
1357210070.692626	1.000084	43.124509	29.673230	7.585133	1.000001	0.650511	1.000002	0.873210	1.000001	1.000001	1.000118	0.003445	1.000166	0.002417	1.000103	0.002466	1.000223	0.002011	1.000217	0.001889	1357210070.692821	1.000056	34.565324	21.045650	5.945361	0.999999	0.351296	0.999999	1.000000	0.987978	0.000046	0.992835	0.000057	0.999924	0.004057	0.958272	0.000012	0.987955	0.000051	0.999984	0.126839	
1357210071.692543	0.999917	37.655025	24.191506	7.617377	0.999986	0.006002	1.000000	1.000000	1.000000	1.000000	0.999984	0.000329	0.992903	0.000096	1.000053	0.000412	0.999962	0.000031	0.999092	0.000018	1357210071.692731	0.999910	37.005722	23.451784	6.360588	1.000001	1.000000	1.000000	1.000000	1.003120	0.000061	0.991064	0.000013	0.996592	0.000033	0.999388	0.000045	1.000235	0.000013	1.047780	0.000008	
1357210072.692542	0.999999	37.677862	24.233925	7.326301	0.999988	0.006689	1.000000	1.000000	1.000000	1.000000	1.000010	0.000356	1.001172	0.000585	0.999892	0.000093	1.000213	0.000049	1.000120	0.000048	1357210072.692734	1.000003	37.057441	23.516498	6.059033	1.000000	1.000000	1.000000	1.000000	1.000592	0.000047	1.000072	0.000053	1.000541	0.000066	0.996407	0.000013	1.007235	0.000050	0.997282	0.000052	
1357210073.692542	1.000000	37.684723	24.223175	7.449005	0.999985	0.006414	1.000000	1.000000	1.000000	1.000000	0.999961	0.000317	1.000201	0.000098	0.999978	0.000103	0.998142	0.000012	1.000196	0.000012	1357210073.692729	0.999995	37.034197	23.474895	6.207306	1.000000	1.000000	1.000000	1.000000	0.998889	0.000060	1.011277	0.000013	1.003105	0.000033	1.006539	0.000045	0.994778	0.000013	1.007571	0.000013	
1357210074.692542	1.000000	37.693375	24.267242	7.388657	0.999986	0.006634	1.000000	1.000000	1.000000	1.000000	1.000016	0.000331	0.999839	0.000108	1.000130	0.000092	1.000933	0.000042	1.000163	0.000043	1357210074.692737	1.000008	37.062901	23.530632	5.964673	1.000000	1.000000	1.000000	1.000000	1.001522	0.000047	1.001307	0.000052	0.999606	0.000067	0.997737	0.000013	1.001213	0.000044	1.001785	0.000044	
1357210075.692542	1.000000	37.681168	24.222031	7.434738	0.999987	0.006439	1.000000	1.000000	1.000000	1.000000	0.999937	0.000316	0.999768	0.000075	0.999909	0.000131	0.998496	0.000011	0.999312	0.000012	1357210075.692735	0.999998	37.056650	23.494597	6.235119	1.000000	1.000000	1.000000	1.000000	1.000321	0.000060	0.996291	0.000013	1.001544	0.000033	0.996284	0.000045	0.991037	0.000013	0.996339	0.000013	
1357210076.692542	1.000000	37.690033	24.244049	7.357193	0.999984	0.006612	1.000000	1.000000	1.000000	1.000000	0.999989	0.000398	0.999990	0.000121	0.999983	0.000393	0.999838	0.000041	1.000135	0.000043	1357210076.692738	1.000003	37.068000	23.516437	6.112454	1.000000	1.000000	1.000000	1.000000	0.998964	0.000047	0.998848	0.000053	0.998393	0.000064	0.997149	0.000013	0.996649	0.000059	1.001042	0.000044	
1357210077.692542	1.000000	37.688156	24.231110	7.461884	0.999991	0.006413	1.000000	1.000000	1.000000	1.000000	1.000025	0.000299	1.000129	0.000075	1.000058	0.000101	0.999904	0.000012	0.999249	0.000012	1357210077.692737	0.999999	37.053945	23.494560	6.218924	1.000000	1.000000	1.000000	1.000000	1.000315	0.000060	0.989203	0.000013	0.999768	0.000033	0.996050	0.000045	1.005534	0.000013	0.989385	0.000013	
1357210078.692543	1.000001	37.714518	24.274482	7.362771	0.999985	0.006578	1.000000	1.000000	1.000000	1.000000	0.999960	0.000359	0.999999	0.002214	0.999893	0.000112	0.990850	0.000056	0.987743	0.000043	1357210078.692732	0.999995	37.069522	23.523693	6.110031	1.000000	1.000000	1.000000	1.000000	1.000211	0.000048	1.005071	0.000053	1.000430	0.000065	1.030674	0.000013	1.004427	0.000045	1.002640	0.000044	
1357210079.692707	1.000164	31.837505	18.403124	7.987093	0.992982	0.000068	0.999985	0.140728	0.999999	0.999999	0.998545	0.000312	0.999854	0.006809	0.995729	0.000116	0.964631	0.000012	0.962757	0.000013	1357210079.692962	1.000230	42.935556	29.393155	5.931085	1.000000	1.000000	1.000000	1.000000	1.000002	0.859463	1.009747	0.000027	1.010334	0.000032	0.994594	0.000045	1.019751	0.000012	1.018259	0.000012	
1357210080.692543	0.999836	32.779776	19.360231	7.902923	1.000001	0.275492	1.003890	0.000068	1.000000	1.000000	0.999957	0.003155	1.000114	0.004101	1.000260	0.000132	1.008026	0.000061	1.008470	0.000063	1357210080.692758	0.999796	42.155118	28.610499	5.916292	0.999999	0.724495	1.000000	1.000000	1.000000	1.000000	0.999962	0.000090	1.000056	0.000083	1.023334	0.000022	1.000433	0.000070	0.990000	0.000062	
1357210081.692542	0.999999	35.874195	22.437415	7.535331	1.000000	0.708012	1.008007	0.000020	1.000000	1.000000	0.999967	0.006453	0.991922	0.000079	0.999924	0.000407	0.997901	0.000013	0.999568	0.000013	1357210081.692753	0.999995	39.334258	25.807502	5.945602	1.000000	0.292043	1.000000	1.000000	1.000000	1.000000	0.999651	0.000035	0.999664	0.000031	0.999937	0.000043	0.997367	0.000007	1.043376	0.000015	
1357210082.692542	1.000000	37.758896	24.320953	7.279404	1.000000	1.000000	0.996983	0.000057	1.000000	1.000000	1.000455	0.000358	1.002214	0.000329	0.999950	0.000100	1.001401	0.000046	0.996766	0.000046	1357210082.692753	1.000000	37.445312	23.926834	5.939301	1.000143	0.000022	1.000000	1.000000	1.000000	1.000000	0.999984	0.000071	1.000133	0.000067	1.000518	0.000011	0.999908	0.000050	0.999383	0.000045	
1357210083.692542	1.000000	37.749741	24.307083	7.320999	1.000000	1.000000	0.999543	0.000014	1.000000	1.000000	1.000085	0.000328	0.999320	0.000108	0.999911	0.000113	0.983846	0.000013	1.015843	0.000013	1357210083.692755	1.000002	37.507604	24.004135	5.909352	1.000005	0.002841	1.000000	1.000000	1.000000	1.000000	1.000261	0.000034	0.999744	0.000033	0.999553	0.000046	1.001119	0.000012	1.001813	0.000012	
1357210084.692542	1.000000	37.779755	24.337097	7.406387	1.000000	1.000000	0.999975	0.000108	1.000000	1.000000	0.999966	0.000386	0.994822	0.000124	1.000061	0.000165	1.002959	0.000057	0.999071	0.000074	1357210084.692759	1.000004	37.550812	24.037760	5.933295	0.999683	0.000140	1.000000	1.000000	1.000000	1.000000	1.000144	0.000069	1.000064	0.000066	1.002297	0.000012	1.000121	0.000058	0.999617	0.000044	
1357210085.692543	1.000001	37.778437	24.334617	7.325768	1.000000	1.000000	0.994184	0.000013	0.999999	1.000000	0.999764	0.000328	1.001413	0.000453	0.995707	0.000133	0.997954	0.000013	0.998756	0.000013	1357210085.692750	0.999991	37.561055	24.046940	5.939003	1.000006	0.002844	1.000000	1.000000	1.000000	1.000000	0.999683	0.000034	0.999862	0.000034	0.998960	0.000045	1.002278	0.000012	1.001018	0.000012	
1357210086.692542	0.999999	37.756292	24.310616	7.476295	1.000000	1.000000	1.004581	0.000058	1.000001	1.000000	1.000093	0.000389	0.999502	0.000118	1.001164	0.000421	0.999808	0.000046	0.999908	0.000046	1357210086.692755	1.000005	37.555690	24.040697	5.932618	0.999567	0.000138	1.000000	1.000000	1.000000	1.000000	0.999731	0.000069	1.000035	0.000066	1.001951	0.000012	0.999544	0.000045	1.000236	0.000044	
1357210087.692542	1.000000	37.743164	24.305511	7.468567	1.000000	1.000000	0.991968	0.000021	1.000000	1.000000	1.000032	0.000300	1.000844	0.000081	1.000557	0.000109	1.003140	0.000013	1.003247	0.000013	1357210087.692755	1.000000	37.561081	24.047440	5.931763	1.000007	0.002851	1.000000	1.000000	1.000000	1.000000	1.000334	0.000035	1.000204	0.000034	0.999728	0.000045	1.000901	0.000012	1.000066	0.000012	
1357210088.692542	1.000000	37.761322	24.323532	7.322418	1.000000	1.000000	1.003315	0.000057	1.000000	1.000000	1.000004	0.000349	0.999952	0.002141	0.999920	0.000101	0.999810	0.000045	0.998995	0.000048	1357210088.692762	1.000007	37.562622	24.048998	5.903508	0.999511	0.000138	1.000000	1.000000	1.000000	1.000000	0.999957	0.000072	0.999905	0.000065	1.001691	0.000012	0.999754	0.000055	1.000129	0.000045	
1357210089.692543	1.000001	37.691874	24.263252	7.414345	1.000000	1.000000	0.983942	0.000014	1.000000	1.000000	0.999943	0.000304	1.000823	0.000080	1.000158	0.000114	0.998671	0.000013	0.999018	0.000013	1357210089.692753	0.999991	37.561314	24.044651	5.958703	1.000009	0.002844	1.000000	1.000000	1.000000	1.000000	1.000390	0.000034	1.000323	0.000033	1.000121	0.000045	1.000257	0.000012	0.999502	0.000012	
1357210090.692542	0.999999	37.735998	24.279396	7.420417	1.000000	1.000000	0.991562	0.000058	1.000000	1.000000	1.000093	0.000354	0.999764	0.000121	0.999972	0.000125	0.989546	0.000046	1.000971	0.000046	1357210090.692765	1.000012	37.531504	24.006046	6.038762	0.999448	0.000138	1.000000	1.000000	1.000000	1.000000	0.999797	0.000068	1.000070	0.000066	0.999226	0.000011	1.000052	0.000045	0.999738	0.000044	
1357210091.692543	1.000001	37.739542	24.293922	7.303078	1.000000	1.000000	1.014877	0.000014	1.000000	1.000000	0.999752	0.000348	0.991347	0.000082	0.999978	0.000414	0.998009	0.000015	0.993760	0.000089	1357210091.692760	0.999995	37.587560	24.074049	5.933379	0.999965	0.002834	1.000000	1.000000	1.000000	1.000000	0.999880	0.000035	0.999290	0.000033	0.989191	0.000046	0.996823	0.000012	0.999206	0.000012	
1357210092.692542	0.999999	37.750341	24.283287	7.442817	0.999999	1.000000	1.003623	0.000136	1.000000	1.000000	1.000091	0.000385	1.000478	0.001571	1.000365	0.000115	1.008812	0.000059	1.010579	0.000056	1357210092.692764	1.000004	37.588028	24.073984	6.068426	1.000005	0.004539	1.000000	1.000000	1.000000	1.000000	1.000293	0.000084	1.000070	0.000083	1.023014	0.000022	1.000509	0.000068	0.989236	0.000059	
1357210093.692542	1.000000	35.985168	22.532547	7.559509	1.000000	0.742777	0.992188	0.000021	1.000000	1.000000	0.999945	0.000350	0.999982	0.001414	0.999862	0.000109	1.009862	0.000013	0.993920	0.000013	1357210093.692798	1.000034	39.161903	25.643886	5.943904	1.000002	0.257501	1.000000	1.000000	1.000000	1.000000	0.999175	0.000038	0.999952	0.000032	0.999966	0.000046	0.997512	0.000007	1.041033	0.000015	
1357210094.692542	1.000000	33.574982	20.112732	8.005295	1.000000	0.413225	0.998860	0.000058	0.999999	1.000000	1.000162	0.000337	1.000053	0.000167	0.999893	0.000105	0.996992	0.000048	1.000314	0.000048	1357210094.692757	0.999959	41.238584	27.680838	6.170190	0.999999	0.586568	1.000000	1.000000	1.000000	1.000000	1.000222	0.000069	1.000041	0.000065	0.998068	0.000012	0.999526	0.000050	1.001199	0.000044	
1357210095.692542	1.000000	42.743256	29.292114	7.261902	1.000000	1.000000	0.999833	0.002983	1.000000	1.000000	0.999973	0.002524	0.999988	0.001993	0.999963	0.002199	0.999733	0.001693	0.999690	0.001612	1357210095.692694	0.999937	38.145528	24.627023	5.945092	1.000012	0.001048	1.000000	1.000000	1.000000	1.000000	0.999027	0.000036	0.999999	0.004105	1.000033	0.000046	1.003326	0.000012	0.999320	0.000012	
1357210096.692543	1.000001	37.802576	24.349220	7.403695	1.000000	1.000000	1.013361	0.000052	1.000000	1.000000	1.000032	0.000390	1.000213	0.000121	1.000087	0.000402	1.011851	0.000040	1.010581	0.000045	1357210096.692764	1.000070	37.542626	24.028513	5.920667	0.999397	0.000022	1.000000	1.000000	1.000000	1.000000	1.000500	0.000069	1.000096	0.000065	1.001448	0.000012	1.000156	0.000052	1.000113	0.000045	
1357210097.692542	0.999999	37.780767	24.330483	7.442970	1.000000	1.000000	1.001532	0.000013	1.000000	1.000000	0.999979	0.000334	0.999933	0.000081	1.000223	0.000142	1.006204	0.000013	1.001508	0.000013	1357210097.692752	0.999988	37.596334	24.078061	5.987666	1.000009	0.002849	1.000000	1.000000	1.000000	1.000000	1.000498	0.000036	0.999724	0.000034	0.999905	0.000045	0.999518	0.000012	0.997439	0.000012	
1357210098.692542	1.000000	37.784805	24.322464	7.526596	1.000000	1.000000	0.996025	0.000058	1.000000	1.000000	1.000124	0.000346	0.999995	0.002372	0.999678	0.000101	0.997697	0.000047	1.001490	0.000047	1357210098.692760	1.000008	37.558198	24.026600	6.088070	0.999521	0.000141	1.000000	1.000000	1.000000	1.000000	0.999405	0.000071	1.000067	0.000069	1.000063	0.000012	1.000085	0.000045	1.000577	0.000044	
1357210099.692542	1.000000	37.778839	24.304047	7.452805	1.000000	1.000000	1.001186	0.000021	1.000000	1.000000	0.999977	0.002625	0.999809	0.000077	1.000180	0.000118	1.001193	0.000013	0.994112	0.000013	1357210099.692757	0.999997	37.527048	23.976179	6.269215	0.999970	0.000521	1.000000	1.000000	1.000000	1.000000	1.000466	0.000036	0.999803	0.000033	0.999898	0.000045	0.996732	0.000012	0.997860	0.000012	
1357210100.692542	1.000000	37.922409	24.471817	7.456543	1.000000	1.000000	0.999633	0.000072	1.000000	1.000000	0.999986	0.004809	1.000006	0.001498	0.999655	0.000119	0.999382	0.000043	0.999508	0.000045	1357210100.692755	0.999998	37.469417	23.965958	5.966259	0.999917	0.000028	1.000000	1.000000	1.000000	1.000000	0.999818	0.000070	1.000070	0.000066	0.999752	0.000011	1.000249	0.000056	1.000650	0.000043	
1357210101.692543	1.000001	35.897228	22.458612	7.590950	1.000000	0.726809	1.008529	0.000029	1.000000	1.000000	0.999928	0.000337	0.999984	0.002139	1.000019	0.000411	0.999190	0.000013	0.999970	0.000013	1357210101.692788	1.000033	39.264455	25.744972	5.933658	1.000002	0.273511	1.000000	1.000000	1.000000	1.000000	0.999765	0.000036	0.999376	0.000033	1.000347	0.000044	1.000095	0.000012	0.998206	0.000012	
1357210102.692542	0.999999	32.789597	19.354892	7.870308	1.000001	0.281442	0.991183	0.000063	1.000000	1.000000	1.000015	0.000374	0.999990	0.004820	0.999147	0.000099	0.989258	0.000048	0.986098	0.000047	1357210102.692753	0.999965	42.110927	28.570032	5.933176	0.999999	0.718566	1.000000	1.000000	1.000000	1.000000	1.000258	0.000069	1.000279	0.000066	0.999903	0.000012	1.000089	0.000044	1.000154	0.000043	
1357210103.692542	1.000000	37.733673	24.286560	7.427536	1.000000	1.000000	1.001652	0.000014	1.000000	1.000000	1.000089	0.000359	0.996008	0.000168	1.000895	0.000113	1.000238	0.000015	1.014559	0.000014	1357210103.692762	1.000009	37.576137	24.056163	5.930961	0.999961	0.002823	1.000000	1.000000	1.000000	1.000000	1.000063	0.000067	0.999670	0.000034	0.988727	0.000046	0.998185	0.000012	0.997164	0.000012	
1357210104.692542	1.000000	37.771545	24.325165	7.346817	1.000000	1.000000	1.004784	0.000100	1.000000	1.000000	0.999904	0.000361	1.000446	0.001525	0.999846	0.000115	1.008381	0.000060	1.007089	0.000061	1357210104.692758	0.999996	37.645020	24.131690	5.933480	1.000005	0.004533	1.000000	1.000000	1.000000	1.000000	0.999847	0.000086	1.000074	0.000083	1.023004	0.000022	1.000258	0.000070	0.989932	0.000059	
1357210105.692543	1.000001	36.307918	22.852441	7.628243	0.999999	0.727219	0.999993	0.067260	1.000000	1.000000	0.999961	0.000325	1.000045	0.000311	0.999517	0.000135	1.001060	0.000013	1.000174	0.000013	1357210105.692763	1.000005	38.827717	25.297832	6.034302	1.000000	0.206054	1.000000	1.000000	1.000000	1.000000	1.000054	0.000035	1.000801	0.000033	1.000077	0.000045	0.995491	0.000007	1.039428	0.000015	
1357210106.692544	1.000001	37.524943	24.102409	7.184487	0.999809	0.000258	1.000001	1.000000	1.000000	1.000000	0.999879	0.000397	1.000130	0.000121	1.000122	0.000398	1.000429	0.000048	1.000289	0.000048	1357210106.692772	1.000009	37.522213	24.008678	5.922218	1.000182	0.000023	1.000000	1.000000	1.000000	0.999816	1.000177	0.000070	0.999947	0.000066	1.000633	0.000012	0.999859	0.000049	1.000525	0.000044	
1357210107.692543	0.999999	37.538198	24.114617	7.274299	1.000989	0.000055	1.000000	1.000000	1.000000	1.000000	1.000073	0.000308	0.999754	0.000081	0.999976	0.000113	0.997713	0.000013	0.999680	0.000013	1357210107.692765	0.999993	37.604691	24.092375	5.933970	1.000008	0.002848	1.000000	1.000000	1.000000	1.000000	0.999966	0.000034	0.999582	0.000033	1.000094	0.000045	1.001692	0.000012	1.000265	0.000012	
1357210108.692542	0.999999	37.495504	24.084190	7.272743	0.999904	0.000262	1.000000	1.000000	1.000000	1.000000	1.000031	0.000391	0.999993	0.002198	0.999679	0.000134	0.997110	0.000045	0.999412	0.000047	1357210108.692770	1.000005	37.577677	24.064867	5.933350	0.999454	0.000139	1.000000	1.000000	1.000000	1.000000	0.999832	0.000097	1.000125	0.000065	0.999492	0.000012	1.000769	0.000056	1.000043	0.000045	
1357210109.692543	1.000001	37.503748	24.080269	7.287484	1.000186	0.000056	1.000000	1.000000	1.000000	0.999999	1.000355	0.000309	1.000105	0.000081	1.000207	0.000112	1.013111	0.000013	1.000144	0.000013	1357210109.692767	0.999997	37.573160	24.075453	5.939487	1.000011	0.002846	1.000000	1.000000	1.000000	1.000000	1.000188	0.000035	1.000035	0.000033	0.999889	0.000045	0.997850	0.000012	1.000802	0.000012	
1357210110.692543	1.000000	37.522659	24.096832	7.294724	1.000078	0.000249	1.000000	1.000000	1.000000	1.000000	0.999231	0.000355	0.999533	0.000125	1.000254	0.000125	0.999174	0.000046	1.000526	0.000046	1357210110.692765	0.999998	37.582408	24.070252	5.933575	0.999526	0.000140	1.000000	1.000000	1.000000	1.000000	0.999927	0.000069	0.999829	0.000065	0.999644	0.000012	1.000035	0.000044	0.999450	0.000043	
1357210111.692543	1.000000	37.511826	24.084656	7.308777	0.999792	0.000067	1.000000	1.000000	1.000000	1.000000	1.000424	0.000346	1.000297	0.000081	0.999989	0.000415	1.002146	0.000013	0.997186	0.000013	1357210111.692761	0.999996	37.572357	24.057150	5.930703	1.000011	0.002857	1.000000	1.000000	1.000000	1.000000	0.999863	0.000034	0.998876	0.000033	1.000237	0.000045	0.996833	0.000012	1.002630	0.000012	
1357210112.692542	0.999999	37.519613	24.073921	7.402885	0.999213	0.000252	1.000000	1.000000	1.000000	1.000000	1.000003	0.000357	1.000426	0.000123	0.999873	0.000100	0.999813	0.000045	1.003928	0.000046	1357210112.692767	1.000006	37.582479	24.052042	6.104486	0.999634	0.000142	1.000000	1.000000	1.000000	1.000000	1.000165	0.000068	1.000767	0.000066	0.999101	0.000012	1.000703	0.000055	0.999496	0.000045	
1357210113.692542	1.000000	37.541977	24.109909	7.267319	1.002349	0.000068	0.999999	1.000000	1.000000	1.000000	0.999911	0.000328	1.000000	0.000122	1.000136	0.000108	1.000891	0.000013	0.989724	0.000013	1357210113.692769	1.000002	37.587956	24.068313	5.990177	1.000009	0.002864	1.000000	1.000000	1.000000	1.000000	0.999876	0.000062	0.999147	0.000033	1.000017	0.000045	1.000000	0.000012	0.999200	0.000012	
1357210114.692542	1.000000	37.511993	24.087418	7.382217	1.000011	0.000250	1.000000	1.000000	1.000000	1.000000	1.000089	0.000335	0.995205	0.000121	0.999594	0.000101	0.988491	0.000046	0.988392	0.000046	1357210114.692762	0.999993	37.539108	24.024351	5.964610	0.999544	0.000139	1.000000	1.000000	1.000000	1.000000	0.999934	0.000070	1.000195	0.000065	0.999385	0.000012	1.000103	0.000045	0.999896	0.000044	
1357210115.692543	1.000001	37.541865	24.119652	7.235436	0.999908	0.000071	1.000001	1.000000	1.000000	1.000000	0.999948	0.000329	0.999750	0.000564	0.996252	0.000135	0.997478	0.000015	1.000291	0.000015	1357210115.692772	1.000010	37.559972	24.048847	5.951311	0.999966	0.002849	1.000000	1.000000	1.000000	1.000000	1.000033	0.000035	0.999943	0.000034	0.990143	0.000046	1.000763	0.000012	0.999436	0.000012	
1357210116.692542	0.999999	37.699133	24.285363	7.426719	0.999990	0.006689	1.000000	1.000000	0.999999	1.000000	0.999984	0.000413	1.005688	0.000123	1.001274	0.000431	1.010881	0.000058	1.008707	0.000059	1357210116.692765	0.999993	37.503662	23.988981	5.962871	1.000663	0.000068	1.000000	1.000000	1.000000	1.000000	0.999883	0.000086	1.000032	0.000085	1.021255	0.000022	1.000056	0.000069	0.989405	0.000060	
1357210117.692542	1.000000	32.506149	19.051971	8.054504	1.000020	0.008535	1.000000	1.000000	1.000002	0.222751	1.000214	0.000310	1.000193	0.000078	0.999822	0.000106	0.992920	0.000013	1.000326	0.000013	1357210117.692773	1.000008	42.455649	28.903879	6.096981	1.000001	0.777456	1.000000	1.000000	1.000000	1.000000	0.999134	0.000036	1.000062	0.000031	0.999279	0.000043	0.999032	0.000007	1.041654	0.000016	
1357210118.692542	1.000000	30.769058	17.330978	8.103973	0.999607	0.000760	1.000000	1.000000	1.003479	0.000055	0.999778	0.000369	0.999989	0.002123	0.999893	0.000105	1.001564	0.000048	1.000238	0.000049	1357210118.692800	1.000027	43.909614	30.373877	5.938164	1.000000	1.000000	1.000000	1.000000	1.000000	1.000000	1.000039	0.000258	1.000023	0.000066	1.001554	0.000012	0.999427	0.000050	0.999090	0.000044	
1357210119.692542	1.000000	33.549683	20.114655	7.797104	1.000000	0.405163	0.999999	1.000000	0.996979	0.000013	1.000635	0.000312	0.999431	0.000081	0.999917	0.000116	0.992693	0.000013	1.000845	0.000013	1357210119.692757	0.999957	41.284883	27.742188	5.947979	0.999999	0.594650	1.000000	1.000000	1.000000	1.000000	1.000201	0.000086	0.999920	0.000034	1.000237	0.000046	1.001600	0.000012	1.003779	0.000012	
1357210120.692542	1.000000	40.238220	26.793030	7.261841	1.000000	1.000000	1.000000	1.000000	0.999974	0.002531	0.999905	0.002504	1.000023	0.002097	0.999993	0.002182	0.999994	0.001797	0.999995	0.001701	1357210120.692762	1.000005	37.506480	23.987993	5.921632	0.999956	0.000026	1.000000	1.000000	1.000000	1.000000	0.999989	0.000168	1.000000	0.004115	1.000227	0.000012	1.000170	0.000050	0.999685	0.000045	
1357210121.692542	1.000000	37.866486	24.420898	7.156769	1.000001	1.000000	1.000000	1.000000	0.987462	0.000014	1.000075	0.000358	0.999967	0.000081	1.000019	0.000409	1.007993	0.000013	0.998284	0.000013	1357210121.692757	0.999995	37.551870	24.039992	5.922103	1.000085	0.000050	1.000000	1.000000	1.000000	1.000000	1.000156	0.000086	0.999790	0.000033	0.999879	0.000045	1.000191	0.000012	1.001551	0.000012	
1357210122.692542	1.000000	37.857986	24.390945	7.435867	1.000000	1.000000	1.000000	1.000000	1.001712	0.000058	1.000077	0.000344	1.000006	0.000121	1.000104	0.000100	0.997581	0.000046	0.999168	0.000047	1357210122.692761	1.000004	37.549652	24.019770	6.124258	0.999958	0.000028	1.000000	1.000000	1.000000	1.000000	1.000019	0.000165	1.000057	0.000068	1.000226	0.000012	1.000075	0.000046	1.000455	0.000044	
1357210123.692542	1.000000	37.853638	24.381531	7.445221	1.000000	1.000000	1.000000	1.000000	0.998079	0.000060	0.999864	0.000316	1.000118	0.000104	0.999885	0.000141	1.002599	0.000013	1.003667	0.000013	1357210123.692752	0.999991	37.491474	23.958286	6.104090	0.999919	0.000052	1.000000	1.000000	1.000000	1.000000	0.999711	0.000108	1.000257	0.000033	0.999584	0.000046	0.996959	0.000012	0.997552	0.000012	
1357210124.692542	1.000000	37.814240	24.378204	7.245056	1.000000	1.000000	1.000000	0.999999	1.003005	0.000059	0.999926	0.000352	1.000388	0.000130	1.000046	0.000100	1.000982	0.000044	0.999861	0.000047	1357210124.692757	1.000005	37.484401	23.968310	5.933442	0.999555	0.000028	1.000000	1.000000	1.000000	1.000000	1.000076	0.000168	0.999885	0.000067	1.002241	0.000012	1.000280	0.000056	0.999556	0.000044	
1357210125.692542	1.000000	37.863007	24.389526	7.332886	1.000000	1.000000	1.000000	1.000000	0.987348	0.000014	0.999914	0.000303	0.999692	0.000083	0.999901	0.000136	1.005515	0.000013	0.997329	0.000013	1357210125.692757	1.000000	37.516464	23.987366	6.087509	0.999961	0.000050	1.000000	1.000000	1.000000	1.000000	0.999969	0.000086	0.999943	0.000034	0.999800	0.000044	0.999424	0.000012	1.001191	0.000012	
1357210126.692542	1.000000	37.801529	24.365143	7.330856	1.000000	1.000000	1.000001	1.000000	0.992190	0.000059	1.000036	0.000410	0.993830	0.000119	1.000040	0.000401	0.985906	0.000047	0.989949	0.000047	1357210126.692765	1.000008	37.480836	23.978642	5.926756	0.999765	0.000028	1.000000	1.000000	1.000000	1.000000	0.999993	0.000168	0.999955	0.000068	0.998648	0.000011	1.000771	0.000045	1.000201	0.000044	
1357210127.692542	1.000000	37.869354	24.419785	7.193787	1.000000	1.000000	0.999999	1.000000	0.986250	0.000015	0.999924	0.000286	1.001297	0.000509	0.999777	0.000112	0.999815	0.000015	0.997580	0.000014	1357210127.692769	1.000004	37.541443	24.028559	5.933768	0.997924	0.000051	1.000000	1.000000	1.000000	1.000000	1.000278	0.000086	0.999943	0.000034	0.988736	0.000046	0.999006	0.000012	0.999546	0.000012	
1357210128.692542	1.000000	37.874527	24.425064	7.231339	1.000000	1.000000	1.000000	1.000000	1.011917	0.000072	1.000026	0.000395	1.000056	0.002144	1.000133	0.000116	1.008412	0.000060	1.008273	0.000062	1357210128.692758	0.999989	37.510879	23.997822	5.927769	1.002819	0.000037	1.000000	1.000000	1.000000	1.000000	0.999842	0.000205	1.000000	0.000088	1.025382	0.000021	0.999312	0.000071	0.989308	0.000061	
1357210129.692542	1.000000	37.846390	24.395233	7.248199	1.000000	1.000000	0.999999	1.000000	0.989969	0.000021	1.000001	0.000304	1.000719	0.000082	1.000145	0.000114	1.000884	0.000014	1.002060	0.000013	1357210129.692765	1.000007	37.514679	24.002550	5.927678	1.000231	0.000050	1.000000	1.000000	1.000000	1.000000	1.000116	0.000087	1.000399	0.000033	1.000432	0.000045	0.998079	0.000007	1.046246	0.000015	
1357210130.692542	1.000000	37.846298	24.372360	7.331833	1.000000	1.000000	1.000000	1.000000	0.999539	0.000057	1.000027	0.000353	0.998689	0.000124	0.999350	0.000122	0.999828	0.000045	0.999567	0.000045	1357210130.692760	0.999995	37.526967	23.997908	6.129410	0.999666	0.000028	1.000000	1.000000	1.000000	1.000000	0.999959	0.000168	0.999838	0.000067	0.997711	0.000012	1.000856	0.000049	0.999344	0.000043	
1357210131.692542	1.000000	37.850647	24.397598	7.249374	1.000000	1.000000	1.000000	1.000001	1.016059	0.000013	1.000106	0.000341	0.991780	0.000082	1.000430	0.000416	0.999713	0.000013	0.997606	0.000013	1357210131.692760	1.000000	37.518188	24.006210	5.933334	1.000083	0.000051	1.000000	1.000000	1.000000	1.000000	0.999697	0.000086	0.999921	0.000034	1.000617	0.000045	0.997641	0.000012	0.996529	0.000012	
1357210132.692542	1.000000	37.858673	24.408844	7.237091	1.000000	1.000000	1.000000	1.000000	0.998268	0.000068	0.999839	0.000355	1.001790	0.000390	0.998806	0.000118	1.000088	0.000061	1.000526	0.000066	1357210132.692754	0.999994	37.515482	24.001181	5.939687	0.999930	0.000028	1.000000	1.000000	1.000000	1.000000	1.000132	0.000167	0.999976	0.000065	0.999755	0.000011	1.000229	0.000057	1.001210	0.000045	
1357210133.692542	1.000000	37.829819	24.332352	7.583832	1.000000	1.000000	1.000000	1.000000	0.993336	0.000014	0.999929	0.000305	1.000492	0.000103	1.000092	0.000109	0.999886	0.000014	0.999767	0.000013	1357210133.692759	1.000005	37.488918	23.935580	6.333373	0.999962	0.000051	1.000000	1.000000	1.000000	1.000000	1.000032	0.000108	1.000455	0.000033	0.999245	0.000044	1.001475	0.000012	0.999415	0.000012	
1357210134.692542	1.000000	37.847321	24.373917	7.358749	0.999999	1.000000	1.000000	1.000000	0.999824	0.000059	0.999938	0.000350	0.999167	0.000119	1.002014	0.000100	1.004500	0.000045	1.002603	0.000047	1357210134.692761	1.000002	37.481786	23.946655	6.125583	0.999854	0.000026	1.000000	1.000000	1.000000	1.000000	1.000002	0.000168	0.999806	0.000066	1.001624	0.000012	1.000399	0.000044	1.000399	0.000043	
1357210135.692542	1.000000	37.831390	24.393616	7.263489	1.000000	1.000000	1.000000	1.000000	1.000962	0.000021	1.000053	0.000304	0.999294	0.000095	0.998402	0.000139	0.984211	0.000014	1.002051	0.000013	1357210135.692757	0.999996	37.465347	23.963476	5.933496	1.000206	0.000051	1.000000	1.000000	1.000000	1.000000	0.999752	0.000085	1.000072	0.000032	0.999991	0.000045	0.997459	0.000012	0.997587	0.000012	
1357210136.692542	1.000000	37.852448	24.387329	7.565872	1.000000	1.000000	1.000001	1.000000	1.000270	0.000057	1.000019	0.000411	1.000841	0.000119	1.000444	0.000398	1.000140	0.000044	0.996943	0.000047	1357210136.692762	1.000005	37.485728	23.959917	6.044037	0.999722	0.000026	1.000000	1.000000	1.000000	1.000000	0.999982	0.000167	1.000119	0.000065	0.998686	0.000012	0.999738	0.000056	1.000077	0.000045	
1357210137.692542	1.000000	37.840515	24.386703	7.327133	1.000000	1.000000	1.000000	1.000000	0.999101	0.000014	1.000038	0.000284	1.000061	0.000082	0.998523	0.000108	1.001014	0.000013	0.997204	0.000013	1357210137.692759	0.999997	37.481775	23.963621	5.967410	0.999819	0.000051	1.000000	1.000000	1.000000	1.000000	0.999858	0.000087	0.999468	0.000033	1.000284	0.000045	1.001760	0.000012	1.000713	0.000012	
1357210138.692542	1.000000	37.845596	24.369431	7.381439	1.000000	1.000000	1.000000	1.000000	0.991861	0.000058	0.999989	0.000382	0.999999	0.002119	0.999853	0.000099	0.988518	0.000045	0.989700	0.000047	1357210138.692763	1.000004	37.473801	23.937861	6.112555	1.000131	0.000026	1.000000	1.000000	1.000000	1.000000	1.000183	0.000190	1.000095	0.000065	0.999745	0.000012	0.999594	0.000044	0.999713	0.000044	
1357210139.692542	1.000000	37.849716	24.395691	7.249329	1.000000	1.000000	1.000000	1.000000	0.988811	0.000015	0.999928	0.000333	0.995117	0.000097	1.000048	0.000154	1.000752	0.000033	0.999356	0.000014	1357210139.692765	1.000002	37.456853	23.941269	5.933796	0.998538	0.000053	1.000000	1.000000	1.000000	1.000000	0.999812	0.000086	0.999640	0.000033	0.988485	0.000046	1.001375	0.000012	1.000227	0.000012	
1357210140.692543	1.000001	37.830881	24.375770	7.229943	1.000000	1.000000	1.000000	1.000000	1.008203	0.000072	1.000025	0.000388	1.003186	0.000139	0.999477	0.000136	1.007699	0.000059	1.008418	0.000061	1357210140.692765	1.000000	37.443756	23.924835	5.945663	1.001955	0.000038	1.000000	1.000000	1.000000	1.000000	0.999975	0.000185	1.000027	0.000086	1.025547	0.000020	0.999597	0.000069	0.991841	0.000077	
1357210141.692542	0.999999	37.815466	24.358635	7.286735	1.000000	1.000000	1.000000	1.000000	1.011556	0.000021	0.999982	0.000342	0.991726	0.000083	1.000110	0.000412	0.998741	0.000013	1.001222	0.000013	1357210141.692760	0.999995	37.512349	23.995954	5.966216	0.999961	0.000049	1.000000	1.000000	1.000000	1.000000	0.999903	0.000087	0.999976	0.000033	0.999879	0.000045	1.004282	0.000007	1.042134	0.000015	
1357210142.692542	1.000000	37.788406	24.349686	7.287415	1.000000	1.000000	1.000000	1.000000	0.999515	0.000059	0.999869	0.000346	1.002186	0.000329	0.999869	0.000100	1.000964	0.000046	0.999645	0.000047	1357210142.692753	0.999993	37.494461	23.981291	5.939128	0.999667	0.000027	1.000000	1.000000	1.000000	1.000000	0.999995	0.000168	1.000168	0.000066	0.999518	0.000012	0.999961	0.000050	1.000262	0.000043	
1357210143.692543	1.000001	37.807474	24.350502	7.288583	1.000000	1.000000	0.999999	1.000000	1.003084	0.000013	1.000771	0.000304	1.000165	0.000121	1.001461	0.000109	0.996706	0.000013	1.000845	0.000046	1357210143.692767	1.000014	37.495261	23.991240	5.980339	1.000108	0.000075	1.000000	1.000000	1.000000	1.000000	1.000069	0.000128	0.999707	0.000033	1.000318	0.000046	1.001155	0.000012	1.000195	0.000012	
1357210144.692542	0.999999	37.827627	24.353386	7.380699	1.000000	1.000000	1.000001	1.000000	0.999717	0.000082	0.999923	0.000376	0.996766	0.000135	0.998625	0.000100	1.001584	0.000044	0.997955	0.000040	1357210144.692764	0.999997	37.507852	23.975584	6.113254	0.999440	0.000026	1.000000	1.000000	1.000000	1.000000	1.000037	0.000166	1.000118	0.000065	0.999935	0.000012	0.999149	0.000051	1.000094	0.000045	
1357210145.692543	1.000001	42.665838	29.193118	7.435036	1.000000	1.000000	1.000000	1.000000	0.999659	0.002269	0.999905	0.002365	1.000151	0.002504	0.999735	0.002239	0.999725	0.001731	0.999738	0.001605	1357210145.692701	0.999937	37.549773	24.022523	6.076982	1.000068	0.000051	1.000000	1.000000	1.000000	1.000000	0.999861	0.000086	0.999997	0.003996	1.000212	0.000045	0.998990	0.000012	1.000547	0.000012	
1357210146.692542	0.999999	37.916616	24.459511	7.245139	1.000000	1.000000	1.000000	1.000000	1.012442	0.000056	0.999897	0.000402	1.000289	0.000117	1.001393	0.000423	1.009814	0.000041	1.009996	0.000045	1357210146.692760	1.000059	37.514026	23.999655	5.947465	0.999985	0.000026	1.000000	1.000000	1.000000	1.000000	0.999933	0.000167	1.000023	0.000067	0.999840	0.000012	1.001010	0.000046	1.000008	0.000046	
1357210147.692542	1.000000	37.857513	24.386154	7.413315	1.000000	1.000000	1.000000	1.000000	1.000734	0.000021	1.000030	0.000284	0.999672	0.000082	0.999821	0.000110	1.002352	0.000013	0.998813	0.000013	1357210147.692763	1.000003	37.491018	23.963640	6.074475	0.999955	0.000051	1.000000	1.000000	1.000000	1.000000	0.999964	0.000086	0.999896	0.000034	0.999570	0.000045	0.997166	0.000012	0.998876	0.000012	
1357210148.692542	1.000000	37.878494	24.422729	7.188004	1.000000	1.000000	1.000000	1.000000	1.000510	0.000057	1.000295	0.000372	1.000019	0.002196	0.999824	0.000101	0.998903	0.000046	0.999928	0.000048	1357210148.692765	1.000002	37.494481	23.981552	5.946003	0.999956	0.000026	1.000000	1.000000	1.000000	1.000000	1.000004	0.000192	1.000083	0.000070	0.999492	0.000012	1.000375	0.000091	1.000121	0.000044	
1357210149.692542	1.000000	37.836517	24.340439	7.581284	1.000000	1.000000	1.000000	1.000000	0.998244	0.000013	0.999661	0.000304	0.999322	0.000082	1.000326	0.000114	1.001732	0.000013	1.001385	0.000013	1357210149.692766	1.000001	37.497996	23.950798	6.297693	0.999833	0.000051	1.000000	1.000000	1.000000	1.000000	0.999982	0.000087	0.999457	0.000033	1.000257	0.000045	0.999389	0.000012	0.998603	0.000012	
1357210150.692542	1.000000	37.856323	24.400116	7.186188	1.000000	1.000001	0.999999	1.000000	0.988211	0.000060	1.000111	0.000355	1.000464	0.000121	0.999871	0.000123	0.989370	0.000047	0.988997	0.000047	1357210150.692759	0.999993	37.513962	24.009062	5.946193	0.999834	0.000028	1.000000	1.000000	1.000000	1.000000	1.000035	0.000166	1.000148	0.000068	0.999579	0.000012	0.999827	0.000045	1.000105	0.000044	
1357210151.692542	1.000000	37.796600	24.343323	7.371582	1.000000	1.000000	1.000001	1.000000	0.995152	0.000015	0.999857	0.000344	0.991978	0.000083	0.999907	0.000414	1.002687	0.000014	1.000766	0.000014	1357210151.692763	1.000004	37.508362	23.989832	6.044607	0.998080	0.000051	1.000000	1.000000	1.000000	1.000000	1.000242	0.000086	0.999966	0.000034	0.988664	0.000045	0.999684	0.000012	0.996666	0.000012	
1357210152.692543	1.000001	37.851969	24.397972	7.188760	1.000000	1.000000	1.000000	1.000000	1.010995	0.000071	0.999848	0.000364	1.004116	0.000144	1.000030	0.000114	1.008305	0.000060	1.008085	0.000061	1357210152.692771	1.000008	37.502458	23.992298	5.933698	1.002662	0.000038	1.000000	1.000000	1.000000	1.000000	0.999933	0.000184	0.999996	0.000089	1.023810	0.000021	0.999881	0.000071	0.989177	0.000060	
1357210153.692543	1.000000	37.835205	24.370407	7.469040	1.000000	1.000000	1.000000	1.000000	0.999814	0.000021	1.000191	0.000321	1.000048	0.000105	1.000203	0.000108	0.997257	0.000013	0.999156	0.000013	1357210153.692760	0.999989	37.477340	23.958927	5.995244	1.000160	0.000051	1.000000	1.000000	1.000000	1.000000	0.999776	0.000109	1.000618	0.000032	1.000265	0.000045	1.002518	0.000007	1.045374	0.000015	
1357210154.692542	0.999999	37.820272	24.363747	7.277976	1.000000	1.000000	1.000001	1.000000	0.998882	0.000059	0.999809	0.000348	0.999824	0.000118	0.999931	0.000101	0.999975	0.000047	1.000524	0.000046	1357210154.692762	1.000002	37.471044	23.971436	5.939198	0.999122	0.000028	1.000000	1.000000	1.000000	1.000000	1.000056	0.000166	0.999685	0.000067	1.001650	0.000012	1.000054	0.000050	1.000494	0.000044	
1357210155.692542	1.000000	37.844376	24.386658	7.331284	1.000000	1.000000	0.999999	1.000000	1.006301	0.000013	0.999795	0.000312	0.998957	0.000082	0.999950	0.000171	1.000694	0.000013	0.998635	0.000013	1357210155.692760	0.999998	37.507518	23.997772	5.938732	1.000427	0.000051	1.000000	1.000000	1.000000	1.000000	0.999879	0.000086	0.999930	0.000033	0.999585	0.000046	0.997500	0.000012	0.996806	0.000012	
1357210156.692542	1.000000	37.848862	24.395004	7.213516	1.000000	1.000000	1.000000	1.000000	0.996027	0.000057	1.000122	0.000411	1.000497	0.000123	1.000023	0.000402	0.999788	0.000044	1.000321	0.000047	1357210156.692761	1.000001	37.534174	24.024879	5.945841	1.000333	0.000027	1.000000	1.000000	1.000000	1.000000	0.999984	0.000168	0.999994	0.000065	0.998965	0.000011	1.000238	0.000057	1.000783	0.000045	
1357210157.692542	1.000000	37.835266	24.360840	7.371292	1.000000	1.000000	1.000000	1.000000	1.016031	0.000013	1.000022	0.000302	0.999929	0.000082	0.999968	0.000109	0.999359	0.000013	0.998149	0.000013	1357210157.692761	1.000000	37.508621	23.981003	6.115433	0.999848	0.000051	1.000000	1.000000	1.000000	1.000000	0.999986	0.000085	0.999966	0.000034	1.000423	0.000045	1.001666	0.000012	0.998671	0.000012	
1357210158.692543	1.000001	37.874903	24.422493	7.237405	1.000000	1.000000	1.000000	1.000000	0.999516	0.000057	1.000536	0.000367	1.000013	0.002128	1.000909	0.000101	1.000423	0.000046	1.000758	0.000046	1357210158.692758	0.999997	37.517969	24.007246	5.933627	0.999795	0.000028	1.000000	1.000000	1.000000	1.000000	0.999994	0.000191	0.999866	0.000066	0.999715	0.000012	0.999254	0.000046	0.999257	0.000045	
1357210159.692543	1.000000	37.818420	24.342392	7.526566	1.000000	1.000000	1.000000	1.000000	1.000799	0.000021	0.999348	0.000303	1.000085	0.000081	0.999195	0.000117	0.998999	0.000013	0.995463	0.000013	1357210159.692761	1.000003	37.489523	23.958452	6.124035	1.000052	0.000052	1.000000	1.000000	1.000000	1.000000	1.000027	0.000086	0.999559	0.000033	1.000043	0.000045	1.001274	0.000012	1.002335	0.000012	
1357210160.692542	0.999999	37.791662	24.348641	7.421867	1.000000	1.000000	1.000000	1.000000	1.000203	0.000057	1.000579	0.000353	1.000140	0.000127	0.999890	0.000123	1.000061	0.000044	1.000859	0.000047	1357210160.692759	0.999998	37.483470	23.971695	5.951015	1.000430	0.000028	1.000000	1.000000	1.000000	1.000000	0.999975	0.000168	1.000330	0.000064	1.000609	0.000012	1.000117	0.000056	1.000052	0.000045	
1357210161.692543	1.000001	37.843744	24.375160	7.359933	1.000000	1.000000	1.000000	1.000000	0.999309	0.000013	0.999419	0.000342	0.999748	0.000083	1.000034	0.000413	1.000749	0.000013	1.001896	0.000013	1357210161.692759	1.000000	37.485596	23.962082	6.068283	0.999939	0.000050	1.000000	1.000000	1.000000	1.000000	1.000098	0.000087	0.999919	0.000033	0.999488	0.000044	1.001823	0.000012	0.999968	0.000012	
1357210162.692542	0.999999	37.844168	24.389046	7.193168	1.000000	1.000000	1.000000	1.000000	0.989628	0.000060	0.999905	0.000352	1.001253	0.000120	1.001395	0.000100	0.987831	0.000046	0.987835	0.000046	1357210162.692758	0.999999	37.510732	24.001945	5.933706	0.999805	0.000028	1.000000	1.000000	1.000000	1.000000	0.999888	0.000169	1.000329	0.000066	1.000388	0.000012	0.999690	0.000045	1.000236	0.000044	
1357210163.692543	1.000001	37.830149	24.376747	7.260262	1.000000	1.000000	1.000000	1.000000	0.998444	0.000015	1.000280	0.000306	0.992215	0.000106	0.998610	0.000110	1.002669	0.000014	0.999331	0.000014	1357210163.692761	1.000003	37.490515	23.992937	5.950757	0.998631	0.000052	1.000000	1.000000	1.000000	1.000000	1.000067	0.000110	0.999850	0.000033	0.988847	0.000046	0.999453	0.000012	1.000194	0.000012	
1357210164.692542	0.999999	37.854711	24.401558	7.243324	1.000000	1.000000	1.000000	1.000000	1.006390	0.000072	1.000355	0.000369	1.005583	0.000136	0.999950	0.000115	1.008656	0.000060	1.009037	0.000061	1357210164.692757	0.999996	37.532684	24.022223	5.933603	1.001507	0.000037	1.000000	1.000000	1.000000	1.000000	1.000035	0.000186	0.999937	0.000086	1.024917	0.000020	0.999503	0.000071	0.989154	0.000060	
1357210165.692543	1.000001	37.843149	24.374687	7.372002	1.000000	1.000000	1.000000	1.000000	0.997623	0.000021	1.000016	0.000304	1.000014	0.000082	0.999862	0.000137	0.998851	0.000013	1.001060	0.000013	1357210165.692761	1.000004	37.524827	23.998697	6.069784	1.000077	0.000050	1.000000	1.000000	1.000000	1.000000	0.999851	0.000085	0.999976	0.000033	1.000227	0.000044	1.003697	0.000007	1.044769	0.000015	
1357210166.692543	1.000000	37.843353	24.388611	7.224640	1.000000	1.000000	1.000000	1.000000	1.004066	0.000057	0.999481	0.000422	0.999052	0.000119	1.000094	0.000400	1.000625	0.000046	0.999430	0.000046	1357210166.692760	0.999999	37.513097	24.001152	5.939703	0.999959	0.000028	1.000000	1.000000	1.000000	1.000000	0.999920	0.000169	1.000029	0.000067	0.998605	0.000012	1.000140	0.000049	1.000018	0.000044	
1357210167.692542	0.999999	37.848150	24.393029	7.228217	1.000000	1.000000	1.000000	1.000000	0.999601	0.000014	0.999909	0.000284	1.000502	0.000081	0.999622	0.000109	0.998247	0.000013	0.997113	0.000013	1357210167.692763	1.000003	37.527594	24.016420	5.921216	1.000060	0.000051	1.000000	1.000000	1.000000	1.000000	1.000179	0.000086	0.998355	0.000034	1.000456	0.000046	0.998043	0.000012	0.997738	0.000012	
1357210168.692543	1.000001	37.854899	24.396415	7.355126	1.000000	1.000000	1.000000	1.000000	0.999627	0.000083	0.999939	0.000392	1.000014	0.002178	1.000857	0.000133	0.999843	0.000044	1.001229	0.000047	1357210168.692766	1.000003	37.524405	24.008455	5.994275	0.999494	0.000028	1.000000	1.000000	1.000000	1.000000	0.999926	0.000193	1.000641	0.000067	1.000032	0.000012	1.000557	0.000055	1.000179	0.000045	
1357210169.692543	1.000000	37.857452	24.404556	7.208527	1.000000	1.000000	1.000000	1.000000	1.002053	0.000014	0.999991	0.000304	0.999958	0.000082	0.999186	0.000112	1.002248	0.000013	0.998399	0.000013	1357210169.692761	0.999995	37.538152	24.028288	5.946014	1.000375	0.000051	1.000000	1.000000	1.000000	1.000000	1.000184	0.000086	0.999930	0.000033	1.000000	0.000044	0.996167	0.000012	1.000097	0.000012	
1357210170.692542	0.999999	40.210564	26.752986	7.341239	1.000000	1.000000	1.000000	1.000001	0.999983	0.002226	1.000010	0.002447	0.999967	0.002082	0.999988	0.002134	0.999973	0.001743	0.999975	0.001616	1357210170.692767	1.000006	37.543111	24.021295	6.084253	0.999666	0.000028	1.000000	1.000000	1.000000	1.000000	0.999820	0.000169	1.000004	0.004027	0.997830	0.000011	1.000789	0.000045	1.000122	0.000044	
1357210171.692543	1.000001	37.847040	24.391853	7.194909	1.000000	1.000000	1.000000	1.000000	1.000702	0.000021	0.999912	0.000360	1.000660	0.000083	0.999921	0.000413	1.010106	0.000013	1.000980	0.000013	1357210171.692760	0.999993	37.529617	24.017408	5.943339	1.000197	0.000051	1.000000	1.000000	1.000000	1.000000	1.000018	0.000086	0.999574	0.000033	1.000084	0.000046	1.000127	0.000012	0.999710	0.000012	
1357210172.692543	1.000000	37.825562	24.351410	7.427277	1.000000	1.000000	1.000000	1.000000	1.000224	0.000058	0.999984	0.000348	0.999922	0.000123	1.000182	0.000100	0.996634	0.000046	0.999260	0.000047	1357210172.692762	1.000002	37.489247	23.973358	6.114994	0.999796	0.000026	1.000000	1.000000	1.000000	1.000000	0.999981	0.000167	0.999863	0.000067	0.996603	0.000012	0.999627	0.000051	1.000163	0.000045	
1357210173.692543	1.000000	37.841278	24.387848	7.282013	1.000000	1.000000	0.999999	1.000000	0.998271	0.000013	1.000035	0.000305	1.000226	0.000121	0.999951	0.000110	1.002627	0.000013	1.003310	0.000013	1357210173.692760	0.999998	37.534953	24.022934	5.939556	0.999896	0.000074	1.000000	1.000000	1.000000	1.000000	1.000311	0.000109	1.000698	0.000033	1.001167	0.000045	0.999585	0.000012	0.999452	0.000012	
1357210174.692542	0.999999	37.829244	24.375603	7.356971	1.000000	1.000000	1.000000	1.000000	0.989594	0.000060	0.999942	0.000351	0.995287	0.000121	1.000596	0.000100	0.988485	0.000046	0.988858	0.000047	1357210174.692761	1.000001	37.518717	24.007301	5.927027	0.999665	0.000028	1.000000	1.000000	1.000000	1.000000	0.999866	0.000167	1.000011	0.000069	0.999936	0.000012	0.999948	0.000045	0.999215	0.000044	
1357210175.692543	1.000001	37.846811	24.394264	7.174935	1.000000	1.000000	1.000000	1.000000	0.999807	0.000042	0.999979	0.000306	1.000247	0.000535	0.999625	0.000142	0.999815	0.000015	0.998668	0.000014	1357210175.692764	1.000003	37.556005	24.049623	5.952023	0.998384	0.000052	1.000000	1.000000	1.000000	1.000000	1.000098	0.000086	0.999279	0.000034	0.988995	0.000047	1.001715	0.000012	1.001474	0.000012	
1357210176.692542	0.999999	37.825369	24.370339	7.351310	1.000000	1.000000	1.000000	1.000000	1.005631	0.000073	0.999827	0.000438	1.003223	0.000142	0.999912	0.000433	1.010004	0.000061	1.008436	0.000062	1357210176.692760	0.999996	37.527496	24.018744	5.933603	1.002334	0.000036	1.000000	1.000000	1.000000	1.000000	0.999882	0.000186	0.999974	0.000089	1.026040	0.000020	0.999614	0.000073	0.989081	0.000060	
1357210177.692542	1.000000	37.806808	24.350113	7.369507	1.000000	1.000000	1.000000	1.000000	0.999835	0.000021	1.000262	0.000284	0.999141	0.000083	1.000007	0.000108	0.993813	0.000014	1.000936	0.000013	1357210177.692762	1.000002	37.502751	23.995026	5.945133	1.000153	0.000050	1.000000	1.000000	1.000000	1.000000	1.000303	0.000087	1.000357	0.000032	0.999460	0.000045	1.004125	0.000007	1.045911	0.000015	
1357210178.692542	1.000000	37.814835	24.353989	7.405762	1.000000	1.000000	1.000000	1.000000	0.993258	0.000059	1.000207	0.000372	1.000027	0.002259	1.000158	0.000100	1.001534	0.000046	0.999925	0.000046	1357210178.692749	0.999987	37.522144	24.005091	6.086277	0.999458	0.000026	1.000000	1.000000	1.000000	1.000000	0.999917	0.000191	0.999931	0.000067	0.999395	0.000012	0.999932	0.000051	0.999830	0.000045	
1357210179.692542	1.000000	37.850128	24.397049	7.167999	1.000000	1.000000	1.000000	1.000000	1.015594	0.000034	0.999631	0.000304	0.999625	0.000082	1.000131	0.000118	0.994954	0.000013	1.002160	0.000013	1357210179.692764	1.000015	37.526734	24.027212	5.939883	0.999889	0.000052	1.000000	1.000000	1.000000	1.000000	1.000057	0.000087	0.999942	0.000033	1.000075	0.000046	0.997979	0.000012	0.998312	0.000012	
1357210180.692543	1.000001	37.832880	24.367790	7.321908	1.000000	1.000000	1.000000	1.000000	1.000811	0.000062	1.000142	0.000362	0.999912	0.000127	1.000481	0.000122	0.999940	0.000045	0.999819	0.000047	1357210180.692760	0.999996	37.518768	24.011663	6.028238	1.000390	0.000028	1.000000	1.000000	1.000000	1.000000	1.000159	0.000167	1.000070	0.000066	1.000257	0.000012	1.000244	0.000057	1.000318	0.000045	
1357210181.692542	0.999999	37.857534	24.403374	7.226295	1.000000	1.000000	1.000000	1.000000	0.987848	0.000014	0.999890	0.000344	0.999995	0.000083	0.999826	0.000408	0.997942	0.000013	1.000642	0.000013	1357210181.692756	0.999996	37.523605	24.020956	5.945184	0.999838	0.000050	1.000000	1.000000	1.000000	1.000000	0.999593	0.000086	0.999700	0.000033	1.000408	0.000043	0.999368	0.000012	0.999486	0.000012	
1357210182.692542	1.000000	37.825546	24.370941	7.276871	1.000000	1.000000	1.000000	1.000000	1.002325	0.000058	1.000007	0.000352	0.999734	0.000122	0.999866	0.000100	1.000306	0.000045	0.999373	0.000045	1357210182.692760	1.000004	37.488419	23.996073	5.927314	1.000333	0.000028	1.000000	1.000000	1.000000	1.000000	0.999965	0.000167	1.000041	0.000067	0.997328	0.000011	1.000247	0.000045	1.000264	0.000044	
1357210183.692543	1.000001	37.814081	24.348121	7.370293	1.000000	1.000000	1.000000	1.000000	1.003105	0.000020	1.000023	0.000304	1.000441	0.000105	0.999139	0.000113	0.999222	0.000013	1.000761	0.000013	1357210183.692761	1.000001	37.509043	23.990120	6.077448	0.999896	0.000052	1.000000	1.000000	1.000000	1.000000	1.000094	0.000110	0.999954	0.000034	1.000382	0.000044	0.997629	0.000012	1.000455	0.000012	
1357210184.692543	1.000000	37.807541	24.349319	7.458939	1.000000	1.000000	1.000000	1.000000	0.996157	0.000058	0.999962	0.000352	0.999910	0.000124	1.001233	0.000100	0.999526	0.000044	0.999909	0.000046	1357210184.692761	1.000000	37.497314	23.986526	5.950317	0.999560	0.000026	1.000000	1.000000	1.000000	1.000000	0.999880	0.000167	1.000390	0.000065	1.001353	0.000012	1.000083	0.000056	0.999443	0.000044	
1357210185.692542	0.999999	37.808416	24.354210	7.248084	1.000000	1.000000	1.000000	1.000000	1.014854	0.000013	0.999968	0.000313	0.999934	0.000081	1.000261	0.000136	1.002712	0.000013	0.998696	0.000013	1357210185.692759	0.999998	37.516673	24.007401	5.939159	0.999977	0.000050	1.000000	1.000000	1.000000	1.000000	0.999806	0.000085	0.999147	0.000033	0.999514	0.000045	1.001565	0.000012	0.998999	0.000012	
1357210186.692542	1.000000	37.841858	24.349380	7.448761	1.000000	1.000000	1.000000	1.000000	0.989199	0.000057	1.000001	0.000411	0.994280	0.000119	0.999888	0.000404	0.989581	0.000047	0.988858	0.000046	1357210186.692761	1.000002	37.528417	23.982819	6.290592	1.000438	0.000026	1.000000	1.000000	1.000000	1.000000	1.000108	0.000168	0.999559	0.000067	1.000478	0.000012	0.999431	0.000045	0.999966	0.000045	
1357210187.692543	1.000001	37.812067	24.345695	7.411400	1.000000	1.000000	1.000000	1.000000	0.987975	0.000015	1.000016	0.000286	1.001308	0.000515	0.999108	0.000109	0.997905	0.000014	0.998998	0.000014	1357210187.692761	1.000000	37.506561	23.984344	6.057770	0.998142	0.000052	1.000000	1.000000	1.000000	1.000000	1.000045	0.000086	1.001450	0.000034	0.989032	0.000047	1.001843	0.000012	1.002022	0.000012	
1357210188.692542	0.999999	37.826528	24.387047	7.230125	1.000000	1.000000	1.000000	1.000000	1.011309	0.000072	0.999994	0.000400	0.999997	0.002131	1.001285	0.000114	1.008348	0.000060	1.007837	0.000061	1357210188.692762	1.000001	37.526179	24.020439	5.939570	1.002342	0.000037	1.000000	1.000000	1.000000	1.000000	0.999948	0.000207	0.999749	0.000087	1.024842	0.000021	1.000339	0.000070	0.989565	0.000060	
1357210189.692542	1.000000	37.831635	24.377838	7.235962	1.000000	1.000000	1.000000	1.000000	0.996633	0.000058	0.999918	0.000316	0.999902	0.000082	0.999567	0.000113	0.990814	0.000014	1.003986	0.000013	1357210189.692766	1.000004	37.523011	24.013376	5.939582	1.000152	0.000051	1.000000	1.000000	1.000000	1.000000	1.000000	0.000085	0.999880	0.000032	0.999890	0.000046	0.997896	0.000007	1.042882	0.000015	
1357210190.692542	1.000000	37.844543	24.352280	7.578003	1.000000	1.000000	1.000000	1.000000	1.002982	0.000057	0.999983	0.000350	0.999542	0.000120	0.999950	0.000123	1.002971	0.000045	0.999774	0.000046	1357210190.692764	0.999998	37.506648	23.961136	6.265866	0.999917	0.000028	1.000000	1.000000	1.000000	1.000000	1.000021	0.000167	1.000384	0.000066	0.999740	0.000012	0.999915	0.000050	0.999440	0.000044	
1357210191.692542	1.000000	37.863846	24.412094	7.211578	1.000000	1.000000	1.000000	1.000000	1.000985	0.000013	1.000011	0.000340	0.991239	0.000083	1.000223	0.000412	1.000576	0.000013	1.001217	0.000013	1357210191.692760	0.999996	37.519546	24.009420	5.940042	0.999835	0.000051	1.000000	1.000000	1.000000	1.000000	1.000027	0.000087	0.999527	0.000033	1.000503	0.000045	0.998856	0.000012	1.002705	0.000012	
1357210192.692542	1.000000	37.835770	24.383774	7.168350	0.999999	1.000000	1.000000	1.000000	1.000047	0.000057	1.000026	0.000354	1.002378	0.000340	0.998916	0.000100	1.002886	0.000044	1.001057	0.000046	1357210192.692764	1.000004	37.490494	23.991724	5.928199	0.999763	0.000028	1.000000	1.000000	1.000000	1.000000	0.999973	0.000169	0.999994	0.000065	0.997524	0.000012	0.999568	0.000055	0.999862	0.000045	
1357210193.692542	1.000000	37.852814	24.402069	7.196381	1.000001	1.000000	1.000000	1.000000	0.999516	0.000014	1.000153	0.000304	0.999008	0.000129	1.000078	0.000129	0.995148	0.000029	0.996167	0.000013	1357210193.692759	0.999995	37.521749	24.009672	5.945525	0.999915	0.000050	1.000000	1.000000	1.000000	1.000000	0.999853	0.000110	0.999908	0.000033	1.000173	0.000045	1.005075	0.000012	0.999285	0.000012	
1357210194.692542	1.000000	37.837631	24.373901	7.410797	1.000000	1.000000	1.000000	1.000000	0.996555	0.000060	0.999808	0.000352	1.000863	0.000120	1.000016	0.000099	1.000000	0.000051	1.000404	0.000046	1357210194.692760	1.000001	37.516489	23.995857	6.052408	1.000073	0.000026	1.000000	1.000000	1.000000	1.000000	1.000025	0.000167	1.000183	0.000065	1.000811	0.000012	0.999352	0.000045	0.999685	0.000044	
1357210195.692542	1.000000	41.847855	28.390137	7.270508	1.000000	1.000000	1.000000	1.000000	1.000080	0.002402	0.999996	0.002507	1.000023	0.002151	0.999965	0.002264	0.999682	0.001782	0.999722	0.001655	1357210195.692723	0.999963	37.532927	24.021579	5.939932	1.000247	0.000051	1.000000	1.000000	1.000000	1.000000	0.999919	0.000086	1.000001	0.003994	0.999777	0.000047	1.000710	0.000012	1.000942	0.000012	
1357210196.692543	1.000001	37.808253	24.345527	7.353692	1.000000	1.000000	1.000000	1.000000	1.000000	0.000052	0.999919	0.000412	0.999683	0.000119	1.000032	0.000397	1.013141	0.000040	1.009665	0.000045	1357210196.692766	1.000043	37.507546	23.981789	6.121975	0.999124	0.000026	1.000000	1.000000	1.000000	1.000000	0.999961	0.000168	0.999632	0.000065	1.000192	0.000012	0.999284	0.000051	0.999528	0.000045	
1357210197.692543	1.000000	37.848022	24.391541	7.242416	1.000000	1.000000	1.000000	1.000000	1.000711	0.000014	0.999978	0.000285	0.999881	0.000081	1.000155	0.000110	1.005303	0.000013	0.999246	0.000013	1357210197.692766	1.000000	37.497574	23.989166	5.927872	1.000199	0.000050	1.000000	1.000000	1.000000	1.000000	1.000143	0.000086	1.000114	0.000034	1.000115	0.000047	1.003294	0.000012	1.000548	0.000012	
1357210198.692542	0.999999	37.868353	24.412423	7.333885	1.000000	1.000000	1.000000	1.000000	0.988953	0.000060	0.999975	0.000384	1.000072	0.002124	1.002026	0.000100	0.990674	0.000046	0.991983	0.000047	1357210198.692757	0.999991	37.506901	23.996586	5.945504	1.000000	0.000028	1.000000	1.000000	1.000000	1.000000	1.000032	0.000192	0.999917	0.000070	0.998564	0.000012	1.000043	0.000045	1.000148	0.000044	
1357210199.692543	1.000001	37.878519	24.395179	7.400689	1.000000	1.000000	1.000000	1.000000	0.999870	0.000015	1.000647	0.000323	0.991440	0.000083	0.998626	0.000150	0.994124	0.000015	0.988399	0.000014	1357210199.692765	1.000008	37.457018	23.934132	6.200267	0.998218	0.000052	1.000000	1.000000	1.000000	1.000000	0.999969	0.000086	1.000058	0.000033	0.989389	0.000045	0.997426	0.000012	0.999935	0.000012	
1357210200.692543	1.000000	37.874435	24.414368	7.277328	1.000000	1.000000	1.000000	1.000000	1.006773	0.000096	0.999639	0.000381	1.003400	0.000165	0.999919	0.000147	1.007497	0.000071	1.011023	0.000061	1357210200.692763	0.999998	37.510829	23.997726	5.997158	1.002128	0.000036	1.000000	1.000000	1.000000	1.000000	0.999822	0.000182	0.999886	0.000088	1.022607	0.000020	1.000091	0.000072	0.989503	0.000060	
1357210201.692542	0.999999	37.860464	24.388115	7.390052	1.000000	1.000000	1.000001	1.000000	1.000223	0.000021	0.999696	0.000341	0.991337	0.000083	0.999987	0.000413	0.987320	0.000014	0.996990	0.000013	1357210201.692762	0.999999	37.508962	23.981636	6.117621	1.000023	0.000050	1.000000	1.000000	1.000000	1.000000	1.000331	0.000087	1.000036	0.000032	1.001003	0.000045	0.997491	0.000007	1.042773	0.000015	
1357210202.692543	1.000001	33.152434	19.704037	7.973732	0.999998	0.225197	1.000000	1.000000	0.999998	0.077858	0.999956	0.003700	1.000041	0.018053	0.999984	0.003237	1.002656	0.000054	0.995302	0.000047	1357210202.692792	1.000030	42.484503	28.950638	5.932424	1.000001	0.775681	1.000000	1.000000	1.000000	1.000000	0.999994	0.004543	1.000072	0.000070	0.997174	0.000012	1.000566	0.000048	0.999553	0.000044	
1357210203.692542	0.999999	36.774647	23.335105	7.389869	1.000000	0.846256	1.000000	0.999999	1.001210	0.000111	0.999994	0.001647	1.000274	0.000372	0.999239	0.000115	0.994695	0.000013	1.007072	0.000013	1357210203.692763	0.999971	38.487539	24.968118	5.934209	0.999996	0.153638	1.000000	1.000000	1.000000	1.000000	1.000297	0.000064	1.000123	0.000034	1.000503	0.000047	0.996925	0.000012	1.000554	0.000012	
1357210204.692543	1.000001	37.855402	24.401924	7.359322	1.000000	1.000000	1.000001	1.000000	1.000107	0.000061	1.000125	0.000382	0.994656	0.000146	1.001412	0.000102	1.001889	0.000046	1.000246	0.000049	1357210204.692762	0.999999	37.520376	24.007103	5.964529	1.000453	0.000026	1.000000	1.000000	1.000000	1.000000	0.999776	0.000083	0.999834	0.000065	0.998905	0.000012	1.000125	0.000053	0.999747	0.000046	
1357210205.692543	1.000000	37.805222	24.343811	7.419388	1.000000	1.000000	1.000000	1.000000	0.985381	0.000013	0.999963	0.000325	1.001408	0.000467	0.999739	0.000139	0.997848	0.000013	0.997776	0.000013	1357210205.692764	1.000002	37.507833	23.977753	6.128666	1.000017	0.000156	1.000000	1.000000	1.000000	1.000000	0.999602	0.000038	1.000367	0.000034	1.000248	0.000045	1.000189	0.000012	1.002150	0.000012	
1357210206.692542	0.999999	37.849707	24.392647	7.300376	1.000000	1.000000	1.000000	0.999999	1.002135	0.000094	0.999940	0.000400	1.000014	0.000136	1.000009	0.000490	0.999798	0.000046	1.000834	0.000069	1357210206.692765	1.000001	37.481593	23.971153	5.939615	1.000232	0.000027	1.000000	1.000000	1.000000	1.000000	1.000249	0.000077	1.000145	0.000066	0.998884	0.000012	0.999880	0.000045	0.999785	0.000045	
1357210207.692543	1.000001	37.844004	24.367714	7.371422	1.000000	1.000000	1.000000	1.000000	0.999848	0.000023	0.999958	0.000324	0.999035	0.000082	1.000150	0.000113	0.998078	0.000013	0.998359	0.000013	1357210207.692759	0.999994	37.515192	23.987524	6.111914	0.999933	0.000132	1.000000	1.000000	1.000000	1.000000	0.999654	0.000039	0.998542	0.000034	0.999950	0.000046	1.000347	0.000012	0.999678	0.000012	
1357210208.692543	1.000000	37.872025	24.391998	7.438187	1.000000	1.000000	0.999999	1.000000	0.998832	0.000074	1.000635	0.000365	1.000025	0.002210	0.999878	0.000101	1.000736	0.000045	1.000356	0.000048	1357210208.692758	0.999999	37.480978	23.965874	6.125097	0.999546	0.000026	1.000000	1.000000	1.000000	1.000000	0.999948	0.000103	1.000503	0.000066	0.999398	0.000012	1.000128	0.000069	0.999738	0.000046	
1357210209.692542	0.999999	37.856603	24.401528	7.270271	1.000000	1.000000	1.000000	1.000000	0.988598	0.000014	0.999926	0.000314	1.000422	0.000081	0.999476	0.000146	1.000753	0.000013	1.001000	0.000013	1357210209.692762	1.000004	37.518357	24.009043	5.903846	1.000099	0.000101	1.000000	1.000000	1.000000	1.000000	1.000106	0.000036	1.000047	0.000033	0.999991	0.000045	1.000577	0.000012	1.001228	0.000012	
1357210210.692543	1.000001	37.875300	24.420784	7.191216	1.000000	1.000000	1.000000	1.000000	0.995760	0.000065	0.999768	0.000358	1.000568	0.000126	1.000295	0.000123	0.988214	0.000047	0.999181	0.000046	1357210210.692766	1.000004	37.528977	24.020471	5.939292	0.999696	0.000028	1.000000	1.000000	1.000000	1.000000	0.999989	0.000072	1.000059	0.000065	0.999260	0.000011	0.999892	0.000046	0.999296	0.000045	
1357210211.692543	1.000000	37.875229	24.414200	7.327362	1.000000	1.000000	1.000000	1.000000	0.985829	0.000015	0.999939	0.000343	0.992099	0.000083	1.000100	0.000403	1.005306	0.000014	0.992187	0.000066	1357210211.692760	0.999994	37.511363	23.990164	6.015646	0.999368	0.000159	1.000000	1.000000	1.000000	1.000000	0.999857	0.000038	0.999942	0.000033	0.989063	0.000046	1.002787	0.000012	1.002427	0.000012	
1357210212.692542	0.999999	37.874044	24.417504	7.340461	1.000000	1.000000	0.999999	1.000000	1.006117	0.000082	0.999531	0.000373	1.003918	0.000140	0.998856	0.000115	1.006909	0.000061	1.008932	0.000057	1357210212.692760	1.000000	37.505630	23.995316	5.939041	1.002628	0.000037	1.000000	1.000000	1.000000	1.000000	0.999837	0.000088	0.999947	0.000088	1.024244	0.000021	0.999582	0.000076	0.989853	0.000061	
1357210213.692543	1.000001	37.864878	24.412178	7.236199	1.000000	1.000000	1.000000	1.000000	1.009978	0.000021	1.000018	0.000305	1.000239	0.000105	1.000342	0.000108	0.999566	0.000013	1.001930	0.000013	1357210213.692754	0.999994	37.510630	24.003134	5.939962	1.000040	0.000127	1.000000	1.000000	1.000000	1.000000	1.000259	0.000067	0.999702	0.000032	1.000368	0.000045	1.003950	0.000007	1.041932	0.000015	
1357210214.692542	0.999999	37.803930	24.364724	7.199653	1.000000	1.000000	1.000000	1.000000	1.000006	0.000060	1.000122	0.000355	1.000120	0.000119	1.001147	0.000101	1.000486	0.000046	0.999351	0.000046	1357210214.692751	0.999997	37.518473	24.008619	5.940341	0.999854	0.000026	1.000000	1.000000	1.000000	1.000000	1.000244	0.000068	1.000189	0.000065	0.998372	0.000012	0.999003	0.000050	1.000460	0.000044	
1357210215.692543	1.000001	37.799067	24.313499	7.606377	1.000000	1.000000	1.000000	1.000000	1.000172	0.000013	1.000048	0.000324	0.999553	0.000082	0.999825	0.000136	1.006038	0.000013	0.998254	0.000013	1357210215.692764	1.000013	37.490521	23.950797	6.192241	0.999988	0.000130	1.000000	1.000000	1.000000	1.000000	0.999471	0.000037	1.000358	0.000032	1.000248	0.000045	1.003339	0.000012	0.998115	0.000012	
1357210216.692542	0.999999	37.842169	24.370552	7.335533	1.000000	1.000000	1.000000	1.000000	1.000210	0.000060	0.999887	0.000377	1.000344	0.000121	0.999996	0.000401	0.998386	0.000044	1.000512	0.000047	1357210216.692758	0.999994	37.505808	23.974539	6.105917	0.999766	0.000026	1.000000	1.000000	1.000000	1.000000	1.000207	0.000071	0.999273	0.000065	1.000320	0.000012	0.999415	0.000059	1.000069	0.000045	
1357210217.692543	1.000001	37.857309	24.402794	7.205270	1.000000	1.000000	1.000000	1.000000	0.999294	0.000013	1.000047	0.000338	1.000448	0.000082	1.000926	0.000108	1.002033	0.000013	1.001136	0.000013	1357210217.692758	1.000000	37.495270	23.999435	5.934418	0.999933	0.000126	1.000000	1.000000	1.000000	1.000000	1.000867	0.000036	1.001040	0.000034	1.000197	0.000045	1.002085	0.000012	0.999581	0.000012	
1357210218.692542	0.999999	37.871725	24.415642	7.234077	1.000000	1.000000	1.000000	1.000000	0.996401	0.000058	0.999923	0.000352	0.999975	0.002122	0.998569	0.000101	0.997182	0.000047	1.000050	0.000046	1357210218.692763	1.000005	37.551905	24.038835	5.998368	1.000360	0.000027	1.000000	1.000000	1.000000	1.000000	0.999449	0.000097	0.999977	0.000067	0.997675	0.000012	0.999475	0.000046	0.999645	0.000044	
1357210219.692542	1.000000	37.838715	24.383835	7.315613	1.000000	1.000000	1.000000	1.000000	1.009443	0.000021	1.000114	0.000305	0.999698	0.000082	0.999786	0.000113	1.003541	0.000013	0.997263	0.000013	1357210219.692762	0.999999	37.525289	24.017616	5.927572	0.999969	0.000159	1.000000	1.000000	1.000000	1.000000	1.000481	0.000036	1.000000	0.000033	0.999882	0.000046	1.002331	0.000012	1.000808	0.000012	
1357210220.692543	1.000001	40.237633	26.781392	7.223641	1.000000	1.000000	1.000000	1.000000	0.999913	0.002526	1.000001	0.002670	1.000006	0.002169	1.000043	0.002185	1.000024	0.001671	1.000006	0.001883	1357210220.692760	0.999998	37.557216	24.049057	5.933605	0.999942	0.000199	1.000000	1.000000	1.000000	1.000000	0.999975	0.000311	1.000000	0.004062	1.000695	0.000011	0.999500	0.000052	0.999766	0.000046	
1357210221.692542	0.999999	30.915435	17.469758	7.986855	0.999892	0.002558	1.000000	1.000000	1.023184	0.000008	0.999969	0.004210	0.999895	0.000084	0.999919	0.000442	0.991684	0.000014	1.009300	0.000008	1357210221.692797	1.000037	43.890666	30.350517	5.950860	1.000001	0.999465	1.000000	1.000000	1.000000	1.000000	0.999785	0.000036	1.000048	0.000032	1.000035	0.000044	1.001736	0.000012	1.003062	0.000012	
1357210222.692542	1.000000	33.199066	19.773163	7.828049	1.000000	0.347542	1.000000	1.000000	0.991882	0.000065	1.000155	0.001056	0.999900	0.000120	0.999917	0.002171	0.992033	0.000051	0.988475	0.000053	1357210222.692760	0.999963	41.705216	28.167316	5.951697	0.999999	0.653559	1.000000	1.000000	1.000000	1.000000	0.999978	0.000070	0.999870	0.000071	1.000550	0.000012	0.999563	0.000044	1.000266	0.000045	
1357210223.692543	1.000001	37.810679	24.353706	7.394265	1.000000	1.000000	1.000000	1.000000	0.999759	0.000014	0.999904	0.000304	0.992725	0.000106	1.001055	0.000109	1.000478	0.000015	1.002093	0.000014	1357210223.692762	1.000002	37.513509	23.995651	5.941456	0.999040	0.000124	1.000000	1.000000	1.000000	1.000000	1.000018	0.000063	0.999798	0.000034	0.988546	0.000046	1.002968	0.000012	0.999676	0.000012	
1357210224.692542	0.999999	37.838613	24.379265	7.342750	1.000000	1.000000	1.000000	1.000000	1.006474	0.000076	0.999637	0.000373	1.005036	0.000150	0.999713	0.000114	1.008016	0.000060	1.007937	0.000063	1357210224.692766	1.000004	37.526001	24.011225	5.932868	1.003359	0.000036	1.000000	1.000000	1.000000	1.000000	0.999949	0.000091	1.000110	0.000087	1.025739	0.000020	0.999291	0.000069	0.988526	0.000060	
1357210225.692543	1.000001	37.842508	24.382820	7.313485	1.000000	1.000000	1.000001	1.000000	1.000986	0.000022	0.999959	0.000339	1.000506	0.000082	1.000317	0.000135	1.001221	0.000013	1.005052	0.000013	1357210225.692761	0.999995	37.513936	24.013746	5.954009	0.999968	0.000317	1.000000	1.000000	1.000000	1.000000	0.999456	0.000038	1.000275	0.000032	1.000053	0.000044	1.002993	0.000007	1.045928	0.000015	
1357210226.692543	1.000000	37.841660	24.375519	7.309494	1.000000	1.000000	1.000000	1.000000	0.996451	0.000059	0.999961	0.000371	0.999956	0.000122	0.999983	0.000396	1.000192	0.000046	0.995952	0.000046	1357210226.692762	1.000001	37.547175	24.027092	6.037043	0.999823	0.000022	1.000000	1.000000	1.000000	1.000000	1.000212	0.000073	0.999886	0.000068	1.000277	0.000011	1.000321	0.000049	1.000335	0.000044	
1357210227.692542	0.999999	37.846868	24.389534	7.264594	1.000001	1.000000	1.000000	1.000000	1.014395	0.000013	0.999960	0.000324	1.000057	0.000081	0.999949	0.000114	1.005970	0.000013	1.008111	0.000013	1357210227.692764	1.000002	37.566548	24.056747	5.915730	0.999970	0.000374	1.000000	1.000000	1.000000	1.000000	0.999843	0.000037	0.999635	0.000034	1.000085	0.000045	0.997569	0.000012	0.997717	0.000012	
1357210228.692543	1.000001	22.426447	9.227225	4.302150	0.999827	0.283377	0.999934	0.283141	0.828658	0.000104	0.650476	0.000515	0.926128	0.002421	0.743744	0.000138	0.998424	0.000045	0.795395	0.000088	1357210228.692916	1.000152	31.227458	17.934894	2.435283	1.000086	0.000027	0.999999	0.282864	1.000000	1.000000	1.000140	0.000141	1.000089	0.000086	0.999167	0.000018	0.999754	0.000067	1.000122	0.000060	
1357210229.692542	0.999999	17.188310	4.034000	3.298785	0.553459	0.000099	0.573106	0.000022	0.585352	0.000022	0.527610	0.000537	0.579486	0.000173	0.625671	0.000181	0.665403	0.000020	0.579126	0.000020	1357210229.692992	1.000076	29.492889	16.236863	1.839185	0.999963	0.003032	1.000264	0.000012	1.000000	1.000000	0.999967	0.000047	1.000017	0.000047	1.000029	0.000066	0.999871	0.000012	0.997937	0.000012	
1357210230.692628	1.000086	21.229572	8.064064	3.319218	0.999903	0.329461	0.724263	0.000073	0.720104	0.000075	0.623958	0.000616	0.892633	0.000144	0.661076	0.000205	0.940715	0.000045	0.725378	0.000062	1357210230.692848	0.999856	25.472876	12.217763	2.006148	0.996906	0.003783	0.994785	0.000054	0.999963	0.670412	0.834814	0.000094	0.990669	0.000928	0.666681	0.000018	0.990090	0.000051	0.989175	0.000049	
1357210231.692556	0.999928	29.444717	16.296538	3.094736	1.000000	1.000000	1.003435	0.000012	0.999985	0.000026	0.999944	0.000318	0.999913	0.000084	1.000036	0.000444	1.003553	0.000011	1.001180	0.000012	1357210231.692773	0.999925	16.964134	3.723790	1.776531	0.626164	0.000083	0.543226	0.000029	0.654216	0.000110	0.719656	0.000061	0.679097	0.000055	0.745259	0.000068	0.545511	0.000028	0.638674	0.000025	
1357210232.692548	0.999992	29.507075	16.345195	3.149440	1.000000	1.000000	0.999926	0.000094	0.999708	0.000061	0.999974	0.000351	1.000051	0.000136	0.999872	0.000160	0.999389	0.000051	0.999617	0.000053	1357210232.692765	0.999992	17.062913	3.829041	1.754760	0.479064	0.000055	0.676111	0.000085	0.511384	0.000037	0.645410	0.000122	0.673659	0.000109	0.685426	0.000018	0.788865	0.000077	0.722570	0.000067	
1357210233.692581	1.000033	25.226907	12.065994	3.975333	0.999959	0.609791	0.937991	0.000007	0.667042	0.000018	0.592834	0.006784	0.770209	0.000146	0.996455	0.000120	0.656222	0.000016	0.672765	0.000017	1357210233.692922	1.000157	21.739672	8.506354	2.255627	0.999912	0.390587	1.020954	0.000012	0.685610	0.000114	0.798717	0.000084	0.727355	0.000058	0.739141	0.000066	0.813445	0.000015	1.050087	0.000012	
1357210234.692627	1.000046	22.268858	9.105035	4.393215	0.999917	0.361472	0.739352	0.000081	0.714067	0.000077	0.577749	0.008221	0.878484	0.000147	0.571754	0.000169	0.997499	0.000042	0.703332	0.000063	1357210234.692839	0.999917	24.615934	11.386153	2.345593	0.999937	0.638522	0.995926	0.000065	0.747608	0.000027	0.796912	0.000088	0.988628	0.000782	0.656215	0.000018	0.990304	0.000052	0.989411	0.000051	
1357210235.692542	0.999915	29.491768	16.331010	3.800052	1.000000	1.000000	0.999674	0.000012	0.999822	0.000039	0.999948	0.000291	1.000006	0.001366	1.000119	0.000162	1.000450	0.000012	0.998869	0.000012	1357210235.692747	0.999908	17.272342	4.024189	2.182131	0.573459	0.004476	0.628265	0.000025	0.724312	0.000074	0.728289	0.000060	0.659045	0.000061	0.713215	0.000075	0.631465	0.000026	0.647097	0.000024	
1357210236.692548	1.000006	29.692755	16.533898	3.286357	1.000000	1.000000	1.000830	0.000633	1.006520	0.000086	0.999900	0.001785	1.000104	0.004652	0.999971	0.001718	1.006301	0.000083	1.007251	0.000076	1357210236.692756	1.000009	16.972564	3.744183	2.256785	0.510375	0.000086	0.629301	0.000130	0.563127	0.000069	0.627748	0.000165	0.623789	0.000146	0.572736	0.000048	0.680209	0.000106	0.642730	0.000109	
1357210237.692542	0.999994	29.611993	16.451453	3.439062	1.000000	1.000000	0.998360	0.000007	0.999595	0.000018	0.999983	0.004550	0.999810	0.000083	0.999821	0.000114	0.996980	0.000012	0.997692	0.000012	1357210237.692758	1.000002	16.896940	3.682580	2.717463	0.659853	0.000079	0.553191	0.000020	0.727520	0.000069	0.738705	0.000061	0.658548	0.000058	0.711598	0.000069	1.015185	0.000008	0.531670	0.000035	
1357210238.692551	1.000009	20.927835	7.763693	4.561757	0.988583	0.260597	0.783030	0.000078	0.753261	0.000076	0.622822	0.000555	0.925328	0.002295	0.952069	0.001118	0.910529	0.000047	0.758534	0.000070	1357210238.692967	1.000209	25.953817	12.708006	2.718578	0.999977	0.746496	1.003545	0.000077	1.009580	0.000029	0.872433	0.000137	1.002500	0.000089	1.020318	0.000012	0.930611	0.000076	0.950524	0.000061	
1357210239.692542	0.999991	18.437209	5.265169	6.220073	0.555119	0.015850	0.699553	0.000018	0.568662	0.000020	0.520389	0.000507	0.551966	0.000136	0.590447	0.000177	0.551520	0.000020	0.707087	0.000018	1357210239.692838	0.999871	29.011097	15.776251	2.727067	1.000000	1.000000	0.999513	0.000011	1.000585	0.000051	1.000598	0.000043	1.000678	0.000046	1.000178	0.000054	1.001741	0.000012	0.999134	0.000012	
1357210240.692541	0.999999	18.070955	4.890691	5.269857	0.566825	0.010136	0.713638	0.000073	0.732323	0.000075	0.543243	0.000576	0.687768	0.000168	0.590702	0.000377	0.998637	0.000042	0.727251	0.000059	1357210240.692930	1.000092	29.059154	15.810297	2.769810	1.000000	1.000000	0.999872	0.000060	0.999892	0.000021	0.999984	0.000545	0.999968	0.000072	0.998718	0.000012	0.999686	0.000061	0.999659	0.000059	
1357210241.692548	1.000007	27.512414	14.347420	4.493896	0.999978	0.843215	0.775414	0.000014	0.771743	0.000015	0.858426	0.000388	1.005038	0.000080	0.965665	0.000440	1.037842	0.000012	1.033514	0.000012	1357210241.692777	0.999847	19.300821	6.062268	2.698075	0.985586	0.161971	0.612541	0.000024	0.746718	0.000076	0.977021	0.001172	0.716236	0.000064	0.758342	0.000075	0.612473	0.000025	0.670051	0.000018	
1357210242.692580	1.000032	26.596486	13.439283	4.012964	0.999949	0.754802	0.999661	0.001211	0.925644	0.000073	0.830982	0.000424	0.943081	0.000921	0.999854	0.003105	0.991696	0.000050	0.991889	0.000056	1357210242.692916	1.000139	20.133707	6.906572	2.719837	0.996115	0.247740	0.680184	0.000086	0.617971	0.000032	0.761627	0.000111	0.661747	0.000107	1.022704	0.000012	0.746446	0.000068	0.776437	0.000067	
1357210243.692549	0.999969	18.011590	4.826611	4.955049	0.596272	0.010452	0.647257	0.000055	0.628406	0.000064	0.532150	0.000506	0.563554	0.000170	0.601791	0.000165	0.700595	0.000018	0.703193	0.000018	1357210243.692969	1.000053	28.998221	15.760946	2.726266	1.000000	1.000000	0.999502	0.000012	1.000030	0.000051	0.999974	0.000074	1.000032	0.000036	0.999913	0.000058	1.004068	0.000012	0.999706	0.000012	
1357210244.692541	0.999992	18.032861	4.860025	5.080760	0.598517	0.010982	0.725559	0.000068	0.609124	0.000097	0.545825	0.000569	0.616328	0.000181	0.560515	0.000127	0.915530	0.000045	0.654688	0.000068	1357210244.692992	1.000023	29.018486	15.777273	2.731841	1.000000	1.000000	1.000239	0.000066	0.999943	0.000020	0.999966	0.000092	0.999974	0.000073	0.999199	0.000012	0.999793	0.000060	0.999643	0.000045	
1357210245.692548	1.000007	29.587594	16.208064	6.867750	0.989949	0.031183	0.999999	0.002965	0.997901	0.001926	0.989833	0.001831	0.999233	0.001667	1.000100	0.001919	0.997211	0.001489	0.996730	0.001255	1357210245.692748	0.999756	29.398558	15.882566	5.670756	1.000000	1.000000	1.000096	0.000012	0.999904	0.000044	0.999990	0.000037	0.999996	0.004117	1.000379	0.000046	0.996574	0.000012	1.000709	0.000012	
1357210246.692543	0.999995	26.375346	12.970814	7.151632	0.989367	0.030140	0.988360	0.003061	0.998137	0.000054	0.914448	0.000202	0.969791	0.001227	0.999527	0.000449	0.971961	0.000205	1.000767	0.000043	1357210246.692796	1.000048	29.381160	15.860110	5.894508	1.000000	1.000000	0.999959	0.000056	0.999980	0.000019	0.999973	0.000070	1.000488	0.000067	0.999061	0.000012	1.000579	0.000045	0.999907	0.000046	
1357210247.692543	1.000000	715803498.272629	715776107.821533	715818645.416336	0.999901	1.000645	0.999901	1.000658	0.999910	1.000649	0.999903	1.000656	0.999902	1.000651	0.999903	1.000640	0.999902	1.000655	0.999902	1.000655	1357210247.692638	0.999842	715876903.463834	715885675.732133	715936408.603559	0.999900	1.000646	0.999899	1.000648	3.899122	0.256612	0.999901	1.000645	0.999903	1.000656	0.999904	1.000648	0.999903	1.000660	0.999902	1.000651	
1357210248.692542	0.999999	0.000000	0.000000	0.000000	-nan	-nan	-nan	-nan	0.000000	inf	-nan	-nan	-nan	0.000000	0.000000	inf	-nan	-nan	-nan	-nan	1357210248.692628	0.999990	0.000000	0.000000	0.000000	-nan	-nan	-nan	-nan	0.000000	inf	-nan	-nan	-nan	-nan	-nan	-nan	-nan	-nan	-nan	-nan	
