ts_0	elapsed_0	pkg_0	pp0_0	dram_0	freq_ratio_0_0	c0_ratio_0_0	freq_ratio_0_1	c0_ratio_0_1	freq_ratio_0_2	c0_ratio_0_2	freq_ratio_0_3	c0_ratio_0_3	freq_ratio_0_4	c0_ratio_0_4	freq_ratio_0_5	c0_ratio_0_5	freq_ratio_0_6	c0_ratio_0_6	freq_ratio_0_7	c0_ratio_0_7	ts_1	elapsed_1	pkg_1	pp0_1	dram_1	freq_ratio_1_0	c0_ratio_1_0	freq_ratio_1_1	c0_ratio_1_1	freq_ratio_1_2	c0_ratio_1_2	freq_ratio_1_3	c0_ratio_1_3	freq_ratio_1_4	c0_ratio_1_4	freq_ratio_1_5	c0_ratio_1_5	freq_ratio_1_6	c0_ratio_1_6	freq_ratio_1_7	c0_ratio_1_7	
1353355200.061383	1.002028	41.164444	27.566075	5.503914	1.155231	0.335581	1.153772	0.329158	1.154153	0.329431	1.155309	0.334760	1.153562	0.330181	1.155466	0.334602	1.154983	0.332734	1.154552	0.330206	1353355200.061610	1.000507	40.638129	27.334130	5.271237	1.000001	0.851332	0.999895	0.851370	1.001485	0.000118	1.005154	0.000032	0.834361	0.000110	1.000580	0.000234	1.004168	0.000087	0.999881	0.851902	
1353355201.061361	0.999978	43.165650	29.539710	5.989923	0.999880	0.996330	0.999952	0.996189	0.999945	0.996202	0.999230	0.000555	0.993486	0.000119	0.988385	0.000044	1.000281	0.000136	0.995380	0.000119	1353355201.061589	0.999979	43.744921	30.384488	6.019291	1.000000	0.996363	1.000000	0.996514	0.997493	0.000047	0.993761	0.000081	0.995538	0.000120	1.000394	0.000106	1.006864	0.000007	1.000000	1.000000	
1353355202.061360	0.999999	43.479824	29.840864	5.986410	1.000000	1.000000	1.000000	1.000000	1.000000	1.000000	1.000133	0.001579	1.000046	0.017429	1.005172	0.000075	1.004132	0.000073	1.000583	0.000867	1353355202.061584	0.999995	43.919501	30.557343	6.005706	1.000000	1.000000	1.000000	1.000000	1.000066	0.001181	1.000103	0.004724	1.004979	0.000099	1.000379	0.000153	0.993429	0.000071	1.000000	1.000000	
1353355203.061361	1.000001	43.767155	30.143404	5.991022	0.999988	0.999599	0.999977	0.999674	0.999969	0.999690	1.000000	0.071558	0.999301	0.001322	1.007815	0.000043	1.000719	0.000144	1.000086	0.000126	1353355203.061588	1.000004	43.815939	30.451827	5.998679	1.000000	0.999682	1.000000	0.999692	0.999289	0.000053	1.000036	0.000063	1.000416	0.000116	0.998991	0.000095	1.014215	0.000032	1.000000	1.000000	
1353355204.061360	0.999999	43.362773	29.721540	5.990103	1.000000	1.000000	1.000000	1.000000	1.000000	1.000000	0.997494	0.000156	1.000091	0.000470	0.996138	0.000054	0.998225	0.000047	1.000080	0.000213	1353355204.061587	0.999999	43.832134	30.464415	5.988272	1.000000	1.000000	1.000000	1.000000	1.000534	0.000068	0.998066	0.000007	0.999273	0.000066	1.000075	0.000139	0.999938	0.000068	1.000000	1.000000	
1353355205.061360	1.000000	43.359650	29.722458	5.991455	0.999964	0.998830	0.999969	0.998814	0.999969	0.998812	1.000677	0.000252	1.000618	0.000418	0.999342	0.000043	1.001271	0.000123	0.999980	0.000158	1353355205.061586	0.999999	43.845501	30.475066	6.008383	1.000000	0.998835	1.000000	0.998820	0.999528	0.000021	1.000039	0.000098	1.000216	0.000137	1.000270	0.000143	1.001539	0.000007	1.000000	1.000000	
1353355206.061360	1.000000	43.367416	29.727646	5.998718	1.000000	1.000000	1.000000	1.000000	1.000000	1.000000	0.998244	0.000186	0.999644	0.000352	1.004084	0.000057	1.002277	0.000094	1.001036	0.000185	1353355206.061584	0.999998	43.863685	30.492688	5.993496	1.000000	1.000000	1.000000	1.000000	1.000200	0.000067	1.003253	0.000007	0.999913	0.000075	0.999648	0.000129	1.000093	0.000070	1.000000	1.000000	
1353355207.061361	1.000001	43.383595	29.745333	5.980249	1.000001	0.999943	1.000000	1.000000	1.000000	1.000000	0.999675	0.000225	1.000095	0.000437	0.994867	0.000043	0.998447	0.000136	0.999324	0.000116	1353355207.061585	1.000001	43.871540	30.502870	5.999445	1.000000	0.999975	1.000000	1.000000	0.997593	0.000019	0.999850	0.000098	1.000195	0.000121	0.998410	0.000097	1.000171	0.000007	1.000000	1.000000	
1353355208.061360	0.999999	43.378566	29.736906	5.988668	0.999986	0.999706	0.999987	0.999705	0.999978	0.999721	1.004028	0.000160	1.000110	0.000815	1.000306	0.000063	1.000208	0.000054	0.999549	0.000262	1353355208.061590	1.000005	43.884042	30.511993	5.989609	1.000000	0.999762	1.000000	1.000000	1.000424	0.000065	0.984114	0.000007	0.999646	0.000062	1.001334	0.000138	0.999853	0.000066	1.000000	1.000000	
1353355209.061361	1.000001	43.381077	29.737276	5.997553	1.000000	0.999991	1.000000	0.999992	1.000000	0.999992	0.998051	0.000251	0.998969	0.000403	0.995666	0.000044	0.998270	0.000112	1.000004	0.002360	1353355209.061586	0.999996	43.856242	30.499269	5.987207	1.000000	1.000000	1.000000	1.000000	1.000614	0.000019	1.001358	0.000085	0.999912	0.000119	0.999792	0.000106	0.996488	0.000007	1.000000	1.000000	
1353355210.061360	0.999999	43.389552	29.746046	5.987127	1.000000	1.000000	1.000000	1.000000	1.000000	1.000000	1.000315	0.000173	1.000177	0.000344	1.003346	0.000055	1.000099	0.000047	0.999985	0.000209	1353355210.061588	1.000002	43.927681	30.556720	5.999439	1.000000	1.000000	1.000000	1.000000	0.999722	0.000062	1.000283	0.000007	1.000279	0.000064	0.999913	0.000173	1.000383	0.000069	1.000000	1.000000	
1353355211.061361	1.000001	43.365636	29.735720	5.968683	1.000000	1.000000	1.000000	1.000000	1.000001	1.000000	0.999579	0.000269	1.000450	0.000517	0.999813	0.000043	1.001188	0.000145	0.999888	0.000117	1353355211.061583	0.999995	43.941031	30.570115	5.987213	1.000000	1.000000	1.000000	1.000000	0.994381	0.000021	0.999951	0.000087	0.999997	0.000123	1.000101	0.000099	1.001091	0.000007	1.000000	1.000000	
1353355212.061359	0.999998	43.381079	29.740551	5.986126	0.999986	0.999869	0.999987	0.999868	0.999978	0.999885	1.000480	0.000174	0.999749	0.000308	0.999811	0.000055	0.996463	0.000049	0.999942	0.000185	1353355212.061579	0.999996	43.905390	30.532350	6.001520	1.000000	0.999923	1.000000	1.000000	1.001646	0.000064	0.999608	0.000007	1.000006	0.000062	0.999991	0.000133	0.999501	0.000066	1.000000	1.000000	
1353355213.061361	1.000002	43.389825	29.748692	5.988483	1.000000	0.999801	1.000000	0.999759	1.000000	0.999756	1.002271	0.000225	0.999600	0.000912	0.986963	0.000044	0.996958	0.000104	0.994944	0.000114	1353355213.061590	1.000011	43.870124	30.499254	5.991359	1.000000	0.999815	1.000000	0.999810	0.999802	0.000021	0.994383	0.000086	0.995781	0.000116	1.000005	0.000149	1.002783	0.000007	1.000000	1.000000	
1353355214.061361	1.000000	44.181198	30.538071	5.980057	1.000000	0.999957	1.000000	0.999909	1.000000	0.999941	0.999876	0.003195	1.000141	0.003343	1.000249	0.002937	1.000221	0.003129	1.000265	0.002931	1353355214.061555	0.999965	44.406265	31.031468	6.000348	1.000000	0.999976	1.000000	1.000000	0.999940	0.002787	1.000170	0.002757	1.000103	0.003781	1.000023	0.002957	0.999955	0.002782	1.000000	1.000000	
1353355215.061362	1.000001	43.391148	29.748080	5.991114	0.999999	0.999909	1.000000	0.999893	1.000000	0.999891	1.000206	0.000236	1.000152	0.000416	0.996234	0.000043	0.996631	0.000112	0.997682	0.000155	1353355215.061585	1.000030	43.923226	30.548292	5.979114	1.000000	0.999912	1.000000	1.000000	0.984766	0.000022	0.999765	0.000070	1.000236	0.000121	0.999625	0.000144	1.002565	0.000040	1.000000	1.000000	
1353355216.061362	1.000000	43.382507	29.739120	5.961731	1.000001	0.999871	1.000000	0.999828	1.000000	0.999856	0.997554	0.000156	0.999676	0.000342	1.003950	0.000058	0.999766	0.000086	1.000909	0.000171	1353355216.061586	1.000001	43.885716	30.508745	5.989328	1.000000	0.999886	1.000000	1.000000	0.999741	0.000071	0.988518	0.000007	1.000137	0.000059	0.999983	0.000140	1.000365	0.000072	1.000000	1.000000	
1353355217.061362	1.000000	43.341736	29.700638	5.983017	1.000000	0.999566	1.000000	0.999542	1.000000	0.999541	1.003098	0.000232	1.000556	0.000495	0.995105	0.000043	1.001440	0.000103	0.999183	0.000115	1353355217.061581	0.999995	43.874777	30.500580	6.000930	1.000000	0.999566	1.000000	0.999543	1.004330	0.000024	1.001294	0.000077	0.999716	0.000130	1.000039	0.000099	0.995809	0.000007	1.000000	1.000000	
1353355218.061360	0.999998	43.374854	29.734859	5.998959	1.000000	0.999686	1.000000	0.999723	1.000000	0.999723	0.997676	0.000157	0.999090	0.000800	0.996404	0.000058	0.997682	0.000054	1.000502	0.000178	1353355218.061591	1.000010	43.840076	30.478043	5.992738	1.000000	0.999748	1.000000	1.000000	1.000623	0.000063	1.001350	0.000007	0.999940	0.000064	0.999809	0.000135	0.999951	0.000071	1.000000	1.000000	
1353355219.061362	1.000002	43.381936	29.744175	5.984104	1.000000	0.999874	1.000000	1.000000	1.000000	0.999992	0.998821	0.000213	1.001297	0.000408	1.004339	0.000044	0.999858	0.000114	1.000001	0.002345	1353355219.061601	1.000010	43.892718	30.517578	5.970582	1.000000	0.999883	1.000000	0.999992	0.996267	0.000022	0.999629	0.000081	1.000277	0.000127	1.000222	0.000103	1.000686	0.000007	1.000000	1.000000	
1353355220.061361	0.999999	43.315639	29.678007	5.983282	1.000000	0.997999	1.000000	0.998167	1.000000	0.998148	1.002057	0.000156	0.999821	0.000316	1.000290	0.000054	1.000316	0.000048	0.999901	0.000211	1353355220.061584	0.999983	43.848109	30.473325	5.986185	1.000000	0.998198	1.000000	0.998426	0.998757	0.000067	1.003502	0.000007	0.999298	0.000062	0.999975	0.000186	1.000111	0.000073	1.000000	1.000000	
1353355221.061361	1.000000	43.310303	29.685318	5.998322	1.000000	0.999918	1.000000	0.999939	1.000000	0.999946	1.001480	0.000225	1.000594	0.000395	0.999637	0.000044	0.999626	0.000125	0.998722	0.000120	1353355221.061582	0.999998	43.895775	30.521100	5.979717	1.000000	0.999943	1.000000	1.000000	0.992733	0.000023	0.999532	0.000075	1.000188	0.000127	0.999892	0.000100	0.997681	0.000007	1.000000	1.000000	
1353355222.061365	1.000004	43.350288	29.712587	5.990958	1.000000	1.000000	1.000000	1.000000	1.000000	1.000000	0.996892	0.000168	0.998976	0.000366	0.999905	0.000057	1.003613	0.000055	0.999799	0.000194	1353355222.061599	1.000017	43.874532	30.499377	5.976934	1.000000	1.000000	1.000000	1.000000	1.000931	0.000068	1.003154	0.000007	0.999619	0.000061	0.999899	0.000138	1.000173	0.000069	1.000000	1.000000	
1353355223.061362	0.999997	43.334164	29.697114	5.979480	1.000000	0.997870	1.000000	0.997811	1.000000	0.997819	1.000699	0.000221	0.999623	0.000800	1.000174	0.000044	0.999935	0.000112	1.001419	0.000114	1353355223.061590	0.999991	43.845154	30.470643	6.003137	1.000000	0.997840	1.000000	0.997815	1.005049	0.000023	0.999911	0.000078	0.999622	0.000137	0.999946	0.000101	0.995105	0.000007	1.000000	1.000000	
1353355224.061361	0.999999	43.355953	29.714933	6.005102	1.000000	1.000000	1.000000	1.000000	1.000000	1.000000	1.000766	0.000167	1.001634	0.000303	1.000108	0.000057	0.999522	0.000050	1.000178	0.000184	1353355224.061591	1.000001	43.831959	30.458040	5.989939	1.000000	1.000000	1.000000	1.000000	0.999369	0.000066	0.998834	0.000007	1.001029	0.000061	0.999960	0.000134	1.000640	0.000071	1.000000	1.000000	
1353355225.061361	1.000000	43.336075	29.694733	5.972626	1.000000	1.000000	1.000001	1.000000	1.000000	1.000000	0.999430	0.000214	1.000085	0.000397	0.986529	0.000044	0.995525	0.000096	0.996120	0.000155	1353355225.061583	0.999992	43.844227	30.469989	5.995044	1.000000	1.000000	1.000000	1.000000	1.003146	0.000045	0.992107	0.000075	1.000244	0.000123	1.000178	0.000150	0.998361	0.000007	1.000000	1.000000	
1353355226.061361	1.000000	43.355133	29.717422	5.984421	1.000000	0.999778	1.000000	0.999807	1.000000	0.999808	1.000708	0.000210	1.000228	0.000382	1.003848	0.000155	1.000816	0.000370	1.001116	0.000512	1353355226.061584	1.000001	43.839726	30.466768	6.004724	1.000000	0.999833	1.000000	1.000000	1.000765	0.000227	1.007468	0.000081	0.999592	0.000103	1.000218	0.000202	0.993690	0.000101	1.000000	1.000000	
1353355227.061362	1.000001	43.359105	29.723498	5.975000	1.000000	0.999783	1.000000	0.999773	1.000000	0.999756	1.000115	0.000866	0.999447	0.000410	0.999838	0.000045	1.000896	0.000107	1.000084	0.000114	1353355227.061588	1.000004	43.868002	30.492461	5.985282	1.000000	0.999797	1.000000	1.000000	0.997428	0.000054	0.998015	0.000060	1.000064	0.000126	0.998281	0.000093	1.020014	0.000032	1.000000	1.000000	
1353355228.061362	1.000000	43.362625	29.726151	5.993576	1.000000	0.999941	1.000000	1.000000	1.000000	0.999922	0.997961	0.000168	0.999517	0.000890	1.000131	0.000056	1.000680	0.000050	0.999977	0.000169	1353355228.061581	0.999993	43.870054	30.495267	5.983608	1.000000	0.999947	1.000000	1.000000	0.999952	0.000112	1.016851	0.000007	1.000415	0.000064	1.000816	0.000128	0.999465	0.000075	1.000000	1.000000	
1353355229.061361	0.999999	43.363399	29.724134	5.983221	1.000000	0.999927	1.000000	0.999929	1.000000	0.999934	1.001627	0.000203	1.001540	0.000430	1.000071	0.000043	0.998716	0.000104	1.000001	0.002565	1353355229.061591	1.000010	43.827183	30.465073	5.971345	1.000000	0.999942	1.000000	1.000000	0.992933	0.000021	0.999917	0.000074	1.000090	0.000124	1.000236	0.000103	1.003276	0.000007	1.000000	1.000000	
1353355230.061361	1.000000	43.340134	29.703720	5.987442	1.000000	0.999107	1.000000	0.999062	1.000000	0.999082	1.000203	0.000171	1.000034	0.000332	0.999519	0.000056	1.000059	0.000053	0.999995	0.000428	1353355230.061586	0.999995	43.898398	30.523819	5.994430	1.000000	0.999084	1.000000	0.999061	1.002330	0.000063	1.000386	0.000007	0.999797	0.000064	0.999805	0.000180	1.000245	0.000069	1.000000	1.000000	
1353355231.061361	1.000000	43.318176	29.697464	5.970856	1.000000	1.000000	1.000000	1.000000	1.000000	1.000000	0.996942	0.000229	0.999855	0.000354	1.000133	0.000043	0.996703	0.000145	0.999727	0.000110	1353355231.061583	0.999997	43.884184	30.508502	5.964832	1.000000	1.000000	1.000000	1.000000	0.993218	0.000022	0.999556	0.000074	1.000207	0.000151	0.999908	0.000105	1.000570	0.000007	1.000000	1.000000	
1353355232.061358	0.999997	715764880.353597	715778022.499433	715773732.383169	0.999961	1.000494	0.999960	1.000501	0.999962	1.000506	0.999961	1.000495	0.999962	1.000501	0.999964	1.000492	0.999962	1.000499	0.999962	1.000498	1353355232.061462	0.999879	715902689.525835	715896125.893177	715888347.484316	0.999961	1.000495	0.999959	1.000498	3.894934	0.256864	0.999961	1.000494	0.999962	1.000502	0.999964	1.000493	0.999961	1.000497	0.999962	1.000500	
1353355233.061431	1.000073	0.000000	0.000000	0.000000	-nan	-nan	-nan	-nan	1.000008	inf	-nan	-nan	-nan	0.000000	-nan	-nan	-nan	-nan	-nan	-nan	1353355233.061512	1.000050	0.000000	0.000000	0.000000	-nan	-nan	-nan	-nan	1.345745	inf	-nan	-nan	-nan	-nan	-nan	-nan	-nan	-nan	-nan	-nan	
