ts_0	elapsed_0	pkg_0	pp0_0	dram_0	freq_ratio_0_0	c0_ratio_0_0	freq_ratio_0_1	c0_ratio_0_1	freq_ratio_0_2	c0_ratio_0_2	freq_ratio_0_3	c0_ratio_0_3	freq_ratio_0_4	c0_ratio_0_4	freq_ratio_0_5	c0_ratio_0_5	freq_ratio_0_6	c0_ratio_0_6	freq_ratio_0_7	c0_ratio_0_7	ts_1	elapsed_1	pkg_1	pp0_1	dram_1	freq_ratio_1_0	c0_ratio_1_0	freq_ratio_1_1	c0_ratio_1_1	freq_ratio_1_2	c0_ratio_1_2	freq_ratio_1_3	c0_ratio_1_3	freq_ratio_1_4	c0_ratio_1_4	freq_ratio_1_5	c0_ratio_1_5	freq_ratio_1_6	c0_ratio_1_6	freq_ratio_1_7	c0_ratio_1_7	
1353401537.703408	1.001541	51.590914	38.365199	3.452352	1.238009	0.990608	1.230562	0.807023	1.230762	0.803911	1.214460	0.000335	1.201755	0.000107	1.229695	0.004344	1.166987	0.000072	1.206785	0.000200	1353401537.703674	1.000698	48.296820	35.104141	1.594895	1.230636	0.805127	1.230771	0.804870	0.983186	0.000165	0.808913	0.000217	0.760991	0.000110	1.040105	0.000079	0.977415	0.000150	1.230744	0.805613	
1353401538.703404	0.999996	54.943506	41.690477	3.801605	1.230762	0.999914	1.230762	0.999914	1.230762	0.999914	1.224100	0.000272	1.219174	0.000057	1.229615	0.001562	1.221376	0.000043	1.223964	0.000200	1353401538.703719	1.000045	52.667945	39.465095	1.632205	1.230765	0.999956	1.230766	0.999956	1.230773	0.000044	1.230752	0.000079	1.230708	0.000044	1.229348	0.000010	1.230301	0.000010	1.230765	0.999956	
1353401539.703404	1.000000	55.138290	41.874908	3.797531	1.230755	0.999847	1.230755	0.999847	1.230756	0.999847	1.229931	0.003177	1.238443	0.000031	1.230850	0.000055	1.230669	0.000012	1.227087	0.000468	1353401539.703720	1.000001	52.833064	39.622078	1.584013	1.230763	0.999933	1.230763	0.999933	1.223260	0.000049	1.225220	0.000052	1.231350	0.000017	1.218097	0.000051	1.216910	0.000036	1.230763	0.999932	
1353401540.703403	0.999999	54.909461	41.631967	3.805073	1.230765	0.999956	1.230765	0.999956	1.230765	0.999956	1.229773	0.000242	1.228690	0.000045	1.230188	0.000028	1.237764	0.000055	1.232754	0.000212	1353401540.703722	1.000002	52.788275	39.574128	1.587521	1.230765	0.999955	1.230765	0.999955	1.231358	0.000078	1.230728	0.000094	1.230658	0.000060	1.257025	0.000024	1.246754	0.000031	1.230765	0.999957	
1353401541.703404	1.000001	54.971475	41.688834	3.794094	1.230760	0.999892	1.230760	0.999883	1.230760	0.999883	1.227463	0.000296	1.213569	0.000034	1.230548	0.000155	1.221170	0.000011	1.226629	0.000294	1353401541.703716	0.999994	52.843363	39.625770	1.590799	1.230761	0.999914	1.230761	0.999913	1.223713	0.000077	1.225542	0.000050	1.231309	0.000017	1.230277	0.000050	1.223784	0.000069	1.230761	0.999912	
1353401542.703403	0.999999	55.080070	41.797663	3.805225	1.230765	0.999955	1.230765	0.999955	1.230765	0.999955	1.230582	0.000246	1.225688	0.000043	1.231156	0.000053	1.235858	0.000039	1.230760	0.000207	1353401542.703716	1.000000	52.837662	39.618683	1.587845	1.230765	0.999955	1.230765	0.999955	1.230671	0.000048	1.230723	0.000056	1.230635	0.000051	1.233758	0.000009	1.239535	0.000005	1.230765	0.999956	
1353401543.703404	1.000001	55.163400	41.878271	3.804226	1.230553	0.999740	1.230554	0.999740	1.230554	0.999740	1.165314	0.003170	1.159451	0.002503	1.158896	0.002429	1.156171	0.002305	1.159395	0.002248	1353401543.703727	1.000011	52.932189	39.710685	1.577726	1.230570	0.999706	1.230570	0.999707	1.158769	0.002324	1.156883	0.002243	1.158935	0.002265	1.158510	0.002150	1.157573	0.002105	1.230570	0.999706	
1353401544.703404	1.000000	55.199478	41.912811	3.782791	1.230766	0.999957	1.230765	0.999956	1.230766	0.999956	1.230512	0.000225	1.222951	0.000033	1.230554	0.000049	1.230469	0.001097	1.232277	0.000392	1353401544.703715	0.999988	52.801106	39.599151	1.630116	1.230763	0.999934	1.230763	0.999934	1.230792	0.000048	1.231034	0.000049	1.230693	0.000069	1.206405	0.000016	1.207457	0.000016	1.230763	0.999934	
1353401545.703404	1.000000	55.348724	42.059204	3.793762	1.230760	0.999888	1.230759	0.999876	1.230760	0.999876	1.228793	0.000243	1.228598	0.001937	1.231227	0.000126	1.230774	0.002120	1.220770	0.000100	1353401545.703660	0.999945	52.932206	39.731864	1.590267	1.230763	0.999934	1.230763	0.999934	1.223284	0.000064	1.219415	0.000024	1.222297	0.000025	1.226399	0.000049	1.226623	0.000049	1.230763	0.999935	
1353401546.703404	1.000000	55.329910	42.048004	3.790039	1.230763	0.999933	1.230763	0.999933	1.230763	0.999932	1.231631	0.000223	1.231019	0.000035	1.222687	0.000047	1.230179	0.002217	1.224982	0.000254	1353401546.703719	1.000059	52.972985	39.757516	1.592130	1.230765	0.999957	1.230765	0.999957	1.235083	0.000047	1.230740	0.000036	1.235296	0.000046	1.255476	0.000009	1.245531	0.000010	1.230765	0.999954	
1353401547.703404	1.000000	715777055.621658	715809090.894470	715799760.514786	0.999953	1.000452	0.999953	1.000466	0.999955	1.000470	0.999954	1.000456	0.999956	1.000466	0.999956	1.000451	0.999955	1.000465	0.999954	1.000457	1353401547.703492	0.999773	715941427.394615	715968157.736074	715958308.452457	0.999953	1.000455	0.999952	1.000461	3.895403	0.256822	0.999954	1.000455	0.999956	1.000466	0.999957	1.000458	0.999955	1.000462	0.999956	1.000466	
1353401548.703403	0.999999	0.000000	0.000000	0.000000	-nan	-nan	-nan	-nan	0.000000	inf	-nan	-nan	-nan	0.000000	-nan	-nan	-nan	-nan	-nan	-nan	1353401548.703465	0.999973	0.000000	0.000000	0.000000	-nan	-nan	-nan	-nan	0.000000	inf	-nan	-nan	-nan	-nan	-nan	-nan	-nan	-nan	-nan	-nan	
