ts_0	elapsed_0	pkg_0	pp0_0	dram_0	freq_ratio_0_0	c0_ratio_0_0	freq_ratio_0_1	c0_ratio_0_1	freq_ratio_0_2	c0_ratio_0_2	freq_ratio_0_3	c0_ratio_0_3	freq_ratio_0_4	c0_ratio_0_4	freq_ratio_0_5	c0_ratio_0_5	freq_ratio_0_6	c0_ratio_0_6	freq_ratio_0_7	c0_ratio_0_7	ts_1	elapsed_1	pkg_1	pp0_1	dram_1	freq_ratio_1_0	c0_ratio_1_0	freq_ratio_1_1	c0_ratio_1_1	freq_ratio_1_2	c0_ratio_1_2	freq_ratio_1_3	c0_ratio_1_3	freq_ratio_1_4	c0_ratio_1_4	freq_ratio_1_5	c0_ratio_1_5	freq_ratio_1_6	c0_ratio_1_6	freq_ratio_1_7	c0_ratio_1_7	
1356624418.947035	1.002293	42.455227	29.029425	5.840200	1.152420	0.177755	1.151135	0.174682	1.152735	0.176108	1.152601	0.178204	1.154231	0.178157	1.153580	0.176087	1.154080	0.176834	1.153895	0.175941	1356624418.947238	1.000465	51.981235	38.404600	7.582489	0.999926	0.924057	1.000004	0.923622	1.000001	0.923496	0.999964	0.923192	0.628442	0.000051	1.002925	0.000063	0.791191	0.000082	0.999857	0.924632	
1356624419.947031	0.999996	44.335156	30.850894	6.021967	1.000000	1.000000	1.000000	0.999929	1.000000	0.999928	1.000125	0.002722	0.999888	0.002349	0.999746	0.002226	0.999765	0.001981	0.999721	0.001969	1356624419.947141	0.999903	54.605015	40.917621	8.144726	1.000000	0.999949	1.000000	0.999931	1.000000	0.999930	1.000000	0.999929	0.999324	0.000045	1.000083	0.000553	0.999999	0.003644	1.000000	0.999962	
1356624420.947030	0.999999	43.785564	30.319868	6.023581	1.000000	1.000000	1.000000	1.000000	1.000001	1.000000	0.999030	0.000360	0.997131	0.000054	0.999042	0.000152	0.999602	0.000317	0.999365	0.000039	1356624420.947222	1.000081	54.527028	40.865141	8.106063	1.000000	1.000000	1.000000	1.000000	1.000000	1.000000	1.000000	1.000000	1.000462	0.000026	0.998631	0.000007	1.000129	0.000039	1.000000	1.000000	
1356624421.947030	1.000000	43.818436	30.337585	6.001343	1.000000	1.000000	1.000000	1.000000	1.000000	1.000000	1.000014	0.000366	1.009474	0.000054	1.001287	0.000574	1.002301	0.000267	1.007762	0.000099	1356624421.947226	1.000004	54.600532	40.921434	8.168241	1.000000	1.000000	1.000000	1.000000	1.000000	1.000000	1.000000	1.000000	0.999894	0.000069	1.000202	0.000114	0.999636	0.000114	1.000000	1.000000	
1356624422.947030	1.000000	43.618576	30.130768	6.033997	1.000000	1.000000	1.000000	1.000000	0.999999	1.000000	0.999936	0.000371	1.000038	0.000061	0.999977	0.000167	1.000604	0.000043	0.994784	0.000040	1356624422.947229	1.000003	54.603621	40.929667	8.096914	1.000000	1.000000	1.000000	1.000000	1.000000	1.000000	1.000000	1.000000	1.002128	0.000012	0.999136	0.000034	1.000788	0.000059	1.000000	1.000000	
1356624423.947030	1.000000	43.603882	30.113266	6.017731	1.000000	1.000000	1.000000	1.000000	1.000001	1.000000	1.000017	0.000361	1.000492	0.000013	0.995762	0.000202	0.995835	0.000013	1.002001	0.000066	1356624423.947227	0.999998	54.633466	40.961351	8.080948	1.000000	1.000000	1.000000	1.000000	1.000000	1.000000	1.000000	1.000000	0.998727	0.000045	0.999747	0.000069	0.999843	0.000069	1.000000	1.000000	
1356624424.947030	1.000000	43.660248	30.177185	6.032074	1.000000	1.000000	1.000000	1.000000	1.000000	1.000000	0.999951	0.000355	1.001744	0.000132	1.000372	0.002294	1.000645	0.000053	0.998226	0.000039	1356624424.947223	0.999996	54.647255	40.983565	8.066683	1.000000	1.000000	1.000000	1.000000	1.000000	1.000000	1.000000	1.000000	1.003794	0.000012	0.982188	0.000007	0.999813	0.000039	1.000000	1.000000	
1356624425.947030	1.000000	43.600647	30.123993	6.031021	1.000000	1.000000	1.000000	1.000000	1.000000	1.000000	1.000053	0.000367	0.983331	0.000013	1.000089	0.000203	0.999255	0.000013	1.002299	0.000072	1356624425.947227	1.000004	54.592064	40.976457	8.117414	1.000000	1.000000	1.000000	1.000000	1.000000	1.000000	1.000000	1.000000	0.999884	0.000047	1.003093	0.000052	1.000022	0.000174	1.000000	1.000000	
1356624426.947030	1.000000	43.609680	30.116638	6.038971	1.000000	1.000000	1.000000	1.000000	0.999999	1.000000	1.000343	0.000333	0.998170	0.000059	0.999938	0.000450	1.000268	0.000049	0.995190	0.000039	1356624426.947226	0.999999	54.670462	40.989816	8.097481	1.000000	1.000000	1.000000	1.000000	1.000000	1.000000	1.000000	1.000000	1.001127	0.000012	1.000181	0.000043	0.999782	0.000039	1.000000	1.000000	
1356624427.947030	1.000000	48.036423	34.527618	6.027832	1.000000	1.000000	1.000000	1.000000	1.000001	1.000001	1.000001	0.658376	0.997545	0.000193	0.997120	0.000200	0.998775	0.000013	1.000472	0.000064	1356624427.947197	0.999971	51.726770	38.031776	8.095038	0.999998	0.341639	1.000000	1.000000	1.000000	1.000000	1.000000	1.000000	0.999397	0.000046	1.000086	0.000041	0.999947	0.000066	1.000000	1.000000	
1356624428.947030	1.000000	50.381287	36.861542	6.020340	1.000000	1.000000	1.000000	1.000000	1.000000	1.000000	1.000000	1.000000	1.000092	0.000418	1.003098	0.000185	0.999870	0.000050	0.996748	0.000039	1356624428.947199	1.000002	48.591506	34.882548	8.105423	1.000069	0.000073	1.000000	1.000000	1.000000	1.000000	1.000000	1.000000	1.000161	0.000012	1.000238	0.000044	0.999765	0.000038	1.000000	1.000000	
1356624429.947030	1.000000	50.376465	36.841110	6.000946	1.000000	1.000000	1.000000	1.000000	1.000000	1.000000	1.000000	1.000000	0.999402	0.000321	0.998595	0.000167	0.994910	0.000013	1.000736	0.000066	1356624429.947200	1.000001	48.556915	34.816343	8.192085	0.999356	0.000018	1.000000	1.000000	1.000000	1.000000	1.000000	1.000000	1.000328	0.000045	0.999528	0.000037	1.000153	0.000088	1.000000	1.000000	
1356624430.947030	1.000000	50.413406	36.883270	6.002182	1.000000	1.000000	1.000000	1.000000	1.000000	1.000000	1.000000	1.000000	1.000617	0.000359	1.001491	0.000147	1.002266	0.000048	0.995823	0.000039	1356624430.947201	1.000001	48.553543	34.822278	8.001335	1.000102	0.000060	1.000000	1.000000	1.000000	1.000000	1.000000	1.000000	1.000194	0.000012	0.996455	0.000012	0.999888	0.000038	1.000000	1.000000	
1356624431.947030	1.000000	50.387573	36.881851	5.994263	1.000000	1.000000	1.000000	1.000000	1.000000	1.000000	1.000000	1.000000	0.999718	0.000360	0.999885	0.000456	0.997803	0.000014	1.000330	0.000063	1356624431.947200	0.999999	48.602158	34.907763	8.089699	0.999993	0.000058	1.000000	1.000000	1.000000	1.000000	1.000000	1.000000	0.999863	0.000045	1.000085	0.000301	0.999903	0.000064	1.000000	1.000000	
1356624432.947030	1.000000	50.491196	36.965210	6.002136	1.000000	1.000001	1.000000	1.000000	1.000000	1.000000	1.000000	1.000000	0.999865	0.000431	0.997450	0.000186	0.991230	0.000050	0.994940	0.000082	1356624432.947203	1.000003	48.594774	34.884032	8.065359	0.998439	0.000059	1.000000	1.000000	1.000000	1.000000	1.000000	1.000000	0.998661	0.000012	0.997108	0.000012	0.999959	0.000038	1.000000	1.000000	
1356624433.947030	1.000000	50.481934	36.947372	6.003540	1.000000	1.000000	1.000000	1.000000	1.000000	1.000000	0.999999	1.000000	1.000251	0.000316	1.000690	0.000171	1.018720	0.000023	1.004629	0.000079	1356624433.947195	0.999992	48.590436	34.855004	8.148992	1.003294	0.000028	1.000000	1.000000	1.000000	1.000000	1.000000	1.000000	0.999897	0.000067	1.000199	0.000083	1.000032	0.000096	1.000000	1.000000	
1356624434.947030	1.000000	50.506378	36.968475	5.989594	1.000000	1.000000	1.000000	1.000000	1.000000	1.000000	1.000001	1.000000	0.999869	0.000388	1.000202	0.002103	1.000845	0.000047	1.004724	0.000039	1356624434.947197	1.000002	48.571013	34.849589	8.061584	1.000044	0.000062	1.000000	1.000000	1.000000	1.000000	1.000000	1.000000	1.002374	0.000012	0.975797	0.000006	0.999980	0.000039	1.000000	1.000000	
1356624435.947030	1.000000	50.472092	36.934769	6.008575	1.000000	0.999657	1.000000	0.999421	1.000000	1.000000	1.000000	0.999410	1.000067	0.000361	1.000059	0.000196	1.004592	0.000037	0.999616	0.000063	1356624435.947203	1.000006	48.604721	34.870123	8.165982	0.999702	0.000018	1.000000	1.000000	1.000000	1.000000	1.000000	1.000000	0.999957	0.000045	1.003917	0.000050	0.999849	0.000064	1.000000	1.000000	
1356624436.947030	1.000000	50.518402	36.990570	6.004700	1.000000	1.000000	1.000000	1.000000	1.000000	1.000000	0.999999	1.000000	1.000601	0.000384	0.999926	0.000440	0.996240	0.000048	1.000975	0.000038	1356624436.947193	0.999990	48.605360	34.898940	8.135961	1.000050	0.000101	1.000000	1.000000	1.000000	1.000000	1.000000	1.000000	1.000339	0.000036	0.999484	0.000103	0.999980	0.000038	1.000000	1.000000	
1356624437.947030	1.000000	50.507339	36.976593	6.016586	1.000000	1.000000	1.000000	1.000000	1.000000	1.000000	1.000000	1.000000	0.999237	0.000308	0.999748	0.000159	0.997346	0.000014	1.000334	0.000065	1356624437.947200	1.000007	48.609466	34.889789	8.096883	0.999037	0.000018	1.000000	1.000000	1.000000	1.000000	1.000000	1.000000	0.999462	0.000046	1.001176	0.000039	1.000246	0.000077	1.000000	1.000000	
1356624438.947030	1.000000	50.535919	36.978165	6.006714	1.000000	1.000000	1.000000	1.000000	1.000000	1.000000	1.000000	1.000000	0.999993	0.000361	0.999995	0.000165	1.000512	0.000047	0.999219	0.000039	1356624438.947201	1.000001	48.639572	34.870557	8.199608	1.000240	0.000079	1.000000	1.000000	1.000000	1.000000	1.000000	1.000000	1.001597	0.000012	1.000151	0.000044	1.000062	0.000037	1.000000	1.000000	
1356624439.947030	1.000000	50.517258	36.962158	5.967514	1.000000	1.000000	1.000000	1.000000	1.000000	1.000000	1.000000	1.000000	0.999855	0.000303	1.000227	0.000211	0.998255	0.000013	0.999994	0.000063	1356624439.947195	0.999994	48.609146	34.835352	8.130359	0.999858	0.000033	1.000000	1.000000	1.000000	1.000000	1.000000	1.000000	0.999722	0.000057	0.998764	0.000037	1.000592	0.000061	1.000000	1.000000	
1356624440.947030	1.000000	50.516251	36.977676	5.997238	1.000000	1.000000	1.000000	1.000000	1.000000	1.000000	1.000000	1.000000	1.000045	0.000374	1.000991	0.000149	1.000942	0.000048	0.997486	0.000038	1356624440.947201	1.000006	48.580628	34.849386	8.139585	0.999981	0.000062	1.000000	1.000000	1.000000	1.000000	1.000000	1.000000	0.998081	0.000020	1.000583	0.000012	0.998640	0.000037	1.000000	1.000000	
1356624441.947030	1.000000	50.539337	36.993713	5.999786	1.000000	1.000000	1.000000	1.000000	1.000000	1.000000	1.000000	1.000000	1.000018	0.000328	0.999641	0.000533	0.997339	0.000013	1.001195	0.000064	1356624441.947198	0.999997	48.621229	34.878358	8.127055	0.999955	0.000086	1.000000	1.000000	1.000000	1.000000	1.000000	1.000000	0.999855	0.000069	0.999773	0.000066	1.000118	0.000075	1.000000	1.000000	
1356624442.947030	1.000000	50.489609	36.967941	6.021805	1.000000	1.000000	1.000000	1.000000	1.000000	1.000000	1.000000	1.000000	0.999959	0.000376	1.000196	0.000147	0.998441	0.000047	1.005819	0.000040	1356624442.947194	0.999996	48.594405	34.886311	8.063875	0.999971	0.000095	1.000000	1.000000	1.000000	1.000000	1.000000	1.000000	1.000601	0.000024	1.000452	0.000012	1.000292	0.000040	1.000000	1.000000	
1356624443.947030	1.000000	50.571701	37.028992	6.002106	1.000000	1.000000	1.000000	1.000000	1.000000	1.000000	1.000000	1.000000	1.000001	0.000476	0.999022	0.000368	1.001524	0.000035	0.996554	0.000230	1356624443.947191	0.999997	48.581709	34.856843	8.085947	0.999324	0.000013	1.000000	1.000000	1.000000	1.000000	1.000000	1.000000	1.000854	0.000044	0.999944	0.000199	0.999144	0.000061	1.000000	1.000000	
1356624444.947030	1.000000	51.059647	37.522400	6.004532	1.000000	1.000000	1.000000	1.000000	0.999999	0.999999	1.000000	1.000000	0.999990	0.002872	0.999951	0.004445	0.999695	0.002219	1.000011	0.002114	1356624444.947160	0.999969	48.601604	34.873090	8.180582	0.998467	0.000063	1.000000	1.000000	1.000000	1.000000	1.000000	1.000000	1.000316	0.000012	1.000154	0.000282	1.000010	0.003677	1.000000	1.000000	
1356624445.947030	1.000000	50.579041	37.049927	6.008423	1.000000	1.000000	1.000001	1.000000	1.000001	1.000000	1.000000	1.000000	0.999873	0.000954	1.002589	0.000200	1.030284	0.000022	1.014218	0.000052	1356624445.947193	1.000033	48.624957	34.920055	8.069208	1.003452	0.000028	1.000000	1.000000	1.000000	1.000000	1.000000	1.000000	0.999357	0.000067	0.999046	0.000051	1.000043	0.000089	1.000000	1.000000	
1356624446.947030	1.000000	50.565201	37.026031	6.010956	1.000000	1.000000	1.000000	1.000000	1.000000	1.000000	1.000000	1.000000	0.999918	0.000370	1.000070	0.000485	0.999783	0.000045	1.000448	0.000013	1356624446.947197	1.000004	48.604249	34.858608	8.120054	1.000023	0.000102	1.000000	1.000000	1.000000	1.000000	1.000000	1.000000	0.999918	0.000047	1.000310	0.000045	0.998903	0.000039	1.000000	1.000000	
1356624447.947030	1.000000	50.565887	37.019958	6.009293	1.000000	1.000000	1.000000	1.000000	1.000000	1.000000	1.000000	1.000000	1.000311	0.000306	0.999848	0.000182	0.997879	0.000013	0.994320	0.000049	1356624447.947200	1.000003	48.633150	34.862593	8.341893	0.996506	0.000017	1.000000	1.000000	1.000000	1.000000	1.000000	1.000000	1.000750	0.000040	1.000254	0.000044	1.000717	0.000066	1.000000	1.000000	
1356624448.947030	1.000000	50.542053	37.040405	6.027573	1.000000	1.000000	1.000000	1.000000	1.000000	1.000000	1.000000	1.000000	0.999892	0.000367	1.000861	0.000171	1.000134	0.000049	1.004018	0.000013	1356624448.947200	1.000000	48.560349	34.876694	8.101364	1.000800	0.000060	1.000000	1.000000	1.000000	1.000000	1.000000	1.000000	1.000694	0.000011	0.999400	0.000046	0.999620	0.000038	1.000000	1.000000	
1356624449.947030	1.000000	50.547409	37.017258	5.997635	1.000000	1.000000	1.000000	1.000000	0.999999	1.000000	0.999999	1.000000	1.000449	0.000311	0.999203	0.000190	1.003833	0.000013	0.999832	0.000048	1356624449.947195	0.999995	48.615020	34.866736	8.192805	1.000278	0.000018	1.000000	1.000000	1.000000	1.000000	1.000000	1.000000	0.999650	0.000045	1.001276	0.000037	0.999922	0.000084	1.000000	1.000000	
1356624450.947030	1.000000	50.484634	36.974503	6.007004	1.000000	1.000000	1.000000	1.000000	1.000001	1.000000	1.000000	1.000000	0.999613	0.000367	1.000016	0.000172	0.999300	0.000047	1.002859	0.000013	1356624450.947198	1.000003	48.629702	34.894011	8.109670	0.999885	0.000060	1.000000	1.000000	1.000000	1.000000	1.000000	1.000000	1.000899	0.000012	0.999088	0.000012	0.999990	0.000038	1.000000	1.000000	
1356624451.947030	1.000000	50.569519	37.046783	6.007614	1.000000	1.000000	1.000000	1.000000	1.000000	1.000000	1.000001	1.000000	0.999751	0.000311	1.000394	0.000482	0.996603	0.000014	0.998143	0.000047	1356624451.947198	1.000000	48.657776	34.922333	8.097595	1.000113	0.000058	1.000000	1.000000	1.000000	1.000000	1.000000	1.000000	1.000253	0.000044	0.999794	0.000094	1.000185	0.000065	1.000000	1.000000	
1356624452.947030	1.000000	50.583633	37.063614	6.019211	1.000000	1.000000	1.000000	1.000000	1.000000	1.000000	1.000000	1.000000	1.000074	0.000404	0.998706	0.000173	1.000976	0.000054	1.002982	0.000013	1356624452.947190	0.999992	48.624662	34.907586	8.123128	1.000115	0.000061	1.000000	1.000000	1.000000	1.000000	1.000000	1.000000	0.996753	0.000012	0.999674	0.000007	0.998753	0.000038	1.000000	1.000000	
1356624453.947030	1.000000	50.607285	37.072052	6.007278	1.000000	1.000000	1.000000	1.000000	1.000000	1.000000	1.000000	1.000000	1.000180	0.000302	0.997117	0.000182	1.000599	0.000014	1.000722	0.000048	1356624453.947198	1.000008	48.596927	34.861702	8.136668	0.999508	0.000018	1.000000	1.000000	1.000000	1.000000	1.000000	1.000000	0.999604	0.000046	1.000056	0.000076	1.000895	0.000079	1.000000	1.000000	
1356624454.947030	1.000000	50.634445	37.087463	5.999664	1.000000	1.000000	1.000000	1.000000	1.000000	1.000000	1.000000	1.000000	0.999684	0.000379	1.000267	0.002110	1.000688	0.000047	1.004175	0.000013	1356624454.947194	0.999996	48.619338	34.856022	8.178012	0.999850	0.000062	1.000000	1.000000	1.000000	1.000000	1.000000	1.000000	1.003494	0.000012	0.983608	0.000007	0.998433	0.000038	1.000000	1.000000	
1356624455.947030	1.000000	50.630783	37.102264	5.999191	1.000000	1.000000	1.000000	1.000000	1.000000	1.000000	1.000000	1.000000	1.000162	0.000311	0.999884	0.000213	0.996217	0.000013	0.987387	0.000047	1356624455.947193	0.999999	48.598603	34.871173	8.085686	1.000095	0.000028	1.000000	1.000000	1.000000	1.000000	1.000000	1.000000	0.999957	0.000045	1.002314	0.000048	1.000527	0.000062	1.000000	1.000000	
1356624456.947030	1.000000	50.598236	37.083389	6.018341	1.000000	1.000000	1.000000	1.000000	1.000000	1.000000	1.000000	1.000000	1.001013	0.000363	0.998959	0.000493	0.986683	0.000049	0.998362	0.000015	1356624456.947195	1.000002	48.607344	34.884257	8.132705	0.998850	0.000102	1.000000	1.000000	1.000000	1.000000	1.000000	1.000000	1.000635	0.000012	0.999981	0.000041	0.999337	0.000038	1.000000	1.000000	
1356624457.947030	1.000000	50.597244	37.089386	6.014252	1.000000	1.000000	1.000000	1.000000	1.000000	0.999999	0.999999	0.999999	0.999040	0.000351	1.002338	0.000196	1.026445	0.000023	1.006287	0.000061	1356624457.947197	1.000002	48.574935	34.861613	8.059250	1.004295	0.000028	1.000000	1.000000	1.000000	1.000000	1.000000	1.000000	0.999855	0.000066	1.000634	0.000055	1.000173	0.000094	1.000000	1.000000	
1356624458.947030	1.000000	50.552048	37.017776	5.974457	1.000000	1.000000	1.000000	1.000000	1.000001	1.000001	1.000000	1.000000	1.000032	0.000382	1.000447	0.000172	1.000415	0.000046	1.012629	0.000013	1356624458.947194	0.999997	48.598051	34.830308	8.153040	0.999856	0.000062	1.000000	1.000000	1.000000	1.000000	1.000000	1.000000	0.997029	0.000012	0.999397	0.000045	1.000690	0.000038	1.000000	1.000000	
1356624459.947030	1.000000	50.556641	37.048676	6.018127	1.000000	1.000000	1.000000	1.000000	1.000000	1.000000	1.000000	1.000000	0.999802	0.000312	1.000840	0.000185	1.000915	0.000013	0.998834	0.000047	1356624459.947205	1.000011	48.560716	34.862350	8.061939	0.999506	0.000018	1.000000	1.000000	1.000000	1.000000	1.000000	1.000000	1.000496	0.000044	1.000899	0.000036	0.999502	0.000062	1.000000	1.000000	
1356624460.947030	1.000000	50.613556	37.084015	5.991302	1.000000	1.000000	1.000000	1.000000	1.000000	1.000000	1.000000	1.000000	1.000019	0.000360	1.000365	0.000171	0.999492	0.000049	1.004466	0.000013	1356624460.947205	1.000000	48.605499	34.862625	8.168671	1.000013	0.000061	1.000000	1.000000	1.000000	1.000000	1.000000	1.000000	1.000618	0.000012	0.998603	0.000012	0.999425	0.000038	1.000000	1.000000	
1356624461.947030	1.000000	50.639877	37.109634	6.025558	1.000000	1.000000	1.000000	1.000001	1.000000	1.000000	1.000000	1.000000	1.000108	0.000312	0.999536	0.000478	1.017400	0.000013	0.997480	0.000047	1356624461.947202	0.999997	48.580412	34.864045	8.081171	1.000046	0.000058	1.000000	1.000000	1.000000	1.000000	1.000000	1.000000	1.000402	0.000044	0.999477	0.000071	1.000550	0.000074	1.000000	1.000000	
1356624462.947031	1.000001	50.627225	37.107875	6.004511	1.000000	1.000000	1.000000	1.000000	1.000000	0.999878	1.000000	1.000000	0.999786	0.000382	0.999823	0.000172	0.995553	0.000048	0.999482	0.000013	1356624462.947192	0.999990	48.588331	34.869261	8.040364	1.000019	0.000061	1.000000	0.999869	1.000000	0.999884	1.000000	0.999868	0.995539	0.000012	1.002683	0.000012	0.999178	0.000038	1.000000	0.999908	
1356624463.947030	0.999999	50.597628	37.082692	6.006445	1.000000	1.000000	1.000000	1.000000	1.000000	1.000000	1.000000	1.000000	1.001121	0.000291	0.997396	0.000218	1.014008	0.000013	1.003127	0.000046	1356624463.947191	0.999999	48.508957	34.799990	8.096230	1.000340	0.000018	1.000000	1.000000	1.000000	1.000000	1.000000	1.000000	1.000825	0.000045	1.000242	0.000068	1.000050	0.000062	1.000000	1.000000	
1356624464.947030	1.000000	50.641968	37.124039	6.011368	1.000000	1.000000	1.000000	1.000000	1.000000	1.000000	1.000000	1.000000	0.999408	0.000394	1.000268	0.002104	0.995469	0.000048	0.994161	0.000013	1356624464.947199	1.000008	48.587634	34.856102	8.077220	0.999936	0.000061	1.000000	1.000000	1.000000	1.000000	1.000000	1.000000	1.000483	0.000011	0.978578	0.000007	1.000305	0.000038	1.000000	1.000000	
1356624465.947030	1.000000	50.620178	37.103073	6.010620	1.000000	1.000000	1.000000	1.000000	1.000000	1.000000	1.000000	1.000000	0.999915	0.000310	1.001058	0.000193	1.003181	0.000013	1.001059	0.000047	1356624465.947198	0.999999	48.612275	34.890277	8.032387	1.000383	0.000018	1.000000	1.000000	1.000000	1.000000	1.000000	1.000000	0.999542	0.000045	1.002321	0.000047	1.000091	0.000110	1.000000	1.000000	
1356624466.947030	1.000000	50.607773	37.087601	5.983612	1.000000	1.000000	1.000000	1.000000	1.000000	1.000000	1.000000	1.000000	0.999996	0.000359	0.999513	0.000486	1.000083	0.000046	0.998150	0.000013	1356624466.947194	0.999996	48.614699	34.856129	8.154238	0.999932	0.000102	1.000000	1.000000	1.000000	1.000000	1.000000	1.000000	1.000699	0.000020	1.000156	0.000042	0.999497	0.000038	1.000000	1.000000	
1356624467.947030	1.000000	50.621964	37.107407	5.990036	0.999999	0.999886	1.000000	1.000000	1.000000	1.000000	1.000000	1.000000	1.000732	0.000312	1.000132	0.000179	1.001239	0.000013	0.993292	0.000047	1356624467.947195	1.000001	48.605636	34.874417	8.107780	1.000279	0.000018	1.000000	1.000000	1.000000	1.000000	1.000000	1.000000	1.000241	0.000045	0.999511	0.000040	0.999920	0.000062	1.000000	1.000000	
1356624468.947030	1.000000	50.575867	37.085175	6.028549	1.000000	1.000000	0.999999	1.000000	1.000000	0.999999	1.000000	1.000000	0.999651	0.000351	0.996765	0.000169	0.987855	0.000049	0.987462	0.000014	1356624468.947203	1.000008	48.626742	34.927253	8.111980	0.997931	0.000060	1.000000	1.000000	1.000000	1.000000	1.000000	1.000000	0.999286	0.000012	1.000375	0.000064	1.000696	0.000038	1.000000	1.000000	
1356624469.947030	1.000000	51.027573	37.520020	5.993347	1.000000	1.000000	1.000001	1.000000	1.000000	1.000001	1.000000	1.000000	0.999961	0.002995	1.000293	0.002529	1.000009	0.002214	0.999953	0.002240	1356624469.947157	0.999954	48.634532	34.915868	8.133400	1.001463	0.000077	1.000000	1.000000	1.000000	1.000000	1.000000	1.000000	0.999965	0.000067	0.999867	0.000322	0.999995	0.003713	1.000000	1.000000	
1356624470.947030	1.000000	50.622269	37.105270	6.002853	1.000000	1.000000	1.000000	1.000000	1.000000	1.000000	1.000000	1.000000	0.999946	0.000364	0.998460	0.000171	1.011654	0.000037	1.115808	0.000007	1356624470.947190	1.000033	48.588993	34.842939	8.079797	0.999754	0.000061	1.000000	1.000000	1.000000	1.000000	1.000000	1.000000	1.000128	0.000012	1.011174	0.000007	1.000092	0.000038	1.000000	1.000000	
1356624471.947030	1.000000	50.663010	37.144058	6.008163	1.000000	1.000000	1.000000	1.000000	1.000000	1.000000	1.000000	1.000000	1.000522	0.000328	1.000007	0.000478	1.000201	0.000013	0.994918	0.000050	1356624471.947195	1.000005	48.566377	34.845437	8.119542	1.000027	0.000058	1.000000	1.000000	1.000000	1.000000	1.000000	1.000000	0.999438	0.000044	0.999408	0.000074	0.999994	0.000064	1.000000	1.000000	
1356624472.947030	1.000000	50.630142	37.102951	6.006744	1.000000	1.000000	1.000000	1.000000	1.000000	1.000000	1.000000	1.000000	0.999408	0.000379	1.000829	0.000170	1.001118	0.000049	0.998606	0.000013	1356624472.947195	1.000000	48.606094	34.848709	8.140671	1.000103	0.000060	1.000000	1.000000	1.000000	1.000000	1.000000	1.000000	1.002404	0.000012	0.998904	0.000012	0.999938	0.000037	1.000000	1.000000	
1356624473.947030	1.000000	50.579468	37.058594	6.002472	1.000000	1.000000	1.000000	1.000000	1.000000	1.000000	1.000000	1.000000	1.000850	0.000291	0.996319	0.000181	1.003555	0.000013	1.005326	0.000047	1356624473.947194	0.999999	48.551194	34.811953	8.145699	1.000791	0.000018	1.000000	1.000000	1.000000	1.000000	1.000000	1.000000	0.999279	0.000045	0.999887	0.000072	1.000139	0.000077	1.000000	1.000000	
1356624474.947030	1.000000	50.618103	37.103531	5.998718	1.000000	1.000000	1.000000	1.000000	1.000000	0.999999	1.000000	1.000000	1.000537	0.000405	1.000234	0.002104	1.000510	0.000048	0.981495	0.000013	1356624474.947189	0.999995	48.569777	34.830176	8.097178	0.999839	0.000062	1.000000	1.000000	1.000000	1.000000	1.000000	1.000000	0.994181	0.000020	0.980271	0.000007	0.999141	0.000039	1.000000	1.000000	
1356624475.947030	1.000000	50.647369	37.144302	6.002930	1.000000	1.000000	1.000000	1.000000	1.000000	1.000001	1.000000	1.000000	0.999761	0.000914	1.000152	0.000180	1.009984	0.000013	1.000278	0.000047	1356624475.947188	0.999999	48.594575	34.890399	8.185005	0.999992	0.000047	1.000000	1.000000	1.000000	1.000000	1.000000	1.000000	1.002408	0.000045	1.003558	0.000047	1.001037	0.000065	1.000000	1.000000	
1356624476.947030	1.000000	50.596420	37.083405	5.996552	1.000000	1.000000	1.000000	1.000000	1.000000	1.000000	1.000000	1.000000	0.999507	0.000372	1.000426	0.000464	0.982492	0.000049	1.001127	0.000013	1356624476.947193	1.000005	48.565415	34.833886	8.095006	0.999958	0.000101	1.000000	1.000000	1.000000	1.000000	1.000000	1.000000	1.000929	0.000012	1.001144	0.000040	0.997896	0.000038	1.000000	1.000000	
1356624477.947030	1.000000	50.531342	37.026413	6.005905	1.000000	1.000000	1.000000	1.000000	0.999999	0.999999	1.000000	1.000000	0.999594	0.000310	0.998833	0.000182	1.003059	0.000223	0.996826	0.000047	1356624477.947197	1.000004	48.594087	34.867595	8.160550	0.999635	0.000018	1.000000	1.000000	1.000000	1.000000	1.000000	1.000000	1.000765	0.000046	0.998690	0.000040	1.000466	0.000083	1.000000	1.000000	
1356624478.947030	1.000000	50.600800	37.096008	5.992691	1.000000	1.000000	1.000000	1.000000	1.000001	1.000001	1.000000	1.000000	1.000417	0.000366	1.000159	0.000170	0.999553	0.000047	1.011805	0.000013	1356624478.947197	1.000000	48.577393	34.880920	8.109161	0.999949	0.000060	1.000000	1.000000	1.000000	1.000000	1.000000	1.000000	0.997504	0.000012	1.000576	0.000044	0.999410	0.000037	1.000000	1.000000	
1356624479.947030	1.000000	50.594543	37.073776	6.011292	1.000000	1.000000	0.999999	1.000000	0.999999	1.000000	1.000000	1.000000	1.000513	0.000310	1.000969	0.000182	1.013413	0.000013	0.989029	0.000047	1356624479.947201	1.000004	48.587480	34.846508	8.137067	0.999827	0.000018	1.000000	1.000000	1.000000	1.000000	1.000000	1.000000	1.000355	0.000044	0.999908	0.000250	1.000383	0.000063	1.000000	1.000000	
1356624480.947030	1.000000	50.640518	37.128464	6.006805	1.000000	1.000000	1.000000	1.000000	1.000000	1.000000	1.000000	1.000000	0.999757	0.000364	0.995662	0.000170	0.997241	0.000276	1.013014	0.000014	1356624480.947194	0.999993	48.556809	34.845608	8.081248	0.998248	0.000061	1.000000	1.000000	1.000000	1.000000	1.000000	1.000000	0.999584	0.000012	1.000458	0.000012	0.999013	0.000038	1.000000	1.000000	
1356624481.947030	1.000000	50.598816	37.074371	5.997101	1.000000	1.000000	1.000001	1.000001	1.000000	1.000000	1.000000	1.000000	0.999810	0.000324	1.001109	0.000498	1.002442	0.000232	1.005268	0.000061	1356624481.947194	1.000000	48.504944	34.787399	8.115906	1.001554	0.000068	1.000000	1.000000	1.000000	1.000000	1.000000	1.000000	1.000086	0.000067	0.999718	0.000107	1.000388	0.000094	1.000000	1.000000	
1356624482.947030	1.000000	50.611206	37.086761	5.999802	1.000000	1.000000	1.000000	1.000000	1.000000	1.000000	0.999999	1.000000	0.999921	0.000406	0.999891	0.000170	1.004317	0.000041	0.996767	0.000013	1356624482.947199	1.000005	48.588517	34.846765	8.106924	0.999994	0.000062	1.000000	1.000000	1.000000	1.000000	1.000000	1.000000	0.996118	0.000012	0.998972	0.000007	0.999620	0.000038	1.000000	1.000000	
1356624483.947030	1.000000	50.630585	37.111160	6.020966	1.000000	1.000000	1.000000	1.000000	1.000000	1.000000	1.000001	1.000000	1.000037	0.000290	0.997371	0.000212	0.983258	0.000014	1.006156	0.000046	1356624483.947194	0.999995	48.528655	34.819129	8.084467	0.999857	0.000030	1.000000	1.000000	1.000000	1.000000	1.000000	1.000000	1.000895	0.000043	1.000372	0.000092	0.999553	0.000062	1.000000	1.000000	
1356624484.947030	1.000000	50.631851	37.113113	6.002884	1.000000	1.000000	1.000000	1.000000	1.000000	1.000000	1.000000	1.000000	0.999990	0.000379	1.000261	0.002106	1.001372	0.000051	0.983543	0.000013	1356624484.947194	1.000000	48.548904	34.821716	8.042130	1.000174	0.000062	1.000000	1.000000	1.000000	1.000000	1.000000	1.000000	0.999748	0.000012	0.979796	0.000007	1.000397	0.000039	1.000000	1.000000	
1356624485.947030	1.000000	50.624832	37.116486	6.025970	1.000000	1.000000	1.000000	1.000000	1.000000	1.000000	1.000000	1.000000	0.999881	0.000310	0.999911	0.000178	1.003203	0.000013	0.999648	0.000047	1356624485.947191	0.999997	48.563200	34.851686	8.070444	0.999657	0.000018	1.000000	1.000000	1.000000	1.000000	1.000000	1.000000	0.999941	0.000046	1.003465	0.000046	0.999733	0.000078	1.000000	1.000000	
1356624486.947030	1.000000	50.568634	37.064453	6.003830	1.000000	1.000000	1.000000	1.000000	1.000000	1.000000	1.000000	1.000000	1.000534	0.000359	1.000483	0.000467	0.996965	0.000048	1.004479	0.000013	1356624486.947188	0.999997	48.588957	34.845918	8.107127	0.999942	0.000100	1.000000	1.000000	1.000000	1.000000	1.000000	1.000000	1.000032	0.000012	1.000169	0.000041	1.000825	0.000038	1.000000	1.000000	
1356624487.947030	1.000000	50.602753	37.076538	5.982635	1.000000	1.000000	0.999999	1.000000	1.000000	1.000000	1.000000	1.000000	0.999448	0.000310	0.998908	0.000180	1.024053	0.000013	0.999657	0.000128	1356624487.947199	1.000011	48.560991	34.803680	8.085391	1.000429	0.000018	1.000000	1.000000	1.000000	1.000000	1.000000	1.000000	0.999287	0.000045	0.998871	0.000040	0.999925	0.000062	1.000000	1.000000	
1356624488.947030	1.000000	50.555908	37.042679	6.027740	1.000000	1.000000	1.000000	1.000000	1.000000	1.000000	1.000000	1.000000	0.999910	0.000374	0.999780	0.000170	0.994639	0.000049	0.993657	0.000008	1356624488.947197	0.999998	48.597566	34.881613	8.097153	0.999677	0.000061	1.000000	1.000000	1.000000	1.000000	1.000000	1.000000	1.002811	0.000011	1.000507	0.000044	0.999835	0.000037	1.000000	1.000000	
1356624489.947030	1.000000	50.612442	37.088882	6.011917	1.000000	1.000000	1.000000	1.000000	1.000000	1.000000	1.000000	1.000000	1.000221	0.000309	1.000124	0.000184	1.004801	0.000013	1.000236	0.000049	1356624489.947195	0.999998	48.588945	34.853185	8.118530	1.000837	0.000018	1.000000	1.000000	1.000000	1.000000	1.000000	1.000000	1.000112	0.000045	0.999028	0.000037	1.000294	0.000076	1.000000	1.000000	
1356624490.947030	1.000000	50.617172	37.100449	6.009308	1.000000	1.000000	1.000000	0.999881	1.000000	0.999880	1.000000	1.000000	1.000495	0.000361	1.001256	0.000169	1.000276	0.000048	1.001143	0.000013	1356624490.947192	0.999997	48.579985	34.855287	8.022135	0.999929	0.000060	1.000000	0.999874	1.000000	0.999889	1.000000	0.999873	0.999058	0.000012	1.002881	0.000012	0.999238	0.000037	1.000000	0.999914	
1356624491.947030	1.000000	50.602997	37.089310	5.990860	1.000000	1.000000	1.000000	1.000000	1.000000	1.000000	1.000000	1.000000	0.999307	0.000310	0.999228	0.000478	0.994222	0.000014	0.987361	0.000047	1356624491.947199	1.000007	48.584686	34.855884	8.133458	0.999961	0.000059	1.000000	1.000000	1.000000	1.000000	1.000000	1.000000	1.000219	0.000044	0.999946	0.000072	0.999603	0.000062	1.000000	1.000000	
1356624492.947030	1.000000	50.599777	37.087051	6.007828	1.000000	1.000000	1.000000	1.000000	1.000000	1.000000	1.000000	1.000000	1.000379	0.000378	0.997577	0.000170	0.987710	0.000050	1.003727	0.000014	1356624492.947197	0.999998	48.528260	34.810110	8.036469	0.998208	0.000062	1.000000	1.000000	1.000000	1.000000	1.000000	1.000000	1.001292	0.000011	0.998014	0.000012	0.999876	0.000037	1.000000	1.000000	
1356624493.947030	1.000000	50.619095	37.113846	6.022705	1.000000	1.000000	1.000000	1.000000	1.000001	1.000000	1.000000	1.000000	1.000327	0.000351	1.000871	0.000216	1.011820	0.000056	1.007089	0.000072	1356624493.947196	0.999999	48.566681	34.861850	8.057747	1.003994	0.000028	1.000000	1.000000	1.000000	1.000000	1.000000	1.000000	0.999915	0.000068	1.000000	0.000082	1.000555	0.000090	1.000000	1.000000	
1356624494.947030	1.000000	51.081894	37.577286	6.004425	1.000000	1.000000	1.000000	1.000000	1.000000	1.000000	0.999999	1.000000	0.999887	0.002709	1.000076	0.004442	0.999779	0.002294	0.999756	0.002145	1356624494.947159	0.999963	48.587123	34.845434	8.151516	0.999763	0.000062	1.000000	1.000000	1.000000	1.000000	1.000000	1.000000	0.996114	0.000012	0.999952	0.000281	0.999999	0.003596	1.000000	1.000000	
1356624495.947032	1.000002	50.603724	37.090917	6.002598	1.000000	1.000000	0.999999	0.999589	0.999999	0.999588	1.000000	0.999577	1.000284	0.000340	1.000020	0.000178	1.059774	0.000008	1.019223	0.000039	1356624495.947201	1.000042	48.592535	34.868273	8.055875	1.000279	0.000018	1.000000	1.000000	1.000000	1.000000	1.000000	1.000000	1.000713	0.000043	1.000553	0.000037	0.999286	0.000061	1.000000	0.999627	
1356624496.947030	0.999998	50.629293	37.111338	5.998547	1.000000	1.000000	1.000001	1.000000	1.000000	1.000001	1.000000	1.000000	0.999984	0.000379	0.999988	0.000500	1.000472	0.000051	0.994402	0.000036	1356624496.947196	0.999995	48.599273	34.855353	8.163127	1.000008	0.000101	1.000000	1.000000	1.000000	1.000000	1.000000	1.000000	0.998196	0.000012	0.999879	0.000041	1.001259	0.000038	1.000000	1.000000	
1356624497.947030	1.000000	50.608200	37.094223	5.976334	1.000000	1.000000	1.000000	1.000000	1.000000	1.000000	1.000001	1.000000	1.000397	0.000309	1.000323	0.000179	1.011650	0.000013	0.999992	0.000047	1356624497.947194	0.999998	48.567613	34.830831	8.053665	0.999957	0.000018	1.000000	1.000000	1.000000	1.000000	1.000000	1.000000	0.999349	0.000045	0.999914	0.000040	0.999537	0.000077	1.000000	1.000000	
1356624498.947030	1.000000	50.619110	37.107666	5.993240	1.000000	1.000000	1.000000	1.000000	1.000000	1.000000	1.000000	1.000000	0.999431	0.000362	0.999584	0.000201	0.996142	0.000047	0.994378	0.000013	1356624498.947199	1.000005	48.540010	34.819482	8.087072	0.999943	0.000081	1.000000	1.000000	1.000000	1.000000	1.000000	1.000000	1.003984	0.000011	1.001155	0.000043	1.000345	0.000038	1.000000	1.000000	
1356624499.947030	1.000000	47.015594	33.520416	5.805450	0.999986	0.903057	1.000000	0.903003	0.999999	0.902965	1.000000	0.902900	0.919074	0.000391	0.891025	0.000204	1.002780	0.000013	0.928795	0.000051	1356624499.947473	1.000274	46.200814	32.549341	7.375390	1.000640	0.000018	1.000000	0.902621	1.000000	0.902590	1.000000	0.902561	1.000145	0.000056	1.000145	0.000037	0.999914	0.000085	1.000000	1.000000	
1356624500.947029	0.999999	17.490236	4.177845	3.281513	0.816548	0.000331	0.752854	0.000072	0.687064	0.000068	1.000111	0.000017	0.552430	0.000564	0.584604	0.000281	0.751937	0.000063	0.547035	0.000020	1356624500.947404	0.999931	28.312040	15.153525	2.712666	0.999952	0.000073	0.999994	0.000061	0.999958	0.000046	1.000058	0.000059	1.000766	0.000007	0.997192	0.000011	1.000569	0.000037	1.000000	1.000000	
1356624501.947029	1.000000	17.421570	4.132141	3.296707	0.628574	0.000072	0.668483	0.000054	0.686051	0.000019	0.767922	0.000521	0.535335	0.000508	0.612755	0.000426	0.655547	0.000023	0.681996	0.000068	1356624501.947498	1.000094	28.287565	15.141934	2.712132	0.999802	0.000096	0.999800	0.000012	1.000033	0.000012	0.999116	0.000012	0.999987	0.000059	0.999704	0.000102	0.999989	0.000110	1.000000	1.000000	
1356624502.947029	1.000000	17.413773	4.136780	3.276489	0.839265	0.000293	0.750093	0.000070	0.739259	0.000074	0.798696	0.000029	0.546354	0.000615	0.577319	0.000286	0.726716	0.000064	0.546537	0.000021	1356624502.947384	0.999886	28.257493	15.125854	2.706989	0.999984	0.000074	1.000000	0.000067	0.999972	0.000054	1.000122	0.000069	0.999935	0.000012	1.002602	0.000011	1.000008	0.000051	1.000000	1.000000	
1356624503.947029	1.000000	17.373917	4.110138	3.254044	0.608632	0.000072	0.678745	0.000054	0.666308	0.000020	0.720172	0.000065	0.531252	0.000482	0.571116	0.000308	0.704897	0.000019	0.736969	0.000064	1356624503.947462	1.000078	28.259439	15.119366	2.706591	1.000323	0.000018	0.999933	0.000012	0.999767	0.000012	1.000264	0.000012	1.000070	0.000060	0.999626	0.000096	1.000021	0.000091	1.000000	1.000000	
1356624504.947029	1.000000	17.339874	4.087097	3.311996	0.809319	0.000322	0.676005	0.000104	0.658598	0.000108	0.629819	0.000063	0.556611	0.000573	0.910879	0.002320	0.684344	0.000072	0.654842	0.000025	1356624504.947448	0.999986	28.249497	15.112533	2.717629	0.998757	0.000086	0.992678	0.000070	0.991427	0.000063	0.992468	0.000070	0.999815	0.000019	0.674566	0.000021	0.999857	0.000043	1.000000	1.000000	
1356624505.947037	1.000008	17.353451	4.117200	3.335758	0.544414	0.000164	0.678458	0.000055	0.992948	0.000009	0.707282	0.000071	0.696881	0.001221	0.581451	0.000331	0.520692	0.000042	0.652305	0.000099	1356624505.947440	0.999992	28.235748	15.100113	2.714896	1.002077	0.000048	1.012594	0.000041	1.013031	0.000041	1.012730	0.000040	0.999950	0.000101	1.060815	0.000111	1.000098	0.000142	1.000000	1.000000	
1356624506.947029	0.999992	17.372074	4.139713	3.296810	0.842270	0.000299	0.747136	0.000070	0.692213	0.000089	0.727728	0.000464	0.552376	0.000613	0.569988	0.000329	0.686544	0.000069	0.582511	0.000023	1356624506.947435	0.999995	28.219456	15.084853	2.712309	0.999967	0.000115	1.000006	0.000067	0.999958	0.000054	1.000022	0.000069	1.000265	0.000019	1.000597	0.000054	0.999687	0.000052	1.000000	1.000000	
1356624507.947029	1.000000	17.361481	4.127396	3.253647	0.587236	0.000073	0.679200	0.000053	0.546579	0.000021	0.623850	0.000061	0.527871	0.000486	0.598080	0.000301	0.461629	0.000024	0.679400	0.000065	1356624507.947451	1.000016	28.211906	15.081149	2.718020	0.999864	0.000023	0.999700	0.000012	0.999535	0.000012	1.000143	0.000011	0.999980	0.000059	0.999881	0.000055	0.999778	0.000095	1.000000	1.000000	
1356624508.947029	1.000000	17.325806	4.102875	3.267807	0.840733	0.000290	0.707236	0.000074	0.733235	0.000076	0.736152	0.000068	0.555902	0.000590	0.565755	0.000293	0.699973	0.000065	0.584745	0.000022	1356624508.947489	1.000038	28.201522	15.072976	2.707066	0.999927	0.000084	0.999972	0.000070	1.000081	0.000057	0.999893	0.000068	0.999934	0.000012	1.000007	0.000056	1.000393	0.000051	1.000000	1.000000	
1356624509.947029	1.000000	17.347412	4.103577	3.230301	0.573301	0.000075	0.642641	0.000054	0.461562	0.000024	0.762841	0.000064	0.539849	0.000528	0.590136	0.000306	0.704120	0.000019	0.650913	0.000067	1356624509.947484	0.999995	28.200092	15.074874	2.709669	1.000108	0.000018	0.999800	0.000012	0.999867	0.000012	0.999868	0.000012	1.000007	0.000059	0.999867	0.000049	0.999996	0.000093	1.000000	1.000000	
1356624510.947029	1.000000	17.366104	4.121262	3.262085	0.798886	0.000326	0.701865	0.000072	0.699074	0.000077	0.697373	0.000032	0.542861	0.000618	0.582740	0.000284	0.746319	0.000062	0.549929	0.000020	1356624510.947430	0.999946	28.202157	15.077427	2.718042	0.999995	0.000075	0.999966	0.000067	0.999957	0.000054	0.999943	0.000068	0.999836	0.000012	1.000329	0.000012	0.999970	0.000051	1.000000	1.000000	
1356624511.947029	1.000000	17.301544	4.051117	3.249054	0.581866	0.000076	0.575389	0.000060	0.535886	0.000026	0.760791	0.000449	0.529878	0.000513	0.583020	0.000309	0.582408	0.000022	0.685120	0.000067	1356624511.947439	1.000009	28.174214	15.063126	2.712179	1.000107	0.000058	0.999800	0.000012	0.999900	0.000012	1.000459	0.000012	0.999980	0.000058	0.992992	0.000098	1.000203	0.000076	1.000000	1.000000	
1356624512.947030	1.000001	715785406.871812	715776889.401419	715826611.043042	0.999967	1.000990	0.999966	1.000996	0.999975	1.000992	0.999967	1.000990	0.999967	1.000992	0.999970	1.000990	0.999967	1.000994	0.999967	1.000992	1356624512.947129	0.999690	716011545.092784	716034748.741498	716001100.250455	0.999968	1.000992	0.999964	1.000992	3.894594	0.257015	0.999968	1.000994	0.999968	1.000996	0.999971	1.000993	0.999968	1.000998	0.999968	1.000995	
1356624513.947038	1.000008	0.000000	0.000000	0.000000	-nan	-nan	-nan	-nan	0.000000	inf	-nan	-nan	-nan	0.000000	-nan	-nan	-nan	-nan	-nan	-nan	1356624513.947115	0.999986	0.000000	0.000000	0.000000	-nan	-nan	-nan	-nan	0.000000	inf	-nan	-nan	-nan	-nan	-nan	-nan	-nan	-nan	-nan	-nan	
1356624514.947259	1.000221	0.000000	0.000000	0.000000	-nan	-nan	-nan	-nan	0.000000	inf	-nan	-nan	-nan	-nan	-nan	-nan	-nan	-nan	-nan	-nan	1356624514.947336	1.000221	0.000000	0.000000	0.000000	-nan	-nan	-nan	-nan	-nan	-nan	-nan	-nan	-nan	-nan	-nan	-nan	-nan	-nan	-nan	-nan	
