ts_0	elapsed_0	pkg_0	pp0_0	dram_0	freq_ratio_0_0	c0_ratio_0_0	freq_ratio_0_1	c0_ratio_0_1	freq_ratio_0_2	c0_ratio_0_2	freq_ratio_0_3	c0_ratio_0_3	freq_ratio_0_4	c0_ratio_0_4	freq_ratio_0_5	c0_ratio_0_5	freq_ratio_0_6	c0_ratio_0_6	freq_ratio_0_7	c0_ratio_0_7	ts_1	elapsed_1	pkg_1	pp0_1	dram_1	freq_ratio_1_0	c0_ratio_1_0	freq_ratio_1_1	c0_ratio_1_1	freq_ratio_1_2	c0_ratio_1_2	freq_ratio_1_3	c0_ratio_1_3	freq_ratio_1_4	c0_ratio_1_4	freq_ratio_1_5	c0_ratio_1_5	freq_ratio_1_6	c0_ratio_1_6	freq_ratio_1_7	c0_ratio_1_7	
1354695848.428805	1.001762	48.592531	34.959294	7.303629	1.155088	0.476728	1.153568	0.464026	1.154070	0.465691	1.156278	0.482001	1.153547	0.469638	1.154967	0.473150	1.154212	0.466632	1.154824	0.469503	1354695848.428956	1.000406	50.163379	36.470055	7.078150	0.999983	0.935851	0.999981	0.780958	1.000001	0.780666	0.999977	0.780174	1.001124	0.000196	0.846198	0.000112	1.000833	0.000294	0.999903	0.781872	
1354695849.428801	0.999996	55.851392	42.190448	8.144320	1.000000	1.000000	1.000000	1.000000	1.000000	1.000000	0.999999	0.999999	1.000000	1.000000	0.999962	0.002600	0.994756	0.000085	0.997807	0.000058	1354695849.428950	0.999994	56.605577	42.833523	8.135821	1.000000	1.000000	1.000000	1.000000	1.000000	1.000000	1.000000	1.000000	0.999808	0.000052	1.014084	0.000007	1.000016	0.000314	1.000000	1.000000	
1354695850.428800	0.999999	55.784660	42.117731	8.152413	1.000000	1.000000	1.000000	1.000000	1.000001	1.000000	1.000000	1.000000	1.000001	1.000000	1.000386	0.000381	1.000213	0.002772	1.001107	0.000086	1354695850.428942	0.999992	56.815951	43.023847	8.100758	1.000000	1.000000	1.000000	1.000000	1.000001	1.000000	1.000000	1.000000	0.991403	0.000012	0.998362	0.000053	0.999991	0.001995	1.000000	1.000000	
1354695851.428800	1.000000	55.865860	42.128403	8.101761	1.000000	1.000000	0.999999	1.000000	1.000000	1.000000	0.999999	1.000000	0.999999	1.000000	0.999760	0.000390	1.000754	0.000134	0.999147	0.000058	1354695851.428948	1.000006	57.034389	43.182528	8.073667	1.000000	1.000000	1.000000	1.000000	1.000000	1.000000	1.000000	1.000000	1.003692	0.000044	1.008173	0.000011	0.999984	0.005029	1.000000	1.000000	
1354695852.428800	1.000000	55.843231	42.163666	8.098495	1.000000	0.999558	1.000000	0.999555	1.000000	1.000000	1.000000	0.999557	1.000000	1.000000	1.000516	0.000453	0.998945	0.000089	1.000717	0.000084	1354695852.428944	0.999996	57.337528	43.538537	8.119616	1.000000	1.000000	1.000000	1.000000	1.000000	1.000000	1.000000	1.000000	0.999744	0.000012	1.001133	0.000043	0.999987	0.008239	1.000000	1.000000	
1354695853.428800	1.000000	55.974838	42.292664	8.130936	1.000000	1.000000	1.000000	1.000000	1.000000	1.000000	1.000000	1.000000	1.000000	1.000000	0.999289	0.000339	0.999416	0.001114	0.999428	0.000079	1354695853.428945	1.000001	57.260169	43.459065	8.122444	1.000000	0.999618	1.000000	0.999754	1.000000	0.999621	1.000000	1.000000	0.999354	0.000045	0.999212	0.000011	0.999984	0.007078	1.000000	1.000000	
1354695854.428800	1.000000	56.234192	42.538559	8.118408	1.000000	1.000000	1.000000	1.000000	1.000000	1.000000	1.000000	1.000000	1.000001	1.000000	1.000289	0.000350	0.999977	0.006064	0.998839	0.000082	1354695854.428947	1.000002	56.887923	43.076258	8.104049	1.000000	1.000000	1.000000	1.000000	1.000000	1.000000	1.000000	1.000000	1.001891	0.000012	0.998884	0.000044	0.999752	0.000106	1.000000	1.000000	
1354695855.428801	1.000001	56.213600	42.548604	8.139290	1.000000	0.999610	1.000000	0.999605	1.000000	1.000000	1.000000	1.000000	0.999999	0.999624	0.999982	0.006200	1.001118	0.000512	0.995700	0.000059	1354695855.428951	1.000004	56.865370	43.083383	8.143628	1.000000	0.999616	1.000000	0.999661	1.000000	0.999620	1.000000	0.999594	0.987963	0.000044	1.003174	0.000011	1.000230	0.000079	1.000000	0.999648	
1354695856.428801	1.000000	56.190247	42.504730	8.111176	1.000000	1.000000	1.000001	1.000000	1.000000	1.000000	1.000000	1.000000	1.000000	1.000000	0.999979	0.006333	1.000078	0.000084	1.003769	0.000099	1354695856.428942	0.999991	56.951978	43.127939	8.106519	1.000000	1.000000	1.000000	1.000000	1.000000	1.000000	1.000000	1.000000	1.024155	0.000022	0.999412	0.000058	1.000092	0.000122	1.000000	1.000000	
1354695857.428802	1.000001	56.083000	42.394765	8.136818	0.999999	0.999534	1.000000	0.999530	1.000000	1.000000	1.000000	0.999532	1.000000	1.000000	1.000008	0.000468	0.999967	0.001737	0.999966	0.000056	1354695857.428961	1.000019	56.976452	43.167039	8.128217	1.000000	0.999532	0.999983	0.999610	1.000000	0.999521	1.000000	0.999535	0.999421	0.000047	0.999511	0.000011	1.000193	0.000084	1.000000	0.999569	
1354695858.428800	0.999998	56.189438	42.476293	8.135758	1.000000	1.000000	1.000000	1.000000	1.000000	1.000000	1.000000	1.000000	1.000000	1.000000	1.000519	0.000541	1.000089	0.003065	1.000965	0.000238	1354695858.428944	0.999983	56.994709	43.157393	8.099685	1.000000	1.000000	1.000000	1.000000	1.000000	1.000000	1.000000	1.000000	0.997802	0.000012	1.000158	0.000046	0.999589	0.000110	1.000000	1.000000	
1354695859.428800	1.000000	56.084335	42.346878	8.104034	1.000000	0.999999	1.000000	1.000000	0.999999	1.000000	0.999999	1.000000	0.999999	1.000000	0.999539	0.000328	0.988356	0.000082	0.998101	0.000127	1354695859.428951	1.000007	57.080538	43.222159	8.083867	1.000000	0.999501	1.000000	1.000000	1.000000	1.000000	1.000000	1.000000	1.000791	0.000046	0.998085	0.000012	0.999464	0.000083	1.000000	1.000000	
1354695860.428800	1.000000	56.093124	42.407227	8.087860	1.000000	1.000000	1.000000	1.000000	1.000000	1.000000	1.000000	1.000000	1.000000	1.000000	0.999599	0.000370	1.000251	0.002378	1.000340	0.000204	1354695860.428952	1.000001	57.003364	43.200108	8.131950	1.000000	1.000000	1.000000	1.000000	1.000000	1.000000	1.000000	1.000000	0.986752	0.000013	0.997825	0.000044	1.000435	0.000117	1.000000	1.000000	
1354695861.428800	1.000000	56.076874	42.380386	8.143112	1.000000	1.000000	1.000000	1.000000	1.000001	1.000000	1.000000	1.000000	1.000001	1.000000	1.000126	0.000322	1.000924	0.000081	0.999798	0.000141	1354695861.428947	0.999995	56.994426	43.189898	8.111598	1.000000	1.000000	1.000000	1.000000	1.000000	1.000000	1.000000	1.000000	1.003433	0.000048	1.012783	0.000011	1.000287	0.000083	1.000000	1.000000	
1354695862.428800	1.000000	56.126389	42.394135	8.121521	1.000000	1.000000	1.000000	1.000000	1.000000	1.000000	1.000000	1.000000	0.999999	1.000000	0.999959	0.000349	0.999881	0.000091	0.999777	0.000294	1354695862.428947	1.000000	57.070892	43.217285	8.100113	1.000000	1.000000	1.000000	1.000000	1.000000	1.000000	1.000000	1.000000	1.000853	0.000011	0.999738	0.000044	0.999927	0.000111	1.000000	1.000000	
1354695863.428800	1.000000	56.169769	42.454132	8.125153	1.000000	1.000000	1.000001	1.000000	1.000000	1.000000	1.000000	1.000001	1.000000	1.000000	1.000579	0.000348	1.001154	0.000112	1.000654	0.000236	1354695863.428937	0.999990	57.058066	43.222128	8.098241	1.000000	1.000000	1.000000	1.000000	1.000000	1.000000	1.000000	1.000000	0.999878	0.000076	1.000452	0.000023	0.999926	0.000083	1.000000	1.000000	
1354695864.428800	1.000000	56.122421	42.454498	8.079544	1.000000	0.999999	0.999999	1.000000	0.999999	1.000000	0.999999	0.999999	1.000000	1.000000	0.999887	0.000380	0.992753	0.000096	0.999878	0.000209	1354695864.428952	1.000015	57.043439	43.255805	8.126648	1.000000	1.000000	1.000000	1.000000	1.000000	1.000000	1.000000	1.000000	0.999589	0.000011	0.999491	0.000043	0.999871	0.000113	1.000000	1.000000	
1354695865.428803	1.000003	49.726744	36.099070	7.320809	0.999793	0.824732	1.000001	0.823505	1.000001	0.823485	1.000001	0.823461	1.000001	0.823432	0.990651	0.003397	0.994644	0.003497	1.000029	0.003000	1354695865.429046	1.000094	52.127061	38.386271	7.188427	0.999999	0.823294	1.000000	0.823271	1.000000	0.823246	1.000000	0.823222	1.000007	0.002981	0.999997	0.002982	1.000009	0.003677	1.000000	1.000000	
1354695866.428807	1.000004	715786504.831324	715823711.351283	715800665.859179	0.999931	1.000488	0.999931	1.000502	0.999941	1.000498	0.999930	1.000483	0.999933	1.000497	0.999934	1.000489	0.999933	1.000500	0.999932	1.000495	1354695866.428911	0.999865	715904677.335696	715909620.118514	715903521.140809	0.999932	1.000494	0.999929	1.000492	3.897031	0.256716	0.999932	1.000492	0.999932	1.000493	0.999935	1.000495	0.999932	1.000496	0.999933	1.000499	
1354695867.428800	0.999993	0.000000	0.000000	0.000000	-nan	-nan	-nan	-nan	0.000000	inf	-nan	-nan	-nan	0.000000	-nan	-nan	-nan	-nan	-nan	-nan	1354695867.428874	0.999963	0.000000	0.000000	0.000000	-nan	-nan	-nan	-nan	0.000000	inf	-nan	-nan	-nan	-nan	-nan	-nan	-nan	-nan	-nan	-nan	
