ts_0	elapsed_0	pkg_0	pp0_0	dram_0	freq_ratio_0_0	c0_ratio_0_0	freq_ratio_0_1	c0_ratio_0_1	freq_ratio_0_2	c0_ratio_0_2	freq_ratio_0_3	c0_ratio_0_3	freq_ratio_0_4	c0_ratio_0_4	freq_ratio_0_5	c0_ratio_0_5	freq_ratio_0_6	c0_ratio_0_6	freq_ratio_0_7	c0_ratio_0_7	ts_1	elapsed_1	pkg_1	pp0_1	dram_1	freq_ratio_1_0	c0_ratio_1_0	freq_ratio_1_1	c0_ratio_1_1	freq_ratio_1_2	c0_ratio_1_2	freq_ratio_1_3	c0_ratio_1_3	freq_ratio_1_4	c0_ratio_1_4	freq_ratio_1_5	c0_ratio_1_5	freq_ratio_1_6	c0_ratio_1_6	freq_ratio_1_7	c0_ratio_1_7	
1352524497.329694	1.001890	60.624437	47.009361	4.714235	1.161313	0.583439	1.183642	0.742104	1.160948	0.578129	1.160965	0.577448	1.158901	0.561171	1.155285	0.506652	1.160143	0.009819	1.153988	0.008807	1352524497.329753	1.000344	56.410021	43.127054	3.759205	1.153559	0.580225	1.153920	0.579420	1.153772	0.579232	1.153745	0.579155	1.153825	0.578982	1.153820	0.579216	1.153830	0.578991	1.162065	0.570929	
1352524498.329692	0.999998	69.933040	56.307587	5.352183	1.155098	0.778743	1.155101	0.778635	1.155067	0.775263	1.155066	0.775293	1.155066	0.775153	1.155066	0.775301	1.155400	0.015681	1.155264	0.017418	1352524498.329759	1.000006	67.818855	54.524150	5.047593	1.153866	0.776759	1.153856	0.776225	1.153854	0.776171	1.153855	0.776076	1.153851	0.776144	1.153848	0.776205	1.153848	0.776150	1.155322	0.560584	
1352524499.329691	0.999999	66.066118	52.439259	4.922551	1.154007	0.634305	1.154003	0.635848	1.154042	0.630705	1.154043	0.630686	1.154042	0.630717	1.154041	0.630707	1.154028	0.013688	1.155847	0.012414	1352524499.329743	0.999984	63.434073	50.141121	4.451090	1.153887	0.631620	1.153864	0.630763	1.153865	0.630771	1.153862	0.630724	1.153860	0.630821	1.153856	0.630947	1.153859	0.630816	1.158815	0.645870	
1352524500.329692	1.000001	68.830806	55.189553	5.332194	1.155292	0.724243	1.155292	0.724972	1.155256	0.721324	1.155256	0.721198	1.155255	0.721254	1.155254	0.721230	1.155420	0.017320	1.155550	0.017520	1352524500.329765	1.000022	66.337031	53.034817	4.973783	1.153872	0.723376	1.153856	0.722649	1.153857	0.722637	1.153855	0.722617	1.153853	0.722641	1.153855	0.722804	1.153856	0.722777	1.155858	0.554520	
1352524501.329690	0.999998	68.912988	55.259551	5.308909	1.154189	0.727491	1.154187	0.726979	1.154173	0.723389	1.154171	0.723380	1.154172	0.723132	1.154172	0.723354	1.154104	0.016721	1.154441	0.015742	1352524501.329767	1.000002	66.575099	53.269140	5.044775	1.153858	0.724516	1.153852	0.723827	1.153851	0.723810	1.153851	0.723799	1.153847	0.723829	1.153847	0.723899	1.153849	0.723642	1.154599	0.549465	
1352524502.329691	1.000001	69.203242	55.543526	5.279139	1.154328	0.725020	1.154339	0.725285	1.154303	0.724527	1.154306	0.721738	1.154302	0.721752	1.154303	0.721747	1.155620	0.016565	1.154978	0.016241	1352524502.329760	0.999993	66.474459	53.162767	4.861713	1.153871	0.723184	1.153856	0.722499	1.153854	0.722469	1.153855	0.722487	1.153852	0.722567	1.153851	0.722601	1.153852	0.722593	1.156581	0.557667	
1352524503.329690	0.999999	67.591587	53.942602	5.137197	1.154808	0.666139	1.154805	0.671710	1.154784	0.695170	1.154803	0.662775	1.154803	0.662798	1.154801	0.662780	1.154684	0.014920	1.154254	0.013284	1352524503.329844	1.000084	64.905503	51.600925	4.723969	1.153856	0.663980	1.153853	0.663224	1.153852	0.663248	1.153851	0.663196	1.153847	0.663269	1.153848	0.663322	1.153848	0.663275	1.155275	0.607778	
1352524504.329692	1.000002	65.827206	52.176262	5.129049	1.155072	0.655743	1.154966	0.654427	1.155045	0.650525	1.155037	0.650523	1.155036	0.650522	1.155036	0.650528	1.162462	0.017462	1.161810	0.015473	1352524504.329761	0.999917	63.277284	49.969341	4.778564	1.153914	0.652222	1.153856	0.651455	1.153855	0.651488	1.153851	0.651383	1.153880	0.651387	1.153880	0.651461	1.153883	0.651470	1.165686	0.553974	
1352524505.329692	1.000000	67.792252	54.149750	5.136505	1.154202	0.693309	1.154213	0.693558	1.154178	0.689123	1.154176	0.688887	1.154176	0.688920	1.154176	0.688920	1.154615	0.015555	1.154335	0.013848	1352524505.329757	0.999996	65.349584	52.041425	4.796803	1.153863	0.689809	1.153853	0.689123	1.153852	0.689108	1.153853	0.689124	1.153852	0.689236	1.153851	0.689268	1.153849	0.689328	1.155438	0.540173	
1352524506.329691	0.999999	66.041491	52.382786	5.114781	1.155770	0.651024	1.155508	0.649588	1.155427	0.645664	1.155425	0.645425	1.155418	0.645397	1.155418	0.645375	1.157778	0.015574	1.161379	0.013501	1352524506.329777	1.000020	63.840366	50.530269	4.719586	1.153883	0.647093	1.153861	0.646531	1.153858	0.646364	1.153861	0.646287	1.153857	0.646249	1.153856	0.646362	1.153856	0.646471	1.157755	0.537482	
1352524507.329690	0.999999	71.190910	57.526865	5.205770	1.154683	0.796954	1.154692	0.797718	1.154679	0.795106	1.154679	0.795072	1.154679	0.795095	1.154680	0.795081	1.154587	0.015813	1.154543	0.015995	1352524507.329779	1.000002	68.529105	55.230699	4.799063	1.153854	0.796756	1.153850	0.796379	1.153850	0.796378	1.153849	0.796354	1.153849	0.796388	1.153848	0.796398	1.153848	0.796440	1.155044	0.541824	
1352524508.329691	1.000001	70.328561	56.668586	5.245921	1.154576	0.773936	1.154551	0.772858	1.154493	0.770347	1.154486	0.769979	1.154486	0.769996	1.154484	0.770015	1.156500	0.014356	1.156452	0.014535	1352524508.329776	0.999997	67.724621	54.411790	4.729568	1.153865	0.771174	1.153853	0.770685	1.153851	0.770626	1.153853	0.770641	1.153851	0.770612	1.153852	0.770669	1.153852	0.770729	1.155978	0.530604	
1352524509.329692	1.000001	73.090445	59.422307	5.453517	1.154385	0.855312	1.154388	0.855543	1.154384	0.853638	1.154384	0.853599	1.154385	0.853591	1.154384	0.853591	1.154291	0.017545	1.154041	0.015126	1352524509.329763	0.999987	70.668819	57.350346	4.788744	1.153849	0.854784	1.153847	0.854420	1.153846	0.854419	1.153846	0.854402	1.153846	0.854424	1.153846	0.854418	1.153846	0.854426	1.154187	0.552786	
1352524510.329698	1.000006	68.228780	54.558360	5.196960	1.154506	0.704677	1.154367	0.704598	1.154364	0.700484	1.154354	0.700122	1.154348	0.699860	1.154352	0.700166	1.155753	0.015842	1.159795	0.014224	1352524510.329783	1.000020	65.521088	52.202400	4.812205	1.153982	0.726217	1.154046	0.699030	1.154044	0.698994	1.154045	0.698947	1.154044	0.698947	1.154044	0.698972	1.154044	0.699017	1.156540	0.489450	
1352524511.329692	0.999994	68.411388	54.751379	5.162888	1.155097	0.691660	1.155094	0.692134	1.155081	0.687684	1.155081	0.687652	1.155081	0.687689	1.155082	0.687663	1.154511	0.017397	1.154485	0.015282	1352524511.329762	0.999979	65.635288	52.321380	4.845545	1.153850	0.690251	1.153848	0.689549	1.153847	0.689501	1.153847	0.689486	1.153847	0.689521	1.153846	0.689522	1.153847	0.689576	1.154199	0.530856	
1352524512.329692	1.000000	68.914368	55.242859	5.148209	1.154932	0.718067	1.154916	0.717819	1.154813	0.714727	1.154810	0.714672	1.154809	0.714669	1.154812	0.714734	1.158859	0.015930	1.159258	0.015167	1352524512.329760	0.999998	66.369130	53.050181	4.716745	1.153858	0.716707	1.153852	0.716180	1.153851	0.716148	1.153851	0.716151	1.153851	0.716138	1.153850	0.716191	1.153851	0.716246	1.155086	0.546776	
1352524513.329692	1.000000	65.019272	51.354691	5.135941	1.156439	0.587270	1.156459	0.586798	1.156397	0.582193	1.156396	0.582113	1.156397	0.582112	1.156396	0.582104	1.155796	0.014060	1.156572	0.014098	1352524513.329763	1.000003	62.191061	48.877153	4.628098	1.153874	0.585087	1.153858	0.584311	1.153853	0.584343	1.153852	0.584246	1.153852	0.584305	1.153852	0.584271	1.153852	0.584330	1.155506	0.534184	
1352524514.329701	1.000009	67.931910	54.265484	5.084411	1.157654	0.694563	1.157637	0.694576	1.157631	0.691167	1.157630	0.691118	1.157629	0.691092	1.157630	0.691117	1.156635	0.016706	1.156082	0.015638	1352524514.329911	1.000148	65.407735	52.092415	4.738343	1.153874	0.694571	1.153857	0.693936	1.153855	0.693825	1.153856	0.693775	1.153856	0.693797	1.153855	0.693808	1.153856	0.693835	1.156207	0.535773	
1352524515.329692	0.999991	61.771342	48.116174	4.817243	1.156528	0.469815	1.156560	0.470160	1.156409	0.463919	1.156401	0.463906	1.156401	0.463847	1.156402	0.463834	1.160571	0.013664	1.158931	0.012001	1352524515.329763	0.999852	57.648535	44.352346	4.669408	1.154304	0.517630	1.153930	0.463795	1.153923	0.463871	1.153923	0.463759	1.153924	0.463892	1.153924	0.463824	1.153923	0.463895	1.155918	0.440822	
1352524516.329730	1.000038	67.636703	53.972807	5.114888	1.157107	0.713044	1.159983	0.734845	1.155094	0.692642	1.155087	0.692563	1.155087	0.692541	1.155088	0.692557	1.163029	0.022928	1.172304	0.035834	1352524516.329865	1.000102	64.319685	51.005049	4.781144	1.153889	0.694681	1.153865	0.694010	1.153866	0.694052	1.153865	0.694050	1.153861	0.694013	1.153862	0.694005	1.153861	0.694092	1.154361	0.400743	
1352524517.329716	0.999986	65.115448	51.478950	4.720235	1.156725	0.483943	1.159274	0.550117	1.155558	0.489582	1.155336	0.518742	1.155319	0.524827	1.155316	0.524826	1.155377	0.515650	1.168109	0.126700	1352524517.329811	0.999946	56.189215	42.885016	4.199521	1.153646	0.521592	1.153877	0.526576	1.153814	0.520561	1.153834	0.526542	1.153871	0.526591	1.153832	0.526637	1.153846	0.526693	1.152317	0.002470	
1352524518.329704	0.999988	68.696330	55.038773	4.942747	1.157158	0.674581	1.162479	0.563035	1.157500	0.619830	1.156871	0.666280	1.156872	0.666307	1.156872	0.666326	1.156871	0.666396	1.157241	0.023374	1352524518.329841	1.000030	60.147470	46.843319	4.497896	1.153818	0.670201	1.153862	0.669627	1.153846	0.669477	1.153861	0.669433	1.153858	0.669423	1.153861	0.669487	1.153861	0.669687	1.157296	0.002942	
1352524519.329691	0.999987	66.333099	52.673268	4.850344	1.156452	0.509416	1.163134	0.613567	1.160717	0.274271	1.156654	0.566643	1.156618	0.573663	1.156620	0.573690	1.156616	0.573847	1.156512	0.292405	1352524519.329737	0.999896	57.398667	44.092108	4.508296	1.153678	0.570501	1.153868	0.576555	1.153869	0.569550	1.153847	0.576495	1.153847	0.576563	1.153848	0.576540	1.153837	0.576626	1.158914	0.002702	
1352524520.329691	1.000000	67.274536	53.618927	4.873032	1.157264	0.614050	1.162147	0.526709	1.156321	0.039892	1.156941	0.602325	1.156939	0.602328	1.156936	0.602352	1.156937	0.602494	1.156939	0.602432	1352524520.329742	1.000005	58.239119	44.938923	4.406319	1.153861	0.606710	1.153875	0.605904	1.153853	0.605734	1.153867	0.605766	1.153864	0.605734	1.153868	0.605824	1.153866	0.605950	1.157618	0.002963	
1352524521.329692	1.000001	70.956246	57.286704	4.899684	1.154871	0.705026	1.155060	0.590242	1.158273	0.023439	1.154909	0.696806	1.154909	0.696798	1.154909	0.696814	1.154909	0.696821	1.154909	0.696827	1352524521.329738	0.999996	61.305241	47.994167	4.215532	1.153854	0.699282	1.153850	0.698519	1.153850	0.698509	1.153847	0.698502	1.153849	0.698533	1.153849	0.698535	1.153848	0.698597	1.154576	0.002804	
1352524522.329711	1.000019	72.482596	58.810341	5.076655	1.155463	0.749556	1.155865	0.714470	1.155281	0.357104	1.153932	0.265782	1.155151	0.749629	1.155149	0.749639	1.155153	0.749657	1.155149	0.749613	1352524522.329868	1.000130	62.848004	49.539736	4.403938	1.153801	0.752117	1.153856	0.751498	1.153854	0.751386	1.153857	0.751403	1.153854	0.751359	1.153856	0.751386	1.153855	0.751410	1.156180	0.003007	
1352524523.329692	0.999981	65.526213	51.860181	4.873918	1.155425	0.511405	1.157596	0.550438	1.155242	0.505744	1.157200	0.020907	1.155241	0.503346	1.155241	0.503378	1.155243	0.503543	1.155240	0.503396	1352524523.329760	0.999892	55.334147	42.031944	4.326395	1.153881	0.505839	1.153871	0.504746	1.153867	0.504828	1.153865	0.504746	1.153865	0.504869	1.153862	0.504831	1.153861	0.504913	1.157452	0.002876	
1352524524.329689	0.999997	70.262394	56.585731	4.995194	1.155225	0.681946	1.157720	0.519145	1.156713	0.704665	1.156304	0.039345	1.154949	0.675196	1.154946	0.675206	1.154954	0.675362	1.154947	0.675185	1352524524.329733	0.999973	60.692584	47.384196	4.404950	1.153822	0.678075	1.153854	0.677274	1.153852	0.677212	1.153853	0.677242	1.153850	0.677244	1.153852	0.677262	1.153852	0.677304	1.155465	0.003036	
1352524525.329692	1.000003	68.272219	54.610533	4.858597	1.156551	0.625855	1.156092	0.484705	1.156848	0.622834	1.155103	0.042688	1.156420	0.604708	1.156419	0.604730	1.156420	0.604807	1.156419	0.604734	1352524525.329738	1.000005	58.530057	45.222659	4.396050	1.153867	0.608727	1.153858	0.607863	1.153857	0.607843	1.153856	0.607847	1.153859	0.607884	1.153857	0.607871	1.153855	0.607925	1.156759	0.002860	
1352524526.329692	1.000000	67.394119	53.718719	4.789520	1.156307	0.606927	1.162864	0.504046	1.157494	0.653473	1.159022	0.030413	1.155789	0.600082	1.155790	0.600101	1.155789	0.600107	1.155782	0.600038	1352524526.329812	1.000074	58.144399	44.839887	4.414438	1.153793	0.603354	1.153873	0.602554	1.153869	0.602469	1.153873	0.602541	1.153866	0.602489	1.153871	0.602575	1.153868	0.602634	1.158570	0.002917	
1352524527.329690	0.999998	65.574115	51.902687	4.847406	1.157774	0.553006	1.159576	0.544932	1.155748	0.507234	1.156712	0.018952	1.155448	0.528408	1.155447	0.528408	1.155446	0.528410	1.155447	0.528415	1352524527.329757	0.999945	55.947600	42.652724	4.384900	1.153737	0.531002	1.153844	0.529962	1.153872	0.529971	1.153850	0.529941	1.153872	0.530026	1.153849	0.530000	1.153848	0.530056	1.149999	0.003003	
1352524528.329688	0.999998	66.283909	52.614267	4.913370	1.157621	0.632671	1.164927	0.579855	1.157630	0.499815	1.159208	0.051693	1.155508	0.596843	1.155507	0.596868	1.155503	0.596836	1.155504	0.596836	1352524528.329755	0.999998	57.630817	44.326409	4.407937	1.153691	0.599457	1.153861	0.598581	1.153837	0.598578	1.153831	0.598526	1.153876	0.598484	1.153865	0.598470	1.153874	0.598542	1.159324	0.002707	
1352524529.329691	1.000003	70.577204	56.911124	4.824311	1.155356	0.699633	1.158085	0.628586	1.155222	0.618253	1.155530	0.039881	1.155251	0.692978	1.155250	0.693040	1.155249	0.693050	1.155250	0.693039	1352524529.329731	0.999976	60.374272	47.073567	4.277645	1.153696	0.695968	1.153854	0.695211	1.153809	0.695208	1.153833	0.695226	1.153815	0.695319	1.153852	0.695277	1.153843	0.695328	1.155383	0.003054	
1352524530.329708	1.000017	63.670950	50.013985	4.407396	1.154996	0.327648	1.167314	0.673591	1.163500	0.563692	1.156328	0.073066	1.155089	0.444252	1.155084	0.444228	1.155078	0.444245	1.155079	0.444199	1352524530.329842	1.000111	52.559499	39.271317	3.616450	1.153446	0.446299	1.153926	0.445381	1.153840	0.445268	1.153866	0.445316	1.153871	0.445282	1.153852	0.445368	1.153862	0.445395	1.154796	0.002202	
1352524531.329701	0.999993	66.109741	52.471600	4.342742	1.154964	0.647537	1.158323	0.594674	1.195737	0.663720	1.166739	0.109367	1.154670	0.644938	1.154670	0.644999	1.154671	0.645002	1.154673	0.645007	1352524531.329779	0.999937	53.202796	39.919764	3.555079	1.153635	0.646415	1.153820	0.646146	1.153828	0.646121	1.153861	0.646091	1.153839	0.646139	1.153829	0.646126	1.153799	0.646213	1.153747	0.002063	
1352524532.329697	0.999996	63.302350	49.637988	4.669529	1.155408	0.463289	1.171790	0.630532	1.154714	0.457441	1.175357	0.012730	1.154610	0.456204	1.154581	0.455992	1.154605	0.456194	1.154577	0.455946	1352524532.329746	0.999967	52.904222	39.607474	4.017268	1.153309	0.457737	1.153884	0.456628	1.153761	0.456584	1.153879	0.456564	1.153859	0.456552	1.153843	0.456629	1.153877	0.456690	1.159916	0.002643	
1352524533.329692	0.999995	71.878915	58.207491	4.830789	1.154740	0.720219	1.154760	0.564486	1.154700	0.715888	1.155044	0.015746	1.154698	0.715854	1.154698	0.715870	1.154696	0.715934	1.154698	0.715860	1352524533.329781	1.000035	61.906583	48.606207	4.335892	1.153807	0.717966	1.153855	0.717266	1.153856	0.717282	1.153855	0.717239	1.153854	0.717308	1.153853	0.717282	1.153853	0.717331	1.155931	0.002762	
1352524534.329693	1.000001	63.372407	49.714857	4.587520	1.157739	0.500664	1.161494	0.560865	1.163471	0.518506	1.158128	0.027803	1.155741	0.481681	1.155737	0.481652	1.155739	0.481820	1.155736	0.481601	1352524534.329759	0.999978	54.524084	41.235066	4.009030	1.153661	0.484570	1.153856	0.483509	1.153853	0.483426	1.153853	0.483457	1.153850	0.483467	1.153865	0.483496	1.153849	0.483568	1.159891	0.002114	
1352524535.329698	1.000005	72.712603	59.036387	4.937399	1.156083	0.691122	1.156793	0.629299	1.156342	0.749001	1.154998	0.030886	1.155713	0.759549	1.155719	0.759689	1.155719	0.759679	1.155719	0.759668	1352524535.329797	1.000038	63.901539	50.596349	4.495664	1.153773	0.762770	1.153853	0.762188	1.153854	0.762200	1.153852	0.762176	1.153853	0.762045	1.153852	0.762029	1.153846	0.762076	1.154699	0.006220	
1352524536.329698	1.000000	70.453873	56.781052	4.815567	1.155991	0.709751	1.158643	0.545591	1.155650	0.711713	1.156333	0.023988	1.155664	0.698869	1.155664	0.698910	1.155661	0.698855	1.155661	0.698856	1352524536.329802	1.000005	61.820796	48.520616	4.297067	1.153855	0.702310	1.153851	0.701659	1.153850	0.701615	1.153851	0.701637	1.153850	0.701618	1.153850	0.701649	1.153849	0.701712	1.154816	0.002343	
1352524537.329691	0.999993	71.469488	57.798739	4.918399	1.154831	0.326694	1.158378	0.774550	1.155264	0.671218	1.153981	0.206800	1.155378	0.697656	1.155376	0.697841	1.155375	0.697847	1.155376	0.697846	1352524537.329771	0.999969	61.264869	47.956091	4.449418	1.153789	0.700798	1.153859	0.700035	1.153845	0.700062	1.153843	0.700043	1.153842	0.700087	1.153841	0.700054	1.153852	0.699934	1.153167	0.002976	
1352524538.329700	1.000009	69.902718	56.230326	4.852480	1.156097	0.652588	1.157427	0.574798	1.155372	0.597131	1.155284	0.028854	1.155984	0.646483	1.155981	0.646465	1.155981	0.646480	1.155980	0.646464	1352524538.329769	0.999998	59.662177	46.359936	4.370034	1.153824	0.649268	1.153855	0.648518	1.153854	0.648487	1.153854	0.648515	1.153854	0.648515	1.153854	0.648535	1.153852	0.648555	1.155670	0.002905	
1352524539.329698	0.999998	69.754009	56.074799	4.788171	1.156160	0.670813	1.155686	0.511389	1.155913	0.648656	1.155494	0.024789	1.155906	0.643291	1.155905	0.643292	1.155905	0.643317	1.155905	0.643297	1352524539.329791	1.000022	59.578878	46.275978	4.384196	1.153801	0.646434	1.153857	0.645600	1.153858	0.645622	1.153857	0.645583	1.153858	0.645661	1.153855	0.645620	1.153855	0.645669	1.156358	0.002799	
1352524540.329704	1.000006	62.707893	49.048002	4.825212	1.157130	0.446502	1.174227	0.637272	1.160953	0.450982	1.161380	0.056498	1.155734	0.515192	1.155731	0.515106	1.155735	0.515125	1.155733	0.515108	1352524540.329747	0.999956	55.214410	41.930759	4.477218	1.153849	0.518270	1.153905	0.517523	1.153900	0.517329	1.153885	0.517264	1.153888	0.517295	1.153888	0.517297	1.153891	0.517440	1.162609	0.002859	
1352524541.329695	0.999991	71.098361	57.415651	4.949599	1.155617	0.691430	1.155034	0.505898	1.155703	0.698636	1.154715	0.043422	1.155464	0.685062	1.155463	0.685089	1.155462	0.685093	1.155462	0.685087	1352524541.329765	1.000018	60.807918	47.505483	4.455792	1.153871	0.688125	1.153858	0.687467	1.153859	0.687485	1.153858	0.687461	1.153859	0.687578	1.153855	0.687592	1.153855	0.687648	1.156010	0.003068	
1352524542.329688	0.999993	715770254.730250	715785136.677628	715795440.798708	0.999983	1.000517	0.999981	1.000520	0.999983	1.000525	0.999983	1.000517	0.999983	1.000521	0.999986	1.000515	0.999983	1.000520	0.999983	1.000518	1352524542.329767	1.000002	715798841.108961	715808672.142135	715782505.853253	0.999983	1.000518	0.999981	1.000520	3.893493	0.256970	0.999983	1.000517	0.999983	1.000521	0.999986	1.000515	0.999983	1.000520	0.999983	1.000518	
1352524543.329763	1.000075	0.000000	0.000000	0.000000	-nan	-nan	-nan	-nan	1.000008	inf	-nan	-nan	-nan	0.000000	-nan	-nan	-nan	-nan	-nan	-nan	1352524543.330026	1.000259	0.000000	0.000000	0.000000	-nan	-nan	-nan	-nan	1.345745	inf	-nan	-nan	-nan	-nan	-nan	-nan	-nan	-nan	-nan	-nan	
