ts_0	elapsed_0	pkg_0	pp0_0	dram_0	freq_ratio_0_0	c0_ratio_0_0	freq_ratio_0_1	c0_ratio_0_1	freq_ratio_0_2	c0_ratio_0_2	freq_ratio_0_3	c0_ratio_0_3	freq_ratio_0_4	c0_ratio_0_4	freq_ratio_0_5	c0_ratio_0_5	freq_ratio_0_6	c0_ratio_0_6	freq_ratio_0_7	c0_ratio_0_7	ts_1	elapsed_1	pkg_1	pp0_1	dram_1	freq_ratio_1_0	c0_ratio_1_0	freq_ratio_1_1	c0_ratio_1_1	freq_ratio_1_2	c0_ratio_1_2	freq_ratio_1_3	c0_ratio_1_3	freq_ratio_1_4	c0_ratio_1_4	freq_ratio_1_5	c0_ratio_1_5	freq_ratio_1_6	c0_ratio_1_6	freq_ratio_1_7	c0_ratio_1_7	
1352524497.460432	1.001962	61.321524	47.917037	3.789836	1.166103	0.666165	1.165846	0.666599	1.166086	0.662268	1.162550	0.627690	1.166120	0.636024	1.160613	0.589888	1.157067	0.013194	1.157748	0.011009	1352524497.460478	1.000380	66.322573	52.984838	4.506268	1.154242	0.665208	1.154516	0.664049	1.154400	0.663994	1.154362	0.664084	1.153769	0.653045	1.153846	0.652922	1.153821	0.652888	1.161542	0.621850	
1352524498.460432	1.000000	67.979935	54.577698	3.854614	1.154618	0.799780	1.154622	0.800655	1.154619	0.797679	1.154619	0.797652	1.154618	0.797651	1.154618	0.797397	1.153816	0.020385	1.154165	0.017879	1352524498.460517	1.000039	72.719218	59.408642	4.982364	1.153847	0.799689	1.153847	0.799249	1.153847	0.799245	1.153847	0.799032	1.153847	0.799062	1.153847	0.799086	1.153847	0.799060	1.153878	0.514832	
1352524499.460449	1.000017	62.198441	48.800398	3.826153	1.154430	0.608763	1.154431	0.607647	1.154371	0.602314	1.154368	0.604244	1.154367	0.602262	1.154366	0.602307	1.155525	0.014473	1.157015	0.013033	1352524499.460493	0.999976	66.729680	53.407795	4.511324	1.153895	0.603984	1.153866	0.602882	1.153863	0.602960	1.153866	0.602940	1.153861	0.602848	1.153862	0.602882	1.153864	0.603009	1.157675	0.604270	
1352524500.460443	0.999994	67.467107	54.056047	3.842751	1.155030	0.765450	1.155033	0.766759	1.155029	0.762979	1.155028	0.762974	1.155028	0.762966	1.155028	0.762979	1.154035	0.018735	1.153955	0.019172	1352524500.460531	1.000038	71.809778	58.476451	5.021447	1.153852	0.764875	1.153849	0.764167	1.153848	0.764109	1.153848	0.764146	1.153848	0.764141	1.153848	0.764166	1.153848	0.764188	1.154334	0.503257	
1352524501.460431	0.999988	66.993947	53.579893	3.842285	1.154545	0.751803	1.154554	0.751784	1.154527	0.748246	1.154527	0.748229	1.154526	0.748279	1.154525	0.748287	1.154869	0.018835	1.154741	0.018171	1352524501.460517	0.999986	71.411222	58.074395	4.989648	1.153855	0.750157	1.153850	0.749401	1.153850	0.749401	1.153850	0.749404	1.153849	0.749375	1.153849	0.749402	1.153850	0.749473	1.154650	0.502646	
1352524502.460439	1.000008	66.039687	52.622681	3.833892	1.154564	0.717985	1.154559	0.717904	1.154533	0.713808	1.154531	0.713827	1.154531	0.713778	1.154532	0.713791	1.154703	0.017254	1.153951	0.017283	1352524502.460524	1.000007	70.659042	57.317994	4.971233	1.153851	0.715957	1.153849	0.715462	1.153848	0.714940	1.153848	0.754728	1.153847	0.714992	1.153847	0.715027	1.153847	0.714982	1.154311	0.502772	
1352524503.460431	0.999992	63.410960	50.000695	3.809342	1.154845	0.651388	1.154848	0.650916	1.154825	0.646292	1.154825	0.646282	1.154827	0.646463	1.154824	0.646314	1.155575	0.014402	1.155962	0.016111	1352524503.460515	0.999991	68.277611	54.941812	4.693860	1.153867	0.648729	1.153856	0.647830	1.153853	0.647834	1.153853	0.647861	1.153852	0.647806	1.153852	0.647841	1.153852	0.647875	1.155717	0.554712	
1352524504.460434	1.000003	65.985666	52.572545	3.825656	1.154886	0.717951	1.154893	0.718870	1.154884	0.715107	1.154885	0.715111	1.154885	0.715107	1.154885	0.715108	1.154176	0.018448	1.154460	0.016423	1352524504.460508	0.999993	70.392393	57.053388	4.848392	1.153849	0.717590	1.153848	0.716842	1.153848	0.716824	1.153847	0.716821	1.153847	0.716851	1.153847	0.716891	1.153847	0.716858	1.154164	0.494069	
1352524505.460433	0.999999	65.633592	52.229099	3.833546	1.156634	0.726379	1.156647	0.725957	1.156629	0.722252	1.156630	0.722247	1.156630	0.722287	1.156631	0.722281	1.154671	0.020069	1.154763	0.016657	1352524505.460493	0.999985	70.462499	57.119602	4.970564	1.153855	0.725348	1.153850	0.724603	1.153851	0.724605	1.153850	0.724587	1.153849	0.724595	1.153849	0.724625	1.153850	0.724657	1.155188	0.483914	
1352524506.460440	1.000007	64.037430	50.618699	3.824421	1.155511	0.657188	1.155534	0.656993	1.155499	0.652876	1.155497	0.652755	1.155498	0.652733	1.155498	0.652732	1.154948	0.015660	1.155134	0.017857	1352524506.460528	1.000035	68.542153	55.209292	4.914653	1.153855	0.655303	1.153851	0.654468	1.153850	0.654423	1.153850	0.654405	1.153851	0.654442	1.153851	0.654475	1.153849	0.654428	1.154815	0.504427	
1352524507.460431	0.999991	67.971212	54.556662	3.831181	1.155849	0.804021	1.155848	0.804041	1.155841	0.801374	1.155840	0.801370	1.155839	0.801418	1.155840	0.801404	1.154345	0.017864	1.154520	0.017616	1352524507.460516	0.999988	72.888198	59.545571	4.885205	1.153858	0.804997	1.153873	0.804956	1.153851	0.804501	1.153841	0.804489	1.153850	0.804482	1.153850	0.804508	1.153851	0.804549	1.155477	0.491807	
1352524508.460431	1.000000	67.623245	54.205032	3.836166	1.156159	0.781060	1.156177	0.782299	1.156149	0.778998	1.156150	0.779019	1.156150	0.778982	1.156149	0.778973	1.154953	0.017799	1.154820	0.018758	1352524508.460500	0.999984	72.220255	58.869028	4.966144	1.153852	0.782263	1.153849	0.781689	1.153836	0.781663	1.153859	0.781655	1.153849	0.781681	1.153848	0.781753	1.153847	0.781661	1.154719	0.471930	
1352524509.460439	1.000008	68.517465	55.089809	3.821105	1.156070	0.807693	1.156070	0.807430	1.156068	0.804693	1.156069	0.804710	1.156067	0.804732	1.156065	0.804650	1.154147	0.021394	1.154116	0.017826	1352524509.460499	0.999999	73.638391	60.270352	4.951222	1.153853	0.808462	1.153851	0.807893	1.153861	0.807809	1.153851	0.807884	1.153850	0.807870	1.153850	0.807907	1.153848	0.807842	1.154351	0.507575	
1352524510.460541	1.000102	67.876268	54.453397	3.862582	1.155942	0.699531	1.155098	0.646002	1.155914	0.720456	1.155907	0.715125	1.155908	0.715108	1.155908	0.715103	1.156330	0.465893	1.154169	0.067029	1352524510.460589	1.000090	67.031634	53.669660	4.854071	1.153852	0.719041	1.153847	0.718267	1.153847	0.718215	1.153847	0.718224	1.153847	0.718235	1.153847	0.718269	1.153848	0.718244	1.153836	0.078212	
1352524511.460432	0.999891	68.677390	55.251061	3.874369	1.156873	0.753698	1.156544	0.548374	1.156642	0.665390	1.156853	0.742125	1.156854	0.742160	1.156854	0.742118	1.156853	0.742099	1.154606	0.041186	1352524511.460489	0.999900	68.158619	54.802914	4.856610	1.153853	0.747514	1.153849	0.746716	1.153849	0.746653	1.153849	0.746624	1.153848	0.746648	1.153850	0.746675	1.153850	0.746708	1.154398	0.002788	
1352524512.460458	1.000026	68.022219	54.612030	3.854255	1.157698	0.744847	1.155475	0.564089	1.156142	0.625426	1.156638	0.720766	1.156638	0.720730	1.156637	0.720712	1.156637	0.720787	1.155082	0.025485	1352524512.460511	1.000022	66.306865	52.956114	4.910171	1.153880	0.725679	1.153928	0.725339	1.153875	0.724909	1.153873	0.724936	1.153865	0.724907	1.153869	0.724965	1.153864	0.724845	1.156469	0.003519	
1352524513.460431	0.999973	63.395583	49.972645	3.836270	1.156374	0.551475	1.157047	0.548182	1.155158	0.482467	1.156015	0.542123	1.156013	0.542169	1.156012	0.542133	1.156012	0.542086	1.154757	0.032681	1352524513.460497	0.999986	60.587293	47.238641	4.756506	1.153882	0.545478	1.153866	0.544325	1.153861	0.544324	1.153863	0.544366	1.153866	0.544345	1.153866	0.544388	1.153857	0.544419	1.156195	0.003179	
1352524514.460433	1.000002	66.018063	52.599082	3.872780	1.156509	0.590041	1.156002	0.487920	1.156608	0.650476	1.156576	0.639853	1.156575	0.639841	1.156574	0.639775	1.156575	0.639815	1.154271	0.058672	1352524514.460471	0.999974	64.482572	51.135820	4.774813	1.153866	0.644403	1.153854	0.643511	1.153855	0.643558	1.153856	0.643570	1.153852	0.643528	1.153851	0.643599	1.153849	0.643525	1.154842	0.002713	
1352524515.460430	0.999997	63.462843	50.052661	3.853283	1.156633	0.516948	1.158000	0.593383	1.156596	0.505565	1.156291	0.561864	1.156287	0.561861	1.156286	0.561800	1.156285	0.561752	1.158671	0.027945	1352524515.460487	1.000016	60.845876	47.514042	4.749619	1.153860	0.565521	1.153868	0.564426	1.153866	0.564426	1.153865	0.564411	1.153861	0.564388	1.153861	0.564443	1.153865	0.564472	1.157322	0.003089	
1352524516.460431	1.000001	66.459898	53.041102	3.864208	1.157526	0.652121	1.154485	0.443397	1.157649	0.653142	1.157515	0.646504	1.157514	0.646511	1.157513	0.646423	1.157513	0.646478	1.154076	0.053645	1352524516.460492	1.000005	64.755428	51.412569	4.755775	1.153853	0.651863	1.153854	0.651255	1.153851	0.651018	1.153850	0.651025	1.153849	0.651030	1.153849	0.651067	1.153850	0.651058	1.154777	0.002632	
1352524517.460431	1.000000	62.614532	49.203400	3.801788	1.156594	0.547318	1.161326	0.558254	1.157308	0.549950	1.156264	0.540250	1.156264	0.540545	1.156255	0.540268	1.156257	0.540163	1.157917	0.020771	1352524517.460489	0.999997	59.898684	46.580863	4.398497	1.153901	0.544040	1.153894	0.543305	1.153878	0.543043	1.153876	0.542895	1.153876	0.542931	1.153878	0.543001	1.153876	0.543007	1.159113	0.003003	
1352524518.460432	1.000001	68.714183	55.297524	3.856930	1.156475	0.754459	1.156708	0.469341	1.156382	0.764907	1.156381	0.750001	1.156380	0.750033	1.156379	0.749984	1.156380	0.750016	1.155067	0.030247	1352524518.460480	0.999991	68.758847	55.425612	4.756650	1.153863	0.754512	1.153851	0.753835	1.153851	0.753840	1.153850	0.753814	1.153850	0.753822	1.153851	0.753878	1.153849	0.753824	1.154588	0.002746	
1352524519.460429	0.999997	60.612782	47.208352	3.787686	1.157029	0.491398	1.169558	0.511772	1.156223	0.486995	1.156017	0.478747	1.156017	0.478796	1.156026	0.478829	1.156007	0.478961	1.157830	0.028206	1352524519.460489	1.000009	60.332949	46.994356	4.519490	1.153823	0.482388	1.153870	0.481064	1.153874	0.481117	1.153866	0.481138	1.153867	0.481085	1.153866	0.481150	1.153867	0.481209	1.158653	0.001881	
1352524520.460431	1.000002	68.651252	55.231370	3.855538	1.155927	0.733593	1.154764	0.503638	1.155913	0.729243	1.155915	0.728462	1.155914	0.728446	1.155914	0.728432	1.155914	0.728446	1.154172	0.027585	1352524520.460477	0.999988	67.629102	54.286994	4.660059	1.153856	0.732330	1.153850	0.731498	1.153848	0.731455	1.153849	0.731443	1.153850	0.731488	1.153850	0.731526	1.153849	0.731478	1.154759	0.002609	
1352524521.460432	1.000001	65.616530	52.194012	3.859051	1.155351	0.633630	1.157931	0.532181	1.155245	0.634999	1.155155	0.624787	1.155154	0.624821	1.155155	0.624822	1.155152	0.624756	1.155221	0.024320	1352524521.460467	0.999990	63.895842	50.546740	4.511123	1.153864	0.627948	1.153855	0.626901	1.153853	0.626876	1.153854	0.626878	1.153853	0.626877	1.153853	0.626917	1.153854	0.626935	1.155522	0.002534	
1352524522.461018	1.000586	68.894593	55.464200	3.875231	1.157287	0.692374	1.155575	0.617859	1.155634	0.499239	1.156261	0.740266	1.156811	0.787513	1.156260	0.740210	1.156261	0.740243	1.154127	0.137616	1352524522.461070	1.000603	67.666780	54.313732	4.809844	1.153836	0.744990	1.153852	0.744555	1.153851	0.744244	1.153851	0.744265	1.153852	0.744273	1.153851	0.744303	1.153850	0.744276	1.154697	0.003942	
1352524523.460429	0.999411	65.085875	51.674046	3.850687	1.155608	0.651940	1.160170	0.503484	1.155433	0.620973	1.155427	0.620882	1.155500	0.584297	1.155423	0.620831	1.155422	0.620765	1.155827	0.040293	1352524523.460464	0.999394	63.420715	50.086981	4.690923	1.153857	0.623762	1.153850	0.622671	1.153851	0.622728	1.153852	0.622746	1.153849	0.622688	1.153850	0.622727	1.153851	0.622769	1.154587	0.002880	
1352524524.460432	1.000003	67.218298	53.794618	3.870883	1.156159	0.692938	1.158372	0.511957	1.156153	0.695359	1.155922	0.684398	1.155920	0.684365	1.155920	0.684361	1.155923	0.684411	1.155662	0.025838	1352524524.460466	1.000002	65.118070	51.774468	4.727713	1.153880	0.688173	1.153870	0.687255	1.153871	0.687266	1.153869	0.687284	1.153861	0.687256	1.153862	0.687329	1.153860	0.687200	1.156285	0.003397	
1352524525.460461	1.000029	63.625957	50.218235	3.842082	1.157293	0.609848	1.158729	0.557038	1.156860	0.398274	1.156931	0.562028	1.156934	0.562062	1.156933	0.562074	1.156929	0.561989	1.154701	0.059382	1352524525.460514	1.000048	61.100176	47.757645	4.840665	1.153899	0.566751	1.153869	0.565580	1.153865	0.565553	1.153868	0.565616	1.153865	0.565554	1.153867	0.565594	1.153864	0.565648	1.156966	0.003243	
1352524526.461043	1.000582	64.332143	50.908040	3.855300	1.156485	0.491632	1.156356	0.601657	1.155754	0.521098	1.156503	0.562968	1.156503	0.562930	1.156502	0.562932	1.156502	0.562938	1.157881	0.057806	1352524526.461108	1.000594	62.267295	48.932350	4.630032	1.153882	0.566701	1.153859	0.565607	1.153858	0.565591	1.153858	0.565527	1.153858	0.565572	1.153858	0.565643	1.153856	0.565572	1.155534	0.002606	
1352524527.460456	0.999413	66.311736	52.895856	3.844511	1.155630	0.666457	1.156858	0.575502	1.155480	0.570882	1.155371	0.657920	1.155369	0.657953	1.155368	0.657948	1.155368	0.657907	1.156490	0.021418	1352524527.460496	0.999388	63.874359	50.538468	4.721014	1.153832	0.661234	1.153868	0.660760	1.153869	0.660420	1.153870	0.660442	1.153867	0.660377	1.153866	0.660410	1.153868	0.660431	1.158088	0.003278	
1352524528.460444	0.999988	61.389083	47.977485	3.741210	1.155397	0.459436	1.160135	0.615432	1.155008	0.431023	1.155380	0.478982	1.155379	0.478966	1.155379	0.478953	1.155376	0.478989	1.157682	0.042890	1352524528.460510	1.000014	58.583572	45.257496	4.353348	1.153557	0.481841	1.153891	0.480610	1.153821	0.480575	1.153798	0.480596	1.153845	0.480612	1.153822	0.480649	1.153832	0.480600	1.153599	0.002298	
1352524529.460456	1.000012	71.382206	57.962230	3.864975	1.155531	0.833488	1.154848	0.555739	1.155392	0.751141	1.155514	0.830123	1.155515	0.830140	1.155515	0.829988	1.155514	0.830099	1.154218	0.039738	1352524529.460493	0.999983	70.087429	56.743148	4.911353	1.153859	0.833895	1.153851	0.833446	1.153851	0.833507	1.153852	0.833507	1.153850	0.833480	1.153850	0.833522	1.153852	0.833546	1.155025	0.002910	
1352524530.460447	0.999991	57.700550	44.298375	3.202940	1.158064	0.378371	1.166157	0.723914	1.156478	0.273149	1.154364	0.325192	1.154361	0.325152	1.154359	0.325145	1.154362	0.325215	1.156058	0.061512	1352524530.460581	1.000088	53.129405	39.808601	3.364282	1.153339	0.326773	1.153910	0.325608	1.153815	0.325607	1.153831	0.325602	1.153829	0.325591	1.153851	0.325672	1.153867	0.325553	1.152571	0.001757	
1352524531.460448	1.000001	66.077970	52.663188	3.441876	1.157016	0.701373	1.178844	0.589599	1.154937	0.719149	1.155156	0.682805	1.155154	0.682819	1.155146	0.682648	1.155150	0.682748	1.158531	0.022671	1352524531.460487	0.999906	61.411653	48.080154	3.958074	1.153574	0.685279	1.153843	0.684834	1.153790	0.684959	1.153829	0.684936	1.153797	0.684866	1.153827	0.684935	1.153850	0.684913	1.150085	0.002227	
1352524532.460433	0.999985	62.501549	49.098882	3.807247	1.156056	0.503766	1.162729	0.574365	1.155837	0.533982	1.155835	0.528789	1.155833	0.528808	1.155832	0.528800	1.155833	0.528787	1.157926	0.017870	1352524532.460483	0.999996	59.668989	46.336553	4.442859	1.153800	0.531971	1.153876	0.531078	1.153857	0.530847	1.153857	0.530849	1.153858	0.530890	1.153878	0.530929	1.153873	0.530864	1.159286	0.002881	
1352524533.460435	1.000002	65.955547	52.537375	3.842461	1.156793	0.650909	1.156382	0.468284	1.157393	0.657856	1.156381	0.641134	1.156380	0.641108	1.156379	0.641119	1.156382	0.641138	1.156288	0.029648	1352524533.460524	1.000041	64.215613	50.882191	4.561642	1.153857	0.645287	1.153851	0.644367	1.153850	0.644370	1.153850	0.644362	1.153850	0.644369	1.153849	0.644397	1.153850	0.644380	1.155035	0.002748	
1352524534.460433	0.999998	63.951126	50.536397	3.840919	1.156413	0.613457	1.159740	0.624407	1.156487	0.505780	1.155838	0.589253	1.155836	0.589107	1.155836	0.589091	1.155836	0.589249	1.156332	0.039029	1352524534.460471	0.999947	62.599993	49.269621	4.364168	1.153821	0.592454	1.153868	0.591355	1.153851	0.591350	1.153851	0.591380	1.153869	0.591361	1.153869	0.591462	1.153866	0.591370	1.158570	0.002274	
1352524535.460433	1.000000	67.437454	54.015442	3.894424	1.155297	0.568859	1.157847	0.606211	1.156015	0.717795	1.155640	0.695804	1.155640	0.695798	1.155642	0.695731	1.155643	0.695850	1.156109	0.026010	1352524535.460490	1.000019	65.398350	52.058394	4.757127	1.153848	0.699372	1.153847	0.698592	1.153847	0.698603	1.153847	0.698637	1.153847	0.698601	1.153846	0.698632	1.153847	0.698636	1.154092	0.003060	
1352524536.460429	0.999996	67.316649	53.900075	3.799347	1.156141	0.703575	1.158985	0.544747	1.156034	0.699163	1.156034	0.699166	1.156034	0.699125	1.156034	0.699131	1.156032	0.699181	1.156224	0.022270	1352524536.460467	0.999977	64.912405	51.593710	4.445201	1.153765	0.703432	1.153866	0.702649	1.153856	0.702598	1.153863	0.702584	1.153864	0.702624	1.153864	0.702664	1.153863	0.702606	1.156444	0.002880	
1352524537.460434	1.000005	63.909470	50.489097	3.854595	1.155455	0.558289	1.155796	0.484203	1.155761	0.563559	1.155396	0.551086	1.155397	0.551087	1.155396	0.551104	1.155394	0.551105	1.155734	0.018007	1352524537.460505	1.000038	60.915614	47.581051	4.776400	1.153874	0.554163	1.153853	0.553354	1.153852	0.552961	1.153852	0.552979	1.153853	0.552978	1.153852	0.552998	1.153852	0.552986	1.155051	0.003329	
1352524538.460432	0.999998	68.357033	54.947416	3.847969	1.156385	0.730968	1.155020	0.470790	1.156350	0.726769	1.156352	0.725891	1.156351	0.725860	1.156351	0.725795	1.156351	0.725854	1.154381	0.029337	1352524538.460481	0.999976	67.316623	53.975848	4.839777	1.153864	0.730538	1.153854	0.729880	1.153853	0.729876	1.153852	0.729861	1.153853	0.729889	1.153852	0.729968	1.153851	0.729895	1.155430	0.002517	
1352524539.460432	1.000000	64.944321	51.521713	3.848785	1.154966	0.522047	1.156343	0.603320	1.155548	0.509740	1.155410	0.586401	1.155408	0.586395	1.155409	0.586405	1.155406	0.586403	1.154786	0.067359	1352524539.460518	1.000037	64.060239	50.726229	4.616544	1.153832	0.589093	1.153854	0.588037	1.153851	0.588051	1.153850	0.588047	1.153850	0.588037	1.153850	0.588095	1.153850	0.588053	1.155174	0.001987	
1352524540.460821	1.000389	64.994547	51.574476	3.872349	1.158186	0.654760	1.156537	0.545642	1.155575	0.443469	1.156650	0.600196	1.156649	0.600140	1.156649	0.600158	1.156649	0.600193	1.154362	0.079150	1352524540.460858	1.000340	63.388239	50.039323	4.774622	1.153883	0.604399	1.153859	0.603298	1.153861	0.603281	1.153861	0.603288	1.153859	0.603305	1.153861	0.603395	1.153856	0.603293	1.156200	0.002610	
1352524541.460429	0.999608	66.706688	53.270269	3.885281	1.155356	0.593777	1.156166	0.627046	1.154807	0.601210	1.155316	0.654026	1.155315	0.654006	1.155316	0.653619	1.155315	0.654028	1.155180	0.023018	1352524541.460476	0.999618	64.762285	51.422580	4.680972	1.153859	0.656758	1.153849	0.656332	1.153848	0.656282	1.153849	0.656279	1.153849	0.656297	1.153850	0.656326	1.153849	0.656306	1.154583	0.002785	
1352524542.460432	1.000003	715770447.985394	715766858.542097	715787922.845965	0.999954	1.000331	0.999953	1.000341	0.999956	1.000347	0.999951	1.000317	0.999955	1.000338	0.999957	1.000330	0.999956	1.000341	0.999954	1.000333	1352524542.460523	1.000047	715736369.023546	715737805.279558	715733502.670259	0.999954	1.000332	0.999951	1.000334	3.895419	0.256789	0.999954	1.000331	0.999955	1.000339	0.999957	1.000332	0.999954	1.000333	0.999956	1.000344	
1352524543.460620	1.000188	0.000000	0.000000	0.000000	-nan	-nan	-nan	-nan	1.000008	inf	-nan	-nan	-nan	0.000000	-nan	-nan	-nan	-nan	-nan	-nan	1352524543.460684	1.000161	0.000000	0.000000	0.000000	-nan	-nan	-nan	-nan	1.345745	inf	-nan	-nan	-nan	-nan	-nan	-nan	-nan	-nan	-nan	-nan	
