ts_0	elapsed_0	pkg_0	pp0_0	dram_0	freq_ratio_0_0	c0_ratio_0_0	freq_ratio_0_1	c0_ratio_0_1	freq_ratio_0_2	c0_ratio_0_2	freq_ratio_0_3	c0_ratio_0_3	freq_ratio_0_4	c0_ratio_0_4	freq_ratio_0_5	c0_ratio_0_5	freq_ratio_0_6	c0_ratio_0_6	freq_ratio_0_7	c0_ratio_0_7	ts_1	elapsed_1	pkg_1	pp0_1	dram_1	freq_ratio_1_0	c0_ratio_1_0	freq_ratio_1_1	c0_ratio_1_1	freq_ratio_1_2	c0_ratio_1_2	freq_ratio_1_3	c0_ratio_1_3	freq_ratio_1_4	c0_ratio_1_4	freq_ratio_1_5	c0_ratio_1_5	freq_ratio_1_6	c0_ratio_1_6	freq_ratio_1_7	c0_ratio_1_7	
1352524497.337472	1.002070	70.176805	56.903422	4.741026	1.173504	0.862700	1.155986	0.732583	1.154258	0.717089	1.154197	0.715285	1.153862	0.709203	1.153861	0.709179	1.153935	0.710380	1.154201	0.715434	1352524497.337533	1.000502	49.747955	36.552463	3.874626	1.211778	0.708084	1.212142	0.707092	1.179278	0.006479	1.179980	0.003951	1.171302	0.001440	1.165249	0.001580	1.204896	0.510024	1.212662	0.590978	
1352524498.337485	1.000013	75.996318	62.713564	4.976741	1.153856	0.802449	1.153863	0.802341	1.153852	0.800171	1.153848	0.798990	1.153848	0.798494	1.153848	0.798465	1.153850	0.798932	1.153847	0.798677	1352524498.337581	1.000048	56.213722	43.049939	4.583093	1.177210	0.785902	1.177214	0.785131	1.175857	0.009896	1.177365	0.011875	1.166073	0.004313	1.165912	0.002006	1.177205	0.785110	1.172759	0.575114	
1352524499.337477	0.999992	74.736400	61.439753	4.894846	1.153798	0.774648	1.153765	0.774758	1.153847	0.771236	1.153851	0.770562	1.153852	0.770678	1.153852	0.770627	1.153857	0.771098	1.153852	0.770686	1352524499.337571	0.999990	57.438441	44.262543	4.158794	1.167372	0.762911	1.167362	0.762106	1.171174	0.008557	1.156223	0.136636	1.166429	0.004517	1.154971	0.135352	1.167358	0.762078	1.165157	0.665530	
1352524500.337490	1.000013	74.240192	60.941034	5.003154	1.153834	0.756024	1.153881	0.758109	1.153855	0.753932	1.153850	0.753201	1.153850	0.753264	1.153851	0.753295	1.153853	0.753918	1.153850	0.753315	1352524500.337604	1.000033	64.389041	51.208093	3.847011	1.158318	0.750737	1.162882	0.045730	1.158284	0.748819	1.158268	0.748251	1.155006	0.018430	1.158265	0.748282	1.158264	0.748209	1.157947	0.531291	
1352524501.337474	0.999984	73.980430	60.686059	4.958407	1.153800	0.748656	1.153743	0.750553	1.153856	0.746607	1.153851	0.745621	1.153852	0.745962	1.153851	0.745694	1.153858	0.746278	1.153851	0.745710	1352524501.337562	0.999958	64.198800	51.014256	3.854349	1.157066	0.744664	1.157075	0.741888	1.157167	0.029639	1.157038	0.740387	1.161451	0.017406	1.157036	0.740438	1.157036	0.740441	1.155775	0.541959	
1352524502.338470	1.000996	74.122287	60.835275	4.964751	1.153867	0.752424	1.153892	0.754190	1.153856	0.750442	1.153852	0.749839	1.153853	0.749887	1.153851	0.749917	1.153855	0.750523	1.153851	0.749944	1352524502.338581	1.001019	64.195571	51.007914	3.880079	1.160198	0.608722	1.160543	0.740711	1.162933	0.196625	1.160544	0.740480	1.161080	0.051927	1.160541	0.740484	1.160541	0.740512	1.155735	0.495601	
1352524503.337470	0.999000	68.760360	55.465648	5.005157	1.153670	0.116579	1.153790	0.700185	1.153854	0.695515	1.153852	0.695107	1.153861	0.695322	1.153851	0.695165	1.153852	0.695250	1.153852	0.695160	1352524503.337693	0.999112	65.633439	52.450848	3.972125	1.158542	0.491646	1.157489	0.654805	1.157465	0.538915	1.157277	0.690128	1.156681	0.594934	1.157274	0.690061	1.157273	0.690066	1.156358	0.360985	
1352524504.337477	1.000007	68.254518	54.959810	4.905301	1.153197	0.019781	1.153680	0.696706	1.153852	0.688389	1.153851	0.688282	1.153851	0.688378	1.153850	0.688388	1.153849	0.688408	1.153850	0.688461	1352524504.337549	0.999856	65.361768	52.177069	3.861106	1.157343	0.511998	1.156962	0.579231	1.156322	0.607021	1.156698	0.683482	1.156699	0.683497	1.156697	0.683472	1.156694	0.683487	1.155350	0.258621	
1352524505.337470	0.999993	70.630997	57.344024	4.993275	1.153903	0.742437	1.154467	0.082972	1.153861	0.738086	1.153857	0.737317	1.153855	0.737434	1.153856	0.737387	1.153854	0.737430	1.153854	0.737466	1352524505.337550	1.000001	66.473325	53.298793	3.965084	1.158125	0.508665	1.159181	0.508720	1.158212	0.730800	1.158207	0.730755	1.158207	0.730659	1.158207	0.730756	1.158206	0.730699	1.154609	0.234250	
1352524506.337472	1.000002	67.712502	54.433047	4.947668	1.153824	0.673149	1.153811	0.059104	1.153856	0.667222	1.153856	0.667127	1.153855	0.667192	1.153853	0.667196	1.153853	0.667196	1.153852	0.667237	1352524506.337560	1.000010	64.339444	51.153647	3.950415	1.158610	0.495932	1.158389	0.640229	1.157356	0.467682	1.157871	0.661389	1.157866	0.661459	1.157866	0.661357	1.157867	0.661403	1.154661	0.255616	
1352524507.337470	0.999998	73.134997	59.854133	5.058252	1.153914	0.823288	1.154167	0.172821	1.153852	0.819817	1.153851	0.819689	1.153851	0.819724	1.153850	0.820074	1.153850	0.819730	1.153849	0.819718	1352524507.337545	0.999985	68.685663	55.497461	3.927015	1.157114	0.470969	1.157763	0.678184	1.156710	0.681779	1.156997	0.813858	1.156996	0.813828	1.156996	0.813843	1.156995	0.813829	1.154011	0.218676	
1352524508.337470	1.000000	72.018097	58.737701	5.047668	1.153788	0.802593	1.153940	0.057596	1.153860	0.798869	1.153859	0.798420	1.153859	0.800374	1.153858	0.798496	1.153859	0.798465	1.153848	0.798250	1352524508.337552	1.000007	68.300568	55.109925	3.917759	1.157802	0.613786	1.157607	0.449392	1.158598	0.791167	1.158598	0.791144	1.158598	0.791134	1.158597	0.791119	1.158597	0.791147	1.153762	0.267881	
1352524509.337472	1.000002	70.621859	57.342450	5.024527	1.153895	0.763123	1.156019	0.020848	1.153852	0.759244	1.153852	0.759071	1.153852	0.759123	1.153852	0.759120	1.153852	0.759129	1.153852	0.759130	1352524509.337555	1.000003	67.669636	54.474868	3.882221	1.157624	0.500754	1.157179	0.687699	1.156549	0.622498	1.157224	0.753137	1.157223	0.753098	1.157223	0.753096	1.157223	0.753103	1.153961	0.297010	
1352524510.337484	1.000012	69.686288	56.404906	4.974581	1.153881	0.732089	1.157957	0.059767	1.153854	0.725115	1.153853	0.725033	1.153848	0.725101	1.153853	0.725143	1.153853	0.725093	1.153845	0.725139	1352524510.337573	1.000018	66.166847	52.962600	4.004384	1.160267	0.695470	1.157714	0.589071	1.158348	0.471322	1.158466	0.718535	1.158468	0.718593	1.158450	0.718494	1.158466	0.718611	1.154103	0.227691	
1352524511.337470	0.999986	70.810643	57.534928	4.994821	1.153952	0.743614	1.154015	0.443910	1.153871	0.472386	1.153851	0.733457	1.153851	0.733534	1.153851	0.733527	1.153850	0.733530	1.153851	0.733579	1352524511.337528	0.999955	66.640454	53.432431	3.966793	1.157888	0.507449	1.159578	0.631714	1.156762	0.529065	1.157813	0.727708	1.157815	0.727671	1.157814	0.727751	1.157814	0.727712	1.154028	0.192644	
1352524512.337471	1.000001	68.986445	55.706917	4.954326	1.154314	0.745056	1.185159	0.100325	1.153884	0.739102	1.153882	0.738974	1.153883	0.739079	1.153881	0.739417	1.153881	0.738986	1.153882	0.739022	1352524512.337559	1.000031	66.348789	53.150818	3.933273	1.158213	0.590066	1.156356	0.433328	1.157998	0.732269	1.158006	0.732211	1.158005	0.732131	1.157981	0.732112	1.158004	0.732147	1.153570	0.209432	
1352524513.337482	1.000011	66.050316	52.776582	4.915504	1.153916	0.598149	1.155683	0.181304	1.153887	0.608368	1.153851	0.606832	1.153852	0.607037	1.153865	0.606826	1.153867	0.606874	1.153864	0.606890	1352524513.337604	1.000045	61.965698	48.785430	3.875024	1.156790	0.373331	1.158090	0.483746	1.157413	0.601802	1.157183	0.602183	1.157179	0.602073	1.157178	0.602247	1.157178	0.602101	1.158000	0.168201	
1352524514.337483	1.000001	69.335902	56.055534	4.942424	1.153869	0.728496	1.154958	0.017314	1.153857	0.725140	1.153854	0.724810	1.153854	0.724891	1.153853	0.724865	1.153852	0.724863	1.153852	0.724732	1352524514.337653	1.000049	66.064016	52.869367	3.975757	1.158817	0.627060	1.159109	0.600616	1.160086	0.539910	1.158975	0.718044	1.158976	0.718006	1.158974	0.717993	1.158975	0.718003	1.154111	0.247881	
1352524515.337761	1.000278	63.330310	50.047397	4.848902	1.154209	0.289709	1.153918	0.505738	1.153907	0.500679	1.153908	0.496506	1.153897	0.500101	1.153884	0.496158	1.153889	0.496141	1.153883	0.499352	1352524515.337831	1.000178	57.973943	44.781041	3.850099	1.164370	0.470342	1.164062	0.379701	1.161817	0.312164	1.163391	0.493776	1.163340	0.493659	1.163336	0.493926	1.163384	0.493494	1.164325	0.113969	
1352524516.337481	0.999720	69.570575	56.266863	4.957290	1.169576	0.032279	1.153960	0.731240	1.154220	0.732153	1.153862	0.724736	1.153861	0.724752	1.153855	0.724841	1.153855	0.724751	1.153854	0.724807	1352524516.337555	0.999724	66.111408	52.913351	3.907329	1.156558	0.353297	1.159003	0.597801	1.158939	0.718776	1.158935	0.718663	1.158933	0.718670	1.158929	0.718579	1.158933	0.718679	1.160649	0.323284	
1352524517.337481	1.000000	63.533737	50.246002	4.805161	1.159238	0.088406	1.156693	0.592464	1.155277	0.561385	1.153877	0.558523	1.153884	0.558605	1.153897	0.559031	1.153877	0.558575	1.153870	0.558498	1352524517.337547	0.999992	60.500262	47.299517	3.674316	1.163321	0.628772	1.158295	0.396132	1.159803	0.555619	1.159803	0.555630	1.159795	0.555490	1.159797	0.555662	1.159796	0.555534	1.204741	0.057799	
1352524518.337472	0.999991	68.544276	55.262647	5.005722	1.154255	0.708087	1.154210	0.714115	1.156280	0.020821	1.154166	0.702681	1.154168	0.704988	1.154165	0.702816	1.154164	0.702751	1.154164	0.702800	1352524518.337525	0.999978	64.671325	51.478836	3.932627	1.163853	0.371386	1.157296	0.533470	1.159356	0.699113	1.159355	0.699074	1.159372	0.696956	1.159370	0.696919	1.159372	0.696996	1.153932	0.256223	
1352524519.337487	1.000015	65.406824	52.119350	4.787175	1.153999	0.615357	1.153826	0.613834	1.159021	0.013738	1.153876	0.609066	1.153875	0.609103	1.153872	0.609079	1.153875	0.609087	1.153872	0.609076	1352524519.337678	1.000153	62.993166	49.794121	3.814403	1.157432	0.667485	1.162339	0.174841	1.156940	0.605806	1.156938	0.605771	1.156936	0.605693	1.156937	0.605711	1.156936	0.605703	1.157464	0.370797	
1352524520.337470	0.999983	66.588438	53.305956	4.919349	1.153935	0.648767	1.153827	0.647754	1.155901	0.015770	1.153858	0.642878	1.153854	0.642662	1.153845	0.642734	1.153843	0.642718	1.153852	0.642757	1352524520.337530	0.999852	64.270487	51.083461	3.796674	1.155478	0.641627	1.142015	0.007484	1.155466	0.640782	1.155466	0.640766	1.155467	0.640774	1.155464	0.640764	1.155466	0.640825	1.160297	0.571320	
1352524521.337509	1.000039	68.963383	55.687764	4.971317	1.153945	0.729607	1.154233	0.737301	1.157599	0.014132	1.153866	0.725104	1.153856	0.724611	1.153855	0.724531	1.153857	0.724562	1.153855	0.724534	1352524521.337603	1.000073	66.980785	53.776213	3.758606	1.157055	0.743594	1.155836	0.080100	1.155155	0.722614	1.155152	0.722566	1.155148	0.722485	1.155149	0.722559	1.155149	0.722502	1.154721	0.525863	
1352524522.337484	0.999975	66.695349	53.405512	4.913285	1.154005	0.634994	1.154070	0.658737	1.154597	0.039893	1.153971	0.623261	1.153969	0.628907	1.153969	0.623155	1.153968	0.623145	1.153967	0.628837	1352524522.337648	1.000045	64.059552	50.865307	3.893868	1.152063	0.010915	1.158098	0.627846	1.158099	0.627695	1.158100	0.627710	1.158101	0.627669	1.158100	0.627666	1.158106	0.627692	1.156751	0.479054	
1352524523.338322	1.000838	63.059306	49.773854	4.860734	1.153957	0.544807	1.153892	0.544699	1.158350	0.014984	1.153882	0.537871	1.153870	0.537442	1.153868	0.537454	1.153872	0.537510	1.153869	0.537393	1352524523.338394	1.000746	61.644625	48.453782	3.778751	1.162015	0.010550	1.154556	0.536745	1.154554	0.536611	1.154550	0.536604	1.154546	0.536491	1.154550	0.536612	1.154546	0.536526	1.158315	0.571563	
1352524524.337476	0.999154	63.245975	49.955634	4.879249	1.154369	0.555964	1.154829	0.554348	1.160816	0.016106	1.154007	0.542921	1.154091	0.547431	1.154006	0.543005	1.154002	0.542964	1.154089	0.547518	1352524524.337534	0.999140	59.748984	46.555433	3.961017	1.169040	0.293940	1.165122	0.559264	1.158668	0.451529	1.160402	0.544748	1.160392	0.544645	1.160400	0.544726	1.160392	0.544659	1.160020	0.278122	
1352524525.337478	1.000002	65.915493	52.625312	4.901556	1.153977	0.636083	1.153829	0.625074	1.154682	0.043638	1.153959	0.631214	1.153955	0.631270	1.153952	0.631181	1.153954	0.631268	1.153952	0.631200	1352524525.337546	1.000012	62.662873	49.461523	3.857712	1.161466	0.655212	1.159655	0.496942	1.163556	0.509628	1.158657	0.626174	1.158655	0.626069	1.158659	0.626184	1.158654	0.626098	1.153957	0.090320	
1352524526.337485	1.000007	66.775066	53.489178	4.938320	1.154618	0.648646	1.155270	0.618851	1.172260	0.027671	1.154371	0.635779	1.154366	0.641381	1.154371	0.635854	1.154369	0.635818	1.154366	0.641412	1352524526.337592	1.000046	63.959703	50.762618	3.871251	1.157023	0.369302	1.156183	0.614316	1.156904	0.638968	1.156903	0.638850	1.156902	0.638784	1.156902	0.638781	1.156895	0.638816	1.153040	0.173083	
1352524527.337471	0.999986	63.987228	50.707897	4.865150	1.155811	0.584602	1.159070	0.496705	1.154670	0.080131	1.155587	0.574700	1.155586	0.574719	1.155586	0.574746	1.155584	0.574760	1.155585	0.574728	1352524527.337520	0.999928	62.720718	49.528270	3.647479	1.150091	0.013736	1.153812	0.579050	1.153863	0.577557	1.153851	0.577360	1.153871	0.577267	1.153867	0.577322	1.153871	0.577362	1.153871	0.577775	
1352524528.337467	0.999996	65.748802	52.475310	4.915440	1.155182	0.629055	1.160092	0.566289	1.155168	0.066722	1.155047	0.625098	1.155045	0.627124	1.155043	0.625126	1.155041	0.625073	1.155043	0.625121	1352524528.337594	1.000074	64.184145	50.999038	3.583826	1.141951	0.011971	1.153869	0.627055	1.153846	0.626861	1.153878	0.626678	1.153877	0.626685	1.153870	0.626605	1.153858	0.626710	1.153874	0.626783	
1352524529.337468	1.000001	64.780044	51.513119	4.771785	1.157537	0.620496	1.170339	0.561236	1.156429	0.040167	1.157391	0.615862	1.157389	0.615885	1.157388	0.615854	1.157387	0.615927	1.157388	0.615870	1352524529.337529	0.999935	62.413975	49.238266	3.624153	1.133826	0.013533	1.153888	0.620439	1.153811	0.619787	1.153861	0.619720	1.153827	0.619693	1.153845	0.619739	1.153862	0.619722	1.153835	0.619780	
1352524530.337481	1.000013	60.103109	46.843014	4.370212	1.155118	0.469243	1.177128	0.717754	1.161041	0.043365	1.154689	0.462690	1.154689	0.462675	1.154687	0.462696	1.154685	0.462654	1.154687	0.462700	1352524530.337658	1.000129	57.730225	44.554678	3.146933	1.108975	0.007950	1.153743	0.464409	1.153790	0.463803	1.153804	0.463656	1.153809	0.463720	1.153850	0.463610	1.153868	0.463715	1.153816	0.463703	
1352524531.337481	1.000000	61.090439	47.819977	4.272232	1.155911	0.561463	1.196282	0.720772	1.159784	0.014393	1.155721	0.558084	1.155720	0.558094	1.155719	0.558099	1.155720	0.558099	1.155719	0.558068	1352524531.337681	1.000023	55.527507	42.357124	3.083120	1.081824	0.009252	1.153835	0.560507	1.153765	0.560184	1.153812	0.560090	1.153848	0.560017	1.153808	0.560040	1.153817	0.560048	1.153814	0.560108	
1352524532.337497	1.000016	61.479365	48.205010	4.623431	1.156633	0.535170	1.169180	0.578904	1.158975	0.165871	1.155577	0.383875	1.154800	0.498673	1.154799	0.498686	1.154792	0.498627	1.154803	0.498693	1352524532.337597	0.999916	57.978300	44.800925	3.540214	1.069234	0.012934	1.153777	0.499961	1.153753	0.499991	1.153787	0.499943	1.153797	0.499928	1.153801	0.499867	1.153836	0.499971	1.153802	0.500195	
1352524533.337478	0.999981	69.416668	56.136386	4.957233	1.155474	0.749515	1.155102	0.558046	1.155428	0.746234	1.182303	0.036215	1.155436	0.746165	1.155435	0.746153	1.155435	0.746167	1.155434	0.746132	1352524533.337671	1.000074	68.271214	55.086367	3.686114	1.116773	0.012357	1.153861	0.749393	1.153826	0.748818	1.153854	0.748720	1.153848	0.748705	1.153845	0.748709	1.153834	0.748722	1.153824	0.748748	
1352524534.337471	0.999993	62.303653	49.037555	4.715777	1.155579	0.531955	1.159934	0.562137	1.155295	0.502367	1.174836	0.079621	1.155294	0.520167	1.155291	0.520217	1.155289	0.520166	1.155294	0.520256	1352524534.337520	0.999849	59.830715	46.650137	3.449373	1.137994	0.022409	1.154258	0.531062	1.153846	0.521832	1.153859	0.521803	1.153875	0.521869	1.153860	0.521784	1.153855	0.521918	1.153876	0.521966	
1352524535.337487	1.000016	65.754458	52.473664	4.842803	1.156838	0.641529	1.158688	0.505320	1.156739	0.637830	1.154913	0.074772	1.156732	0.637507	1.156727	0.637579	1.156728	0.637500	1.156726	0.637545	1352524535.337663	1.000143	65.096157	51.909917	3.716464	1.136118	0.012817	1.153862	0.641365	1.153844	0.641175	1.153843	0.641155	1.153860	0.641121	1.153852	0.641143	1.153860	0.641155	1.153853	0.641161	
1352524536.337481	0.999994	68.153696	54.880561	4.962920	1.155546	0.578159	1.159311	0.790218	1.155861	0.638605	1.155048	0.080730	1.156186	0.735801	1.156187	0.735762	1.156184	0.735756	1.156187	0.735752	1352524536.337610	0.999947	67.765168	54.576894	3.616311	1.145469	0.010283	1.153861	0.738953	1.153852	0.738872	1.153859	0.738977	1.153854	0.738828	1.153852	0.738865	1.153851	0.738881	1.153854	0.739015	
1352524537.337477	0.999996	64.571734	51.305506	4.797474	1.156163	0.591647	1.162646	0.651228	1.154335	0.451411	1.154916	0.059617	1.155371	0.575568	1.155369	0.575568	1.155369	0.575600	1.155368	0.575560	1352524537.337650	1.000040	61.791013	48.605841	3.709706	1.118158	0.012033	1.153796	0.578203	1.153796	0.577550	1.153794	0.577560	1.153812	0.577549	1.153846	0.577584	1.153824	0.577620	1.153859	0.577666	
1352524538.337471	0.999994	63.115565	49.842918	4.770994	1.162745	0.599828	1.156787	0.459302	1.157080	0.544359	1.155411	0.064838	1.157004	0.544246	1.157009	0.542248	1.157007	0.542211	1.157011	0.542265	1352524538.337518	0.999868	61.289193	48.102865	3.608082	1.129539	0.009880	1.153882	0.545325	1.153863	0.545183	1.153875	0.545113	1.153853	0.545184	1.153864	0.545087	1.153881	0.545183	1.153880	0.545343	
1352524539.337485	1.000014	67.052234	53.772452	4.883430	1.156319	0.582998	1.157529	0.626257	1.155764	0.630323	1.157498	0.092747	1.156126	0.675432	1.156124	0.675388	1.156124	0.675475	1.156124	0.675386	1352524539.337575	1.000057	65.876877	52.692981	3.733125	1.129830	0.010247	1.153783	0.678995	1.153840	0.678303	1.153846	0.678282	1.153855	0.678238	1.153845	0.678288	1.153846	0.678277	1.153859	0.678295	
1352524540.337471	0.999986	63.447700	50.170307	4.731390	1.155823	0.563107	1.161668	0.543608	1.155676	0.558279	1.155711	0.037953	1.155657	0.557904	1.155649	0.557917	1.155649	0.558053	1.155653	0.557853	1352524540.337518	0.999943	61.774104	48.589835	3.682385	1.134986	0.013332	1.153827	0.560515	1.153789	0.560278	1.153814	0.559792	1.153782	0.559924	1.153861	0.559082	1.153838	0.558416	1.153861	0.557629	
1352524541.337471	1.000000	65.256699	51.978943	4.892288	1.155346	0.605802	1.160129	0.568721	1.155189	0.600177	1.158934	0.014022	1.155183	0.600024	1.155179	0.599969	1.155179	0.600056	1.155178	0.599938	1352524541.337532	1.000014	62.924133	49.738528	3.681513	1.117585	0.006302	1.153861	0.601536	1.153810	0.601526	1.153831	0.601486	1.153788	0.601409	1.153804	0.601522	1.153838	0.601458	1.153806	0.601466	
1352524542.337531	1.000060	715774491.093846	715741557.282520	715738800.267882	0.999946	1.000281	0.999946	1.000295	0.999955	1.000289	0.999947	1.000284	0.999947	1.000289	0.999949	1.000282	0.999947	1.000289	0.999948	1.000288	1352524542.337631	1.000099	715737912.964502	715716968.691576	715736710.708839	0.999946	1.000283	0.999944	1.000288	3.895970	0.256737	0.999948	1.000289	0.999947	1.000288	0.999951	1.000289	0.999947	1.000290	0.999948	1.000290	
1352524543.337536	1.000005	0.000000	0.000000	0.000000	-nan	-nan	-nan	-nan	0.000000	inf	-nan	-nan	-nan	0.000000	-nan	-nan	-nan	-nan	-nan	-nan	1352524543.337599	0.999968	0.000000	0.000000	0.000000	-nan	-nan	-nan	-nan	0.000000	inf	-nan	-nan	-nan	-nan	-nan	-nan	-nan	-nan	-nan	-nan	
