ts_0	elapsed_0	pkg_0	pp0_0	dram_0	freq_ratio_0_0	c0_ratio_0_0	freq_ratio_0_1	c0_ratio_0_1	freq_ratio_0_2	c0_ratio_0_2	freq_ratio_0_3	c0_ratio_0_3	freq_ratio_0_4	c0_ratio_0_4	freq_ratio_0_5	c0_ratio_0_5	freq_ratio_0_6	c0_ratio_0_6	freq_ratio_0_7	c0_ratio_0_7	ts_1	elapsed_1	pkg_1	pp0_1	dram_1	freq_ratio_1_0	c0_ratio_1_0	freq_ratio_1_1	c0_ratio_1_1	freq_ratio_1_2	c0_ratio_1_2	freq_ratio_1_3	c0_ratio_1_3	freq_ratio_1_4	c0_ratio_1_4	freq_ratio_1_5	c0_ratio_1_5	freq_ratio_1_6	c0_ratio_1_6	freq_ratio_1_7	c0_ratio_1_7	
1356624709.137843	1.001822	29.141713	15.858115	6.059151	1.154123	0.639770	1.153293	0.629324	1.153687	0.636585	1.153980	0.639806	1.153606	0.636266	1.154026	0.638230	1.154169	0.637185	1.153731	0.634119	1356624709.138076	1.000524	41.317398	27.643229	6.773565	0.999959	0.975403	0.999916	0.975503	1.001188	0.000159	1.004624	0.000082	0.998175	0.000096	0.783459	0.000090	1.006012	0.000074	0.999896	0.975950	
1356624710.137832	0.999989	29.198242	15.910422	6.096808	0.999418	0.000316	0.999836	0.000218	1.000000	1.000000	1.001714	0.000109	1.001467	0.000087	0.996183	0.000031	1.000056	0.000021	1.001369	0.000070	1356624710.138079	1.000003	41.828194	28.126622	6.979928	1.000000	1.000000	1.000000	1.000000	1.000270	0.000090	1.000473	0.000065	1.001541	0.000370	1.002638	0.000028	1.000929	0.000012	1.000000	1.000000	
1356624711.137832	1.000000	33.196777	19.892395	6.102890	1.000001	0.638337	1.000107	0.000241	1.000000	1.000000	1.000125	0.000238	0.999881	0.000126	1.000114	0.000051	1.000260	0.000046	0.984920	0.000008	1356624711.138045	0.999966	37.920986	24.195451	7.512478	0.999998	0.361568	1.000000	1.000000	1.000266	0.000067	0.999593	0.000053	1.000019	0.000061	0.999298	0.000045	0.999615	0.000071	1.000000	1.000000	
1356624712.137832	1.000000	35.517349	22.195557	6.115219	1.000000	1.000000	0.999928	0.000354	1.000000	1.000000	0.998710	0.000102	1.000433	0.000085	0.998778	0.000033	0.999370	0.000013	0.998473	0.000053	1356624712.138047	1.000002	35.699319	21.977528	7.687470	0.999943	0.000055	1.000000	1.000000	0.999994	0.000068	1.000991	0.000012	1.000010	0.002024	0.995992	0.000012	1.000685	0.000012	1.000000	1.000000	
1356624713.137832	1.000000	35.534088	22.209824	6.115234	1.000000	1.000000	1.000057	0.000360	1.000000	1.000000	1.000802	0.000125	0.999743	0.000128	1.000504	0.000050	0.998476	0.000046	1.009894	0.000013	1356624713.138045	0.999998	35.700416	21.977734	7.713058	1.000014	0.000028	1.000000	1.000000	0.999922	0.000069	0.999962	0.000070	0.999561	0.000063	1.001279	0.000045	0.999850	0.000049	1.000000	1.000000	
1356624714.137832	1.000000	39.669708	26.340027	6.101547	1.000000	1.000000	0.999989	0.003181	1.000000	1.000000	0.999998	0.003038	1.000015	0.003398	0.999778	0.002604	0.999818	0.002558	1.000005	0.002640	1356624714.137997	0.999952	42.606061	28.864649	7.901822	0.999998	0.002763	1.000000	1.000000	0.999998	0.002716	0.999801	0.002662	1.000001	0.002686	0.999839	0.002717	0.999798	0.002774	1.000000	1.000000	
1356624715.137832	1.000000	35.549927	22.227051	6.127548	1.000000	1.000000	0.999831	0.000316	1.000000	1.000000	0.999210	0.000205	0.998563	0.000123	1.010795	0.000052	1.009068	0.000050	1.001104	0.000013	1356624715.138043	1.000046	35.715199	21.980861	7.820960	0.999887	0.000027	1.000000	1.000000	0.999890	0.000066	1.005483	0.000095	1.000005	0.000360	1.008135	0.000048	1.008203	0.000070	1.000000	1.000000	
1356624716.137832	1.000000	35.542191	22.231003	6.102722	1.000000	1.000000	1.000053	0.000951	1.000000	1.000000	1.000142	0.001194	1.000130	0.000345	0.995557	0.000013	1.010521	0.000013	1.000968	0.000049	1356624716.138043	1.000000	35.716995	21.983765	7.706482	0.999991	0.000614	1.000000	1.000000	1.000025	0.000219	0.999405	0.000012	0.999676	0.000058	1.000099	0.000249	1.001165	0.000011	1.000000	1.000000	
1356624717.137832	1.000000	35.537827	22.211060	6.121384	1.000000	1.000000	0.999775	0.000359	1.000000	1.000000	0.999882	0.000124	1.000839	0.000123	0.992192	0.000073	0.989065	0.000053	0.997104	0.000021	1356624717.138042	0.999999	35.694889	21.952536	7.875236	0.999468	0.000028	1.000000	1.000000	0.999950	0.000093	1.000063	0.000055	1.000177	0.000072	1.000019	0.000040	0.999296	0.000064	1.000000	1.000000	
1356624718.137832	1.000000	35.550766	22.223923	6.121384	1.000000	1.000000	1.000094	0.000368	1.000000	1.000000	1.000243	0.000102	1.000143	0.000084	0.999152	0.000037	1.003019	0.000014	0.992359	0.000064	1356624718.138047	1.000005	35.702870	21.972561	7.763679	0.997938	0.000052	1.000000	1.000000	1.000047	0.000066	1.000299	0.000012	1.000042	0.000036	1.000591	0.000012	1.006447	0.000006	1.000000	1.000000	
1356624719.137832	1.000000	35.581039	22.254150	6.115234	1.000000	1.000000	1.000088	0.000338	1.000000	1.000000	0.999950	0.000145	1.000028	0.000137	1.010686	0.000063	1.007906	0.000062	1.023187	0.000023	1356624719.138046	0.999999	35.669254	21.952291	7.696739	1.002829	0.000038	1.000000	1.000000	0.999958	0.000082	0.999774	0.000070	0.993609	0.000086	1.000006	0.000061	0.999621	0.000081	1.000000	1.000000	
1356624720.137832	1.000000	35.556259	22.228775	6.133728	1.000000	1.000000	0.999981	0.000364	1.000000	1.000000	0.999505	0.000103	0.997791	0.000085	0.999069	0.000013	1.002963	0.000013	0.999549	0.000049	1356624720.138040	0.999994	35.702102	21.974878	7.792741	1.000041	0.000056	1.000000	1.000000	0.999868	0.000070	1.000087	0.000049	1.001525	0.000336	0.995865	0.000006	1.001133	0.000007	1.000000	1.000000	
1356624721.137832	1.000000	35.524994	22.200256	6.133713	1.000000	1.000000	0.999946	0.000333	1.000000	1.000001	1.000196	0.000148	1.000810	0.000123	0.999954	0.000050	0.999901	0.000047	1.002339	0.000013	1356624721.138050	1.000010	35.708871	21.982309	7.728621	1.000141	0.000027	1.000000	1.000000	1.000035	0.000066	0.988477	0.000057	1.000551	0.000062	1.000433	0.000050	1.000803	0.000049	1.000000	1.000000	
1356624722.137832	1.000000	35.555801	22.231598	6.121399	1.000000	1.000000	0.999994	0.000342	1.000000	1.000000	0.998853	0.000101	0.999483	0.000084	0.998125	0.000032	0.990172	0.000013	0.998951	0.000061	1356624722.138044	0.999994	35.735046	22.020364	7.612365	1.000070	0.000055	1.000000	1.000000	0.999906	0.000069	1.003212	0.000204	1.000008	0.001978	0.996976	0.000012	0.995549	0.000011	1.000000	1.000000	
1356624723.137832	1.000000	35.578308	22.253036	6.090576	1.000000	1.000000	0.999956	0.000316	1.000000	1.000000	1.000656	0.000170	1.000906	0.000123	1.001414	0.000045	1.003018	0.000046	1.006037	0.000013	1356624723.138043	0.999999	35.697437	21.969702	7.756981	1.000014	0.000027	1.000000	1.000000	1.000017	0.000068	1.000015	0.000051	0.991202	0.000062	0.999878	0.000044	1.000138	0.000056	1.000000	1.000000	
1356624724.137832	1.000000	35.564240	22.238098	6.133728	1.000000	1.000000	1.000049	0.000352	1.000000	1.000000	0.999488	0.000137	0.999168	0.000083	0.999056	0.000013	0.989762	0.000013	0.998075	0.000046	1356624724.138041	0.999998	35.686698	21.958767	7.872223	0.999783	0.000052	1.000000	1.000000	1.000077	0.000065	1.000289	0.000029	1.007478	0.000071	1.000392	0.000011	1.000488	0.000012	1.000000	1.000000	
1356624725.137832	1.000000	35.549927	22.219864	6.109055	1.000000	1.000000	0.999938	0.000315	1.000000	1.000000	1.000806	0.000123	1.000407	0.000120	0.996769	0.000054	0.998739	0.000046	0.999104	0.000013	1356624725.138053	1.000012	35.687700	21.944746	7.847319	1.000239	0.000027	1.000000	1.000000	0.999959	0.000066	0.999659	0.000094	0.999973	0.000361	1.000738	0.000044	0.999574	0.000046	1.000000	1.000000	
1356624726.137832	1.000000	35.569000	22.238602	6.133728	1.000000	1.000000	0.999864	0.000357	1.000000	1.000000	0.999513	0.000125	0.998376	0.000084	1.012579	0.000013	1.010231	0.000013	1.000307	0.000060	1356624726.138048	0.999995	35.694850	21.960925	7.853723	1.000036	0.000054	1.000000	1.000000	0.999907	0.000066	1.000325	0.000011	1.000098	0.000035	0.997289	0.000012	1.002484	0.000012	1.000000	1.000000	
1356624727.137832	1.000000	35.546051	22.231461	6.127563	1.000000	1.000000	1.000145	0.000333	1.000000	1.000000	0.998818	0.000119	1.000755	0.000122	0.999687	0.000069	0.999555	0.000045	1.004745	0.000013	1356624727.138045	0.999997	35.691990	21.967780	7.741159	0.999872	0.000027	1.000000	1.000000	1.000040	0.000067	1.000278	0.000055	1.000167	0.000062	1.000728	0.000043	0.999862	0.000056	1.000000	1.000000	
1356624728.137832	1.000000	35.561310	22.231491	6.115234	1.000000	1.000000	0.999816	0.000325	1.000000	1.000000	1.001154	0.000102	1.000637	0.000084	0.999096	0.000013	1.002689	0.000013	0.997318	0.000047	1356624728.138056	1.000011	35.687231	21.947300	7.838064	0.999668	0.000051	1.000000	1.000000	1.000042	0.000064	0.997341	0.000012	0.999945	0.000035	0.999636	0.000012	0.998790	0.000012	1.000000	1.000000	
1356624729.137832	1.000000	35.610199	22.284607	6.127563	1.000000	1.000000	0.999960	0.000334	1.000000	1.000000	0.999706	0.000121	1.000007	0.000118	0.987466	0.000049	0.988356	0.000046	1.008144	0.000013	1356624729.138054	0.999998	35.697868	21.974529	7.581878	1.000474	0.000028	1.000000	1.000000	0.999983	0.000068	1.000387	0.000056	0.991466	0.000068	0.999452	0.000043	0.998937	0.000047	1.000000	1.000000	
1356624730.137832	1.000000	35.577606	22.251266	6.109070	1.000000	1.000000	1.000108	0.000360	1.000000	1.000000	1.001000	0.000103	0.999986	0.000084	0.998629	0.000014	1.001161	0.000014	0.991484	0.000060	1356624730.138045	0.999991	35.698581	21.980561	7.656182	0.997366	0.000052	1.000000	1.000000	0.999964	0.000065	0.999722	0.000049	1.001688	0.000335	0.999540	0.000012	1.005973	0.000012	1.000000	1.000000	
1356624731.137832	1.000000	35.591919	22.266434	6.115234	1.000000	1.000000	1.000018	0.000315	1.000000	1.000000	0.999817	0.000161	0.999943	0.000134	1.011459	0.000061	1.009079	0.000060	1.021941	0.000022	1356624731.138050	1.000005	35.668507	21.957471	7.549187	1.003139	0.000038	1.000000	1.000000	0.999920	0.000082	1.000120	0.000071	0.999986	0.000083	1.000509	0.000058	0.999711	0.000065	1.000000	1.000000	
1356624732.137832	1.000000	35.572388	22.245422	6.115219	1.000000	1.000000	0.999977	0.000394	1.000000	1.000000	1.000195	0.000152	0.999193	0.000084	0.991982	0.000032	0.989274	0.000013	0.999342	0.000047	1356624732.138043	0.999993	35.720294	21.995574	7.694725	1.000031	0.000050	1.000000	1.000000	1.000129	0.000063	1.000563	0.000012	0.999996	0.001970	1.001315	0.000006	0.998939	0.000006	1.000000	1.000000	
1356624733.137832	1.000000	35.591232	22.262863	6.133728	1.000000	1.000000	1.000026	0.000315	1.000000	1.000000	0.999708	0.000119	1.000257	0.000117	1.005782	0.000044	1.005029	0.000046	1.006511	0.000013	1356624733.138042	0.999999	35.718876	21.999655	7.633567	1.000322	0.000028	1.000000	1.000000	0.999873	0.000067	0.999809	0.000054	0.999938	0.000062	1.000236	0.000047	0.999940	0.000051	1.000000	1.000000	
1356624734.137832	1.000000	35.585587	22.257385	6.102905	1.000000	1.000000	0.999978	0.000339	1.000000	1.000000	1.000065	0.000102	1.000841	0.000083	0.990713	0.000013	0.993974	0.000013	0.999546	0.000053	1356624734.138047	1.000005	35.696248	21.966687	7.775962	0.997289	0.000051	1.000000	1.000000	1.000108	0.000064	1.001191	0.000012	1.000222	0.000035	0.998045	0.000012	0.999360	0.000011	1.000000	1.000000	
1356624735.137832	1.000000	35.608902	22.282318	6.121384	1.000000	1.000000	0.999645	0.000316	1.000000	1.000000	1.000019	0.000121	0.999281	0.000117	1.002037	0.000046	0.999579	0.000046	1.000623	0.000013	1356624735.138045	0.999998	35.718193	21.994152	7.726852	1.000293	0.000465	1.000000	1.000000	0.999958	0.000064	0.999789	0.000090	0.999980	0.000359	0.998969	0.000044	1.000105	0.000051	1.000000	1.000000	
1356624736.137832	1.000000	35.563339	22.247147	6.115234	1.000000	1.000000	1.000246	0.000342	1.000000	1.000000	0.999807	0.000126	1.000827	0.000084	1.001741	0.000013	1.000784	0.000013	0.999958	0.000046	1356624736.138045	1.000000	35.700867	21.975601	7.661118	0.999910	0.000043	1.000000	1.000000	0.999915	0.000064	1.000466	0.000012	1.000170	0.000036	1.007892	0.000011	1.000282	0.000011	1.000000	1.000000	
1356624737.137832	1.000000	35.634033	22.292404	6.102875	1.000000	1.000000	1.000038	0.000536	1.000000	1.000000	0.999786	0.000173	0.999600	0.000117	0.999897	0.000218	0.998746	0.000060	0.999877	0.000047	1356624737.138044	0.999999	35.698505	21.964956	7.776710	0.999924	0.000091	1.000000	1.000000	0.999986	0.000246	0.999962	0.000092	1.000132	0.000105	0.999255	0.000083	1.000217	0.000080	1.000000	1.000000	
1356624738.137834	1.000002	35.515023	22.199268	6.115223	1.000000	1.000000	0.999902	0.000334	1.000000	1.000000	1.000301	0.000133	1.000622	0.000083	0.999065	0.000013	1.003782	0.000013	0.999937	0.000049	1356624738.138060	1.000016	35.693796	21.959000	7.780409	0.999917	0.000079	1.000000	0.999573	0.999918	0.000070	1.000595	0.000012	0.999551	0.000037	1.000523	0.000012	0.996747	0.000011	0.999982	0.999634	
1356624739.137832	0.999998	35.768058	22.440534	6.101986	1.000000	1.000000	0.999982	0.003455	1.000000	1.000000	0.999964	0.003029	0.999977	0.003375	0.999992	0.002834	0.999999	0.002878	1.000000	0.002829	1356624739.138052	0.999992	38.181614	24.454681	7.588852	0.999987	0.002789	1.000000	1.000000	0.999983	0.002789	1.000001	0.002929	0.999796	0.002685	1.000004	0.002849	1.000008	0.002570	1.000000	1.000000	
1356624740.137832	1.000000	35.558716	22.234467	6.109070	1.000000	1.000000	1.000112	0.000341	1.000000	1.000000	1.001105	0.000100	0.999409	0.000084	1.010738	0.000013	1.002218	0.000013	0.999753	0.000050	1356624740.138042	0.999990	35.724937	22.008216	7.728654	1.000330	0.000074	1.000000	1.000000	1.000915	0.000043	0.999818	0.000049	1.001699	0.000328	0.998521	0.000011	1.001994	0.000012	1.000000	1.000000	
1356624741.137832	1.000000	35.569153	22.242966	6.127563	1.000000	1.000000	1.000052	0.000305	1.000000	1.000000	0.999868	0.000146	1.000721	0.000122	0.997136	0.000050	0.989394	0.000049	1.000061	0.000013	1356624741.138043	1.000001	35.718853	22.001764	7.641915	1.000149	0.000049	1.000000	1.000000	1.000156	0.000045	0.999896	0.000067	1.000068	0.000096	1.000259	0.000045	0.999321	0.000047	1.000000	1.000000	
1356624742.137832	1.000000	35.533890	22.205505	6.115234	1.000000	1.000000	0.999650	0.000357	1.000000	1.000000	1.000365	0.000128	0.998738	0.000083	0.982509	0.000035	0.999805	0.000014	0.990071	0.000054	1356624742.138042	0.999999	35.707355	21.983236	7.750343	0.999998	0.002048	1.000000	1.000000	0.999947	0.000058	1.000295	0.000012	0.999826	0.000082	0.999481	0.000012	0.999267	0.000012	1.000000	1.000000	
1356624743.137832	1.000000	35.594101	22.265656	6.121399	1.000000	1.000000	1.000328	0.000306	1.000000	1.000000	0.999823	0.000140	1.000866	0.000138	1.010459	0.000060	1.007487	0.000061	1.024549	0.000022	1356624743.138043	1.000001	35.721875	22.002466	7.536324	1.000025	0.000061	1.000000	1.000000	0.999897	0.000090	1.000017	0.000070	0.999790	0.000097	0.999454	0.000060	1.000545	0.000067	1.000000	1.000000	
1356624744.137832	1.000000	35.593430	22.266388	6.127563	1.000000	1.000000	1.000083	0.000346	1.000000	1.000000	0.999877	0.000100	0.999490	0.000084	1.001034	0.000013	1.003174	0.000013	0.998726	0.000048	1356624744.138048	1.000005	35.716115	21.993420	7.739784	0.999937	0.000073	1.000000	1.000000	1.000141	0.000041	0.999740	0.000012	1.000066	0.000035	1.005371	0.000007	0.996834	0.000007	1.000000	1.000000	
1356624745.137832	1.000000	35.588364	22.261795	6.121399	1.000000	1.000000	0.999871	0.000305	1.000000	1.000000	0.998891	0.000121	1.000350	0.000120	0.997990	0.000048	0.999307	0.000047	1.004561	0.000013	1356624745.138053	1.000005	35.707905	21.985699	7.694236	0.999992	0.000047	1.000000	1.000000	0.999836	0.000045	1.000038	0.000092	1.000037	0.000361	0.999646	0.000049	1.000099	0.000051	1.000000	1.000000	
1356624746.137832	1.000000	35.569458	22.239410	6.109070	1.000000	1.000000	1.000044	0.000344	1.000000	1.000000	1.000581	0.000125	1.000135	0.000083	1.008359	0.000013	0.991032	0.000013	0.999727	0.000056	1356624746.138045	0.999992	35.687316	21.955989	7.773821	1.000025	0.000078	1.000000	1.000000	1.000137	0.000042	0.999539	0.000012	1.000232	0.000037	1.001304	0.000012	1.000453	0.000012	1.000000	1.000000	
1356624747.137832	1.000000	35.573135	22.243759	6.115234	1.000000	1.000000	0.999897	0.000332	1.000000	1.000000	1.000648	0.000117	0.999737	0.000122	0.990616	0.000072	1.002308	0.000046	1.001982	0.000013	1356624747.138046	1.000001	35.729214	22.020395	7.592675	0.999850	0.000049	1.000000	1.000000	0.999991	0.000043	1.000191	0.000055	0.999767	0.000061	0.999263	0.000044	0.999923	0.000055	1.000000	1.000000	
1356624748.137832	1.000000	35.543945	22.223419	6.102905	1.000000	1.000000	1.000093	0.000324	1.000000	1.000000	0.999513	0.000100	0.999292	0.000084	1.019747	0.000029	1.005406	0.000013	1.000223	0.000047	1356624748.138041	0.999995	35.693035	21.963870	7.867837	1.000020	0.000077	1.000000	1.000000	0.999945	0.000042	0.999505	0.000012	1.000427	0.000037	1.000000	0.000012	1.001033	0.000012	1.000000	1.000000	
1356624749.137832	1.000000	35.582016	22.251358	6.121399	1.000000	1.000000	0.999713	0.000350	1.000000	1.000000	0.999722	0.000118	1.001655	0.000118	1.001808	0.000046	0.998279	0.000046	0.999485	0.000013	1356624749.138052	1.000011	35.703802	21.975940	7.665382	0.999823	0.000050	1.000000	1.000000	0.999697	0.000043	0.999958	0.000055	0.999578	0.000064	1.000552	0.000043	0.999786	0.000047	1.000000	1.000000	
1356624750.137832	1.000000	35.569092	22.239090	6.127563	1.000000	1.000000	1.000190	0.000349	1.000000	1.000000	1.000368	0.000102	0.998719	0.000083	0.999696	0.000013	0.999970	0.000013	0.999194	0.000055	1356624750.138044	0.999992	35.727310	22.007762	7.661439	1.000072	0.000075	1.000000	1.000000	1.000229	0.000042	0.999763	0.000049	1.000048	0.000346	0.998603	0.000012	1.000129	0.000012	1.000000	1.000000	
1356624751.137832	1.000000	35.585434	22.256287	6.109070	1.000000	1.000000	0.999956	0.000314	1.000000	1.000000	1.000426	0.000141	0.999831	0.000121	0.999925	0.000046	1.001649	0.000046	0.995280	0.000013	1356624751.138046	1.000002	35.727273	22.016148	7.401948	1.000070	0.000049	1.000000	1.000000	1.000000	0.000046	1.000093	0.000054	0.999924	0.000061	1.000594	0.000045	0.999625	0.000053	1.000000	1.000000	
1356624752.137832	1.000000	35.582779	22.252991	6.115234	1.000000	1.000000	1.000064	0.000342	1.000000	1.000000	0.999809	0.000099	0.999683	0.000084	0.997587	0.000032	0.982861	0.000013	1.001309	0.000046	1356624752.138049	1.000003	35.680859	21.978554	7.578956	0.999997	0.002004	1.000000	1.000000	0.999935	0.000042	0.999771	0.000012	1.000438	0.000037	0.995936	0.000012	1.000386	0.000012	1.000000	1.000000	
1356624753.137833	1.000001	35.584805	22.255502	6.127558	1.000000	1.000000	0.999866	0.000314	1.000000	1.000000	1.001262	0.000117	0.999547	0.000118	0.986882	0.000043	0.992064	0.000046	1.002106	0.000013	1356624753.138044	0.999995	35.702098	21.978137	7.701989	0.999870	0.000047	1.000000	1.000000	0.999974	0.000045	1.000000	0.000073	0.999720	0.000099	1.000320	0.000045	0.999046	0.000045	1.000000	1.000000	
1356624754.137832	0.999999	35.584537	22.256903	6.114874	1.000000	1.000000	1.000143	0.000432	1.000000	1.000000	0.997419	0.000100	1.000232	0.000083	0.992933	0.000014	1.004886	0.000014	0.990008	0.000055	1356624754.138046	1.000002	35.699700	21.984531	7.590348	1.000037	0.000072	1.000000	1.000000	0.999972	0.000042	0.999707	0.000012	0.999869	0.000035	1.003181	0.000012	1.002498	0.000012	1.000000	1.000000	
1356624755.137832	1.000000	35.578812	22.253540	6.121399	1.000000	1.000000	1.000079	0.000306	1.000000	1.000000	1.000912	0.000134	1.000301	0.000133	1.011474	0.000061	1.007066	0.000059	1.024374	0.000022	1356624755.138042	0.999996	35.741310	22.038770	7.425521	0.999723	0.000064	1.000000	1.000000	1.000006	0.000059	1.000123	0.000104	1.000036	0.000367	1.000103	0.000060	1.000269	0.000067	1.000000	1.000000	
1356624756.137832	1.000000	35.596542	22.271545	6.115234	1.000000	1.000000	0.999966	0.000359	1.000000	1.000000	0.999166	0.000124	1.000300	0.000083	1.005259	0.000013	1.002358	0.000013	0.996076	0.000046	1356624756.138046	1.000004	35.689629	21.967700	7.693282	1.000080	0.000077	1.000000	1.000000	0.999737	0.000041	0.995340	0.000012	1.000440	0.000036	0.991018	0.000006	0.995718	0.000007	1.000000	1.000000	
1356624757.137832	1.000000	35.580566	22.255264	6.102905	1.000000	1.000000	0.999999	0.000338	1.000000	1.000000	1.000481	0.000115	0.999997	0.000117	0.999606	0.000069	0.999432	0.000046	1.010643	0.000013	1356624757.138044	0.999998	35.718681	22.001949	7.560378	1.000196	0.000049	1.000000	1.000000	0.999477	0.000044	1.000558	0.000056	0.999391	0.000061	1.000470	0.000049	1.000340	0.000050	1.000000	1.000000	
1356624758.137832	1.000000	35.524521	22.204788	6.115219	1.000000	1.000000	0.999922	0.000320	1.000000	1.000000	0.999992	0.000100	0.999871	0.000084	0.999970	0.000013	1.002387	0.000013	1.001004	0.000051	1356624758.138041	0.999997	35.681675	21.954109	7.725930	0.999894	0.000076	1.000000	1.000000	1.000673	0.000042	1.001381	0.000012	1.000384	0.000036	1.001150	0.000012	0.999707	0.000012	1.000000	1.000000	
1356624759.137832	1.000000	35.590820	22.259521	6.121399	1.000000	1.000000	1.000117	0.000329	1.000000	1.000000	0.999951	0.000117	0.999216	0.000119	0.998966	0.000046	0.999785	0.000045	0.989742	0.000013	1356624759.138043	1.000002	35.709313	21.991154	7.614808	0.999817	0.000049	1.000000	1.000000	1.000000	0.000043	0.999885	0.000054	0.989926	0.000066	1.000208	0.000045	0.999856	0.000078	1.000000	1.000000	
1356624760.137832	1.000000	35.592911	22.267654	6.127563	1.000000	1.000000	0.999972	0.000340	1.000000	1.000000	1.000115	0.000101	1.000753	0.000083	1.004074	0.000013	1.005360	0.000013	1.003449	0.000046	1356624760.138046	1.000003	35.696270	21.981469	7.634483	1.000097	0.000076	1.000000	1.000000	1.000216	0.000041	1.000087	0.000048	1.002023	0.000331	0.996654	0.000011	1.001494	0.000007	1.000000	1.000000	
1356624761.137832	1.000000	35.568192	22.239075	6.109070	1.000000	1.000000	0.999479	0.000330	1.000000	1.000000	0.999696	0.000141	1.000258	0.000117	0.998376	0.000047	0.999915	0.000046	0.994333	0.000013	1356624761.138054	1.000008	35.704422	21.978429	7.809721	0.999876	0.000050	1.000000	1.000000	0.999778	0.000045	0.999993	0.000055	1.000117	0.000062	1.000430	0.000044	1.000023	0.000050	1.000000	1.000000	
1356624762.137832	1.000000	35.564270	22.240692	6.127563	1.000000	1.000000	1.000381	0.000345	1.000000	1.000000	1.000515	0.000098	0.999045	0.000084	1.001326	0.000033	0.998824	0.000013	1.000400	0.000050	1356624762.138042	0.999988	35.687193	21.975024	7.658920	1.000006	0.002000	1.000000	1.000000	0.999991	0.000041	0.998107	0.000012	0.998640	0.000037	0.997318	0.000011	1.000995	0.000012	1.000000	1.000000	
1356624763.137832	1.000000	35.561844	22.237946	6.115234	1.000000	1.000000	0.999976	0.000331	1.000000	1.000000	0.999786	0.000119	1.000153	0.000118	0.999558	0.000043	0.997920	0.000046	0.999125	0.000013	1356624763.138049	1.000007	35.699445	21.968735	7.710686	0.999863	0.000104	1.000000	1.000000	0.999906	0.000061	1.000134	0.000069	1.000582	0.000065	1.000732	0.000044	0.999599	0.000052	1.000000	1.000000	
1356624764.137832	1.000000	35.753906	22.425888	6.120361	1.000000	1.000000	0.999982	0.003561	1.000000	1.000000	0.999994	0.003174	1.000004	0.003445	1.000005	0.002847	1.000032	0.002761	1.000015	0.002495	1356624764.138045	0.999996	35.803734	22.081770	7.728165	0.999999	0.002811	1.000000	1.000000	0.999998	0.002707	1.000001	0.002744	0.999999	0.002632	0.999986	0.002599	1.000006	0.002567	1.000000	1.000000	
1356624765.137832	1.000000	35.601059	22.274094	6.121399	1.000000	1.000000	1.000254	0.000310	1.000000	1.000000	1.000254	0.000148	0.999896	0.000119	0.997137	0.000271	0.989561	0.000050	0.992797	0.000013	1356624765.138044	0.999999	35.733051	22.013754	7.692039	0.999987	0.000520	1.000000	1.000000	1.000215	0.000045	0.999988	0.000096	0.999985	0.000358	1.000119	0.000045	1.000073	0.000048	1.000000	1.000000	
1356624766.137832	1.000000	35.564270	22.238998	6.127563	1.000000	1.000000	0.999988	0.000355	1.000000	1.000000	0.999994	0.000124	1.000546	0.000083	1.003309	0.000226	0.998561	0.000014	0.992601	0.000054	1356624766.138044	1.000000	35.697906	21.970795	7.661957	0.999893	0.000083	1.000000	1.000000	0.999947	0.000044	0.998651	0.000012	0.999884	0.000036	1.003499	0.000011	0.996010	0.000011	1.000000	1.000000	
1356624767.137832	1.000000	35.557739	22.231750	6.115234	1.000000	1.000000	1.000033	0.000330	1.000000	1.000000	0.999957	0.000135	0.999642	0.000138	0.999593	0.000085	1.008267	0.000062	1.020781	0.000022	1356624767.138049	1.000005	35.717808	21.995465	7.673225	0.999976	0.000064	1.000000	1.000000	0.999916	0.000060	1.000159	0.000070	0.999649	0.000081	0.988077	0.000061	1.000286	0.000109	1.000000	1.000000	
1356624768.137832	1.000000	35.575195	22.247665	6.109070	0.999999	0.999771	0.999897	0.000355	1.000000	1.000000	0.999834	0.000123	0.999977	0.000083	1.001070	0.000021	0.998377	0.000013	1.000936	0.000047	1356624768.138047	0.999998	35.673713	21.939632	7.712081	0.999983	0.000093	1.000000	1.000000	1.000000	0.000042	1.000065	0.000012	1.000034	0.000046	1.002847	0.000235	0.994073	0.000007	1.000000	1.000000	
1356624769.137832	1.000000	35.568771	22.255569	6.121399	1.000001	1.000000	1.000002	0.000311	1.000000	1.000000	0.998634	0.000121	0.999141	0.000121	1.001372	0.000047	1.001262	0.000048	0.999697	0.000013	1356624769.138034	0.999987	35.718761	22.006957	7.427572	1.000041	0.000047	1.000000	1.000000	0.999797	0.000044	0.999640	0.000056	0.990781	0.000067	1.000361	0.000045	1.000786	0.000051	1.000000	1.000000	
1356624770.137832	1.000000	35.579269	22.247559	6.133728	1.000000	1.000000	1.000015	0.000355	1.000000	1.000000	1.001172	0.000101	1.001394	0.000083	1.002278	0.000013	0.992558	0.000013	0.997957	0.000056	1356624770.138046	1.000012	35.700075	21.979535	7.595658	0.999995	0.000081	1.000000	1.000000	1.000320	0.000043	1.000310	0.000048	1.001888	0.000335	1.000419	0.000011	0.999615	0.000012	1.000000	1.000000	
1356624771.137832	1.000000	35.565552	22.235794	6.102905	1.000000	1.000000	0.999990	0.000350	1.000000	1.000000	1.000272	0.000167	0.999897	0.000123	0.999120	0.000068	1.000737	0.000058	1.001392	0.000013	1356624771.138050	1.000004	35.718224	21.999300	7.641464	0.999948	0.000074	1.000000	1.000000	0.999758	0.000057	0.999901	0.000055	1.000321	0.000074	0.999835	0.000070	1.000012	0.000066	1.000000	1.000000	
1356624772.137832	1.000000	35.564911	22.234650	6.115204	1.000000	1.000000	0.999943	0.000364	1.000000	1.000000	0.999366	0.000098	1.000120	0.000083	0.998573	0.000032	1.004505	0.000008	0.999910	0.000047	1356624772.138043	0.999993	35.734836	22.018295	7.573752	1.000004	0.002014	1.000000	1.000000	1.000256	0.000042	1.000164	0.000012	0.999671	0.000036	1.004559	0.000006	0.994716	0.000007	1.000000	1.000000	
1356624773.137832	1.000000	35.564392	22.233887	6.115234	1.000000	1.000000	0.999960	0.000311	1.000000	0.999544	1.000656	0.000118	1.000406	0.000119	1.001359	0.000044	1.000111	0.000052	1.007739	0.000013	1356624773.138043	1.000000	35.754684	22.047852	7.256668	0.999812	0.000047	1.000000	1.000000	0.999672	0.000043	0.999746	0.000055	0.999821	0.000065	0.999953	0.000049	1.000203	0.000051	1.000000	1.000000	
1356624774.137832	1.000000	35.546326	22.219269	6.127563	1.000000	1.000000	0.999930	0.000348	1.000000	1.000000	0.999730	0.000100	0.999448	0.000083	0.993450	0.000013	1.001183	0.000013	0.998638	0.000054	1356624774.138045	1.000002	35.683388	21.969044	7.758973	1.000011	0.000073	1.000000	1.000000	1.000351	0.000042	1.001693	0.000011	1.000164	0.000035	1.001312	0.000012	0.998380	0.000012	1.000000	1.000000	
1356624775.137832	1.000000	35.566345	22.245193	6.127563	1.000000	1.000000	1.000114	0.000311	1.000000	1.000000	1.000174	0.000120	0.999945	0.000120	1.000441	0.000046	0.998488	0.000046	1.004936	0.000013	1356624775.138038	0.999993	35.744327	22.031524	7.458975	0.999865	0.000048	1.000000	1.000000	1.000000	0.000044	1.000067	0.000091	0.999891	0.000353	0.998801	0.000044	1.000486	0.000054	1.000000	1.000000	
1356624776.137832	1.000000	35.585114	22.257614	6.127563	1.000000	1.000000	1.000018	0.000359	1.000000	1.000000	1.000121	0.000124	1.000883	0.000083	1.006553	0.000013	1.000180	0.000013	0.999638	0.000046	1356624776.138046	1.000008	35.711167	21.979406	7.650802	1.000025	0.000077	1.000000	1.000000	0.999963	0.000042	0.998781	0.000012	1.000048	0.000056	1.000071	0.000011	1.001649	0.000012	1.000000	1.000000	
1356624777.137832	1.000000	35.574936	22.250168	6.127563	1.000000	1.000000	0.999754	0.000310	1.000000	0.999491	0.999184	0.000115	0.999726	0.000117	0.992059	0.000069	0.987123	0.000046	0.999970	0.000013	1356624777.138049	1.000003	35.712475	21.996010	7.542366	0.999857	0.000049	1.000000	1.000000	1.000042	0.000046	0.999279	0.000055	0.999963	0.000062	1.000234	0.000044	1.000242	0.000045	1.000000	1.000000	
1356624778.137832	1.000000	35.529755	22.215393	6.121399	1.000000	1.000000	1.000111	0.000394	1.000000	1.000000	1.000397	0.000118	0.999636	0.000083	0.996387	0.000029	1.011820	0.000014	0.990606	0.000054	1356624778.138046	0.999997	35.713184	21.994285	7.668542	1.000035	0.000077	1.000000	1.000000	0.999909	0.000042	1.000809	0.000039	1.000823	0.000056	0.998697	0.000012	1.000356	0.000012	1.000000	1.000000	
1356624779.137832	1.000000	35.574188	22.247131	6.115234	1.000000	1.000000	0.999979	0.000311	1.000000	1.000000	1.000259	0.000137	1.000347	0.000132	1.010252	0.000061	1.008271	0.000060	1.024459	0.000022	1356624779.138049	1.000003	35.732433	22.011376	7.531654	0.999720	0.000063	1.000000	1.000000	1.000007	0.000058	0.999898	0.000068	0.992338	0.000085	1.000913	0.000058	0.999646	0.000066	1.000000	1.000000	
1356624780.137832	1.000000	35.550858	22.225281	6.127548	1.000000	1.000000	0.999976	0.000370	1.000000	0.999445	0.999965	0.000100	0.999290	0.000084	1.001491	0.000013	0.993476	0.000013	0.999713	0.000046	1356624780.138041	0.999992	35.741714	22.017833	7.722307	1.000072	0.000075	1.000000	1.000000	0.999935	0.000041	1.000290	0.000049	1.001998	0.000331	0.995152	0.000007	1.000923	0.000006	1.000000	1.000000	
1356624781.137832	1.000000	35.560349	22.230835	6.121399	1.000000	1.000000	0.999822	0.000292	1.000000	1.000000	1.000049	0.000142	1.000396	0.000116	0.999958	0.000046	1.000760	0.000046	0.999120	0.000013	1356624781.138049	1.000008	35.725937	21.995610	7.615920	1.000254	0.000050	1.000000	1.000000	0.999949	0.000045	0.988607	0.000057	0.999815	0.000063	0.999561	0.000049	1.000135	0.000051	1.000000	1.000000	
1356624782.137832	1.000000	35.561081	22.230835	6.109070	1.000000	1.000000	1.000069	0.000359	1.000000	1.000000	0.997912	0.000098	0.997983	0.000083	0.994397	0.000032	0.994770	0.000013	0.999406	0.000053	1356624782.138040	0.999991	35.716571	21.982667	7.784906	0.999998	0.002006	1.000000	1.000000	1.000035	0.000044	1.003241	0.000198	0.999571	0.000036	1.002851	0.000012	0.999810	0.000012	1.000000	1.000000	
1356624783.137832	1.000000	35.572998	22.245041	6.121384	1.000000	1.000000	0.999788	0.000311	1.000000	1.000000	1.001283	0.000135	1.001151	0.000118	1.003507	0.000043	1.002152	0.000046	0.999970	0.000013	1356624783.138042	1.000002	35.681512	21.971928	7.663453	0.999827	0.000047	1.000000	1.000000	0.999857	0.000043	0.999970	0.000052	0.999764	0.000064	1.000306	0.000044	0.999430	0.000052	1.000000	1.000000	
1356624784.137832	1.000000	35.568939	22.237808	6.121399	1.000000	1.000000	1.000238	0.000340	1.000000	1.000000	0.999797	0.000099	1.000563	0.000084	1.000151	0.000013	0.996410	0.000013	0.997450	0.000046	1356624784.138043	1.000001	35.710186	21.978006	7.746300	1.000096	0.000072	1.000000	1.000000	0.999827	0.000040	0.999934	0.000012	1.000466	0.000037	1.000358	0.000011	1.000876	0.000012	1.000000	1.000000	
1356624785.137838	1.000006	715779323.513500	715768469.923591	715784022.911484	0.999940	1.000221	0.999938	1.000230	0.999948	1.000223	0.999940	1.000221	0.999940	1.000223	0.999942	1.000219	0.999940	1.000225	0.999940	1.000224	1356624785.137931	0.999888	715897855.571867	715874442.555611	715878009.293468	0.999937	1.000210	0.999938	1.000226	3.896497	0.256684	0.999940	1.000222	0.999940	1.000223	0.999943	1.000223	0.999940	1.000226	0.999940	1.000224	
1356624786.137832	0.999994	0.000000	0.000000	0.000000	-nan	-nan	-nan	-nan	1521735754283.456543	inf	-nan	-nan	-nan	0.000000	0.000000	inf	-nan	-nan	-nan	-nan	1356624786.137911	0.999980	0.000000	0.000000	0.000000	-nan	-nan	-nan	-nan	1.345745	inf	-nan	-nan	-nan	-nan	-nan	-nan	-nan	-nan	-nan	-nan	
1356624787.137831	0.999999	0.000000	0.000000	0.000000	-nan	-nan	-nan	-nan	0.000000	inf	-nan	-nan	-nan	0.000000	-nan	-nan	-nan	-nan	-nan	-nan	1356624787.137920	1.000009	0.000000	0.000000	0.000000	-nan	-nan	-nan	-nan	-nan	-nan	-nan	-nan	-nan	-nan	-nan	-nan	-nan	-nan	-nan	-nan	
1356624788.137831	1.000000	0.000000	0.000000	0.000000	-nan	-nan	-nan	-nan	8.000000	inf	-nan	-nan	-nan	0.000000	-nan	-nan	-nan	-nan	-nan	-nan	1356624788.137922	1.000002	0.000000	0.000000	0.000000	-nan	-nan	-nan	-nan	inf	-nan	-nan	-nan	-nan	-nan	-nan	-nan	-nan	-nan	-nan	-nan	
1356624789.137831	1.000000	0.000000	0.000000	0.000000	-nan	-nan	-nan	-nan	1521730356372.923096	inf	-nan	-nan	-nan	0.000000	-nan	-nan	-nan	-nan	-nan	-nan	1356624789.137915	0.999993	0.000000	0.000000	0.000000	-nan	-nan	-nan	-nan	inf	-nan	-nan	-nan	-nan	-nan	-nan	-nan	-nan	-nan	-nan	-nan	
1356624790.137831	1.000000	0.000000	0.000000	0.000000	-nan	-nan	-nan	-nan	0.000000	inf	-nan	-nan	-nan	0.000000	-nan	-nan	-nan	-nan	-nan	-nan	1356624790.137916	1.000001	0.000000	0.000000	0.000000	-nan	-nan	-nan	-nan	inf	-nan	-nan	-nan	-nan	-nan	-nan	-nan	-nan	-nan	-nan	-nan	
1356624791.137831	1.000000	0.000000	0.000000	0.000000	-nan	-nan	-nan	-nan	inf	-nan	-nan	-nan	-nan	-nan	-nan	-nan	-nan	-nan	-nan	-nan	1356624791.137906	0.999990	0.000000	0.000000	0.000000	-nan	-nan	-nan	-nan	inf	-nan	-nan	-nan	-nan	-nan	-nan	-nan	-nan	-nan	-nan	-nan	
1356624792.137831	1.000000	0.000000	0.000000	0.000000	-nan	-nan	-nan	-nan	inf	-nan	-nan	-nan	-nan	0.000000	0.000000	inf	-nan	-nan	-nan	-nan	1356624792.137916	1.000010	0.000000	0.000000	0.000000	-nan	-nan	-nan	-nan	inf	-nan	-nan	-nan	-nan	-nan	-nan	-nan	-nan	-nan	-nan	-nan	
1356624793.137831	1.000000	0.000000	0.000000	0.000000	-nan	-nan	-nan	-nan	0.000000	inf	-nan	-nan	-nan	0.000000	0.000000	inf	-nan	-nan	-nan	-nan	1356624793.137913	0.999997	0.000000	0.000000	0.000000	-nan	-nan	-nan	-nan	inf	-nan	-nan	-nan	-nan	-nan	-nan	-nan	-nan	-nan	-nan	-nan	
1356624794.137831	1.000000	0.000000	0.000000	0.000000	-nan	-nan	-nan	-nan	1.000612	inf	-nan	-nan	-nan	0.000000	0.000000	inf	-nan	-nan	-nan	-nan	1356624794.137914	1.000001	0.000000	0.000000	0.000000	-nan	-nan	-nan	-nan	inf	-nan	-nan	-nan	-nan	-nan	-nan	-nan	-nan	-nan	-nan	-nan	
1356624795.137831	1.000000	0.000000	0.000000	0.000000	-nan	-nan	-nan	-nan	inf	-nan	-nan	-nan	-nan	0.000000	-nan	-nan	-nan	-nan	-nan	-nan	1356624795.137907	0.999993	0.000000	0.000000	0.000000	-nan	-nan	-nan	-nan	inf	-nan	-nan	-nan	-nan	-nan	-nan	-nan	-nan	-nan	-nan	-nan	
1356624796.137831	1.000000	0.000000	0.000000	0.000000	-nan	-nan	-nan	-nan	0.000000	inf	-nan	-nan	-nan	0.000000	-nan	-nan	-nan	-nan	-nan	-nan	1356624796.137903	0.999996	0.000000	0.000000	0.000000	-nan	-nan	-nan	-nan	inf	-nan	-nan	-nan	-nan	-nan	-nan	-nan	-nan	-nan	-nan	-nan	
1356624797.137831	1.000000	0.000000	0.000000	0.000000	-nan	-nan	-nan	-nan	0.000000	inf	-nan	-nan	-nan	0.000000	-nan	-nan	-nan	-nan	-nan	-nan	1356624797.137920	1.000017	0.000000	0.000000	0.000000	-nan	-nan	-nan	-nan	-nan	-nan	-nan	-nan	-nan	-nan	-nan	-nan	-nan	-nan	-nan	-nan	
1356624798.137831	1.000000	0.000000	0.000000	0.000000	-nan	-nan	-nan	-nan	1521729352114.723389	inf	-nan	-nan	-nan	0.000000	-nan	-nan	-nan	-nan	-nan	-nan	1356624798.137923	1.000003	0.000000	0.000000	0.000000	-nan	-nan	-nan	-nan	inf	-nan	-nan	-nan	-nan	-nan	-nan	-nan	-nan	-nan	-nan	-nan	
1356624799.137831	1.000000	0.000000	0.000000	0.000000	-nan	-nan	-nan	-nan	0.000000	inf	-nan	-nan	-nan	0.000000	-nan	-nan	-nan	-nan	-nan	-nan	1356624799.137907	0.999984	0.000000	0.000000	0.000000	-nan	-nan	-nan	-nan	-nan	-nan	-nan	-nan	-nan	-nan	-nan	-nan	-nan	-nan	-nan	-nan	
1356624800.137832	1.000001	0.000000	0.000000	0.000000	-nan	-nan	-nan	-nan	inf	-nan	-nan	-nan	-nan	0.000000	-nan	-nan	-nan	-nan	-nan	-nan	1356624800.137918	1.000011	0.000000	0.000000	0.000000	-nan	-nan	-nan	-nan	inf	-nan	-nan	-nan	-nan	-nan	-nan	-nan	-nan	-nan	-nan	-nan	
1356624801.138043	1.000211	0.000000	0.000000	0.000000	-nan	-nan	-nan	-nan	-nan	-nan	-nan	-nan	-nan	0.000000	-nan	-nan	-nan	-nan	-nan	-nan	1356624801.138120	1.000202	0.000000	0.000000	0.000000	-nan	-nan	-nan	-nan	-nan	-nan	-nan	-nan	-nan	-nan	-nan	-nan	-nan	-nan	-nan	-nan	
