ts_0	elapsed_0	pkg_0	pp0_0	dram_0	freq_ratio_0_0	c0_ratio_0_0	freq_ratio_0_1	c0_ratio_0_1	freq_ratio_0_2	c0_ratio_0_2	freq_ratio_0_3	c0_ratio_0_3	freq_ratio_0_4	c0_ratio_0_4	freq_ratio_0_5	c0_ratio_0_5	freq_ratio_0_6	c0_ratio_0_6	freq_ratio_0_7	c0_ratio_0_7	ts_1	elapsed_1	pkg_1	pp0_1	dram_1	freq_ratio_1_0	c0_ratio_1_0	freq_ratio_1_1	c0_ratio_1_1	freq_ratio_1_2	c0_ratio_1_2	freq_ratio_1_3	c0_ratio_1_3	freq_ratio_1_4	c0_ratio_1_4	freq_ratio_1_5	c0_ratio_1_5	freq_ratio_1_6	c0_ratio_1_6	freq_ratio_1_7	c0_ratio_1_7	
1356620913.662178	1.027412	50.040776	36.545786	5.632810	1.155842	0.586818	1.154298	0.575733	1.155304	0.584578	1.155535	0.586289	1.154858	0.582084	1.156217	0.591090	1.156119	0.589692	1.154554	0.577559	1356620913.662318	1.000393	50.996061	37.393114	5.559903	0.927385	0.892434	0.927397	0.892115	0.934519	0.989470	0.927330	0.891539	0.709035	0.000071	0.991669	0.000077	0.894778	0.615982	0.927381	0.892893	
1356620914.662173	0.999995	50.806956	37.228076	6.254044	0.843026	0.998298	0.843016	0.998296	0.843026	0.998295	0.843026	0.998293	0.843026	0.998293	0.843027	0.998291	0.836948	0.000437	0.844285	0.000097	1356620914.662328	1.000010	50.796809	37.079264	6.871376	0.852539	0.997188	0.852540	0.997191	0.852540	0.997188	0.852540	0.997186	0.858560	0.000128	0.859489	0.000014	0.852542	0.997180	0.852542	0.997184	
1356620915.662173	1.000000	50.811752	37.232590	6.264069	0.843036	0.997781	0.843046	0.997777	0.843036	0.997776	0.843037	0.997775	0.843037	0.997775	0.843036	0.997771	0.844273	0.000486	0.856998	0.000016	1356620915.662313	0.999985	50.804413	37.089745	6.793513	0.852271	0.997176	0.852271	0.997167	0.852271	0.997166	0.852271	0.997162	0.850012	0.000067	0.840762	0.000054	0.852271	0.997170	0.852271	0.997160	
1356620916.662173	1.000000	50.807129	37.226486	6.209015	0.844167	0.998359	0.844168	0.998359	0.844167	0.998356	0.844167	0.998353	0.844167	0.998353	0.844167	0.998352	0.841104	0.001400	0.841125	0.000412	1356620916.662303	0.999990	50.804647	37.095525	6.782539	0.851404	0.997218	0.851403	0.997267	0.851403	0.997265	0.851403	0.997264	0.866096	0.000137	0.860313	0.000056	0.851401	0.997265	0.851400	0.997260	
1356620917.662173	1.000000	50.808197	37.240433	6.027771	0.845672	0.998680	0.845672	0.998679	0.845673	0.998678	0.845673	0.998676	0.845672	0.998676	0.845672	0.998676	0.842705	0.000628	0.842015	0.000015	1356620917.662303	1.000000	50.801743	37.131332	6.856842	0.852103	0.997161	0.852103	0.997160	0.852103	0.997158	0.852103	0.997155	0.836432	0.000069	0.844481	0.000053	0.852103	0.997155	0.852103	0.997153	
1356620918.662173	1.000000	50.806473	37.219254	6.145065	0.843807	0.998258	0.842171	0.080122	0.843807	0.998258	0.843807	0.998258	0.843808	0.998256	0.843807	0.998254	0.843711	0.924639	0.808240	0.003872	1356620918.662301	0.999998	50.800359	37.110239	6.795362	0.851094	0.997386	0.851094	0.997384	0.851094	0.997382	0.851094	0.997380	0.805782	0.003015	0.797200	0.002798	0.851094	0.997381	0.851094	0.997378	
1356620919.662173	1.000000	50.758148	37.199860	6.077087	0.844436	0.998296	0.846993	0.000487	0.844436	0.998294	0.844436	0.998294	0.844436	0.998294	0.844436	0.998293	0.844436	0.998290	0.847036	0.000039	1356620919.662302	1.000001	50.802991	37.122569	6.785089	0.851497	0.997482	0.851497	0.997480	0.851497	0.997479	0.851497	0.997476	0.845994	0.000320	0.848744	0.000059	0.851497	0.997477	0.851497	0.997473	
1356620920.662173	1.000000	50.807312	37.239838	6.151291	0.844176	0.998218	0.850424	0.000452	0.844176	0.998217	0.844176	0.998213	0.844176	0.998213	0.844176	0.998211	0.844176	0.998209	0.845419	0.000088	1356620920.662301	0.999999	50.805789	37.141561	6.724097	0.851217	0.997295	0.851217	0.997293	0.851217	0.997291	0.851217	0.997288	0.846372	0.000112	0.849657	0.000013	0.851217	0.997287	0.851217	0.997287	
1356620921.662172	0.999999	50.805560	37.241506	6.062994	0.844426	0.998447	0.844263	0.000839	0.844427	0.998446	0.844427	0.998445	0.844427	0.998444	0.844428	0.998442	0.844428	0.998439	0.852255	0.000040	1356620921.662296	0.999995	50.744685	37.101062	6.777668	0.851648	0.997273	0.851649	0.997272	0.851648	0.997270	0.851649	0.997268	0.848574	0.000067	0.848552	0.000054	0.851651	0.997267	0.851651	0.997267	
1356620922.662173	1.000001	50.812635	37.251658	6.031565	0.843748	0.998296	0.844054	0.000467	0.843745	0.998294	0.843745	0.998293	0.843744	0.998290	0.843743	0.998289	0.843743	0.998287	0.846590	0.000110	1356620922.662303	1.000007	50.807235	37.158785	6.759307	0.851339	0.997478	0.851339	0.997476	0.851339	0.997474	0.851338	0.997472	0.859506	0.000109	0.855692	0.000013	0.851336	0.997476	0.851336	0.997473	
1356620923.662172	0.999999	50.805667	37.240896	6.116324	0.845115	0.998685	0.842587	0.000825	0.845117	0.998684	0.845116	0.998682	0.845117	0.998684	0.845118	0.998681	0.845118	0.998682	0.837793	0.000039	1356620923.662299	0.999996	50.796608	37.141340	6.755490	0.851321	0.997291	0.851321	0.997289	0.851321	0.997287	0.851321	0.997285	0.882387	0.000065	0.849466	0.000054	0.851323	0.997287	0.851323	0.997284	
1356620924.662174	1.000002	50.811152	37.223180	6.100513	0.843747	0.998147	0.845671	0.000449	0.843747	0.998202	0.843748	0.998334	0.843747	0.998159	0.843747	0.998140	0.843747	0.998177	0.847166	0.000084	1356620924.662312	1.000013	50.803319	37.122758	6.805880	0.850857	0.997422	0.850857	0.997384	0.850856	0.997412	0.850856	0.997380	0.847952	0.000107	0.854064	0.000014	0.850853	0.997415	0.850842	0.997471	
1356620925.662173	0.999999	50.805682	37.213826	6.193167	0.844151	0.998651	0.841691	0.000496	0.844152	0.998652	0.844151	0.998647	0.844151	0.998647	0.844151	0.998646	0.844151	0.998645	0.845064	0.000062	1356620925.662299	0.999987	50.805979	37.121993	6.805402	0.850490	0.997399	0.850490	0.997397	0.850490	0.997395	0.850490	0.997393	0.859212	0.000088	0.868309	0.000079	0.850491	0.997393	0.850490	0.997392	
1356620926.662174	1.000001	50.806806	37.253581	6.074427	0.843964	0.997698	0.843588	0.000825	0.843964	0.997915	0.843964	0.997744	0.843964	0.997670	0.843964	0.997831	0.843963	0.997685	0.825812	0.000097	1356620926.662314	1.000015	50.800857	37.167777	6.766775	0.851397	0.997154	0.851397	0.997088	0.851396	0.997275	0.851397	0.997082	0.846140	0.000119	0.843662	0.000019	0.851396	0.997236	0.851385	0.997245	
1356620927.662173	0.999999	50.809848	37.253148	6.122748	0.844257	0.998191	0.844770	0.000452	0.844257	0.998192	0.844257	0.998192	0.844257	0.998191	0.844257	0.998189	0.844257	0.998188	0.847310	0.000040	1356620927.662300	0.999986	50.801908	37.162602	6.720248	0.851122	0.997544	0.851122	0.997544	0.851122	0.997541	0.851122	0.997538	0.846284	0.000089	0.836872	0.000060	0.851122	0.997539	0.851122	0.997537	
1356620928.662173	1.000000	50.808472	37.256454	5.980133	0.843462	0.998278	0.836684	0.002909	0.843462	0.998276	0.843462	0.998276	0.843462	0.998274	0.843462	0.998274	0.843463	0.998274	0.845209	0.000100	1356620928.662304	1.000004	50.802544	37.177340	6.684208	0.851671	0.997442	0.851671	0.997440	0.851671	0.997438	0.851671	0.997435	0.846289	0.000132	0.869900	0.000025	0.851671	0.997436	0.851671	0.997434	
1356620929.662173	1.000000	50.758469	37.224823	6.019745	0.843546	0.998213	0.841075	0.000447	0.843544	0.998212	0.843544	0.998210	0.843543	0.998207	0.843543	0.998206	0.843542	0.998206	0.843565	0.000039	1356620929.662296	0.999992	50.799942	37.180462	6.695611	0.851617	0.997352	0.851617	0.997352	0.851617	0.997348	0.851616	0.997346	0.845850	0.000065	0.877707	0.000052	0.851617	0.997345	0.851616	0.997344	
1356620930.662173	1.000000	50.808090	37.241974	6.025101	0.843073	0.998169	0.833818	0.000453	0.843074	0.998160	0.843075	0.998166	0.843075	0.998158	0.843075	0.998157	0.843076	0.998163	0.844186	0.000101	1356620930.662304	1.000008	50.803894	37.164829	6.710959	0.851069	0.997351	0.851069	0.997349	0.851069	0.997348	0.851069	0.997347	0.846464	0.000121	0.863641	0.000014	0.851069	0.997346	0.851069	0.997343	
1356620931.662173	1.000000	50.808823	37.222229	6.176392	0.843080	0.998193	0.840961	0.000806	0.843078	0.998193	0.843077	0.998191	0.843077	0.998190	0.843077	0.998189	0.843077	0.998187	0.840966	0.000040	1356620931.662306	1.000002	50.804102	37.133795	6.769000	0.851104	0.997468	0.851104	0.997468	0.851104	0.997466	0.851103	0.997462	0.863022	0.000066	0.845963	0.000053	0.851104	0.997460	0.851104	0.997461	
1356620932.662173	1.000000	50.807312	37.225601	6.140884	0.842933	0.998142	0.840897	0.000476	0.842935	0.998142	0.842935	0.998143	0.842934	0.998139	0.842936	0.998138	0.842936	0.998136	0.844184	0.000082	1356620932.662304	0.999998	50.800207	37.135355	6.791257	0.850893	0.997659	0.850894	0.997656	0.850893	0.997656	0.850894	0.997653	0.846355	0.000109	0.846382	0.000014	0.850893	0.997654	0.850893	0.997653	
1356620933.662173	1.000000	50.805359	37.207306	6.246323	0.842457	0.997481	0.850318	0.000520	0.842457	0.997478	0.842457	0.997476	0.842459	0.997890	0.842459	0.997887	0.842457	0.997471	0.842256	0.000039	1356620933.662312	1.000008	50.805695	37.117863	6.795416	0.850957	0.997629	0.850959	0.997215	0.850957	0.997625	0.850957	0.997621	0.846154	0.000100	0.846467	0.000053	0.850957	0.997626	0.850957	0.997620	
1356620934.662173	1.000000	50.810699	37.219849	6.229019	0.842520	0.997380	0.841725	0.000450	0.842498	0.997947	0.842498	0.997946	0.842518	0.997342	0.842498	0.997943	0.842517	0.997371	0.846351	0.000094	1356620934.662305	0.999993	50.799958	37.130445	6.758714	0.850655	0.996891	0.850656	0.996850	0.850655	0.996880	0.850655	0.996845	0.840589	0.000113	0.861363	0.000025	0.850655	0.996921	0.850653	0.997446	
1356620935.662173	1.000000	50.807983	37.257492	5.949799	0.842720	0.997970	0.847114	0.000460	0.842721	0.997968	0.842722	0.997965	0.842722	0.997965	0.842722	0.997963	0.842723	0.997960	0.868892	0.000038	1356620935.662300	0.999995	50.803508	37.180743	6.743305	0.851432	0.997425	0.851432	0.997422	0.851432	0.997420	0.851432	0.997419	0.846272	0.000066	0.846765	0.000053	0.851432	0.997419	0.851432	0.997417	
1356620936.662173	1.000000	50.809769	37.232285	6.080658	0.841973	0.997856	0.844824	0.000809	0.841970	0.997855	0.841970	0.997853	0.841970	0.997853	0.841970	0.997849	0.841970	0.997847	0.842499	0.000080	1356620936.662300	1.000000	50.801208	37.146179	6.796066	0.850840	0.997695	0.850841	0.997692	0.850840	0.997690	0.850840	0.997687	0.845675	0.000107	0.843452	0.000014	0.850840	0.997689	0.850840	0.997686	
1356620937.662173	1.000000	50.807007	37.234329	6.127808	0.842457	0.998062	0.839328	0.000476	0.842458	0.998063	0.842458	0.998060	0.842457	0.998059	0.842457	0.998057	0.842457	0.998054	0.837808	0.000039	1356620937.662298	0.999998	50.801488	37.154993	6.790113	0.851007	0.997514	0.851007	0.997513	0.851007	0.997511	0.851007	0.997508	0.846307	0.000067	0.846821	0.000053	0.851007	0.997510	0.851007	0.997509	
1356620938.662173	1.000000	50.806213	37.237473	6.091904	0.842225	0.998090	0.844826	0.002819	0.842227	0.998089	0.842227	0.998087	0.842227	0.998086	0.842228	0.998086	0.842228	0.998084	0.858556	0.000085	1356620938.662301	1.000003	50.804393	37.165427	6.678278	0.851426	0.997378	0.851426	0.997377	0.851426	0.997378	0.851425	0.997372	0.846308	0.000108	0.843031	0.000014	0.851426	0.997373	0.851425	0.997371	
1356620939.662173	1.000000	50.757462	37.213104	5.987640	0.842311	0.997958	0.842220	0.000435	0.842311	0.997955	0.842311	0.997955	0.842311	0.997956	0.842311	0.997952	0.842311	0.997950	0.847289	0.000039	1356620939.662301	1.000000	50.798828	37.172089	6.712219	0.851038	0.997325	0.851039	0.997323	0.851038	0.997320	0.851038	0.997319	0.846302	0.000066	0.835292	0.000054	0.851038	0.997320	0.851038	0.997323	
1356620940.662173	1.000000	50.810349	37.246597	6.022903	0.841544	0.997674	0.820444	0.001460	0.841544	0.997673	0.841544	0.997671	0.841544	0.997668	0.841544	0.997666	0.841544	0.997665	0.831233	0.000099	1356620940.662299	0.999998	50.751745	37.133189	6.685712	0.851012	0.997344	0.851012	0.997348	0.851012	0.997340	0.851012	0.997337	0.856211	0.000131	0.870807	0.000024	0.851012	0.997338	0.851012	0.997343	
1356620941.662173	1.000000	50.806686	37.240982	6.085693	0.841411	0.997942	0.835727	0.001088	0.841411	0.997939	0.841411	0.997936	0.841411	0.997942	0.841411	0.997934	0.841411	0.997931	0.846471	0.000039	1356620941.662301	1.000002	50.804026	37.168096	6.754443	0.851137	0.997590	0.851137	0.997588	0.851137	0.997584	0.851137	0.997583	0.846386	0.000065	0.834413	0.000054	0.851137	0.997583	0.851137	0.997583	
1356620942.662173	1.000000	50.808823	37.222610	6.163757	0.841868	0.998098	0.840492	0.000503	0.841868	0.998098	0.841868	0.998095	0.841868	0.998094	0.841868	0.998094	0.841869	0.998091	0.860875	0.000086	1356620942.662302	1.000001	50.799955	37.137584	6.779321	0.850821	0.997498	0.850821	0.997498	0.850821	0.997496	0.850821	0.997502	0.846201	0.000107	0.866869	0.000032	0.850821	0.997494	0.850821	0.997491	
1356620943.662173	1.000000	50.807907	37.254898	6.009827	0.841398	0.997769	0.812331	0.004304	0.841398	0.997770	0.841398	0.997767	0.841397	0.997766	0.841397	0.997760	0.841397	0.997761	0.802132	0.003798	1356620943.662302	1.000000	50.803070	37.188248	6.689102	0.851069	0.997184	0.851069	0.997179	0.851069	0.997178	0.851069	0.997173	0.804849	0.002964	0.803452	0.002984	0.851069	0.997177	0.851069	0.997175	
1356620944.662173	1.000000	50.808701	37.235321	6.084656	0.842042	0.998096	0.844161	0.000453	0.842042	0.998094	0.842042	0.998093	0.842042	0.998090	0.842042	0.998088	0.842042	0.998086	0.846407	0.000083	1356620944.662306	1.000004	50.801369	37.156954	6.766467	0.851199	0.997616	0.851199	0.997614	0.851199	0.997612	0.851199	0.997609	0.846054	0.000079	0.843491	0.000014	0.851199	0.997611	0.851199	0.997609	
1356620945.662173	1.000000	50.808502	37.220734	6.139313	0.841796	0.998021	0.847075	0.000504	0.841796	0.998022	0.841796	0.998018	0.841796	0.998016	0.841796	0.998016	0.841796	0.998014	0.846639	0.000039	1356620945.662294	0.999988	50.799266	37.133988	6.863668	0.850766	0.997401	0.850766	0.997401	0.850766	0.997397	0.850766	0.997394	0.848691	0.000054	0.881545	0.000051	0.850769	0.997395	0.850769	0.997394	
1356620946.662178	1.000005	715758856.933030	715805513.964656	715791916.351462	0.999890	1.000497	0.999891	1.000513	1.569409	0.637437	0.999890	1.000498	0.999892	1.000506	0.999891	1.000490	0.999889	1.000496	0.999893	1.000509	1356620946.662287	0.999993	715822263.201782	715797501.107173	715809772.055770	0.999890	1.000498	0.999888	1.000501	3.899808	0.256526	0.999891	1.000501	0.999890	1.000502	0.999896	1.000508	0.999890	1.000499	0.999893	1.000509	
1356620947.662172	0.999994	0.000000	0.000000	0.000000	-nan	-nan	-nan	-nan	0.000000	inf	-nan	-nan	-nan	0.000000	0.000000	inf	-nan	-nan	-nan	-nan	1356620947.662252	0.999965	0.000000	0.000000	0.000000	-nan	-nan	-nan	-nan	0.000000	inf	-nan	-nan	-nan	-nan	-nan	-nan	-nan	-nan	-nan	-nan	
1356620948.662309	1.000137	0.000000	0.000000	0.000000	-nan	-nan	-nan	-nan	-nan	-nan	-nan	-nan	-nan	0.000000	-nan	-nan	-nan	-nan	-nan	-nan	1356620948.662388	1.000136	0.000000	0.000000	0.000000	-nan	-nan	-nan	-nan	-nan	-nan	-nan	-nan	-nan	-nan	-nan	-nan	-nan	-nan	-nan	-nan	
