ts_0	elapsed_0	pkg_0	pp0_0	dram_0	freq_ratio_0_0	c0_ratio_0_0	freq_ratio_0_1	c0_ratio_0_1	freq_ratio_0_2	c0_ratio_0_2	freq_ratio_0_3	c0_ratio_0_3	freq_ratio_0_4	c0_ratio_0_4	freq_ratio_0_5	c0_ratio_0_5	freq_ratio_0_6	c0_ratio_0_6	freq_ratio_0_7	c0_ratio_0_7	ts_1	elapsed_1	pkg_1	pp0_1	dram_1	freq_ratio_1_0	c0_ratio_1_0	freq_ratio_1_1	c0_ratio_1_1	freq_ratio_1_2	c0_ratio_1_2	freq_ratio_1_3	c0_ratio_1_3	freq_ratio_1_4	c0_ratio_1_4	freq_ratio_1_5	c0_ratio_1_5	freq_ratio_1_6	c0_ratio_1_6	freq_ratio_1_7	c0_ratio_1_7	
1352523809.085715	1.001582	38.879612	25.583583	6.018860	0.999830	0.736963	0.999662	0.734470	0.999742	0.012557	0.999626	0.009988	0.999562	0.007002	0.999524	0.006730	0.996191	0.055697	0.993720	0.006750	1352523809.085775	1.000312	43.396079	30.287667	4.353118	0.999773	0.731917	0.999827	0.731156	0.999958	0.730675	0.999799	0.295944	0.993941	0.017285	0.999958	0.303745	0.990798	0.007559	0.997309	0.045900	
1352523810.085708	0.999993	39.726471	26.444946	6.094219	0.999999	0.701693	0.999999	0.703345	0.999832	0.009361	0.999842	0.008009	0.999972	0.007166	0.999830	0.008100	0.999797	0.009035	0.999870	0.004855	1352523810.085838	1.000063	43.698376	30.576796	4.739585	1.000000	0.698873	1.000001	0.697975	1.000001	0.697989	1.000003	0.616786	1.000034	0.007070	1.000037	0.004495	1.000014	0.006826	1.000063	0.003996	
1352523811.085706	0.999998	40.056275	26.784658	6.109829	0.999999	0.828843	1.000000	0.829852	0.999981	0.010744	0.999961	0.008741	1.000007	0.007086	1.000076	0.007064	0.999981	0.007168	0.999996	0.005256	1352523811.085802	0.999964	44.340479	31.212137	4.809866	1.000000	0.827292	1.000000	0.826745	1.000000	0.826718	1.000000	0.583145	0.999975	0.007325	0.999959	0.004537	0.999968	0.006619	1.000027	0.004213	
1352523812.085715	1.000009	41.092981	27.802452	6.100714	1.000000	0.787449	1.000000	0.788297	0.999892	0.011654	0.999919	0.008661	1.000033	0.006710	0.999995	0.006753	0.999940	0.006738	0.999926	0.004772	1352523812.085862	1.000060	44.054772	30.938601	4.830825	1.000000	0.785332	1.000000	0.784672	1.000000	0.784675	1.000000	0.594156	0.999974	0.007363	0.999909	0.004717	0.999955	0.006882	0.999902	0.004615	
1352523813.085716	1.000001	40.859351	27.563740	6.107309	1.000000	0.774914	0.999941	0.775906	0.999941	0.271262	0.999996	0.191796	0.999998	0.028607	0.998263	0.006992	0.999990	0.008766	0.997927	0.008453	1352523813.085826	0.999964	40.809376	27.676274	4.780598	1.000000	0.773260	1.000000	0.772333	1.000000	0.772338	0.999997	0.117695	0.999992	0.009445	0.999986	0.004726	0.999978	0.005701	1.000021	0.004917	
1352523814.085713	0.999997	42.019738	28.722577	6.142673	1.000000	0.778647	1.000000	0.780155	0.999999	0.589749	1.000002	0.027188	0.999953	0.014784	0.999978	0.006529	0.999969	0.006234	1.000071	0.004704	1352523814.085895	1.000069	41.129856	27.997552	4.744210	1.000000	0.777645	1.000000	0.776866	1.000000	0.776963	0.999952	0.006095	0.999952	0.005306	0.999938	0.004824	0.999973	0.004461	0.999995	0.005087	
1352523815.085708	0.999995	38.852978	25.562933	6.080124	1.000001	0.528640	0.999921	0.518437	1.000003	0.346656	0.999816	0.267275	1.000148	0.008759	0.999681	0.006967	0.994890	0.004928	0.997272	0.004970	1352523815.085822	0.999927	38.203166	25.071592	4.699333	0.999972	0.524764	0.999998	0.522950	0.999998	0.522993	0.999659	0.004897	0.996164	0.007128	0.995864	0.004390	0.999913	0.004734	0.999952	0.004415	
1352523816.085708	1.000000	41.660553	28.364578	6.124939	1.000000	0.881069	0.999999	0.589655	1.000000	0.879978	1.000040	0.011951	1.000066	0.005797	1.000070	0.006718	0.999851	0.004972	0.999821	0.004736	1352523816.085815	0.999993	43.415583	30.279491	4.776019	1.000000	0.880460	1.000000	0.879981	1.000000	0.879989	0.999996	0.005131	0.999993	0.008028	0.999989	0.004547	0.999931	0.004575	0.999913	0.004869	
1352523817.085708	1.000000	38.013672	24.740616	6.135712	0.999743	0.601793	0.984022	0.018997	0.999953	0.596975	0.998799	0.012056	0.995072	0.006167	0.996310	0.006092	0.997419	0.004914	0.998774	0.005053	1352523817.085858	1.000043	40.810764	27.687960	4.823401	0.999845	0.672747	0.999998	0.174715	1.000000	0.596813	0.999912	0.375705	0.998831	0.025889	0.995577	0.008529	0.998266	0.017402	0.999966	0.508641	
1352523818.085714	1.000006	40.444782	27.157980	6.108881	1.000000	0.769661	0.999981	0.019826	1.000000	0.766955	1.000003	0.009112	0.999971	0.007816	0.999980	0.006452	1.000224	0.004048	0.999950	0.004927	1352523818.085858	1.000000	44.367661	31.229904	4.746506	1.000000	0.767583	1.000033	0.004781	1.000000	0.766823	1.000000	0.601100	1.000008	0.006426	1.000025	0.003921	0.999944	0.004070	1.000000	0.766904	
1352523819.085706	0.999992	39.149426	25.857738	6.110432	0.999999	0.707578	0.999953	0.019486	0.999999	0.704826	0.999971	0.013282	1.000068	0.006209	1.000007	0.006518	0.999961	0.004345	1.000002	0.005170	1352523819.085826	0.999968	43.009843	29.872811	4.789750	1.000000	0.705531	0.999958	0.023009	1.000000	0.704692	0.999969	0.581416	1.000016	0.004904	0.999973	0.004288	0.999889	0.004132	1.000000	0.704969	
1352523820.085717	1.000011	40.963326	27.668184	6.092417	1.000000	0.846884	1.000014	0.020423	0.999999	0.845273	0.999957	0.013807	1.000060	0.006115	0.999865	0.007271	0.999976	0.006617	0.999925	0.005521	1352523820.085829	1.000003	44.673476	31.535791	4.839386	1.000000	0.845737	1.000020	0.007123	1.000000	0.845207	1.000000	0.592468	1.000042	0.005446	0.999998	0.004181	1.000061	0.004871	1.000000	0.845207	
1352523821.085852	1.000135	41.116079	27.821548	6.101426	1.000001	0.660889	0.999858	0.491007	1.000002	0.649559	0.998922	0.028084	0.999999	0.113021	1.000074	0.006475	1.000035	0.002343	1.000169	0.004715	1352523821.085939	1.000110	38.345914	25.208823	4.806112	0.999976	0.650725	0.999796	0.005284	0.999999	0.649694	0.999536	0.003922	0.999829	0.005804	0.999807	0.004921	0.999906	0.005436	0.999999	0.649691	
1352523822.085704	0.999852	41.260061	27.968176	6.099643	1.000000	0.755017	0.999999	0.508950	1.000000	0.752255	0.999996	0.014499	1.000007	0.106503	1.000018	0.005636	1.000070	0.002375	0.999877	0.004682	1352523822.085830	0.999891	40.179854	27.050982	4.802800	1.000000	0.753146	0.999979	0.009047	1.000000	0.752381	1.000040	0.004891	1.000028	0.005435	1.000052	0.006392	0.999993	0.011963	1.000000	0.752545	
1352523823.085711	1.000007	38.994176	25.693701	6.122562	0.999998	0.775975	0.999941	0.048352	0.999999	0.773242	0.999863	0.014112	0.999920	0.012221	0.999826	0.005413	0.999710	0.002813	0.999837	0.005217	1352523823.085824	0.999994	42.989331	29.848902	4.858427	1.000000	0.773740	1.000089	0.006400	1.000000	0.773102	1.000003	0.564065	0.999976	0.005084	1.000000	0.004622	1.000016	0.004539	1.000001	0.773087	
1352523824.085706	0.999995	41.136391	27.831576	6.123856	1.000000	0.875751	1.000022	0.017488	1.000000	0.874181	0.999980	0.010425	1.000031	0.010567	1.000077	0.005862	1.000048	0.002874	1.000066	0.005123	1352523824.085827	1.000003	44.229950	31.090022	4.786271	1.000000	0.874544	0.999962	0.004984	1.000000	0.874130	1.000000	0.594060	1.000033	0.005647	1.000053	0.004177	1.000033	0.004692	1.000000	0.874251	
1352523825.085715	1.000009	38.438296	25.139131	6.088232	0.999930	0.642152	0.996066	0.020230	1.000000	0.637653	0.999943	0.010740	0.998864	0.010369	0.999921	0.008063	0.999944	0.002886	0.999849	0.005187	1352523825.085811	0.999984	41.084061	27.943913	4.834519	0.999999	0.638318	0.999990	0.005358	0.999999	0.637386	1.000000	0.588535	1.000070	0.005948	0.999958	0.004474	0.999980	0.004607	0.999999	0.637311	
1352523826.085707	0.999992	40.177114	26.893986	6.103229	0.999999	0.741952	0.999970	0.019504	1.000000	0.739127	0.999938	0.011641	1.000039	0.008643	0.999980	0.006207	0.999969	0.002844	1.000139	0.004956	1352523826.085827	1.000016	42.503197	29.362599	4.835296	1.000000	0.739834	0.999970	0.005023	1.000000	0.739092	1.000000	0.603419	0.999884	0.004958	0.999980	0.004473	0.999988	0.004648	1.000001	0.739122	
1352523827.085729	1.000022	38.460475	25.173657	6.083637	0.999599	0.246557	0.999642	0.398370	0.999986	0.621732	0.999910	0.009607	0.995996	0.009991	0.998380	0.006036	0.999728	0.002768	0.998494	0.004986	1352523827.085925	1.000098	41.542484	28.406289	4.794315	1.000000	0.622453	0.999957	0.011570	1.000000	0.621508	1.000000	0.588641	0.999979	0.004779	0.999968	0.004093	0.999977	0.004283	1.000000	0.621512	
1352523828.085706	0.999977	38.419794	25.132930	6.135532	0.999943	0.018933	1.000001	0.700191	1.000000	0.695464	1.000006	0.012470	0.999933	0.010478	0.999820	0.004728	0.999974	0.003324	0.999908	0.005736	1352523828.085871	0.999946	42.506990	29.383908	4.855257	0.999999	0.696088	0.999983	0.005224	1.000000	0.695242	1.000000	0.592226	0.999977	0.005681	1.000022	0.004271	0.999991	0.004396	1.000000	0.695217	
1352523829.085715	1.000009	39.476113	26.186164	6.104910	0.999945	0.021457	1.000000	0.808444	0.999999	0.805414	0.999920	0.010144	1.000080	0.009826	1.000002	0.004980	0.999852	0.002887	1.000094	0.005673	1352523829.085894	1.000023	42.969247	29.831760	4.840069	1.000000	0.805856	0.999997	0.005103	1.000000	0.805306	1.000000	0.593214	0.999975	0.004909	0.999959	0.004624	0.999949	0.004392	1.000000	0.805423	
1352523830.085715	1.000000	37.723831	24.435272	6.043747	0.998179	0.017992	0.999902	0.639932	1.000000	0.634125	0.999578	0.009704	0.998693	0.010187	1.000024	0.005773	1.000031	0.012244	1.000001	0.004810	1352523830.085878	0.999984	41.364812	28.226586	4.755829	1.000000	0.634651	1.000002	0.088603	1.000000	0.633787	1.000000	0.514272	0.999992	0.004764	0.999978	0.004250	0.999977	0.004678	1.000000	0.633934	
1352523831.086157	1.000442	39.712487	26.430989	6.114103	0.999941	0.018972	1.000000	0.779850	1.000001	0.775311	0.999925	0.010645	1.000070	0.011333	0.999873	0.004781	0.999806	0.002997	0.999999	0.005396	1352523831.086264	1.000386	42.641210	29.508507	4.802178	1.000000	0.775794	0.999893	0.007613	1.000000	0.775133	1.000000	0.602164	1.000007	0.005599	0.999900	0.004577	1.000090	0.005056	1.000000	0.775128	
1352523832.085716	0.999559	39.465314	26.190889	6.075250	0.999935	0.016501	1.000000	0.708640	1.000000	0.704187	0.999950	0.009409	1.000021	0.010414	0.999920	0.004931	1.000064	0.002803	0.999993	0.004720	1352523832.085854	0.999590	42.953573	29.811175	4.762100	1.000000	0.704730	1.000032	0.004767	1.000000	0.704036	1.000000	0.588200	0.999954	0.004612	1.000049	0.004461	0.999873	0.004211	1.000000	0.704001	
1352523833.085716	1.000000	38.243454	24.960037	6.076157	0.999377	0.017088	0.999932	0.628105	1.000000	0.622676	0.999939	0.008158	1.000001	0.011146	0.999967	0.006524	1.000033	0.002658	0.999841	0.004799	1352523833.085858	1.000004	41.647582	28.524192	4.754375	1.000000	0.623267	0.999972	0.004656	1.000000	0.622361	0.999934	0.596647	0.997314	0.004973	0.996747	0.004219	1.000063	0.004370	1.000000	0.622382	
1352523834.085708	0.999992	41.849811	28.555987	6.122501	1.000000	0.341146	1.000002	0.699097	1.000001	0.750112	0.999952	0.017347	1.000052	0.012559	1.000155	0.006826	1.000057	0.004947	1.000200	0.005917	1352523834.085777	0.999919	42.830697	29.692867	4.790870	0.999999	0.750970	0.999946	0.011470	0.999999	0.752415	0.999994	0.297855	0.999918	0.006822	0.999980	0.006358	0.999952	0.016840	0.999999	0.749074	
1352523835.085704	0.999996	39.336662	26.042006	6.031641	0.999999	0.464772	0.999888	0.607592	0.999999	0.460246	0.999963	0.010343	0.999988	0.005884	0.999908	0.004572	0.999965	0.004198	0.995756	0.004434	1352523835.085794	1.000017	37.265345	24.132831	4.713391	0.999776	0.461866	0.993111	0.007947	0.999950	0.460370	0.992162	0.007189	0.986107	0.005164	0.986397	0.005060	0.988875	0.004736	0.999928	0.460432	
1352523836.085704	1.000000	40.949585	27.660538	6.095932	1.000000	0.732453	1.000000	0.598758	1.000000	0.730267	0.999974	0.009937	0.999960	0.007692	1.000099	0.002257	0.999908	0.005940	0.999761	0.004687	1352523836.085807	1.000013	41.680102	28.544288	4.676147	1.000000	0.731476	0.999949	0.007332	1.000000	0.730345	0.999899	0.005316	0.999901	0.007395	1.000027	0.004866	0.999880	0.004592	1.000000	0.730361	
1352523837.085704	1.000000	42.224884	28.912888	6.109467	1.000000	0.864350	1.000000	0.595931	1.000000	0.863145	1.000070	0.011951	1.000080	0.005960	1.000015	0.002475	1.000039	0.005877	1.000120	0.004885	1352523837.085763	0.999956	41.576175	28.435245	4.778516	1.000000	0.863701	0.999979	0.009265	1.000000	0.863170	0.999820	0.005288	1.000102	0.008079	1.000072	0.006401	1.000026	0.005113	1.000000	0.863182	
1352523838.085706	1.000002	40.321807	27.014215	6.092411	0.999998	0.797169	0.999963	0.054240	0.999999	0.795069	0.999801	0.006148	0.999909	0.007174	0.999827	0.006786	0.999949	0.005679	0.999769	0.005085	1352523838.085824	1.000061	43.795636	30.657064	4.875252	1.000000	0.645834	1.000002	0.700279	1.000000	0.794992	1.000065	0.016417	1.000023	0.005918	0.999956	0.004069	1.000012	0.004520	1.000000	0.794999	
1352523839.085716	1.000010	40.870501	27.572951	5.748768	1.000000	0.589415	0.999882	0.601392	0.999998	0.586887	0.999936	0.008764	0.998908	0.015615	1.000024	0.005130	0.999778	0.004354	0.999804	0.005001	1352523839.085885	1.000061	38.186482	25.066250	4.300961	0.999798	0.587800	0.997004	0.029353	0.999966	0.586773	0.997558	0.039455	0.981884	0.004751	0.984338	0.004448	0.981648	0.004661	0.999979	0.586708	
1352523840.085712	0.999996	38.049425	24.746240	5.807870	0.999961	0.468412	0.999867	0.645765	1.000003	0.464053	1.000002	0.035232	0.998786	0.005615	0.998035	0.006940	1.000016	0.005847	1.000082	0.004142	1352523840.085836	0.999951	37.270538	24.138042	4.236262	0.999822	0.465865	0.984876	0.006255	0.999974	0.464174	0.995459	0.005152	0.992562	0.005092	0.992394	0.004715	0.982220	0.004279	0.999959	0.464203	
1352523841.085708	0.999996	40.510739	27.203922	5.733315	1.000000	0.591970	0.999955	0.700701	1.000000	0.588902	0.997875	0.009754	1.000083	0.006709	0.999995	0.005550	1.000250	0.001974	1.000058	0.003777	1352523841.085805	0.999969	37.173317	24.044584	4.314053	0.999737	0.590136	0.973563	0.004256	0.999942	0.589018	0.982744	0.007505	0.978273	0.004893	0.994918	0.004443	0.978933	0.004529	0.999927	0.589165	
1352523842.085704	0.999996	38.420505	25.133464	5.869851	0.999998	0.381621	0.999964	0.604017	1.000000	0.377602	0.999903	0.009609	1.000043	0.005772	0.999970	0.005792	0.999974	0.002179	1.000023	0.004407	1352523842.085845	1.000040	36.349527	23.216554	4.610747	0.999682	0.379736	0.993642	0.006193	0.999958	0.377854	0.987831	0.007115	0.987404	0.004973	0.993808	0.004697	0.987515	0.004605	0.999977	0.377935	
1352523843.085734	1.000030	41.236264	27.931702	6.090576	1.000000	0.763548	1.000000	0.601137	1.000000	0.761486	0.999988	0.012813	0.999982	0.024681	0.999973	0.006600	0.999978	0.002178	0.999990	0.004623	1352523843.085889	1.000044	39.882411	26.762354	4.612559	0.999981	0.762304	1.000044	0.006725	1.000000	0.761569	0.999986	0.007515	0.999985	0.005428	0.999935	0.005410	0.999979	0.004749	1.000000	0.761661	
1352523844.085704	0.999970	41.097075	27.784923	6.037840	1.000000	0.723482	1.000000	0.623297	1.000000	0.720828	0.999968	0.010674	1.000004	0.006007	0.999949	0.005930	0.999957	0.002320	0.999994	0.007989	1352523844.085877	0.999988	40.838591	27.703547	4.600488	1.000000	0.721876	0.999939	0.008625	1.000000	0.720935	0.999890	0.004897	1.000021	0.005354	1.000014	0.005434	0.999991	0.004448	1.000000	0.720918	
1352523845.085732	1.000028	40.231361	26.918133	6.129117	1.000000	0.772311	0.999998	0.616805	1.000000	0.770310	1.000216	0.008139	0.999906	0.009010	0.999990	0.007052	0.999954	0.002271	0.999974	0.004439	1352523845.085873	0.999996	40.651822	27.513783	4.690693	0.999981	0.771441	0.999112	0.009631	1.000000	0.770370	1.000024	0.008185	0.999992	0.005856	0.997943	0.005989	0.996884	0.004447	1.000000	0.770538	
1352523846.085708	0.999976	40.855217	27.551185	6.101206	1.000000	0.815557	1.000001	0.604702	1.000000	0.813898	0.999749	0.008605	0.999978	0.007577	0.999904	0.004498	0.999961	0.002399	0.999973	0.004611	1352523846.085849	0.999976	42.836191	29.698240	4.716743	1.000000	0.814758	0.999950	0.009293	1.000000	0.813967	1.000003	0.010107	0.999976	0.005177	0.999950	0.004931	1.000022	0.004531	1.000000	0.813959	
1352523847.085708	1.000000	41.645737	28.329956	6.058517	1.000000	0.798665	1.000000	0.602941	1.000000	0.796982	1.000003	0.008789	0.999991	0.007389	0.999941	0.004279	0.999970	0.002344	1.000075	0.004846	1352523847.085806	0.999957	41.534436	28.395307	4.710300	1.000000	0.797948	0.999922	0.009856	1.000000	0.797028	0.999912	0.009004	0.999972	0.005592	0.999962	0.004975	0.999946	0.004911	1.000000	0.797027	
1352523848.085710	1.000002	39.602662	26.286403	6.035633	0.999999	0.690184	0.999999	0.451990	0.999999	0.687524	0.999984	0.011118	0.999979	0.008142	0.999935	0.004037	0.999940	0.002451	0.999941	0.007359	1352523848.085830	1.000024	40.288809	27.152193	4.695138	0.999721	0.741865	0.992707	0.018267	1.000000	0.687446	0.998506	0.054675	0.996580	0.028457	0.999967	0.014661	0.999970	0.005396	1.000000	0.687358	
1352523849.085704	0.999994	40.215709	26.911476	6.090231	1.000000	0.675708	0.999999	0.438352	1.000000	0.672644	0.999895	0.009825	0.999996	0.030864	0.999935	0.004524	0.999720	0.002709	0.999983	0.005280	1352523849.085862	1.000032	40.446263	27.301694	4.851682	0.999972	0.681995	0.999990	0.673583	0.999997	0.125469	0.999999	0.040694	0.999992	0.005682	0.999970	0.005088	0.999920	0.004813	1.000000	0.673080	
1352523850.085704	1.000000	40.151733	26.841263	6.072067	1.000000	0.736658	1.000000	0.588440	1.000000	0.734516	0.999981	0.010106	0.999995	0.008764	0.999953	0.004236	1.000116	0.004673	0.999979	0.004817	1352523850.085862	1.000000	41.023895	27.897614	4.713394	1.000000	0.735490	1.000000	0.734594	0.999959	0.009277	0.999945	0.006788	0.999976	0.005033	1.000006	0.004607	1.000033	0.004083	1.000000	0.734604	
1352523851.085708	1.000004	41.156190	27.854944	6.081366	0.999999	0.661271	0.999999	0.606922	1.000000	0.658669	0.999921	0.007738	1.000011	0.009138	0.999824	0.004392	0.999700	0.002443	0.999981	0.004681	1352523851.085867	1.000005	40.214490	27.074129	4.706443	0.999999	0.659894	1.000000	0.658729	0.999953	0.008148	0.999896	0.008132	0.999925	0.005521	0.999990	0.005070	0.999969	0.004508	1.000000	0.658737	
1352523852.085708	1.000000	39.571838	26.276550	6.127991	1.000000	0.821495	0.999999	0.493608	1.000000	0.817267	0.999977	0.011316	0.999992	0.021701	0.999938	0.006205	0.999954	0.002648	0.999959	0.004921	1352523852.085846	0.999979	42.792997	29.648525	4.745949	1.000000	0.818129	1.000000	0.817290	0.999994	0.086003	1.000012	0.015199	0.999956	0.005531	0.999984	0.006302	0.999988	0.004652	1.000000	0.817305	
1352523853.085704	0.999996	40.702115	27.391545	6.041177	1.000000	0.693920	1.000000	0.613640	1.000000	0.691329	1.000068	0.008793	0.999988	0.004878	1.000032	0.006660	1.000236	0.002226	0.999997	0.004660	1352523853.085823	0.999977	39.081369	25.940886	4.700684	0.999980	0.692522	1.000000	0.691402	0.999988	0.011094	1.000003	0.008059	1.000030	0.005362	1.000013	0.005067	1.000011	0.005432	1.000000	0.691477	
1352523854.085707	1.000003	41.783791	28.471057	6.090832	1.000000	0.825619	1.000000	0.559512	1.000000	0.824173	1.000004	0.048308	0.999972	0.004779	0.999936	0.007197	0.999887	0.002315	0.999920	0.004320	1352523854.085806	0.999983	41.975823	28.834976	4.740025	0.999999	0.824809	0.999999	0.824243	0.999796	0.009746	0.999917	0.010858	0.999879	0.005099	0.999874	0.005030	0.999841	0.004712	0.999999	0.824323	
1352523855.085709	1.000002	39.673234	26.369014	6.061710	0.999999	0.636627	0.999981	0.593832	0.999999	0.634022	0.999958	0.018392	0.999984	0.005918	0.999962	0.007720	1.000098	0.002302	1.000103	0.004644	1352523855.085796	0.999990	39.435179	26.307331	4.751970	1.000000	0.635099	1.000000	0.634037	0.997582	0.012783	0.996456	0.013303	1.000094	0.006148	1.000073	0.005972	1.000073	0.006222	0.999994	0.633978	
1352523856.085711	1.000002	40.719054	27.413003	6.014698	1.000000	0.664312	0.999952	0.278335	1.000000	0.659202	1.000003	0.348026	1.000007	0.008613	1.000015	0.005427	0.999850	0.002326	0.999924	0.004342	1352523856.085831	1.000035	40.661371	27.518155	4.679401	0.999977	0.660661	1.000000	0.659408	0.996703	0.009471	0.996496	0.009735	0.999902	0.007196	0.999927	0.002856	0.999847	0.004409	1.000000	0.659450	
1352523857.085707	0.999996	40.497494	27.193973	6.036081	1.000000	0.651568	0.999965	0.456560	1.000000	0.648750	0.999991	0.161105	0.999966	0.006765	0.999883	0.004633	0.999956	0.002276	0.999881	0.004453	1352523857.085823	0.999992	39.746706	26.607760	4.725121	0.999974	0.650357	0.999995	0.648895	0.996643	0.009493	0.998420	0.010073	1.000116	0.007973	1.000088	0.002978	1.000145	0.004517	0.999995	0.649099	
1352523858.085704	0.999997	715766628.122945	715794157.730717	715799034.596236	0.999989	1.000553	0.999986	1.000557	0.999997	1.000554	0.999989	1.000553	0.999989	1.000556	0.999991	1.000551	0.999989	1.000557	0.999989	1.000553	1352523858.085802	0.999979	715780774.615846	715796188.080072	715779402.897445	0.999989	1.000554	0.999986	1.000556	3.893107	0.257006	0.999989	1.000553	0.999989	1.000556	0.999991	1.000551	0.999989	1.000557	0.999989	1.000554	
1352523859.085715	1.000011	0.000000	0.000000	0.000000	-nan	-nan	-nan	-nan	0.000000	inf	-nan	-nan	-nan	0.000000	-nan	-nan	-nan	-nan	-nan	-nan	1352523859.085795	0.999993	0.000000	0.000000	0.000000	-nan	-nan	-nan	-nan	0.000000	inf	-nan	-nan	-nan	-nan	-nan	-nan	-nan	-nan	-nan	-nan	
1352523860.085897	1.000182	0.000000	0.000000	0.000000	-nan	-nan	-nan	-nan	0.000000	inf	-nan	-nan	-nan	-nan	-nan	-nan	-nan	-nan	-nan	-nan	1352523860.085977	1.000182	0.000000	0.000000	0.000000	-nan	-nan	-nan	-nan	-nan	-nan	-nan	-nan	-nan	-nan	-nan	-nan	-nan	-nan	-nan	-nan	
