ts_0	elapsed_0	pkg_0	pp0_0	dram_0	freq_ratio_0_0	c0_ratio_0_0	freq_ratio_0_1	c0_ratio_0_1	freq_ratio_0_2	c0_ratio_0_2	freq_ratio_0_3	c0_ratio_0_3	freq_ratio_0_4	c0_ratio_0_4	freq_ratio_0_5	c0_ratio_0_5	freq_ratio_0_6	c0_ratio_0_6	freq_ratio_0_7	c0_ratio_0_7	ts_1	elapsed_1	pkg_1	pp0_1	dram_1	freq_ratio_1_0	c0_ratio_1_0	freq_ratio_1_1	c0_ratio_1_1	freq_ratio_1_2	c0_ratio_1_2	freq_ratio_1_3	c0_ratio_1_3	freq_ratio_1_4	c0_ratio_1_4	freq_ratio_1_5	c0_ratio_1_5	freq_ratio_1_6	c0_ratio_1_6	freq_ratio_1_7	c0_ratio_1_7	
1354690574.850626	1.001739	59.093097	45.531324	6.570239	1.159025	0.342859	1.156323	0.330818	1.157100	0.332247	1.159669	0.343277	1.155332	0.323779	1.160973	0.349882	1.156941	0.330422	1.159591	0.342856	1354690574.850747	1.000376	57.672026	43.980443	6.384151	0.999885	0.921650	0.999983	0.921274	1.000001	0.920977	1.000001	0.949593	0.859681	0.000126	1.003567	0.000080	0.999972	0.672414	0.999954	0.922240	
1354690575.850621	0.999995	64.159165	50.512551	7.025365	1.000000	1.000000	1.000000	1.000000	1.000000	1.000000	1.000001	1.000000	1.000001	1.000000	1.000000	1.000000	0.999667	0.000450	0.999173	0.000034	1354690575.850733	0.999986	63.886092	50.083056	7.844700	1.000000	1.000000	1.000000	1.000000	1.000000	1.000000	1.000000	1.000000	0.998534	0.000040	1.000032	0.000036	1.000000	1.000000	1.000000	1.000000	
1354690576.850621	1.000000	64.209366	50.506592	7.104309	1.000000	1.000000	1.000000	1.000000	1.000000	1.000000	1.000000	1.000000	1.000000	1.000000	1.000000	1.000000	1.000253	0.000909	1.002356	0.000097	1354690576.850732	0.999999	63.708008	49.864260	7.893379	1.000000	1.000000	1.000000	1.000000	1.000000	1.000000	1.000000	1.000000	1.000345	0.000103	1.000716	0.000041	1.000000	1.000000	1.000000	1.000000	
1354690577.850621	1.000000	64.083557	50.361938	7.056915	1.000000	1.000000	1.000000	1.000000	1.000000	1.000000	1.000000	1.000000	1.000000	1.000000	1.000000	1.000000	0.999880	0.000489	1.000103	0.000064	1354690577.850732	1.000000	63.792435	49.932892	7.905457	1.000000	1.000000	1.000000	1.000000	1.000000	1.000000	1.000000	1.000000	0.999688	0.000104	0.999902	0.000067	1.000000	1.000000	1.000000	1.000000	
1354690578.850621	1.000000	63.958832	50.247269	7.043686	1.000000	1.000000	1.000000	1.000000	1.000000	1.000000	1.000000	1.000000	1.000000	1.000000	1.000000	1.000000	0.999968	0.000606	0.999951	0.000205	1354690578.850728	0.999996	63.863388	50.032841	7.938204	1.000000	1.000000	1.000000	1.000000	1.000000	1.000000	1.000000	1.000000	0.999802	0.000068	0.999915	0.000136	1.000000	1.000000	1.000000	1.000000	
1354690579.850621	1.000000	63.926254	50.196594	7.120987	1.000000	1.000000	1.000000	1.000000	1.000000	1.000000	1.000000	1.000000	1.000000	1.000000	1.000000	1.000000	1.000091	0.000546	0.999336	0.000160	1354690579.850734	1.000006	63.924668	50.069129	7.989409	1.000000	0.999579	1.000000	0.999560	1.000000	0.999559	1.000000	0.999557	1.000251	0.000092	1.000228	0.000083	1.000000	0.999556	1.000000	0.999595	
1354690580.850621	1.000000	64.020615	50.309418	7.088074	1.000000	1.000000	1.000000	1.000000	1.000000	1.000000	1.000000	1.000000	1.000000	1.000000	1.000000	1.000000	0.999995	0.000502	1.001492	0.000073	1354690580.850734	1.000000	63.902771	50.087891	7.933456	1.000000	1.000000	1.000000	1.000000	1.000000	1.000000	1.000000	1.000000	0.999833	0.000067	0.999658	0.000043	1.000000	1.000000	1.000000	1.000000	
1354690581.850621	1.000000	63.998627	50.305679	7.120636	1.000000	1.000000	1.000000	1.000000	1.000000	1.000000	1.000000	1.000000	1.000000	1.000000	1.000000	1.000000	0.999921	0.000726	1.000996	0.000033	1354690581.850727	0.999993	63.981171	50.173092	7.826730	1.000000	1.000000	1.000000	1.000000	1.000000	1.000000	1.000000	1.000000	1.000285	0.000062	1.000949	0.000012	1.000000	1.000000	1.000000	1.000000	
1354690582.850621	1.000000	64.046921	50.296921	7.106384	1.000000	1.000000	1.000000	1.000000	1.000000	1.000000	1.000000	1.000000	1.000000	1.000000	1.000000	1.000000	0.999878	0.000464	0.998987	0.000073	1354690582.850731	1.000004	64.088531	50.200877	7.954878	1.000000	1.000000	1.000000	1.000000	1.000000	1.000000	1.000000	1.000000	0.999842	0.000068	0.999533	0.000052	1.000000	1.000000	1.000000	1.000000	
1354690583.850621	1.000000	64.099426	50.428864	7.042343	0.999999	0.999910	1.000000	0.999910	1.000000	0.999908	0.999999	0.999963	1.000000	0.999949	0.999999	0.999907	1.000294	0.000450	1.000090	0.002012	1354690583.850737	1.000006	64.000885	50.199698	7.884841	1.000000	0.999929	1.000000	1.000000	1.000000	0.999912	1.000000	1.000000	1.000559	0.000061	1.001013	0.000012	1.000000	1.000000	1.000000	0.999982	
1354690584.850621	1.000000	64.113876	50.420670	7.085205	1.000001	0.999808	1.000000	1.000000	1.000000	0.999999	1.000000	1.000000	1.000000	0.999859	1.000000	0.999807	0.999931	0.000455	0.998706	0.000069	1354690584.850734	0.999997	64.040421	50.189639	7.918329	1.000000	0.999537	1.000000	0.999537	1.000000	0.999343	1.000000	1.000000	0.999704	0.000068	1.000211	0.000073	1.000000	1.000000	1.000000	1.000000	
1354690585.850621	1.000000	64.125168	50.447311	7.109360	1.000000	1.000000	1.000000	0.999616	1.000000	1.000001	1.000000	0.999833	1.000000	0.999934	1.000000	1.000000	0.999530	0.000428	0.997171	0.000034	1354690585.850732	0.999998	64.054154	50.217457	7.951263	1.000000	1.000000	1.000000	1.000000	1.000000	0.999616	1.000000	1.000000	0.999677	0.000060	0.996239	0.000012	1.000000	1.000000	1.000000	1.000000	
1354690586.850623	1.000002	64.148834	50.467815	7.092562	1.000000	1.000000	1.000000	1.000000	1.000000	1.000000	1.000000	1.000000	1.000000	1.000000	1.000000	1.000000	1.000145	0.000766	1.000730	0.000088	1354690586.850734	1.000002	64.062790	50.226940	7.886963	1.000000	0.999788	1.000000	0.999768	1.000000	0.999767	1.000000	0.999766	0.999891	0.000089	1.000261	0.000062	1.000000	1.000000	1.000000	0.999806	
1354690587.850621	0.999998	64.177567	50.491902	7.090483	1.000000	1.000000	1.000000	1.000000	1.000000	1.000000	1.000000	1.000000	1.000000	1.000000	1.000000	1.000000	1.000140	0.000425	0.999580	0.000034	1354690587.850730	0.999996	64.106980	50.247823	7.965013	1.000000	1.000000	1.000000	1.000000	1.000000	1.000000	1.000000	0.999628	1.000759	0.000061	1.005322	0.000012	1.000000	0.999627	1.000000	1.000000	
1354690588.850622	1.000001	64.320190	50.658735	7.084924	0.999868	0.999978	0.999868	0.999978	0.999868	0.999978	0.999868	0.999978	0.999868	0.999978	0.999868	0.999978	0.999848	0.003513	0.999886	0.003124	1354690588.850729	0.999999	64.128906	50.315203	7.855080	1.000000	1.000000	1.000000	1.000000	1.000000	1.000000	1.000000	1.000000	0.999999	0.003924	0.999986	0.002876	1.000000	1.000000	1.000000	1.000000	
1354690589.850621	0.999999	715767178.228739	715791411.686145	715807427.177493	0.999949	1.000612	0.999949	1.000626	0.999959	1.000622	0.999949	1.000612	0.999953	1.000633	0.999950	1.000603	0.999952	1.000626	0.999949	1.000612	1354690589.850725	0.999996	715794364.763918	715822117.485992	715793007.377771	0.999952	1.000624	0.999946	1.000614	3.895607	0.256849	0.999949	1.000611	0.999951	1.000622	0.999953	1.000615	0.999952	1.000628	0.999949	1.000610	
1354690590.850667	1.000046	0.000000	0.000000	0.000000	-nan	-nan	-nan	-nan	0.000000	inf	-nan	-nan	-nan	0.000000	-nan	-nan	-nan	-nan	-nan	-nan	1354690590.850751	1.000026	0.000000	0.000000	0.000000	-nan	-nan	-nan	-nan	0.000000	inf	-nan	-nan	-nan	-nan	-nan	-nan	-nan	-nan	-nan	-nan	
