ts_0	elapsed_0	pkg_0	pp0_0	dram_0	freq_ratio_0_0	c0_ratio_0_0	freq_ratio_0_1	c0_ratio_0_1	freq_ratio_0_2	c0_ratio_0_2	freq_ratio_0_3	c0_ratio_0_3	freq_ratio_0_4	c0_ratio_0_4	freq_ratio_0_5	c0_ratio_0_5	freq_ratio_0_6	c0_ratio_0_6	freq_ratio_0_7	c0_ratio_0_7	ts_1	elapsed_1	pkg_1	pp0_1	dram_1	freq_ratio_1_0	c0_ratio_1_0	freq_ratio_1_1	c0_ratio_1_1	freq_ratio_1_2	c0_ratio_1_2	freq_ratio_1_3	c0_ratio_1_3	freq_ratio_1_4	c0_ratio_1_4	freq_ratio_1_5	c0_ratio_1_5	freq_ratio_1_6	c0_ratio_1_6	freq_ratio_1_7	c0_ratio_1_7	
1354697120.295344	1.001631	48.311934	35.009092	4.789003	1.155683	0.468592	1.153963	0.455021	1.153930	0.459523	1.155758	0.465282	1.155450	0.465514	1.156279	0.471207	1.153981	0.458807	1.156000	0.465421	1354697120.295510	1.000414	58.997828	44.998450	7.510594	0.999941	0.926247	1.000001	0.925956	0.999984	0.925805	1.000001	0.925592	1.001512	0.000073	0.998195	0.010073	1.000001	0.914516	0.999907	0.926879	
1354697121.295339	0.999995	50.811351	37.478139	4.906839	1.000000	1.000000	1.000000	1.000000	1.000000	1.000000	0.999999	1.000000	0.999974	0.003399	1.000443	0.000160	1.000279	0.001740	1.017751	0.000013	1354697121.295497	0.999987	62.271431	48.159338	8.040160	1.000000	1.000000	1.000000	1.000000	1.000000	1.000000	1.000000	1.000000	1.000923	0.000116	0.999228	0.000011	1.000000	1.000000	1.000000	1.000000	
1354697122.295339	1.000000	49.814880	36.483109	4.917847	1.000000	1.000000	1.000000	1.000000	1.000000	1.000000	1.000000	1.000000	0.999969	0.003946	0.999972	0.000150	1.081199	0.000007	0.997432	0.000046	1354697122.295505	1.000008	62.345503	48.269140	7.976025	1.000000	1.000000	1.000000	1.000000	1.000000	1.000000	1.000000	1.000000	1.000098	0.000083	1.000910	0.000043	1.000000	1.000000	1.000000	1.000000	
1354697123.295339	1.000000	49.833481	36.494644	4.898056	1.000001	1.000000	1.000000	1.000000	1.000000	1.000000	1.000001	1.000000	1.000009	0.004003	0.999967	0.000323	1.000257	0.000082	1.004847	0.000053	1354697123.295510	1.000005	62.248040	48.167850	7.987082	1.000000	1.000000	1.000000	1.000000	1.000000	1.000000	1.000000	1.000000	1.000122	0.000391	1.000298	0.000144	1.000000	1.000000	1.000000	1.000000	
1354697124.295339	1.000000	49.655899	36.306549	4.921860	1.000000	1.000000	1.000000	1.000000	1.000000	1.000000	0.999999	1.000000	1.000087	0.000382	1.000012	0.000516	0.996196	0.000020	0.995257	0.000053	1354697124.295503	0.999993	62.162875	48.042736	8.089884	1.000000	1.000000	1.000000	1.000000	1.000000	1.000000	1.000000	1.000000	0.999460	0.000086	0.998223	0.000046	1.000000	1.000000	1.000000	1.000000	
1354697125.295339	1.000000	49.862350	36.520401	4.912888	1.000000	1.000000	1.000000	1.000000	1.000000	1.000000	1.000000	1.000000	0.999992	0.004206	0.999901	0.000509	0.992293	0.000063	0.998270	0.000013	1354697125.295508	1.000005	61.957667	47.863454	7.973318	1.000000	1.000000	1.000000	1.000000	1.000000	1.000000	1.000000	1.000000	0.999678	0.000116	0.999916	0.000018	1.000000	1.000000	1.000000	1.000000	
1354697126.295339	1.000000	52.011902	38.666855	4.917786	1.000000	1.000000	0.999999	1.000000	1.000000	1.000000	1.000000	1.000000	1.000001	0.339669	0.999326	0.001044	0.998995	0.000015	0.989121	0.000047	1354697126.295485	0.999977	60.625960	46.520001	8.071565	0.999999	0.664325	1.000000	1.000000	1.000000	1.000000	1.000000	1.000000	1.000186	0.000104	0.999180	0.000617	1.000000	1.000000	1.000000	1.000000	
1354697127.295339	1.000000	56.061539	42.716476	4.930130	1.000000	1.000000	1.000000	1.000000	1.000000	1.000000	1.000000	1.000000	1.000000	1.000000	0.999965	0.000548	1.005859	0.000087	1.021051	0.000024	1354697127.295485	1.000000	55.721802	41.706848	7.932358	1.002883	0.000028	1.000000	1.000000	1.000000	1.000000	1.000000	1.000000	1.000079	0.000113	1.025872	0.000021	1.000000	1.000000	1.000000	1.000000	
1354697128.295339	1.000000	56.172974	42.826035	4.915298	1.000000	1.000000	1.000000	1.000000	1.000000	1.000000	1.000000	1.000000	1.000000	1.000000	0.999960	0.000545	1.000837	0.000013	1.000111	0.000049	1354697128.295485	1.000000	55.734879	41.722351	7.968002	1.000015	0.000181	1.000000	1.000000	1.000000	1.000000	1.000000	1.000000	1.000007	0.000059	0.999531	0.000074	1.000000	1.000000	1.000000	1.000000	
1354697129.295339	1.000000	56.189423	42.848877	4.930267	1.000000	1.000000	1.000000	1.000000	1.000000	1.000000	1.000000	1.000000	1.000000	1.000000	0.999934	0.002832	1.000398	0.000051	1.002054	0.000013	1354697129.295485	1.000000	55.718842	41.695374	7.989029	0.999984	0.000048	1.000000	1.000000	1.000000	1.000000	1.000000	1.000000	0.998533	0.000088	0.980133	0.000006	1.000000	1.000000	1.000000	1.000000	
1354697130.295339	1.000000	56.173920	42.828720	4.931152	1.000000	1.000000	1.000000	1.000000	1.000000	1.000000	1.000000	1.000000	1.000000	1.000000	1.000242	0.000532	0.999591	0.000013	0.999675	0.000046	1354697130.295479	0.999994	55.716900	41.743428	7.944612	1.000052	0.000157	1.000000	1.000000	1.000000	1.000000	1.000000	1.000000	1.002183	0.000059	1.003158	0.000049	1.000000	1.000000	1.000000	1.000000	
1354697131.295339	1.000000	56.277908	42.932968	4.926788	1.000000	1.000000	1.000000	1.000000	1.000000	1.000000	1.000000	1.000000	1.000000	1.000000	0.999989	0.000486	0.999136	0.000057	1.001212	0.000013	1354697131.295487	1.000008	55.708258	41.755231	7.997936	0.999294	0.000018	1.000000	1.000000	1.000000	1.000000	1.000000	1.000000	0.999900	0.000089	1.001560	0.000011	1.000000	1.000000	1.000000	1.000000	
1354697132.295339	1.000000	56.291885	42.943771	4.935791	1.000000	1.000000	1.000000	1.000000	1.000000	1.000000	1.000001	1.000000	1.000000	1.000000	1.000027	0.000505	1.014626	0.000013	0.999951	0.000047	1354697132.295481	0.999994	55.759137	41.765431	7.896303	1.000056	0.000242	1.000000	1.000000	1.000000	1.000000	1.000000	1.000000	0.999726	0.000058	0.999150	0.000046	1.000000	1.000000	1.000000	1.000000	
1354697133.295339	1.000000	56.322723	42.967712	4.919601	1.000000	1.000000	1.000001	1.000000	1.000000	1.000000	0.999999	1.000000	1.000000	1.000000	0.999942	0.000545	0.995962	0.000047	1.006901	0.000013	1354697133.295482	1.000001	55.756081	41.732733	7.942970	0.999594	0.000018	1.000000	1.000000	1.000000	1.000000	1.000000	1.000000	1.000319	0.000086	1.000593	0.000045	1.000000	1.000000	1.000000	1.000000	
1354697134.295339	1.000000	56.411987	43.060730	4.925476	1.000000	1.000000	1.000000	1.000000	1.000000	1.000000	1.000001	1.000000	1.000001	1.000000	1.000068	0.001019	1.007028	0.000013	0.997880	0.000046	1354697134.295480	0.999998	55.774246	41.781604	7.927688	0.999966	0.000461	1.000000	1.000000	1.000000	1.000000	1.000000	1.000000	0.998930	0.000058	0.999862	0.000261	1.000000	1.000000	1.000000	1.000000	
1354697135.295339	1.000000	56.432892	43.064514	4.919296	1.000000	1.000000	0.999999	1.000000	1.000000	1.000000	1.000000	1.000000	0.999999	1.000000	0.999940	0.000492	0.999425	0.000059	0.997023	0.000013	1354697135.295481	1.000001	55.801720	41.755514	8.054268	0.999743	0.000018	1.000000	1.000000	1.000000	1.000000	1.000000	1.000000	1.000742	0.000089	1.002784	0.000011	1.000000	1.000000	1.000000	1.000000	
1354697136.295339	1.000000	56.418945	43.062073	4.930435	1.000000	1.000000	1.000000	1.000000	0.999999	1.000000	1.000000	1.000000	1.000001	1.000000	0.999976	0.000508	0.997477	0.000013	1.004043	0.000047	1354697136.295478	0.999997	55.677342	41.681739	7.965464	1.000037	0.000137	1.000000	1.000000	1.000000	1.000000	1.000000	1.000000	0.999446	0.000058	0.999328	0.000045	1.000000	1.000000	1.000000	1.000000	
1354697137.295340	1.000001	40.750068	27.464528	3.872006	0.999999	0.479899	0.999999	0.478676	1.000000	0.478661	0.999997	0.478669	0.999998	0.478604	1.000268	0.000785	0.907174	0.000053	0.992650	0.000017	1354697137.295665	1.000187	41.478285	27.850583	4.924281	1.000000	0.000020	0.999999	0.478418	0.999999	0.478402	0.999999	0.478384	0.999902	0.000099	1.003337	0.000011	0.999999	0.478312	1.000000	1.000000	
1354697138.295339	0.999999	715801519.044539	715792371.884754	715823165.101438	0.999932	1.000496	0.999932	1.000511	0.999942	1.000504	0.999932	1.000499	0.999933	1.000501	0.999934	1.000491	0.999934	1.000507	0.999932	1.000499	1354697138.295431	0.999766	715937805.372757	715972747.231387	715954064.689832	0.999933	1.000503	0.999930	1.000501	3.896890	0.256730	0.999931	1.000492	0.999933	1.000502	0.999936	1.000500	0.999932	1.000499	0.999934	1.000507	
1354697139.295339	1.000000	0.000000	0.000000	0.000000	-nan	-nan	-nan	-nan	0.000000	inf	-nan	-nan	-nan	0.000000	-nan	-nan	-nan	-nan	-nan	-nan	1354697139.295421	0.999990	0.000000	0.000000	0.000000	-nan	-nan	-nan	-nan	0.000000	inf	-nan	-nan	-nan	-nan	-nan	-nan	-nan	-nan	-nan	-nan	
