ts_0	elapsed_0	pkg_0	pp0_0	dram_0	freq_ratio_0_0	c0_ratio_0_0	freq_ratio_0_1	c0_ratio_0_1	freq_ratio_0_2	c0_ratio_0_2	freq_ratio_0_3	c0_ratio_0_3	freq_ratio_0_4	c0_ratio_0_4	freq_ratio_0_5	c0_ratio_0_5	freq_ratio_0_6	c0_ratio_0_6	freq_ratio_0_7	c0_ratio_0_7	ts_1	elapsed_1	pkg_1	pp0_1	dram_1	freq_ratio_1_0	c0_ratio_1_0	freq_ratio_1_1	c0_ratio_1_1	freq_ratio_1_2	c0_ratio_1_2	freq_ratio_1_3	c0_ratio_1_3	freq_ratio_1_4	c0_ratio_1_4	freq_ratio_1_5	c0_ratio_1_5	freq_ratio_1_6	c0_ratio_1_6	freq_ratio_1_7	c0_ratio_1_7	
1352527976.022699	1.001923	52.885799	39.475690	3.893300	0.999908	0.696062	0.999478	0.823474	0.999943	0.693867	0.999984	0.693298	0.999986	0.692878	0.999980	0.692953	0.999980	0.692778	0.996428	0.015053	1352527976.022756	1.000296	46.066010	32.701956	4.306967	0.999649	0.695661	0.999883	0.694700	0.999770	0.694980	0.999988	0.632093	0.985993	0.010537	0.998312	0.007416	0.999933	0.254407	0.999861	0.363843	
1352527977.022698	0.999999	62.264326	48.773469	4.363667	0.999999	0.924409	0.999999	0.924851	0.999999	0.922772	0.999998	0.922783	0.999999	0.922736	0.999999	0.922753	0.999999	0.922758	0.999905	0.024626	1352527977.022796	1.000040	54.904051	41.497972	5.437908	1.000000	0.923034	1.000001	0.922693	1.000001	0.922734	1.000001	0.922662	0.999996	0.014285	1.000044	0.015426	1.000002	0.607677	1.000346	0.002787	
1352527978.022697	0.999999	60.516781	47.008986	4.349690	0.999999	0.850044	1.000000	0.851311	1.000000	0.847234	1.000001	0.847218	1.000001	0.847168	1.000000	0.847194	1.000000	0.847235	0.999969	0.021268	1352527978.022810	1.000014	52.706976	39.273114	5.416702	1.000000	0.847830	1.000000	0.847062	1.000000	0.847033	1.000000	0.847026	0.999977	0.014118	0.999978	0.016684	0.999999	0.638039	1.000160	0.003142	
1352527979.022696	0.999999	63.508621	50.001253	4.377583	1.000000	0.973648	1.000000	0.973980	1.000000	0.973282	1.000000	0.973272	1.000000	0.973235	1.000000	0.973242	1.000000	0.973253	0.999975	0.026210	1352527979.022793	0.999983	55.514306	42.079799	5.449357	1.000000	0.973364	1.000000	0.973259	1.000000	0.973486	1.000000	0.973235	0.999974	0.017731	0.999970	0.016704	1.000000	0.604296	0.999931	0.002811	
1352527980.022704	1.000008	62.561444	49.040603	4.391490	1.000000	0.933963	1.000001	0.934769	1.000000	0.932875	1.000000	0.932918	1.000000	0.932802	1.000001	0.932838	1.000001	0.932885	0.999965	0.021225	1352527980.022773	0.999980	54.014464	40.566654	5.494144	1.000000	0.933100	1.000000	0.932792	1.000000	0.933146	1.000000	0.932776	0.999980	0.020117	0.999994	0.018350	1.000000	0.620606	0.999799	0.003594	
1352527981.022719	1.000015	62.018783	48.504551	4.337475	1.000000	0.900464	0.999999	0.901801	1.000000	0.898929	1.000000	0.898930	1.000000	0.898864	1.000000	0.898922	1.000000	0.898913	0.999932	0.018625	1352527981.022802	1.000029	54.315009	40.871446	5.438761	1.000000	0.899552	1.000000	0.898825	1.000000	0.898800	1.000000	0.898756	0.999982	0.015434	0.999967	0.018511	0.999909	0.016888	1.000003	0.606759	
1352527982.022704	0.999985	62.355566	48.831941	4.371114	1.000000	0.913875	1.000001	0.914967	1.000000	0.912490	1.000000	0.912501	1.000000	0.912459	1.000000	0.912492	1.000000	0.912491	1.000002	0.019806	1352527982.022774	0.999972	54.566525	41.113940	5.455017	1.000000	0.912779	1.000000	0.912400	1.000000	0.912379	1.000000	0.912365	0.999984	0.014399	0.999988	0.017935	0.999958	0.008284	1.000000	0.626829	
1352527983.022701	0.999997	61.807565	48.302670	4.345305	1.000000	0.889880	0.999999	0.891108	0.999999	0.887994	0.999999	0.888005	0.999999	0.887990	0.999999	0.888005	0.999999	0.888056	0.999957	0.017347	1352527983.022775	1.000001	53.609980	40.175407	5.432292	1.000000	0.888447	1.000000	0.887886	1.000000	0.887880	1.000000	0.887862	0.999986	0.064901	0.999991	0.063747	1.000002	0.514999	0.999798	0.006625	
1352527984.022704	1.000003	63.310152	49.777357	4.398332	1.000000	0.952163	1.000001	0.952747	1.000000	0.951423	1.000001	0.951420	1.000001	0.951403	1.000001	0.951411	1.000001	0.951427	0.999993	0.017364	1352527984.022772	0.999997	54.614305	41.162695	5.474428	1.000000	0.951576	1.000000	0.951371	1.000000	0.951360	1.000000	0.951354	0.999990	0.055972	1.000003	0.019277	1.000000	0.580267	0.999986	0.005567	
1352527985.022697	0.999993	63.183329	49.653267	4.365387	1.000000	0.938571	1.000000	0.939291	1.000000	0.937569	1.000000	0.937571	1.000000	0.937557	1.000000	0.937565	1.000000	0.937575	0.999961	0.016060	1352527985.022784	1.000012	54.961488	41.527139	5.444424	1.000000	0.937783	1.000000	0.937505	1.000000	0.937493	1.000000	0.937484	0.999997	0.136146	1.000002	0.063347	0.999999	0.455906	1.000030	0.005151	
1352527986.022698	1.000001	59.691487	46.183412	4.267742	1.000000	0.839312	1.000000	0.841188	1.000000	0.837478	0.999999	0.837468	1.000000	0.837417	1.000000	0.837441	1.000000	0.837462	0.999909	0.014837	1352527986.022810	1.000026	52.650853	39.230685	5.203814	1.000000	0.838264	1.000000	0.837376	1.000000	0.837307	1.000000	0.837286	0.999973	0.018043	0.999971	0.017750	1.000000	0.663125	0.999974	0.005113	
1352527987.022696	0.999998	60.837045	47.321364	4.336587	0.999999	0.878515	1.000000	0.879824	1.000000	0.875471	1.000000	0.875475	1.000000	0.875437	1.000000	0.875454	1.000000	0.875475	0.999987	0.016485	1352527987.022797	0.999987	53.914739	40.486920	5.430094	1.000000	0.883888	0.999999	0.789049	1.000000	0.875473	1.000000	0.875313	1.000001	0.113371	0.999956	0.020419	1.000000	0.547260	0.999907	0.006567	
1352527988.022700	1.000004	58.232445	44.717043	4.297926	1.000000	0.775734	1.000000	0.777687	1.000000	0.772541	1.000000	0.772560	1.000000	0.772492	1.000000	0.772514	1.000000	0.772559	1.000027	0.013133	1352527988.022771	0.999974	51.473200	38.032910	5.199995	0.999999	0.677042	0.999948	0.338674	0.999999	0.680921	1.000000	0.772313	1.000000	0.772393	0.999844	0.113343	0.999999	0.434395	1.000013	0.007235	
1352527989.022696	0.999996	61.259114	47.734919	4.371432	1.000000	0.880598	0.999999	0.882143	1.000000	0.878780	1.000000	0.878661	1.000000	0.878652	1.000000	0.878663	0.999999	0.878657	0.999968	0.018623	1352527989.022791	1.000020	53.967501	40.539761	5.446546	0.999998	0.545941	1.000000	0.423553	1.000000	0.878533	1.000000	0.878520	1.000000	0.878668	0.999995	0.021147	0.999999	0.523649	0.999986	0.007383	
1352527990.022703	1.000007	63.100440	49.574517	4.380844	1.000000	0.950863	1.000001	0.951420	1.000001	0.950013	1.000001	0.950014	1.000001	0.949992	1.000001	0.950002	1.000001	0.950020	1.000071	0.017882	1352527990.022760	0.999969	55.059843	41.613640	5.485537	0.999907	0.019410	0.999999	0.949961	0.999999	0.949947	0.999999	0.949942	0.999999	0.949955	0.999978	0.016362	0.999997	0.618113	0.999889	0.006887	
1352527991.022710	1.000007	57.236817	43.748278	4.091891	0.999879	0.775941	0.999833	0.777943	0.999998	0.773744	0.999986	0.773770	0.999992	0.773721	0.999992	0.773741	0.999976	0.773787	0.999028	0.011288	1352527991.022809	1.000049	52.047264	38.642923	4.651963	0.994706	0.015813	1.000001	0.773602	1.000001	0.773597	1.000001	0.773589	1.000001	0.773590	0.993373	0.012646	0.999987	0.713424	0.995411	0.003937	
1352527992.022704	0.999994	61.327117	47.808924	4.267131	1.000000	0.884205	1.000001	0.885168	1.000001	0.882734	1.000000	0.882706	1.000000	0.882663	1.000000	0.882681	1.000000	0.882697	0.999974	0.015448	1352527992.022776	0.999967	53.527564	40.095039	5.251882	0.999946	0.022454	1.000000	0.882625	1.000000	0.882625	1.000000	0.882609	1.000000	0.882674	1.000022	0.023671	1.000000	0.647503	0.999915	0.005338	
1352527993.022765	1.000061	63.002838	49.465990	4.365532	1.000000	0.940821	1.000000	0.941315	1.000000	0.939629	1.000001	0.939628	1.000000	0.939601	1.000001	0.939610	1.000001	0.939605	0.999966	0.022738	1352527993.022855	1.000079	54.511720	41.064386	5.454037	1.000000	0.609166	0.999999	0.521505	1.000001	0.950238	1.000000	0.939556	1.000000	0.939566	0.999995	0.136104	0.999993	0.249671	1.000010	0.080279	
1352527994.022696	0.999931	61.282467	47.757517	4.328332	1.000000	0.873410	1.000000	0.874378	1.000000	0.871443	1.000000	0.871444	1.000000	0.871390	1.000000	0.871410	1.000000	0.871432	0.999934	0.022228	1352527994.022771	0.999916	53.239316	39.800887	5.354423	1.000001	0.876157	1.000000	0.871307	0.999991	0.139024	1.000000	0.871279	1.000000	0.871302	0.999981	0.067491	0.999998	0.454958	0.999881	0.007729	
1352527995.022704	1.000008	63.104744	49.565882	4.410639	1.000000	0.941273	1.000000	0.941714	1.000000	0.940028	1.000000	0.940050	1.000000	0.940016	1.000000	0.940028	1.000000	0.940035	1.000004	0.023554	1352527995.022782	1.000011	55.147390	41.708954	5.494752	0.999980	0.052560	1.000000	0.939985	1.000000	0.939968	1.000000	0.939952	1.000000	0.940010	1.000032	0.018325	1.000001	0.573017	1.000054	0.008100	
1352527996.022706	1.000002	61.857441	48.311675	4.379859	1.000000	0.883723	1.000000	0.884842	1.000000	0.881450	1.000000	0.881313	1.000000	0.881264	1.000000	0.881283	1.000000	0.881362	0.999990	0.021164	1352527996.022820	1.000038	54.012479	40.562503	5.432762	0.999998	0.578266	0.999997	0.362457	1.000000	0.881154	1.000000	0.881135	1.000000	0.881324	0.999996	0.037834	1.000000	0.565604	1.000015	0.005664	
1352527997.022696	0.999990	60.835128	47.314362	4.280713	0.999999	0.861035	1.000000	0.862130	1.000000	0.858925	1.000000	0.858661	1.000000	0.858611	1.000000	0.858622	1.000000	0.858649	0.999972	0.021618	1352527997.022764	0.999944	53.395020	39.965420	5.306312	1.000000	0.859314	0.998836	0.016160	1.000000	0.858490	1.000000	0.858467	1.000000	0.858783	0.998578	0.014754	1.000000	0.626991	0.999887	0.006356	
1352527998.022695	0.999999	60.758069	47.226577	4.324360	0.999998	0.850121	0.999999	0.851390	1.000000	0.847295	1.000000	0.847096	1.000000	0.847038	1.000000	0.847068	1.000000	0.847054	0.999946	0.020557	1352527998.022776	1.000012	52.760403	39.318928	5.336896	1.000000	0.847885	0.999957	0.014434	1.000000	0.846943	1.000000	0.846928	1.000000	0.847130	0.999939	0.015119	1.000000	0.637112	0.999974	0.005446	
1352527999.022698	1.000003	61.734550	48.204715	4.364214	1.000001	0.888713	1.000001	0.889829	1.000000	0.886624	0.999999	0.886623	0.999999	0.886613	0.999999	0.886630	0.999999	0.886635	0.999997	0.022526	1352527999.022810	1.000034	54.261334	40.814450	5.405684	1.000000	0.887034	0.999954	0.017617	1.000000	0.886496	1.000000	0.886486	1.000000	0.886508	1.000027	0.017469	0.999999	0.629817	1.000085	0.006196	
1352528000.022701	1.000003	61.428490	47.887898	4.366579	1.000002	0.877897	1.000001	0.879423	1.000000	0.875900	1.000001	0.875881	1.000001	0.875867	1.000001	0.875881	1.000001	0.875876	1.000000	0.019876	1352528000.022772	0.999962	53.422710	39.991842	5.437706	0.999999	0.876369	0.999942	0.016363	0.999999	0.875693	0.999999	0.875677	0.999999	0.875840	0.999952	0.017971	0.999997	0.603760	0.999857	0.005808	
1352528001.022709	1.000008	61.866167	48.327398	4.322292	1.000000	0.899391	1.000000	0.900098	1.000000	0.898128	1.000000	0.898108	1.000000	0.898079	1.000000	0.898082	1.000000	0.898068	0.999977	0.018720	1352528001.022852	1.000080	54.460679	41.007198	5.280354	1.000000	0.898397	0.999966	0.019782	1.000000	0.897968	1.000000	0.897936	1.000000	0.897929	0.999976	0.019469	1.000000	0.632212	1.000011	0.006053	
1352528002.022697	0.999988	60.754814	47.211256	4.321981	0.999998	0.848380	1.000000	0.849932	1.000000	0.845517	1.000000	0.845550	1.000000	0.845494	0.999999	0.845529	1.000000	0.845597	0.999931	0.018401	1352528002.022767	0.999915	53.156685	39.722665	5.354460	1.000000	0.846154	0.999979	0.024088	1.000001	0.845458	1.000001	0.845471	1.000001	0.845537	0.999999	0.057389	1.000002	0.575898	0.999994	0.008405	
1352528003.022702	1.000005	715773393.239385	715815943.419290	715775645.891849	0.999954	1.000332	0.999953	1.000342	0.999956	1.000347	0.999951	1.000318	0.999955	1.000338	0.999957	1.000331	0.999956	1.000341	0.999954	1.000333	1352528003.022801	1.000034	715753652.356735	715801122.613932	715796075.803377	0.999954	1.000332	0.999951	1.000334	3.895421	0.256789	0.999954	1.000331	0.999955	1.000339	0.999957	1.000332	0.999954	1.000333	0.999956	1.000344	
1352528004.022689	0.999987	0.000000	0.000000	0.000000	-nan	-nan	-nan	-nan	0.000000	inf	-nan	-nan	-nan	0.000000	-nan	-nan	-nan	-nan	-nan	-nan	1352528004.022760	0.999959	0.000000	0.000000	0.000000	-nan	-nan	-nan	-nan	0.000000	inf	-nan	-nan	-nan	-nan	-nan	-nan	-nan	-nan	-nan	-nan	
