ts_0	elapsed_0	pkg_0	pp0_0	dram_0	freq_ratio_0_0	c0_ratio_0_0	freq_ratio_0_1	c0_ratio_0_1	freq_ratio_0_2	c0_ratio_0_2	freq_ratio_0_3	c0_ratio_0_3	freq_ratio_0_4	c0_ratio_0_4	freq_ratio_0_5	c0_ratio_0_5	freq_ratio_0_6	c0_ratio_0_6	freq_ratio_0_7	c0_ratio_0_7	ts_1	elapsed_1	pkg_1	pp0_1	dram_1	freq_ratio_1_0	c0_ratio_1_0	freq_ratio_1_1	c0_ratio_1_1	freq_ratio_1_2	c0_ratio_1_2	freq_ratio_1_3	c0_ratio_1_3	freq_ratio_1_4	c0_ratio_1_4	freq_ratio_1_5	c0_ratio_1_5	freq_ratio_1_6	c0_ratio_1_6	freq_ratio_1_7	c0_ratio_1_7	
1352522666.593769	1.001601	49.233739	36.023397	3.678452	0.999847	0.680669	0.999681	0.682434	0.999995	0.678520	1.000001	0.677748	0.999995	0.678048	0.998822	0.012779	0.999996	0.666395	0.997053	0.012420	1352522666.593825	1.000266	52.738119	39.467648	3.761420	0.999995	0.679691	1.000000	0.678699	0.999543	0.744673	1.000000	0.678465	1.000000	0.678310	1.000000	0.678302	1.000000	0.678471	0.999518	0.601998	
1352522667.593766	0.999997	46.903206	33.671842	3.734997	0.999980	0.511635	0.999952	0.512405	0.999999	0.506132	0.999999	0.506050	0.999999	0.506156	0.999961	0.015876	0.999999	0.505965	0.999971	0.014264	1352522667.593826	1.000001	48.537658	35.242093	4.025387	0.999999	0.506928	1.000000	0.506019	0.999999	0.505938	0.999999	0.505854	0.999999	0.505948	0.999999	0.505962	0.999998	0.505946	0.999825	0.552838	
1352522668.593763	0.999997	52.556514	39.318039	3.714443	0.999957	0.758215	0.999922	0.758728	0.999995	0.755329	1.000000	0.755408	1.000000	0.755177	0.999424	0.017463	1.000000	0.755023	0.999863	0.016527	1352522668.593858	1.000032	56.775484	43.471817	3.755633	1.000000	0.754068	1.000001	0.753466	1.000001	0.753450	1.000001	0.753465	1.000001	0.753478	1.000001	0.753652	1.000002	0.753566	1.000004	0.633040	
1352522669.593767	1.000004	50.946861	37.699722	3.756622	1.000000	0.660349	1.000000	0.659796	0.999999	0.655053	1.000000	0.654908	1.000000	0.655051	0.999989	0.016505	1.000000	0.654909	0.999926	0.015583	1352522669.593854	0.999996	54.255011	40.930448	4.138490	1.000000	0.655735	1.000000	0.654958	1.000000	0.654827	1.000000	0.654807	1.000000	0.654939	1.000000	0.654884	1.000000	0.654876	1.000000	0.534597	
1352522670.593762	0.999995	52.149431	38.898098	3.750675	0.999999	0.703562	1.000000	0.704912	1.000000	0.700524	1.000000	0.700647	1.000000	0.700548	0.999965	0.018195	1.000000	0.700643	1.000025	0.016410	1352522670.593822	0.999968	55.487277	42.155598	4.152598	1.000000	0.701275	1.000000	0.700581	1.000000	0.700577	1.000000	0.700536	1.000000	0.700472	1.000000	0.700632	1.000000	0.700456	1.000000	0.536500	
1352522671.593775	1.000013	51.498302	38.261476	3.762127	1.000000	0.682563	1.000000	0.683266	0.999999	0.678737	1.000000	0.678586	1.000000	0.678742	0.999964	0.017528	1.000000	0.678099	0.999953	0.017646	1352522671.593837	1.000015	54.681109	41.349370	4.150405	1.000000	0.679435	1.000000	0.678648	1.000000	0.678586	1.000000	0.678011	1.000000	0.678120	1.000000	0.678090	1.000000	0.678585	1.000000	0.521205	
1352522672.593772	0.999997	55.132709	41.895653	3.752148	0.999999	0.840700	0.999999	0.841460	1.000000	0.839195	0.999999	0.839177	1.000000	0.839215	0.999943	0.021319	1.000000	0.839151	0.999963	0.016498	1352522672.593871	1.000034	59.093139	45.759792	4.175486	1.000000	0.839600	1.000000	0.839146	1.000000	0.839120	1.000000	0.839148	1.000000	0.839160	1.000000	0.839263	1.000000	0.839146	1.000000	0.522392	
1352522673.593761	0.999989	53.854595	40.618198	3.760982	1.000000	0.773619	1.000001	0.774475	1.000000	0.771119	1.000001	0.771113	1.000001	0.771135	0.999980	0.017790	1.000000	0.771127	0.999992	0.018180	1352522673.593835	0.999964	57.661332	44.341074	4.140362	1.000000	0.771766	1.000000	0.771071	1.000000	0.771020	1.000000	0.771012	1.000000	0.771026	1.000000	0.771111	1.000000	0.771020	1.000000	0.527152	
1352522674.593772	1.000011	54.542371	41.311665	3.768269	0.999999	0.801829	0.999999	0.802359	1.000000	0.799330	1.000000	0.799336	1.000000	0.799349	0.999922	0.019211	1.000000	0.799225	0.999958	0.016414	1352522674.593870	1.000035	58.527185	45.210421	4.143486	1.000000	0.799895	1.000000	0.799291	1.000000	0.799278	1.000000	0.799292	1.000000	0.799303	1.000000	0.799250	1.000000	0.799291	1.000000	0.531858	
1352522675.593764	0.999992	52.983813	39.761553	3.765320	1.000000	0.742825	1.000001	0.741719	1.000000	0.738017	1.000000	0.738000	1.000001	0.738043	0.999994	0.016805	1.000000	0.738000	0.999952	0.017057	1352522675.593853	0.999983	56.984119	43.678428	4.141931	1.000000	0.738699	1.000000	0.737944	1.000000	0.737900	1.000000	0.737922	1.000000	0.737950	1.000000	0.737998	1.000000	0.737927	1.000000	0.510445	
1352522676.593786	1.000022	51.811089	38.590050	3.782372	0.999999	0.680889	0.999999	0.681805	0.999999	0.677384	0.999999	0.677380	1.000000	0.677373	0.999951	0.018028	1.000000	0.677398	0.999987	0.017656	1352522676.593859	1.000006	55.269934	41.961939	4.143911	1.000000	0.678128	1.000000	0.677319	0.999999	0.677285	1.000000	0.677331	1.000000	0.677291	1.000000	0.677404	1.000000	0.677284	1.000000	0.510900	
1352522677.593768	0.999982	52.218692	38.989818	3.771140	1.000000	0.711949	1.000001	0.712319	1.000001	0.708573	1.000001	0.708227	1.000001	0.708341	1.000048	0.018141	1.000001	0.708222	1.000015	0.016257	1352522677.593823	0.999964	55.774011	42.472812	4.147458	0.999999	0.708977	0.999999	0.708241	1.000000	0.708133	0.999999	0.708150	1.000000	0.708239	0.999999	0.708219	0.999999	0.708266	0.999997	0.514378	
1352522678.593777	1.000009	50.075810	36.853060	3.768551	0.999998	0.611022	0.999999	0.610560	0.999998	0.605424	0.999999	0.605520	0.999999	0.605432	0.999844	0.015833	0.999999	0.605494	0.999976	0.015900	1352522678.593838	1.000015	53.301095	39.992609	4.139586	1.000000	0.606242	1.000001	0.605408	1.000001	0.605403	1.000001	0.605396	1.000000	0.605304	1.000001	0.605481	1.000001	0.605283	0.999818	0.534432	
1352522679.593768	0.999991	51.121465	37.908928	3.764103	0.999999	0.670334	0.999999	0.671161	1.000001	0.666755	0.999999	0.666706	1.000000	0.666787	0.999972	0.018037	1.000000	0.666491	0.999960	0.016906	1352522679.593830	0.999992	54.110653	40.799067	4.189975	1.000000	0.667329	1.000000	0.666739	1.000000	0.666594	1.000000	0.666593	1.000000	0.666642	1.000000	0.666604	1.000000	0.666616	0.999905	0.527811	
1352522680.593771	1.000003	49.208939	35.989436	3.771824	0.999999	0.567063	1.000000	0.568432	0.999998	0.562770	0.999999	0.562776	0.999999	0.562656	0.999946	0.018696	0.999999	0.562730	0.999968	0.016507	1352522680.593846	1.000016	51.980798	38.672341	4.185144	0.999999	0.563642	1.000000	0.562715	1.000000	0.562674	1.000000	0.562678	1.000000	0.562597	1.000000	0.562820	1.000000	0.562574	0.999847	0.532802	
1352522681.593772	1.000001	51.542202	38.321619	3.778012	0.999999	0.624608	1.000000	0.556168	1.000000	0.588204	1.000000	0.588047	1.000000	0.588197	0.999999	0.503226	1.000000	0.588049	0.999969	0.036784	1352522681.593853	1.000007	50.823806	37.514526	4.120073	0.999981	0.589637	1.000000	0.588433	0.999998	0.588301	1.000000	0.588289	1.000000	0.588408	1.000000	0.588377	1.000000	0.588750	1.000001	0.029824	
1352522682.593778	1.000006	50.510502	37.288367	3.770958	1.000001	0.594916	1.000003	0.537626	1.000002	0.527475	1.000002	0.550388	1.000002	0.550291	1.000002	0.550345	1.000002	0.550388	1.000031	0.023557	1352522682.593818	0.999965	49.293170	35.962228	4.110343	0.999997	0.551797	0.999998	0.550639	0.999999	0.550687	0.999998	0.550629	0.999998	0.550578	0.999998	0.550745	0.999998	0.550572	0.999681	0.006695	
1352522683.593767	0.999989	54.353395	41.133172	3.772182	0.999999	0.713673	0.999999	0.550203	1.000000	0.708063	1.000000	0.707785	1.000000	0.707908	1.000000	0.707777	1.000000	0.707783	1.000008	0.025596	1352522683.593808	0.999990	52.964321	39.637436	4.078593	0.999924	0.709128	0.999999	0.708104	1.000000	0.707952	0.999993	0.707983	1.000000	0.708119	1.000000	0.708043	1.000000	0.708125	0.998776	0.004545	
1352522684.593763	0.999996	51.812573	38.597202	3.754608	0.999999	0.632844	0.999998	0.509063	1.000001	0.639805	1.000000	0.625952	1.000000	0.625872	1.000000	0.625921	1.000000	0.625936	0.999960	0.036857	1352522684.593825	1.000017	51.391464	38.080868	4.108619	0.999999	0.627094	1.000000	0.626228	1.000000	0.626161	1.000000	0.626192	1.000000	0.626106	1.000000	0.626276	1.000000	0.626110	1.000005	0.005372	
1352522685.593762	0.999999	53.448827	40.238594	3.753055	0.999999	0.624145	1.000001	0.626100	0.999998	0.633868	1.000000	0.669344	1.000000	0.669399	1.000000	0.669327	1.000000	0.668863	0.999987	0.029948	1352522685.593832	1.000007	52.066336	38.736152	4.095629	1.000000	0.670437	0.999999	0.669579	0.999999	0.669516	1.000000	0.669054	0.999999	0.669091	1.000000	0.669139	0.999999	0.669606	1.000170	0.003937	
1352522686.593767	1.000005	51.896438	38.679616	3.662244	0.999999	0.638367	1.000000	0.728843	0.999999	0.446565	1.000000	0.631756	1.000000	0.631689	1.000000	0.631750	1.000000	0.631741	1.000004	0.091164	1352522686.593821	0.999989	50.697318	37.374754	3.903424	0.999785	0.632834	0.999988	0.631981	0.999920	0.631989	0.999963	0.631973	0.999946	0.631910	0.999934	0.632075	0.999976	0.631894	0.993075	0.004334	
1352522687.593761	0.999994	53.017162	39.797860	3.774192	0.999999	0.688811	0.999955	0.485051	1.000001	0.660080	1.000000	0.650158	1.000000	0.650198	1.000000	0.650142	1.000000	0.650159	0.999601	0.034802	1352522687.593802	0.999981	52.389549	39.067548	4.090227	0.999999	0.651386	1.000000	0.650398	1.000000	0.650342	1.000000	0.650368	1.000000	0.650420	1.000001	0.650440	1.000000	0.650430	1.000025	0.004154	
1352522688.593764	1.000003	55.188016	41.974235	3.780216	0.999999	0.701738	0.999999	0.627490	0.999999	0.732259	1.000000	0.771059	1.000000	0.771002	1.000000	0.771049	1.000000	0.771066	1.000006	0.048165	1352522688.593809	1.000007	54.510915	41.218999	4.090838	1.000001	0.771722	1.000000	0.771216	1.000000	0.771172	1.000000	0.771193	1.000001	0.771132	1.000000	0.771267	1.000001	0.771122	0.999814	0.005305	
1352522689.593762	0.999998	52.299462	39.078947	3.772422	0.999999	0.628444	0.999982	0.523782	1.000000	0.622961	1.000000	0.621530	1.000000	0.621749	1.000000	0.621509	1.000000	0.621529	0.999928	0.031306	1352522689.593823	1.000014	50.506049	37.171367	4.102710	0.999975	0.622932	0.999999	0.621906	0.999988	0.621720	0.999999	0.621733	0.999999	0.621857	1.000000	0.621822	0.999999	0.621904	0.999123	0.004447	
1352522690.593764	1.000002	52.009590	38.795275	3.735817	0.999998	0.494694	1.000000	0.613280	0.999999	0.634377	0.999999	0.611002	0.999999	0.611044	0.999999	0.611003	0.999999	0.611060	0.999999	0.098302	1352522690.593819	0.999996	50.932900	37.630676	3.973252	0.999954	0.612328	1.000000	0.611282	0.999995	0.611202	1.000001	0.611229	0.999989	0.611164	1.000001	0.611294	0.999996	0.611149	0.998611	0.005939	
1352522691.593764	1.000000	55.032852	41.808548	3.768539	1.000000	0.756124	0.999999	0.525456	1.000000	0.751890	1.000001	0.751747	1.000001	0.751843	1.000001	0.751716	1.000001	0.751747	1.000005	0.043046	1352522691.593806	0.999987	54.260340	40.936618	4.116723	0.999999	0.752759	1.000001	0.752045	1.000000	0.751916	1.000000	0.751916	1.000000	0.752043	1.000000	0.752095	1.000001	0.752110	0.999889	0.006157	
1352522692.593764	1.000000	56.844696	43.629776	3.750946	1.000000	0.820160	0.999999	0.534640	1.000000	0.817320	1.000000	0.817243	1.000000	0.817258	1.000000	0.817234	1.000000	0.816918	0.999993	0.026758	1352522692.593806	1.000000	56.277985	42.973267	4.117279	1.000000	0.817910	1.000000	0.817372	1.000000	0.817359	1.000000	0.817373	1.000000	0.817376	1.000000	0.817118	0.999999	0.817404	0.999965	0.009562	
1352522693.593764	1.000000	55.681519	42.452515	3.775146	1.000000	0.786704	1.000000	0.588218	0.999999	0.593209	1.000000	0.764103	1.000000	0.764118	1.000000	0.764041	1.000000	0.764067	0.999997	0.130546	1352522693.593805	0.999999	54.905982	41.605920	4.121830	1.000000	0.764988	1.000000	0.764237	1.000000	0.764186	1.000000	0.764212	1.000000	0.764298	1.000000	0.764288	1.000001	0.764278	1.000016	0.021741	
1352522694.593761	0.999997	55.597508	42.368265	3.754635	0.999999	0.766536	0.999999	0.525722	1.000000	0.761621	1.000000	0.761657	1.000000	0.761656	1.000000	0.761625	1.000000	0.761628	0.999969	0.025186	1352522694.593801	0.999996	55.092386	41.792665	4.148241	0.999999	0.762541	1.000000	0.761825	1.000000	0.761799	1.000000	0.761817	0.999999	0.761815	1.000000	0.761911	0.999999	0.761810	0.999975	0.006904	
1352522695.593787	1.000026	55.554373	42.329863	3.719752	0.999998	0.643090	1.000000	0.702860	0.999998	0.676145	0.999999	0.766534	0.999999	0.766565	0.999999	0.766491	0.999999	0.766520	0.999996	0.078085	1352522695.593865	1.000064	55.074224	41.781281	4.064544	0.999981	0.767303	0.999999	0.766609	0.999999	0.766578	0.999999	0.766590	1.000000	0.766626	1.000000	0.766631	1.000000	0.766586	0.999933	0.006299	
1352522696.593779	0.999992	52.650573	39.420959	3.726822	1.000000	0.625545	0.999998	0.610553	1.000001	0.566565	1.000001	0.641206	1.000002	0.641184	1.000001	0.641178	1.000001	0.641257	1.000011	0.086728	1352522696.593824	0.999959	51.956339	38.669661	3.889777	0.999978	0.642381	1.000001	0.641506	1.000001	0.641460	1.000001	0.641501	1.000001	0.641461	1.000001	0.641623	1.000002	0.641484	1.000034	0.005683	
1352522697.593777	0.999998	52.010109	38.784193	3.767952	0.999999	0.555597	0.999973	0.592401	0.999999	0.598227	1.000000	0.597931	1.000000	0.598034	1.000000	0.597911	1.000000	0.597827	0.999944	0.043163	1352522697.593839	1.000015	50.706361	37.405475	4.082260	0.999977	0.599421	0.999999	0.598284	0.999999	0.598139	1.000000	0.598170	1.000000	0.598305	1.000000	0.598156	0.999999	0.598329	0.997351	0.005898	
1352522698.593764	0.999987	55.755034	42.532357	3.760227	0.999981	0.783449	0.999823	0.578049	1.000000	0.780003	1.000000	0.779967	1.000000	0.779926	1.000000	0.779940	1.000000	0.779970	0.999331	0.022129	1352522698.593806	0.999967	55.114332	41.820712	3.969995	0.999982	0.780643	1.000000	0.780103	1.000000	0.780043	1.000000	0.780063	1.000000	0.780002	1.000000	0.780155	1.000000	0.780035	0.999981	0.005768	
1352522699.593762	0.999998	52.226052	39.004103	3.617561	0.999999	0.637314	0.999952	0.768547	0.999970	0.413020	1.000000	0.636368	1.000000	0.636330	1.000000	0.636243	1.000000	0.636272	0.999991	0.083784	1352522699.593807	1.000001	51.774777	38.478723	3.812008	0.999837	0.637193	0.999988	0.636461	0.999957	0.636351	0.999981	0.636349	0.999965	0.636492	0.999964	0.636472	0.999969	0.636518	0.989398	0.006233	
1352522700.593761	0.999999	50.915774	37.701482	3.750812	0.999999	0.555181	1.000001	0.535941	0.999998	0.553687	1.000000	0.571500	1.000000	0.571431	1.000000	0.571480	1.000000	0.571482	0.999994	0.111579	1352522700.593802	0.999995	49.923300	36.617203	4.000585	0.999977	0.572809	0.999999	0.571754	0.999985	0.571720	0.999999	0.571732	1.000000	0.571671	0.999999	0.571870	0.999999	0.571674	1.000093	0.003939	
1352522701.593764	1.000003	53.034961	39.811766	3.765629	0.999979	0.375789	0.999942	0.705833	0.999958	0.673828	0.999998	0.341076	1.000000	0.655766	1.000000	0.655615	1.000000	0.655357	0.999981	0.427947	1352522701.593805	1.000003	52.786396	39.476989	4.106463	1.000000	0.656837	1.000000	0.655877	1.000000	0.655821	1.000001	0.655845	1.000001	0.655901	1.000001	0.655643	1.000001	0.655914	0.999977	0.005286	
1352522702.593761	0.999997	55.326267	42.099603	3.758435	0.999999	0.756653	0.999999	0.509444	1.000000	0.752144	0.999977	0.043023	1.000000	0.752129	1.000000	0.752042	1.000000	0.752007	1.000000	0.752017	1352522702.593807	1.000002	55.005510	41.703671	4.088951	0.999999	0.753238	0.999999	0.758938	0.999999	0.800497	0.999998	0.752235	0.999999	0.752202	1.000000	0.752262	0.999999	0.752192	0.999903	0.007066	
1352522703.593767	1.000006	53.411944	40.185323	3.779305	0.999999	0.691629	0.999999	0.531547	0.999999	0.687510	0.999966	0.030971	1.000000	0.678135	0.999999	0.677981	0.999999	0.678034	0.999999	0.678098	1352522703.593836	1.000029	52.949754	39.653296	4.092029	1.000001	0.679129	1.000000	0.678206	1.000000	0.678102	1.000001	0.678095	1.000001	0.678194	1.000000	0.678233	1.000001	0.678261	1.000176	0.004576	
1352522704.593760	0.999993	54.894514	41.667799	3.781230	1.000000	0.746673	0.999999	0.530972	1.000000	0.741144	0.999962	0.021996	1.000000	0.739217	1.000000	0.739231	1.000001	0.739243	1.000000	0.739185	1352522704.593800	0.999964	54.162060	40.874824	4.124035	0.999999	0.740123	1.000000	0.739474	1.000000	0.739449	1.000000	0.739472	1.000000	0.739439	1.000000	0.739575	1.000000	0.739453	0.999980	0.004920	
1352522705.593764	1.000004	52.676529	39.445549	3.769501	0.999993	0.648192	0.999999	0.490221	1.000000	0.689597	0.999972	0.020023	1.000000	0.638625	1.000000	0.638429	1.000000	0.638456	1.000000	0.638583	1352522705.593810	1.000010	51.793198	38.492031	4.112813	1.000000	0.639704	1.000000	0.638765	1.000000	0.638621	1.000000	0.638646	1.000001	0.638772	1.000001	0.638745	1.000000	0.638812	1.000028	0.005793	
1352522706.593764	1.000000	51.039871	37.825012	3.748932	1.000006	0.570119	0.999999	0.535573	0.999999	0.564344	0.999968	0.019786	1.000001	0.560863	1.000000	0.560932	1.000000	0.560921	1.000000	0.560829	1352522706.593806	0.999996	49.747882	36.447154	4.124239	1.000000	0.562275	1.000000	0.561225	1.000000	0.561215	1.000000	0.561227	1.000000	0.561131	1.000001	0.561327	1.000001	0.561130	0.999941	0.005912	
1352522707.593760	0.999996	53.124697	39.903757	3.753326	0.999999	0.678768	0.999999	0.496329	1.000000	0.680065	0.999975	0.026470	1.000000	0.672583	1.000000	0.672497	1.000000	0.672410	1.000000	0.672601	1352522707.593801	0.999995	53.136695	39.842530	4.077428	0.999979	0.673562	1.000000	0.672741	0.999999	0.672667	0.999999	0.672694	1.000000	0.672778	0.999999	0.672663	0.999999	0.672792	1.000042	0.006308	
1352522708.593764	1.000004	50.879417	37.650131	3.770309	0.999999	0.565358	0.999999	0.568395	1.000000	0.520405	0.999899	0.020382	1.000000	0.557347	1.000000	0.557394	1.000000	0.557411	1.000000	0.557360	1352522708.593832	1.000031	49.987449	36.685737	4.116373	1.000000	0.558767	1.000000	0.557681	1.000001	0.557647	1.000001	0.557668	1.000001	0.557610	1.000001	0.557769	1.000001	0.557607	0.999965	0.005953	
1352522709.593767	1.000003	55.731761	42.501791	3.766865	1.000000	0.778562	0.999997	0.485100	1.000000	0.786822	1.000045	0.027873	1.000000	0.774359	1.000000	0.774318	1.000000	0.774335	1.000000	0.774357	1352522709.593811	0.999979	55.682382	42.382664	4.104807	0.999983	0.775194	1.000000	0.774509	1.000000	0.774425	1.000000	0.774449	1.000000	0.774490	1.000000	0.774545	1.000000	0.774536	1.000005	0.030670	
1352522710.593765	0.999998	54.759412	41.533496	3.765220	0.999999	0.745921	1.000000	0.480006	0.999998	0.788027	0.999970	0.025576	0.999999	0.740981	0.999999	0.740993	0.999999	0.741019	0.999999	0.740942	1352522710.593835	1.000024	54.798516	41.503716	4.071618	0.999980	0.741816	0.999999	0.741116	0.999999	0.741145	0.999999	0.741110	1.000000	0.741077	0.999999	0.741167	1.000000	0.741066	1.000028	0.004619	
1352522711.593803	1.000038	715793955.489087	715791126.368461	715758052.918675	0.999950	1.000315	0.999952	1.000333	0.999953	1.000331	0.999952	1.000318	0.999952	1.000322	0.999955	1.000320	0.999953	1.000325	0.999953	1.000323	1352522711.593899	1.000064	715730385.195114	715751632.336450	715759313.957868	0.999952	1.000320	0.999951	1.000330	3.895601	0.256772	0.999952	1.000321	0.999953	1.000327	0.999955	1.000319	0.999952	1.000321	0.999954	1.000330	
1352522712.593938	1.000135	0.000000	0.000000	0.000000	-nan	-nan	-nan	-nan	1.000008	inf	-nan	-nan	-nan	0.000000	-nan	-nan	-nan	-nan	-nan	-nan	1352522712.594025	1.000126	0.000000	0.000000	0.000000	-nan	-nan	-nan	-nan	1.345745	inf	-nan	-nan	-nan	-nan	-nan	-nan	-nan	-nan	-nan	-nan	
