ts_0	elapsed_0	pkg_0	pp0_0	dram_0	freq_ratio_0_0	c0_ratio_0_0	freq_ratio_0_1	c0_ratio_0_1	freq_ratio_0_2	c0_ratio_0_2	freq_ratio_0_3	c0_ratio_0_3	freq_ratio_0_4	c0_ratio_0_4	freq_ratio_0_5	c0_ratio_0_5	freq_ratio_0_6	c0_ratio_0_6	freq_ratio_0_7	c0_ratio_0_7	ts_1	elapsed_1	pkg_1	pp0_1	dram_1	freq_ratio_1_0	c0_ratio_1_0	freq_ratio_1_1	c0_ratio_1_1	freq_ratio_1_2	c0_ratio_1_2	freq_ratio_1_3	c0_ratio_1_3	freq_ratio_1_4	c0_ratio_1_4	freq_ratio_1_5	c0_ratio_1_5	freq_ratio_1_6	c0_ratio_1_6	freq_ratio_1_7	c0_ratio_1_7	
1353401387.001849	0.229904	38.401049	25.102103	3.438512	1.155004	0.434656	1.153008	0.421504	1.154411	0.430935	1.153001	0.428021	1.152427	0.422504	1.155545	0.434185	1.153288	0.424353	1.154828	0.431235	1353401387.002255	0.228242	30.660121	17.624141	2.743537	0.912648	0.000864	1.190652	0.000317	1.269232	0.000307	1.273740	0.000190	1.258979	0.000309	1.003469	0.000445	1.004541	0.000486	1.268521	0.000056	
1353401387.003788	0.001939	37.339235	22.804869	2.785688	1.250755	0.024883	1.257634	0.424960	1.269044	0.002876	1.252726	0.017025	1.269340	0.002849	1.268861	0.002845	1.269099	0.011643	1.270293	0.002850	1353401387.004148	0.001893	30.460453	16.596474	2.853401	0.736159	0.016776	1.268925	0.003961	0.841671	0.004902	1.269981	0.003364	1.256350	0.003429	0.654698	0.022659	0.637724	0.022820	1.271216	0.003303	
1353401387.019015	0.015227	38.711447	25.638280	4.158642	1.168178	0.002921	1.264289	0.929228	1.265362	0.000361	1.267773	0.002443	0.920233	0.000499	1.270733	0.000357	1.269007	0.001500	1.268605	0.000359	1353401387.019417	0.015269	17.257405	4.374061	2.676202	0.461358	0.001819	1.271190	0.000538	1.251831	0.000424	1.232961	0.000430	0.649705	0.004335	0.590658	0.002532	0.651712	0.003247	0.733301	0.000722	
1353401388.096825	1.077810	53.932889	40.663359	5.584979	1.229370	0.741634	1.230398	0.741133	1.221706	0.007210	1.230393	0.739422	1.196254	0.000721	1.193747	0.000080	1.230411	0.733548	1.199049	0.000096	1353401388.097272	1.077855	56.760798	43.678790	2.914651	1.230730	0.741790	1.230762	0.740268	1.230730	0.740287	1.257529	0.000121	1.246918	0.000137	1.215599	0.000106	1.045457	0.000113	1.240481	0.997072	
1353401388.891408	0.794583	63.980758	50.696611	6.111135	1.230653	0.997667	1.230655	0.997728	1.193805	0.000505	1.230653	0.997887	1.193030	0.000602	1.215275	0.000018	1.230649	0.998087	1.219892	0.000018	1353401388.891552	0.794280	63.076266	50.024362	2.931421	1.230370	0.995019	1.230368	0.995086	1.230368	0.995120	1.196439	0.000067	1.194368	0.000106	1.205789	0.000062	1.192610	0.003664	1.230370	0.994068	
1353401389.681973	0.790565	64.205538	50.912220	6.112143	1.230248	0.995677	1.230248	0.995672	1.192160	0.003457	1.230247	0.995656	1.189936	0.000212	1.184637	0.000027	1.230248	0.995655	1.188143	0.000014	1353401389.682175	0.790623	63.515944	50.473358	2.894705	1.230746	0.999806	1.230746	0.999806	1.230746	0.999805	1.191739	0.000031	1.189218	0.000048	1.191078	0.000082	1.198021	0.000121	1.230750	0.998519	
1353401390.473480	0.791507	64.170130	50.888218	6.097100	1.230042	0.993140	1.230042	0.993131	1.192343	0.005295	1.230044	0.993140	1.190875	0.000331	1.187540	0.000055	1.230043	0.993138	1.192912	0.000058	1353401390.473620	0.791445	63.639933	50.568788	3.172063	1.230725	0.999640	1.230725	0.999639	1.230726	0.999635	1.192523	0.000137	1.193570	0.000104	1.193126	0.000112	1.200171	0.000085	1.230732	0.998046	
1353401391.276184	0.802704	62.916892	49.617139	6.096489	1.230182	0.927090	1.232781	0.993722	1.193448	0.004897	1.230170	0.926683	1.199315	0.000228	1.228498	0.000033	1.230174	0.926568	1.214374	0.000022	1353401391.276406	0.802786	62.072186	49.019974	3.159943	1.230746	0.932514	1.230746	0.932400	1.230746	0.932365	1.208733	0.000070	1.195903	0.000063	1.217452	0.000074	0.704280	0.000065	1.233053	0.993708	
1353401392.072983	0.796799	64.124016	50.840158	6.134126	1.229973	0.992942	1.229993	0.993694	1.192201	0.004944	1.229972	0.992974	1.194427	0.000328	1.191818	0.000057	1.229969	0.993086	1.195412	0.000065	1353401392.073196	0.796790	62.215572	49.149149	3.035232	1.230738	0.935664	1.230738	0.935669	1.230738	0.935652	1.196918	0.000114	1.215462	0.000145	0.947079	0.000126	0.901172	0.000118	1.232992	0.995854	
1353401392.869195	0.796212	63.195543	49.901048	6.115191	1.230216	0.936223	1.230206	0.935954	1.197219	0.005212	1.230207	0.935815	1.197890	0.000305	1.211667	0.000029	1.232375	0.993548	1.194616	0.000018	1353401392.869461	0.796265	62.440921	49.362491	2.936570	1.230757	0.940780	1.230758	0.940809	1.230757	0.940770	1.212383	0.000062	1.197806	0.000058	0.709604	0.000065	0.688012	0.000067	1.232790	0.996761	
1353401393.682501	0.813306	63.145098	49.834291	6.083939	1.221016	0.924740	1.224503	0.997400	1.166420	0.004276	1.221001	0.924510	1.158983	0.003198	1.158315	0.003026	1.221019	0.924910	1.154743	0.002698	1353401393.682719	0.813258	63.827966	50.763925	2.954482	1.200135	0.999333	1.200134	0.999445	1.200137	0.999525	1.159440	0.004163	1.156342	0.003194	1.157154	0.003345	1.154800	0.003116	1.200124	0.997887	
1353401394.476198	0.793697	62.907388	49.620428	6.103576	1.229308	0.716543	1.228760	0.997622	1.187003	0.000461	1.228752	0.997256	1.192014	0.000143	1.192322	0.001358	1.228749	0.997362	1.196300	0.000064	1353401394.476421	0.793702	66.045561	52.990051	3.124017	1.213635	0.638034	1.219822	0.999656	1.219822	0.999655	1.213847	0.645214	1.191231	0.000138	1.192892	0.000993	1.196008	0.000109	1.219815	0.998386	
1353401395.272072	0.795874	63.288092	49.977447	6.118017	1.230423	0.936496	1.232650	0.995809	1.198791	0.000640	1.230411	0.936040	1.196313	0.000476	1.200296	0.002171	1.230415	0.935776	1.203583	0.000087	1353401395.272543	0.796122	63.023894	49.966194	2.897690	1.192990	0.000607	1.232931	0.998792	1.230566	0.937379	1.230567	0.937348	1.193837	0.000803	1.197220	0.000220	1.194224	0.000327	1.232846	0.996290	
1353401396.066952	0.794880	62.326866	49.017214	6.135958	1.229803	0.939211	1.230138	0.939441	1.196610	0.000424	1.230115	0.938670	1.209337	0.000072	1.192565	0.004655	1.230115	0.938736	1.204407	0.000061	1353401396.067406	0.794863	62.772560	49.710474	3.131470	1.022105	0.000203	1.230739	0.944943	1.230740	0.944735	1.230740	0.944656	1.225500	0.000130	0.931101	0.000141	1.204342	0.000075	1.232783	0.997904	
1353401396.866711	0.799759	62.902524	49.595616	6.101730	1.230216	0.940763	1.230274	0.940568	1.198798	0.000370	1.230271	0.940481	1.230027	0.000061	1.192467	0.004016	1.230271	0.940481	1.228162	0.000036	1353401396.867147	0.799741	62.763657	49.699564	2.969978	1.209852	0.000058	1.230760	0.945619	1.230757	0.945608	1.230760	0.945610	0.638425	0.000055	0.679971	0.000067	1.229740	0.000024	1.232724	0.997830	
1353401397.662008	0.795297	63.055555	49.750926	6.077619	1.230065	0.946305	1.230131	0.946110	1.192926	0.003785	1.230127	0.946019	1.269033	0.000019	1.193271	0.000975	1.230128	0.946013	1.269031	0.000009	1353401397.662452	0.795305	62.930894	49.881076	3.025722	0.969122	0.000135	1.230754	0.008366	1.230764	0.951486	1.230761	0.951476	1.230761	0.943140	1.217804	0.000080	1.244764	0.000017	1.232527	0.997742	
1353401398.454305	0.792297	63.291233	49.981773	6.091098	1.229873	0.955568	1.229883	0.955356	1.193142	0.004961	1.229880	0.955263	1.197208	0.000508	1.191433	0.000056	1.229880	0.955248	1.203222	0.000080	1353401398.454763	0.792311	63.280403	50.235195	3.036155	1.200770	0.000125	1.199624	0.000064	1.230735	0.961101	1.230735	0.961098	1.230735	0.961116	1.209658	0.000124	1.204071	0.000089	1.232145	0.997969	
1353401399.246648	0.792343	63.665126	50.335005	6.106440	1.230203	0.966568	1.230200	0.966463	1.192843	0.004220	1.230197	0.966457	1.239301	0.000030	1.224670	0.000031	1.230197	0.966549	1.221695	0.000019	1353401399.246903	0.792140	63.368798	50.319119	2.847765	1.026559	0.000169	1.189695	0.000052	1.230751	0.971458	1.230751	0.971455	1.230751	0.971471	0.898306	0.000114	1.229279	0.000027	1.231755	0.997838	
1353401400.032190	0.785542	64.009673	50.697767	6.112183	1.230057	0.984320	1.230058	0.984302	1.193037	0.005025	1.230054	0.984138	1.197300	0.000241	1.207777	0.000073	1.230055	0.984042	1.202196	0.000110	1353401400.032645	0.785742	63.797376	50.741624	2.992792	1.207485	0.000246	1.204759	0.000093	1.230718	0.989399	1.230718	0.989398	1.230717	0.989419	1.201950	0.000151	1.194705	0.000170	1.231011	0.997352	
1353401400.820126	0.787936	64.564815	51.239537	6.109356	1.230626	0.997402	1.230627	0.997432	1.192818	0.001246	1.230625	0.997586	1.200274	0.000087	1.215697	0.000018	1.230622	0.997787	1.203139	0.000039	1353401400.820270	0.787625	63.726218	50.665762	2.845976	1.201972	0.000108	1.206692	0.000013	1.230408	0.995576	1.230408	0.995692	1.230408	0.995724	1.213585	0.000066	1.192508	0.003345	1.230411	0.993981	
1353401401.608254	0.788128	64.579082	51.250272	6.153599	1.223085	0.990861	1.223085	0.990850	1.191951	0.002115	1.223086	0.990847	1.191614	0.005308	1.191032	0.002608	1.223086	0.990841	1.189754	0.000009	1353401401.608408	0.788138	64.346825	51.288788	3.760401	1.192161	0.003632	1.192306	0.025190	1.226505	0.997855	1.226505	0.997852	1.226505	0.997851	1.191898	0.000099	1.192348	0.000469	1.226502	0.995713	
1353401402.395620	0.787366	64.521503	51.202585	6.121047	1.220932	0.994272	1.220931	0.994265	1.192425	0.004585	1.220933	0.994262	1.194433	0.000215	1.210733	0.000059	1.220928	0.994234	1.192940	0.000099	1353401402.395828	0.787420	64.360493	51.311498	3.486682	1.193840	0.000403	1.192306	0.016251	1.227747	0.999555	1.227748	0.999555	1.227748	0.999554	1.192319	0.061207	1.191363	0.000092	1.227741	0.997373	
1353401403.179836	0.784216	64.580881	51.240238	6.082456	1.230302	0.996322	1.230303	0.996319	1.191858	0.000776	1.230302	0.996317	1.192281	0.002487	1.192842	0.000018	1.230307	0.996344	1.195407	0.000018	1353401403.179978	0.784150	63.918661	50.865667	2.948917	1.195338	0.000201	1.192282	0.000107	1.230728	0.999650	1.230728	0.999655	1.230728	0.999649	1.204063	0.000091	1.194521	0.000027	1.230733	0.997680	
1353401403.181646	0.001810	67.203372	52.231823	6.811380	1.213409	0.963821	1.213239	0.963561	1.193506	0.035416	1.213191	0.963682	1.189910	0.035373	1.189758	0.003911	1.213458	0.963464	1.189944	0.012578	1353401403.181857	0.001879	57.901282	43.982236	6.561604	1.192144	0.012700	1.192786	0.002702	1.225960	0.965460	1.225955	0.965419	1.225998	0.965379	1.207724	0.014339	1.189600	0.008731	1.218805	0.278637	
