ts_0	elapsed_0	pkg_0	pp0_0	dram_0	freq_ratio_0_0	c0_ratio_0_0	freq_ratio_0_1	c0_ratio_0_1	freq_ratio_0_2	c0_ratio_0_2	freq_ratio_0_3	c0_ratio_0_3	freq_ratio_0_4	c0_ratio_0_4	freq_ratio_0_5	c0_ratio_0_5	freq_ratio_0_6	c0_ratio_0_6	freq_ratio_0_7	c0_ratio_0_7	ts_1	elapsed_1	pkg_1	pp0_1	dram_1	freq_ratio_1_0	c0_ratio_1_0	freq_ratio_1_1	c0_ratio_1_1	freq_ratio_1_2	c0_ratio_1_2	freq_ratio_1_3	c0_ratio_1_3	freq_ratio_1_4	c0_ratio_1_4	freq_ratio_1_5	c0_ratio_1_5	freq_ratio_1_6	c0_ratio_1_6	freq_ratio_1_7	c0_ratio_1_7	
1352522719.071716	1.017107	50.302215	37.030685	6.030668	0.999994	0.757424	0.999881	0.758889	0.999964	0.755296	0.999977	0.801629	0.999963	0.013075	1.000000	0.690590	0.999933	0.012133	0.999948	0.011570	1352522719.071790	1.001087	51.347904	38.097750	5.621148	0.999735	0.801365	0.999734	0.358221	0.999966	0.766346	0.999986	0.766514	0.999987	0.766334	0.999967	0.764686	0.999991	0.765396	0.999736	0.204511	
1352522720.070963	0.999247	50.881037	37.596545	6.099884	1.000001	0.720527	1.000000	0.722021	1.000000	0.717874	1.000000	0.717932	1.000137	0.013815	0.999999	0.717833	1.000012	0.012803	0.999941	0.014575	1352522720.071057	0.999267	51.211712	37.967921	5.712087	0.999992	0.089419	0.999999	0.717792	0.999999	0.717653	0.999999	0.717680	0.999999	0.717695	0.999999	0.717663	0.999999	0.717706	0.999917	0.424891	
1352522721.070951	0.999988	48.875873	35.589826	6.011607	0.999905	0.609077	0.999748	0.611004	0.999975	0.605340	0.999987	0.605350	0.996175	0.013554	1.000002	0.605276	0.993866	0.011466	0.997250	0.012162	1352522721.071002	0.999945	49.405736	36.153206	5.589297	0.999890	0.006469	1.000000	0.605142	1.000000	0.605044	1.000000	0.605081	1.000000	0.605101	1.000000	0.605064	1.000000	0.605106	0.999853	0.570809	
1352522722.070953	1.000002	48.418227	35.125971	6.068500	0.999997	0.562691	0.999998	0.564562	0.999998	0.557671	0.999998	0.558156	0.999845	0.014422	0.999999	0.557664	0.999950	0.011942	0.999892	0.012923	1352522722.071060	1.000058	48.287318	35.027756	5.952765	0.996255	0.007078	1.000001	0.557542	1.000001	0.557379	1.000001	0.557456	1.000001	0.557444	1.000001	0.557422	1.000001	0.557457	0.999814	0.499834	
1352522723.070953	1.000000	52.635345	39.345306	6.039612	0.999991	0.779348	0.999977	0.780591	0.999995	0.777144	1.000000	0.777156	0.999535	0.018530	0.999990	0.777128	0.999379	0.012613	1.000025	0.014066	1352522723.071046	0.999986	52.716577	39.457693	5.893851	0.999908	0.007330	1.000000	0.777051	1.000000	0.776974	1.000000	0.776964	1.000000	0.776977	1.000000	0.776970	1.000000	0.776990	0.999698	0.496849	
1352522724.070951	0.999998	50.341267	37.045145	6.083920	0.999999	0.658170	1.000000	0.660070	1.000000	0.654569	1.000000	0.654525	1.000035	0.014487	1.000000	0.654543	0.999953	0.012370	0.999918	0.013819	1352522724.071061	1.000015	50.471044	37.214865	5.911960	0.997507	0.007214	1.000000	0.654445	1.000000	0.654311	1.000000	0.654348	1.000000	0.654360	1.000000	0.654333	1.000000	0.654381	0.999936	0.519074	
1352522725.070961	1.000010	51.738267	38.443432	6.050629	0.999999	0.732096	1.000000	0.733919	0.999999	0.729712	0.999999	0.729656	0.999967	0.012881	0.999999	0.729702	0.999993	0.011646	1.000046	0.014472	1352522725.071059	0.999998	51.560142	38.293194	5.827831	0.997549	0.006921	1.000000	0.729646	1.000000	0.729525	1.000000	0.729507	1.000000	0.729517	1.000000	0.729489	1.000000	0.729533	1.000000	0.495900	
1352522726.070984	1.000023	51.948716	38.647950	6.107145	0.999999	0.752736	1.000000	0.753255	1.000000	0.749634	1.000000	0.749637	1.000024	0.015613	1.000000	0.749591	0.999929	0.012134	0.999978	0.015713	1352522726.071060	1.000001	52.280102	39.006738	6.023081	0.999890	0.007765	1.000000	0.749490	1.000000	0.749426	1.000000	0.749456	1.000000	0.749469	1.000000	0.749447	1.000000	0.749470	1.000000	0.482035	
1352522727.070961	0.999977	48.461345	35.165768	6.086565	1.000000	0.541857	0.999999	0.543808	0.999999	0.537269	0.999999	0.537630	1.000020	0.013469	1.000000	0.537186	0.999987	0.011449	0.999976	0.014460	1352522727.071065	1.000005	47.783116	34.515635	6.052628	0.998318	0.007579	0.999999	0.537013	0.999999	0.536932	0.999999	0.536855	0.999999	0.536869	0.999999	0.536814	0.999999	0.536870	0.999819	0.502405	
1352522728.071122	1.000161	48.192729	34.899230	5.896100	0.999999	0.548487	0.999927	0.467840	1.000001	0.517789	0.999999	0.517433	1.000001	0.499966	1.000000	0.517391	0.999933	0.019496	0.999702	0.031976	1352522728.071215	1.000150	44.035022	30.767587	5.532328	0.993496	0.040027	0.999991	0.517696	0.999939	0.517699	0.999959	0.517632	0.999956	0.517665	0.999953	0.517535	0.999941	0.517701	0.986855	0.003685	
1352522729.070990	0.999868	54.651551	41.357895	6.095959	1.000000	0.797666	0.999999	0.490122	0.999999	0.795185	1.000001	0.795134	1.000000	0.795278	1.000000	0.795156	0.999986	0.020707	1.000007	0.038680	1352522729.071089	0.999874	50.721290	37.449493	5.795041	0.997817	0.006077	1.000000	0.795246	1.000000	0.795203	1.000000	0.795185	1.000000	0.795223	1.000000	0.795193	1.000000	0.795244	1.000008	0.003435	
1352522730.071096	1.000106	53.753406	40.457454	5.941600	1.000001	0.740860	0.999956	0.585796	1.000001	0.739071	1.000001	0.739025	1.000001	0.739082	1.000001	0.739042	0.999300	0.015370	0.999996	0.012658	1352522730.071164	1.000075	48.491903	35.231103	5.337612	0.979172	0.004910	0.999994	0.739153	0.999967	0.739138	0.999989	0.739122	0.999975	0.739174	1.000000	0.739090	0.999966	0.739162	0.995718	0.003785	
1352522731.070952	0.999856	52.672197	39.367226	6.096978	1.000000	0.698722	0.999997	0.500077	1.000000	0.691499	1.000000	0.691522	1.000000	0.691477	1.000000	0.691402	0.999985	0.021197	1.000022	0.049262	1352522731.070993	0.999829	47.804269	34.544922	5.711029	0.999879	0.005407	1.000000	0.691550	1.000000	0.691555	0.999999	0.691439	1.000000	0.691495	1.000000	0.691512	1.000000	0.691549	0.999710	0.003515	
1352522732.070953	1.000001	48.913924	35.620526	5.840784	0.999963	0.356373	0.999857	0.605333	1.000000	0.514147	1.000000	0.514528	1.000000	0.514115	1.000000	0.514014	0.999731	0.050898	0.999788	0.106255	1352522732.071000	1.000007	44.871592	31.604960	5.249247	0.970541	0.005162	0.999999	0.514172	0.999948	0.514137	0.999957	0.514162	0.999940	0.514236	0.999986	0.514151	0.999949	0.514254	0.995343	0.002498	
1352522733.071697	1.000744	52.355162	39.070003	6.094479	0.999999	0.396603	0.999999	0.689878	1.000000	0.737021	1.000000	0.737394	1.000000	0.737220	1.000000	0.736944	0.999991	0.131123	0.999994	0.050862	1352522733.071744	1.000744	48.596850	35.321648	5.744886	0.992336	0.005486	0.999990	0.737084	1.000000	0.737049	1.000000	0.737060	1.000000	0.737097	1.000000	0.736981	0.999995	0.737079	0.999731	0.003341	
1352522734.070964	0.999267	49.855646	36.562838	5.999499	0.999998	0.595068	1.000002	0.481350	0.999999	0.588648	0.999998	0.588981	0.999999	0.588656	0.999999	0.588543	0.999923	0.019603	0.999945	0.028927	1352522734.071087	0.999343	46.394865	33.129771	5.647494	0.991606	0.005900	0.999989	0.588582	0.999988	0.588601	1.000000	0.588732	1.000000	0.588589	1.000000	0.588542	1.000000	0.588568	1.000284	0.002578	
1352522735.070949	0.999985	52.616605	39.314647	6.088135	1.000000	0.695090	0.999999	0.485789	1.000000	0.691391	1.000002	0.690746	1.000001	0.690709	1.000001	0.690641	0.999984	0.025136	0.999995	0.037588	1352522735.071006	0.999919	47.620376	34.343543	5.694737	0.997899	0.006286	1.000000	0.689098	1.000000	0.689173	1.000000	0.689149	1.000000	0.689138	1.000000	0.689083	1.000000	0.689123	0.997483	0.003461	
1352522736.070952	1.000003	54.709730	41.407342	6.098721	1.000000	0.828100	0.999999	0.472220	1.000000	0.826099	1.000000	0.826034	1.000000	0.826075	1.000000	0.826027	0.999977	0.023383	1.000002	0.033650	1352522736.071023	1.000017	51.557935	38.285531	5.720164	0.999886	0.005371	1.000000	0.826118	1.000000	0.826092	1.000000	0.826104	1.000000	0.826124	1.000000	0.826069	1.000000	0.826122	1.000251	0.002614	
1352522737.070953	1.000001	51.929623	38.621744	6.083521	0.999999	0.641521	0.999999	0.437411	1.000000	0.667824	1.000000	0.636555	1.000000	0.636178	1.000000	0.636119	0.999959	0.020194	0.999990	0.056995	1352522737.071001	0.999978	46.817403	33.540973	5.637132	0.992763	0.005436	0.999976	0.636236	0.999988	0.636185	0.999976	0.636203	0.999980	0.636238	1.000001	0.636209	1.000000	0.636231	0.998435	0.003383	
1352522738.070953	1.000000	53.805649	40.500702	6.117813	1.000000	0.775863	0.999999	0.452454	1.000000	0.773050	1.000000	0.772886	1.000000	0.772941	1.000000	0.772880	0.999947	0.029679	0.999987	0.047168	1352522738.070999	0.999998	50.534429	37.264369	5.815487	0.999906	0.005530	1.000000	0.772993	1.000000	0.772946	1.000000	0.772996	1.000000	0.773051	1.000000	0.772963	1.000000	0.773029	1.000012	0.002635	
1352522739.070949	0.999996	50.592567	37.287474	6.064661	0.999999	0.581622	0.999999	0.480817	0.999998	0.577453	0.999999	0.576989	0.999999	0.576997	1.000000	0.576886	0.999960	0.031228	0.999982	0.028170	1352522739.071001	1.000002	45.685643	32.413970	5.707738	0.991177	0.007068	0.999987	0.576995	0.999978	0.576958	0.999986	0.576975	0.999989	0.577015	0.999973	0.577000	1.000000	0.577020	1.000124	0.003224	
1352522740.070950	1.000001	51.846386	38.552316	6.102167	1.000001	0.722085	0.999952	0.419133	1.000001	0.692124	1.000001	0.692037	1.000001	0.692039	1.000000	0.692080	0.999997	0.046385	1.000005	0.042324	1352522740.071008	1.000007	47.876500	34.616536	5.789404	0.999819	0.004999	1.000000	0.692114	0.999993	0.692152	1.000000	0.692139	1.000000	0.692099	1.000000	0.692092	1.000000	0.692102	0.999852	0.003173	
1352522741.070949	0.999999	54.160940	40.858193	6.091253	0.999997	0.287479	1.000000	0.770106	1.000000	0.766818	1.000000	0.766912	1.000000	0.766832	1.000000	0.766806	0.999994	0.239325	0.999942	0.016069	1352522741.071010	1.000002	49.291913	36.017906	5.836048	0.995239	0.005862	1.000000	0.766882	0.999990	0.766854	1.000000	0.766882	0.999996	0.766934	0.999990	0.766916	0.999990	0.767215	0.997747	0.003728	
1352522742.070953	1.000004	51.903476	38.595776	6.098669	0.999998	0.604586	0.999998	0.529219	1.000000	0.664572	1.000000	0.665012	1.000000	0.664585	1.000000	0.664540	1.000025	0.053522	0.999997	0.024715	1352522742.071001	0.999991	48.699111	35.423096	5.730200	0.999864	0.005091	1.000000	0.664637	1.000000	0.664584	1.000000	0.664588	1.000000	0.664642	1.000000	0.664623	1.000000	0.664651	1.000355	0.002862	
1352522743.070952	0.999999	52.321080	39.016074	5.893957	0.999999	0.673158	1.000000	0.590123	1.000000	0.669582	1.000000	0.669554	1.000000	0.669587	1.000000	0.669613	0.999988	0.033667	0.999951	0.019515	1352522743.070999	0.999998	46.925459	33.660236	5.067835	0.967682	0.004677	1.000000	0.669675	0.999956	0.669646	0.999960	0.669626	0.999954	0.669691	0.999945	0.669673	0.999966	0.669691	0.985143	0.002781	
1352522744.070954	1.000002	54.747057	41.432737	6.074970	1.000000	0.817380	0.999999	0.467019	1.000000	0.814808	1.000000	0.814759	1.000000	0.814819	1.000000	0.814752	0.999971	0.020097	0.999997	0.048155	1352522744.071013	1.000014	51.472543	38.201016	5.716106	0.997251	0.005293	1.000000	0.814814	1.000000	0.814786	1.000000	0.814813	1.000000	0.814836	1.000000	0.814807	1.000000	0.815102	1.000210	0.002595	
1352522745.070950	0.999996	50.736915	37.422637	6.097361	0.999999	0.573282	0.999924	0.492843	1.000000	0.567471	1.000000	0.567258	1.000000	0.567289	1.000000	0.567283	0.999921	0.031100	0.999974	0.034932	1352522745.071011	0.999998	46.002132	32.725892	5.766994	0.997573	0.005666	1.000000	0.567413	0.999999	0.567376	0.999999	0.567347	1.000000	0.567404	1.000000	0.567363	1.000000	0.567403	1.000089	0.003236	
1352522746.070953	1.000003	49.058442	35.745678	5.986004	0.999999	0.520661	0.999998	0.510247	1.000000	0.507258	0.999999	0.515048	1.000000	0.515099	1.000000	0.514965	1.000063	0.018652	0.999972	0.025370	1352522746.071011	1.000000	45.811752	32.536758	5.600067	0.988703	0.005555	1.000000	0.515097	0.999969	0.515060	1.000001	0.515120	0.999986	0.515167	1.000000	0.515136	0.999978	0.515203	0.996712	0.002330	
1352522747.070950	0.999997	55.786855	42.486918	6.117390	1.000000	0.813597	1.000001	0.551920	1.000000	0.807181	1.000000	0.878177	1.000000	0.877808	1.000000	0.877770	0.999889	0.023571	0.999996	0.077115	1352522747.071011	1.000000	52.933121	39.663544	5.936356	0.999942	0.005349	0.999999	0.877822	1.000000	0.877747	1.000000	0.877759	1.000000	0.877790	1.000000	0.877797	1.000000	0.877820	0.999775	0.002696	
1352522748.070977	1.000027	52.352304	39.034791	6.035100	0.999999	0.664486	0.999998	0.501869	0.999999	0.648754	1.000000	0.661323	1.000000	0.661387	1.000000	0.661298	1.000004	0.017518	1.000015	0.045810	1352522748.071028	1.000017	48.408269	35.132981	5.679805	0.992448	0.005327	0.999979	0.661426	0.999978	0.661374	0.999988	0.661419	0.999989	0.661472	1.000000	0.661422	0.999989	0.661476	1.000207	0.002550	
1352522749.070957	0.999980	51.315588	38.003538	5.904812	0.999999	0.607645	1.000001	0.631565	1.000000	0.541540	1.000000	0.634317	1.000000	0.634229	1.000000	0.634262	0.999980	0.058827	0.999959	0.041776	1352522749.071048	1.000020	46.490921	33.232519	5.311554	0.973835	0.005425	0.999975	0.634403	0.999957	0.634397	0.999988	0.634346	0.999983	0.634378	0.999988	0.634318	0.999985	0.634364	0.991601	0.003076	
1352522750.070953	0.999996	52.818055	39.506447	6.088434	1.000000	0.723680	0.999998	0.606723	1.000000	0.716839	1.000000	0.716908	1.000002	0.527571	1.000000	0.716768	1.000000	0.043708	0.999993	0.076263	1352522750.071000	0.999952	49.551767	36.280044	5.640560	0.999907	0.005114	1.000000	0.716850	1.000000	0.716803	1.000000	0.716814	1.000000	0.716850	1.000000	0.716826	1.000001	0.716854	1.000364	0.002652	
1352522751.070951	0.999998	50.955114	37.635005	5.863186	0.999999	0.575275	1.000000	0.577284	1.000000	0.572411	1.000000	0.572393	0.999992	0.221176	1.000000	0.572315	1.000002	0.368271	0.999945	0.013427	1352522751.071014	1.000014	45.567825	32.293873	5.369553	0.991064	0.005638	1.000000	0.572475	0.999988	0.572382	0.999968	0.572389	1.000000	0.572390	0.999983	0.572423	0.999999	0.572472	0.996238	0.003337	
1352522752.070952	1.000001	48.952437	35.634533	5.708903	0.999999	0.658616	0.999999	0.575041	1.000000	0.537929	1.000000	0.537854	1.000003	0.326007	1.000000	0.537825	0.999995	0.104994	0.999990	0.030549	1352522752.070998	0.999984	44.603480	31.334454	5.195869	0.944600	0.005225	0.999952	0.537998	0.999877	0.538024	0.999947	0.537924	0.999927	0.537955	0.999949	0.537903	0.999910	0.537983	0.983056	0.003051	
1352522753.070953	1.000001	54.436761	41.113196	5.999399	1.000000	0.774579	0.999999	0.481664	1.000000	0.771597	1.000000	0.770109	1.000000	0.769912	1.000000	0.769886	0.999911	0.022339	1.000010	0.068373	1352522753.071048	1.000050	49.506234	36.233644	5.493789	0.997387	0.005233	1.000000	0.770014	1.000000	0.769979	1.000000	0.769986	1.000000	0.770036	1.000000	0.769976	1.000000	0.770590	0.999951	0.003757	
1352522754.072025	1.001072	52.480671	39.171207	6.085381	1.000000	0.686925	1.000002	0.471086	1.000000	0.680324	1.000000	0.680253	1.000000	0.680215	1.000000	0.680237	0.999968	0.022203	0.999952	0.037775	1352522754.072096	1.001048	48.600475	35.327384	5.674092	0.998031	0.005836	1.000000	0.680344	0.999999	0.680324	1.000000	0.680361	1.000000	0.680386	1.000000	0.680317	1.000000	0.680364	1.000286	0.002872	
1352522755.070953	0.998928	52.557345	39.232515	6.060971	0.999999	0.649194	0.999999	0.485443	1.000000	0.643776	1.000000	0.643721	1.000000	0.643699	1.000000	0.643741	0.999988	0.019106	0.999985	0.043925	1352522755.070997	0.998901	47.292473	34.014223	5.715037	0.995362	0.005901	0.999988	0.643834	0.999988	0.643827	0.999990	0.643774	0.999989	0.643819	0.999990	0.643789	1.000000	0.643801	0.999689	0.003497	
1352522756.070953	1.000000	49.517868	36.198227	6.045990	0.999998	0.403393	0.999765	0.514474	0.999978	0.509166	1.000000	0.508520	1.000000	0.508521	1.000000	0.508444	0.999234	0.019099	0.999999	0.131231	1352522756.071017	1.000020	45.603686	32.326547	5.756522	0.997520	0.005569	1.000000	0.508610	0.999999	0.508557	1.000000	0.508588	1.000001	0.508662	1.000001	0.508647	1.000000	0.508713	1.000295	0.002648	
1352522757.070951	0.999998	53.182459	39.863403	6.083141	1.000001	0.491153	0.999998	0.586292	1.000000	0.706593	1.000000	0.706477	1.000000	0.706483	1.000000	0.706485	0.999998	0.092316	0.999989	0.064448	1352522757.070995	0.999978	48.313987	35.054465	5.839514	0.997811	0.006015	1.000000	0.706577	1.000000	0.706546	0.999990	0.706556	0.999991	0.706587	0.999999	0.706535	1.000000	0.706571	0.998359	0.003480	
1352522758.070960	1.000009	50.122410	36.800722	5.951347	0.999997	0.541459	0.999780	0.471625	1.000000	0.569615	0.999999	0.569591	1.000000	0.569592	1.000000	0.569560	0.998395	0.015909	0.999996	0.145774	1352522758.071031	1.000036	46.180314	32.907476	5.280312	0.967087	0.004752	0.999986	0.569713	0.999966	0.569700	0.999960	0.569747	0.999966	0.569765	0.999970	0.569692	0.999967	0.569754	0.990069	0.002412	
1352522759.070953	0.999993	51.819404	38.494071	6.061764	0.999999	0.626989	0.999975	0.436661	1.000000	0.621087	1.000001	0.621032	1.000000	0.621058	1.000000	0.621036	0.999285	0.020986	1.000000	0.099955	1352522759.070996	0.999965	46.969801	33.688940	5.857734	0.995764	0.006302	0.999994	0.621150	1.000000	0.621114	0.999990	0.621097	0.999990	0.621150	0.999989	0.621113	0.999989	0.621143	0.999906	0.003598	
1352522760.070953	1.000000	53.405716	40.094025	6.084167	1.000000	0.737049	0.999999	0.487782	1.000000	0.734875	1.000000	0.734838	1.000000	0.734808	1.000000	0.734760	0.999970	0.022560	0.999979	0.028487	1352522760.070996	1.000000	49.895584	36.624374	5.621506	0.999891	0.005517	1.000000	0.734877	1.000000	0.734852	1.000000	0.734884	1.000000	0.734942	1.000000	0.734868	1.000000	0.734922	1.000301	0.002608	
1352522761.070952	0.999999	49.871691	36.541462	6.068472	0.999999	0.555000	0.999999	0.443813	1.000000	0.560242	1.000000	0.549194	1.000000	0.549156	1.000000	0.549220	0.999960	0.026181	0.999991	0.062360	1352522761.071010	1.000014	45.225957	31.948159	5.640073	0.995940	0.006127	1.000000	0.549356	0.999978	0.549308	0.999991	0.549267	0.999971	0.549323	0.999986	0.549274	1.000000	0.549319	0.997398	0.003302	
1352522762.070949	0.999997	54.558366	41.233969	6.117206	1.000000	0.779577	0.999999	0.501897	1.000000	0.777715	1.000000	0.777678	1.000000	0.777659	1.000000	0.777667	0.999955	0.020944	0.999964	0.016007	1352522762.070989	0.999979	50.958314	37.684262	5.729094	0.999881	0.005514	0.999999	0.777769	1.000000	0.777721	1.000006	0.777722	1.000000	0.777781	1.000000	0.777698	1.000000	0.777745	1.000373	0.002696	
1352522763.070953	1.000004	55.361058	42.028455	6.099966	1.000000	0.842592	0.999999	0.460676	1.000000	0.841074	1.000000	0.841091	1.000000	0.841043	1.000000	0.840990	0.999981	0.027579	0.999993	0.061906	1352522763.070996	1.000007	51.078642	37.798796	5.872106	0.999897	0.005766	1.000000	0.841082	1.000000	0.841046	1.000000	0.841114	1.000000	0.841146	1.000000	0.841082	0.999999	0.841123	0.999849	0.003415	
1352522764.070951	0.999998	53.142405	39.804199	6.088604	0.999973	0.739257	0.999749	0.486134	1.000000	0.734329	1.000000	0.734296	1.000000	0.734284	1.000000	0.734091	0.999972	0.024287	0.999980	0.038972	1352522764.070990	0.999994	49.997246	36.716451	5.923497	0.999914	0.007330	1.000000	0.734420	1.000000	0.734272	1.000000	0.734243	1.000000	0.734287	1.000000	0.734281	1.000001	0.734365	1.000046	0.003646	
1352522765.070956	1.000005	715766340.406472	715806815.595774	715759612.771852	0.999990	1.000560	0.999987	1.000562	0.999997	1.000560	0.999990	1.000559	0.999990	1.000563	0.999992	1.000557	0.999990	1.000563	0.999990	1.000560	1352522765.071047	1.000057	715731489.977022	715728309.290344	715734822.802736	0.999990	1.000559	0.999987	1.000562	3.893039	0.257012	0.999990	1.000559	0.999990	1.000562	0.999992	1.000557	0.999990	1.000562	0.999990	1.000560	
1352522766.070951	0.999995	0.000000	0.000000	0.000000	-nan	-nan	-nan	-nan	8.000000	inf	-nan	-nan	-nan	0.000000	-nan	-nan	-nan	-nan	-nan	-nan	1352522766.071030	0.999983	0.000000	0.000000	0.000000	-nan	-nan	-nan	-nan	0.000000	inf	-nan	-nan	-nan	-nan	-nan	-nan	-nan	-nan	-nan	-nan	
