ts_0	elapsed_0	pkg_0	pp0_0	dram_0	freq_ratio_0_0	c0_ratio_0_0	freq_ratio_0_1	c0_ratio_0_1	freq_ratio_0_2	c0_ratio_0_2	freq_ratio_0_3	c0_ratio_0_3	freq_ratio_0_4	c0_ratio_0_4	freq_ratio_0_5	c0_ratio_0_5	freq_ratio_0_6	c0_ratio_0_6	freq_ratio_0_7	c0_ratio_0_7	ts_1	elapsed_1	pkg_1	pp0_1	dram_1	freq_ratio_1_0	c0_ratio_1_0	freq_ratio_1_1	c0_ratio_1_1	freq_ratio_1_2	c0_ratio_1_2	freq_ratio_1_3	c0_ratio_1_3	freq_ratio_1_4	c0_ratio_1_4	freq_ratio_1_5	c0_ratio_1_5	freq_ratio_1_6	c0_ratio_1_6	freq_ratio_1_7	c0_ratio_1_7	
1356715219.957213	1.001874	45.361832	32.260270	5.995326	1.153330	0.555008	1.153294	0.553269	1.153363	0.554316	1.153523	0.553518	1.153624	0.552915	1.153679	0.553085	1.153608	0.552133	1.153813	0.553519	1356715219.957377	1.000423	45.644589	32.544188	1.890802	0.999696	0.065872	0.999935	0.965872	1.000001	0.965531	0.999978	0.965473	1.001945	0.000120	0.647269	0.000050	1.014438	0.000032	0.999925	0.966550	
1356715220.957209	0.999996	36.863721	23.772466	5.248663	0.999490	0.649815	1.000001	0.648040	1.000000	0.647999	1.000000	0.647997	0.883780	0.000419	0.905878	0.000084	0.897697	0.000055	0.864840	0.000121	1356715220.957370	0.999993	39.708069	26.585297	2.023390	0.999984	0.000479	1.000000	0.648020	1.000000	0.648032	1.000000	0.648001	0.999692	0.000050	1.000462	0.000071	1.000367	0.000064	1.000000	1.000000	
1356715221.957208	0.999999	46.833632	33.719133	6.102484	1.000000	1.000000	1.000000	1.000000	1.000000	1.000000	1.000000	1.000000	1.000025	0.000386	1.001489	0.000009	1.003884	0.000009	0.999982	0.000152	1356715221.957367	0.999997	45.846456	32.726374	1.835134	0.999971	0.000662	1.000000	1.000000	1.000000	1.000000	1.000000	1.000000	0.994466	0.000097	0.994750	0.000006	0.996482	0.000007	1.000000	1.000000	
1356715222.957208	1.000000	46.936691	33.820053	6.115005	1.000000	1.000000	1.000000	1.000000	1.000000	1.000000	1.000000	1.000000	1.000053	0.000943	1.007632	0.000069	1.007151	0.000067	1.000000	0.000127	1356715222.957366	0.999999	45.852918	32.733323	1.854494	0.999987	0.000659	1.000000	1.000000	1.000000	1.000000	1.000000	1.000000	1.007399	0.000074	1.000000	0.000092	0.992251	0.000065	1.000000	1.000000	
1356715223.957208	1.000000	45.882248	32.761932	6.121460	0.999876	0.963592	1.000000	0.963208	1.000000	0.963174	1.000000	0.963173	0.999947	0.000476	0.996944	0.000008	1.001873	0.000008	0.999261	0.000128	1356715223.957375	1.000009	45.141559	32.021637	1.863890	0.999957	0.000322	1.000000	0.963199	1.000000	0.963212	1.000000	0.963181	0.999906	0.000098	1.003843	0.000006	1.013519	0.000036	1.000000	1.000000	
1356715224.957208	1.000000	47.129868	34.004135	6.102829	1.000000	1.000000	1.000000	1.000000	1.000000	1.000000	1.000000	1.000000	0.999979	0.005843	1.000291	0.000072	0.999779	0.000049	1.001086	0.000096	1356715224.957367	0.999992	45.804464	32.683294	2.034883	1.000001	0.002186	1.000000	1.000000	1.000000	1.000000	1.000000	1.000000	0.999983	0.000044	1.000309	0.000055	1.000000	0.000058	1.000000	1.000000	
1356715225.957208	1.000000	46.796585	33.668304	6.108673	1.000000	1.000000	1.000000	1.000000	1.000000	1.000000	1.000000	1.000000	0.999978	0.000532	0.996797	0.000008	0.999163	0.000008	0.999844	0.000111	1356715225.957378	1.000011	45.744371	32.619943	1.814052	0.999958	0.000155	1.000000	1.000000	1.000000	1.000000	1.000000	1.000000	1.000163	0.000090	0.998171	0.000006	0.999812	0.000006	1.000000	1.000000	
1356715226.957208	1.000000	46.942581	33.808517	6.121307	1.000000	1.000000	1.000000	1.000000	1.000000	1.000000	1.000000	1.000000	0.999980	0.001936	0.999953	0.000277	1.000094	0.000131	0.999926	0.000156	1356715226.957371	0.999993	45.882916	32.772779	1.851697	1.000001	0.000322	1.000000	1.000000	1.000000	1.000000	1.000000	1.000000	0.999971	0.000054	0.999566	0.000070	0.999803	0.000069	1.000000	1.000000	
1356715227.957215	1.000007	47.472694	34.334525	6.101642	1.000000	1.000000	1.000000	1.000000	1.000000	1.000000	1.000000	1.000000	0.999987	0.007603	0.999769	0.002817	0.999993	0.002854	0.999994	0.002893	1356715227.957372	1.000001	46.017321	32.886779	1.964201	0.999998	0.003307	1.000000	1.000000	1.000000	1.000000	1.000000	1.000000	0.999997	0.003623	0.999999	0.002676	0.999996	0.002539	1.000000	1.000000	
1356715228.957208	0.999993	46.124159	32.994796	6.100964	0.999955	0.971072	1.000000	0.970703	1.000000	0.970675	0.999999	0.970673	1.000011	0.000385	1.014358	0.000047	1.000173	0.000065	1.000128	0.000195	1356715228.957370	0.999998	45.254878	32.116425	1.843616	0.999961	0.000128	1.000000	0.970697	1.000000	0.970711	1.000000	0.970677	1.000204	0.000058	1.000044	0.000062	0.999973	0.000057	1.000000	1.000000	
1356715229.957208	1.000000	46.709198	33.560471	6.116882	1.000000	1.000000	1.000000	1.000000	1.000000	1.000000	1.000001	1.000000	0.999960	0.000383	0.999655	0.000008	1.000808	0.000040	0.999926	0.000223	1356715229.957379	1.000009	45.655195	32.511821	1.883482	0.999968	0.000132	1.000000	1.000000	1.000000	1.000000	1.000000	1.000000	0.999991	0.000087	0.998005	0.000007	1.004903	0.000006	1.000000	1.000000	
1356715230.957208	1.000000	46.835739	33.691620	6.115128	1.000000	1.000000	1.000000	1.000000	1.000000	1.000000	1.000000	1.000000	0.999883	0.000387	0.999873	0.000052	0.999569	0.000072	0.999989	0.000172	1356715230.957375	0.999996	45.719240	32.584193	1.819801	1.000059	0.000124	1.000000	1.000000	1.000000	1.000000	1.000000	1.000000	1.000107	0.000050	0.990986	0.000073	1.000383	0.000065	1.000000	1.000000	
1356715231.957208	1.000000	46.799103	33.652634	6.121277	1.000000	1.000000	1.000000	1.000000	1.000000	1.000000	1.000000	1.000000	1.000107	0.000358	1.001167	0.000008	0.999942	0.000040	1.000030	0.000349	1356715231.957379	1.000004	45.696531	32.563604	1.774620	0.999939	0.000197	1.000000	1.000000	1.000000	1.000000	1.000000	1.000000	0.999944	0.000096	1.000000	0.000007	0.999839	0.000007	1.000000	1.000000	
1356715232.957208	1.000000	46.041061	32.899399	6.102005	0.999976	0.961145	1.000000	0.960675	1.000000	0.960644	0.999999	0.960643	1.000000	0.000672	0.990000	0.000057	1.000175	0.000064	0.999915	0.000221	1356715232.957375	0.999996	45.193344	32.056465	1.863533	0.999990	0.000668	1.000000	0.960665	1.000000	0.960678	1.000000	0.960648	0.999725	0.000038	1.002033	0.000329	0.999644	0.000071	1.000000	1.000000	
1356715233.957208	1.000000	46.862762	33.720932	6.108307	1.000000	1.000000	1.000000	1.000000	1.000000	1.000000	1.000001	1.000000	0.999545	0.000342	1.004692	0.000008	0.986771	0.000038	1.000004	0.000275	1356715233.957375	1.000000	45.712021	32.573990	1.767014	0.999219	0.000129	1.000000	1.000000	1.000000	1.000000	1.000000	1.000000	0.999920	0.000087	1.004695	0.000006	1.001856	0.000006	1.000000	1.000000	
1356715234.957208	1.000000	46.847229	33.708969	6.120544	1.000000	1.000000	1.000000	1.000000	1.000000	1.000000	1.000000	1.000000	1.000308	0.000392	1.007221	0.000069	1.005475	0.000089	0.999934	0.000218	1356715234.957373	0.999998	45.779110	32.642686	1.846042	1.000047	0.002096	1.000000	1.000000	1.000000	1.000000	1.000000	1.000000	1.000162	0.000081	0.999700	0.000107	0.993461	0.000078	1.000000	1.000000	
1356715235.957208	1.000000	46.833008	33.694244	6.114441	1.000000	1.000000	1.000000	1.000000	1.000000	1.000000	1.000000	1.000000	0.999973	0.000388	1.003352	0.000008	1.000325	0.000038	1.000054	0.000207	1356715235.957378	1.000005	45.886336	32.748585	1.758597	0.999948	0.000111	1.000000	1.000000	1.000000	1.000000	1.000000	1.000000	0.999801	0.000081	1.000624	0.000048	1.005886	0.000084	1.000000	1.000000	
1356715236.957208	1.000000	46.867310	33.728500	6.126755	1.000000	1.000000	1.000000	1.000000	1.000000	1.000000	1.000000	1.000000	1.000038	0.000399	0.999318	0.000056	1.000149	0.000065	0.999987	0.000295	1356715236.957379	1.000001	45.700548	32.561584	1.774245	0.999992	0.000149	1.000000	1.000000	1.000000	1.000000	1.000000	1.000000	1.000271	0.000051	0.999435	0.000060	0.999291	0.000040	1.000000	1.000000	
1356715237.957208	1.000000	46.241592	33.117325	6.108002	0.999962	0.971396	1.000000	0.970903	1.000000	0.970855	1.000000	0.970870	1.000011	0.000361	1.005522	0.000008	1.000070	0.000038	0.999933	0.000258	1356715237.957376	0.999997	45.284518	32.146996	1.802984	0.999996	0.000425	1.000000	0.970890	1.000000	0.970905	1.000000	0.970872	0.999818	0.000085	1.003082	0.000007	0.998654	0.000006	1.000000	1.000000	
1356715238.957208	1.000000	715769756.633789	715788977.377716	715800469.760651	0.999984	1.000085	0.999981	1.000087	0.999991	1.000085	0.999984	1.000085	0.999984	1.000087	0.999986	1.000082	0.999984	1.000088	0.999984	1.000085	1356715238.957315	0.999939	715818775.043887	715843564.326466	715858308.035753	0.999984	1.000085	0.999981	1.000087	3.893454	0.256861	0.999984	1.000085	0.999984	1.000087	0.999986	1.000082	0.999984	1.000087	0.999984	1.000085	
1356715239.957207	0.999999	0.000000	0.000000	0.000000	-nan	-nan	-nan	-nan	8.000000	inf	-nan	-nan	-nan	0.000000	-nan	-nan	-nan	-nan	-nan	-nan	1356715239.957291	0.999976	0.000000	0.000000	0.000000	-nan	-nan	-nan	-nan	0.000000	inf	-nan	-nan	-nan	-nan	-nan	-nan	-nan	-nan	-nan	-nan	
