ts_0	elapsed_0	pkg_0	pp0_0	dram_0	freq_ratio_0_0	c0_ratio_0_0	freq_ratio_0_1	c0_ratio_0_1	freq_ratio_0_2	c0_ratio_0_2	freq_ratio_0_3	c0_ratio_0_3	freq_ratio_0_4	c0_ratio_0_4	freq_ratio_0_5	c0_ratio_0_5	freq_ratio_0_6	c0_ratio_0_6	freq_ratio_0_7	c0_ratio_0_7	ts_1	elapsed_1	pkg_1	pp0_1	dram_1	freq_ratio_1_0	c0_ratio_1_0	freq_ratio_1_1	c0_ratio_1_1	freq_ratio_1_2	c0_ratio_1_2	freq_ratio_1_3	c0_ratio_1_3	freq_ratio_1_4	c0_ratio_1_4	freq_ratio_1_5	c0_ratio_1_5	freq_ratio_1_6	c0_ratio_1_6	freq_ratio_1_7	c0_ratio_1_7	
1357205476.931220	1.001993	39.151298	26.108292	3.217602	1.153828	0.166502	1.155690	0.167330	1.154997	0.166729	1.154560	0.165876	1.153803	0.163957	1.155289	0.167370	1.154989	0.166272	1.154823	0.165890	1357205476.931339	1.000378	41.219226	28.050496	2.312267	0.999908	0.503072	0.999927	0.502822	1.000002	0.403552	0.999953	0.382652	1.000002	0.407615	0.958111	0.000402	0.728388	0.000053	0.999740	0.838873	
1357205477.931221	1.000001	45.314624	32.265899	3.638592	0.998801	0.682966	1.000000	0.680313	1.000000	0.680354	1.000000	0.680313	1.000000	0.680312	1.000000	0.680329	0.963621	0.000451	1.015228	0.000008	1357205477.931336	0.999997	48.369641	35.194430	2.160041	1.000000	0.680342	1.000000	0.680321	1.000000	0.680342	1.000000	0.680341	1.000000	0.680356	1.000704	0.000072	1.000120	0.000064	1.000000	1.000000	
1357205478.931215	0.999994	54.567494	41.492923	3.757331	0.999916	0.961823	1.000000	0.961423	1.000000	0.961393	1.000000	0.961363	1.000000	0.961332	1.000000	0.961303	1.000043	0.000606	0.999967	0.000059	1357205478.931465	1.000129	55.895790	42.670583	2.408686	0.999999	0.961201	1.000000	0.961166	0.999999	0.961137	1.000000	0.961109	0.999999	0.961079	0.999258	0.000031	1.005246	0.000006	1.000000	1.000000	
1357205479.931214	0.999999	50.388979	37.320302	3.693515	0.999484	0.813296	1.000000	0.811709	1.000000	0.811805	0.999999	0.811765	1.000000	0.811789	1.000000	0.811813	0.966354	0.000495	1.000937	0.000008	1357205479.931332	0.999867	52.590172	39.374303	2.363199	1.000001	0.811970	1.000001	0.811946	1.000001	0.812017	1.000001	0.812039	1.000000	0.812099	1.000236	0.000074	0.999527	0.000055	1.000000	1.000000	
1357205480.931214	1.000000	55.466919	42.392090	3.782639	0.999948	0.966167	1.000000	0.965824	1.000000	0.965870	1.000000	0.965823	1.000000	0.965837	1.000000	0.965838	1.000119	0.000938	0.989802	0.000053	1357205480.931335	1.000003	56.801216	43.581606	2.210854	1.000000	0.965858	1.000000	0.965836	1.000000	0.965858	1.000000	0.965856	1.000000	0.965874	0.998761	0.000031	0.994105	0.000006	1.000000	1.000000	
1357205481.931214	1.000000	51.950500	38.873917	3.749359	0.999615	0.860886	0.999967	0.859686	0.999974	0.859685	0.999984	0.859669	0.999984	0.859668	0.999985	0.859668	0.999953	0.000454	0.997320	0.000009	1357205481.931332	0.999997	53.894653	40.677021	2.319541	1.000000	0.859734	1.000000	0.859651	1.000000	0.859757	1.000000	0.859753	1.000000	0.859755	1.000116	0.000457	0.992435	0.000065	1.000000	1.000000	
1357205482.931217	1.000003	54.038132	40.948924	3.765629	0.999924	0.942164	1.000000	0.941737	1.000000	0.941735	1.000000	0.941660	1.000000	0.941631	1.000000	0.941601	0.999674	0.000554	1.004592	0.000120	1357205482.931455	1.000123	55.679536	42.473138	2.389492	0.999999	0.941545	0.999999	0.941482	0.999999	0.941487	0.999999	0.941473	0.999999	0.941429	0.998977	0.000032	1.007872	0.000007	1.000000	1.000000	
1357205483.931215	0.999998	45.895809	32.820482	3.721519	0.999299	0.666691	1.000000	0.664352	1.000000	0.664425	1.000000	0.664340	1.000000	0.664338	1.000000	0.664335	0.955840	0.000475	0.999759	0.000008	1357205483.931460	1.000005	48.613923	35.407721	2.402561	1.000000	0.664408	1.000000	0.664356	1.000000	0.664398	1.000000	0.664394	1.000000	0.664412	1.000458	0.000114	1.004997	0.000089	1.000000	1.000000	
1357205484.931220	1.000005	52.546749	39.475327	3.775829	0.999863	0.888971	0.999991	0.888119	0.999953	0.888208	0.999977	0.888194	0.999978	0.888220	0.999978	0.888247	1.000205	0.000584	0.999926	0.000052	1357205484.931336	0.999876	54.461266	41.243379	2.521156	1.000001	0.888403	1.000001	0.888387	1.000001	0.888450	1.000001	0.888479	1.000001	0.888520	0.998611	0.000029	1.001753	0.000006	1.000000	1.000000	
1357205485.931216	0.999996	45.540132	32.468348	3.611205	0.998721	0.671051	1.000000	0.704403	1.000000	0.704441	1.000000	0.704409	1.000000	0.704403	1.000000	0.704406	0.934937	0.000488	0.997770	0.000008	1357205485.931340	1.000004	49.342985	36.173254	2.155310	1.000000	0.704433	1.000000	0.704409	1.000000	0.704432	1.000000	0.704432	1.000000	0.704448	0.999985	0.002118	1.000269	0.000069	1.000000	0.998098	
1357205486.931215	0.999999	25.839090	12.736920	3.817158	0.706481	0.011852	0.999769	0.164078	1.000000	0.163912	0.999975	0.163901	0.999999	0.163883	0.999999	0.163874	0.679432	0.000461	0.655617	0.000093	1357205486.931586	1.000246	33.026283	19.756125	4.033203	0.999996	0.163819	0.999997	0.163806	0.999997	0.163815	0.999996	0.163819	0.999997	0.163776	0.995439	0.000353	0.997087	0.000006	1.000000	1.000000	
1357205487.931215	1.000000	21.384171	8.298538	3.779800	0.664262	0.010824	0.713247	0.000073	0.999427	0.000058	0.942154	0.000061	0.993591	0.000070	0.693070	0.000141	0.741413	0.000384	0.999467	0.000008	1357205487.931572	0.999986	28.828286	15.597845	3.892435	0.999701	0.000023	1.000094	0.000016	0.999910	0.000060	1.003956	0.000017	0.999947	0.000051	1.000165	0.000063	0.976561	0.000074	1.000000	1.000000	
1357205488.931215	1.000000	20.023666	6.939575	3.847458	0.606970	0.014979	0.662064	0.000012	0.663364	0.000012	0.999902	0.000008	0.489348	0.000014	0.657484	0.000012	0.616016	0.000475	0.906949	0.000056	1357205488.931665	1.000093	28.847400	15.605422	4.071872	1.000073	0.000090	0.999137	0.000052	1.000195	0.000034	0.999619	0.000060	1.000615	0.000006	0.999871	0.000027	1.273688	0.000006	1.000000	1.000000	
1357205489.931215	1.000000	17.873184	4.788895	3.898331	0.558149	0.016833	0.721889	0.000091	0.687306	0.000085	0.669778	0.000147	0.723850	0.000079	0.671078	0.000073	0.578937	0.000489	0.997561	0.000008	1357205489.931573	0.999908	28.860230	15.617725	4.509265	0.999775	0.000057	1.002250	0.000017	0.999946	0.000050	1.001416	0.000017	1.000067	0.000051	1.012458	0.000095	0.965216	0.000050	1.000000	1.000000	
1357205490.931218	1.000003	18.674075	5.592237	3.927402	0.573708	0.016901	1.006523	0.000008	0.707058	0.000010	1.002525	0.000008	1.000533	0.000008	1.002536	0.000008	0.581644	0.000506	0.693937	0.000074	1357205490.931459	0.999886	28.832326	15.590858	4.113185	0.999873	0.000048	0.999992	0.000048	0.999966	0.000034	0.999754	0.000050	0.995893	0.000006	1.020791	0.000021	1.275904	0.000006	1.000000	1.000000	
1357205491.931217	0.999999	20.702000	7.619926	3.788502	0.628194	0.012441	0.606721	0.000184	0.712168	0.000083	1.000374	0.000060	0.922434	0.000073	1.000152	0.000058	0.658377	0.000437	0.655425	0.000012	1357205491.931585	1.000126	28.823154	15.589483	3.923212	1.000319	0.000023	1.000339	0.000015	0.999983	0.000490	1.000156	0.000040	0.999480	0.000079	0.988585	0.000143	0.999787	0.000053	1.000000	1.000000	
1357205492.931221	1.000004	19.348921	6.268072	3.859298	0.640486	0.019114	0.999965	0.003322	1.000042	0.002366	0.999985	0.002320	0.998407	0.002405	0.992775	0.002401	0.935120	0.002794	0.987691	0.002193	1357205492.931590	1.000005	29.432195	16.195582	4.415627	0.999997	0.002476	0.999997	0.002413	0.999999	0.002382	0.999980	0.002423	1.000034	0.002166	1.000371	0.003912	0.999993	0.002152	1.000000	1.000000	
1357205493.931215	0.999994	20.057981	6.987438	3.837578	0.619145	0.013233	0.743422	0.000070	0.774059	0.000071	0.750071	0.000074	0.716198	0.000073	0.710819	0.000060	0.625294	0.000453	0.698323	0.000011	1357205493.931471	0.999881	28.822048	15.584557	4.004703	0.997485	0.000062	0.999534	0.000018	0.999290	0.000060	1.002521	0.000018	0.987974	0.000044	1.002236	0.000086	0.988131	0.000044	1.000000	1.000000	
1357205494.931215	1.000000	20.892181	7.808380	3.871780	0.634521	0.011974	1.029063	0.000022	0.588905	0.000038	0.586021	0.000038	1.021594	0.000022	0.589047	0.000038	0.713382	0.000425	0.786365	0.000085	1357205494.931574	1.000103	28.812767	15.576414	3.894191	1.002046	0.000070	1.000068	0.000068	0.989843	0.000051	1.000006	0.000066	0.993866	0.000008	0.985210	0.000034	1.002064	0.000007	1.000000	1.000000	
1357205495.931215	1.000000	20.114029	7.033859	3.868607	0.605848	0.012798	0.740067	0.000100	0.689030	0.000090	0.739453	0.000083	0.769295	0.000078	0.706722	0.000071	0.617016	0.000456	0.995800	0.000008	1357205495.931651	1.000077	28.816751	15.583120	3.985350	0.999867	0.000023	0.998202	0.000017	1.005948	0.000092	0.999324	0.000017	1.009356	0.000061	1.000243	0.002102	1.008045	0.000063	1.000000	1.000000	
1357205496.931215	1.000000	19.257019	6.180450	3.839462	0.588097	0.014758	0.583551	0.000061	1.002827	0.000008	0.701379	0.000010	1.002264	0.000008	0.652401	0.000010	0.655457	0.000448	0.905369	0.000057	1357205496.931459	0.999808	28.796024	15.571852	4.059663	1.000006	0.000059	1.000477	0.000052	0.999995	0.000392	1.000125	0.000093	1.000130	0.000033	0.999589	0.000063	0.995720	0.000007	1.000000	1.000000	
1357205497.931215	1.000000	21.331772	8.255325	3.793274	0.651794	0.010178	0.789302	0.000077	0.734615	0.000082	0.764941	0.000083	0.735125	0.000080	0.723309	0.000072	0.668122	0.000420	0.657168	0.000012	1357205497.931571	1.000112	28.802040	15.569148	3.984539	1.000321	0.000023	0.999842	0.000015	0.999418	0.000051	1.000632	0.000017	0.999581	0.000052	0.999716	0.000073	1.001142	0.000050	1.000000	1.000000	
1357205498.931216	1.000001	17.903639	4.826747	3.911312	0.561735	0.019473	0.662675	0.000012	0.460693	0.000014	0.460464	0.000014	0.640819	0.000010	0.638280	0.000010	0.570780	0.000516	0.691926	0.000073	1357205498.931619	1.000048	28.816017	15.578920	4.420503	1.000000	0.000057	1.000087	0.000049	0.998546	0.000035	0.999622	0.000051	1.006049	0.000006	1.000918	0.000032	0.998352	0.000015	1.000000	1.000000	
1357205499.931215	0.999999	20.415928	7.337608	3.784992	0.620553	0.012749	0.704245	0.000082	0.690063	0.000084	0.692353	0.000083	0.766958	0.000091	0.691214	0.000075	0.673898	0.000419	0.710716	0.000010	1357205499.931459	0.999840	28.811174	15.573552	4.090925	0.999594	0.000023	1.000121	0.000016	1.001310	0.000057	1.000068	0.000017	0.999882	0.000052	0.999847	0.000073	0.999264	0.000052	1.000000	1.000000	
1357205500.931215	1.000000	20.802948	7.737534	3.818451	0.634094	0.013049	0.997445	0.000008	0.998209	0.000008	0.998573	0.000008	1.003862	0.000008	1.002304	0.000008	0.858058	0.000340	1.000234	0.000051	1357205500.931461	1.000002	28.797156	15.561463	3.964226	0.999955	0.000060	0.999969	0.000050	0.999944	0.000035	1.000029	0.000053	0.996124	0.000007	1.000000	0.000033	1.008658	0.000007	1.000000	1.000000	
1357205501.931222	1.000007	18.594155	5.514931	3.870060	0.578485	0.017391	0.638310	0.000129	0.740147	0.000079	0.721177	0.000084	0.882382	0.000068	0.692347	0.000073	0.556224	0.000512	0.997744	0.000008	1357205501.931637	1.000176	28.815380	15.581289	4.381050	1.000217	0.000028	0.999977	0.000017	0.999848	0.000400	1.000098	0.000039	0.999986	0.000084	1.000430	0.000072	0.999419	0.000050	1.000000	1.000000	
1357205502.931215	0.999993	18.205952	5.129445	3.865353	0.587198	0.019822	0.997563	0.000008	0.990507	0.000008	0.883062	0.000009	0.665653	0.000010	0.996375	0.000008	0.605417	0.000486	0.714249	0.000074	1357205502.931573	0.999936	28.804727	15.571445	4.298950	0.999885	0.000057	0.999960	0.000048	1.002020	0.000034	0.999604	0.000048	1.000188	0.000008	0.998167	0.000032	1.000000	0.000007	1.000000	1.000000	
1357205503.931215	1.000000	18.785416	5.705673	3.864944	0.585510	0.016868	0.847206	0.000098	0.787437	0.000081	0.741600	0.000078	1.000360	0.000066	0.701385	0.000075	0.624713	0.000495	0.999350	0.000019	1357205503.931512	0.999939	28.808689	15.573796	4.390862	1.000440	0.000021	0.999586	0.000016	0.999895	0.000099	1.000428	0.000017	0.998442	0.000051	1.000390	0.000072	0.999614	0.000053	1.000000	1.000000	
1357205504.931215	1.000000	19.588333	6.513443	3.873077	0.591732	0.014807	0.998961	0.000008	1.000296	0.000008	1.002061	0.000008	0.998121	0.000008	0.999805	0.000008	0.609119	0.000478	0.692212	0.000072	1357205504.931457	0.999945	28.795592	15.559359	4.125181	0.998557	0.000079	1.000069	0.000050	0.999033	0.000034	1.000162	0.000052	1.013152	0.000007	0.985873	0.000047	1.006238	0.000007	1.000000	1.000000	
1357205505.931217	1.000002	21.700429	8.623885	3.744637	0.676824	0.010405	0.665379	0.000152	0.773934	0.000078	0.899746	0.000074	0.765062	0.000079	0.748701	0.000067	0.709840	0.000407	0.846125	0.000010	1357205505.931593	1.000136	28.794610	15.564200	3.881492	0.999910	0.000034	0.999685	0.000016	1.000502	0.000070	0.999837	0.000038	0.999985	0.000052	1.000328	0.002034	0.992367	0.000071	1.000000	1.000000	
1357205506.931216	0.999999	20.894978	7.817024	3.816913	0.640939	0.010999	0.815634	0.000357	0.727453	0.000054	0.743196	0.000079	1.009939	0.000060	0.737900	0.000061	0.737272	0.000479	0.841509	0.000128	1357205506.931586	0.999993	28.808869	15.575700	3.919659	1.001121	0.000099	1.000090	0.000077	0.999977	0.000408	1.000013	0.000260	0.991687	0.000064	0.986301	0.000046	0.999794	0.000028	1.000000	1.000000	
1357205507.931215	0.999999	18.672717	5.595251	3.882328	0.581406	0.017222	0.695049	0.000116	0.681695	0.000087	0.661079	0.000089	0.747648	0.000081	0.729729	0.000065	0.570268	0.000457	0.485203	0.000014	1357205507.931602	1.000016	28.779646	15.558132	4.545597	0.999594	0.000023	0.999778	0.000016	0.999978	0.000053	0.997992	0.000019	1.008885	0.000060	1.007466	0.000089	1.008190	0.000062	1.000000	1.000000	
1357205508.931215	1.000000	18.360641	5.297409	3.861282	0.574083	0.017327	0.633172	0.000050	0.651980	0.000010	0.656340	0.000010	0.651355	0.000010	1.000243	0.000008	0.629391	0.000434	0.856381	0.000062	1357205508.931453	0.999851	28.803578	15.569627	4.405442	1.000087	0.000058	0.999865	0.000051	0.999133	0.000034	1.000400	0.000060	0.997621	0.000007	0.999583	0.000108	1.000314	0.000006	1.000000	1.000000	
1357205509.931221	1.000006	18.511837	5.435255	3.920356	0.566843	0.013992	0.646401	0.000174	0.766700	0.000078	0.714841	0.000084	0.718894	0.000080	0.774212	0.000067	0.561620	0.000463	0.995325	0.000008	1357205509.931543	1.000090	28.801275	15.570561	4.127635	1.000034	0.000023	1.000250	0.000015	0.999951	0.000055	1.000798	0.000017	1.000356	0.000051	0.999926	0.000068	1.000322	0.000049	1.000000	1.000000	
1357205510.931216	0.999995	21.019423	7.942575	3.784290	0.643375	0.010402	0.998487	0.000031	0.975575	0.000008	0.982257	0.000008	0.660871	0.000012	0.661152	0.000012	0.645707	0.000448	0.695947	0.000076	1357205510.931636	1.000093	28.788263	15.559222	3.842447	0.999722	0.000071	1.000072	0.000048	0.998765	0.000035	0.994600	0.000052	0.999877	0.000006	1.000644	0.000032	0.997109	0.000006	1.000000	1.000000	
1357205511.931215	0.999999	20.725468	7.649406	3.778629	0.640672	0.009785	0.712111	0.000148	0.694143	0.000083	0.780730	0.000076	0.945782	0.000065	0.698658	0.000079	0.630828	0.000418	1.002017	0.000008	1357205511.931614	0.999978	28.799353	15.568701	3.840996	1.000343	0.000029	1.000096	0.000016	0.997197	0.000384	1.006575	0.000042	0.977869	0.000077	1.000113	0.000071	0.999807	0.000052	1.000000	1.000000	
1357205512.931214	0.999999	19.301914	6.223730	3.935047	0.587536	0.015489	0.653638	0.000049	0.645200	0.000010	1.011041	0.000008	0.993907	0.000008	1.000340	0.000008	0.612270	0.000446	0.744042	0.000067	1357205512.931468	0.999854	28.796911	15.563321	4.076324	0.999940	0.000058	1.000012	0.000065	1.033618	0.000034	0.999983	0.000067	1.274568	0.000006	0.999533	0.000045	1.003314	0.000007	1.000000	1.000000	
1357205513.931216	1.000002	20.153587	7.078264	3.819222	0.605989	0.011418	0.838020	0.000093	0.747657	0.000080	0.747401	0.000086	0.938352	0.000065	0.750662	0.000068	0.696857	0.000378	0.660354	0.000012	1357205513.931617	1.000149	28.794797	15.568161	4.035303	1.000441	0.000023	0.999855	0.000016	0.990003	0.000057	0.998267	0.000018	0.999941	0.000052	1.000423	0.000072	0.999851	0.000078	1.000000	1.000000	
1357205514.931215	0.999999	20.985127	7.908043	3.810276	0.630340	0.011024	0.998882	0.000043	0.598135	0.000011	0.650770	0.000010	0.641418	0.000010	0.995714	0.000008	0.746254	0.000358	0.702725	0.000071	1357205514.931650	1.000033	28.794570	15.562827	3.964896	0.999855	0.000061	0.999389	0.000050	1.006003	0.000094	1.000345	0.000059	0.997482	0.000006	0.979583	0.000033	0.998328	0.000006	1.000000	1.000000	
1357205515.931215	1.000000	18.861877	5.783340	3.846054	0.584919	0.016555	0.693098	0.000109	0.685806	0.000085	0.716246	0.000082	0.746728	0.000083	0.902272	0.000057	0.602677	0.000441	0.862574	0.000009	1357205515.931579	0.999929	28.827396	15.590753	4.181007	1.000083	0.000023	1.001683	0.000017	0.999873	0.000076	1.000653	0.000015	0.999743	0.000051	1.000298	0.002074	1.000224	0.000053	1.000000	1.000000	
1357205516.931214	0.999999	21.488286	8.425377	3.764835	0.666079	0.010213	0.559773	0.000102	0.999524	0.000008	1.005905	0.000008	0.678558	0.000011	1.003147	0.000008	0.764668	0.000361	0.708160	0.000071	1357205516.931464	0.999885	28.812317	15.578160	3.871447	0.998623	0.000079	1.000000	0.000051	0.999981	0.000433	0.999971	0.000079	1.000866	0.000031	1.000550	0.000039	0.994310	0.000007	1.000000	1.000000	
1357205517.931221	1.000007	23.538045	10.457585	3.780644	0.837892	0.012124	0.999998	0.003297	0.999808	0.002860	0.997795	0.002697	0.997781	0.002618	0.993557	0.002786	0.982442	0.002916	0.999986	0.002387	1357205517.931470	1.000006	29.579688	16.359155	3.835030	0.999989	0.002572	0.999994	0.002750	0.999980	0.002519	0.999995	0.002534	0.999780	0.002501	0.999995	0.003620	0.999807	0.002480	1.000000	1.000000	
1357205518.931214	0.999993	18.760185	5.681146	3.933178	0.572680	0.015507	0.682968	0.000105	0.676318	0.000075	0.569801	0.000089	0.603352	0.000084	0.624775	0.000082	0.564320	0.000501	0.797982	0.000083	1357205518.931460	0.999990	28.796812	15.562625	4.179363	1.001693	0.000065	1.000000	0.000059	1.000755	0.000051	0.999938	0.000062	1.003035	0.000007	0.983101	0.000038	1.001860	0.000007	1.000000	1.000000	
1357205519.931221	1.000007	715811412.398953	715760206.760900	715799738.690329	0.999967	1.001072	0.999964	1.001074	0.999974	1.001072	0.999967	1.001073	0.999968	1.001078	0.999969	1.001068	0.999967	1.001075	0.999967	1.001073	1357205519.931319	0.999859	715911185.285410	715870824.964711	715902686.020114	0.999967	1.001071	0.999965	1.001077	3.894638	0.257031	0.999966	1.001070	0.999967	1.001075	0.999970	1.001072	0.999967	1.001074	0.999968	1.001075	
1357205520.931331	1.000110	0.000000	0.000000	0.000000	-nan	-nan	-nan	-nan	8.000000	inf	-nan	-nan	-nan	0.000000	-nan	-nan	-nan	-nan	-nan	-nan	1357205520.931409	1.000090	0.000000	0.000000	0.000000	-nan	-nan	-nan	-nan	0.000000	inf	-nan	-nan	-nan	-nan	-nan	-nan	-nan	-nan	-nan	-nan	
