ts_0	elapsed_0	pkg_0	pp0_0	dram_0	freq_ratio_0_0	c0_ratio_0_0	freq_ratio_0_1	c0_ratio_0_1	freq_ratio_0_2	c0_ratio_0_2	freq_ratio_0_3	c0_ratio_0_3	freq_ratio_0_4	c0_ratio_0_4	freq_ratio_0_5	c0_ratio_0_5	freq_ratio_0_6	c0_ratio_0_6	freq_ratio_0_7	c0_ratio_0_7	ts_1	elapsed_1	pkg_1	pp0_1	dram_1	freq_ratio_1_0	c0_ratio_1_0	freq_ratio_1_1	c0_ratio_1_1	freq_ratio_1_2	c0_ratio_1_2	freq_ratio_1_3	c0_ratio_1_3	freq_ratio_1_4	c0_ratio_1_4	freq_ratio_1_5	c0_ratio_1_5	freq_ratio_1_6	c0_ratio_1_6	freq_ratio_1_7	c0_ratio_1_7	
1356746332.787389	1.046842	58.482044	45.011035	5.724133	1.228916	0.842760	1.228684	0.846861	1.229149	0.846204	1.229213	0.842491	1.190285	0.007011	0.909246	0.000128	0.798858	0.000122	1.143886	0.000079	1356746332.787535	1.000557	78.710420	64.755012	7.912738	1.199720	0.991536	1.192255	0.895370	1.193072	0.006964	1.192265	0.895224	1.192301	0.895304	0.867186	0.000145	1.192303	0.888645	1.192363	0.896312	
1356746333.787388	0.999999	65.385744	51.839725	6.080526	1.229125	0.991029	1.229123	0.990942	1.229123	0.990848	1.229134	0.991207	1.192315	0.007715	1.192066	0.000079	1.195909	0.000046	1.191439	0.000047	1356746333.787554	1.000019	84.075224	69.972008	9.068293	1.192301	0.999504	1.192303	0.999557	1.153964	0.000043	1.192302	0.999555	1.192302	0.999554	1.160150	0.000015	1.192300	0.999504	1.192280	0.999646	
1356746334.787387	0.999999	65.301210	51.756824	6.071127	1.230109	0.994366	1.230109	0.994368	1.230109	0.994363	1.230109	0.994349	1.192348	0.003850	1.192208	0.001102	1.165743	0.000008	1.187513	0.000007	1356746334.787553	0.999999	84.374470	70.231879	9.187005	1.192277	0.999683	1.192277	0.999683	1.153879	0.000068	1.192277	0.999683	1.192277	0.999683	1.153772	0.000149	1.192277	0.999674	1.192277	0.999674	
1356746335.787387	1.000000	65.414200	51.896729	6.085251	1.230320	0.995040	1.230320	0.995039	1.230320	0.995033	1.230321	0.995026	1.192299	0.000452	1.192349	0.003601	1.192748	0.000043	1.195646	0.000042	1356746335.787554	1.000001	84.451534	70.346094	8.993217	1.192301	0.999924	1.192301	0.999924	1.153969	0.000048	1.192301	0.999932	1.192301	0.999932	1.131480	0.000006	1.192301	0.999923	1.192301	0.999923	
1356746336.787387	1.000000	65.463440	51.928284	6.066193	1.230191	0.996259	1.230191	0.996254	1.230190	0.996252	1.230191	0.996247	1.192171	0.005031	1.189561	0.000149	1.192138	0.002427	1.188397	0.000048	1356746336.787556	1.000002	84.662390	70.521777	9.070921	1.192248	0.999511	1.192248	0.999519	1.153826	0.000579	1.192248	0.999528	1.192249	0.999522	1.154692	0.000173	1.192248	0.999522	1.192248	0.999520	
1356746337.787387	1.000000	65.421387	51.917175	6.069946	1.230074	0.992820	1.230073	0.992812	1.230073	0.992809	1.230074	0.992796	1.192338	0.000437	1.189407	0.000060	1.192307	0.005293	1.194858	0.000041	1356746337.787545	0.999989	84.595013	70.504527	8.666599	1.192301	0.999928	1.192301	0.999933	1.153920	0.000048	1.192301	0.999933	1.192301	0.999933	1.150587	0.000007	1.192301	0.999933	1.192301	0.999927	
1356746338.787387	1.000000	65.445663	51.958847	6.073059	1.229629	0.988697	1.229630	0.988688	1.229629	0.988679	1.229631	0.988659	1.192406	0.000384	1.195709	0.000007	1.192327	0.007892	1.190733	0.000007	1356746338.787542	0.999997	84.508517	70.498540	8.289821	1.192277	0.999684	1.192277	0.999684	1.153601	0.000069	1.192277	0.999684	1.192277	0.999676	1.154274	0.000151	1.192277	0.999683	1.192277	0.999676	
1356746339.787387	1.000000	65.429977	51.926941	6.078186	1.229568	0.988517	1.229568	0.988507	1.229568	0.988488	1.229569	0.988477	1.192335	0.000652	1.193170	0.000044	1.192340	0.007928	1.193281	0.000043	1356746339.787547	1.000005	84.606632	70.558073	8.407490	1.192301	0.999923	1.192301	0.999924	1.154379	0.000049	1.192301	0.999932	1.192301	0.999932	1.154206	0.000007	1.192301	0.999932	1.192301	0.999932	
1356746340.787387	1.000000	65.468048	51.962448	6.103714	1.228587	0.987915	1.228599	0.987886	1.228600	0.987876	1.228630	0.987819	1.192426	0.002783	1.185121	0.000007	1.192338	0.005589	1.222531	0.000007	1356746340.787538	0.999991	84.606983	70.557356	8.445465	1.192294	0.999397	1.192310	0.999842	1.153397	0.000067	1.192294	0.999401	1.192310	0.999842	1.151394	0.000056	1.192294	0.999398	1.192310	0.999836	
1356746341.787387	1.000000	65.524963	52.003601	6.099960	1.228373	0.989318	1.228374	0.989325	1.228373	0.989297	1.228373	0.989261	1.192361	0.007273	1.180503	0.000053	1.192227	0.000060	1.174713	0.000044	1356746341.787546	1.000008	84.677048	70.569939	8.739080	1.192316	0.999888	1.192298	0.999391	1.153830	0.000088	1.192316	0.999888	1.192316	0.999887	1.158198	0.000007	1.192298	0.999358	1.192316	0.999882	
1356746342.787387	1.000000	65.542633	52.011322	6.078537	1.230081	0.994634	1.230082	0.994624	1.230081	0.994628	1.230082	0.994620	1.192269	0.004336	1.230100	0.000021	1.191131	0.000042	1.226383	0.000021	1356746342.787550	1.000004	84.799080	70.648868	9.132394	1.192291	0.999843	1.192291	0.999843	1.153869	0.000090	1.192291	0.999844	1.192291	0.999843	1.146871	0.000065	1.192291	0.999843	1.192291	0.999839	
1356746343.787387	1.000000	65.491760	51.963120	6.060196	1.230064	0.993635	1.230064	0.993630	1.230064	0.993623	1.230064	0.993617	1.192328	0.004983	1.191467	0.000039	1.194314	0.000057	1.187943	0.000038	1356746343.787547	0.999997	84.725360	70.559224	9.158415	1.192297	0.999887	1.192297	0.999887	1.153826	0.000069	1.192297	0.999887	1.192297	0.999887	1.176067	0.000020	1.192297	0.999887	1.192297	0.999887	
1356746344.787433	1.000046	66.886540	53.369874	6.045346	1.222183	0.995334	1.222183	0.995331	1.222182	0.995327	1.222183	0.995319	1.192319	0.211588	1.191208	0.000079	1.209612	0.000028	1.196641	0.000007	1356746344.787619	1.000072	82.546089	68.441468	8.671754	1.192270	0.999616	1.192270	0.999616	1.150331	0.000073	1.192270	0.999627	1.192270	0.999626	1.153977	0.000274	1.192271	0.999626	1.192262	0.791652	
1356746345.787388	0.999955	71.836703	58.321598	6.066069	1.192306	0.999978	1.192306	0.999977	1.192306	0.999977	1.192306	0.999978	1.192306	0.999977	1.193766	0.000372	1.189778	0.000058	1.201304	0.000043	1356746345.787501	0.999882	74.745455	60.649660	8.517179	1.192308	1.000000	1.192293	1.000000	1.196761	0.000051	1.192308	1.000000	1.192308	1.000000	1.218857	0.000015	1.192308	1.000000	1.178010	0.000007	
1356746346.787388	1.000000	71.884583	58.378860	6.063049	1.192307	0.999956	1.192307	0.999956	1.192307	0.999956	1.192307	0.999956	1.192305	0.999881	1.192305	0.002073	1.184098	0.000029	1.144511	0.000006	1356746346.787504	1.000003	74.809064	60.760737	8.274892	1.192307	0.999590	1.192349	0.999979	1.192632	0.000086	1.192307	0.999604	1.192308	0.999603	1.192419	0.000055	1.192307	0.999602	1.192364	0.001151	
1356746347.787400	1.000012	55.313412	41.898808	4.702993	1.192018	0.507471	1.191998	0.507238	1.191995	0.507222	1.191995	0.507177	1.225417	0.999533	1.162874	0.003581	1.155879	0.002562	1.155114	0.002522	1356746347.787816	1.000312	53.339173	39.732748	5.154123	1.192109	0.506992	1.192105	0.506919	1.157427	0.002443	1.192106	0.506831	1.192100	0.506782	1.154106	0.002328	1.192101	0.506702	1.173259	0.004833	
1356746348.787391	0.999991	38.226024	24.834103	4.580760	1.268022	0.003898	0.826505	0.000606	1.246055	0.000045	1.245168	0.000045	1.269041	0.992567	1.259509	0.000393	1.267140	0.000130	1.027171	0.000148	1356746348.787816	1.000000	16.988754	3.790970	2.468338	0.577210	0.000247	0.952567	0.000063	0.573744	0.000652	0.965354	0.000063	0.862808	0.000113	0.767234	0.000290	0.869941	0.000110	0.975101	0.000134	
1356746349.787396	1.000005	38.260535	24.844587	5.534625	1.259600	0.005512	0.846694	0.001161	1.264411	0.000110	1.266987	0.000097	1.268868	0.987042	1.267831	0.000323	1.262397	0.000279	1.080039	0.000319	1356746349.787814	0.999998	16.976778	3.786430	2.682317	0.598668	0.000492	0.947951	0.000138	0.602904	0.000888	0.888816	0.000153	0.880894	0.000091	0.713368	0.000441	0.880332	0.000090	0.845747	0.000184	
1356746350.787395	0.999999	38.468817	25.047814	5.689382	1.265915	0.005979	0.782752	0.001134	1.251851	0.000070	1.251478	0.000069	1.268809	0.985360	1.260807	0.000334	0.977646	0.000256	1.118565	0.000280	1356746350.787813	0.999999	17.086976	3.868946	2.647113	0.592681	0.000650	1.104903	0.000088	0.624157	0.000826	0.839390	0.000114	0.868299	0.000157	0.639063	0.000569	0.984101	0.000151	1.247239	0.000154	
1356746351.787388	0.999993	38.307470	24.907582	5.620293	1.252875	0.005521	0.923375	0.001130	1.261052	0.000114	1.261622	0.000111	1.268862	0.984959	1.258685	0.000347	1.096235	0.000305	1.254342	0.000291	1356746351.787806	0.999993	16.908167	3.694514	2.666080	0.625043	0.000605	0.890898	0.000148	0.597967	0.000821	0.844931	0.000162	0.905831	0.000096	0.610120	0.000510	0.959084	0.000093	1.058445	0.000138	
1356746352.787394	1.000006	715786992.801360	715820563.341544	715793455.776922	0.999911	1.000647	0.999910	1.000659	0.999920	1.000654	0.999911	1.000646	0.999912	1.000655	0.999914	1.000646	0.999913	1.000659	0.999911	1.000651	1356746352.787484	0.999678	716018033.982118	716017234.749707	716044746.700697	0.999911	1.000647	0.999910	1.000654	3.898283	0.256674	0.999909	1.000641	0.999913	1.000662	0.999913	1.000644	0.999911	1.000655	0.999913	1.000657	
1356746353.787445	1.000051	0.000000	0.000000	0.000000	-nan	-nan	-nan	-nan	0.000000	inf	-nan	-nan	-nan	0.000000	-nan	-nan	-nan	-nan	-nan	-nan	1356746353.787521	1.000037	0.000000	0.000000	0.000000	-nan	-nan	-nan	-nan	0.000000	inf	-nan	-nan	-nan	-nan	-nan	-nan	-nan	-nan	-nan	-nan	
