ts_0	elapsed_0	pkg_0	pp0_0	dram_0	freq_ratio_0_0	c0_ratio_0_0	freq_ratio_0_1	c0_ratio_0_1	freq_ratio_0_2	c0_ratio_0_2	freq_ratio_0_3	c0_ratio_0_3	freq_ratio_0_4	c0_ratio_0_4	freq_ratio_0_5	c0_ratio_0_5	freq_ratio_0_6	c0_ratio_0_6	freq_ratio_0_7	c0_ratio_0_7	ts_1	elapsed_1	pkg_1	pp0_1	dram_1	freq_ratio_1_0	c0_ratio_1_0	freq_ratio_1_1	c0_ratio_1_1	freq_ratio_1_2	c0_ratio_1_2	freq_ratio_1_3	c0_ratio_1_3	freq_ratio_1_4	c0_ratio_1_4	freq_ratio_1_5	c0_ratio_1_5	freq_ratio_1_6	c0_ratio_1_6	freq_ratio_1_7	c0_ratio_1_7	
1356712433.802866	1.002303	36.574723	23.013927	5.684358	1.152876	0.390026	1.153067	0.388273	1.157403	0.421756	1.155813	0.409598	1.155598	0.409203	1.155981	0.407794	1.156027	0.407170	1.156081	0.406392	1356712433.803080	1.000476	35.474238	22.000593	5.657815	0.999954	0.903074	1.009238	0.000219	1.004014	0.000071	1.001831	0.000139	1.005266	0.000069	1.003078	0.000070	1.003051	0.000066	0.999910	0.903578	
1356712434.802854	0.999988	31.982239	18.395407	5.850686	0.999783	0.000594	1.000025	0.007834	1.000000	1.000000	1.008293	0.000017	1.000866	0.000018	1.002184	0.000101	1.003270	0.000008	0.999899	0.007822	1356712434.803100	1.000020	43.240726	29.736984	5.947421	1.000000	1.000000	1.000000	0.992385	1.000502	0.000016	1.000009	0.000090	0.994244	0.000006	1.001833	0.000007	1.004332	0.000007	1.000000	1.000000	
1356712435.802853	0.999999	31.462249	17.879000	5.902639	1.000488	0.000382	0.996575	0.000101	0.999999	1.000000	0.989427	0.000052	1.000015	0.002177	0.999465	0.000496	1.003520	0.000061	1.000022	0.008593	1356712435.803095	0.999995	43.400974	29.888135	5.942001	1.000000	1.000000	1.000000	1.000000	1.000153	0.000050	0.999960	0.000115	1.000025	0.000856	1.001241	0.000048	0.999341	0.000047	1.000000	1.000000	
1356712436.802854	1.000001	37.337062	23.731056	6.055872	1.000000	0.982176	1.000153	0.000339	1.000000	1.000000	1.000243	0.000019	0.998852	0.000019	1.000083	0.000139	0.977120	0.000032	1.002895	0.000009	1356712436.803077	0.999982	37.390668	23.880646	6.106555	0.999959	0.017670	1.000000	1.000000	1.000861	0.000017	1.000051	0.000091	1.000039	0.000246	0.990076	0.000007	1.004020	0.000007	1.000000	1.000000	
1356712437.802853	0.999999	37.530965	23.920998	6.011129	1.000000	1.000000	0.999473	0.000385	1.000000	1.000000	1.007643	0.000066	1.008048	0.000081	1.000136	0.000154	1.006499	0.000068	1.008421	0.000073	1356712437.803068	0.999991	36.765836	23.300229	6.070184	1.002448	0.000028	1.000000	1.000000	0.989172	0.000048	0.994266	0.000091	0.994966	0.000100	0.990443	0.000050	0.987988	0.000051	1.000000	1.000000	
1356712438.802854	1.000001	37.572398	23.969032	6.000620	1.000000	1.000000	0.999981	0.000350	1.000000	1.000000	1.000092	0.000017	0.999318	0.000016	0.999897	0.000127	1.010613	0.000008	0.989889	0.000008	1356712438.803066	0.999998	36.807886	23.285658	6.022137	0.999764	0.000062	1.000000	1.000000	1.017911	0.000029	1.004169	0.000125	1.019331	0.000026	1.025077	0.000021	1.029154	0.000021	1.000000	1.000000	
1356712439.802854	1.000000	37.588425	23.978165	6.061035	1.000000	1.000000	1.000536	0.000378	1.000000	1.000000	1.000160	0.000051	1.000215	0.000056	1.000111	0.000156	0.999955	0.000095	1.001891	0.000059	1356712439.803076	1.000010	36.801725	23.299220	6.072449	1.001229	0.000013	1.000000	1.000000	1.000152	0.000051	1.000012	0.000129	0.999693	0.000094	0.999784	0.000048	0.999132	0.000048	1.000000	1.000000	
1356712440.802854	1.000000	37.541031	23.949783	5.946945	1.000000	1.000000	1.000008	0.000390	1.000000	1.000000	0.999341	0.000018	1.000920	0.000018	1.000008	0.000390	0.997930	0.000008	0.984882	0.000008	1356712440.803069	0.999993	36.812770	23.317224	6.011394	0.999839	0.000067	1.000000	1.000000	0.999452	0.000017	0.999829	0.000142	1.005042	0.000007	0.998301	0.000007	1.005505	0.000007	1.000000	1.000000	
1356712441.802854	1.000000	37.557526	23.957764	5.909088	1.000000	1.000000	0.999263	0.000538	1.000000	1.000000	0.999985	0.000051	1.002098	0.000055	0.999811	0.000133	0.999658	0.000072	1.000063	0.000055	1356712441.803072	1.000003	36.800774	23.309361	5.962628	0.999766	0.000013	1.000000	1.000000	0.999863	0.000048	1.000039	0.000139	0.999676	0.000050	1.000768	0.000050	1.000053	0.000051	1.000000	1.000000	
1356712442.802854	1.000000	37.551529	23.947952	5.908081	1.000000	1.000000	1.000599	0.000358	1.000000	1.000000	1.000277	0.000017	0.989550	0.000016	1.000068	0.000107	1.003748	0.000009	1.001143	0.000008	1356712442.803070	0.999998	36.802362	23.305953	5.961040	1.000000	0.000066	1.000000	1.000000	1.000250	0.000015	1.000136	0.000136	1.002240	0.000007	0.996440	0.000007	0.997348	0.000007	1.000000	1.000000	
1356712443.802853	0.999999	37.732687	24.133431	5.901831	1.000000	1.000000	0.999941	0.003707	1.000000	1.000000	1.000005	0.002907	0.999778	0.002851	0.999994	0.002943	1.000067	0.002830	1.000006	0.002691	1356712443.803069	0.999999	36.935460	23.444587	5.944052	0.999994	0.002650	1.000000	1.000000	0.999985	0.002729	0.999989	0.003836	0.999983	0.002638	0.999987	0.002526	1.000002	0.002632	1.000000	1.000000	
1356712444.802854	1.000001	37.498148	23.870781	6.106012	1.000000	1.000000	1.000047	0.000337	1.000000	1.000000	0.996766	0.000017	1.001783	0.000018	0.998582	0.000105	0.967086	0.000008	1.001831	0.000008	1356712444.803068	0.999999	36.810582	23.296256	6.132071	1.000024	0.000065	1.000000	1.000000	1.001994	0.000014	1.000212	0.000091	1.006182	0.000006	1.000871	0.000006	0.998498	0.000007	1.000000	1.000000	
1356712445.802853	0.999999	37.551885	23.946449	5.939566	1.000000	1.000000	0.999954	0.000411	1.000000	1.000000	1.000951	0.000052	1.000308	0.001975	0.999935	0.000420	1.001168	0.000053	0.999467	0.000054	1356712445.803068	1.000000	36.812439	23.318817	5.980072	1.000087	0.000013	1.000000	1.000000	1.000030	0.000102	1.000224	0.000091	1.000212	0.000051	1.000074	0.000052	1.000344	0.000053	1.000000	1.000000	
1356712446.802854	1.000001	37.493128	23.879311	5.986689	1.000000	1.000000	1.000050	0.000327	1.000000	1.000000	0.996420	0.000018	1.008774	0.000017	1.001899	0.000105	0.999554	0.000031	0.995403	0.000008	1356712446.803071	1.000003	36.831826	23.334110	6.067761	0.999906	0.000066	1.000000	1.000000	0.999817	0.000017	0.999839	0.000091	0.997779	0.000006	0.999133	0.000006	0.998451	0.000006	1.000000	1.000000	
1356712447.802853	0.999999	37.492086	23.879982	5.947622	1.000000	1.000000	0.999884	0.000380	1.000000	1.000000	0.991468	0.000051	0.990013	0.000061	0.999914	0.000152	0.989805	0.000051	0.990826	0.000055	1356712447.803078	1.000007	36.774007	23.290549	6.015873	1.000088	0.000013	1.000000	1.000000	0.999893	0.000104	0.999965	0.000100	0.999827	0.000054	1.000592	0.000049	0.999591	0.000050	1.000000	1.000000	
1356712448.802854	1.000001	37.513926	23.892082	6.074747	1.000000	1.000000	1.000068	0.000354	1.000001	1.000001	1.003035	0.000018	0.991591	0.000020	0.999916	0.000156	1.000511	0.000009	1.003301	0.000009	1356712448.803073	0.999995	36.809404	23.299708	6.168045	0.999436	0.000123	1.000000	1.000000	1.000896	0.000017	1.000102	0.000113	1.001471	0.000007	0.999836	0.000007	1.006043	0.000007	1.000000	1.000000	
1356712449.802854	1.000000	37.509567	23.898621	5.982483	1.000000	1.000000	1.000473	0.000377	0.999999	0.999999	1.005189	0.000067	1.009196	0.000071	1.000072	0.000150	1.007106	0.000067	1.000087	0.000298	1356712449.803072	0.999999	36.844716	23.348335	6.007956	1.002294	0.000028	1.000000	1.000000	0.994933	0.000103	0.994073	0.000091	0.989235	0.000050	0.990301	0.000051	0.986172	0.000051	1.000000	1.000000	
1356712450.802853	0.999999	37.523504	23.939125	5.906698	1.000000	1.000000	0.999540	0.000407	1.000001	1.000000	1.001877	0.000018	1.000444	0.000018	0.999977	0.000379	1.033327	0.000008	1.000939	0.000475	1356712450.803067	0.999995	36.850664	23.362605	5.941787	1.000111	0.000062	1.000000	1.000000	1.016746	0.000031	1.004777	0.000108	1.019091	0.000028	1.022746	0.000021	1.032634	0.000021	1.000000	1.000000	
1356712451.802854	1.000001	37.550837	23.944847	5.971155	1.000000	1.000000	1.000558	0.000354	1.000000	1.000000	1.000511	0.000050	0.999497	0.000053	1.001411	0.000141	0.996626	0.000069	1.000806	0.000053	1356712451.803073	1.000006	36.851236	23.357649	6.029810	0.999325	0.000013	1.000000	1.000000	1.000022	0.000104	1.000034	0.000102	0.999674	0.000054	1.000336	0.000048	0.999735	0.000049	1.000000	1.000000	
1356712452.802853	0.999999	37.531576	23.920418	5.950857	1.000000	1.000000	0.999997	0.000356	1.000000	1.000000	1.000577	0.000018	1.001212	0.000017	0.998297	0.000105	1.004856	0.000008	0.999039	0.000008	1356712452.803072	0.999999	36.816167	23.317191	6.000433	0.999991	0.000086	1.000000	1.000000	0.999595	0.000015	0.999925	0.000093	0.999892	0.000007	0.999747	0.000006	1.001519	0.000007	1.000000	1.000000	
1356712453.802854	1.000001	37.503047	23.884483	6.046350	1.000000	1.000000	0.999443	0.000366	1.000000	1.000000	1.000145	0.000051	0.988323	0.000057	0.999746	0.000159	1.000841	0.000052	1.001105	0.000117	1356712453.803070	0.999998	36.862177	23.359191	6.088986	1.000274	0.000044	1.000000	1.000000	0.999981	0.000101	0.999972	0.000111	1.000112	0.000048	1.000205	0.000049	0.999531	0.000050	1.000000	1.000000	
1356712454.802853	0.999999	37.490636	23.859321	6.168722	1.000000	1.000001	0.999971	0.000338	1.000000	1.000000	0.998630	0.000017	0.998918	0.000018	1.001649	0.000106	0.988919	0.000008	0.985944	0.000008	1356712454.803070	1.000000	36.842010	23.328171	6.183365	0.999846	0.000063	1.000000	1.000000	1.000101	0.000015	1.000072	0.000091	1.000486	0.000007	0.998086	0.000007	1.001082	0.000007	1.000000	1.000000	
1356712455.802853	1.000000	37.469254	23.847168	6.034409	1.000000	0.999999	0.999975	0.000404	1.000000	1.000000	1.000384	0.000049	1.000459	0.001946	0.999727	0.000425	1.000402	0.000051	0.999493	0.000052	1356712455.803073	1.000003	36.845986	23.339207	6.103268	0.999129	0.000013	1.000000	1.000000	0.999929	0.000103	0.999816	0.000101	1.000051	0.000053	0.999873	0.000048	0.999960	0.000048	1.000000	1.000000	
1356712456.802854	1.000001	37.454356	23.831139	6.074411	1.000000	1.000000	1.000598	0.000349	1.000000	1.000000	1.000517	0.000018	0.987333	0.000018	0.998986	0.000105	0.998549	0.000031	0.998159	0.000008	1356712456.803071	0.999998	36.854318	23.347151	6.102093	1.000147	0.000066	1.000000	1.000000	1.000046	0.000017	1.000096	0.000092	0.999437	0.000006	1.001703	0.000006	0.999729	0.000007	1.000000	1.000000	
1356712457.802853	0.999999	37.487249	23.852623	6.146628	1.000000	1.000000	0.999522	0.000367	1.000000	1.000000	1.000015	0.000050	0.999881	0.000055	1.000479	0.000136	1.000744	0.000050	1.000478	0.000057	1356712457.803069	0.999998	36.869180	23.352965	6.153103	0.999441	0.000013	1.000000	1.000000	0.999996	0.000101	0.999974	0.000088	1.000032	0.000049	0.999470	0.000049	1.000393	0.000050	1.000000	1.000000	
1356712458.802854	1.000001	37.453715	23.834755	5.981577	1.000000	1.000000	0.999735	0.000337	1.000000	1.000000	1.003287	0.000018	0.999979	0.000018	0.999942	0.000127	1.001607	0.000008	1.003470	0.000008	1356712458.803069	1.000000	36.808441	23.317291	6.016434	1.000023	0.000066	1.000000	1.000000	0.999756	0.000016	1.000054	0.000113	1.000163	0.000007	1.004420	0.000006	1.000754	0.000007	1.000000	1.000000	
1356712459.802854	1.000000	37.510483	23.923508	5.912018	1.000000	1.000000	1.000184	0.000782	1.000000	1.000000	0.988913	0.000050	0.988050	0.000054	1.000754	0.000137	1.000261	0.000052	0.990406	0.000053	1356712459.803071	1.000002	36.873907	23.380632	5.927860	0.999884	0.000013	1.000000	1.000000	0.999652	0.000103	0.999905	0.000101	1.000101	0.000054	0.999157	0.000048	0.999783	0.000050	1.000000	1.000000	
1356712460.802853	0.999999	37.540121	23.905144	6.169760	1.000000	1.000000	1.000031	0.000391	1.000000	1.000000	1.000118	0.000020	1.000753	0.000019	0.999667	0.000390	1.023660	0.000008	0.996297	0.000009	1356712460.803074	1.000003	36.866982	23.345844	6.204357	0.998941	0.000066	1.000000	1.000000	1.001944	0.000017	1.000004	0.000094	0.998729	0.000007	1.007564	0.000007	0.998233	0.000006	1.000000	1.000000	
1356712461.802853	1.000000	37.536652	23.922638	5.977722	1.000000	1.000000	1.000038	0.000683	1.000000	1.000000	1.006921	0.000072	1.007381	0.000095	1.000983	0.000176	0.999144	0.000250	1.005531	0.000084	1356712461.803074	1.000000	36.849106	23.345917	6.012131	1.001104	0.000061	1.000000	1.000000	0.995920	0.000128	0.997153	0.000183	0.993549	0.000079	0.990747	0.000059	0.990458	0.000063	1.000000	1.000000	
1356712462.802854	1.000001	37.567820	23.961571	5.950876	1.000000	1.000000	0.999959	0.000418	1.000001	1.000001	1.000158	0.000017	0.996128	0.000018	0.998478	0.000106	0.995369	0.000008	1.001043	0.000009	1356712462.803075	1.000001	36.850658	23.350884	5.995874	0.999812	0.000061	1.000000	1.000000	1.016568	0.000031	1.003840	0.000133	1.017699	0.000028	1.025996	0.000021	1.029454	0.000021	1.000000	1.000000	
1356712463.802854	1.000000	37.538666	23.912186	6.129395	1.000000	1.000000	0.999899	0.000344	0.999999	0.999999	0.999229	0.000050	0.987859	0.000053	0.999957	0.000161	1.000501	0.000055	0.998600	0.000054	1356712463.803073	0.999998	36.835107	23.321044	6.139736	1.001240	0.000013	1.000000	1.000000	1.000078	0.000103	1.000030	0.000142	1.000280	0.000052	0.999569	0.000047	0.998972	0.000050	1.000000	1.000000	
1356712464.802853	0.999999	37.458852	23.833381	6.083670	1.000000	1.000000	1.000089	0.000321	1.000001	1.000001	1.001589	0.000018	1.000732	0.000018	0.999989	0.000106	0.996419	0.000008	1.041137	0.000008	1356712464.803069	0.999996	36.855466	23.344165	6.092539	0.999936	0.000066	1.000000	1.000000	1.000049	0.000016	0.999974	0.000117	0.998705	0.000006	0.995027	0.000006	0.999308	0.000007	1.000000	1.000000	
1356712465.802853	1.000000	37.530441	23.919556	5.998337	1.000000	1.000000	0.999836	0.000376	0.999999	0.999999	0.999336	0.000050	1.000333	0.001944	0.999996	0.000418	1.000236	0.000054	0.996306	0.000054	1356712465.803075	1.000006	36.873773	23.372206	6.014597	1.000087	0.000013	1.000000	1.000000	1.000008	0.000100	0.999925	0.000114	1.000215	0.000048	1.000518	0.000049	1.001029	0.000051	1.000000	1.000000	
1356712466.802853	1.000000	37.529327	23.914368	6.012619	1.000000	1.000000	1.000787	0.000311	1.000000	1.000000	1.001020	0.000018	1.000321	0.000018	1.001205	0.000105	0.996317	0.000032	0.985595	0.000008	1356712466.803067	0.999992	36.838357	23.332281	6.018405	0.999913	0.000067	1.000000	1.000000	0.997903	0.000017	1.000043	0.000116	0.998916	0.000007	0.996032	0.000006	0.999676	0.000007	1.000000	1.000000	
1356712467.802854	1.000001	37.551737	23.939842	5.994928	1.000000	1.000000	0.999216	0.000342	1.000000	1.000000	0.999922	0.000050	1.000366	0.000055	0.999310	0.000137	1.003232	0.000051	1.002205	0.000053	1356712467.803077	1.000010	36.818189	23.326305	6.021638	1.000089	0.000013	1.000000	1.000000	1.000354	0.000102	0.999994	0.000122	0.999217	0.000052	0.999976	0.000048	1.000106	0.000047	1.000000	1.000000	
1356712468.802854	1.000000	37.582443	23.988953	5.903000	1.000000	1.000000	1.000076	0.003249	1.000000	1.000000	0.999996	0.002625	0.999983	0.002663	0.999992	0.002884	0.999980	0.002626	0.999967	0.002452	1356712468.803069	0.999992	36.973261	23.476905	5.976947	1.000001	0.002772	1.000000	1.000000	0.999997	0.002590	1.000001	0.003672	1.000007	0.002610	1.000009	0.002616	1.000002	0.002623	1.000000	1.000000	
1356712469.802853	0.999999	37.550893	23.950218	5.881063	1.000000	0.997814	0.999914	0.000346	1.000000	1.000000	0.998315	0.000382	0.999753	0.000055	1.000486	0.000133	0.999805	0.000053	0.999460	0.000053	1356712469.803103	1.000034	36.893823	23.397518	5.959300	1.000272	0.002401	1.000000	1.000000	0.999786	0.000049	0.999936	0.000114	1.000524	0.000048	0.999968	0.000073	0.999329	0.000051	1.000000	1.000000	
1356712470.802853	1.000000	33.418427	19.801453	6.041275	1.000001	0.315185	0.999997	0.000378	1.000000	1.000000	0.999986	0.006052	1.000752	0.000018	0.999790	0.000433	0.997168	0.000009	1.011198	0.000009	1356712470.803075	0.999972	41.351007	27.823622	6.101687	0.999999	0.684938	1.000000	1.000000	1.000314	0.000015	0.999926	0.000120	0.998649	0.000007	0.999123	0.000006	1.002545	0.000007	1.000000	1.000000	
1356712471.802854	1.000001	37.579096	23.962135	6.049662	1.000000	1.000000	1.000000	0.000343	1.000000	1.000000	1.002609	0.000055	0.987474	0.000055	1.000219	0.000135	0.993078	0.000070	0.994246	0.000061	1356712471.803075	1.000000	37.029938	23.517838	6.115067	0.999986	0.005315	1.000000	1.000000	0.999306	0.000049	1.000044	0.000114	0.999740	0.000052	0.999939	0.000346	0.999281	0.000048	1.000000	1.000000	
1356712472.802854	1.000000	37.563049	23.965363	5.904694	1.000000	1.000000	1.000044	0.000348	1.000000	1.000000	0.999141	0.000018	0.998608	0.000020	0.999989	0.000106	1.003649	0.000009	0.972653	0.000009	1356712472.803072	0.999997	37.050743	23.552167	5.934619	0.999973	0.006448	1.000000	1.000000	1.002373	0.000017	0.999930	0.000110	1.002147	0.000007	0.997782	0.000007	1.007324	0.000007	1.000000	1.000000	
1356712473.802854	1.000000	37.559982	23.945709	6.040054	1.000000	1.000000	0.999899	0.000380	1.000000	1.000000	1.009351	0.000067	1.001432	0.000070	0.999851	0.000199	1.007024	0.000069	1.010544	0.000074	1356712473.803080	1.000008	37.160389	23.651938	6.040677	0.999987	0.008372	1.000000	1.000000	0.988237	0.000048	0.996300	0.000132	0.989285	0.000049	0.990338	0.000048	0.986277	0.000048	1.000000	1.000000	
1356712474.802854	1.000000	37.541321	23.933121	5.985809	1.000000	1.000000	1.000087	0.000335	1.000000	1.000000	0.992377	0.000018	0.995225	0.000019	1.000021	0.000108	1.003389	0.000009	0.976406	0.000008	1356712474.803070	0.999990	36.888950	23.384450	6.016586	1.000009	0.000411	1.000000	1.000000	1.017713	0.000031	1.003591	0.000137	1.018166	0.000028	1.024507	0.000021	1.030027	0.000021	1.000000	1.000000	
1356712475.802854	1.000000	37.649475	24.038940	6.005920	1.000000	1.000000	0.999966	0.000365	1.000000	1.000000	1.000383	0.000077	1.000175	0.003997	1.000125	0.000436	0.998026	0.000052	0.999819	0.000053	1356712475.803070	1.000000	36.921432	23.416794	6.030914	0.999983	0.001174	1.000000	1.000000	1.000037	0.000051	1.000033	0.000127	0.999877	0.000053	1.000039	0.000049	0.999885	0.000050	1.000000	1.000000	
1356712476.802854	1.000000	37.783386	24.158691	6.094971	1.000000	0.999961	0.999166	0.000309	1.000000	1.000000	0.995527	0.000016	0.999982	0.007996	0.999528	0.000100	1.003026	0.000029	0.996947	0.000008	1356712476.803067	0.999997	36.832222	23.330028	6.130131	1.000006	0.000065	1.000000	0.999961	0.999758	0.000016	0.999872	0.000114	0.996004	0.000006	0.994325	0.000006	1.003327	0.000006	1.000000	0.999992	
1356712477.802855	1.000001	37.517771	23.897682	6.031565	1.000000	0.994812	1.000253	0.000338	0.999999	0.999999	1.001435	0.000052	0.999012	0.000517	0.999974	0.000134	1.000008	0.000051	1.000593	0.000058	1356712477.803108	1.000041	36.870406	23.359958	6.042507	1.000117	0.005408	1.000000	0.999578	0.999595	0.000049	1.000091	0.000114	1.000008	0.000050	1.000008	0.000050	1.000239	0.000050	0.999985	0.999624	
1356712478.802853	0.999998	33.067644	19.485709	5.911724	1.000000	0.309181	0.999694	0.000319	1.000001	1.000001	0.990918	0.000018	0.999990	0.006378	0.999625	0.000130	0.998970	0.000008	1.000593	0.000008	1356712478.803066	0.999958	41.406858	27.892528	5.997658	0.999999	0.690645	1.000000	1.000000	1.000959	0.000017	0.999746	0.000140	1.002998	0.000007	1.004524	0.000006	0.995253	0.000006	1.000000	1.000000	
1356712479.802853	1.000000	37.611938	24.004318	5.987152	1.000000	0.998814	1.000182	0.000341	0.999999	1.000000	1.000804	0.000050	1.001421	0.000399	1.001576	0.000146	1.000277	0.000052	0.999681	0.000054	1356712479.803096	1.000030	36.869116	23.359482	6.043291	1.000468	0.001395	1.000000	1.000000	1.000000	0.000050	0.999849	0.000125	1.000100	0.000054	0.999039	0.000048	1.000334	0.000050	1.000000	1.000000	
1356712480.802854	1.000001	33.421324	19.820339	5.954630	1.000000	0.311181	0.999948	0.000395	1.000001	1.000000	1.006349	0.000016	0.999896	0.006145	0.999446	0.000387	0.996931	0.000009	0.996830	0.000008	1356712480.803077	0.999981	41.334010	27.815167	5.963096	0.999999	0.688938	1.000000	1.000000	1.000000	0.000037	1.000473	0.000117	1.000318	0.000007	1.006524	0.000006	1.001645	0.000006	1.000000	1.000000	
1356712481.802854	1.000000	37.599899	23.993561	6.010849	1.000000	1.000000	0.999871	0.000343	0.999999	0.999999	0.998580	0.000050	1.010502	0.000056	1.000762	0.000163	0.999978	0.000069	1.000042	0.000055	1356712481.803078	1.000001	37.063701	23.557137	6.012781	0.999984	0.005712	1.000000	1.000000	0.999966	0.000045	0.999831	0.000109	0.999992	0.000047	1.000041	0.000047	0.999491	0.000048	1.000000	1.000000	
1356712482.802854	1.000000	37.569519	23.948181	6.071869	1.000000	1.000000	1.001580	0.000345	1.000000	1.000001	1.002747	0.000017	1.000131	0.000018	0.999134	0.000106	1.001235	0.000008	0.999678	0.000008	1356712482.803072	0.999994	37.026344	23.511935	6.146689	0.999984	0.005617	1.000000	1.000000	0.999813	0.000014	0.999891	0.000128	0.997462	0.000007	1.001142	0.000006	1.002124	0.000007	1.000000	1.000000	
1356712483.802853	0.999999	37.539373	23.905785	6.158102	1.000000	1.000000	0.998531	0.000385	1.000000	1.000000	0.990456	0.000050	0.992237	0.000077	0.999806	0.000167	0.990250	0.000052	0.991247	0.000054	1356712483.803073	1.000001	36.850612	23.326394	6.182337	0.999976	0.000032	1.000000	1.000000	1.000039	0.000049	0.999996	0.000279	1.000291	0.000079	0.999614	0.000047	0.999817	0.000048	1.000000	1.000000	
1356712484.802853	1.000000	37.548889	23.936310	5.995239	1.000000	1.000000	1.000561	0.000359	1.000000	1.000000	0.999415	0.000018	1.004118	0.000019	1.000562	0.000109	0.997242	0.000009	0.994588	0.000009	1356712484.803079	1.000006	36.846246	23.339323	6.038935	0.999193	0.000086	1.000000	1.000000	0.999739	0.000028	0.999995	0.000229	0.999313	0.000026	1.000403	0.000018	0.999784	0.000007	1.000000	1.000000	
1356712485.802853	1.000000	37.590668	23.982773	5.925827	1.000000	1.000000	0.998831	0.000389	1.000000	1.000000	1.007762	0.000067	1.000258	0.001969	0.999842	0.000441	1.007408	0.000068	1.007846	0.000071	1356712485.803079	1.000000	36.837860	23.332809	5.995285	1.002642	0.000028	1.000000	1.000000	0.988336	0.000045	0.997662	0.000222	0.989114	0.000046	0.988712	0.000045	0.988230	0.000051	1.000000	1.000000	
1356712486.802854	1.000001	37.590113	23.987282	5.934839	1.000000	1.000000	1.000414	0.000328	1.000000	1.000001	0.994189	0.000017	0.997971	0.000017	1.000028	0.000109	1.001053	0.000031	0.995885	0.000009	1356712486.803072	0.999993	36.828746	23.341775	5.975002	0.999873	0.000061	1.000000	1.000000	1.017418	0.000030	1.002506	0.000205	1.017485	0.000028	1.023724	0.000021	1.028997	0.000021	1.000000	1.000000	
1356712487.802854	1.000000	37.566544	23.975220	5.963089	1.000000	1.000000	1.000925	0.000342	0.999999	1.000000	1.000796	0.000050	1.000836	0.000057	0.999918	0.000141	1.000386	0.000051	1.000755	0.000053	1356712487.803069	0.999997	36.864281	23.362698	6.008472	1.000263	0.000013	1.000000	1.000000	0.999738	0.000048	0.999932	0.000233	1.000547	0.000051	1.000078	0.000049	0.999865	0.000049	1.000000	1.000000	
1356712488.802853	0.999999	37.569906	23.943611	6.127600	1.000000	1.000000	0.999331	0.000312	1.000001	1.000001	1.001378	0.000018	0.999575	0.000018	1.000090	0.000128	0.994800	0.000009	0.996342	0.000008	1356712488.803071	1.000002	36.843390	23.325746	6.182666	0.999983	0.000066	1.000000	1.000000	1.000896	0.000017	1.000033	0.000259	0.999250	0.000006	0.999244	0.000006	1.003210	0.000006	1.000000	1.000000	
1356712489.802854	1.000001	37.508494	23.887901	6.059244	1.000000	1.000000	0.999643	0.000482	0.999999	0.999999	1.000471	0.000109	0.999868	0.000531	1.000008	0.000139	1.000145	0.000072	1.000312	0.000066	1356712489.803069	0.999998	36.843729	23.331954	6.081326	1.000439	0.000013	1.000000	1.000000	0.999770	0.000049	0.999978	0.000226	0.999896	0.000048	0.999423	0.000082	0.999567	0.000050	1.000000	1.000000	
1356712490.802853	0.999999	37.554464	23.948906	5.921133	1.000000	1.000000	1.000041	0.000363	1.000001	1.000001	0.998723	0.000018	1.004476	0.000017	0.999976	0.000404	1.000226	0.000009	1.001671	0.000009	1356712490.803070	1.000001	36.837138	23.337884	5.998255	0.999911	0.000065	1.000000	1.000000	0.999661	0.000017	0.999998	0.000217	0.995090	0.000007	1.004482	0.000007	1.005746	0.000006	1.000000	1.000000	
1356712491.802853	1.000000	37.564529	23.953201	6.003876	1.000000	1.000000	0.999850	0.000328	0.999999	0.999999	1.000614	0.000050	0.999402	0.000055	0.999836	0.000137	0.999973	0.000071	1.000044	0.000053	1356712491.803075	1.000005	36.840834	23.339834	6.024918	1.000088	0.000013	1.000000	1.000000	1.000046	0.000050	0.999965	0.000223	1.000517	0.000053	1.000070	0.000050	0.999323	0.000048	1.000000	1.000000	
1356712492.802853	1.000000	37.566345	23.957764	5.986282	1.000000	1.000000	1.000686	0.000347	1.000001	1.000001	1.001435	0.000017	1.001718	0.000018	1.000436	0.000108	1.000460	0.000008	0.996922	0.000008	1356712492.803072	0.999997	36.809440	23.306301	6.045337	0.999941	0.000065	1.000000	1.000000	1.000686	0.000015	1.000024	0.000222	1.000626	0.000006	1.002242	0.000007	0.999057	0.000006	1.000000	1.000000	
1356712493.802854	1.000001	37.752573	24.152672	5.905893	1.000000	1.000000	0.999982	0.003593	1.000000	1.000000	0.999976	0.002939	0.999998	0.002777	0.999975	0.003954	1.000064	0.002802	1.000031	0.002553	1356712493.803076	1.000004	36.930026	23.438061	5.917106	1.000000	0.002958	1.000000	1.000000	0.999998	0.002984	0.999999	0.003775	0.999995	0.002901	1.000000	0.002947	0.999998	0.002953	1.000000	1.000000	
1356712494.802854	1.000000	37.555939	23.951599	5.914886	1.000000	1.000000	1.000146	0.000313	1.000000	1.000000	1.000450	0.000018	0.986601	0.000034	1.000029	0.002186	0.973143	0.000008	0.991109	0.000008	1356712494.803074	0.999998	36.817896	23.327330	5.947246	0.999988	0.000063	1.000000	1.000000	1.000076	0.000015	0.999819	0.000117	0.998489	0.000007	1.000126	0.000006	1.001242	0.000007	1.000000	1.000000	
1356712495.802853	0.999999	34.420458	20.814793	5.923178	1.000000	0.241127	1.000001	0.303442	0.999999	0.999999	0.990293	0.000051	0.999937	0.001947	0.999979	0.000700	1.000000	0.000051	0.990186	0.000055	1356712495.803076	1.000002	39.769196	26.273448	5.995548	1.000000	0.457990	1.000000	1.000000	1.000038	0.000051	1.000207	0.000116	1.000107	0.000054	0.999984	0.000048	1.000414	0.000050	1.000000	1.000000	
1356712496.802853	1.000000	37.723969	24.115005	6.022446	0.999986	0.006157	1.000000	1.000000	1.000000	1.000000	1.000741	0.000201	0.998994	0.000019	0.999587	0.000100	0.983158	0.000029	0.999192	0.000009	1356712496.803073	0.999997	36.822059	23.314007	6.096882	0.998794	0.000057	1.000000	1.000000	1.000023	0.000017	0.999648	0.000117	0.994490	0.000006	0.993627	0.000007	0.999197	0.000007	1.000000	1.000000	
1356712497.802854	1.000001	30.818971	17.220580	5.880686	0.999632	0.000379	0.999979	0.007852	1.000000	1.000000	1.000040	0.006148	1.007581	0.000072	0.999723	0.000152	1.007331	0.000068	1.009086	0.000077	1356712497.803092	1.000019	43.295500	29.779461	5.935739	1.000001	0.992400	1.000000	1.000000	0.989253	0.000050	0.995766	0.000111	0.989275	0.000048	0.991008	0.000051	0.987871	0.000050	1.000000	1.000000	
1356712498.802853	0.999999	37.412115	23.827614	5.885809	1.000000	0.987191	0.998221	0.000322	1.000000	1.000001	1.000502	0.000103	1.000959	0.000018	1.000444	0.000128	1.003752	0.000009	0.980849	0.000009	1356712498.803074	0.999982	36.956517	23.458824	5.945983	0.999951	0.012948	1.000000	1.000000	1.016789	0.000032	1.003347	0.000157	1.020123	0.000029	1.023015	0.000021	1.028221	0.000021	1.000000	1.000000	
1356712499.802853	1.000000	37.523743	23.890015	6.123001	1.000000	1.000000	1.000274	0.000347	0.999999	0.999999	1.003425	0.000050	0.999740	0.000053	1.000023	0.000151	0.997650	0.000051	1.000381	0.000055	1356712499.803069	0.999995	36.994585	23.472972	6.179123	0.999984	0.005328	1.000000	1.000000	0.999759	0.000050	0.999717	0.000118	0.999349	0.000050	0.999440	0.000049	1.000553	0.000047	1.000000	1.000000	
1356712500.802853	1.000000	37.506439	23.893753	5.999786	1.000000	1.000000	1.000611	0.000367	1.000001	1.000001	0.984752	0.000018	1.001721	0.000017	1.000034	0.000468	1.009913	0.000009	0.999504	0.000009	1356712500.803076	1.000007	37.038150	23.536550	6.078556	0.999986	0.006372	1.000000	1.000000	0.998232	0.000017	1.000097	0.000111	1.003528	0.000007	0.999785	0.000007	0.998698	0.000006	1.000000	1.000000	
1356712501.802854	1.000001	37.496073	23.860100	6.171305	1.000000	1.000000	0.999573	0.000496	1.000000	0.999999	1.000784	0.000078	0.999992	0.000284	1.000740	0.000134	0.999819	0.000070	1.000180	0.000058	1356712501.803066	0.999990	36.912906	23.391302	6.198930	0.999984	0.002348	1.000000	1.000000	1.000757	0.000049	0.999950	0.000214	0.999514	0.000050	1.000964	0.000051	0.999642	0.000051	1.000000	1.000000	
1356712502.802854	1.000000	37.766312	24.156570	5.942184	1.000000	1.000000	0.999882	0.000519	1.000000	1.000000	1.000000	0.049498	0.999938	0.000255	0.998709	0.000109	1.029712	0.000008	0.998114	0.000008	1356712502.803069	1.000003	36.817589	23.317417	6.004040	1.000069	0.000067	1.000000	1.000000	0.999619	0.000016	1.000017	0.000227	1.000857	0.000007	0.990612	0.000007	1.002159	0.000006	1.000000	1.000000	
1356712503.802853	0.999999	37.472051	23.863411	5.909368	1.000000	1.000000	1.000210	0.000382	0.999999	0.999999	0.997721	0.000042	0.998764	0.000419	1.000065	0.000189	0.994807	0.000053	1.000160	0.000053	1356712503.803074	1.000005	36.842192	23.345708	5.974259	0.998391	0.000013	1.000000	1.000000	0.999933	0.000052	0.999958	0.000266	1.000078	0.000054	1.001233	0.000051	1.000994	0.000050	1.000000	1.000000	
1356712504.802853	1.000000	37.482056	23.854965	6.122162	1.000000	1.000000	0.999437	0.000342	1.000001	1.000001	1.002992	0.000017	1.000132	0.000018	0.999923	0.000140	1.005681	0.000009	0.995739	0.000008	1356712504.803072	0.999998	36.825357	23.315810	6.125012	1.000296	0.000066	1.000000	1.000000	1.000517	0.000016	0.999989	0.000218	0.996711	0.000007	0.993793	0.000006	0.994545	0.000006	1.000000	1.000000	
1356712505.802853	1.000000	37.504135	23.891907	5.983948	1.000000	1.000000	1.000050	0.000394	0.999999	0.999999	1.001260	0.000061	1.000264	0.001950	1.000031	0.000429	1.000185	0.000052	0.998387	0.000059	1356712505.803078	1.000006	36.818262	23.334242	6.017893	1.000058	0.000013	1.000000	1.000000	1.000039	0.000049	0.999991	0.000220	1.000689	0.000050	1.000000	0.000050	0.998850	0.000051	1.000000	1.000000	
1356712506.802854	1.000001	37.442500	23.815514	6.081217	1.000000	1.000000	1.000506	0.000314	1.000000	1.000000	0.999443	0.000018	1.000281	0.000018	0.999996	0.000110	0.999545	0.000032	1.010490	0.000008	1356712506.803072	0.999994	36.841376	23.333422	6.109671	0.999971	0.000067	1.000000	1.000000	0.999327	0.000016	0.999952	0.000217	0.998889	0.000006	1.001408	0.000007	1.006074	0.000007	1.000000	1.000000	
1356712507.802854	1.000000	37.488754	23.881622	6.076599	1.000000	1.000000	0.999888	0.000355	1.000000	1.000000	0.990835	0.000056	0.999979	0.000056	1.000031	0.000147	0.988675	0.000050	0.989713	0.000053	1356712507.803069	0.999997	36.828788	23.321636	6.109257	0.999767	0.000013	1.000000	1.000000	1.000031	0.000050	1.000024	0.000225	0.999764	0.000054	1.000614	0.000047	0.999770	0.000049	1.000000	1.000000	
1356712508.802853	0.999999	37.558523	23.958656	5.911337	1.000000	1.000000	0.999738	0.000315	1.000001	1.000000	1.000833	0.000019	0.999811	0.000016	1.000033	0.000128	1.004934	0.000009	1.005137	0.000009	1356712508.803072	1.000003	36.837837	23.347477	5.942242	0.998925	0.000066	1.000000	1.000000	0.999673	0.000015	0.999969	0.000251	0.993581	0.000007	0.993315	0.000006	0.995294	0.000007	1.000000	1.000000	
1356712509.802854	1.000001	37.552729	23.913872	6.259210	1.000000	1.000000	1.000361	0.000357	0.999999	0.999999	1.007324	0.000070	1.000062	0.000086	0.999840	0.000152	1.007535	0.000068	0.999396	0.000288	1356712509.803071	0.999999	36.819295	23.298423	6.212164	1.002603	0.000029	1.000000	1.000000	0.989201	0.000048	0.997792	0.000222	0.990452	0.000048	0.989792	0.000049	0.990984	0.000050	1.000000	1.000000	
1356712510.802854	1.000000	37.511292	23.897324	5.999268	1.000000	1.000000	0.999390	0.000365	1.000001	1.000001	0.996954	0.000018	0.999174	0.000018	0.999974	0.000403	0.992086	0.000009	1.001461	0.000471	1356712510.803074	1.000003	36.826607	23.325825	6.043377	0.999930	0.000061	1.000000	1.000000	1.016010	0.000032	1.002299	0.000197	1.018139	0.000029	1.022392	0.000023	1.021060	0.000021	1.000000	1.000000	
1356712511.802853	0.999999	37.529974	23.929359	5.915747	1.000000	1.000000	1.000009	0.000344	1.000000	1.000000	1.000191	0.000053	0.999927	0.000053	0.999643	0.000138	1.000995	0.000070	0.999617	0.000051	1356712511.803068	0.999994	36.817022	23.326204	5.947499	0.999941	0.000013	1.000000	1.000000	1.000023	0.000050	1.000126	0.000229	0.999662	0.000053	0.999476	0.000049	1.000575	0.000050	1.000000	1.000000	
1356712512.802853	1.000000	37.539139	23.924454	6.005798	1.000000	1.000000	0.999915	0.000331	1.000000	1.000000	1.000873	0.000017	1.001383	0.000016	1.002532	0.000107	1.000598	0.000008	1.001665	0.000008	1356712512.803070	1.000002	36.847311	23.347688	6.055134	0.999824	0.000066	1.000000	1.000000	0.997750	0.000016	0.999941	0.000222	0.996742	0.000007	1.001953	0.000007	0.999946	0.000007	1.000000	1.000000	
1356712513.802853	1.000000	37.522888	23.901825	6.084137	1.000000	1.000000	0.999994	0.000359	0.999999	1.000000	1.000675	0.000053	0.989131	0.000053	0.998828	0.000162	1.000772	0.000052	0.999979	0.000056	1356712513.803070	1.000000	36.869247	23.366302	6.112869	1.000498	0.000013	1.000000	1.000000	1.000551	0.000049	1.000047	0.000253	1.000606	0.000049	1.000620	0.000072	1.000023	0.000050	1.000000	1.000000	
1356712514.802853	1.000000	37.490311	23.883698	5.941696	1.000000	1.000000	1.000667	0.000295	1.000000	1.000000	0.998236	0.000017	1.001035	0.000018	0.999961	0.000108	0.998870	0.000009	0.995586	0.000008	1356712514.803068	0.999998	36.849313	23.358474	5.987774	0.999934	0.000064	1.000000	1.000000	0.998617	0.000014	0.999984	0.000218	1.000000	0.000006	0.992394	0.000006	1.000063	0.000006	1.000000	1.000000	
1356712515.802853	1.000000	37.549988	23.935013	6.011002	1.000000	1.000000	1.000025	0.000392	1.000000	1.000000	0.999750	0.000051	1.000280	0.001947	0.999918	0.000431	0.999006	0.000052	1.000974	0.000053	1356712515.803078	1.000010	36.856565	23.356593	6.045380	1.000259	0.000013	1.000000	1.000000	1.000481	0.000050	0.999979	0.000224	0.999971	0.000054	1.000818	0.000049	1.000152	0.000048	1.000000	1.000000	
1356712516.802853	1.000000	37.508942	23.905518	5.941528	1.000000	1.000000	1.000079	0.000327	1.000000	0.999631	1.000801	0.000017	1.001147	0.000031	1.000050	0.000109	1.000223	0.000033	0.996590	0.000008	1356712516.803070	0.999992	36.813485	23.337775	5.997195	0.999857	0.000067	1.000000	1.000000	0.999710	0.000016	1.000053	0.000220	0.998589	0.000007	0.999236	0.000007	0.998931	0.000006	1.000000	1.000000	
1356712517.802853	1.000000	37.447144	23.838318	5.900360	1.000000	1.000000	0.999982	0.000340	1.000000	1.000000	1.000918	0.000052	0.990145	0.000057	1.000035	0.000143	1.000627	0.000050	0.999143	0.000055	1356712517.803071	1.000001	36.809642	23.314736	5.989679	1.000587	0.000013	1.000000	1.000000	0.999984	0.000049	0.999987	0.000214	1.000226	0.000048	0.999112	0.000049	1.000139	0.000050	1.000000	1.000000	
1356712518.802853	1.000000	37.612335	24.039963	6.004959	1.000000	1.000000	0.999930	0.003489	1.000000	1.000000	0.999956	0.002862	1.000060	0.002842	1.000000	0.003095	0.999993	0.002788	1.000029	0.002825	1356712518.803077	1.000006	36.939889	23.443937	6.006403	0.999998	0.002974	1.000000	1.000000	0.999998	0.002875	0.999999	0.003692	0.999997	0.002781	1.000011	0.002619	0.999994	0.002689	1.000000	1.000000	
1356712519.802854	1.000001	715775025.836851	715814458.662588	715791955.202573	0.999994	1.000065	0.999991	1.000067	0.999998	1.000064	0.999993	1.000063	0.999993	7245.501486	0.999996	1.000060	0.999993	1.000065	0.999993	1.000063	1356712519.802953	0.999876	715902960.277790	715902010.807340	715881661.141476	0.999994	1.000065	0.999990	1.000064	3.892809	0.256900	0.999993	1.000061	0.999993	1.000064	0.999995	1.000059	0.999993	1.000064	0.999994	1.000064	
1356712520.802853	0.999999	0.000000	0.000000	0.000000	-nan	-nan	-nan	-nan	1.000003	inf	-nan	-nan	-nan	0.000000	0.000000	inf	-nan	-nan	-nan	-nan	1356712520.802926	0.999973	0.000000	0.000000	0.000000	-nan	-nan	-nan	-nan	1.345745	inf	-nan	-nan	-nan	-nan	-nan	-nan	-nan	-nan	-nan	-nan	
1356712521.802853	1.000000	0.000000	0.000000	0.000000	-nan	-nan	-nan	-nan	0.000000	inf	-nan	-nan	-nan	0.000000	-nan	-nan	-nan	-nan	-nan	-nan	1356712521.802928	1.000002	0.000000	0.000000	0.000000	-nan	-nan	-nan	-nan	-nan	-nan	-nan	-nan	-nan	-nan	-nan	-nan	-nan	-nan	-nan	-nan	
1356712522.802853	1.000000	0.000000	0.000000	0.000000	-nan	-nan	-nan	-nan	-nan	-nan	-nan	-nan	-nan	-nan	-nan	-nan	-nan	-nan	-nan	-nan	1356712522.802929	1.000001	0.000000	0.000000	0.000000	-nan	-nan	-nan	-nan	-nan	-nan	-nan	-nan	-nan	-nan	-nan	-nan	-nan	-nan	-nan	-nan	
1356712523.802853	1.000000	0.000000	0.000000	0.000000	-nan	-nan	-nan	-nan	-nan	-nan	-nan	-nan	-nan	-nan	-nan	-nan	-nan	-nan	-nan	-nan	1356712523.802935	1.000006	0.000000	0.000000	0.000000	-nan	-nan	-nan	-nan	-nan	-nan	-nan	-nan	-nan	-nan	-nan	-nan	-nan	-nan	-nan	-nan	
1356712524.803051	1.000198	0.000000	0.000000	0.000000	-nan	-nan	-nan	-nan	8.000000	inf	-nan	-nan	-nan	0.000000	-nan	-nan	-nan	-nan	-nan	-nan	1356712524.803147	1.000212	0.000000	0.000000	0.000000	-nan	-nan	-nan	-nan	inf	-nan	-nan	-nan	-nan	-nan	-nan	-nan	-nan	-nan	-nan	-nan	
1356712525.802860	0.999809	0.000000	0.000000	0.000000	-nan	-nan	-nan	-nan	1521730356372.923096	inf	-nan	-nan	-nan	0.000000	-nan	-nan	-nan	-nan	-nan	-nan	1356712525.802943	0.999796	0.000000	0.000000	0.000000	-nan	-nan	-nan	-nan	inf	-nan	-nan	-nan	-nan	-nan	-nan	-nan	-nan	-nan	-nan	-nan	
1356712526.802859	0.999999	0.000000	0.000000	0.000000	-nan	-nan	-nan	-nan	0.000000	inf	-nan	-nan	-nan	0.000000	-nan	-nan	-nan	-nan	-nan	-nan	1356712526.802928	0.999985	0.000000	0.000000	0.000000	-nan	-nan	-nan	-nan	-nan	-nan	-nan	-nan	-nan	-nan	-nan	-nan	-nan	-nan	-nan	-nan	
1356712527.802853	0.999994	0.000000	0.000000	0.000000	-nan	-nan	-nan	-nan	0.000000	inf	-nan	-nan	-nan	0.000000	0.000000	inf	-nan	-nan	-nan	-nan	1356712527.802921	0.999993	0.000000	0.000000	0.000000	-nan	-nan	-nan	-nan	inf	-nan	-nan	-nan	-nan	-nan	-nan	-nan	-nan	-nan	-nan	-nan	
1356712528.802853	1.000000	0.000000	0.000000	0.000000	-nan	-nan	-nan	-nan	1.000106	inf	-nan	-nan	-nan	0.000000	0.000000	inf	-nan	-nan	-nan	-nan	1356712528.802923	1.000002	0.000000	0.000000	0.000000	-nan	-nan	-nan	-nan	inf	-nan	-nan	-nan	-nan	-nan	-nan	-nan	-nan	-nan	-nan	-nan	
1356712529.802853	1.000000	0.000000	0.000000	0.000000	-nan	-nan	-nan	-nan	inf	-nan	-nan	-nan	-nan	0.000000	-nan	-nan	-nan	-nan	-nan	-nan	1356712529.802922	0.999999	0.000000	0.000000	0.000000	-nan	-nan	-nan	-nan	inf	-nan	-nan	-nan	-nan	-nan	-nan	-nan	-nan	-nan	-nan	-nan	
1356712530.802853	1.000000	0.000000	0.000000	0.000000	-nan	-nan	-nan	-nan	0.000000	inf	-nan	-nan	-nan	0.000000	-nan	-nan	-nan	-nan	-nan	-nan	1356712530.802929	1.000007	0.000000	0.000000	0.000000	-nan	-nan	-nan	-nan	-nan	-nan	-nan	-nan	-nan	-nan	-nan	-nan	-nan	-nan	-nan	-nan	
1356712531.802853	1.000000	0.000000	0.000000	0.000000	-nan	-nan	-nan	-nan	-nan	-nan	-nan	-nan	-nan	-nan	-nan	-nan	-nan	-nan	-nan	-nan	1356712531.802921	0.999992	0.000000	0.000000	0.000000	-nan	-nan	-nan	-nan	-nan	-nan	-nan	-nan	-nan	-nan	-nan	-nan	-nan	-nan	-nan	-nan	
1356712532.802859	1.000006	0.000000	0.000000	0.000000	-nan	-nan	-nan	-nan	8.000000	inf	-nan	-nan	-nan	0.000000	-nan	-nan	-nan	-nan	-nan	-nan	1356712532.802942	1.000021	0.000000	0.000000	0.000000	-nan	-nan	-nan	-nan	inf	-nan	-nan	-nan	-nan	-nan	-nan	-nan	-nan	-nan	-nan	-nan	
1356712533.802853	0.999994	0.000000	0.000000	0.000000	-nan	-nan	-nan	-nan	inf	-nan	-nan	-nan	-nan	-nan	-nan	-nan	-nan	-nan	-nan	-nan	1356712533.802920	0.999978	0.000000	0.000000	0.000000	-nan	-nan	-nan	-nan	inf	-nan	-nan	-nan	-nan	-nan	-nan	-nan	-nan	-nan	-nan	-nan	
1356712534.802853	1.000000	0.000000	0.000000	0.000000	-nan	-nan	-nan	-nan	0.000000	inf	-nan	-nan	-nan	0.000000	-nan	-nan	-nan	-nan	-nan	-nan	1356712534.802929	1.000009	0.000000	0.000000	0.000000	-nan	-nan	-nan	-nan	-nan	-nan	-nan	-nan	-nan	-nan	-nan	-nan	-nan	-nan	-nan	-nan	
1356712535.802853	1.000000	0.000000	0.000000	0.000000	-nan	-nan	-nan	-nan	2305843009213693952.000000	inf	-nan	-nan	-nan	0.000000	0.000000	inf	-nan	-nan	-nan	-nan	1356712535.802922	0.999993	0.000000	0.000000	0.000000	-nan	-nan	-nan	-nan	inf	-nan	-nan	-nan	-nan	-nan	-nan	-nan	-nan	-nan	-nan	-nan	
1356712536.802853	1.000000	0.000000	0.000000	0.000000	-nan	-nan	-nan	-nan	0.000000	inf	-nan	-nan	-nan	0.000000	0.000000	inf	-nan	-nan	-nan	-nan	1356712536.802929	1.000007	0.000000	0.000000	0.000000	-nan	-nan	-nan	-nan	inf	-nan	-nan	-nan	-nan	-nan	-nan	-nan	-nan	-nan	-nan	-nan	
1356712537.802853	1.000000	0.000000	0.000000	0.000000	-nan	-nan	-nan	-nan	1.000106	inf	-nan	-nan	-nan	0.000000	0.000000	inf	-nan	-nan	-nan	-nan	1356712537.802921	0.999992	0.000000	0.000000	0.000000	-nan	-nan	-nan	-nan	inf	-nan	-nan	-nan	-nan	-nan	-nan	-nan	-nan	-nan	-nan	-nan	
1356712538.802860	1.000007	0.000000	0.000000	0.000000	-nan	-nan	-nan	-nan	0.000000	inf	-nan	-nan	-nan	0.000000	0.000000	inf	-nan	-nan	-nan	-nan	1356712538.802932	1.000011	0.000000	0.000000	0.000000	-nan	-nan	-nan	-nan	inf	-nan	-nan	-nan	-nan	-nan	-nan	-nan	-nan	-nan	-nan	-nan	
1356712539.802853	0.999993	0.000000	0.000000	0.000000	-nan	-nan	-nan	-nan	8.000000	inf	-nan	-nan	-nan	0.000000	-nan	-nan	-nan	-nan	-nan	-nan	1356712539.802920	0.999988	0.000000	0.000000	0.000000	-nan	-nan	-nan	-nan	inf	-nan	-nan	-nan	-nan	-nan	-nan	-nan	-nan	-nan	-nan	-nan	
