ts_0	elapsed_0	pkg_0	pp0_0	dram_0	freq_ratio_0_0	c0_ratio_0_0	freq_ratio_0_1	c0_ratio_0_1	freq_ratio_0_2	c0_ratio_0_2	freq_ratio_0_3	c0_ratio_0_3	freq_ratio_0_4	c0_ratio_0_4	freq_ratio_0_5	c0_ratio_0_5	freq_ratio_0_6	c0_ratio_0_6	freq_ratio_0_7	c0_ratio_0_7	ts_1	elapsed_1	pkg_1	pp0_1	dram_1	freq_ratio_1_0	c0_ratio_1_0	freq_ratio_1_1	c0_ratio_1_1	freq_ratio_1_2	c0_ratio_1_2	freq_ratio_1_3	c0_ratio_1_3	freq_ratio_1_4	c0_ratio_1_4	freq_ratio_1_5	c0_ratio_1_5	freq_ratio_1_6	c0_ratio_1_6	freq_ratio_1_7	c0_ratio_1_7	
1353402728.890521	1.002907	37.977626	24.793662	5.564223	1.156525	0.335865	1.155274	0.329156	1.155840	0.331344	1.156663	0.335353	1.155630	0.330446	1.156948	0.335799	1.156152	0.332520	1.156295	0.332708	1353402728.890710	1.000446	37.944072	24.692934	2.823859	0.998347	0.065106	1.000002	0.780972	0.999979	0.780517	1.006866	0.000039	1.003614	0.000128	0.961748	0.000499	1.004896	0.000107	0.999822	0.781956	
1353402729.890513	0.999992	41.236067	28.045607	6.127613	1.000000	1.000000	1.000000	1.000000	1.000000	1.000000	1.000008	0.002934	0.996879	0.000161	1.001336	0.000061	1.001478	0.000046	1.001759	0.000049	1353402729.890694	0.999984	41.385976	28.109290	3.375969	0.999925	0.001967	1.000000	1.000000	1.000000	1.000000	1.000072	0.000059	0.999867	0.000058	0.999969	0.000063	1.000983	0.000092	1.000000	1.000000	
1353402730.890513	1.000000	38.899719	25.707733	6.102905	0.999999	0.601431	1.000000	1.000000	1.000000	1.000000	0.999997	0.003332	1.000000	0.000298	0.999849	0.000013	1.000311	0.000047	0.998914	0.000012	1353402730.890737	1.000043	43.749465	30.466466	3.703302	1.000002	0.400927	1.000000	1.000000	1.000000	1.000000	1.000469	0.000021	1.000004	0.000103	0.998150	0.000006	0.998327	0.000068	1.000000	1.000000	
1353402731.890678	1.000165	40.469947	27.278108	6.120389	1.000002	0.810617	1.000000	1.000001	1.000000	1.000001	1.000054	0.004521	1.000121	0.004661	1.002869	0.000088	1.017188	0.000012	1.005127	0.000046	1353402731.890822	1.000085	42.622044	29.325186	4.971470	0.999999	0.999999	0.999999	0.999999	0.999999	0.999999	0.995596	0.000101	0.984239	0.000031	0.991073	0.000050	0.994547	0.000071	0.999991	0.189074	
1353402732.890513	0.999835	42.142985	28.953965	6.134740	1.000000	1.000000	1.000000	1.000000	1.000000	1.000000	0.999980	0.000440	1.032593	0.000012	0.999544	0.000011	1.000082	0.000047	0.999805	0.000012	1353402732.890669	0.999847	41.449032	28.148748	2.774045	1.000000	1.000000	1.000000	1.000000	1.000000	1.000000	0.999721	0.000131	1.000270	0.000106	0.987689	0.000013	0.996564	0.000052	0.997497	0.000067	
1353402733.890513	1.000000	41.852081	28.651001	6.115234	1.000000	1.000000	1.000000	1.000000	1.000000	1.000000	0.999990	0.000427	0.999397	0.001033	0.999941	0.000072	0.999936	0.000012	0.999858	0.000049	1353402733.890652	0.999983	41.467621	28.168247	3.001699	1.000000	1.000000	1.000000	1.000000	1.000000	1.000000	0.999972	0.000165	0.999813	0.000047	1.003464	0.000060	1.000420	0.000388	0.999568	0.000021	
1353402734.890513	1.000000	41.193024	27.991135	6.121399	1.000000	1.000000	1.000000	1.000000	1.000000	1.000000	0.999984	0.000437	1.033295	0.000019	1.001003	0.000012	0.999983	0.000115	1.000228	0.000012	1353402734.890673	1.000021	41.492034	28.189625	2.759097	1.000000	1.000000	1.000000	1.000000	1.000001	1.000000	0.999983	0.000441	0.999025	0.000092	0.989686	0.000020	0.996473	0.000053	0.999926	0.000166	
1353402735.890599	1.000086	39.025984	25.824819	6.127036	0.999997	0.592348	1.000000	0.999999	1.000000	0.999999	0.999346	0.000404	0.999925	0.003165	0.997003	0.000087	0.978957	0.000011	0.994728	0.000049	1353402735.890803	1.000130	43.957118	30.656112	3.708853	1.000001	1.000001	1.000001	1.000001	1.000001	1.000001	1.000004	0.408002	1.016558	0.000034	1.008277	0.000069	1.006760	0.000098	1.035703	0.000020	
1353402736.890513	0.999914	35.240353	22.050711	6.121926	0.999033	0.000264	1.000000	1.000000	1.000000	1.000000	0.999990	0.000462	1.000098	0.000016	0.999909	0.000013	0.999844	0.000049	1.000213	0.000013	1353402736.890728	0.999925	47.620489	34.317290	2.725257	1.000000	1.000000	1.000000	1.000000	1.000000	1.000000	1.000000	1.000000	1.000021	0.000146	1.007000	0.000012	0.999492	0.000058	0.984722	0.000069	
1353402737.890513	1.000000	38.007446	24.814926	6.127563	1.000001	0.422658	1.000000	1.000000	1.000000	1.000000	0.999982	0.000417	0.999787	0.003049	0.991927	0.000064	1.000546	0.000013	0.989549	0.000050	1353402737.890693	0.999965	45.145869	31.847552	3.410810	0.999999	0.577190	1.000000	1.000000	1.000000	1.000000	1.000000	1.000000	0.999778	0.000144	0.999857	0.000065	1.000124	0.000097	1.080455	0.000012	
1353402738.890512	0.999999	41.203729	28.003033	6.121405	1.000000	1.000000	1.000000	1.000000	1.000000	1.000000	1.000293	0.000439	1.008280	0.000018	1.000028	0.000014	0.986490	0.000047	0.998632	0.000014	1353402738.890698	1.000005	41.569418	28.294292	2.730638	0.998058	0.000066	1.000000	1.000000	1.000000	1.000000	1.000000	1.000000	1.000167	0.000178	1.000411	0.000019	1.000406	0.000051	0.995903	0.000126	
1353402739.890513	1.000001	41.318412	28.113163	6.121393	1.000000	1.000000	1.000000	1.000000	1.000000	1.000000	0.999814	0.001318	1.004071	0.000122	1.008553	0.000061	1.005864	0.000109	1.000296	0.001764	1353402739.890696	0.999998	41.728397	28.438180	3.431250	0.999981	0.001243	1.000000	1.000000	1.000000	1.000000	1.000000	1.000000	0.999832	0.000191	0.999986	0.000252	0.999743	0.000137	0.987911	0.000056	
1353402740.890520	1.000007	715805343.820672	715771455.813615	715773639.053052	0.999961	1.000498	0.999959	1.000506	0.999969	1.000502	0.999961	1.000499	0.999961	1.000505	0.999963	1.000496	0.999961	1.000503	0.999961	1.000501	1353402740.890607	0.999911	715856120.090117	715883133.903729	715847412.507904	0.999961	1.000499	0.999958	1.000501	3.894964	0.256863	0.999960	1.000498	0.999961	1.000505	0.999963	1.000497	0.999961	1.000501	0.999962	1.000503	
1353402741.890570	1.000050	0.000000	0.000000	0.000000	-nan	-nan	-nan	-nan	0.000000	inf	-nan	-nan	-nan	0.000000	-nan	-nan	-nan	-nan	-nan	-nan	1353402741.890663	1.000056	0.000000	0.000000	0.000000	-nan	-nan	-nan	-nan	0.000000	inf	-nan	-nan	-nan	-nan	-nan	-nan	-nan	-nan	-nan	-nan	
1353402742.890620	1.000050	0.000000	0.000000	0.000000	-nan	-nan	-nan	-nan	0.000000	inf	-nan	-nan	-nan	0.000000	0.000000	inf	-nan	-nan	-nan	-nan	1353402742.890700	1.000037	0.000000	0.000000	0.000000	-nan	-nan	-nan	-nan	inf	-nan	-nan	-nan	-nan	-nan	-nan	-nan	-nan	-nan	-nan	-nan	
