ts_0	elapsed_0	pkg_0	pp0_0	dram_0	freq_ratio_0_0	c0_ratio_0_0	freq_ratio_0_1	c0_ratio_0_1	freq_ratio_0_2	c0_ratio_0_2	freq_ratio_0_3	c0_ratio_0_3	freq_ratio_0_4	c0_ratio_0_4	freq_ratio_0_5	c0_ratio_0_5	freq_ratio_0_6	c0_ratio_0_6	freq_ratio_0_7	c0_ratio_0_7	ts_1	elapsed_1	pkg_1	pp0_1	dram_1	freq_ratio_1_0	c0_ratio_1_0	freq_ratio_1_1	c0_ratio_1_1	freq_ratio_1_2	c0_ratio_1_2	freq_ratio_1_3	c0_ratio_1_3	freq_ratio_1_4	c0_ratio_1_4	freq_ratio_1_5	c0_ratio_1_5	freq_ratio_1_6	c0_ratio_1_6	freq_ratio_1_7	c0_ratio_1_7	
1356622577.933586	1.001935	30.094035	16.830211	6.041883	1.154966	0.588572	1.154865	0.585226	1.154765	0.587095	1.154877	0.588546	1.154931	0.587210	1.154830	0.587385	1.154442	0.583384	1.154533	0.584640	1356622577.933844	1.000534	43.518827	29.882280	7.936420	1.000001	0.982968	0.999963	0.982935	1.001844	0.000173	0.691008	0.000058	1.002302	0.000144	1.005572	0.000038	0.630554	0.000052	0.999984	0.983312	
1356622578.933559	0.999973	30.137332	16.867856	6.067668	1.000291	0.000248	1.000063	0.000140	1.000000	1.000001	1.000982	0.000535	1.034820	0.000044	0.997742	0.000074	1.005609	0.000053	1.004591	0.000054	1356622578.933809	0.999965	44.003862	30.331050	8.165524	1.000000	1.000000	1.000000	1.000000	1.000318	0.000007	1.000242	0.000049	0.999968	0.000085	1.002280	0.000050	1.009850	0.000073	1.000000	1.000000	
1356622579.933558	0.999999	31.383926	18.108217	6.055929	1.000001	0.190052	1.001318	0.000230	1.000000	1.000000	0.999847	0.000138	0.999171	0.000065	1.000936	0.000033	0.783796	0.000011	0.974742	0.000009	1356622579.933778	0.999969	42.781462	29.107546	8.157861	0.999999	0.809975	1.000000	1.000000	0.999903	0.000096	0.999768	0.000017	1.000075	0.000139	0.997758	0.000007	1.003090	0.000006	1.000000	1.000000	
1356622580.933558	1.000000	36.539581	23.231430	6.075729	1.000000	1.000000	0.999776	0.000331	1.000000	1.000000	1.000166	0.000204	0.994847	0.000009	1.000281	0.000071	1.042401	0.000054	1.004071	0.000052	1356622580.933778	1.000000	37.256409	23.599670	8.154114	0.999677	0.000013	1.000000	1.000000	0.998855	0.000007	1.000087	0.000049	0.999837	0.000085	0.999968	0.000049	1.000208	0.000050	1.000000	1.000000	
1356622581.933558	1.000000	36.532425	23.215591	6.078781	1.000000	1.000000	0.999639	0.000367	1.000000	1.000000	0.999685	0.000158	1.001778	0.000109	1.000301	0.000032	0.777362	0.000011	0.998534	0.000009	1356622581.933777	0.999999	37.233999	23.569831	8.152687	0.999843	0.000069	1.000000	1.000000	0.999988	0.000062	1.000240	0.000016	1.000078	0.000139	1.002625	0.000007	0.997185	0.000007	1.000000	1.000000	
1356622582.933560	1.000002	36.583365	23.269472	6.067798	1.000000	0.999408	0.999842	0.000312	1.000001	1.000000	0.995986	0.000149	0.979882	0.000008	0.998394	0.000070	1.034509	0.000052	0.990565	0.000053	1356622582.933786	1.000009	37.209944	23.550522	8.152178	1.000673	0.000013	0.999983	0.999460	0.997370	0.000007	0.999338	0.000049	0.999897	0.000086	1.000045	0.000051	0.999516	0.000050	1.000000	0.999414	
1356622583.933558	0.999998	36.614679	23.301894	6.063717	1.000001	1.000000	1.000151	0.000355	1.000000	1.000000	1.001480	0.000431	0.995464	0.000098	1.007583	0.000031	0.996295	0.000009	1.002317	0.000009	1356622583.933783	0.999997	37.234796	23.584561	8.178691	0.998491	0.000071	1.000000	1.000000	0.991757	0.000060	0.999433	0.000017	1.000053	0.000168	1.000374	0.000007	0.999258	0.000007	1.000000	1.000000	
1356622584.933558	1.000000	36.581131	23.277817	6.062073	1.000000	1.000000	0.999919	0.000370	1.000000	1.000000	0.999081	0.000192	1.018525	0.000023	0.999747	0.000087	0.980623	0.000074	1.007460	0.000066	1356622584.933778	0.999995	37.233341	23.583507	8.164668	1.003880	0.000028	1.000000	1.000000	1.023393	0.000021	1.000115	0.000064	0.994221	0.000085	0.989702	0.000050	0.988692	0.000053	1.000000	1.000000	
1356622585.933558	1.000000	36.703094	23.387222	6.061234	1.000000	1.000000	0.999970	0.003229	1.000000	1.000000	1.000046	0.002847	0.999985	0.002710	0.999954	0.002512	1.000718	0.002692	1.000005	0.002534	1356622585.933787	1.000009	38.426623	24.769963	8.155398	0.999996	0.002815	1.000000	1.000000	1.000007	0.002645	1.000010	0.002379	1.000141	0.003483	1.000192	0.002568	1.000015	0.002536	1.000000	1.000000	
1356622586.933558	1.000000	36.599335	23.283371	6.067719	1.000000	1.000000	1.000738	0.000347	1.000000	1.000000	1.001218	0.000159	0.998876	0.000009	0.999667	0.000069	1.000701	0.000050	0.995113	0.000050	1356622586.933778	0.999991	37.191209	23.545364	8.146314	1.000439	0.000013	1.000000	1.000000	0.998929	0.000006	0.999391	0.000051	1.000023	0.000102	1.000000	0.000053	1.010705	0.000052	1.000000	1.000000	
1356622587.933558	1.000000	36.621292	23.307495	6.075058	1.000000	1.000000	1.000005	0.002317	1.000000	1.000000	0.995322	0.000148	1.000108	0.000061	1.002371	0.000031	1.003844	0.000009	1.002178	0.000008	1356622587.933776	0.999998	37.254069	23.601821	8.177094	0.999932	0.000108	1.000000	1.000000	1.000124	0.000084	1.003886	0.000015	0.999903	0.000171	0.980918	0.000007	0.984621	0.000007	1.000000	1.000000	
1356622588.933558	1.000000	36.631210	23.317307	6.063828	1.000000	1.000000	0.999236	0.000361	1.000000	1.000000	1.000957	0.000443	1.001043	0.000068	0.998876	0.000079	0.999993	0.000055	1.003557	0.000059	1356622588.933777	1.000001	37.256358	23.601845	8.174721	0.999614	0.000027	1.000000	1.000000	0.997839	0.000007	0.999407	0.000051	1.000045	0.000077	1.002123	0.000050	1.002221	0.000052	1.000000	1.000000	
1356622589.933558	1.000000	36.619034	23.301865	6.067413	1.000000	1.000000	1.000053	0.000391	1.000000	1.000000	0.999609	0.000150	0.999855	0.000064	1.003814	0.000039	0.999808	0.000028	0.975045	0.000009	1356622589.933780	1.000003	37.272406	23.608096	8.161733	0.999989	0.000068	1.000000	1.000000	1.000151	0.000061	0.998505	0.000016	1.000076	0.000116	1.002522	0.000019	1.000515	0.000020	1.000000	1.000000	
1356622590.933558	1.000000	36.604706	23.291565	6.075363	1.000000	1.000000	1.000210	0.000330	1.000000	1.000000	1.002009	0.000138	1.002596	0.000008	0.995566	0.000070	0.997504	0.000051	1.003920	0.000051	1356622590.933774	0.999994	37.246987	23.599979	8.163775	0.999766	0.000013	1.000000	1.000000	0.999836	0.000007	0.999863	0.000051	0.999929	0.000076	0.999770	0.000050	0.999737	0.000051	1.000000	1.000000	
1356622591.933558	1.000000	36.610153	23.295578	6.069305	1.000000	1.000000	1.000440	0.000366	1.000000	1.000000	0.999476	0.000189	0.999412	0.000060	0.980716	0.000032	0.827255	0.000011	0.970358	0.000009	1356622591.933778	1.000004	37.243013	23.591243	8.142530	1.000104	0.000066	1.000000	1.000000	1.000060	0.000058	1.001970	0.000017	1.000024	0.000158	1.001916	0.000007	1.002090	0.000007	1.000000	1.000000	
1356622592.933558	1.000000	36.554047	23.251678	6.036987	1.000000	1.000000	0.999364	0.000331	1.000000	1.000000	0.997583	0.000141	0.994907	0.000008	1.014070	0.000071	0.997180	0.000054	1.005267	0.000051	1356622592.933778	1.000000	37.225693	23.568985	8.163055	0.999678	0.000013	1.000000	1.000000	0.999835	0.000007	1.000000	0.000051	0.999844	0.000077	0.999545	0.000050	1.000258	0.000049	1.000000	0.999588	
1356622593.933558	1.000000	36.595749	23.279419	6.081680	1.000000	1.000000	1.000481	0.000343	1.000000	1.000000	1.000387	0.000433	1.000744	0.000098	0.996971	0.000031	1.280681	0.000008	0.966891	0.000009	1356622593.933780	1.000002	37.234167	23.585954	8.176895	0.999964	0.000106	1.000000	1.000000	0.999929	0.000060	0.999290	0.000015	1.000007	0.000116	1.005804	0.000007	0.996538	0.000007	1.000000	1.000000	
1356622594.933558	1.000000	36.598694	23.285965	6.075928	1.000000	1.000000	0.999340	0.000337	1.000000	1.000000	1.000910	0.000146	0.999224	0.000008	0.998740	0.000070	0.988870	0.000052	0.996076	0.000052	1356622594.933781	1.000001	37.204692	23.574150	8.181007	1.000673	0.000013	1.000000	1.000000	0.999728	0.000007	0.999776	0.000050	1.000116	0.000076	0.999337	0.000050	1.000322	0.000053	1.000000	1.000000	
1356622595.933558	1.000000	36.577820	23.263092	6.081299	1.000000	1.000000	1.000116	0.000356	1.000000	1.000000	0.999829	0.000133	0.990773	0.000062	0.999495	0.000031	0.999433	0.000010	0.998436	0.000009	1356622595.933781	1.000000	37.217163	23.567215	8.150162	0.998937	0.000070	1.000000	1.000000	0.991017	0.000060	1.000757	0.000016	0.999892	0.000168	0.997523	0.000006	1.000849	0.000007	1.000000	1.000000	
1356622596.933558	1.000000	36.588898	23.274033	6.056244	1.000000	1.000000	1.000030	0.000345	1.000000	1.000000	1.000059	0.000400	1.026948	0.000023	1.001265	0.000085	1.009218	0.000068	1.007540	0.000066	1356622596.933777	0.999996	37.236799	23.587116	8.159396	1.001645	0.000028	1.000000	1.000000	1.026038	0.000021	0.989654	0.000064	0.994951	0.000102	0.989461	0.000049	0.987541	0.000050	1.000000	1.000000	
1356622597.933558	1.000000	36.604538	23.292084	6.063766	1.000000	1.000000	1.000076	0.002309	0.999999	0.999999	0.999431	0.000145	0.999355	0.000059	0.993850	0.000031	0.991956	0.000009	0.999396	0.000008	1356622597.933781	1.000004	37.234331	23.586712	8.179883	1.000436	0.000061	1.000000	1.000000	0.999931	0.000056	1.002905	0.000230	1.004122	0.000128	1.026122	0.000021	1.029561	0.000021	1.000000	1.000000	
1356622598.933558	1.000000	36.621185	23.305954	6.081009	1.000000	1.000000	0.999961	0.000356	1.000001	1.000000	1.000124	0.000450	1.000017	0.000045	1.002988	0.000070	0.956400	0.000053	1.000189	0.000051	1356622598.933779	0.999998	37.234095	23.577758	8.156403	0.999130	0.000013	1.000000	1.000000	0.999029	0.000007	0.999721	0.000050	1.000025	0.000077	0.999642	0.000049	0.999794	0.000050	1.000000	1.000000	
1356622599.933558	1.000000	36.580444	23.268280	6.069656	1.000000	1.000000	1.000033	0.000353	1.000000	1.000000	1.000124	0.000133	0.999096	0.000061	0.978169	0.000031	1.200297	0.000009	0.999723	0.000008	1356622599.933774	0.999995	37.235462	23.591030	8.165141	0.999960	0.000067	1.000000	1.000000	1.000079	0.000059	0.999756	0.000016	1.000024	0.000129	0.997602	0.000007	1.003271	0.000007	1.000000	1.000000	
1356622600.933558	1.000000	36.605347	23.293198	6.063538	1.000000	1.000000	0.999986	0.000358	0.999999	1.000000	0.999718	0.000149	1.006965	0.000008	1.007291	0.000091	0.994828	0.000305	1.000200	0.000050	1356622600.933775	1.000001	37.250514	23.612893	8.141426	0.998890	0.000013	1.000000	1.000000	1.000110	0.000007	1.000103	0.000049	0.999835	0.000077	0.999973	0.000072	1.000016	0.000049	1.000000	1.000000	
1356622601.933558	1.000000	36.556641	23.255783	6.063126	1.000000	1.000000	0.999331	0.000327	1.000001	1.000001	0.999534	0.000157	0.999865	0.000063	0.998897	0.000031	1.051645	0.000010	0.973450	0.000008	1356622601.933780	1.000005	37.234173	23.582112	8.164251	1.000024	0.000064	1.000000	1.000000	0.999960	0.000058	0.999228	0.000016	1.000073	0.000137	1.002420	0.000007	0.995978	0.000007	1.000000	1.000000	
1356622602.933558	1.000000	36.607269	23.295166	6.070404	1.000000	1.000000	0.999938	0.000330	1.000000	1.000000	0.996927	0.000138	0.999909	0.000008	1.000690	0.000070	1.033643	0.000051	1.004066	0.000051	1356622602.933783	1.000003	37.226951	23.580936	8.162176	1.000848	0.000013	1.000000	1.000000	0.999452	0.000007	0.999541	0.000050	1.000005	0.000077	0.999457	0.000052	1.000008	0.000050	1.000000	1.000000	
1356622603.933558	1.000000	36.605392	23.291199	6.044342	1.000000	1.000000	1.000510	0.000419	1.000000	1.000000	1.001190	0.000443	0.999730	0.000098	0.987720	0.000057	0.988638	0.000008	1.000869	0.000008	1356622603.933772	0.999989	37.197552	23.560531	8.173872	0.999894	0.000076	1.000000	1.000000	0.999909	0.000059	1.000987	0.000028	1.000009	0.000127	1.006304	0.000007	1.000369	0.000007	1.000000	1.000000	
1356622604.933558	1.000000	36.612701	23.301300	6.063065	0.999981	0.999919	0.999821	0.000740	0.999982	0.999918	0.999865	0.000131	1.001187	0.000008	1.008104	0.000070	1.002279	0.000052	1.000230	0.000050	1356622604.933780	1.000008	37.238010	23.594123	8.177668	0.999913	0.000013	1.000000	1.000000	0.999624	0.000007	1.000086	0.000050	0.999907	0.000078	0.999685	0.000051	1.001108	0.000050	1.000000	0.999942	
1356622605.933558	1.000000	36.614563	23.305771	6.063461	1.000000	1.000000	0.999982	0.000601	1.000000	1.000000	1.000153	0.000131	1.000283	0.000061	0.999481	0.000030	0.999241	0.000009	0.998747	0.000008	1356622605.933780	1.000000	37.233673	23.592514	8.148956	1.000030	0.000065	1.000000	1.000000	0.999980	0.000058	0.997607	0.000015	0.999918	0.000113	1.002439	0.000007	0.999732	0.000007	1.000000	1.000000	
1356622606.933558	1.000000	36.635086	23.326843	6.069763	1.000001	1.000000	1.000241	0.000537	1.000000	1.000000	0.998540	0.000318	1.000253	0.000049	1.000240	0.000089	0.973042	0.000104	0.987957	0.000061	1356622606.933782	1.000002	37.227712	23.586411	8.147003	0.999761	0.000082	1.000000	1.000000	1.000145	0.000043	1.000385	0.000066	1.000003	0.000243	0.999613	0.000082	0.990475	0.000070	1.000000	1.000000	
1356622607.933558	1.000000	36.648529	23.337387	6.062347	0.999999	1.000000	1.000013	0.002292	1.000000	1.000000	0.999667	0.000167	0.992720	0.000073	0.999623	0.000032	1.262419	0.000009	1.000703	0.000009	1356622607.933784	1.000002	37.207983	23.558350	8.178985	0.998629	0.000067	1.000000	1.000000	0.990978	0.000060	0.999293	0.000017	1.000000	0.000123	0.982845	0.000007	0.984445	0.000007	1.000000	1.000000	
1356622608.933560	1.000002	36.640799	23.328111	6.062641	0.999982	0.999738	0.998982	0.000378	0.999982	0.999737	1.001149	0.000450	1.008331	0.000062	0.999924	0.000086	1.005100	0.000069	1.010808	0.000067	1356622608.933783	0.999999	37.214620	23.565239	8.156822	1.003822	0.000028	1.000000	0.999790	1.008813	0.000060	0.999827	0.000107	0.993761	0.000079	0.992655	0.000050	1.002098	0.000073	1.000000	1.000000	
1356622609.933558	0.999998	36.615716	23.302992	6.061291	1.000000	1.000000	1.000410	0.000385	1.000000	1.000000	0.999216	0.000133	0.999599	0.000060	0.999211	0.000031	0.852691	0.000010	0.976020	0.000009	1356622609.933778	0.999995	37.227344	23.572429	8.153544	0.999846	0.000060	1.000000	1.000000	1.000328	0.000054	1.000000	0.000033	1.003650	0.000138	1.023491	0.000021	1.028021	0.000021	1.000000	1.000000	
1356622610.933558	1.000000	40.631470	27.334793	6.062088	1.000000	1.000000	0.999985	0.003336	1.000000	1.000000	1.000047	0.002916	0.999804	0.002792	1.000001	0.002910	1.000613	0.002766	1.000032	0.002797	1356622610.933760	0.999982	42.280083	28.634988	8.172067	1.000000	0.002874	1.000000	1.000000	0.999776	0.002758	0.999997	0.002822	1.000007	0.003209	1.000000	0.002852	0.999991	0.002734	1.000000	1.000000	
1356622611.933558	1.000000	36.601120	23.283249	6.071884	1.000000	1.000000	1.000111	0.000360	1.000000	1.000000	0.999784	0.000160	1.009705	0.000059	0.997296	0.000032	0.999514	0.000009	0.987451	0.000009	1356622611.933782	1.000022	37.233589	23.562349	8.147862	0.999937	0.000067	1.000000	1.000000	1.010385	0.000058	0.999771	0.000017	0.999922	0.000154	1.000055	0.000007	1.000053	0.000007	1.000000	1.000000	
1356622612.933558	1.000000	36.631668	23.314529	6.073120	1.000000	1.000000	0.999344	0.000316	1.000000	1.000000	0.996096	0.000141	0.997145	0.000008	1.000860	0.000071	1.000043	0.000053	1.004385	0.000052	1356622612.933783	1.000001	37.182414	23.558999	8.148064	0.998882	0.000013	1.000000	1.000000	0.998687	0.000007	1.000874	0.000051	0.999990	0.000080	0.999878	0.000051	0.999713	0.000051	1.000000	1.000000	
1356622613.933558	1.000000	36.644287	23.329834	6.055588	1.000000	1.000000	1.000687	0.000347	1.000000	1.000000	1.001021	0.000445	1.000208	0.000100	1.001291	0.000032	1.002487	0.000009	0.988425	0.000009	1356622613.933777	0.999994	37.278527	23.603305	8.135547	1.000074	0.000068	1.000000	1.000000	0.999409	0.000061	0.996692	0.000015	0.999974	0.000121	0.999838	0.000007	1.002612	0.000007	1.000000	1.000000	
1356622614.933558	1.000000	36.615356	23.295868	6.059509	1.000000	1.000000	0.999771	0.000334	1.000000	1.000000	1.000432	0.000137	1.000316	0.000009	0.999783	0.000069	0.998544	0.000052	0.997501	0.000053	1356622614.933780	1.000003	37.286017	23.615085	8.143011	1.000206	0.000013	1.000000	1.000000	1.004105	0.000007	1.000725	0.000051	0.999971	0.000080	1.000327	0.000051	1.000312	0.000052	1.000000	1.000000	
1356622615.933558	1.000000	36.627350	23.310822	6.066849	1.000000	1.000000	0.999724	0.000621	1.000000	1.000000	1.000106	0.000135	1.000044	0.000062	0.997669	0.000032	1.004218	0.000009	1.007101	0.000009	1356622615.933778	0.999998	37.312907	23.657577	8.157349	1.000108	0.000068	1.000000	1.000000	0.999637	0.000059	0.998529	0.000017	1.000059	0.000138	0.996984	0.000007	1.000483	0.000007	1.000000	1.000000	
1356622616.933558	1.000000	715789681.742569	715826639.254547	715796089.122086	0.999890	1.000495	0.999888	1.000502	0.999896	1.000500	0.999890	1.000495	0.999891	1.000255	0.999893	1.000494	0.999892	1.000504	0.999891	1.000500	1356622616.933673	0.999895	715884085.107424	715890133.508696	715857736.095500	0.999889	1.000490	0.999888	1.000500	3.899848	0.256523	0.999891	1.000498	0.999890	1.000497	0.999894	1.000498	0.999891	1.000501	0.999892	1.000502	
1356622617.933558	1.000000	0.000000	0.000000	0.000000	-nan	-nan	-nan	-nan	0.000000	inf	-nan	-nan	-nan	0.000000	0.000000	inf	-nan	-nan	-nan	-nan	1356622617.933653	0.999980	0.000000	0.000000	0.000000	-nan	-nan	-nan	-nan	0.000000	inf	-nan	-nan	-nan	-nan	-nan	-nan	-nan	-nan	-nan	-nan	
1356622618.933558	1.000000	0.000000	0.000000	0.000000	-nan	-nan	-nan	-nan	-nan	-nan	-nan	-nan	-nan	0.000000	-nan	-nan	-nan	-nan	-nan	-nan	1356622618.933639	0.999986	0.000000	0.000000	0.000000	-nan	-nan	-nan	-nan	-nan	-nan	-nan	-nan	-nan	-nan	-nan	-nan	-nan	-nan	-nan	-nan	
1356622619.933611	1.000053	0.000000	0.000000	0.000000	-nan	-nan	-nan	-nan	-nan	-nan	-nan	-nan	-nan	-nan	-nan	-nan	-nan	-nan	-nan	-nan	1356622619.933689	1.000050	0.000000	0.000000	0.000000	-nan	-nan	-nan	-nan	-nan	-nan	-nan	-nan	-nan	-nan	-nan	-nan	-nan	-nan	-nan	-nan	
