ts_0	elapsed_0	pkg_0	pp0_0	dram_0	freq_ratio_0_0	c0_ratio_0_0	freq_ratio_0_1	c0_ratio_0_1	freq_ratio_0_2	c0_ratio_0_2	freq_ratio_0_3	c0_ratio_0_3	freq_ratio_0_4	c0_ratio_0_4	freq_ratio_0_5	c0_ratio_0_5	freq_ratio_0_6	c0_ratio_0_6	freq_ratio_0_7	c0_ratio_0_7	ts_1	elapsed_1	pkg_1	pp0_1	dram_1	freq_ratio_1_0	c0_ratio_1_0	freq_ratio_1_1	c0_ratio_1_1	freq_ratio_1_2	c0_ratio_1_2	freq_ratio_1_3	c0_ratio_1_3	freq_ratio_1_4	c0_ratio_1_4	freq_ratio_1_5	c0_ratio_1_5	freq_ratio_1_6	c0_ratio_1_6	freq_ratio_1_7	c0_ratio_1_7	
1352519610.250300	1.001854	58.825907	45.622496	3.413837	1.164387	0.654254	1.164275	0.654920	1.164493	0.652196	1.162850	0.636009	1.160591	0.615711	1.259284	0.216008	1.158828	0.008067	1.158222	0.005694	1352519610.250448	1.000604	55.313260	41.996168	3.382997	1.181653	0.646064	1.182323	0.645117	1.182242	0.645242	1.181498	0.598776	1.188111	0.040059	1.179473	0.438797	1.118507	0.005078	1.187939	0.066290	
1352519611.250306	1.000006	69.947123	56.684690	3.745049	1.156042	0.920158	1.156044	0.920591	1.156036	0.919170	1.156035	0.918796	1.156034	0.919143	1.156394	0.017283	1.156180	0.012743	1.155101	0.010995	1352519611.250399	0.999951	66.524446	53.150697	4.204583	1.158145	0.918147	1.158144	0.918199	1.158144	0.918175	1.158144	0.918206	1.159445	0.007492	1.155823	0.593581	1.159075	0.007938	1.158366	0.008064	
1352519612.250307	1.000001	67.526806	54.276270	3.765606	1.156210	0.845188	1.156218	0.846092	1.156212	0.843585	1.156213	0.843349	1.156212	0.843591	1.156395	0.012897	1.154916	0.012994	1.155054	0.013405	1352519612.250470	1.000071	64.008010	50.659807	4.175073	1.165107	0.838679	1.165102	0.838384	1.165103	0.838336	1.165102	0.838329	1.156786	0.049013	1.162994	0.524629	1.160827	0.012935	1.161578	0.006513	
1352519613.250302	0.999995	69.687300	56.411095	3.770801	1.156109	0.912016	1.156111	0.912527	1.156100	0.910736	1.156099	0.910612	1.156099	0.910717	1.155550	0.015375	1.156392	0.012407	1.155355	0.013370	1352519613.250426	0.999956	66.195165	52.831920	4.214206	1.159607	0.908476	1.159608	0.908213	1.159608	0.908187	1.159608	0.908191	1.158605	0.065984	1.156559	0.536010	1.161522	0.009886	1.158996	0.005087	
1352519614.250306	1.000004	67.561417	54.317865	3.763275	1.157288	0.877474	1.157290	0.878442	1.157285	0.875635	1.157285	0.875591	1.157286	0.875639	1.159531	0.012712	1.156507	0.009842	1.156297	0.010200	1352519614.250396	0.999970	64.350566	51.017600	3.919780	1.166482	0.486360	1.164595	0.872073	1.164595	0.872019	1.164595	0.872034	1.173351	0.017019	1.156687	0.550521	1.165857	0.463454	1.162941	0.004782	
1352519615.250299	0.999993	69.788111	56.502161	3.793193	1.157492	0.918775	1.157493	0.919288	1.157492	0.917597	1.157492	0.917490	1.157491	0.917582	1.157079	0.014161	1.156911	0.013288	1.156081	0.011049	1352519615.250391	0.999995	66.351452	52.987875	4.183065	1.159775	0.013247	1.159155	0.918363	1.159154	0.918395	1.159154	0.918410	1.160368	0.011429	1.156430	0.592593	1.159154	0.918405	1.155719	0.005970	
1352519616.250299	1.000000	69.717590	56.433563	3.776123	1.156944	0.921925	1.156951	0.922576	1.156941	0.920838	1.156942	0.920818	1.156941	0.920831	1.156866	0.015752	1.157757	0.010923	1.155068	0.011873	1352519616.250382	0.999991	66.229390	52.882285	4.210426	1.161806	0.015823	1.160423	0.917223	1.160423	0.917161	1.160423	0.917163	1.156705	0.009494	1.157931	0.594929	1.160423	0.917164	1.159560	0.005332	
1352519617.250299	1.000000	70.034515	56.746902	3.774277	1.156228	0.923312	1.156226	0.923958	1.156231	0.922189	1.156230	0.922171	1.156230	0.922189	1.156825	0.013756	1.156540	0.010858	1.155220	0.011877	1352519617.250393	1.000011	67.081433	53.717749	4.195175	1.158528	0.016375	1.157877	0.921451	1.157877	0.921424	1.157877	0.921439	1.156939	0.009964	1.156602	0.600460	1.157877	0.921438	1.157472	0.005078	
1352519618.250315	1.000016	70.514071	57.216447	3.868056	1.162363	0.681353	1.161798	0.875490	1.161805	0.872694	1.161806	0.872659	1.161806	0.872660	1.157625	0.219319	1.164509	0.290207	1.154352	0.055079	1352519618.250354	0.999961	63.358297	49.987443	4.254912	1.161545	0.017114	1.162615	0.873291	1.162615	0.873264	1.162615	0.873259	1.160335	0.012627	1.161549	0.208080	1.162615	0.873286	1.157449	0.009531	
1352519619.250296	0.999981	72.676481	59.375919	3.849835	1.155888	0.314878	1.156508	0.897317	1.156497	0.894984	1.156494	0.894854	1.156497	0.894950	1.156494	0.894869	1.155207	0.323958	1.154822	0.007323	1352519619.250357	1.000003	62.312017	48.938783	4.247347	1.159416	0.014025	1.159146	0.895780	1.159145	0.895851	1.159145	0.895859	1.159666	0.014479	1.157754	0.007364	1.159146	0.895893	1.156872	0.005847	
1352519620.250332	1.000036	72.402087	59.130562	3.834502	1.164411	0.161157	1.159966	0.920893	1.159974	0.919204	1.159974	0.919188	1.159974	0.919184	1.159974	0.919168	1.156543	0.399485	1.154515	0.009345	1352519620.250445	1.000088	62.323908	48.962688	4.226191	1.172186	0.015334	1.171659	0.913984	1.171660	0.913957	1.171659	0.913956	1.171256	0.014447	1.161293	0.010317	1.171659	0.913955	1.161902	0.036720	
1352519621.250300	0.999968	69.274338	56.017094	3.772353	1.156923	0.015923	1.156826	0.926508	1.156827	0.925107	1.156828	0.925036	1.156827	0.925105	1.156828	0.925023	1.156510	0.011245	1.155372	0.007547	1352519621.250362	0.999917	64.830284	51.485626	4.157526	1.169479	0.259080	1.165835	0.839385	1.167015	0.912706	1.167014	0.912692	1.171939	0.124458	1.157290	0.251312	1.167013	0.912700	1.159040	0.004845	
1352519622.250302	1.000002	69.973789	56.694350	3.762322	1.160825	0.015615	1.157834	0.937454	1.157823	0.935772	1.157823	0.935746	1.157822	0.936219	1.157823	0.935744	1.156004	0.013486	1.155089	0.009593	1352519622.250416	1.000054	66.189091	52.825050	4.218538	1.164446	0.369281	1.163755	0.610646	1.164000	0.922262	1.163994	0.922683	1.162155	0.028246	1.158916	0.531925	1.163991	0.922695	1.157752	0.004893	
1352519623.250310	1.000008	70.285410	57.006084	3.771118	1.157170	0.017740	1.156854	0.938605	1.156859	0.937042	1.156859	0.937021	1.156859	0.937030	1.156859	0.937011	1.155146	0.012983	1.154195	0.007300	1352519623.250420	1.000004	66.122138	52.749527	4.230604	1.162425	0.727517	1.164934	0.466714	1.163751	0.923662	1.163751	0.923656	1.163152	0.089567	1.156232	0.271778	1.163750	0.923648	1.160922	0.010510	
1352519624.250308	0.999998	69.592799	56.315095	3.779914	1.161046	0.018538	1.160415	0.919397	1.160428	0.917552	1.160427	0.917527	1.160427	0.917544	1.160427	0.917515	1.155139	0.009416	1.154121	0.007218	1352519624.250398	0.999978	65.429810	52.075483	4.262651	1.164920	0.253335	1.166759	0.800157	1.166717	0.904102	1.166717	0.904075	1.163526	0.395526	1.159720	0.083210	1.166716	0.904077	1.161489	0.006250	
1352519625.250301	0.999993	69.550835	56.269295	3.783885	1.159288	0.020951	1.159084	0.918998	1.159092	0.917055	1.159092	0.917038	1.159093	0.917053	1.159092	0.917037	1.154920	0.006967	1.154965	0.008092	1352519625.250397	0.999999	66.929507	53.563589	4.195042	1.157805	0.016437	1.157424	0.915213	1.157424	0.915176	1.157424	0.915181	1.157412	0.013491	1.155909	0.598714	1.157424	0.915187	1.155323	0.004928	
1352519626.250299	0.999998	69.310267	56.030212	3.783851	1.160341	0.017179	1.158817	0.904616	1.158827	0.902365	1.158825	0.902265	1.158828	0.902376	1.158826	0.902255	1.156915	0.010605	1.155479	0.010549	1352519626.250377	0.999980	65.499282	52.123648	4.213082	1.166047	0.716829	1.166318	0.273274	1.165403	0.893119	1.165402	0.893117	1.164668	0.057135	1.159144	0.466996	1.165401	0.893118	1.158832	0.005325	
1352519627.250299	1.000000	69.033661	55.749298	3.787613	1.158665	0.018516	1.158013	0.901991	1.158015	0.899585	1.158015	0.899568	1.158014	0.899591	1.158015	0.899569	1.156434	0.008487	1.156425	0.009601	1352519627.250405	1.000028	66.117693	52.735101	4.208669	1.162077	0.892105	1.166282	0.026592	1.162080	0.891675	1.162080	0.891678	1.173832	0.089176	1.155974	0.510434	1.162079	0.891674	1.157648	0.006024	
1352519628.250299	1.000000	69.254349	55.974319	3.785812	1.159428	0.017972	1.160565	0.905104	1.160577	0.902842	1.160578	0.902809	1.160582	0.902982	1.160578	0.902807	1.156452	0.011063	1.155321	0.008326	1352519628.250365	0.999960	65.942278	52.563385	4.214692	1.163880	0.896948	1.159091	0.013272	1.163869	0.896399	1.163880	0.896545	1.161894	0.014168	1.163169	0.593965	1.163879	0.896549	1.161311	0.007417	
1352519629.250306	1.000007	69.804434	56.524054	3.746861	1.159692	0.016742	1.158179	0.911427	1.158186	0.909404	1.158185	0.909351	1.158186	0.909363	1.158185	0.909334	1.156072	0.011123	1.155146	0.007959	1352519629.250378	1.000013	66.627346	53.243229	4.221487	1.158010	0.909120	1.158811	0.056829	1.158016	0.907787	1.158016	0.907793	1.157732	0.052079	1.155424	0.509881	1.158016	0.907788	1.157707	0.006883	
1352519630.250299	0.999993	69.302069	56.027868	3.768169	1.165466	0.021281	1.160700	0.917897	1.160644	0.914612	1.160646	0.914390	1.160644	0.914606	1.160646	0.914378	1.155383	0.010410	1.155294	0.007296	1352519630.250363	0.999985	66.527534	53.149404	4.206530	1.158194	0.915059	1.159339	0.012443	1.158193	0.914374	1.158193	0.914323	1.158828	0.013442	1.156916	0.594375	1.158193	0.914324	1.166254	0.009274	
1352519631.250305	1.000006	69.019837	55.748218	3.771782	1.161678	0.017414	1.162026	0.915435	1.162002	0.913839	1.161999	0.913642	1.162003	0.913811	1.161998	0.913660	1.155793	0.011860	1.154832	0.006025	1352519631.250384	1.000021	65.728464	52.345002	4.253283	1.164737	0.791503	1.171028	0.267473	1.166996	0.902139	1.166996	0.902028	1.168047	0.148965	1.160684	0.324062	1.166995	0.902031	1.160937	0.007230	
1352519632.250305	1.000000	67.783417	54.499084	3.779907	1.163710	0.019029	1.163571	0.868263	1.163551	0.865173	1.163551	0.865158	1.163551	0.865167	1.163552	0.865135	1.157135	0.010833	1.155811	0.006029	1352519632.250394	1.000010	64.042297	50.668331	4.252429	1.174167	0.804429	1.180591	0.595181	1.170874	0.579190	1.174781	0.852344	1.181201	0.100432	1.162711	0.257903	1.174774	0.852313	1.161739	0.006668	
1352519633.250307	1.000002	68.514731	55.231279	3.761086	1.161763	0.019057	1.162112	0.897792	1.162120	0.895411	1.162121	0.895344	1.162120	0.895391	1.162120	0.895352	1.155747	0.006544	1.155309	0.005946	1352519633.250395	1.000001	66.685682	53.300822	4.196483	1.156821	0.897251	1.157818	0.015448	1.156822	0.896870	1.156822	0.896859	1.158989	0.015298	1.155076	0.602199	1.156822	0.896863	1.155006	0.004875	
1352519634.250302	0.999995	69.613904	56.329643	3.756077	1.165933	0.018924	1.164378	0.933964	1.164374	0.932360	1.164373	0.932350	1.164374	0.932359	1.164374	0.932337	1.155180	0.008352	1.155147	0.006173	1352519634.250418	1.000023	66.352607	52.968972	4.199825	1.166313	0.642422	1.166437	0.379891	1.164713	0.923354	1.164714	0.923292	1.166376	0.040811	1.158315	0.486866	1.164713	0.923283	1.157502	0.005159	
1352519635.250308	1.000006	69.292006	56.007341	3.768105	1.159431	0.017580	1.158221	0.905104	1.158218	0.903113	1.158219	0.902811	1.158218	0.903100	1.158219	0.902781	1.154720	0.009064	1.154434	0.005688	1352519635.250420	1.000002	66.223980	52.840857	4.220100	1.163071	0.579980	1.163179	0.899948	1.170063	0.447249	1.163124	0.898017	1.172185	0.027215	1.155351	0.470161	1.163117	0.897998	1.156207	0.004909	
1352519636.250312	1.000004	715814081.526392	715772024.007647	715793862.710636	0.999952	1.000316	0.999950	1.000322	0.999952	1.000325	0.999952	1.000314	0.999951	1.000314	0.999954	1.000311	0.999952	1.000316	0.999953	1.000320	1352519636.250398	0.999978	715819741.700648	715804225.768181	715829033.308661	0.999952	1.000317	0.999949	1.000315	3.895631	0.256769	0.999951	1.000311	0.999952	1.000319	0.999955	1.000316	0.999951	1.000316	0.999954	1.000325	
1352519637.250298	0.999986	0.000000	0.000000	0.000000	-nan	-nan	-nan	-nan	0.000000	inf	-nan	-nan	-nan	0.000000	-nan	-nan	-nan	-nan	-nan	-nan	1352519637.250354	0.999956	0.000000	0.000000	0.000000	-nan	-nan	-nan	-nan	0.000000	inf	-nan	-nan	-nan	-nan	-nan	-nan	-nan	-nan	-nan	-nan	
