ts_0	elapsed_0	pkg_0	pp0_0	dram_0	freq_ratio_0_0	c0_ratio_0_0	freq_ratio_0_1	c0_ratio_0_1	freq_ratio_0_2	c0_ratio_0_2	freq_ratio_0_3	c0_ratio_0_3	freq_ratio_0_4	c0_ratio_0_4	freq_ratio_0_5	c0_ratio_0_5	freq_ratio_0_6	c0_ratio_0_6	freq_ratio_0_7	c0_ratio_0_7	ts_1	elapsed_1	pkg_1	pp0_1	dram_1	freq_ratio_1_0	c0_ratio_1_0	freq_ratio_1_1	c0_ratio_1_1	freq_ratio_1_2	c0_ratio_1_2	freq_ratio_1_3	c0_ratio_1_3	freq_ratio_1_4	c0_ratio_1_4	freq_ratio_1_5	c0_ratio_1_5	freq_ratio_1_6	c0_ratio_1_6	freq_ratio_1_7	c0_ratio_1_7	
1356624145.682313	1.001748	42.683397	29.298500	5.900254	1.157860	0.513442	1.156030	0.504066	1.155893	0.507388	1.155200	0.505636	1.154206	0.497127	1.155439	0.503345	1.155564	0.501082	1.154576	0.496675	1356624145.682505	1.000457	41.068876	27.650357	6.269199	0.999934	0.992068	0.999992	0.991784	1.001179	0.000397	0.996677	0.000079	0.827015	0.000114	1.015114	0.000032	1.013616	0.000032	0.999876	0.992674	
1356624146.682294	0.999981	42.872980	29.464658	5.903189	0.999409	0.000371	1.000001	1.000000	1.000000	1.000000	1.001805	0.000056	1.000000	1.000000	1.002110	0.000081	1.000923	0.000119	1.010234	0.000052	1356624146.682495	0.999990	41.263231	27.834675	6.576573	1.000000	1.000000	1.000000	1.000000	0.993606	0.000085	0.998879	0.000007	1.000103	0.000131	0.986957	0.000050	0.996050	0.000116	1.000000	1.000000	
1356624147.682293	0.999999	42.897166	29.478742	5.935171	0.999983	0.000649	0.999999	1.000000	1.000000	1.000000	0.997429	0.000085	1.000000	1.000000	0.990412	0.000019	1.000566	0.000153	0.996750	0.000045	1356624147.682489	0.999994	41.337115	27.911925	6.538842	1.000000	1.000000	1.000000	1.000000	1.009562	0.000059	1.007290	0.000071	1.000009	0.002128	1.028894	0.000022	1.024041	0.000021	1.000000	1.000000	
1356624148.682293	1.000000	42.949203	29.515976	6.032578	1.000150	0.000365	1.000000	1.000000	1.000000	1.000001	1.020926	0.000008	1.000000	1.000000	1.000425	0.000050	0.998666	0.000103	1.002884	0.000037	1356624148.682480	0.999991	41.389978	27.945825	6.669341	1.000000	1.000000	1.000000	1.000000	0.999943	0.000074	1.000110	0.000007	0.999771	0.000084	0.999746	0.000052	0.999870	0.000050	1.000000	1.000000	
1356624149.682293	1.000000	42.943604	29.539948	5.875534	0.999841	0.000563	1.000000	1.000000	1.000000	1.000000	1.000068	0.000062	1.000000	1.000000	1.012580	0.000013	0.999210	0.000130	1.000694	0.000046	1356624149.682486	1.000006	41.393049	27.967210	6.574653	1.000000	1.000000	1.000000	1.000000	0.986371	0.000044	0.999830	0.000059	0.999853	0.000068	0.998643	0.000007	1.000054	0.000007	1.000000	1.000000	
1356624150.682293	1.000000	42.961456	29.540955	5.954224	1.000074	0.000369	1.000000	1.000000	1.000000	1.000000	1.001794	0.000013	1.000000	1.000000	0.998954	0.000066	1.000935	0.000104	0.996367	0.000008	1356624150.682494	1.000008	41.418732	27.988787	6.569496	1.000000	1.000000	1.000000	1.000000	1.001502	0.000392	0.993534	0.000007	1.000099	0.000093	0.999662	0.000050	0.999418	0.000070	1.000000	1.000000	
1356624151.682293	1.000000	46.590942	33.176437	5.926880	1.000010	0.003613	1.000000	1.000000	1.000000	1.000000	0.999826	0.002864	1.000000	1.000000	0.999824	0.002645	0.999953	0.003142	1.000073	0.002789	1356624151.682449	0.999955	43.671829	30.253042	6.565100	1.000000	1.000000	1.000000	1.000000	1.000002	0.002939	1.000016	0.002825	1.000002	0.003861	0.999809	0.002875	1.000022	0.002730	1.000000	1.000000	
1356624152.682293	1.000000	42.972229	29.557541	5.933105	0.999991	0.000372	1.000000	1.000000	1.000000	1.000000	1.040645	0.000012	1.000000	1.000000	1.012432	0.000040	1.001280	0.000103	0.979640	0.000008	1356624152.682492	1.000043	41.418007	28.001133	6.420440	1.000000	1.000000	1.000000	1.000000	0.999804	0.000075	1.001991	0.000007	0.999992	0.000091	1.010627	0.000050	0.999692	0.000051	1.000000	1.000000	
1356624153.682293	1.000000	43.000519	29.572983	5.909256	0.999999	0.000527	1.000000	1.000000	1.000000	1.000000	0.999528	0.000056	1.000000	1.000000	0.989593	0.000013	0.999647	0.000131	0.999043	0.000051	1356624153.682491	0.999999	41.433404	27.999371	6.541113	1.000000	1.000000	1.000000	1.000000	0.999944	0.000041	0.999731	0.000060	1.000033	0.000081	1.005646	0.000007	0.999088	0.000007	1.000000	1.000000	
1356624154.682293	1.000000	42.983322	29.566559	5.927887	0.999997	0.000359	1.000000	1.000000	1.000000	1.000000	0.999671	0.000013	1.000000	1.000000	1.001097	0.000130	1.000881	0.000103	0.999081	0.000008	1356624154.682486	0.999995	41.426996	28.007464	6.593875	1.000000	1.000000	1.000000	1.000000	0.992460	0.000073	0.999946	0.000007	0.999924	0.000092	1.000288	0.000051	0.999805	0.000146	1.000000	1.000000	
1356624155.682293	1.000000	42.999832	29.588425	5.943359	0.999985	0.000549	1.000000	1.000000	1.000000	1.000000	1.000127	0.000392	1.000000	1.000000	0.999789	0.000013	0.999287	0.000135	0.998779	0.000050	1356624155.682486	1.000000	41.376053	27.978210	6.242966	1.000000	1.000000	1.000000	1.000000	1.001537	0.000351	0.999931	0.000061	0.999759	0.000083	0.994316	0.000007	1.004076	0.000007	1.000000	1.000000	
1356624156.682293	1.000000	43.000366	29.576401	5.931107	0.999982	0.000361	1.000000	1.000000	1.000000	1.000000	1.003003	0.000013	1.000000	1.000000	0.999232	0.000048	1.000112	0.000103	1.010082	0.000008	1356624156.682479	0.999993	41.432766	28.008769	6.532577	1.000000	1.000000	1.000000	1.000000	1.000148	0.000070	1.000327	0.000007	1.000166	0.000137	1.000691	0.000052	0.999746	0.000052	1.000000	1.000000	
1356624157.682293	1.000000	43.027191	29.592957	5.922363	0.999931	0.000554	1.000000	1.000000	1.000000	1.000000	0.991455	0.000057	1.000000	1.000000	1.001744	0.000013	1.000521	0.000132	0.991011	0.000052	1356624157.682486	1.000007	41.384174	27.948064	6.560563	1.000000	1.000000	1.000000	1.000000	0.999257	0.000044	0.992080	0.000060	1.000001	0.002094	0.995960	0.000007	0.998768	0.000007	1.000000	1.000000	
1356624158.682293	1.000000	43.050293	29.606323	5.963684	1.000028	0.000373	1.000000	1.000000	1.000000	1.000000	1.016987	0.000028	1.000000	1.000000	0.999223	0.000073	0.999474	0.000117	1.019719	0.000022	1356624158.682487	1.000001	41.422629	27.978352	6.602365	1.000000	1.000000	1.000000	1.000000	0.992915	0.000074	0.998587	0.000007	1.000149	0.000088	0.987816	0.000051	0.992882	0.000067	1.000000	1.000000	
1356624159.682293	1.000000	43.061081	29.631989	5.916931	0.999730	0.000571	1.000000	1.000000	1.000000	1.000000	0.999876	0.000069	1.000000	1.000000	0.999833	0.000021	0.999976	0.000161	1.000077	0.000045	1356624159.682490	1.000003	41.379404	27.953496	6.449595	1.000000	1.000000	1.000000	1.000000	0.999412	0.000059	0.997449	0.000070	0.999434	0.000096	1.029489	0.000021	1.013783	0.000034	1.000000	1.000000	
1356624160.682293	1.000000	43.083862	29.630219	5.969254	1.000434	0.000368	1.000000	1.000000	1.000000	1.000000	0.999078	0.000023	1.000000	1.000000	1.001691	0.000048	0.999984	0.000124	1.007610	0.000008	1356624160.682482	0.999992	41.484482	28.027724	6.681786	1.000000	1.000000	1.000000	1.000000	1.001483	0.000386	1.001089	0.000007	1.000384	0.000094	1.000070	0.000077	1.000017	0.000045	1.000000	1.000000	
1356624161.682293	1.000000	43.064941	29.619263	5.987793	0.999972	0.000529	1.000000	1.000000	1.000000	1.000000	0.999825	0.000057	1.000000	1.000000	0.994040	0.000013	1.000201	0.000131	0.999417	0.000052	1356624161.682487	1.000005	41.462729	27.998715	6.686170	1.000000	1.000000	1.000000	1.000000	0.999415	0.000043	1.001317	0.000505	0.999685	0.000130	1.001405	0.000007	0.997390	0.000007	1.000000	1.000000	
1356624162.682293	1.000000	43.040039	29.601685	5.914993	0.999969	0.000372	1.000000	1.000000	1.000000	1.000000	0.996050	0.000013	1.000000	1.000000	0.999496	0.000055	0.999678	0.000103	0.982098	0.000008	1356624162.682486	0.999999	41.438623	27.999081	6.556235	1.000000	1.000000	1.000000	1.000000	1.000432	0.000071	0.998801	0.000007	1.000451	0.000094	1.000182	0.000049	1.000218	0.000066	1.000000	1.000000	
1356624163.682293	1.000000	43.047195	29.613327	5.948532	1.000001	0.000568	1.000000	1.000000	1.000000	1.000000	0.999831	0.000055	1.000000	1.000000	0.996818	0.000013	1.000588	0.000132	1.002338	0.000050	1356624163.682488	1.000002	41.392759	27.947014	6.537402	1.000000	1.000000	1.000000	1.000000	1.000009	0.000042	1.000178	0.000059	0.999710	0.000081	1.000494	0.000007	0.998697	0.000007	1.000000	1.000000	
1356624164.682293	1.000000	43.002640	29.565277	5.943283	1.000013	0.000335	1.000000	1.000000	1.000000	1.000000	1.002376	0.000013	1.000000	1.000000	1.000308	0.000046	0.999151	0.000104	1.009665	0.000008	1356624164.682489	1.000001	41.412146	27.958637	6.600015	1.000000	1.000000	1.000000	1.000000	0.991785	0.000072	0.998843	0.000007	1.000082	0.000334	1.000307	0.000050	0.999870	0.000050	1.000000	1.000000	
1356624165.682293	1.000000	43.007477	29.575272	5.904587	0.999943	0.000547	1.000000	1.000000	1.000000	1.000000	1.000356	0.000056	1.000000	1.000000	1.010912	0.000013	0.999950	0.000131	0.998928	0.000051	1356624165.682490	1.000001	41.505789	28.056126	6.584711	1.000000	1.000000	1.000000	1.000000	1.001611	0.000361	1.000160	0.000060	0.999645	0.000082	0.997139	0.000007	1.004012	0.000007	1.000000	1.000000	
1356624166.682293	1.000000	43.038910	29.612976	5.905457	0.999982	0.000360	1.000000	1.000000	1.000000	1.000000	1.002016	0.000013	1.000000	1.000000	0.999298	0.000054	1.000754	0.000104	1.001869	0.000008	1356624166.682486	0.999996	41.401657	27.975501	6.638104	1.000000	1.000000	1.000000	1.000000	0.999917	0.000070	0.999009	0.000007	1.000011	0.000136	0.999291	0.000051	0.999945	0.000063	1.000000	1.000000	
1356624167.682293	1.000000	43.071899	29.650223	5.914551	1.000016	0.000565	1.000000	1.000000	1.000000	1.000000	0.999951	0.000055	1.000000	1.000000	0.999280	0.000013	1.000020	0.000133	0.997996	0.000050	1356624167.682486	1.000000	41.447647	28.020309	6.489639	1.000000	1.000000	1.000000	1.000000	0.999662	0.000043	0.999117	0.000059	1.000013	0.002097	1.001594	0.000007	1.001382	0.000007	1.000000	1.000000	
1356624168.682293	1.000000	42.993454	29.568695	5.906113	0.999989	0.000356	1.000000	1.000000	1.000000	1.000000	0.999485	0.000013	1.000000	1.000000	0.999231	0.000046	0.999758	0.000104	1.015916	0.000008	1356624168.682489	1.000003	41.471017	28.027379	6.598673	1.000000	1.000000	1.000000	1.000000	1.000246	0.000074	1.001355	0.000007	0.999600	0.000088	0.999661	0.000050	0.999780	0.000049	1.000000	1.000000	
1356624169.682293	1.000000	42.833969	29.440918	5.924759	1.000001	0.000528	1.000000	1.000000	1.000000	1.000000	0.995052	0.000090	1.000000	1.000000	1.005072	0.000013	1.000068	0.000130	0.990313	0.000051	1356624169.682492	1.000003	41.481439	28.058446	6.429179	1.000000	1.000000	1.000000	1.000000	0.990384	0.000058	0.991830	0.000058	1.000305	0.000082	1.001407	0.000007	1.000375	0.000007	1.000000	1.000000	
1356624170.682293	1.000000	42.779953	29.382736	5.949051	0.999970	0.000389	1.000000	1.000000	1.000000	1.000000	1.010201	0.000023	1.000000	1.000000	0.997601	0.000066	0.998719	0.000117	1.018303	0.000022	1356624170.682496	1.000004	41.507064	28.057549	6.569889	1.000000	1.000000	1.000000	1.000000	1.000020	0.000374	0.998733	0.000007	0.999825	0.000095	0.987399	0.000050	0.991934	0.000064	1.000000	1.000000	
1356624171.682293	1.000000	42.817245	29.408844	5.970901	0.999983	0.000559	1.000000	1.000000	1.000000	1.000000	1.004274	0.000052	1.000000	1.000000	1.011372	0.000008	1.001362	0.000132	1.000304	0.000044	1356624171.682483	0.999987	41.518107	28.072115	6.651256	1.000000	1.000000	1.000000	1.000000	1.009240	0.000058	1.007573	0.000068	1.000178	0.000147	1.031555	0.000021	1.023183	0.000021	1.000000	1.000000	
1356624172.682293	1.000000	42.966248	29.566071	5.916794	0.999888	0.000656	1.000000	1.000000	1.000000	1.000000	1.000000	0.000013	1.000000	1.000000	0.999858	0.000046	0.999187	0.000103	0.985373	0.000008	1356624172.682489	1.000006	41.464154	28.044999	6.336632	1.000000	1.000000	1.000000	1.000000	0.999995	0.000581	1.001083	0.000007	0.999768	0.000093	1.000184	0.000052	1.000955	0.000050	1.000000	1.000000	
1356624173.682293	1.000000	42.881943	29.476746	5.914276	1.000113	0.000545	1.000000	1.000000	1.000000	1.000000	0.999935	0.000059	1.000000	1.000000	1.004631	0.000013	1.000119	0.000130	1.002762	0.000051	1356624173.682488	0.999999	41.515253	28.080380	6.632590	1.000000	1.000000	1.000000	1.000000	1.000271	0.000043	0.999967	0.000058	1.000067	0.000081	0.994980	0.000007	0.998425	0.000007	1.000000	1.000000	
1356624174.682293	1.000000	42.871490	29.464188	6.010178	0.999813	0.000356	1.000000	1.000000	1.000000	1.000000	0.993004	0.000013	1.000000	1.000000	0.998229	0.000051	0.999094	0.000103	0.990691	0.000008	1356624174.682496	1.000008	41.507186	28.067079	6.530266	1.000000	1.000000	1.000000	1.000000	0.991938	0.000073	0.997762	0.000007	1.000146	0.000090	1.000413	0.000049	0.999635	0.000060	1.000000	1.000000	
1356624175.682293	1.000000	42.828583	29.438522	5.924240	1.000086	0.000559	1.000000	1.000000	1.000000	1.000000	1.001915	0.000056	1.000000	1.000000	1.003024	0.000013	1.000979	0.000131	1.000531	0.000050	1356624175.682489	0.999993	41.477124	28.051875	6.549850	1.000000	1.000000	1.000000	1.000000	1.001676	0.000344	1.000288	0.000059	0.999845	0.000082	1.000937	0.000006	1.005008	0.000007	1.000000	1.000000	
1356624176.682293	1.000000	45.400726	31.992920	5.896622	0.999986	0.003527	1.000000	1.000000	1.000000	1.000000	0.999790	0.002961	1.000000	1.000000	0.999800	0.002945	0.999969	0.003182	1.000030	0.002725	1356624176.682444	0.999955	41.517221	28.087814	6.677333	1.000000	1.000000	1.000000	1.000000	0.999994	0.002762	0.999991	0.002581	1.000000	0.003863	1.000000	0.002634	0.999995	0.002686	1.000000	1.000000	
1356624177.682293	1.000000	42.805283	29.388016	5.945694	1.000051	0.000588	1.000000	1.000000	1.000000	1.000000	1.011896	0.000052	1.000000	1.000000	1.053359	0.000012	1.000774	0.000131	0.998568	0.000050	1356624177.682487	1.000043	41.442451	27.990467	6.720201	1.000000	1.000000	1.000000	1.000000	0.987270	0.000057	0.999974	0.000059	0.999997	0.002109	0.992955	0.000007	0.992397	0.000007	1.000000	1.000000	
1356624178.682293	1.000000	42.775757	29.366180	5.904160	0.999976	0.000411	1.000000	1.000000	1.000000	1.000000	0.995584	0.000013	1.000000	1.000000	0.999897	0.000048	0.999208	0.000104	0.996563	0.000008	1356624178.682489	1.000002	41.427350	27.991051	6.517077	1.000000	1.000000	1.000000	1.000000	1.007014	0.000104	0.999236	0.000007	1.000044	0.000088	1.000705	0.000051	1.000324	0.000061	1.000000	1.000000	
1356624179.682293	1.000000	42.791443	29.386002	5.921646	0.999987	0.000544	1.000000	1.000000	1.000000	1.000000	1.000543	0.000054	1.000000	1.000000	1.001208	0.000013	1.000329	0.000135	1.001950	0.000051	1356624179.682478	0.999989	41.333568	27.901856	6.627133	1.000000	1.000000	1.000000	1.000000	0.983471	0.000045	1.000293	0.000061	0.999745	0.000082	0.995631	0.000007	0.996726	0.000007	1.000000	1.000000	
1356624180.682293	1.000000	42.811768	29.394470	5.918915	0.999807	0.000336	1.000000	1.000000	1.000000	1.000000	0.997755	0.000013	1.000000	1.000000	0.998176	0.000048	0.999463	0.000103	1.000443	0.000008	1356624180.682492	1.000014	41.436307	27.988315	6.575133	1.000000	1.000000	1.000000	1.000000	1.001854	0.000396	0.998703	0.000007	0.999979	0.000093	0.988124	0.000053	1.000795	0.000052	1.000000	1.000000	
1356624181.682293	1.000000	42.810760	29.407196	5.893326	1.000090	0.000553	1.000000	1.000000	1.000000	1.000000	0.993440	0.000058	1.000000	1.000000	1.005149	0.000013	0.999935	0.000131	0.990582	0.000052	1356624181.682487	0.999995	41.349023	27.923190	6.485308	1.000000	1.000000	1.000000	1.000000	0.999863	0.000042	0.991777	0.000059	1.000156	0.000128	0.993618	0.000007	0.999946	0.000007	1.000000	1.000000	
1356624182.682293	1.000000	42.787918	29.376099	5.935760	1.000006	0.000414	1.000000	1.000000	1.000000	1.000000	1.012850	0.000028	1.000000	1.000000	0.998998	0.000071	1.000260	0.000119	1.017262	0.000022	1356624182.682478	0.999991	41.319405	27.867272	6.625945	1.000000	1.000000	1.000000	1.000000	0.992747	0.000074	0.996641	0.000008	1.000077	0.000095	1.000179	0.000269	0.992712	0.000069	1.000000	1.000000	
1356624183.682293	1.000000	42.826309	29.401749	5.967255	0.999869	0.000545	1.000000	1.000000	1.000000	1.000000	0.998909	0.000055	1.000000	1.000000	1.002530	0.000008	0.999962	0.000132	1.005534	0.000045	1356624183.682493	1.000015	41.396214	27.944115	6.538781	1.000000	1.000000	1.000000	1.000000	1.009332	0.000058	1.007309	0.000070	0.999948	0.000097	1.031352	0.000021	1.023315	0.000021	1.000000	1.000000	
1356624184.682293	1.000000	42.834656	29.430359	5.922226	1.000807	0.000355	1.000000	1.000000	1.000000	1.000000	1.005177	0.000013	1.000000	1.000000	1.000832	0.000047	1.000291	0.000103	0.978931	0.000008	1356624184.682490	0.999997	41.297201	27.868891	6.488027	1.000000	1.000000	1.000000	1.000000	0.989832	0.000071	1.000383	0.000007	0.999849	0.000092	1.000163	0.000052	1.000130	0.000050	1.000000	1.000000	
1356624185.682293	1.000000	42.807297	29.368408	5.966949	0.999876	0.000524	1.000000	1.000000	1.000000	1.000000	1.000953	0.000057	1.000000	1.000000	0.996988	0.000013	1.000047	0.000131	0.999237	0.000052	1356624185.682493	1.000003	41.299417	27.825796	6.731241	1.000000	1.000000	1.000000	1.000000	1.002028	0.000342	1.000118	0.000059	0.999647	0.000082	0.995426	0.000007	0.993684	0.000007	1.000000	1.000000	
1356624186.682293	1.000000	42.813568	29.408386	5.907516	1.000143	0.000354	1.000000	1.000000	1.000000	1.000000	0.999156	0.000013	1.000000	1.000000	0.999400	0.000054	0.999587	0.000104	1.001158	0.000008	1356624186.682490	0.999997	41.317099	27.887522	6.467320	1.000000	1.000000	1.000000	1.000000	1.000412	0.000068	0.998497	0.000007	1.000109	0.000376	0.999573	0.000051	1.000813	0.000064	1.000000	1.000000	
1356624187.682293	1.000000	42.836075	29.405502	5.898575	0.999960	0.000571	1.000000	1.000000	1.000000	1.000000	0.999993	0.000055	1.000000	1.000000	1.007223	0.000013	1.000360	0.000132	0.999122	0.000050	1356624187.682493	1.000003	41.264017	27.818212	6.845300	1.000000	1.000000	1.000000	1.000000	0.999679	0.000043	0.999835	0.000061	1.000000	0.002085	1.004001	0.000007	0.994805	0.000007	1.000000	1.000000	
1356624188.682293	1.000000	42.853897	29.431091	5.918121	0.999991	0.000355	1.000000	1.000000	1.000001	1.000001	0.995773	0.000013	1.000000	1.000000	0.999867	0.000046	1.000074	0.000104	1.004457	0.000008	1356624188.682494	1.000001	41.300528	27.850666	6.643106	1.000000	1.000000	1.000000	1.000000	0.989656	0.000073	0.994444	0.000007	1.000173	0.000087	0.999699	0.000051	1.000031	0.000051	1.000000	1.000000	
1356624189.682293	1.000000	42.859650	29.455460	5.906219	1.000023	0.000546	1.000000	1.000000	1.000000	1.000000	0.999973	0.000057	1.000000	1.000000	0.997049	0.000013	0.998695	0.000130	0.998322	0.000051	1356624189.682493	0.999999	41.288385	27.862804	6.561392	1.000000	1.000000	1.000000	1.000000	1.000667	0.000076	1.000786	0.000058	0.999640	0.000082	1.004448	0.000007	1.006273	0.000007	1.000000	1.000000	
1356624190.682293	1.000000	42.834793	29.424026	5.891861	0.999072	0.000359	1.000000	0.999999	1.000000	1.000000	0.994529	0.000013	1.000000	1.000000	0.998357	0.000054	1.000987	0.000102	1.010039	0.000008	1356624190.682497	1.000004	41.290314	27.856561	6.513951	1.000000	1.000000	1.000000	1.000000	1.001915	0.000371	1.001764	0.000007	0.999992	0.000094	1.000209	0.000050	0.999459	0.000063	1.000000	1.000000	
1356624191.682293	1.000000	42.861176	29.446091	5.873169	1.000536	0.000530	1.000000	1.000001	1.000000	1.000000	1.002594	0.000055	1.000000	1.000001	1.009737	0.000013	1.000580	0.000130	1.000340	0.000050	1356624191.682492	0.999995	41.303155	27.869402	6.642718	1.000000	1.000000	1.000000	1.000000	1.000009	0.000042	0.999593	0.000058	0.999982	0.000105	0.997049	0.000007	1.001302	0.000007	1.000000	1.000000	
1356624192.682293	1.000000	42.874435	29.453186	5.911713	0.999502	0.000428	1.000000	1.000000	1.000000	0.999999	0.993291	0.000013	1.000000	0.999999	1.000634	0.000046	0.999626	0.000130	0.992011	0.000008	1356624192.682496	1.000004	41.359162	27.916040	6.564411	1.000000	1.000000	1.000000	1.000000	0.999737	0.000073	1.000110	0.000007	0.999751	0.000092	0.999261	0.000051	1.000359	0.000049	1.000000	1.000000	
1356624193.682293	1.000000	42.843719	29.414978	5.947571	0.999852	0.000548	1.000000	1.000000	1.000000	1.000000	0.993464	0.000056	1.000000	1.000000	0.992821	0.000013	0.998970	0.000131	0.991398	0.000051	1356624193.682490	0.999994	41.349749	27.896330	6.684107	1.000000	1.000000	1.000000	1.000000	1.000105	0.000044	0.991242	0.000058	1.000362	0.000082	1.007278	0.000007	0.998441	0.000007	1.000000	1.000000	
1356624194.682293	1.000000	42.819397	29.420776	5.919373	1.000720	0.000371	1.000000	1.000000	1.000000	1.000000	1.015995	0.000028	1.000000	1.000000	1.000586	0.000067	1.001219	0.000119	1.021867	0.000022	1356624194.682489	0.999999	41.346582	27.912167	6.472556	1.000000	1.000000	1.000000	1.000000	0.992093	0.000070	1.003758	0.000007	0.999580	0.000090	0.986649	0.000049	0.992454	0.000065	1.000000	1.000000	
1356624195.682293	1.000000	42.863174	29.417343	5.916153	1.000017	0.000559	1.000000	1.000000	1.000000	1.000000	0.999824	0.000081	1.000000	1.000000	1.006534	0.000008	1.000029	0.000132	1.000458	0.000045	1356624195.682494	1.000005	41.354667	27.878767	6.730588	1.000000	1.000000	1.000000	1.000000	1.001310	0.000417	1.007114	0.000069	1.000112	0.000097	1.029722	0.000021	1.024776	0.000021	1.000000	1.000000	
1356624196.682293	1.000000	42.870789	29.434036	6.011307	0.999231	0.000377	1.000000	1.000000	1.000000	1.000000	0.998281	0.000008	1.000000	1.000000	0.999191	0.000046	0.999624	0.000103	1.026578	0.000008	1356624196.682493	0.999999	41.333124	27.869411	6.767157	1.000000	1.000000	1.000000	1.000000	1.000201	0.000069	1.001248	0.000007	1.000286	0.000115	0.999736	0.000051	0.998821	0.000051	1.000000	1.000000	
1356624197.682293	1.000000	42.869308	29.445679	5.910660	0.999876	0.000565	1.000000	1.000000	1.000000	1.000000	1.000000	0.000051	1.000000	1.000000	0.998191	0.000013	1.000303	0.000130	0.995707	0.000052	1356624197.682491	0.999998	41.275240	27.839607	6.595090	1.000000	1.000000	1.000000	1.000000	0.999778	0.000044	0.999841	0.000058	0.999982	0.002078	1.002142	0.000007	0.999218	0.000007	1.000000	1.000000	
1356624198.682293	1.000000	42.892868	29.454330	5.968063	1.000988	0.000353	1.000000	1.000000	1.000000	1.000000	1.001027	0.000013	1.000000	1.000000	1.004621	0.000050	0.999837	0.000104	1.006563	0.000008	1356624198.682486	0.999995	41.295953	27.829638	6.791126	1.000000	1.000000	1.000000	1.000000	1.000147	0.000073	1.002013	0.000007	1.000341	0.000087	1.000174	0.000049	1.000805	0.000061	1.000000	1.000000	
1356624199.682293	1.000000	42.868423	29.451202	5.905716	0.999544	0.000531	1.000000	1.000000	1.000000	1.000000	1.000508	0.000055	1.000000	1.000000	0.980841	0.000013	0.999553	0.000130	0.998742	0.000050	1356624199.682488	1.000002	41.297880	27.856285	6.581317	1.000000	1.000000	1.000000	1.000000	0.982859	0.000044	0.999611	0.000058	1.000123	0.000081	0.997087	0.000007	1.000213	0.000007	1.000000	1.000000	
1356624200.682293	1.000000	42.856812	29.445435	5.909531	0.999828	0.000353	1.000000	1.000001	1.000001	1.000000	0.990072	0.000013	1.000000	1.000000	1.000813	0.000046	1.000467	0.000102	1.008187	0.000008	1356624200.682487	0.999999	41.283868	27.851406	6.649527	1.000000	1.000000	1.000000	1.000000	1.002035	0.000370	1.000757	0.000007	0.999763	0.000093	1.000399	0.000050	0.999862	0.000050	1.000000	1.000000	
1356624201.682293	1.000000	45.231125	31.809418	5.924469	1.000058	0.003522	1.000000	1.000000	0.999999	0.999999	0.999922	0.002952	1.000000	1.000000	0.999809	0.002912	0.999984	0.003123	0.999997	0.002864	1356624201.682449	0.999962	44.628080	31.185905	6.478212	1.000000	1.000000	1.000000	1.000000	0.999752	0.002941	0.999995	0.002875	1.000008	0.003632	0.999835	0.002842	0.999805	0.002817	1.000000	1.000000	
1356624202.682293	1.000000	42.929108	29.478622	5.953186	0.999897	0.000361	1.000000	1.000000	1.000000	1.000000	1.026415	0.000012	1.000000	1.000000	1.022609	0.000034	0.999298	0.000103	0.986779	0.000008	1356624202.682490	1.000041	41.348280	27.871797	6.744673	1.000000	1.000000	1.000000	1.000000	1.000255	0.000598	1.000913	0.000007	0.999801	0.000093	1.009508	0.000048	1.008692	0.000058	1.000000	1.000000	
1356624203.682293	1.000000	42.872299	29.436600	5.979477	1.000144	0.000547	1.000000	1.000000	1.000000	1.000000	0.998895	0.000053	1.000000	1.000000	0.985903	0.000013	1.000193	0.000132	1.001397	0.000051	1356624203.682487	0.999997	41.291723	27.832972	6.583288	1.000000	1.000000	1.000000	1.000000	1.007422	0.000076	1.000006	0.000060	0.999618	0.000083	0.997360	0.000007	1.006786	0.000007	1.000000	1.000000	
1356624204.682293	1.000000	42.884369	29.482361	5.917099	0.999779	0.000353	1.000000	1.000000	1.000000	1.000000	1.004735	0.000013	1.000000	1.000000	0.999706	0.000047	1.001156	0.000103	0.996840	0.000008	1356624204.682485	0.999998	41.263033	27.846977	6.452054	1.000000	1.000000	1.000000	1.000000	0.990642	0.000077	0.999891	0.000007	1.000485	0.000092	1.000355	0.000052	0.999962	0.000051	1.000000	1.000000	
1356624205.682293	1.000000	42.889145	29.450043	5.940765	1.000102	0.000546	1.000000	1.000000	1.000000	1.000000	0.991830	0.000057	1.000000	1.000000	0.999850	0.000013	0.999988	0.000133	0.990977	0.000052	1356624205.682493	1.000008	41.350892	27.889712	6.723868	1.000000	1.000000	1.000000	1.000000	1.002079	0.000342	0.991064	0.000059	0.999698	0.000082	1.002620	0.000007	1.001008	0.000007	1.000000	1.000000	
1356624206.682293	1.000000	42.907242	29.480118	5.935760	1.000019	0.000374	1.000000	1.000000	1.000000	1.000000	1.014514	0.000027	1.000000	1.000000	0.998006	0.000069	0.999809	0.000117	1.021549	0.000022	1356624206.682488	0.999995	41.308740	27.861864	6.603701	1.000000	1.000000	1.000000	1.000000	0.989970	0.000070	1.001532	0.000007	1.000047	0.000115	0.987442	0.000051	0.992096	0.000067	1.000000	1.000000	
1356624207.682293	1.000000	42.869095	29.433182	5.945190	0.999977	0.000560	1.000000	1.000000	1.000000	1.000000	1.001145	0.000054	1.000000	1.000000	1.017226	0.000008	1.000070	0.000133	0.996680	0.000046	1356624207.682490	1.000002	41.327344	27.867485	6.664614	1.000000	1.000000	1.000000	1.000000	1.011898	0.000059	1.007329	0.000070	1.000014	0.002102	1.029204	0.000021	1.025629	0.000021	1.000000	1.000000	
1356624208.682293	1.000000	42.882233	29.464844	5.916962	0.999859	0.000394	1.000000	1.000000	1.000000	1.000000	0.997045	0.000013	1.000000	1.000000	0.998817	0.000047	0.999769	0.000154	1.018337	0.000008	1356624208.682495	1.000005	41.241111	27.820234	6.522886	1.000000	1.000000	1.000000	1.000000	1.000197	0.000084	1.000287	0.000020	0.999801	0.000087	1.000129	0.000086	1.000044	0.000052	1.000000	1.000000	
1356624209.682293	1.000000	42.870117	29.437103	5.914764	1.000097	0.000545	1.000000	1.000000	1.000000	1.000000	1.000506	0.000056	1.000000	1.000000	1.002364	0.000013	1.000182	0.000131	0.999500	0.000052	1356624209.682488	0.999993	41.329830	27.863626	6.809968	1.000000	1.000000	1.000000	1.000000	0.986965	0.000045	0.999194	0.000055	1.000071	0.000081	1.001246	0.000007	0.994387	0.000007	1.000000	1.000000	
1356624210.682293	1.000000	42.881348	29.441360	5.958145	0.999970	0.000334	1.000000	1.000000	1.000000	1.000000	1.001278	0.000013	1.000000	1.000000	0.999628	0.000055	0.999789	0.000104	1.004025	0.000008	1356624210.682496	1.000008	41.374726	27.913867	6.682777	1.000000	1.000000	1.000000	1.000000	1.001447	0.000389	1.005209	0.000007	0.999988	0.000095	0.999655	0.000049	1.000547	0.000069	1.000000	1.000000	
1356624211.682293	1.000000	42.923599	29.502441	5.914047	0.999546	0.000545	1.000000	1.000000	1.000000	1.000000	0.999944	0.000055	1.000000	1.000000	0.999849	0.000013	1.000132	0.000131	0.998766	0.000050	1356624211.682494	0.999998	41.350817	27.915733	6.474118	1.000000	1.000000	1.000000	1.000000	0.999802	0.000043	0.999682	0.000059	0.999788	0.000106	1.006798	0.000007	0.999731	0.000007	1.000000	1.000000	
1356624212.682293	1.000000	42.896988	29.465622	5.916046	0.999810	0.000369	1.000000	1.000000	1.000000	1.000000	0.995185	0.000013	1.000000	1.000000	1.001482	0.000046	1.000057	0.000102	1.010364	0.000008	1356624212.682489	0.999995	41.366220	27.919909	6.661426	1.000000	1.000000	1.000000	1.000000	0.999925	0.000072	1.000656	0.000007	0.999908	0.000092	0.999633	0.000052	0.999584	0.000050	1.000000	1.000000	
1356624213.682293	1.000000	42.904526	29.478653	5.918777	1.000520	0.000546	1.000000	1.000000	1.000000	1.000000	1.001097	0.000056	1.000000	1.000000	0.993669	0.000013	0.999678	0.000129	1.000749	0.000051	1356624213.682481	0.999992	41.366989	27.929273	6.505515	1.000000	1.000000	1.000000	1.000000	0.999823	0.000044	1.000092	0.000059	1.000208	0.000082	0.999946	0.000007	1.006361	0.000007	1.000000	1.000000	
1356624214.682293	1.000000	42.914673	29.498932	5.895859	1.000002	0.000359	1.000000	1.000000	1.000000	1.000000	0.997314	0.000013	1.000000	1.000001	1.000235	0.000054	1.001316	0.000104	0.987886	0.000008	1356624214.682486	1.000005	41.377372	27.955442	6.459959	1.000000	1.000000	1.000000	1.000000	0.992322	0.000071	1.000988	0.000007	0.999654	0.000090	0.998953	0.000050	0.999081	0.000067	1.000000	1.000000	
1356624215.682293	1.000000	42.919220	29.499680	5.917984	0.999983	0.000557	1.000000	1.000000	1.000000	1.000000	1.000514	0.000396	1.000000	0.999999	0.999040	0.000013	0.999054	0.000132	1.000863	0.000050	1356624215.682494	1.000008	41.359452	27.928332	6.488747	1.000000	1.000000	1.000000	1.000000	1.001630	0.000347	0.999619	0.000060	1.000417	0.000082	1.006835	0.000007	1.007817	0.000007	1.000000	1.000000	
1356624216.682293	1.000000	42.859879	29.442703	5.940231	0.999814	0.000353	1.000000	1.000000	1.000000	1.000000	0.980969	0.000013	1.000000	1.000000	1.004725	0.000046	0.999509	0.000103	0.996119	0.000008	1356624216.682490	0.999996	41.357910	27.931388	6.389857	1.000000	1.000000	1.000000	1.000000	0.999972	0.000069	1.001803	0.000007	0.999909	0.000114	1.000159	0.000051	0.999503	0.000050	1.000000	1.000000	
1356624217.682293	1.000000	42.889771	29.450287	6.038513	1.000092	0.000570	1.000000	0.999999	1.000000	1.000000	0.992884	0.000056	1.000000	1.000000	0.988801	0.000013	1.000145	0.000130	0.990762	0.000052	1356624217.682489	0.999999	41.355325	27.914501	6.673514	1.000000	1.000000	1.000000	1.000000	1.000018	0.000044	0.990540	0.000058	1.000000	0.002087	0.994633	0.000007	0.998663	0.000007	1.000000	1.000000	
1356624218.682293	1.000000	42.873413	29.444626	5.917496	0.998811	0.000352	1.000000	1.000000	1.000000	1.000000	1.012921	0.000028	1.000000	1.000000	0.998838	0.000064	0.999961	0.000118	1.021139	0.000022	1356624218.682489	1.000000	41.366623	27.926025	6.621338	1.000000	1.000000	1.000000	1.000000	0.990014	0.000073	1.008384	0.000007	0.999987	0.000087	0.987218	0.000049	0.992337	0.000064	1.000000	1.000000	
1356624219.682295	1.000002	42.902048	29.467717	5.927860	1.000520	0.000572	1.000000	1.000000	1.000000	0.999920	0.999792	0.000056	1.000000	0.999906	0.984601	0.000008	0.999530	0.000132	0.998664	0.000045	1356624219.682496	1.000007	41.345310	27.898550	6.546113	1.000000	0.999940	1.000000	0.999919	1.000040	0.000057	0.996816	0.000070	1.000099	0.000097	1.030067	0.000021	1.022808	0.000021	1.000000	0.999955	
1356624220.682293	0.999998	42.913580	29.483455	5.935360	1.000156	0.000400	1.000000	1.000000	1.000001	1.000000	1.010603	0.000013	1.000000	1.000000	1.002942	0.000060	1.001014	0.000111	1.006346	0.000020	1356624220.682490	0.999994	41.311312	27.874006	6.498452	1.000000	1.000000	1.000000	1.000000	1.001939	0.000370	1.007520	0.000007	0.999623	0.000093	1.000199	0.000050	1.000341	0.000078	1.000000	1.000000	
1356624221.682293	1.000000	42.909988	29.494171	5.919510	0.999967	0.000571	1.000000	1.000000	1.000000	1.000000	0.997599	0.000072	1.000000	1.000000	0.990163	0.000008	0.999250	0.000138	1.000269	0.000070	1356624221.682494	1.000004	41.366745	27.944238	6.518193	1.000000	1.000000	1.000000	1.000000	0.983998	0.000044	1.001393	0.000487	1.000202	0.000105	0.999296	0.000007	1.001435	0.000020	1.000000	1.000000	
1356624222.682293	1.000000	42.894073	29.454041	5.947418	0.999647	0.000370	1.000000	1.000000	1.000000	1.000000	0.987077	0.000008	1.000000	1.000000	0.999491	0.000049	0.999425	0.000105	0.988333	0.000008	1356624222.682492	0.999998	41.429080	27.972908	6.578412	1.000000	1.000000	1.000000	1.000000	1.006725	0.000103	0.996609	0.000007	1.000092	0.000092	1.000756	0.000048	0.999429	0.000055	1.000000	1.000000	
1356624223.682294	1.000001	42.881642	29.464419	5.922556	0.999832	0.000544	1.000000	1.000000	1.000000	1.000000	1.004670	0.000054	1.000000	1.000000	1.004319	0.000013	1.001050	0.000130	1.000516	0.000050	1356624223.682488	0.999996	41.322815	27.880286	6.644848	1.000000	1.000000	1.000000	1.000000	1.000117	0.000043	0.999974	0.000059	0.999813	0.000081	0.998192	0.000007	0.998372	0.000007	1.000000	1.000000	
1356624224.682293	0.999999	42.897609	29.472318	5.941656	1.000713	0.000351	1.000000	1.000000	1.000000	1.000000	0.995597	0.000013	1.000000	1.000000	0.998755	0.000046	0.999385	0.000103	0.993346	0.000008	1356624224.682489	1.000001	41.315222	27.877354	6.528329	1.000000	1.000000	1.000000	1.000000	0.989993	0.000072	1.000986	0.000007	1.000098	0.000315	0.999174	0.000050	0.999985	0.000051	1.000000	1.000000	
1356624225.682293	1.000000	42.891251	29.468796	5.905670	0.999944	0.000544	1.000000	1.000000	1.000000	1.000000	0.999536	0.000056	1.000000	1.000000	0.999042	0.000013	0.999697	0.000132	1.000268	0.000052	1356624225.682494	1.000005	41.361914	27.933835	6.486311	1.000000	1.000000	1.000000	1.000000	1.002072	0.000344	0.999900	0.000058	0.999707	0.000081	1.006305	0.000007	0.998682	0.000007	1.000000	1.000000	
1356624226.682293	1.000000	44.120346	30.690979	5.913284	1.000001	0.003362	1.000000	1.000000	1.000000	1.000000	0.999853	0.002865	1.000000	1.000000	1.000011	0.002854	1.000029	0.003059	1.000028	0.002883	1356624226.682469	0.999975	42.438791	29.001230	6.553844	1.000000	1.000000	1.000000	1.000000	1.000001	0.002854	0.999795	0.002760	1.000003	0.003758	0.999992	0.002751	0.999993	0.002794	1.000000	1.000000	
1356624227.682294	1.000001	42.912969	29.495867	5.899408	0.999616	0.000563	1.000000	1.000000	1.000000	1.000000	1.011143	0.000046	1.000000	1.000000	1.002831	0.000013	0.999700	0.000136	0.999920	0.000048	1356624227.682495	1.000026	41.350991	27.935813	6.435959	1.000000	1.000000	1.000000	1.000000	0.999954	0.000042	1.009572	0.000059	0.999980	0.002090	0.999894	0.000007	0.999166	0.000007	1.000000	1.000000	
1356624228.682293	0.999999	42.897609	29.459028	5.968954	1.000454	0.000351	1.000000	1.000000	1.000000	1.000000	1.000210	0.000013	1.000000	1.000000	0.999409	0.000045	1.000112	0.000103	0.992062	0.000008	1356624228.682489	0.999994	41.350375	27.894469	6.720682	1.000000	1.000000	1.000000	1.000000	0.999885	0.000074	1.001041	0.000007	1.000215	0.000086	1.000623	0.000052	1.001091	0.000052	1.000000	1.000000	
1356624229.682293	1.000000	42.900375	29.469147	5.917938	1.000106	0.000528	1.000000	1.000000	1.000000	1.000001	0.992019	0.000058	1.000000	1.000000	1.002392	0.000013	0.999922	0.000133	0.990499	0.000053	1356624229.682492	1.000003	41.350626	27.904882	6.675974	1.000000	0.999582	1.000000	0.999559	0.983852	0.000045	0.991731	0.000061	0.999791	0.000081	0.994143	0.000007	0.998202	0.000007	1.000000	1.000000	
1356624230.682293	1.000000	42.892853	29.445328	5.960938	0.999283	0.000369	1.000000	1.000000	1.000000	1.000000	1.016207	0.000027	1.000000	1.000000	0.998075	0.000064	0.999472	0.000118	1.024080	0.000022	1356624230.682485	0.999993	41.343914	27.875498	6.841890	1.000000	1.000000	1.000000	1.000000	1.000407	0.000371	0.998389	0.000007	0.999875	0.000093	0.987894	0.000052	0.991514	0.000066	1.000000	1.000000	
1356624231.682293	1.000000	42.909042	29.471939	5.908463	1.000039	0.000556	1.000000	1.000000	1.000000	1.000000	0.999573	0.000054	1.000000	1.000000	1.012437	0.000008	1.000717	0.000132	1.001064	0.000046	1356624231.682489	1.000004	41.366486	27.915811	6.854983	1.000000	1.000000	1.000000	1.000000	0.997243	0.000058	1.007238	0.000069	1.000418	0.000120	1.030027	0.000021	1.026525	0.000021	1.000000	1.000000	
1356624232.682293	1.000000	42.920364	29.468018	5.997955	1.000402	0.000375	1.000000	1.000000	1.000000	1.000001	0.993812	0.000013	1.000000	0.999999	1.001149	0.000048	0.999568	0.000103	0.999221	0.000008	1356624232.682496	1.000007	41.333836	27.864370	6.795958	1.000000	1.000000	1.000000	1.000000	1.001286	0.000538	0.995444	0.000007	0.999900	0.000092	1.000030	0.000051	0.999879	0.000051	1.000000	1.000000	
1356624233.682293	1.000000	42.921051	29.504730	5.907150	1.000110	0.000544	1.000000	1.000000	1.000000	1.000000	1.001384	0.000057	1.000000	1.000001	0.998489	0.000013	0.999525	0.000130	0.999210	0.000051	1356624233.682493	0.999997	41.375906	27.953242	6.417745	1.000000	1.000000	1.000000	1.000000	1.000849	0.000042	1.000571	0.000059	1.000024	0.000080	0.995695	0.000007	1.000000	0.000007	1.000000	1.000000	
1356624234.682294	1.000001	42.871434	29.463473	5.903284	1.000002	0.000354	1.000000	1.000000	1.000000	1.000000	1.000422	0.000013	1.000000	1.000000	0.999800	0.000054	0.999696	0.000103	0.988024	0.000008	1356624234.682489	0.999996	41.297805	27.864310	6.564861	1.000000	1.000000	1.000000	1.000000	0.992229	0.000073	0.999290	0.000007	0.999938	0.000093	1.000547	0.000049	0.999460	0.000065	1.000000	1.000000	
1356624235.682293	0.999999	42.920756	29.478055	5.939810	0.999981	0.000539	1.000000	1.000000	1.000000	1.000000	1.000190	0.000055	1.000000	1.000000	1.002087	0.000013	1.000934	0.000131	1.000744	0.000051	1356624235.682492	1.000003	41.330988	27.876668	6.558970	1.000000	1.000000	1.000000	1.000000	0.999443	0.000343	0.999408	0.000060	1.000239	0.000081	1.001334	0.000007	0.999632	0.000007	1.000000	1.000000	
1356624236.682293	1.000000	42.943771	29.490646	5.953751	1.000000	0.000355	1.000000	1.000000	1.000000	1.000000	0.996459	0.000013	1.000000	1.000000	0.998340	0.000047	0.999472	0.000103	1.007460	0.000008	1356624236.682487	0.999995	41.338326	27.869250	6.808796	1.000000	1.000000	1.000000	1.000000	1.007461	0.000101	1.003055	0.000007	0.999830	0.000116	1.000651	0.000051	1.000207	0.000050	1.000000	1.000000	
1356624237.682293	1.000000	42.957031	29.534927	5.920654	0.999599	0.000543	1.000000	1.000000	1.000000	1.000000	1.001041	0.000056	1.000000	1.000000	1.005590	0.000013	1.000335	0.000130	0.999484	0.000052	1356624237.682487	1.000000	41.281723	27.868057	6.375031	1.000000	1.000000	1.000000	1.000000	0.999822	0.000043	1.000355	0.000060	0.999990	0.002081	0.991665	0.000007	1.005658	0.000007	1.000000	1.000000	
1356624238.682293	1.000000	42.921280	29.471558	5.961044	0.999747	0.000357	1.000000	1.000000	1.000000	1.000000	0.996375	0.000013	1.000000	1.000000	0.999040	0.000053	0.999383	0.000102	1.000195	0.000008	1356624238.682489	1.000002	41.293882	27.831078	6.686556	1.000000	1.000000	1.000000	1.000000	0.999995	0.000072	0.999729	0.000007	0.999880	0.000087	1.000182	0.000049	0.999178	0.000063	1.000000	1.000000	
1356624239.682293	1.000000	42.976837	29.538147	6.085434	1.000497	0.000563	1.000000	1.000000	1.000000	1.000000	0.999606	0.000055	1.000000	1.000000	1.003722	0.000013	1.000192	0.000133	1.000849	0.000049	1356624239.682493	1.000004	41.315506	27.865335	6.550038	1.000000	1.000000	1.000000	1.000000	0.982948	0.000044	0.999937	0.000061	1.000441	0.000081	1.000923	0.000007	1.003802	0.000007	1.000000	1.000000	
1356624240.682293	1.000000	42.955017	29.506866	5.939835	0.999988	0.000332	1.000000	1.000000	1.000000	1.000000	1.002015	0.000013	1.000000	1.000000	1.003863	0.000046	0.999880	0.000103	0.991019	0.000008	1356624240.682486	0.999993	41.354793	27.892542	6.610260	1.000000	1.000000	1.000000	1.000000	1.001871	0.000395	0.997049	0.000007	0.999759	0.000093	0.987786	0.000052	0.999657	0.000049	1.000000	1.000000	
1356624241.682293	1.000000	42.937302	29.498413	5.892044	0.999981	0.000587	1.000000	1.000000	1.000000	1.000000	0.992708	0.000058	1.000000	1.000000	0.983716	0.000013	1.000480	0.000130	0.990621	0.000052	1356624241.682489	1.000003	41.321146	27.875600	6.633753	1.000000	1.000000	1.000000	1.000000	0.999964	0.000043	0.991774	0.000060	1.000081	0.000104	0.998787	0.000007	1.001565	0.000007	1.000000	1.000000	
1356624242.682293	1.000000	42.954697	29.499435	5.991837	0.999842	0.000387	1.000000	1.000000	1.000000	1.000000	1.013992	0.000028	1.000000	1.000000	0.999899	0.000069	0.999679	0.000119	1.023329	0.000022	1356624242.682493	1.000004	41.336808	27.871164	6.701282	1.000000	1.000000	1.000000	1.000000	0.992146	0.000072	0.996829	0.000007	0.999639	0.000093	1.000002	0.000253	0.992596	0.000065	1.000000	1.000000	
1356624243.682293	1.000000	42.957108	29.513000	5.908020	0.999617	0.000555	1.000000	1.000000	1.000000	1.000000	1.001257	0.000053	1.000000	1.000000	0.993917	0.000008	0.999743	0.000131	0.999793	0.000045	1356624243.682491	0.999998	41.384173	27.932045	6.717512	1.000000	1.000000	1.000000	1.000000	1.009573	0.000058	1.007646	0.000067	1.000414	0.000096	1.030081	0.000021	1.021705	0.000021	1.000000	1.000000	
1356624244.682293	1.000000	42.970428	29.523575	5.914993	1.000699	0.000355	1.000000	1.000000	1.000000	1.000000	0.998730	0.000013	1.000000	1.000000	1.002124	0.000046	0.999765	0.000103	1.001989	0.000008	1356624244.682489	0.999998	41.378695	27.923347	6.666379	1.000000	1.000000	1.000000	1.000000	0.989712	0.000071	1.001032	0.000007	0.999872	0.000090	1.001180	0.000051	1.000520	0.000050	1.000000	1.000000	
1356624245.682293	1.000000	42.955032	29.525620	5.890259	0.999476	0.000545	1.000000	1.000000	1.000000	1.000000	0.999456	0.000055	1.000000	1.000000	0.988226	0.000013	0.999713	0.000130	0.997465	0.000051	1356624245.682491	1.000002	41.347715	27.912239	6.552447	1.000000	1.000000	1.000000	1.000000	1.002127	0.000343	1.000106	0.000058	1.000052	0.000081	1.000481	0.000007	1.000053	0.000007	1.000000	1.000000	
1356624246.682293	1.000000	42.964218	29.524948	5.997894	1.000067	0.000355	1.000000	1.000000	1.000000	1.000000	1.001559	0.000013	1.000000	1.000000	1.003032	0.000049	1.000465	0.000104	1.021698	0.000008	1356624246.682486	0.999995	41.348977	27.901659	6.541018	1.000000	1.000000	1.000000	1.000000	0.999961	0.000069	0.998901	0.000007	1.000147	0.000115	0.999364	0.000050	1.000336	0.000060	1.000000	1.000000	
1356624247.682293	1.000000	42.910675	29.489594	5.905975	1.000441	0.000564	1.000000	1.000000	1.000000	1.000000	0.999012	0.000053	1.000000	1.000000	0.999492	0.000013	1.000359	0.000131	1.000031	0.000050	1356624247.682486	1.000000	41.357208	27.916016	6.618378	1.000000	1.000000	1.000000	1.000000	0.999930	0.000044	1.000176	0.000059	0.999985	0.002088	0.999513	0.000007	0.995697	0.000007	1.000000	1.000000	
1356624248.682294	1.000001	42.952764	29.528536	5.918726	0.999419	0.000332	1.000000	1.000000	1.000000	1.000000	1.005203	0.000013	1.000000	1.000000	0.999485	0.000046	0.999823	0.000102	0.994133	0.000008	1356624248.682492	1.000006	41.299635	27.887453	6.472282	1.000000	1.000000	1.000000	1.000000	0.999787	0.000073	0.998302	0.000007	1.000095	0.000085	0.999546	0.000051	1.000195	0.000049	1.000000	1.000000	
1356624249.682293	0.999999	42.943126	29.513608	5.902517	0.999920	0.000543	1.000000	1.000000	1.000000	1.000000	0.999387	0.000057	1.000000	1.000000	1.002833	0.000013	0.998455	0.000130	0.998436	0.000051	1356624249.682488	0.999996	41.350754	27.917761	6.457179	1.000000	1.000000	1.000000	1.000000	0.983877	0.000044	1.000127	0.000058	1.000052	0.000081	0.996866	0.000007	1.001989	0.000007	1.000000	1.000000	
1356624250.682293	1.000000	42.967575	29.533844	5.923386	0.999793	0.000356	1.000000	1.000000	1.000000	1.000000	1.001533	0.000035	1.000000	1.000000	0.999324	0.000049	1.001127	0.000165	1.018147	0.000008	1356624250.682483	0.999995	41.377328	27.940066	6.608142	1.000000	1.000000	1.000000	1.000000	1.000008	0.000373	0.998503	0.000007	0.999896	0.000093	1.000880	0.000050	1.000129	0.000057	1.000000	1.000000	
1356624251.682293	1.000000	43.134109	29.705765	5.903778	1.000063	0.003884	1.000000	1.000000	1.000000	1.000000	0.999993	0.003135	1.000000	1.000000	0.999996	0.002982	1.000012	0.003314	0.999969	0.002926	1356624251.682487	1.000004	41.432068	28.001809	6.481312	1.000000	1.000000	1.000000	1.000000	1.000235	0.003057	0.999996	0.002939	0.999999	0.003985	0.999996	0.002763	0.999992	0.002679	1.000000	1.000000	
1356624252.682293	1.000000	42.960571	29.528931	5.931458	0.999791	0.000369	1.000000	1.000000	1.000000	1.000000	0.998154	0.000013	1.000000	1.000000	1.000739	0.000039	0.999956	0.000104	1.009263	0.000008	1356624252.682491	1.000004	41.307724	27.872629	6.624851	1.000000	1.000000	1.000000	1.000000	1.000052	0.000074	0.996563	0.000007	0.999740	0.000089	0.999474	0.000050	1.000031	0.000050	1.000000	1.000000	
1356624253.682293	1.000000	42.965851	29.528900	5.909302	0.999890	0.000544	1.000000	1.000000	1.000000	1.000000	0.991966	0.000055	1.000000	1.000000	0.999248	0.000013	0.999765	0.000130	0.989712	0.000053	1356624253.682486	0.999995	41.298867	27.853808	6.590090	1.000000	1.000000	1.000000	1.000000	0.999293	0.000043	0.992163	0.000061	1.000460	0.000081	0.999730	0.000007	1.004531	0.000007	1.000000	1.000000	
1356624254.682293	1.000000	42.980530	29.516586	5.994751	1.000306	0.000411	1.000000	1.000000	1.000000	1.000000	1.016708	0.000028	1.000000	1.000000	0.999872	0.000063	0.999990	0.000117	1.020353	0.000022	1356624254.682491	1.000005	41.356070	27.876966	6.809185	1.000000	1.000000	1.000000	1.000000	0.992694	0.000073	0.997522	0.000007	0.999862	0.000092	0.987567	0.000051	0.991886	0.000065	1.000000	1.000000	
1356624255.682293	1.000000	42.976761	29.550720	5.923126	0.999505	0.000554	1.000000	1.000000	1.000000	1.000000	1.000195	0.000055	1.000000	1.000000	0.975281	0.000008	0.999698	0.000134	1.001261	0.000046	1356624255.682490	0.999999	41.304971	27.874065	6.614447	1.000000	1.000000	1.000000	1.000000	1.001345	0.000415	1.007499	0.000070	1.000173	0.000096	1.030198	0.000021	1.022819	0.000021	1.000000	1.000000	
1356624256.682293	1.000000	42.987091	29.542191	5.937424	1.000686	0.000378	1.000000	1.000000	1.000000	1.000000	0.995264	0.000013	1.000000	1.000000	1.004505	0.000046	1.000217	0.000103	1.000831	0.000008	1356624256.682493	1.000003	41.292276	27.836538	6.665568	1.000000	1.000000	1.000000	1.000000	0.999907	0.000071	0.998487	0.000007	0.999736	0.000114	1.000683	0.000051	1.000068	0.000051	1.000000	1.000000	
1356624257.682295	1.000002	42.948282	29.512731	5.921574	1.000007	0.000640	1.000000	0.999717	1.000000	1.000000	1.000617	0.000056	1.000000	1.000000	0.999067	0.000013	1.000090	0.000133	0.999407	0.000052	1356624257.682491	0.999998	41.267870	27.838737	6.481748	1.000000	0.999774	1.000000	0.999723	0.999930	0.000044	0.999697	0.000060	1.000011	0.002242	0.993397	0.000007	1.001120	0.000007	1.000000	0.999756	
1356624258.682300	1.000005	715772290.252842	715803566.552135	715772926.705191	0.999902	1.000586	0.999903	1.000600	0.999905	1.000601	0.999906	1.000595	0.999908	1.000608	0.999908	1.000596	0.999906	1.000603	0.999908	1.000606	1356624258.682390	0.999899	715878759.963513	715892751.055630	715884076.679245	0.999903	1.000585	0.999900	1.000589	3.898840	0.256617	0.999905	1.000595	0.999907	1.000604	0.999908	1.000597	0.999906	1.000604	0.999908	1.000608	
1356624259.682453	1.000153	0.000000	0.000000	0.000000	-nan	-nan	-nan	-nan	1.000008	inf	-nan	-nan	-nan	0.000000	-nan	-nan	-nan	-nan	-nan	-nan	1356624259.682532	1.000142	0.000000	0.000000	0.000000	-nan	-nan	-nan	-nan	1.345745	inf	-nan	-nan	-nan	-nan	-nan	-nan	-nan	-nan	-nan	-nan	
