ts_0	elapsed_0	pkg_0	pp0_0	dram_0	freq_ratio_0_0	c0_ratio_0_0	freq_ratio_0_1	c0_ratio_0_1	freq_ratio_0_2	c0_ratio_0_2	freq_ratio_0_3	c0_ratio_0_3	freq_ratio_0_4	c0_ratio_0_4	freq_ratio_0_5	c0_ratio_0_5	freq_ratio_0_6	c0_ratio_0_6	freq_ratio_0_7	c0_ratio_0_7	ts_1	elapsed_1	pkg_1	pp0_1	dram_1	freq_ratio_1_0	c0_ratio_1_0	freq_ratio_1_1	c0_ratio_1_1	freq_ratio_1_2	c0_ratio_1_2	freq_ratio_1_3	c0_ratio_1_3	freq_ratio_1_4	c0_ratio_1_4	freq_ratio_1_5	c0_ratio_1_5	freq_ratio_1_6	c0_ratio_1_6	freq_ratio_1_7	c0_ratio_1_7	
1354697332.159935	1.019669	33.385708	20.113376	3.682004	1.157449	0.397505	1.154375	0.381669	1.154232	0.384130	1.155641	0.391467	1.154695	0.384555	1.156006	0.388043	1.155006	0.383677	1.155595	0.386608	1354697332.160159	1.000495	42.405723	29.197630	1.676889	0.999889	0.852944	0.999929	0.852873	0.999891	0.852975	0.929954	0.000127	0.778581	0.000086	0.857464	0.000127	0.959928	0.000396	0.999827	0.853563	
1354697333.159931	0.999996	34.398653	21.117563	3.854020	0.999941	0.000333	1.000000	1.000000	1.000000	1.000000	0.999186	0.000059	1.005602	0.000013	1.006245	0.000012	1.000693	0.000108	1.001107	0.000048	1354697333.160147	0.999988	46.252016	33.036939	1.630513	1.000000	1.000000	1.000000	1.000000	1.000000	1.000000	0.999862	0.000114	1.000030	0.000064	1.000837	0.000012	0.999939	0.000454	1.000000	1.000000	
1354697334.159929	0.999998	34.661672	21.377650	3.839424	1.000008	0.055084	1.000000	1.000000	1.000000	1.000000	0.991218	0.000056	1.000000	0.000060	0.999793	0.000047	0.999950	0.000139	0.990627	0.000013	1354697334.160116	0.999969	45.918354	32.706641	1.621510	1.000000	1.000000	0.999999	0.945219	1.000000	1.000000	1.000433	0.000021	0.999968	0.000012	0.999793	0.000063	1.000089	0.000125	1.000000	1.000000	
1354697335.159930	1.000001	40.200416	26.909001	3.826504	1.000000	1.000000	1.000000	1.000000	1.000000	1.000000	0.999982	0.000292	1.000364	0.000013	1.000812	0.000013	0.999829	0.000104	1.002596	0.000046	1354697335.160116	1.000000	40.525497	27.302673	1.602234	1.000000	1.000000	0.999268	0.000006	1.000000	1.000000	0.999988	0.000126	0.999896	0.000067	1.000144	0.000019	0.999537	0.000112	1.000000	1.000000	
1354697336.159930	1.000000	40.213165	26.920868	3.820450	1.000000	1.000000	1.000000	1.000000	1.000000	1.000000	1.000003	0.000279	0.999909	0.000059	0.999877	0.000047	1.000096	0.000133	1.001189	0.000013	1354697336.160111	0.999995	40.544316	27.322189	1.603692	1.000000	1.000000	1.000148	0.000065	1.000000	1.000000	0.999946	0.000021	1.000288	0.000012	0.999988	0.000066	1.000322	0.000147	1.000000	1.000000	
1354697337.159930	1.000000	40.233276	26.938995	3.804398	1.000000	1.000000	1.000000	1.000000	1.000000	1.000000	0.999980	0.000293	1.000849	0.000013	1.000300	0.000013	0.999996	0.000104	0.999886	0.000047	1354697337.160114	1.000003	40.538738	27.314491	1.615367	1.000000	1.000000	1.000000	0.000012	1.000000	1.000000	1.000069	0.000123	0.999965	0.000066	0.996883	0.000011	1.000007	0.000111	1.000000	1.000000	
1354697338.159930	1.000000	40.237427	26.943420	3.804428	1.000000	1.000000	1.000000	1.000000	1.000000	1.000000	0.999937	0.000296	1.000007	0.000057	1.000092	0.000046	0.999992	0.000147	1.000152	0.000013	1354697338.160113	0.999999	40.558358	27.334483	1.616029	1.000000	1.000000	0.999616	0.000076	1.000000	1.000000	0.999449	0.000022	0.999655	0.000011	1.000763	0.000058	0.999928	0.000488	1.000000	1.000000	
1354697339.159930	1.000000	40.270401	26.976913	3.811661	1.000000	1.000000	1.000000	1.000000	1.000000	1.000000	1.000003	0.001282	0.996594	0.000013	0.995998	0.000013	0.999879	0.000099	0.999170	0.000046	1354697339.160109	0.999996	40.539440	27.309208	1.799141	1.000000	1.000000	1.001021	0.000019	1.000000	1.000000	1.000005	0.002146	1.000071	0.000059	1.000246	0.000019	0.999801	0.000116	1.000000	1.000000	
1354697340.159930	1.000000	40.667633	27.373901	3.802597	1.000000	1.000000	1.000000	1.000000	1.000000	1.000000	1.000000	0.009145	1.000730	0.000054	1.000837	0.000045	0.999981	0.000122	1.002968	0.000012	1354697340.160109	1.000000	40.554672	27.327103	3.394638	1.000000	1.000000	1.000114	0.000054	1.000000	1.000000	0.999704	0.000030	1.000070	0.000011	0.999649	0.000064	1.000412	0.000119	1.000000	1.000000	
1354697341.159930	1.000000	40.597702	27.316513	3.803848	1.000000	1.000000	1.000000	1.000000	1.000000	1.000000	1.000001	0.008537	1.000121	0.000013	0.999663	0.000013	0.999973	0.000101	0.999955	0.000043	1354697341.160109	1.000000	40.548431	27.324783	3.311264	1.000000	1.000000	0.999719	0.000018	1.000000	1.000000	1.000009	0.000043	1.000232	0.000045	0.998411	0.000018	0.999335	0.000078	1.000000	1.000000	
1354697342.159930	1.000000	40.388138	27.091705	3.860931	1.000000	1.000000	1.000000	1.000000	1.000000	1.000000	0.999982	0.003109	0.999813	0.002812	0.999813	0.002716	1.000001	0.002882	0.999998	0.002574	1354697342.160116	1.000007	40.624582	27.397958	1.633869	1.000000	1.000000	0.999988	0.002816	1.000000	1.000000	0.999990	0.002872	0.999987	0.002640	1.000001	0.003007	1.000005	0.003720	1.000000	1.000000	
1354697343.159930	1.000000	40.240967	26.946289	3.804871	1.000000	1.000000	1.000000	1.000000	1.000000	1.000000	0.999996	0.000506	1.004139	0.000123	1.009278	0.000055	0.999973	0.000144	0.999978	0.000070	1354697343.160126	1.000010	40.569250	27.343827	1.636763	1.000000	1.000000	1.000160	0.000101	1.000000	1.000000	1.000115	0.000167	0.994459	0.000087	1.000142	0.000147	1.000034	0.000539	1.000000	1.000000	
1354697344.159937	1.000007	715787771.494202	715813440.949716	715786792.663491	0.999942	1.000562	0.999943	1.000579	0.999952	1.000574	0.999943	1.000568	0.999945	1.000577	0.999946	1.000568	0.999945	1.000577	0.999944	1.000572	1354697344.160028	0.999902	715864403.689139	715888435.863923	715845353.386731	0.999945	1.000574	0.999940	1.000570	3.896124	0.256801	0.999943	1.000567	0.999946	1.000582	0.999947	1.000572	0.999945	1.000578	0.999945	1.000580	
1354697345.159930	0.999993	0.000000	0.000000	0.000000	-nan	-nan	-nan	-nan	0.000000	inf	-nan	-nan	-nan	0.000000	-nan	-nan	-nan	-nan	-nan	-nan	1354697345.160006	0.999978	0.000000	0.000000	0.000000	-nan	-nan	-nan	-nan	0.000000	inf	-nan	-nan	-nan	-nan	-nan	-nan	-nan	-nan	-nan	-nan	
