ts_0	elapsed_0	pkg_0	pp0_0	dram_0	freq_ratio_0_0	c0_ratio_0_0	freq_ratio_0_1	c0_ratio_0_1	freq_ratio_0_2	c0_ratio_0_2	freq_ratio_0_3	c0_ratio_0_3	freq_ratio_0_4	c0_ratio_0_4	freq_ratio_0_5	c0_ratio_0_5	freq_ratio_0_6	c0_ratio_0_6	freq_ratio_0_7	c0_ratio_0_7	ts_1	elapsed_1	pkg_1	pp0_1	dram_1	freq_ratio_1_0	c0_ratio_1_0	freq_ratio_1_1	c0_ratio_1_1	freq_ratio_1_2	c0_ratio_1_2	freq_ratio_1_3	c0_ratio_1_3	freq_ratio_1_4	c0_ratio_1_4	freq_ratio_1_5	c0_ratio_1_5	freq_ratio_1_6	c0_ratio_1_6	freq_ratio_1_7	c0_ratio_1_7	
1356626493.600630	1.001810	57.096023	43.882346	3.646065	1.156332	0.646601	1.154834	0.644518	1.154007	0.645590	1.154337	0.647108	1.154031	0.642806	1.154403	0.646853	1.154138	0.643763	1.154389	0.645920	1356626493.600699	1.000312	60.275470	47.084747	1.948245	0.999111	0.760868	0.999189	0.762112	0.999182	0.760435	0.999207	0.759685	0.999180	0.759737	0.999207	0.759656	0.999207	0.759630	0.999261	0.958537	
1356626494.600626	0.999996	59.096202	45.895785	3.545501	0.993952	0.802888	0.994305	0.802166	0.994303	0.802204	0.994324	0.802130	0.994324	0.802130	0.994324	0.802168	0.994324	0.802128	0.994325	0.802126	1356626494.600691	0.999992	61.221505	48.040825	1.859985	0.983527	0.802121	0.983527	0.802102	0.983526	0.802091	0.983526	0.802076	0.983526	0.802119	0.983525	0.802074	0.983525	0.802073	0.986780	0.999589	
1356626495.600625	0.999999	58.237345	45.007947	3.623310	0.953172	0.828134	0.953698	0.827067	0.953709	0.827035	0.953735	0.826990	0.953748	0.826967	0.953709	0.827046	0.953715	0.827028	0.953736	0.826987	1356626495.600684	0.999993	59.903414	46.707064	1.846876	0.945192	0.827575	0.945191	0.827559	0.945190	0.827543	0.945190	0.827523	0.945193	0.827571	0.945191	0.827535	0.945191	0.827532	0.954578	0.998540	
1356626496.600626	1.000001	65.071547	51.831768	3.799084	0.957029	0.950241	0.957009	0.949799	0.959056	0.997295	0.957009	0.949792	0.957009	0.949790	0.957010	0.949813	0.957009	0.949788	0.957009	0.949814	1356626496.600688	1.000004	65.627191	52.424791	1.737816	0.945287	0.998683	0.945287	0.998684	0.945286	0.998683	0.945286	0.998682	0.945286	0.998681	0.945286	0.998679	0.942732	0.950548	0.945285	0.998677	
1356626497.600625	0.999999	65.078630	51.829502	3.796100	0.939912	0.996916	0.939912	0.996914	0.939912	0.996911	0.939912	0.996908	0.939912	0.996905	0.939912	0.996903	0.939911	0.996901	0.939911	0.996901	1356626497.600687	0.999999	64.693314	51.487308	1.763811	0.931174	0.998589	0.931174	0.998589	0.931174	0.998588	0.931174	0.998587	0.931174	0.998585	0.931174	0.998585	0.931174	0.998585	0.931174	0.998584	
1356626498.600625	1.000000	64.693680	51.445526	3.794662	0.931515	0.996634	0.931515	0.996631	0.931515	0.996630	0.931515	0.996628	0.931514	0.996628	0.931514	0.996625	0.931514	0.996621	0.931514	0.996621	1356626498.600691	1.000004	64.694531	51.488210	1.670709	0.927335	0.998511	0.927335	0.998510	0.927335	0.998510	0.927335	0.998509	0.927335	0.998508	0.927335	0.998506	0.927335	0.998506	0.927335	0.998505	
1356626499.600625	1.000000	64.690414	51.431213	3.780304	0.934147	0.996862	0.934147	0.996860	0.934147	0.996860	0.934147	0.996857	0.934147	0.996858	0.934147	0.996856	0.934147	0.996853	0.934147	0.996853	1356626499.600688	0.999997	64.696169	51.483116	1.740728	0.930040	0.998722	0.930040	0.998721	0.930040	0.998720	0.930040	0.998719	0.930040	0.998718	0.930040	0.998717	0.930040	0.998717	0.930040	0.998716	
1356626500.600625	1.000000	64.621872	51.358688	3.795944	0.939001	0.986719	0.939033	0.986519	0.939009	0.986565	0.939034	0.986512	0.939042	0.986494	0.939018	0.986542	0.939034	0.986508	0.939034	0.986502	1356626500.600696	1.000008	64.652995	51.440501	1.722932	0.933028	0.988512	0.933028	0.988513	0.933025	0.988457	0.933025	0.988454	0.933028	0.988508	0.933026	0.988469	0.933026	0.988468	0.933737	0.999078	
1356626501.600625	1.000000	64.684448	51.417114	3.784317	0.935377	0.997111	0.935377	0.997111	0.935377	0.997108	0.935377	0.997106	0.935377	0.997106	0.935377	0.997103	0.935377	0.997103	0.935377	0.997101	1356626501.600686	0.999990	64.697746	51.484036	1.734133	0.928582	0.998891	0.928582	0.998891	0.928582	0.998890	0.928582	0.998889	0.928582	0.998889	0.928582	0.998888	0.928582	0.998886	0.928582	0.998886	
1356626502.600625	1.000000	64.466660	51.197113	3.773544	0.942378	0.974722	0.942363	0.974473	0.942366	0.974524	0.942364	0.974483	0.942363	0.974480	0.942365	0.974502	0.942363	0.974462	0.942363	0.974461	1356626502.600692	1.000006	64.533505	51.316116	1.729177	0.934902	0.976114	0.934902	0.976113	0.934900	0.976080	0.934900	0.976079	0.934902	0.976109	0.934899	0.976070	0.934899	0.976068	0.936393	0.998993	
1356626503.600626	1.000001	64.062958	50.787809	3.796627	0.941044	0.965383	0.941177	0.964897	0.941179	0.964930	0.941177	0.964877	0.941178	0.964889	0.941165	0.964945	0.941178	0.964870	0.941178	0.964868	1356626503.600694	1.000002	64.393966	51.175317	1.757641	0.935769	0.966651	0.935769	0.966649	0.935768	0.966630	0.935768	0.966627	0.935771	0.966663	0.935768	0.966626	0.935769	0.966624	0.937869	0.999297	
1356626504.600633	1.000007	715776292.974399	715763701.885538	715760912.984380	0.999878	1.000426	0.999877	1.000431	0.999888	1.000427	0.999880	1.000425	0.999881	1.000433	0.999882	1.000423	0.999881	1.000432	0.999880	1.000427	1356626504.600725	1.000031	715787552.034377	715795966.002686	715758290.755110	0.999878	1.000417	0.999875	1.000420	3.900685	0.256444	0.999880	1.000427	0.999880	1.000431	0.999883	1.000425	0.999880	1.000429	0.999881	1.000431	
1356626505.600624	0.999991	0.000000	0.000000	0.000000	-nan	-nan	-nan	-nan	0.000000	inf	-nan	-nan	-nan	0.000000	-nan	-nan	-nan	-nan	-nan	-nan	1356626505.600708	0.999983	0.000000	0.000000	0.000000	-nan	-nan	-nan	-nan	0.000000	inf	-nan	-nan	-nan	-nan	-nan	-nan	-nan	-nan	-nan	-nan	
