ts_0	elapsed_0	pkg_0	pp0_0	dram_0	freq_ratio_0_0	c0_ratio_0_0	freq_ratio_0_1	c0_ratio_0_1	freq_ratio_0_2	c0_ratio_0_2	freq_ratio_0_3	c0_ratio_0_3	freq_ratio_0_4	c0_ratio_0_4	freq_ratio_0_5	c0_ratio_0_5	freq_ratio_0_6	c0_ratio_0_6	freq_ratio_0_7	c0_ratio_0_7	ts_1	elapsed_1	pkg_1	pp0_1	dram_1	freq_ratio_1_0	c0_ratio_1_0	freq_ratio_1_1	c0_ratio_1_1	freq_ratio_1_2	c0_ratio_1_2	freq_ratio_1_3	c0_ratio_1_3	freq_ratio_1_4	c0_ratio_1_4	freq_ratio_1_5	c0_ratio_1_5	freq_ratio_1_6	c0_ratio_1_6	freq_ratio_1_7	c0_ratio_1_7	
1357210952.687183	1.001823	46.882644	33.214598	6.850336	1.156337	0.616646	1.154193	0.601232	1.154561	0.605848	1.155427	0.611958	1.154350	0.603056	1.154579	0.605713	1.154314	0.603012	1.154339	0.603246	1357210952.687360	1.000477	46.244509	32.981290	3.592799	0.999945	0.908805	0.999955	0.908449	0.999978	0.903995	1.000097	0.002053	1.008110	0.000032	1.003471	0.000069	1.009648	0.000031	0.999845	0.909474	
1357210953.687136	0.999953	48.649319	34.897696	7.518832	1.000000	1.000000	1.000001	1.000000	1.000001	1.000000	1.000000	1.000000	1.000059	0.000439	1.000160	0.000545	1.002396	0.000049	1.001371	0.000035	1357210953.687308	0.999948	48.634577	35.333257	3.845781	1.000000	1.000000	1.000000	1.000000	1.000000	1.000000	0.999998	0.002881	0.999901	0.000051	1.002450	0.000012	0.999872	0.000051	1.000000	1.000000	
1357210954.687136	1.000000	48.684967	34.923172	7.535690	1.000001	1.000000	1.000000	1.000000	0.999999	1.000000	1.000000	1.000000	1.000132	0.000373	0.995108	0.000138	0.986671	0.000013	1.001921	0.000050	1357210954.687305	0.999997	48.677717	35.367526	3.820782	1.000000	1.000000	1.000000	1.000000	1.000000	1.000000	0.999986	0.004077	0.999771	0.000012	0.999302	0.000041	1.003198	0.000012	1.000000	1.000000	
1357210955.687138	1.000002	48.708479	34.967157	7.431840	1.000000	1.000000	1.000000	1.000000	1.000001	1.000000	1.000000	0.999754	0.999849	0.000404	1.004295	0.000164	1.002379	0.000073	0.992505	0.000013	1357210955.687308	1.000003	48.624895	35.318418	3.819095	1.000000	0.999756	0.999982	0.999814	1.000000	0.999760	0.999948	0.000715	0.999966	0.000046	1.001269	0.000011	0.999559	0.000046	0.999983	0.999809	
1357210956.687136	0.999998	48.669175	34.901174	7.442931	1.000000	0.999642	0.999999	0.999924	1.000000	0.999999	1.000000	0.999577	1.000215	0.000363	0.999709	0.000140	1.001554	0.000013	1.000362	0.000053	1357210956.687305	0.999997	48.642439	35.324832	3.897687	1.000000	0.999917	1.000000	0.999953	1.000000	1.000000	0.999938	0.000241	1.000175	0.000011	0.999688	0.000047	1.000096	0.000012	1.000000	1.000000	
1357210957.687136	1.000000	48.667801	34.894958	7.511795	1.000000	1.000000	1.000000	1.000000	1.000000	1.000000	1.000000	1.000000	1.000035	0.002517	0.999872	0.000123	0.994171	0.000064	0.998882	0.000013	1357210957.687312	1.000007	48.695861	35.378402	3.848484	1.000000	1.000000	1.000000	1.000000	1.000000	1.000000	0.999958	0.000183	0.988660	0.000046	1.000256	0.000012	0.987983	0.000046	1.000000	1.000000	
1357210958.687136	1.000000	48.530685	34.791122	7.456726	1.000001	1.000000	1.000001	1.000000	1.000000	1.000000	1.000000	1.000000	0.999911	0.000357	1.000059	0.000467	1.012851	0.000024	1.001223	0.000087	1357210958.687309	0.999997	48.700590	35.386081	3.797970	1.000000	1.000000	1.000000	1.000000	1.000000	1.000000	1.000059	0.000275	1.023288	0.000021	1.000577	0.000059	1.025428	0.000021	1.000000	1.000000	
1357210959.687136	1.000000	48.497253	34.752029	7.245468	1.000000	1.000000	1.000000	1.000000	1.000000	1.000000	1.000000	0.999999	1.000304	0.000413	0.999476	0.000126	1.002833	0.000058	0.986960	0.000013	1357210959.687314	1.000005	48.582887	35.276969	3.791058	1.000000	1.000000	1.000000	1.000000	1.000000	1.000000	0.999965	0.000186	1.000962	0.000046	0.992767	0.000007	0.999212	0.000046	1.000000	1.000000	
1357210960.687136	1.000000	48.526794	34.740952	7.508087	0.999999	1.000000	0.999999	1.000000	1.000000	1.000000	1.000001	1.000000	0.999752	0.000354	0.999750	0.000394	0.973308	0.000014	1.000157	0.000946	1357210960.687309	0.999995	48.543151	35.210641	3.828648	1.000000	1.000000	1.000000	1.000000	1.000000	1.000000	0.999872	0.000260	0.996601	0.000012	0.999812	0.000051	1.005385	0.000012	1.000000	1.000000	
1357210961.687138	1.000002	48.651976	34.868357	7.425645	1.000001	1.000000	1.000000	1.000000	1.000000	1.000001	1.000000	1.000000	0.999889	0.002599	1.000578	0.000156	1.002121	0.000068	0.996013	0.000030	1357210961.687313	1.000004	48.600679	35.270746	3.856613	1.000000	0.999743	0.999983	0.999809	1.000000	0.999746	1.000133	0.000096	1.000603	0.000045	1.001082	0.000024	0.999663	0.000046	0.999983	0.999804	
1357210962.687136	0.999998	48.731660	34.991568	7.238036	1.000000	1.000000	1.000000	1.000001	1.000001	1.000000	1.000000	1.000000	1.000012	0.004458	1.000249	0.000132	1.000275	0.000008	0.998459	0.000047	1357210962.687308	0.999995	48.590499	35.269952	3.779651	1.000000	1.000000	1.000000	1.000000	1.000000	1.000000	1.000047	0.000410	0.998982	0.000011	1.000154	0.000043	0.997766	0.000012	1.000000	1.000000	
1357210963.687136	1.000000	48.556396	34.751495	7.540497	1.000000	1.000000	1.000000	1.000000	0.999999	1.000000	1.000000	0.999614	0.999702	0.000412	0.999683	0.000453	1.001400	0.000056	1.008360	0.000033	1357210963.687309	1.000001	48.491104	35.152356	3.838162	1.000000	0.999612	1.000000	1.000000	1.000000	0.999615	0.999998	0.000216	1.000656	0.000046	1.000194	0.000012	1.000169	0.000073	1.000000	1.000000	
1357210964.687138	1.000002	48.570998	34.760981	7.532273	1.000000	1.000000	1.000000	1.000000	1.000000	1.000000	1.000000	1.000000	1.000379	0.000362	1.000474	0.000391	1.001700	0.000013	0.995733	0.000050	1357210964.687311	1.000002	48.474349	35.132166	3.966225	1.000000	0.999694	1.000000	1.000000	1.000000	1.000000	1.000102	0.000245	0.997440	0.000012	0.999293	0.000046	1.001132	0.000007	1.000000	0.999797	
1357210965.687136	0.999998	48.535417	34.764699	7.416610	1.000000	1.000000	1.000000	1.000000	1.000000	1.000000	1.000000	1.000000	0.999968	0.000376	0.999693	0.000125	1.000060	0.000051	1.001517	0.000013	1357210965.687313	1.000002	48.477172	35.145258	3.779534	1.000000	1.000000	1.000000	1.000000	1.000000	1.000000	0.999850	0.000187	0.999940	0.000045	1.003605	0.000011	0.999125	0.000050	1.000000	1.000000	
1357210966.687136	1.000000	48.557587	34.770477	7.511780	1.000000	0.999702	0.999999	0.999722	1.000001	0.999665	1.000001	0.999664	1.000513	0.000367	0.998976	0.000139	0.997106	0.000013	1.001182	0.000047	1357210966.687303	0.999990	48.511793	35.176607	3.852211	1.000000	0.999699	1.000000	0.999701	1.000000	0.999670	1.000007	0.001539	0.999935	0.000012	1.000018	0.000044	1.003320	0.000012	1.000000	1.000000	
1357210967.687136	1.000000	48.579681	34.787888	7.477310	1.000000	1.000000	1.000000	1.000000	0.999999	1.000000	1.000000	1.000000	1.000045	0.002358	1.001017	0.000128	0.999427	0.000049	0.998162	0.000013	1357210967.687309	1.000006	48.403444	35.083073	3.891792	1.000000	1.000000	1.000000	1.000000	1.000000	1.000000	0.999744	0.000184	0.999565	0.000045	0.999902	0.000012	0.999644	0.000047	1.000000	1.000000	
1357210968.687137	1.000001	48.554901	34.807599	7.422631	1.000000	0.999957	1.000000	0.999979	1.000000	0.999956	1.000000	0.999956	0.999678	0.000351	0.999999	0.000458	1.002546	0.000013	0.992374	0.000075	1357210968.687305	0.999996	48.580122	35.255789	3.802292	1.000000	1.000000	1.000000	1.000000	1.000000	1.000000	0.999988	0.004419	1.003186	0.000012	0.999183	0.000046	0.998776	0.000012	1.000000	0.999992	
1357210969.687136	0.999999	48.909150	35.143893	7.387596	1.000000	1.000000	1.000000	1.000000	1.000000	1.000000	1.000001	1.000000	1.000049	0.001742	0.999817	0.003931	0.989255	0.000049	1.000136	0.000014	1357210969.687312	1.000007	48.569275	35.250382	3.820118	1.000000	1.000000	1.000000	1.000000	1.000000	1.000000	0.999970	0.003273	0.987331	0.000043	1.000998	0.000012	0.989514	0.000044	1.000000	1.000000	
1357210970.687136	1.000000	49.264923	35.485733	7.512619	1.000000	1.000000	1.000000	1.000000	1.000000	1.000000	0.999999	1.000000	0.999957	0.007418	1.000209	0.002908	1.023858	0.000022	1.011466	0.000059	1357210970.687303	0.999991	48.419247	35.089734	3.805592	1.000000	1.000000	1.000000	1.000000	1.000000	1.000000	1.000314	0.000119	1.024915	0.000022	1.000209	0.000057	1.021477	0.000022	1.000000	1.000000	
1357210971.687136	1.000000	49.160446	35.381973	7.532074	1.000000	1.000000	1.000000	1.000000	1.000000	1.000000	1.000000	1.000000	1.000002	0.003648	0.999864	0.005894	1.000018	0.002791	0.999955	0.002862	1357210971.687312	1.000009	48.509372	35.177095	3.863826	1.000000	1.000000	1.000000	1.000000	1.000000	1.000000	0.999991	0.002790	1.000008	0.002700	1.000007	0.002534	0.999999	0.002675	1.000000	1.000000	
1357210972.687136	1.000000	48.600586	34.831711	7.445374	1.000000	1.000000	1.000000	1.000000	1.000000	1.000000	1.000000	1.000000	1.000177	0.000529	1.002263	0.000234	0.996386	0.000013	0.999470	0.000049	1357210972.687305	0.999993	48.430358	35.121718	3.819835	1.000000	1.000000	1.000000	1.000000	1.000000	1.000000	0.999821	0.000110	0.997999	0.000012	0.998397	0.000042	0.999809	0.000012	1.000000	1.000000	
1357210973.687137	1.000001	40.786735	27.233525	5.857950	1.000000	0.698875	1.000000	0.697573	1.000001	0.697560	1.000000	0.697529	1.001084	0.000287	0.999133	0.000540	0.981221	0.000051	1.001064	0.000033	1357210973.687503	1.000198	41.930850	28.664509	3.113092	0.999999	0.697297	1.000000	0.697268	0.999999	0.697244	1.000332	0.000128	1.000043	0.000044	1.002198	0.000018	0.999980	0.001307	1.000000	1.000000	
1357210974.687136	0.999999	17.976610	4.816472	2.354311	0.768102	0.003768	0.695292	0.000064	0.707824	0.000064	0.644999	0.000066	0.604885	0.000346	0.620840	0.000436	0.845769	0.000019	0.711114	0.000076	1357210974.687382	0.999879	28.642980	15.458202	1.906786	0.999977	0.000068	0.998618	0.000007	0.999179	0.000007	0.999919	0.000162	0.999903	0.000012	0.999762	0.000066	1.000912	0.000007	1.000000	1.000000	
1357210975.687138	1.000002	22.786318	9.614590	3.910088	0.804397	0.013613	1.003542	0.000027	0.983925	0.000062	1.003170	0.000023	0.999629	0.000093	0.810055	0.000272	0.995498	0.000048	0.924937	0.000014	1357210975.687494	1.000112	28.633709	15.402479	3.471886	1.000139	0.000028	0.999987	0.000057	0.936296	0.000063	1.000048	0.000097	0.997652	0.000049	0.999882	0.000016	0.999831	0.000073	1.000000	1.000000	
1357210976.687142	1.000004	22.735046	9.567207	3.847397	0.772668	0.015942	0.998348	0.000050	0.917058	0.000038	0.999057	0.000051	1.001533	0.000034	0.879443	0.000272	1.016349	0.000013	0.954651	0.000067	1357210976.687392	0.999898	28.610830	15.376645	3.505256	0.999860	0.000080	1.000427	0.000012	1.369878	0.000011	0.999966	0.000112	1.011943	0.000011	0.999994	0.000060	0.997460	0.000011	1.000000	1.000000	
1357210977.687136	0.999994	22.034723	8.866615	3.877831	0.750699	0.016956	0.805805	0.000028	0.999842	0.000054	0.783534	0.000029	0.996151	0.004972	0.819544	0.000283	0.979852	0.000059	0.999226	0.000013	1357210977.687499	1.000107	28.578697	15.364261	3.381962	1.000008	0.000049	0.999906	0.000074	0.999875	0.000055	1.000010	0.000111	0.999613	0.000044	1.000105	0.000011	1.000439	0.000086	1.000000	1.000000	
1357210978.687137	1.000001	21.792444	8.643257	3.927746	0.733475	0.014925	0.660877	0.000419	0.933409	0.000076	0.941658	0.000049	1.003970	0.000038	0.732201	0.000821	0.749900	0.000102	0.947545	0.000176	1357210978.687386	0.999887	28.604169	15.379439	3.604289	1.000015	0.000230	1.000690	0.000012	0.997839	0.000011	0.999986	0.000336	1.000047	0.000082	1.000053	0.000124	0.999294	0.000057	1.000000	1.000000	
1357210979.687139	1.000002	21.979862	8.818541	3.934960	0.722481	0.017089	0.801734	0.000028	1.000176	0.000055	0.797338	0.000028	0.998230	0.000092	0.727163	0.000301	1.003325	0.000053	0.710362	0.000018	1357210979.687396	1.000010	28.588871	15.366149	3.618448	0.999863	0.000062	0.999969	0.000075	0.999885	0.000053	0.999955	0.000069	0.999966	0.000068	1.001315	0.000012	1.000520	0.000047	1.000000	1.000000	
1357210980.687137	0.999998	22.147045	8.986589	3.872383	0.738562	0.014485	0.908275	0.000055	0.904350	0.000039	0.911698	0.000056	1.000260	0.000034	0.811885	0.000291	1.000391	0.000017	0.982818	0.000089	1357210980.687555	1.000159	28.566945	15.348511	3.560118	0.999934	0.000076	0.999706	0.000012	1.002862	0.000011	1.000017	0.000089	0.999859	0.000011	0.999564	0.000063	0.997920	0.000011	1.000000	1.000000	
1357210981.687138	1.000001	19.231213	6.072443	3.979275	0.593896	0.020345	0.578840	0.000059	0.924514	0.000054	0.717321	0.000332	0.821302	0.000100	0.616467	0.000357	0.698782	0.000071	0.716646	0.000011	1357210981.687503	0.999948	28.578588	15.354070	3.729533	1.000272	0.000051	0.993316	0.000077	0.993047	0.000076	0.999939	0.000070	0.988350	0.000045	1.004296	0.000012	0.991869	0.000060	1.000000	1.000000	
1357210982.687136	0.999998	21.195887	8.039795	3.966270	0.672325	0.018225	0.734865	0.000062	0.603593	0.000084	0.642997	0.000086	1.014642	0.000053	0.758105	0.000328	0.534307	0.000041	0.717611	0.000180	1357210982.687385	0.999882	28.570694	15.349269	3.614364	0.999898	0.000094	1.025256	0.000020	1.024038	0.000022	0.999955	0.000103	1.025544	0.000021	0.999228	0.000060	1.023006	0.000021	1.000000	1.000000	
1357210983.687136	1.000000	21.811722	8.657333	3.923935	0.721349	0.014500	0.801905	0.000025	0.999842	0.000090	0.804605	0.000028	0.999830	0.000082	0.774710	0.000712	1.002707	0.000052	0.999132	0.000008	1357210983.687427	1.000042	28.557868	15.342038	3.512762	0.999851	0.000075	1.000034	0.000069	0.999986	0.000055	0.999907	0.000112	0.999948	0.000067	1.000433	0.000006	1.000570	0.000064	1.000000	1.000000	
1357210984.687136	1.000000	22.631119	9.479202	3.861603	0.765368	0.014499	0.996927	0.000050	1.000225	0.000036	1.003708	0.000053	0.994977	0.000038	0.867823	0.000267	0.988175	0.000014	0.946465	0.000097	1357210984.687385	0.999958	28.566689	15.349017	3.556424	1.000090	0.000073	0.999871	0.000012	0.999773	0.000012	1.000031	0.000101	0.999614	0.000011	1.000374	0.000051	0.999078	0.000012	1.000000	1.000000	
1357210985.687141	1.000005	21.069887	7.918082	3.861232	0.673763	0.018012	0.999894	0.000022	0.779136	0.000069	0.992646	0.000025	0.694106	0.000111	0.761341	0.000291	1.003889	0.000052	1.000038	0.000041	1357210985.687503	1.000118	28.561128	15.344884	3.572256	1.000039	0.000069	0.999975	0.000076	0.999995	0.000075	1.000000	0.000069	0.999957	0.000045	1.000033	0.000012	1.000244	0.000044	1.000000	1.000000	
1357210986.687136	0.999995	20.203608	7.054479	4.031316	0.630897	0.019049	0.746685	0.000061	0.665934	0.000054	0.723430	0.000064	0.662587	0.000052	0.823663	0.000287	0.984470	0.000013	0.816798	0.000095	1357210986.687439	0.999936	28.527854	15.322344	3.682608	1.000132	0.000076	0.999965	0.000011	0.999857	0.000011	0.999974	0.000091	1.000106	0.000011	0.999991	0.000044	1.000254	0.000012	1.000000	1.000000	
1357210987.687136	1.000000	20.839066	7.704163	4.001831	0.670040	0.016737	0.997852	0.000022	0.999498	0.000068	0.999983	0.000022	0.999640	0.002056	0.787679	0.000330	0.923014	0.000050	1.002860	0.000041	1357210987.687543	1.000104	28.590976	15.362493	3.664902	0.999740	0.000076	0.999979	0.000073	0.999891	0.000074	0.999851	0.000090	1.000048	0.000048	1.000247	0.000011	0.999082	0.000047	1.000000	1.000000	
1357210988.687141	1.000005	19.392298	6.244323	3.992763	0.602353	0.021016	0.731549	0.000062	0.732836	0.000098	1.000081	0.000048	0.925242	0.000042	0.736323	0.000762	0.553208	0.000020	0.705711	0.000072	1357210988.687531	0.999988	28.540135	15.335525	3.705534	1.000226	0.000073	0.999775	0.000012	1.000494	0.000012	1.000119	0.000120	1.000516	0.000012	0.999275	0.000046	1.004434	0.000011	1.000000	1.000000	
1357210989.687136	0.999995	22.697410	9.547106	3.825642	0.808577	0.013668	0.994017	0.000020	1.003706	0.000052	1.007261	0.000026	1.000233	0.000083	0.922195	0.000248	0.980411	0.000054	0.911810	0.000043	1357210989.687449	0.999918	28.565011	15.349541	3.513380	0.999892	0.000054	0.999918	0.000057	0.999951	0.000056	0.999968	0.000084	0.999805	0.000043	1.002809	0.000011	0.999484	0.000045	1.000000	1.000000	
1357210990.687137	1.000001	19.445614	6.297647	3.949169	0.598215	0.019603	0.747093	0.000061	0.646380	0.000057	0.683626	0.000067	0.670062	0.000051	0.641439	0.000368	0.581981	0.000020	0.926993	0.000052	1357210990.687572	1.000123	28.546628	15.337133	3.642283	1.000065	0.000096	1.000485	0.000012	0.999570	0.000012	1.000019	0.000102	1.000836	0.000012	0.999331	0.000044	0.997628	0.000012	1.000000	1.000000	
1357210991.687136	0.999999	19.386142	6.241064	4.044376	0.592933	0.019095	0.691910	0.000051	0.933108	0.000055	0.677365	0.000031	0.999807	0.000086	0.635087	0.000347	0.922457	0.000050	0.551006	0.000020	1357210991.687553	0.999981	28.548579	15.332354	3.732997	0.999665	0.000062	0.999968	0.000073	0.999950	0.000054	0.999923	0.000070	0.999748	0.000047	1.003271	0.000011	1.000642	0.000048	1.000000	1.000000	
1357210992.687139	1.000003	19.570160	6.424800	3.987094	0.618132	0.020354	0.796818	0.000087	0.828146	0.000092	0.691700	0.000069	0.661512	0.000052	0.650486	0.000368	0.749754	0.000015	0.811422	0.000098	1357210992.687524	0.999971	28.561393	15.346943	3.717164	1.000155	0.000072	1.000000	0.000012	0.999928	0.000011	1.000046	0.000100	1.000716	0.000012	0.999236	0.000046	0.997592	0.000012	1.000000	1.000000	
1357210993.687140	1.000001	20.490596	7.347848	4.085369	0.646470	0.017838	0.669781	0.000046	0.873995	0.000097	1.001244	0.000029	0.995787	0.000081	0.782071	0.000704	0.988960	0.000048	1.000730	0.000041	1357210993.687459	0.999935	28.556577	15.341743	3.766084	0.999819	0.000049	0.990838	0.000057	0.991426	0.000063	0.999986	0.000140	0.991916	0.000064	0.999859	0.000011	0.989695	0.000045	1.000000	1.000000	
1357210994.687137	0.999997	20.145753	7.016242	3.942853	0.634093	0.019857	0.931138	0.000054	0.942505	0.000057	0.953969	0.000073	0.566397	0.000087	0.695159	0.000354	0.598075	0.000038	0.862424	0.000124	1357210994.687555	1.000096	28.554614	15.340552	3.751349	1.000181	0.000100	1.025864	0.000020	1.019510	0.000023	0.999032	0.000103	1.026554	0.000021	1.000484	0.000074	1.012070	0.000041	1.000000	1.000000	
1357210995.687136	0.999999	19.504047	6.363104	4.075123	0.605128	0.020577	0.698402	0.000029	0.725084	0.000074	0.698467	0.000030	0.790611	0.000098	0.611286	0.000360	0.832349	0.000056	0.650060	0.000011	1357210995.687456	0.999901	28.530258	15.326971	3.717363	0.999804	0.000047	0.999974	0.000075	1.001199	0.000054	1.001420	0.000068	0.999241	0.000047	0.995340	0.000006	1.000263	0.000047	1.000000	1.000000	
1357210996.687137	1.000001	25.419364	12.274357	3.807919	0.920184	0.016109	1.000001	0.003024	0.998905	0.002725	1.000005	0.002572	1.000003	0.003186	1.000002	0.002734	0.999799	0.002687	0.997083	0.002787	1357210996.687366	0.999910	30.246066	17.034124	3.359311	0.999994	0.002876	0.999994	0.002594	1.000011	0.002479	0.999999	0.002704	0.999801	0.002724	0.999998	0.002730	0.999993	0.002669	1.000000	1.000000	
1357210997.687140	1.000003	20.603238	7.460487	4.006122	0.660568	0.019262	0.785173	0.000081	0.999143	0.000058	0.993339	0.000023	0.982897	0.002088	0.760848	0.000301	0.993347	0.000053	0.998390	0.000013	1357210997.687500	1.000134	28.554264	15.340840	3.678615	1.000000	0.000053	0.999992	0.000051	0.999359	0.000052	0.999961	0.000119	1.008911	0.000060	0.999825	0.000011	0.999758	0.000061	1.000000	1.000000	
1357210998.687137	0.999997	21.900977	8.758282	3.945035	0.750059	0.014859	0.720811	0.000054	0.780187	0.000094	0.697456	0.000069	1.006423	0.000034	0.778555	0.000738	0.792360	0.000015	1.000136	0.000057	1357210998.687536	1.000036	28.542109	15.330564	3.555567	1.000041	0.000076	1.000325	0.000012	1.002558	0.000012	0.999958	0.000166	0.997153	0.000012	1.000166	0.000046	1.001877	0.000012	1.000000	1.000000	
1357210999.687136	0.999999	20.149784	7.010627	3.994144	0.625343	0.018991	0.993292	0.000021	0.935105	0.000056	0.872251	0.000027	0.837250	0.000103	0.696498	0.000323	0.997700	0.000048	0.893949	0.000019	1357210999.687372	0.999836	28.537411	15.322933	3.745381	1.000032	0.000048	0.999957	0.000054	0.999291	0.000056	1.000068	0.000068	1.000694	0.000048	0.999338	0.000011	0.999686	0.000069	1.000000	1.000000	
1357211000.687136	1.000000	24.427567	11.286743	3.810135	0.962269	0.010566	0.999685	0.000048	1.000267	0.000038	0.997757	0.000056	1.000236	0.000038	1.000747	0.000251	1.010880	0.000013	1.000020	0.000057	1357211000.687371	0.999999	28.510998	15.299712	3.491382	0.999909	0.000081	0.999471	0.000012	1.002711	0.000012	0.999978	0.000179	0.999709	0.000012	1.000052	0.000067	1.000761	0.000012	1.000000	1.000000	
1357211001.687137	1.000001	21.761973	8.620918	3.899731	0.740141	0.014593	0.803900	0.000028	0.999932	0.000057	0.802412	0.000028	0.831905	0.000098	0.652901	0.000332	1.003603	0.000050	0.700839	0.000018	1357211001.687375	1.000004	28.533896	15.320418	3.514695	0.999951	0.000047	1.000117	0.000056	0.999973	0.000057	1.000023	0.000116	1.000241	0.000045	0.999577	0.000012	1.000069	0.000045	1.000000	1.000000	
1357211002.687136	0.999999	19.925220	6.786887	3.968906	0.605071	0.017534	0.681732	0.000111	0.716054	0.000063	0.763606	0.000064	0.992756	0.000035	0.681230	0.000378	0.984599	0.000013	0.746914	0.000063	1357211002.687495	1.000120	28.529736	15.315149	3.760734	1.000098	0.000074	0.999837	0.000012	0.999902	0.000012	0.999985	0.000100	0.998034	0.000011	0.999909	0.000055	0.998933	0.000012	1.000000	1.000000	
1357211003.687142	1.000006	20.571227	7.445589	3.913124	0.663563	0.016115	0.986651	0.000016	0.997747	0.000091	0.813408	0.000028	0.961534	0.000102	0.821794	0.000684	0.923722	0.000051	0.656913	0.000023	1357211003.687556	1.000061	28.522292	15.309597	3.578227	0.999870	0.000068	0.999883	0.000056	1.000030	0.000076	0.999970	0.000090	1.000040	0.000048	1.003176	0.000011	0.999728	0.000068	1.000000	1.000000	
1357211004.687137	0.999995	20.890608	7.750329	3.950185	0.686620	0.017769	0.940628	0.000085	0.745502	0.000072	0.989948	0.000056	0.814454	0.000114	0.627796	0.000361	0.553618	0.000020	0.986700	0.000055	1357211004.687374	0.999818	28.523652	15.305717	3.744013	1.000005	0.000085	1.000684	0.000011	0.999358	0.000011	1.000000	0.000085	1.001794	0.000011	0.999175	0.000046	1.001416	0.000011	1.000000	1.000000	
1357211005.687136	0.999999	20.561543	7.422309	3.955585	0.649934	0.016326	0.999433	0.000056	0.989559	0.000051	0.802204	0.000030	0.816779	0.000094	0.807672	0.000273	0.989519	0.000051	1.000836	0.000014	1357211005.687378	1.000004	28.506049	15.306762	3.672242	0.999978	0.000054	0.993487	0.000075	0.990465	0.000057	1.000050	0.000070	0.988042	0.000044	1.000421	0.000012	0.991743	0.000061	1.000000	1.000000	
1357211006.687136	1.000000	21.193237	8.055023	3.903717	0.687922	0.015513	1.000152	0.000051	1.009861	0.000054	1.003677	0.000070	1.010846	0.000049	0.771064	0.000333	1.018570	0.000027	0.805794	0.000078	1357211006.687562	1.000184	28.538311	15.332612	3.571349	0.999962	0.000121	1.024324	0.000020	1.025623	0.000021	0.999966	0.000147	1.025419	0.000020	1.000334	0.000060	1.013426	0.000034	1.000000	1.000000	
1357211007.687136	1.000000	22.104187	8.965454	3.850098	0.746673	0.014703	0.998568	0.000021	0.760676	0.000068	0.998287	0.002037	1.000868	0.000152	0.866426	0.000252	0.999651	0.000048	0.851606	0.000015	1357211007.687489	0.999927	28.536384	15.325535	3.528837	1.000141	0.000049	1.000036	0.000076	1.000099	0.000054	0.999951	0.000103	1.000024	0.000047	0.975368	0.000007	1.000536	0.000068	1.000000	1.000000	
1357211008.687137	1.000001	21.003734	7.864540	4.041515	0.667652	0.018327	1.000653	0.000050	0.997541	0.000073	0.883945	0.000737	0.681491	0.000051	0.772555	0.000787	1.002305	0.000014	0.999842	0.000056	1357211008.687370	0.999881	28.546273	15.330010	3.615466	0.999952	0.000073	0.999771	0.000012	0.999294	0.000012	1.000016	0.000148	1.000097	0.000012	1.003132	0.000050	1.000316	0.000012	1.000000	1.000000	
1357211009.687139	1.000002	19.577798	6.438739	4.051475	0.610827	0.021028	1.000358	0.000020	0.717726	0.000071	1.000212	0.000016	0.800142	0.000097	0.644004	0.000354	0.739076	0.000066	0.712720	0.000018	1357211009.687578	1.000208	28.541872	15.329744	3.672729	0.999733	0.000049	1.000028	0.000055	1.000064	0.000054	1.000000	0.000107	0.999963	0.000052	1.000381	0.000012	0.999983	0.000044	1.000000	1.000000	
1357211010.687136	0.999997	23.677716	10.539049	3.807156	0.867256	0.011854	0.999730	0.000051	0.915818	0.000042	0.995146	0.000061	0.943868	0.000063	0.918349	0.000258	0.985898	0.000013	0.941319	0.000056	1357211010.687489	0.999911	28.540746	15.330480	3.464542	1.000021	0.000108	0.999928	0.000011	0.999901	0.000012	0.999978	0.000120	0.999871	0.000012	1.000199	0.000044	1.000831	0.000011	1.000000	1.000000	
1357211011.687136	1.000000	20.611923	7.486038	3.960938	0.665116	0.017136	0.800815	0.000027	1.000094	0.000057	0.702067	0.000030	0.822797	0.000099	0.728068	0.000311	1.000008	0.000051	1.004174	0.000013	1357211011.687440	0.999951	28.525449	15.313344	3.618342	0.999936	0.000048	0.999950	0.000054	0.999943	0.000054	0.999977	0.000117	0.997905	0.000048	0.992092	0.000012	0.999909	0.000067	1.000000	1.000000	
1357211012.687136	1.000000	715807917.952148	715812919.269379	715825393.546402	0.999876	1.000493	0.999878	1.000516	0.999887	1.000507	0.999878	1.000499	0.999880	1.000513	0.999882	1.000505	0.999880	1.000513	0.999880	1.000511	1357211012.687244	0.999804	715959104.374692	715921742.590109	715959020.604491	0.999879	1.000507	0.999876	1.000504	3.900640	0.256470	0.999880	1.000507	0.999880	1.000512	0.999883	1.000509	0.999880	1.000512	0.999881	1.000515	
1357211013.687136	1.000000	0.000000	0.000000	0.000000	-nan	-nan	-nan	-nan	1514600540730.614014	inf	-nan	-nan	-nan	0.000000	-nan	-nan	-nan	-nan	-nan	-nan	1357211013.687228	0.999984	0.000000	0.000000	0.000000	-nan	-nan	-nan	-nan	1.345745	inf	-nan	-nan	-nan	-nan	-nan	-nan	-nan	-nan	-nan	-nan	
