ts_0	elapsed_0	pkg_0	pp0_0	dram_0	freq_ratio_0_0	c0_ratio_0_0	freq_ratio_0_1	c0_ratio_0_1	freq_ratio_0_2	c0_ratio_0_2	freq_ratio_0_3	c0_ratio_0_3	freq_ratio_0_4	c0_ratio_0_4	freq_ratio_0_5	c0_ratio_0_5	freq_ratio_0_6	c0_ratio_0_6	freq_ratio_0_7	c0_ratio_0_7	ts_1	elapsed_1	pkg_1	pp0_1	dram_1	freq_ratio_1_0	c0_ratio_1_0	freq_ratio_1_1	c0_ratio_1_1	freq_ratio_1_2	c0_ratio_1_2	freq_ratio_1_3	c0_ratio_1_3	freq_ratio_1_4	c0_ratio_1_4	freq_ratio_1_5	c0_ratio_1_5	freq_ratio_1_6	c0_ratio_1_6	freq_ratio_1_7	c0_ratio_1_7	
1357207397.714174	1.016568	62.754372	49.282414	5.851478	1.156075	0.478930	1.154143	0.463665	1.154812	0.470996	1.157512	0.485372	1.154413	0.467640	1.156014	0.474595	1.155178	0.467849	1.155648	0.472471	1357207397.714260	1.000386	55.955376	42.594154	3.574624	0.999795	0.838292	0.999977	0.837633	0.999977	0.836483	0.999970	0.836208	0.999977	0.835964	1.000002	0.264867	1.000001	0.559981	0.999717	0.839215	
1357207398.714171	0.999997	63.945999	50.150149	7.486458	0.912123	0.943053	0.912393	0.943840	0.912426	0.943548	0.912377	0.942434	0.912539	0.944500	0.912384	0.942305	0.912387	0.942341	0.912250	0.943113	1357207398.714254	0.999994	64.960546	51.361772	5.248551	0.927704	0.944759	0.927841	0.946559	0.927606	0.943488	0.927603	0.943454	0.927607	0.943507	0.931521	0.997450	0.927605	0.943497	0.927608	0.943536	
1357207399.714171	1.000000	64.716858	50.751923	7.925827	0.875074	0.994270	0.875074	0.994280	0.875076	0.994580	0.875074	0.994280	0.875076	0.994573	0.875075	0.994256	0.875076	0.994561	0.875075	0.994567	1357207399.714247	0.999993	64.649846	50.919557	6.292905	0.881650	0.994953	0.881653	0.994863	0.881653	0.994849	0.881654	0.994885	0.881655	0.994886	0.881653	0.994838	0.881655	0.994874	0.881643	0.994937	
1357207400.714171	1.000000	64.716034	50.817673	7.942749	0.874544	0.994505	0.874546	0.994333	0.874543	0.994487	0.874548	0.994314	0.874543	0.994471	0.874547	0.994311	0.874549	0.994318	0.874548	0.994327	1357207400.714256	1.000009	64.714013	51.016139	6.045249	0.881959	0.995087	0.881972	0.994950	0.881973	0.995223	0.881972	0.994941	0.881973	0.995283	0.881973	0.994934	0.881974	0.995262	0.881961	0.995322	
1357207401.714169	0.999998	64.722597	50.786520	7.928635	0.873930	0.994631	0.873930	0.994630	0.873930	0.994625	0.873929	0.994624	0.873929	0.994620	0.873929	0.994617	0.873929	0.994621	0.873927	0.994614	1357207401.714243	0.999987	64.725306	51.007352	6.302573	0.881083	0.995132	0.881082	0.995127	0.881082	0.995127	0.881081	0.995122	0.881081	0.995121	0.881081	0.995113	0.881080	0.995117	0.881080	0.995111	
1357207402.714169	1.000000	64.717316	50.839554	7.984482	0.874194	0.994381	0.874194	0.994377	0.874194	0.994374	0.874195	0.994368	0.874195	0.994364	0.874195	0.994361	0.874195	0.994362	0.874195	0.994360	1357207402.714239	0.999996	64.713824	51.064782	6.069650	0.881271	0.995455	0.881271	0.995450	0.881271	0.995447	0.881271	0.995441	0.881271	0.995442	0.881271	0.995434	0.881271	0.995432	0.881271	0.995431	
1357207403.714171	1.000002	64.720336	50.844096	7.971390	0.874627	0.993878	0.874627	0.993875	0.874615	0.993985	0.874609	0.994052	0.874626	0.993862	0.874626	0.993857	0.874625	0.993856	0.874625	0.993846	1357207403.714264	1.000025	64.717740	51.076831	5.988314	0.880497	0.994590	0.880497	0.994496	0.880498	0.994497	0.880499	0.995018	0.880499	0.995017	0.880500	0.995017	0.880498	0.994501	0.880499	0.994931	
1357207404.714169	0.999998	64.717988	50.776510	7.916900	0.873723	0.994641	0.873723	0.994641	0.873723	0.994635	0.873723	0.994630	0.873722	0.994628	0.873723	0.994625	0.873724	0.994622	0.873723	0.994618	1357207404.714244	0.999980	64.718841	51.023422	6.081009	0.879322	0.994966	0.879322	0.994961	0.879321	0.994960	0.879321	0.994957	0.879321	0.994954	0.879321	0.994950	0.879321	0.994949	0.879320	0.994944	
1357207405.714171	1.000002	64.717742	50.824442	7.933075	0.873935	0.994269	0.873929	0.994484	0.873930	0.994479	0.873929	0.994476	0.873936	0.994253	0.873930	0.994467	0.873935	0.994246	0.873936	0.994243	1357207405.714255	1.000011	64.717674	51.061009	5.995585	0.878699	0.994762	0.878705	0.994695	0.878705	0.994693	0.878705	0.994685	0.878705	0.994703	0.878705	0.994699	0.878705	0.994694	0.878693	0.994759	
1357207406.714169	0.999998	64.722887	50.831793	7.991638	0.873519	0.994375	0.873519	0.994360	0.873518	0.994357	0.873519	0.994352	0.873519	0.994351	0.873519	0.994348	0.873519	0.994347	0.873519	0.994352	1357207406.714243	0.999988	64.716012	51.064894	5.936335	0.878615	0.994902	0.878615	0.994895	0.878615	0.994896	0.878615	0.994893	0.878615	0.994890	0.878615	0.994881	0.878615	0.994878	0.878615	0.994876	
1357207407.714169	1.000000	64.718948	50.759201	7.919327	0.873346	0.994618	0.873345	0.994615	0.873346	0.994612	0.873345	0.994609	0.873344	0.994601	0.873344	0.994602	0.873344	0.994586	0.873343	0.994590	1357207407.714242	0.999999	64.717423	51.003314	6.241766	0.877435	0.994579	0.877435	0.994572	0.877435	0.994569	0.877435	0.994568	0.877434	0.994564	0.877434	0.994560	0.877434	0.994557	0.877434	0.994553	
1357207408.714171	1.000002	64.719740	50.875071	7.930100	0.873264	0.993788	0.873263	0.993833	0.873258	0.994003	0.873262	0.993838	0.873271	0.993565	0.873260	0.993964	0.873265	0.993778	0.873272	0.993546	1357207408.714264	1.000022	64.716445	51.096108	5.873834	0.879282	0.994385	0.879286	0.994622	0.879286	0.994615	0.879285	0.994609	0.879299	0.994217	0.879300	0.994193	0.879284	0.994657	0.879277	0.994505	
1357207409.714171	1.000000	64.720535	50.782639	7.933487	0.872461	0.994328	0.872459	0.994293	0.872467	0.994653	0.872461	0.994315	0.872458	0.994276	0.872460	0.994295	0.872460	0.994303	0.872460	0.994296	1357207409.714273	1.000009	64.718408	51.024822	6.273045	0.878517	0.994411	0.878519	0.994350	0.878519	0.994342	0.878518	0.994357	0.878517	0.994398	0.878518	0.994351	0.878505	0.994733	0.878510	0.994563	
1357207410.714169	0.999998	64.651353	50.768087	7.927963	0.872506	0.993955	0.872513	0.994493	0.872513	0.994487	0.872507	0.994037	0.872514	0.994486	0.872513	0.994480	0.872513	0.994478	0.872513	0.994472	1357207410.714243	0.999970	64.719351	51.058678	6.051650	0.877384	0.994798	0.877384	0.994799	0.877384	0.994794	0.877384	0.994790	0.877384	0.994787	0.877384	0.994783	0.877384	0.994784	0.877384	0.994779	
1357207411.714175	1.000006	47.721731	34.170725	5.751125	0.908360	0.639166	0.908393	0.639059	0.908423	0.638980	0.908419	0.638937	0.908379	0.638977	0.908424	0.638870	0.908424	0.638846	0.908424	0.638824	1357207411.714613	1.000370	51.912538	38.515686	3.750535	0.911875	0.638746	0.911875	0.638722	0.911875	0.638695	0.911876	0.638670	0.911877	0.638651	0.911877	0.638631	0.911877	0.638609	0.943497	0.997191	
1357207412.714176	1.000001	19.194318	5.963465	4.595134	0.611325	0.012899	0.601023	0.000185	0.981980	0.000050	0.757545	0.000503	0.712949	0.000224	0.645973	0.000055	1.000171	0.000014	0.783477	0.000084	1357207412.714606	0.999993	29.075763	15.827853	3.978436	0.999745	0.000029	1.000087	0.000137	1.001402	0.000022	0.999953	0.000090	0.999394	0.000011	1.003671	0.000011	1.000476	0.000011	1.000000	1.000000	
1357207413.714169	0.999993	21.321498	8.078456	4.797580	0.637628	0.012761	0.750135	0.000211	0.749682	0.000036	0.594741	0.000039	0.650448	0.000246	0.665252	0.000108	0.734799	0.000074	0.998284	0.000009	1357207413.714420	0.999814	29.021266	15.766329	4.405086	0.997575	0.000052	0.999657	0.000040	0.988758	0.000047	0.999980	0.000058	0.989226	0.000048	0.987871	0.000043	0.988063	0.000044	1.000000	1.000000	
1357207414.714169	1.000000	18.851135	5.595123	5.280304	0.572077	0.017875	0.564914	0.000201	0.744928	0.000075	0.768454	0.000074	0.607815	0.000281	0.588645	0.000081	0.594027	0.000039	0.675904	0.000102	1357207414.714520	1.000100	29.009248	15.752409	4.843251	1.003629	0.000036	1.000013	0.000059	1.010213	0.000052	1.000336	0.000094	1.024793	0.000021	1.023004	0.000021	1.025585	0.000020	1.000000	1.000000	
1357207415.714169	1.000000	21.593964	8.341110	4.546432	0.625664	0.011693	0.810622	0.000279	0.551492	0.000020	0.715912	0.000018	0.694759	0.000230	0.997674	0.000082	1.000682	0.000049	0.714675	0.000018	1357207415.714421	0.999901	28.964414	15.714491	4.080360	0.999656	0.000053	0.999945	0.000056	1.000000	0.000064	0.999387	0.000057	1.000148	0.000044	1.000628	0.000058	0.999898	0.000046	1.000000	1.000000	
1357207416.714169	1.000000	23.147202	9.896469	4.289276	0.710656	0.008558	0.760955	0.000146	0.754809	0.000074	0.761761	0.000083	0.681110	0.000227	0.999990	0.000038	1.000323	0.000013	1.000336	0.000047	1357207416.714465	1.000044	28.937688	15.696405	3.852888	1.000153	0.000028	0.999830	0.000043	1.000000	0.000021	0.999967	0.000095	1.000000	0.000012	0.999801	0.000012	0.997796	0.000012	1.000000	1.000000	
1357207417.714171	1.000002	21.425542	8.176559	4.831320	0.635820	0.012390	0.815517	0.000181	0.983504	0.000013	0.896341	0.000388	0.743917	0.000212	1.001978	0.000077	0.924205	0.000054	0.673611	0.000068	1357207417.714581	1.000116	28.908905	15.667447	4.350233	1.000208	0.000054	0.999946	0.000107	0.999809	0.000047	1.000133	0.000038	1.000000	0.000045	0.999904	0.000044	1.000499	0.000064	1.000000	1.000000	
1357207418.714170	0.999999	18.589129	5.361318	5.305944	0.564935	0.016025	0.618669	0.000250	0.761107	0.000073	0.734288	0.000069	0.921490	0.002325	0.998621	0.000034	0.546996	0.000021	0.515974	0.000077	1357207418.714527	0.999946	28.923891	15.686316	4.947288	0.999849	0.000028	1.000295	0.000042	0.998483	0.000022	0.999962	0.000123	1.000510	0.000011	0.997585	0.000011	0.999195	0.000011	1.000000	1.000000	
1357207419.714172	1.000002	18.520884	5.281743	5.482366	0.559613	0.018216	0.639989	0.000235	0.765805	0.000017	1.016084	0.000046	0.619723	0.000246	0.675531	0.000104	0.767670	0.000066	0.996101	0.000014	1357207419.714590	1.000063	28.912517	15.674352	4.862609	0.991904	0.000078	0.996966	0.000069	1.000782	0.000050	1.000148	0.000036	0.999876	0.000044	0.998141	0.000045	0.999163	0.000045	1.000000	1.000000	
1357207420.714169	0.999997	19.530227	6.293766	5.178666	0.588029	0.015438	0.612489	0.000181	0.738957	0.000082	1.003867	0.000066	0.630340	0.000251	0.655751	0.000052	0.580835	0.000020	0.599195	0.000075	1357207420.714530	0.999940	28.909116	15.672740	4.715829	1.023776	0.000026	1.004804	0.000042	1.000015	0.000026	0.999846	0.000082	1.000000	0.000011	1.009996	0.000011	1.003156	0.000011	1.000000	1.000000	
1357207421.714169	1.000000	19.124527	5.890747	5.274399	0.581339	0.017558	0.644393	0.000218	0.488181	0.000025	0.709350	0.000018	0.688115	0.000234	0.762328	0.000092	0.927697	0.000054	0.588787	0.000022	1357207421.714590	1.000060	28.889027	15.655020	4.699928	1.000083	0.000051	1.000127	0.000055	0.999840	0.000060	0.999990	0.000037	0.999992	0.000046	0.999973	0.000044	0.999536	0.000045	1.000000	1.000000	
1357207422.714169	1.000000	22.145004	8.909302	4.664230	0.670278	0.011695	0.705201	0.000178	0.724137	0.000079	0.955474	0.000398	0.717085	0.000222	0.603401	0.000054	0.753625	0.000016	0.686318	0.000102	1357207422.714429	0.999839	28.894649	15.660296	4.192874	0.999517	0.000028	0.999993	0.000112	1.000103	0.000023	1.000095	0.000081	1.000416	0.000012	0.997932	0.000011	0.997158	0.000011	1.000000	1.000000	
1357207423.714169	1.000000	22.836777	9.597580	4.656158	0.703647	0.009698	0.879081	0.000435	0.993187	0.000033	0.909201	0.001205	0.914457	0.000205	1.001423	0.000124	0.999622	0.000052	0.998331	0.000051	1357207423.714416	0.999987	28.879804	15.648856	4.087532	0.999917	0.000088	0.999990	0.000041	1.000054	0.000100	0.999951	0.000236	0.999917	0.000111	1.000213	0.000100	1.000373	0.000059	1.000000	1.000000	
1357207424.714169	1.000000	23.612091	10.375412	4.794327	0.761257	0.012275	0.988006	0.003085	0.992217	0.002480	0.993241	0.002675	0.978437	0.002467	1.000000	0.002401	0.994515	0.002835	0.993329	0.002551	1357207424.714401	0.999985	28.946648	15.731010	4.270938	0.999995	0.002578	0.999996	0.002556	0.999996	0.002537	1.000001	0.003745	0.999999	0.002605	0.999982	0.002589	1.000013	0.002358	1.000000	1.000000	
1357207425.714169	1.000000	18.600159	5.365738	5.307693	0.560613	0.015310	0.621476	0.000237	0.516272	0.000053	0.566964	0.000050	0.630736	0.000242	0.699415	0.000061	0.711592	0.000063	0.703538	0.000020	1357207425.714520	1.000119	28.914224	15.674725	4.866853	0.998105	0.000047	1.000898	0.000042	0.991360	0.000063	0.994710	0.000038	0.987642	0.000044	0.988324	0.000042	0.987873	0.000041	1.000000	1.000000	
1357207426.714169	1.000000	19.028931	5.797852	5.203796	0.573141	0.016107	0.544282	0.000203	0.928738	0.000056	0.796106	0.000079	0.588534	0.000287	0.596970	0.000038	1.022756	0.000022	0.808540	0.000079	1357207426.714611	1.000091	28.888467	15.660897	4.837557	1.000857	0.000098	0.999393	0.000078	1.017270	0.000031	1.002134	0.000092	1.026296	0.000021	1.025879	0.000020	1.022732	0.000020	1.000000	1.000000	
1357207427.714169	1.000000	19.194183	5.979507	5.217468	0.566258	0.014340	0.607975	0.000231	0.714424	0.000018	0.754249	0.000456	0.598323	0.000260	0.743420	0.000072	1.000258	0.000051	0.656523	0.000068	1357207427.714425	0.999814	28.848092	15.637445	4.633506	0.999934	0.000135	1.000148	0.000109	0.999814	0.000046	1.000171	0.000050	1.000152	0.000053	0.999203	0.000056	0.999747	0.000056	1.000000	1.000000	
1357207428.714169	1.000000	18.650879	5.427933	5.350693	0.575631	0.015718	0.622266	0.000178	0.774300	0.000074	0.776934	0.000076	0.928138	0.002289	0.710443	0.000018	0.702525	0.000019	0.706962	0.000055	1357207428.714533	1.000108	28.870127	15.647800	4.887457	1.000534	0.000023	0.999680	0.000042	1.000373	0.000021	0.999969	0.000123	1.000069	0.000011	1.000722	0.000011	1.001830	0.000018	1.000000	1.000000	
1357207429.714173	1.000004	20.525994	7.301728	4.852077	0.606539	0.013553	0.682629	0.000212	1.007284	0.000017	0.987852	0.000017	0.627408	0.000249	0.741058	0.000071	0.747956	0.000065	0.714121	0.000018	1357207429.714419	0.999886	28.876231	15.646375	4.417297	0.999763	0.000057	1.000075	0.000041	0.999440	0.000067	0.999965	0.000044	1.000221	0.000049	0.999930	0.000055	1.000503	0.000049	1.000000	1.000000	
1357207430.714169	0.999996	21.661846	8.437305	4.797474	0.654477	0.012474	0.864331	0.000129	0.765173	0.000072	0.789041	0.000079	0.691617	0.000242	0.999389	0.000013	1.000172	0.000013	0.727038	0.000064	1357207430.714411	0.999992	28.864522	15.637532	4.252003	1.000208	0.000026	0.999897	0.000041	1.001770	0.000021	0.999981	0.000082	0.999032	0.000011	1.000035	0.000011	0.999039	0.000011	1.000000	1.000000	
1357207431.714169	1.000000	19.891602	6.668961	5.131393	0.592940	0.014919	0.738709	0.000325	0.706102	0.000019	0.998730	0.000013	0.753154	0.000290	0.744724	0.000064	0.833022	0.000091	0.827239	0.000031	1357207431.714410	0.999999	28.866376	15.645721	4.650929	1.000117	0.000069	1.000016	0.000071	0.999129	0.000045	0.999960	0.000038	0.999974	0.000059	0.999790	0.000046	0.999460	0.000059	1.000000	1.000000	
1357207432.714172	1.000003	19.889953	6.664545	5.250152	0.597306	0.017794	0.602633	0.000223	0.754431	0.000074	0.758689	0.000508	0.656950	0.000256	0.705859	0.000018	0.968978	0.000009	0.648492	0.000107	1357207432.714457	1.000047	28.873461	15.643781	4.945111	1.000029	0.000079	0.999858	0.000112	1.000205	0.000021	0.999715	0.000108	0.998396	0.000026	0.999930	0.000011	1.004314	0.000006	1.000000	1.000000	
1357207433.714170	0.999998	19.762657	6.540372	5.079661	0.603449	0.015044	0.744977	0.000198	0.711433	0.000019	0.984474	0.000009	0.647646	0.000246	0.735863	0.000069	0.685456	0.000079	1.003091	0.000008	1357207433.714449	0.999992	28.863714	15.644444	4.662758	1.000007	0.000057	1.000218	0.000039	1.000016	0.000048	1.000265	0.000058	1.001164	0.000047	1.000191	0.000046	1.000161	0.000050	1.000000	1.000000	
1357207434.714173	1.000003	18.875796	5.654081	5.243484	0.575739	0.017289	0.615628	0.000180	0.736998	0.000074	0.704413	0.000088	0.610560	0.000253	0.712303	0.000018	0.714623	0.000019	0.901551	0.000055	1357207434.714539	1.000090	28.859619	15.639799	4.756866	0.999834	0.000028	1.000071	0.000043	1.001129	0.000021	1.000041	0.000074	0.997974	0.000011	1.002366	0.000011	0.999196	0.000011	1.000000	1.000000	
1357207435.714176	1.000003	22.486381	9.275926	4.456163	0.679355	0.009452	0.858089	0.000192	0.749577	0.000015	0.776680	0.000017	0.908727	0.000184	1.004725	0.000051	1.004613	0.000049	0.713441	0.000019	1357207435.714420	0.999881	28.863084	15.638457	4.042870	0.999605	0.000053	0.999958	0.000055	0.999965	0.000044	0.999947	0.000036	1.000250	0.000043	0.999770	0.000045	0.999619	0.000066	1.000000	1.000000	
1357207436.714174	0.999998	20.781274	7.556029	4.998865	0.619516	0.013534	0.722752	0.000188	0.871984	0.000064	0.719886	0.000131	0.641051	0.000247	0.703319	0.000018	0.688969	0.000019	1.000034	0.000046	1357207436.714429	1.000009	28.839644	15.628948	4.501302	0.999467	0.000026	1.000000	0.000053	1.000224	0.000026	1.000110	0.000077	0.999515	0.000011	0.997903	0.000011	1.002978	0.000011	1.000000	1.000000	
1357207437.714169	0.999995	22.797493	9.569933	4.665337	0.689618	0.009565	0.837053	0.000214	0.669456	0.000049	0.951410	0.000368	0.903401	0.000186	0.988674	0.000048	0.990297	0.000052	0.879338	0.000052	1357207437.714421	0.999992	28.865758	15.639623	4.128146	0.998360	0.000055	0.999871	0.000111	0.988979	0.000048	0.999958	0.000037	0.991482	0.000060	0.992126	0.000061	0.990715	0.000058	1.000000	1.000000	
1357207438.714171	1.000002	20.508140	7.289567	4.928900	0.608008	0.014329	0.793735	0.000178	0.754118	0.000073	0.847007	0.000057	0.952864	0.002724	1.016036	0.000023	1.019510	0.000027	0.767524	0.000071	1357207438.714527	1.000106	28.865529	15.643467	4.504619	1.003104	0.000036	1.000153	0.000091	1.016634	0.000031	0.999966	0.000112	1.023381	0.000021	1.011543	0.000041	1.013346	0.000041	1.000000	1.000000	
1357207439.714175	1.000004	18.200564	4.993724	5.148218	0.536481	0.015623	0.590482	0.000281	0.704100	0.000019	1.004164	0.000017	0.603329	0.000257	0.687558	0.000068	0.728229	0.000065	0.998182	0.000014	1357207439.714417	0.999890	28.874832	15.646770	4.822948	0.999848	0.000073	0.999972	0.000041	0.999336	0.000044	0.999838	0.000038	1.000636	0.000044	1.000101	0.000065	1.000000	0.000058	1.000000	1.000000	
1357207440.714169	0.999994	22.663435	9.457103	4.471050	0.691198	0.009517	0.910247	0.000189	1.000298	0.000056	0.999537	0.000063	0.818867	0.000192	0.704967	0.000018	0.990155	0.000014	0.999863	0.000045	1357207440.714411	0.999994	28.852146	15.629808	4.149881	0.999774	0.000027	0.999868	0.000044	1.001889	0.000021	1.000025	0.000078	1.000317	0.000011	1.002662	0.000011	0.999930	0.000011	1.000000	1.000000	
1357207441.714173	1.000004	20.667229	7.471939	4.700893	0.605100	0.012118	0.827001	0.000185	0.705626	0.000019	0.706390	0.000019	0.718853	0.000220	0.995423	0.000048	1.001351	0.000049	0.705116	0.000019	1357207441.714502	1.000091	28.860210	15.642023	4.473454	0.999924	0.000051	1.000135	0.000072	1.000008	0.000047	1.000867	0.000037	0.996450	0.000046	0.996889	0.000044	0.998464	0.000045	1.000000	1.000000	
1357207442.714172	0.999999	20.045887	6.825797	4.956807	0.617058	0.013662	0.651793	0.000209	0.774069	0.000077	0.839977	0.000466	0.696904	0.000551	0.708690	0.000019	0.708569	0.000019	0.798121	0.000092	1357207442.714475	0.999973	28.860519	15.635004	4.777244	1.001022	0.000028	0.999929	0.000124	0.999653	0.000021	0.999668	0.000077	1.012654	0.000012	1.009734	0.000011	1.000798	0.000011	1.000000	1.000000	
1357207443.714169	0.999997	20.537783	7.346260	4.568206	0.600715	0.011774	0.748470	0.000214	0.695541	0.000019	0.989037	0.000008	0.670384	0.000240	1.004350	0.000048	0.723113	0.000065	0.996617	0.000008	1357207443.714410	0.999935	28.842469	15.623377	4.336708	0.999692	0.000073	1.000014	0.000054	1.000186	0.000043	0.999907	0.000071	1.000000	0.000044	1.000026	0.000044	1.000655	0.000074	1.000000	1.000000	
1357207444.714169	1.000000	22.078445	8.874237	4.508820	0.667997	0.009651	0.647050	0.000207	0.767714	0.000071	0.920218	0.000066	0.894931	0.000476	0.697575	0.000019	0.693741	0.000019	1.000102	0.000049	1357207444.714421	1.000011	28.838719	15.622479	4.243194	0.999846	0.000028	1.000000	0.000043	0.999576	0.000022	0.999929	0.000076	0.999190	0.000011	0.999785	0.000011	0.999968	0.000012	1.000000	1.000000	
1357207445.714169	1.000000	22.594070	9.387726	4.486832	0.667552	0.010018	0.828958	0.000194	1.015918	0.000013	1.000000	0.000013	0.767702	0.000222	0.999934	0.000047	1.001320	0.000054	0.998819	0.000013	1357207445.714415	0.999994	28.793400	15.595979	4.200602	1.000133	0.000052	0.999850	0.000041	1.000167	0.000046	1.000053	0.000044	1.000122	0.000047	0.999924	0.000061	1.000221	0.000045	1.000000	1.000000	
1357207446.714169	1.000000	21.629776	8.422668	4.718689	0.645819	0.011005	0.732227	0.000186	0.761591	0.000073	0.733157	0.000130	0.827133	0.000196	0.708488	0.000019	0.706603	0.000019	1.000771	0.000048	1357207446.714409	0.999994	28.834660	15.618257	4.385875	0.998495	0.000026	1.000045	0.000076	0.998113	0.000021	1.000065	0.000083	0.999841	0.000012	0.999967	0.000012	0.999017	0.000012	1.000000	1.000000	
1357207447.714169	1.000000	22.973129	9.765121	4.283447	0.711823	0.009538	1.001345	0.000163	0.998037	0.000017	0.886621	0.000376	0.995260	0.000168	0.925718	0.000053	0.926438	0.000056	0.740858	0.000069	1357207447.714599	1.000190	28.824937	15.613992	4.089830	1.000849	0.000052	0.999869	0.000120	1.000739	0.000044	0.999990	0.000037	1.000142	0.000065	1.000412	0.000046	1.000097	0.000067	1.000000	1.000000	
1357207448.714182	1.000013	18.805616	5.602145	5.300437	0.580054	0.017681	0.717910	0.000189	0.767262	0.000075	0.674639	0.000072	0.920565	0.002301	0.461790	0.000024	0.549731	0.000021	0.671099	0.000057	1357207448.714624	1.000025	28.850016	15.633672	5.063212	0.999985	0.000027	1.000270	0.000041	1.000356	0.000021	0.999951	0.000133	0.999451	0.000019	0.999527	0.000024	1.000319	0.000012	1.000000	1.000000	
1357207449.714172	0.999990	25.933808	12.727407	4.805727	0.754616	0.012882	0.975473	0.003253	1.000196	0.002624	0.998837	0.002552	0.979671	0.002571	0.990989	0.002462	0.986303	0.002610	0.998714	0.002266	1357207449.714388	0.999764	34.529512	21.307397	4.341235	0.999954	0.002588	0.999768	0.002398	1.000101	0.002662	0.999995	0.003882	1.000187	0.002343	1.000161	0.002518	1.000171	0.002508	1.000000	1.000000	
1357207450.714169	0.999997	715793749.631659	715804934.376256	715823425.018726	0.999904	1.000670	0.999906	1.000693	0.999911	1.000683	0.999902	1.000662	0.999907	1.000687	0.999907	1.000673	0.999907	1.000687	0.999905	1.000679	1357207450.714261	0.999873	715872157.784348	715877590.253652	715883176.363909	0.999906	1.000683	0.999902	1.000676	3.898763	0.256645	0.999904	1.000674	0.999906	1.000686	0.999910	1.000686	0.999907	1.000687	0.999908	1.000689	
1357207451.714174	1.000005	0.000000	0.000000	0.000000	-nan	-nan	-nan	-nan	0.000000	inf	-nan	-nan	-nan	0.000000	0.000000	inf	-nan	-nan	-nan	-nan	1357207451.714252	0.999991	0.000000	0.000000	0.000000	-nan	-nan	-nan	-nan	0.000000	inf	-nan	-nan	-nan	-nan	-nan	-nan	-nan	-nan	-nan	-nan	
1357207452.714349	1.000175	0.000000	0.000000	0.000000	-nan	-nan	-nan	-nan	-nan	-nan	-nan	-nan	-nan	0.000000	-nan	-nan	-nan	-nan	-nan	-nan	1357207452.714426	1.000174	0.000000	0.000000	0.000000	-nan	-nan	-nan	-nan	-nan	-nan	-nan	-nan	-nan	-nan	-nan	-nan	-nan	-nan	-nan	-nan	
