ts_0	elapsed_0	pkg_0	pp0_0	dram_0	freq_ratio_0_0	c0_ratio_0_0	freq_ratio_0_1	c0_ratio_0_1	freq_ratio_0_2	c0_ratio_0_2	freq_ratio_0_3	c0_ratio_0_3	freq_ratio_0_4	c0_ratio_0_4	freq_ratio_0_5	c0_ratio_0_5	freq_ratio_0_6	c0_ratio_0_6	freq_ratio_0_7	c0_ratio_0_7	ts_1	elapsed_1	pkg_1	pp0_1	dram_1	freq_ratio_1_0	c0_ratio_1_0	freq_ratio_1_1	c0_ratio_1_1	freq_ratio_1_2	c0_ratio_1_2	freq_ratio_1_3	c0_ratio_1_3	freq_ratio_1_4	c0_ratio_1_4	freq_ratio_1_5	c0_ratio_1_5	freq_ratio_1_6	c0_ratio_1_6	freq_ratio_1_7	c0_ratio_1_7	
1356625439.710602	1.025567	36.102211	22.724483	2.077262	1.154369	0.630139	1.154387	0.630293	1.153713	0.628946	1.154051	0.630505	1.153904	0.627359	1.156964	0.646001	1.155050	0.634074	1.154146	0.628016	1356625439.710992	1.024668	19.659242	6.525268	1.609006	0.669520	0.000288	0.978283	0.000102	0.774953	0.000120	0.843730	0.000289	1.263507	0.000060	1.121484	0.000117	0.652297	0.000042	1.065375	0.000076	
1356625439.713320	0.002718	25.066667	14.618947	2.807018	1.242232	0.351604	0.810702	0.073734	1.265264	0.008839	1.253903	0.002129	1.261869	0.007903	1.251915	0.002197	1.262268	0.005653	1.247973	0.002268	1356625439.713509	0.002517	22.551861	6.820119	1.260964	0.483522	0.011173	0.727372	0.004258	0.461722	0.005445	1.267091	0.002496	0.739486	0.004365	0.466050	0.005463	0.703592	0.003829	1.309534	0.002495	
1356625439.741690	0.028370	37.053113	23.351889	3.624042	1.256185	0.009147	1.266560	0.942174	1.263276	0.000807	1.262387	0.000658	1.266165	0.000750	1.261175	0.000501	1.253539	0.000173	1.251954	0.000200	1356625439.742085	0.028576	16.917368	3.998932	1.623815	0.507228	0.000914	0.683966	0.000349	0.451372	0.000496	1.236051	0.000235	0.457247	0.000493	0.457674	0.000588	0.710448	0.000402	0.705971	0.000397	
1356625440.292814	0.551124	64.698867	51.316627	4.435985	1.161392	0.719297	1.161099	0.723274	1.161149	0.722702	1.153858	0.585677	1.161089	0.722189	1.153881	0.359786	1.161084	0.722027	1.161086	0.721957	1356625440.293267	0.551182	60.627233	47.456713	1.935953	1.175318	0.723611	1.175485	0.722971	1.165117	0.606058	1.165373	0.611448	1.157408	0.473549	1.089443	0.000051	1.167001	0.627792	1.201072	0.947729	
1356625440.736577	0.443763	67.481446	54.100629	4.376935	1.192972	0.997551	1.153972	0.564903	1.192969	0.997728	1.179629	0.849210	1.153858	0.564277	1.153861	0.564229	1.153864	0.564314	1.153852	0.564113	1356625440.736918	0.443651	58.240228	45.048223	1.976158	1.153864	0.564235	1.192511	0.849070	1.153850	0.564241	1.153857	0.564373	1.153850	0.564314	1.242583	0.000024	1.153860	0.564505	1.192334	0.848430	
1356625441.177585	0.441008	60.432242	47.028559	4.924277	1.152669	0.472404	1.153892	0.469482	1.153999	0.470378	1.154033	0.470481	1.153847	0.469171	1.153889	0.469365	1.200984	0.852037	1.206072	0.920699	1356625441.178031	0.441113	61.429535	48.248800	1.997490	1.153859	0.469180	1.153938	0.469556	1.153849	0.468953	1.153856	0.469003	1.153856	0.468988	1.221103	0.777551	1.153856	0.468914	1.210904	0.929105	
1356625441.653751	0.476166	68.664229	55.253738	4.698709	1.153086	0.769835	1.153883	0.768482	1.153850	0.768184	1.153858	0.768300	1.153857	0.768265	1.153860	0.768305	1.153864	0.768333	1.153848	0.768191	1356625441.654200	0.476169	71.862407	58.699742	1.823451	1.153859	0.768308	1.153856	0.768395	1.153848	0.768293	1.153848	0.768397	1.153847	0.768396	1.153848	0.768504	1.153856	0.768622	1.180188	0.996939	
1356625442.073350	0.419599	65.232743	51.841634	4.289199	1.152694	0.692484	1.153791	0.691275	1.153854	0.690949	1.153899	0.691274	1.153849	0.690820	1.153867	0.690934	1.153866	0.691066	1.153856	0.690949	1356625442.073793	0.419593	69.339609	56.129012	1.900180	1.153870	0.691146	1.153850	0.690890	1.153848	0.690879	1.153848	0.690772	1.153860	0.690836	1.153855	0.690675	1.153846	0.690642	1.189059	0.996102	
1356625442.321565	0.248215	83.070431	69.605945	4.803831	1.153856	0.996396	1.153861	0.996565	1.153849	0.996481	1.153861	0.997061	1.153849	0.996993	1.153848	0.997368	1.153862	0.997704	1.153849	0.997875	1356625442.321626	0.247833	84.589356	71.413318	1.969895	1.153863	0.998230	1.153867	0.998664	1.153849	0.998536	1.153850	0.998909	1.153850	0.999016	1.153850	0.999393	1.153864	0.999721	1.153880	0.995299	
1356625442.576882	0.255317	77.343172	63.936351	4.837306	1.153895	0.874230	1.153879	0.873579	1.153848	0.873227	1.153850	0.872916	1.153846	0.872776	1.153865	0.872627	1.153847	0.872336	1.153847	0.872011	1356625442.577333	0.255707	79.830932	66.582883	2.099712	1.153847	0.871868	1.153845	0.871537	1.153846	0.871432	1.153845	0.871110	1.153845	0.871011	1.153845	0.870701	1.153845	0.870598	1.168117	0.995046	
1356625443.045607	0.468725	68.856021	55.480209	4.636641	1.153242	0.784079	1.153877	0.782933	1.153848	0.782680	1.153879	0.782946	1.153854	0.782720	1.153858	0.782774	1.153857	0.782800	1.153848	0.782678	1356625443.046055	0.468722	72.682483	59.494882	1.946926	1.153858	0.782779	1.153859	0.782798	1.153848	0.782669	1.153848	0.782665	1.153848	0.782655	1.153848	0.782654	1.153857	0.782759	1.178580	0.997358	
1356625443.472596	0.426989	65.163200	51.778577	4.499028	1.152302	0.701083	1.153884	0.698770	1.153848	0.698506	1.153864	0.698665	1.153849	0.698507	1.153857	0.698572	1.153859	0.698617	1.153849	0.698494	1356625443.473038	0.426983	69.623711	56.421657	1.941123	1.153861	0.698624	1.153859	0.698609	1.153848	0.698497	1.153856	0.698544	1.153848	0.698481	1.153848	0.698486	1.153858	0.698600	1.188267	0.996872	
1356625443.853107	0.380511	66.954986	53.594409	4.480540	1.153299	0.715342	1.153889	0.713375	1.153785	0.713177	1.153605	0.713659	1.153860	0.713262	1.153860	0.713403	1.153774	0.713585	1.153848	0.713452	1356625443.853362	0.380324	71.376838	58.154401	1.980509	1.153872	0.713652	1.153866	0.713621	1.153857	0.713506	1.153865	0.713579	1.153849	0.713422	1.153849	0.713423	1.153866	0.713620	1.186318	0.995568	
1356625444.282298	0.429191	64.579967	51.205319	4.454045	1.153052	0.679885	1.153873	0.678462	1.153850	0.678193	1.153857	0.678335	1.153853	0.678313	1.153865	0.678432	1.153853	0.678310	1.153848	0.678198	1356625444.282564	0.429202	68.846491	55.657799	1.867771	1.153876	0.678404	1.153872	0.678376	1.153848	0.678094	1.153848	0.678094	1.153848	0.678085	1.153848	0.678088	1.153872	0.678383	1.190545	0.996636	
1356625444.697706	0.415408	61.347725	47.948639	4.206335	1.151981	0.633730	1.153536	0.631231	1.153811	0.630782	1.153856	0.630892	1.153866	0.630939	1.153874	0.631004	1.153857	0.630882	1.153853	0.630761	1356625444.697928	0.415364	67.067819	53.888211	1.833822	1.153881	0.630982	1.153880	0.630991	1.153850	0.630671	1.153861	0.630716	1.153850	0.630662	1.153851	0.630666	1.153876	0.630947	1.196023	0.995888	
1356625445.022479	0.324773	70.167590	56.791927	4.485460	1.152867	0.761727	1.153879	0.760105	1.153849	0.759898	1.153786	0.760229	1.153849	0.759748	1.153870	0.759754	1.153861	0.759686	1.153849	0.759368	1356625445.022929	0.325001	73.508074	60.327620	1.805555	1.153864	0.759469	1.153866	0.759499	1.153849	0.759294	1.153849	0.759298	1.153848	0.759285	1.153849	0.759284	1.153861	0.759437	1.180989	0.995388	
1356625445.278351	0.255872	82.920344	69.522389	4.760440	1.153855	0.996378	1.153861	0.996609	1.153849	0.996535	1.153861	0.997098	1.153848	0.997024	1.153849	0.997393	1.153861	0.997708	1.153849	0.997878	1356625445.278412	0.255483	84.616749	71.436694	1.900458	1.153861	0.998281	1.153859	0.998636	1.153850	0.998596	1.153850	0.998959	1.153850	0.999075	1.153850	0.999437	1.153860	0.999747	1.153874	0.995132	
1356625445.526397	0.248046	83.099052	69.767616	4.945578	1.153846	1.000001	1.153846	1.000001	1.153847	1.000000	1.153845	1.000001	1.153846	1.000000	1.153846	1.000000	1.153845	1.000000	1.153846	1.000001	1356625445.526455	0.248043	85.352260	72.155453	1.994310	1.153847	1.000000	1.153847	1.000001	1.153846	1.000000	1.153846	1.000000	1.153846	0.999999	1.153846	1.000001	1.153846	1.000000	1.153846	0.997291	
1356625445.773507	0.247110	78.592648	65.205588	4.944984	1.153925	0.887078	1.153879	0.886547	1.153846	0.886171	1.153848	0.885839	1.153860	0.885845	1.153860	0.885525	1.153848	0.885240	1.153847	0.884886	1356625445.773960	0.247505	80.670094	67.499402	2.031012	1.153847	0.884735	1.153845	0.884381	1.153845	0.884298	1.153845	0.883940	1.153845	0.883829	1.153845	0.883504	1.153845	0.883395	1.166567	0.994587	
1356625446.183769	0.410262	76.093717	62.723767	4.960848	1.153919	0.905160	1.153876	0.904803	1.153848	0.904526	1.153861	0.904697	1.153848	0.904538	1.153861	0.904663	1.153856	0.904662	1.153848	0.904524	1356625446.184220	0.410260	78.588424	65.390013	1.803041	1.153858	0.904642	1.153859	0.904658	1.153848	0.904492	1.153848	0.904498	1.153848	0.904502	1.153848	0.904497	1.153856	0.904614	1.164315	0.995806	
1356625446.591388	0.407619	75.113616	61.718663	4.883296	1.153905	0.886494	1.153877	0.885759	1.153848	0.885476	1.153857	0.885595	1.153854	0.885525	1.153856	0.885523	1.153857	0.885588	1.153848	0.885458	1356625446.591841	0.407621	77.573674	64.419633	1.794313	1.153859	0.885576	1.153860	0.885584	1.153848	0.885438	1.153848	0.885436	1.153848	0.885430	1.153848	0.885435	1.153857	0.885575	1.166437	0.995687	
1356625446.889204	0.297816	81.917711	68.550184	4.973903	1.153853	0.996939	1.153859	0.997135	1.153849	0.997072	1.153859	0.997555	1.153848	0.997499	1.153850	0.997815	1.153858	0.998102	1.153848	0.998247	1356625446.889262	0.297421	84.046603	70.859404	2.065127	1.153860	0.998545	1.153864	0.998913	1.153849	0.998793	1.153849	0.999104	1.153849	0.999189	1.153849	0.999498	1.153860	0.999772	1.153873	0.995516	
1356625447.139158	0.249954	83.577761	70.173744	4.947688	1.153846	1.000001	1.153846	1.000000	1.153845	1.000000	1.153845	1.000000	1.153846	1.000000	1.153847	1.000000	1.153846	1.000001	1.153846	1.000000	1356625447.139216	0.249954	85.480455	72.271603	2.017827	1.153846	1.000000	1.153846	1.000000	1.153846	1.000000	1.153846	1.000000	1.153846	1.000000	1.153846	1.000000	1.153846	1.000000	1.153846	0.994924	
1356625447.140500	0.001342	57.223663	47.093267	3.706520	1.153950	1.000002	1.153830	1.000010	1.153896	0.999891	1.153810	0.999995	1.154148	1.000138	1.153849	1.000015	1.154054	0.999872	1.153793	1.000076	1356625447.140557	0.001341	55.227733	45.283556	2.855822	1.153872	0.999961	1.153759	1.000039	1.153873	0.999990	1.153950	1.000021	1.153839	1.000014	1.153908	0.999963	1.153878	1.000031	1.153861	0.213328	
