ts_0	elapsed_0	pkg_0	pp0_0	dram_0	freq_ratio_0_0	c0_ratio_0_0	freq_ratio_0_1	c0_ratio_0_1	freq_ratio_0_2	c0_ratio_0_2	freq_ratio_0_3	c0_ratio_0_3	freq_ratio_0_4	c0_ratio_0_4	freq_ratio_0_5	c0_ratio_0_5	freq_ratio_0_6	c0_ratio_0_6	freq_ratio_0_7	c0_ratio_0_7	ts_1	elapsed_1	pkg_1	pp0_1	dram_1	freq_ratio_1_0	c0_ratio_1_0	freq_ratio_1_1	c0_ratio_1_1	freq_ratio_1_2	c0_ratio_1_2	freq_ratio_1_3	c0_ratio_1_3	freq_ratio_1_4	c0_ratio_1_4	freq_ratio_1_5	c0_ratio_1_5	freq_ratio_1_6	c0_ratio_1_6	freq_ratio_1_7	c0_ratio_1_7	
1356619745.355834	1.021634	75.930523	62.294332	5.652210	1.163832	0.893921	1.161712	0.879478	1.166746	0.920233	1.161890	0.877590	1.157951	0.828062	1.153855	0.737521	1.163112	0.000364	1.158301	0.834542	1356619745.355932	1.000541	77.558080	63.822758	5.484353	1.154249	0.896546	1.154355	0.896377	1.154244	0.895988	1.158720	0.931584	1.154312	0.895844	1.153830	0.885142	0.949620	0.000203	1.154345	0.897267	
1356619746.355830	0.999996	86.025602	72.285464	6.224177	1.153847	1.000000	1.153846	1.000000	1.153845	1.000000	1.153846	1.000000	1.153846	1.000000	1.153846	1.000000	1.154113	0.000373	1.153845	1.000000	1356619746.355919	0.999987	85.482643	71.647485	6.678631	1.153846	1.000000	1.153846	1.000000	1.153846	1.000000	1.153846	1.000000	1.153846	1.000000	1.153846	1.000000	1.153360	0.000096	1.153846	1.000000	
1356619747.355829	0.999999	86.174780	72.427514	6.148657	1.153846	1.000000	1.153847	1.000000	1.153846	1.000000	1.153846	1.000000	1.153846	1.000000	1.153846	1.000000	1.153765	0.000397	1.153847	1.000000	1356619747.355917	0.999998	85.581416	71.737701	6.625287	1.153846	1.000000	1.153846	1.000000	1.153846	1.000000	1.153846	1.000000	1.153846	1.000000	1.153846	1.000000	1.153543	0.000104	1.153846	1.000000	
1356619748.355829	1.000000	86.348694	72.548187	6.224289	1.153846	1.000000	1.153846	1.000000	1.153846	1.000000	1.153846	1.000000	1.153847	1.000000	1.153846	1.000000	1.153925	0.000716	1.153847	1.000000	1356619748.355916	0.999999	85.749395	71.853767	6.749945	1.153846	1.000000	1.153846	1.000000	1.153846	1.000000	1.153846	1.000000	1.153846	1.000000	1.153846	1.000000	1.154504	0.000098	1.153846	1.000000	
1356619749.355829	1.000000	86.362579	72.512436	6.369064	1.153846	1.000000	1.153846	1.000000	1.153846	1.000000	1.153846	1.000000	1.153846	1.000000	1.153846	1.000000	1.153805	0.002329	1.153846	1.000000	1356619749.355917	1.000001	85.911554	71.952416	6.728112	1.153846	1.000000	1.153846	1.000000	1.153846	1.000000	1.153846	1.000000	1.153846	1.000000	1.153846	1.000000	1.153751	0.000220	1.153846	1.000000	
1356619750.355831	1.000002	86.170261	72.401427	6.205814	1.153846	0.999512	1.153846	0.999511	1.153846	0.999510	1.153846	0.999509	1.153846	0.999507	1.153826	0.999608	1.153425	0.000357	1.153828	0.999608	1356619750.355929	1.000012	86.016980	72.135187	6.556929	1.153846	0.999563	1.153860	0.999978	1.153860	0.999978	1.153861	0.999978	1.153860	0.999977	1.153861	0.999978	1.154059	0.000097	1.153846	0.999578	
1356619751.355829	0.999998	86.009869	72.206803	6.293423	1.153847	1.000000	1.153846	1.000000	1.153846	1.000000	1.153846	1.000000	1.153846	1.000000	1.153847	1.000000	1.154121	0.000416	1.153846	1.000000	1356619751.355918	0.999989	85.927563	72.007382	6.610806	1.153846	1.000000	1.153846	1.000000	1.153846	1.000000	1.153846	1.000000	1.153846	1.000000	1.153846	1.000000	1.147743	0.000108	1.153846	1.000000	
1356619752.355829	1.000000	86.137161	72.350128	6.308121	1.153846	1.000000	1.153846	1.000000	1.153846	1.000000	1.153847	1.000000	1.153847	1.000000	1.153846	1.000000	1.153742	0.000391	1.153846	1.000000	1356619752.355916	0.999998	86.085537	72.166809	6.706678	1.153846	1.000000	1.153846	1.000000	1.153846	1.000000	1.153846	1.000000	1.153846	1.000000	1.153846	1.000000	1.153706	0.000116	1.153846	1.000000	
1356619753.355829	1.000000	86.071548	72.278320	6.271454	1.153846	1.000000	1.153846	1.000000	1.153846	1.000000	1.153846	1.000000	1.153846	1.000000	1.153846	1.000000	1.153857	0.000634	1.153846	1.000000	1356619753.355919	1.000003	86.192070	72.246907	6.676218	1.153846	1.000000	1.153846	1.000000	1.153846	1.000000	1.153846	1.000000	1.153846	1.000000	1.153846	1.000000	1.158991	0.000128	1.153846	1.000000	
1356619754.355829	1.000000	86.105179	72.350647	6.151489	1.153846	1.000000	1.153846	1.000000	1.153846	1.000000	1.153846	1.000000	1.153846	1.000000	1.153846	1.000000	1.153320	0.000390	1.153847	1.000000	1356619754.355920	1.000001	86.136103	72.249977	6.639551	1.153846	1.000000	1.153846	1.000000	1.153846	1.000000	1.153846	1.000000	1.153846	1.000000	1.153846	1.000000	1.153668	0.000115	1.153846	1.000000	
1356619755.355829	1.000000	86.189514	72.390228	6.390030	1.153847	1.000000	1.153847	1.000000	1.153846	1.000000	1.153846	1.000000	1.153846	1.000000	1.153847	1.000000	1.154280	0.000432	1.153846	1.000000	1356619755.355917	0.999997	86.148735	72.213221	6.701467	1.153846	1.000000	1.153846	1.000000	1.153846	1.000000	1.153846	1.000000	1.153846	1.000000	1.153846	1.000000	1.153976	0.000103	1.153846	1.000000	
1356619756.355829	1.000000	86.234222	72.402542	6.478729	1.153846	1.000000	1.153846	1.000000	1.153846	1.000000	1.153846	1.000000	1.153846	1.000000	1.153846	1.000000	1.153748	0.000366	1.153847	1.000000	1356619756.355915	0.999998	86.223126	72.253113	6.686338	1.153846	1.000000	1.153846	1.000000	1.153846	1.000000	1.153846	1.000000	1.153846	1.000000	1.153846	1.000000	1.153329	0.000095	1.153846	1.000000	
1356619757.355831	1.000002	86.255802	72.457915	6.366534	1.153847	0.999627	1.153847	0.999626	1.153846	0.999625	1.153847	0.999624	1.153847	0.999623	1.153824	0.999726	1.154504	0.000395	1.153825	0.999725	1356619757.355922	1.000007	86.288115	72.357196	6.737334	1.153846	0.999670	1.153857	0.999977	1.153858	0.999977	1.153857	0.999977	1.153858	0.999977	1.153846	0.999656	1.154207	0.000104	1.153847	0.999690	
1356619758.355829	0.999998	86.318631	72.528215	6.275570	1.153846	1.000000	1.153847	1.000001	1.153846	1.000000	1.153846	1.000000	1.153845	1.000000	1.153845	1.000000	1.153597	0.000642	1.153845	1.000000	1356619758.355920	0.999998	86.303525	72.385575	6.675840	1.153846	1.000000	1.153846	1.000000	1.153846	1.000000	1.153846	1.000000	1.153846	1.000000	1.153846	1.000000	1.153714	0.000096	1.153846	1.000000	
1356619759.355829	1.000000	86.289642	72.500656	6.187592	1.153846	1.000000	1.153846	0.999999	1.153847	1.000000	1.153846	1.000000	1.153846	1.000000	1.153847	1.000001	1.153784	0.002151	1.153847	1.000000	1356619759.355915	0.999995	86.317449	72.402599	6.697101	1.153846	1.000000	1.153846	1.000000	1.153846	1.000000	1.153846	1.000000	1.153846	1.000000	1.153846	1.000000	1.153686	0.000137	1.153846	1.000000	
1356619760.355829	1.000000	86.318741	72.533569	6.262497	1.153847	1.000000	1.153846	1.000000	1.153846	1.000000	1.153847	1.000000	1.153846	1.000000	1.153846	1.000000	1.153901	0.000358	1.153846	1.000000	1356619760.355916	1.000001	86.338586	72.430366	6.681421	1.153846	1.000000	1.153846	1.000000	1.153846	1.000000	1.153846	1.000000	1.153846	1.000000	1.153846	1.000000	1.153807	0.000095	1.153846	1.000000	
1356619761.355829	1.000000	86.371155	72.559830	6.376740	1.153846	1.000000	1.153847	1.000000	1.153846	1.000000	1.153846	1.000000	1.153846	1.000000	1.153845	1.000000	1.154317	0.000379	1.153845	1.000000	1356619761.355917	1.000001	86.376794	72.442268	6.731088	1.153846	1.000000	1.153846	1.000000	1.153846	1.000000	1.153846	1.000000	1.153846	1.000000	1.153846	1.000000	1.154001	0.000102	1.153846	1.000000	
1356619762.355829	1.000000	86.352554	72.557495	6.278259	1.153846	1.000000	1.153846	1.000000	1.153846	1.000000	1.153846	1.000000	1.153846	0.999999	1.153846	1.000000	1.153390	0.000364	1.153846	1.000000	1356619762.355917	1.000000	86.390976	72.477753	6.691757	1.153846	1.000000	1.153846	1.000000	1.153846	1.000000	1.153846	1.000000	1.153846	1.000000	1.153846	1.000000	1.153640	0.000096	1.153846	1.000000	
1356619763.355829	1.000000	86.425812	72.590469	6.425522	1.153846	1.000000	1.153847	1.000000	1.153846	1.000000	1.153846	1.000000	1.153846	1.000001	1.153847	1.000001	1.153759	0.000663	1.153846	1.000000	1356619763.355917	1.000000	86.384018	72.434357	6.700317	1.153846	1.000000	1.153846	1.000000	1.153846	1.000000	1.153846	1.000000	1.153846	1.000000	1.153846	1.000000	1.147703	0.000102	1.153846	1.000000	
1356619764.355829	1.000000	86.420593	72.649414	6.237015	1.153846	1.000000	1.153846	1.000000	1.153846	1.000000	1.153846	1.000000	1.153846	1.000000	1.153845	1.000000	1.153615	0.000395	1.153846	1.000000	1356619764.355925	1.000008	86.346849	72.479347	6.634849	1.153846	1.000000	1.153846	1.000000	1.153846	1.000000	1.153846	1.000000	1.153846	1.000000	1.153846	1.000000	1.158334	0.000141	1.153846	1.000000	
1356619765.355829	1.000000	86.420410	72.611496	6.293320	1.153847	1.000000	1.153846	1.000000	1.153846	1.000000	1.153846	1.000000	1.153846	1.000000	1.153847	1.000000	1.153869	0.003522	1.153847	1.000000	1356619765.355916	0.999991	86.389546	72.484971	6.698669	1.153846	1.000000	1.153846	1.000000	1.153846	1.000000	1.153846	1.000000	1.153846	1.000000	1.153846	1.000000	1.153842	0.003318	1.153846	1.000000	
1356619766.355829	1.000000	86.415955	72.599045	6.299011	1.153846	1.000000	1.153847	1.000000	1.153846	1.000000	1.153846	1.000000	1.153847	1.000000	1.153846	1.000000	1.153816	0.000363	1.153846	1.000000	1356619766.355918	1.000002	86.379871	72.463698	6.681796	1.153846	1.000000	1.153846	1.000000	1.153846	1.000000	1.153846	1.000000	1.153846	1.000000	1.153846	1.000000	1.153953	0.000096	1.153846	1.000000	
1356619767.355831	1.000002	86.563708	72.756606	6.317188	1.153848	0.999616	1.153847	0.999615	1.153848	0.999614	1.153847	0.999613	1.153846	0.999565	1.153848	0.999611	1.153903	0.000441	1.153830	0.999710	1356619767.355924	1.000006	86.320622	72.436534	6.687460	1.153885	0.999956	1.153848	0.999576	1.153851	0.999633	1.153846	0.999531	1.153851	0.999630	1.153848	0.999576	1.153623	0.000103	1.153855	0.999664	
1356619768.355830	0.999999	715794143.565216	715820619.809978	715820585.015008	0.999953	1.000897	0.999948	1.000891	0.999953	1.000905	0.999952	1.000894	0.999954	1.000905	0.999953	1.000888	0.999953	1.000902	0.999952	1.000893	1356619768.355917	0.999993	715794148.216925	715790949.424667	715808093.404988	0.999953	1.000900	0.999948	1.000891	3.895546	0.256925	0.999951	1.000890	0.999953	1.000902	0.999954	1.000890	0.999951	1.000895	0.999953	1.000901	
1356619769.355835	1.000005	0.000000	0.000000	0.000000	-nan	-nan	-nan	-nan	0.000000	inf	-nan	-nan	-nan	0.000000	-nan	-nan	-nan	-nan	-nan	-nan	1356619769.355910	0.999993	0.000000	0.000000	0.000000	-nan	-nan	-nan	-nan	0.000000	inf	-nan	-nan	-nan	-nan	-nan	-nan	-nan	-nan	-nan	-nan	
