ts_0	elapsed_0	pkg_0	pp0_0	dram_0	freq_ratio_0_0	c0_ratio_0_0	freq_ratio_0_1	c0_ratio_0_1	freq_ratio_0_2	c0_ratio_0_2	freq_ratio_0_3	c0_ratio_0_3	freq_ratio_0_4	c0_ratio_0_4	freq_ratio_0_5	c0_ratio_0_5	freq_ratio_0_6	c0_ratio_0_6	freq_ratio_0_7	c0_ratio_0_7	ts_1	elapsed_1	pkg_1	pp0_1	dram_1	freq_ratio_1_0	c0_ratio_1_0	freq_ratio_1_1	c0_ratio_1_1	freq_ratio_1_2	c0_ratio_1_2	freq_ratio_1_3	c0_ratio_1_3	freq_ratio_1_4	c0_ratio_1_4	freq_ratio_1_5	c0_ratio_1_5	freq_ratio_1_6	c0_ratio_1_6	freq_ratio_1_7	c0_ratio_1_7	
1356627879.703255	1.001964	58.605292	45.383808	3.578101	1.156082	0.425043	1.154580	0.415068	1.154335	0.415158	1.155957	0.421667	1.154013	0.413924	1.156290	0.423901	1.155073	0.416530	1.155560	0.419054	1356627879.703321	1.000319	49.612302	36.396760	1.753377	0.999912	0.740950	1.000001	0.740312	0.999974	0.739215	1.000001	0.739163	0.999974	0.735273	1.000075	0.003109	0.817398	0.000105	0.999823	0.951992	
1356627880.703256	1.000001	63.281388	50.050535	3.685711	0.999698	0.837391	1.000000	0.836022	1.000000	0.836001	1.000000	0.836018	1.000000	0.835942	1.000000	0.835942	1.000000	0.835940	1.000000	0.836017	1356627880.703316	0.999995	53.508080	40.285633	1.984812	1.000000	0.835947	1.000000	0.836048	1.000000	0.835975	1.000000	0.835971	1.000000	0.835975	0.999989	0.003358	1.001785	0.000012	1.000000	1.000000	
1356627881.703251	0.999995	69.879958	56.622613	3.808796	0.999958	0.965834	1.000000	0.965318	1.000000	0.965314	1.000000	0.965318	1.000000	0.965274	0.999999	0.965272	1.000000	0.965274	1.000000	0.965315	1356627881.703318	1.000002	57.783596	44.551398	1.950482	1.000000	0.965286	1.000000	0.965314	1.000000	0.965267	1.000000	0.965265	1.000000	0.965264	0.999961	0.003885	1.000027	0.000056	1.000000	1.000000	
1356627882.703267	1.000016	71.629624	58.362852	3.799210	1.000000	1.000000	1.000000	1.000000	1.000000	1.000000	1.000000	1.000000	1.000000	1.000000	1.000001	1.000000	1.000000	1.000000	1.000000	1.000000	1356627882.703323	1.000005	58.715313	45.490998	1.912085	1.000000	1.000000	1.000000	1.000000	1.000000	1.000000	1.000000	1.000000	1.000000	1.000000	0.999992	0.003921	0.997555	0.000012	1.000000	1.000000	
1356627883.703251	0.999984	70.176383	56.898736	3.795623	0.999903	0.972353	0.999978	0.971928	0.999978	0.971927	0.999979	0.971924	1.000000	0.971878	1.000000	0.971877	1.000000	0.971875	0.999965	0.971950	1356627883.703315	0.999992	57.816829	44.570826	2.042711	1.000000	0.971891	1.000000	0.971955	1.000000	0.971891	1.000000	0.971875	1.000000	0.971915	0.999952	0.003888	0.990546	0.000052	1.000000	1.000000	
1356627884.703258	1.000007	64.757716	51.490199	3.731679	0.999682	0.845700	1.000000	0.843420	1.000000	0.843384	1.000000	0.843416	1.000000	0.843339	0.999978	0.843380	1.000000	0.843337	1.000000	0.843412	1356627884.703318	1.000003	54.444793	41.210306	1.898279	1.000000	0.843344	1.000000	0.843406	1.000000	0.843344	1.000000	0.843342	1.000000	0.843324	0.999978	0.003464	1.016087	0.000029	1.000000	1.000000	
1356627885.703251	0.999993	715824975.768069	715809660.793404	715804158.936913	0.999920	1.000693	0.999920	1.000707	0.999930	1.000705	0.999921	1.000697	0.999923	1.000709	0.999923	1.000692	0.999922	1.000706	0.999922	1.000700	1356627885.703342	1.000024	715780317.901471	715780830.669550	715750948.276134	0.999921	1.000698	0.999919	1.000702	3.897671	0.256726	0.999921	1.000696	0.999923	1.000709	0.999925	1.000700	0.999922	1.000705	0.999923	1.000706	
1356627886.703284	1.000033	0.000000	0.000000	0.000000	-nan	-nan	-nan	-nan	0.000000	inf	-nan	-nan	-nan	0.000000	-nan	-nan	-nan	-nan	-nan	-nan	1356627886.703378	1.000036	0.000000	0.000000	0.000000	-nan	-nan	-nan	-nan	0.000000	inf	-nan	-nan	-nan	-nan	-nan	-nan	-nan	-nan	-nan	-nan	
1356627887.703443	1.000159	0.000000	0.000000	0.000000	-nan	-nan	-nan	-nan	0.000000	inf	-nan	-nan	-nan	-nan	-nan	-nan	-nan	-nan	-nan	-nan	1356627887.703521	1.000143	0.000000	0.000000	0.000000	-nan	-nan	-nan	-nan	-nan	-nan	-nan	-nan	-nan	-nan	-nan	-nan	-nan	-nan	-nan	-nan	
