ts_0	elapsed_0	pkg_0	pp0_0	dram_0	freq_ratio_0_0	c0_ratio_0_0	freq_ratio_0_1	c0_ratio_0_1	freq_ratio_0_2	c0_ratio_0_2	freq_ratio_0_3	c0_ratio_0_3	freq_ratio_0_4	c0_ratio_0_4	freq_ratio_0_5	c0_ratio_0_5	freq_ratio_0_6	c0_ratio_0_6	freq_ratio_0_7	c0_ratio_0_7	ts_1	elapsed_1	pkg_1	pp0_1	dram_1	freq_ratio_1_0	c0_ratio_1_0	freq_ratio_1_1	c0_ratio_1_1	freq_ratio_1_2	c0_ratio_1_2	freq_ratio_1_3	c0_ratio_1_3	freq_ratio_1_4	c0_ratio_1_4	freq_ratio_1_5	c0_ratio_1_5	freq_ratio_1_6	c0_ratio_1_6	freq_ratio_1_7	c0_ratio_1_7	
1353402671.829170	1.002023	29.932915	16.775527	5.950258	1.154939	0.487613	1.153062	0.476805	1.153922	0.485629	1.153451	0.472256	1.153852	0.484127	1.154734	0.490631	1.154316	0.480914	1.154727	0.479552	1353402671.829432	1.000559	39.765670	26.534222	2.714501	0.999961	0.918634	1.000001	0.918542	0.621702	0.000051	1.009032	0.000031	0.691338	0.000064	0.996569	0.000088	0.626822	0.000050	0.999923	0.919171	
1353402672.829119	0.999949	33.016776	19.854071	6.119422	1.000000	0.525185	1.000042	0.000464	1.000000	1.000000	1.006183	0.000034	1.002125	0.000125	1.003643	0.000211	1.001028	0.000126	1.004568	0.000064	1353402672.829343	0.999911	38.254394	24.995158	2.904265	0.999999	0.474941	1.000000	1.000000	1.000003	0.000119	0.999901	0.000112	0.999822	0.000096	1.015195	0.000034	0.999784	0.000095	1.000000	1.000000	
1353402673.829117	0.999998	35.989052	22.823774	6.115246	1.000000	1.000000	0.999944	0.000343	1.000000	1.000000	0.999831	0.000075	0.991001	0.000033	0.998961	0.000213	0.999989	0.000035	0.994379	0.000013	1353402673.829324	0.999981	35.486105	22.245908	2.715109	0.998584	0.000018	1.000000	1.000000	0.999738	0.000012	1.000326	0.000012	1.000096	0.000012	1.000084	0.000069	1.000809	0.000007	1.000000	1.000000	
1353402674.829118	1.000001	36.036785	22.866983	6.118570	1.000000	1.000000	1.000018	0.000369	1.000000	1.000000	1.000092	0.000058	1.002167	0.000136	0.999975	0.004097	1.001529	0.000070	1.001179	0.000051	1353402674.829331	1.000007	35.548567	22.302824	3.271553	1.000001	0.001136	1.000000	1.000000	1.000015	0.000075	1.000040	0.000076	1.000130	0.000065	0.999487	0.000012	0.999931	0.000072	1.000000	1.000000	
1353402675.829117	0.999999	36.140629	22.974067	6.121405	1.000000	1.000000	1.000026	0.000306	1.000000	1.000000	1.000060	0.000058	0.996585	0.000057	0.999983	0.004888	0.996983	0.000037	1.000483	0.000014	1353402675.829328	0.999997	35.561557	22.318780	2.982202	0.999142	0.000018	1.000000	1.000000	1.000035	0.000011	0.999672	0.000012	0.999064	0.000012	1.000004	0.000091	1.001447	0.000011	1.000000	1.000000	
1353402676.829118	1.000001	35.686901	22.515039	6.088007	1.000000	0.941188	1.000006	0.000366	1.000000	1.000000	0.999918	0.000023	1.002624	0.000080	0.999840	0.003069	0.998389	0.000075	0.998229	0.000045	1353402676.829361	1.000033	35.874659	22.626651	2.839888	1.000011	0.059087	1.000000	1.000000	0.999418	0.000062	1.000039	0.000069	1.000075	0.000051	0.999321	0.000012	0.999877	0.000066	1.000000	1.000000	
1353402677.829117	0.999999	30.022810	16.876145	6.121298	1.000001	0.000330	0.999971	0.000332	1.000000	1.000000	0.999772	0.000142	0.993138	0.000038	0.999963	0.004492	0.995035	0.000035	1.013660	0.000014	1353402677.829356	0.999995	41.460214	28.200657	3.444475	1.000000	1.000000	1.000000	1.000000	1.002836	0.000012	0.999676	0.000012	0.999546	0.000012	0.999994	0.000066	0.997580	0.000011	1.000000	1.000000	
1353402678.829118	1.000001	32.445587	19.281598	6.093515	0.999939	0.003625	1.000001	0.377100	1.000000	1.000000	1.001130	0.000023	1.000102	0.002360	1.000109	0.003908	1.003012	0.000067	0.997872	0.000048	1353402678.829342	0.999986	39.136201	25.869154	3.771537	0.999999	0.622968	1.000000	1.000000	0.999984	0.000072	1.000064	0.000054	0.999991	0.000042	1.000255	0.000018	1.000586	0.000043	1.000000	1.000000	
1353402679.829117	0.999999	36.079823	22.918006	6.102896	0.999970	0.004175	1.000000	1.000000	1.000000	1.000000	0.999845	0.000087	0.997024	0.000066	0.999985	0.001994	1.005483	0.000033	0.998910	0.000014	1353402679.829328	0.999986	35.564343	22.327478	2.726357	1.000064	0.000018	1.000000	1.000000	0.999869	0.000012	0.999806	0.000012	0.999896	0.000011	0.999982	0.000066	0.999100	0.000011	1.000000	1.000000	
1353402680.829118	1.000001	33.167098	20.002621	6.106028	0.999945	0.001199	1.000000	0.496165	1.000000	1.000000	1.000502	0.000022	0.999880	0.000084	0.999999	0.006505	0.997264	0.000078	1.003805	0.000045	1353402680.829364	1.000036	38.513613	25.252463	3.683476	1.000001	0.504068	1.000000	1.000000	0.999326	0.000053	0.999964	0.000054	1.000303	0.000051	0.999144	0.000036	0.999864	0.000065	1.000000	1.000000	
1353402681.829117	0.999999	30.064497	16.905717	6.121344	0.999650	0.000384	0.997491	0.000083	1.000000	1.000000	0.996233	0.000054	1.000057	0.000034	0.999971	0.005913	1.000034	0.000034	0.999533	0.000013	1353402681.829364	1.000000	41.456345	28.186111	3.773865	1.000000	1.000000	1.000000	1.000000	1.002573	0.000012	0.999674	0.000012	0.998623	0.000012	1.000635	0.000040	1.002068	0.000011	1.000000	1.000000	
1353402682.829118	1.000001	32.964904	19.800869	6.118418	1.000001	0.483710	0.998326	0.000214	1.000000	1.000000	1.009011	0.000022	1.000007	0.000535	0.999950	0.003190	1.002084	0.000067	0.986420	0.000050	1353402682.829330	0.999966	38.565264	25.291664	3.443294	0.999998	0.516996	1.000000	1.000000	0.999989	0.000072	0.999963	0.000052	0.999981	0.000062	1.000193	0.000012	0.999913	0.000045	1.000000	1.000000	
1353402683.829117	0.999999	36.002430	22.839667	6.121405	1.000000	1.000000	0.999961	0.000326	1.000000	1.000000	0.990937	0.000056	0.999723	0.000033	0.997271	0.000202	0.996857	0.000035	0.992693	0.000015	1353402683.829325	0.999995	35.614940	22.360494	2.717863	0.998862	0.000018	1.000000	1.000000	0.997191	0.000012	1.000295	0.000012	1.000883	0.000012	0.991667	0.000065	1.001291	0.000011	1.000000	1.000000	
1353402684.829119	1.000002	34.014187	20.848715	6.114719	0.999627	0.686569	0.999999	0.003321	1.000000	0.945861	1.010489	0.000068	0.991782	0.002214	1.000806	0.000517	1.000232	0.000095	1.010649	0.000061	1353402684.829336	1.000011	37.029867	23.769835	3.554938	1.000003	0.278194	1.000000	0.982036	1.000233	0.000144	1.000019	0.000102	0.999987	0.000088	1.018881	0.000029	0.999911	0.000074	1.000000	0.990384	
1353402685.829119	1.000000	35.867554	22.717926	6.127090	1.000000	1.000000	0.999826	0.000315	1.000000	1.000000	0.995180	0.000053	0.999707	0.000304	1.001238	0.000169	1.005663	0.000034	0.997830	0.000014	1353402685.829340	1.000004	35.577645	22.313127	2.724842	1.000000	1.000000	0.997611	0.000007	0.999835	0.000007	0.998828	0.000012	1.001198	0.000012	1.000138	0.000101	0.998815	0.000006	1.000000	1.000000	
1353402686.829118	0.999999	36.472218	23.307960	6.108954	1.000000	1.000000	1.000004	0.077080	1.000000	1.000000	0.985190	0.000040	0.998440	0.000079	0.999333	0.000176	0.996823	0.000065	0.998451	0.000046	1353402686.829312	0.999972	35.378749	22.115439	2.740936	0.999999	0.923041	0.999843	0.004415	0.999990	0.000076	1.000021	0.000075	0.999599	0.000064	0.998875	0.000011	0.999978	0.000071	1.000000	1.000000	
1353402687.829118	1.000000	42.133530	28.958542	6.120865	1.000000	1.000000	1.000000	1.000000	1.000000	1.000000	1.000010	0.000360	1.006686	0.000031	0.999993	0.000163	1.000266	0.000033	1.009267	0.000013	1353402687.829317	1.000005	29.864886	16.611565	2.755022	0.999913	0.000013	1.000074	0.008299	1.000293	0.000012	1.000587	0.000012	0.999803	0.000012	1.000019	0.000060	0.999930	0.000011	1.000000	1.000000	
1353402688.829117	0.999999	37.070623	23.905479	6.127554	0.999996	0.148486	1.000000	0.991180	1.000000	1.000000	0.999967	0.000967	1.000012	0.002068	0.999983	0.001191	0.999174	0.000072	0.997334	0.000044	1353402688.829368	1.000051	34.836388	21.582059	3.450202	1.000001	0.856970	1.000054	0.009783	0.999718	0.000071	1.000209	0.000074	1.000045	0.000068	0.999591	0.000019	0.999668	0.000060	1.000000	1.000000	
1353402689.829118	1.000001	30.164369	17.003051	6.114557	0.999972	0.006080	1.010670	0.000008	1.000000	1.000000	0.999967	0.000399	0.998763	0.000031	0.999966	0.002415	1.000106	0.000033	0.997150	0.000013	1353402689.829369	1.000001	41.344275	28.069828	4.877818	1.000000	1.000000	1.000000	1.000000	1.001616	0.000012	0.998625	0.000012	0.999423	0.000012	1.000173	0.000042	1.001595	0.000012	1.000000	1.000000	
1353402690.829117	0.999999	33.022737	19.864826	6.127569	0.999967	0.004100	0.999999	0.503836	1.000000	1.000000	1.000002	0.000323	0.998087	0.000089	1.001331	0.000173	1.000900	0.000067	1.002240	0.000048	1353402690.829344	0.999975	38.502581	25.254752	3.804432	0.999998	0.496032	1.000000	1.000000	0.999919	0.000053	0.999993	0.000054	1.000228	0.000042	0.999875	0.000049	1.000349	0.000045	1.000000	1.000000	
1353402691.829118	1.000001	39.206292	26.042303	6.101068	0.999974	0.003327	1.000001	1.000000	1.000000	1.000000	0.999998	0.003035	0.999862	0.002822	1.000000	0.003386	0.999803	0.002571	0.999627	0.002616	1353402691.829289	0.999945	41.054690	27.792256	2.763107	1.000002	0.002792	1.000000	1.000000	0.999831	0.002703	0.999800	0.002744	0.999791	0.002696	0.999841	0.002741	0.999840	0.002649	1.000000	1.000000	
1353402692.829117	0.999999	35.910023	22.747901	6.121405	0.999494	0.000246	1.000000	1.000000	1.000000	1.000000	0.999918	0.000338	1.004753	0.000076	0.999871	0.000185	1.006944	0.000070	1.022449	0.000043	1353402692.829341	1.000052	35.998861	22.742775	2.713375	0.999972	0.004313	1.000000	1.000000	1.006557	0.000069	1.008158	0.000067	1.008501	0.000065	1.040427	0.000011	1.007276	0.000058	1.000000	1.000000	
1353402693.829118	1.000001	35.901684	22.738214	6.114572	1.000187	0.000571	1.000000	1.000000	1.000000	1.000000	1.000034	0.000376	1.006661	0.000032	0.999796	0.000996	1.000583	0.000033	1.000056	0.000014	1353402693.829341	1.000000	35.853302	22.594238	2.828491	0.999958	0.006818	1.000000	1.000000	1.000262	0.000012	0.999967	0.000012	1.000455	0.000012	1.000082	0.000061	0.998835	0.000012	1.000000	1.000000	
1353402694.829117	0.999999	33.276902	20.129185	6.109076	0.999946	0.001849	0.999998	0.506205	1.000000	1.000000	0.999972	0.006084	0.998260	0.000110	0.999973	0.002466	0.998767	0.000064	0.992032	0.000047	1353402694.829377	1.000036	38.524645	25.266318	4.979206	1.000001	0.494045	1.000000	1.000000	0.999698	0.000060	0.999929	0.000059	0.999227	0.000043	0.996538	0.000011	1.000207	0.000052	1.000000	1.000000	
1353402695.829118	1.000001	29.617937	16.456527	6.121088	0.619652	0.001752	1.021941	0.000029	0.999982	0.948711	0.999225	0.006862	1.005571	0.000031	0.996780	0.000173	1.000024	0.000032	0.989858	0.000015	1353402695.829365	0.999988	40.827299	27.550606	4.546395	1.000000	0.948723	1.000000	0.948723	1.001565	0.000012	1.000526	0.000012	1.003907	0.000011	0.994142	0.000083	0.998388	0.000012	1.000000	1.000000	
1353402696.829117	0.999999	32.451951	19.292484	6.115194	1.000000	0.410151	0.996728	0.000183	1.000000	1.000000	0.999929	0.003391	1.000047	0.000090	1.003668	0.000202	1.000514	0.000093	1.006268	0.000063	1353402696.829336	0.999971	39.084877	25.818332	3.342749	0.999999	0.590278	1.000000	1.000000	0.999952	0.000089	0.999943	0.000068	0.999825	0.000097	1.025245	0.000021	0.999895	0.000070	1.000000	1.000000	
1353402697.829118	1.000001	35.911511	22.747064	6.102350	1.000000	1.000001	0.999801	0.000702	1.000000	1.000000	1.001401	0.000148	0.994112	0.000032	0.998635	0.000168	0.999988	0.000033	1.009139	0.000014	1353402697.829330	0.999994	35.742751	22.486264	2.770830	0.999969	0.005693	1.000000	1.000000	0.999929	0.000011	0.999640	0.000012	0.999135	0.000006	0.999865	0.000049	1.003421	0.000006	1.000000	1.000000	
1353402698.829117	0.999999	35.647236	22.482337	6.121405	1.000000	0.932189	1.000104	0.000257	1.000000	1.000000	0.998612	0.000139	0.999993	0.003622	1.000094	0.000758	0.999462	0.000065	0.997581	0.000049	1353402698.829371	1.000041	36.061220	22.813502	2.807014	1.000008	0.069123	1.000000	1.000000	1.000000	0.000052	1.000065	0.000059	1.000078	0.000065	1.000556	0.000018	1.000139	0.000056	1.000000	1.000000	
1353402699.829217	1.000100	33.491665	20.330260	6.126280	1.000063	0.005898	1.000005	0.500997	1.000001	1.000001	1.002395	0.000179	1.011848	0.000031	1.000184	0.001893	1.014502	0.000034	1.048942	0.000013	1353402699.829406	1.000035	38.455195	25.186571	3.891816	1.000000	1.000000	0.999999	1.000000	0.979395	0.000020	0.980282	0.000019	0.983065	0.000019	0.994754	0.000061	0.974111	0.000019	0.999996	0.498783	
1353402700.829119	0.999902	36.195960	23.045364	6.109424	0.999930	0.010296	1.000000	1.000000	1.000000	1.000000	0.999891	0.000268	1.000593	0.000109	1.000086	0.000198	0.997580	0.000228	1.000246	0.000067	1353402700.829321	0.999915	35.533664	22.257510	4.424128	1.000000	1.000000	1.000000	1.000000	1.000577	0.000124	1.000916	0.000107	1.000768	0.000064	1.000369	0.000195	1.001620	0.000099	1.003801	0.000053	
1353402701.829147	1.000028	35.402226	22.241735	6.127393	0.999829	0.002812	0.999998	0.904164	0.999999	0.999999	0.997071	0.000143	0.985783	0.000031	0.998596	0.000411	1.003233	0.000031	0.977237	0.000013	1353402701.829408	1.000087	36.181574	22.911046	2.845257	1.000000	1.000000	1.000001	1.000001	1.000016	0.096051	1.021013	0.000012	1.013800	0.000020	1.005541	0.000047	1.025110	0.000012	1.033836	0.000012	
1353402702.829118	0.999971	33.111635	19.949555	6.114939	1.000000	0.510134	0.999788	0.004324	1.000000	1.000000	0.999888	0.000114	1.000005	0.000084	1.001700	0.000187	1.002891	0.000071	0.993443	0.000053	1353402702.829334	0.999926	38.722238	25.451787	3.384894	0.999998	0.489977	1.000000	1.000000	1.000000	1.000000	1.000154	0.000075	1.000149	0.000065	0.999773	0.000012	0.999671	0.000066	1.000087	0.000071	
1353402703.829117	0.999999	36.303776	23.140113	6.115240	1.000000	1.000000	0.999997	0.007639	1.000000	1.000000	1.000036	0.000161	1.000907	0.000030	0.998876	0.000187	0.997312	0.000032	0.909411	0.000015	1353402703.829332	0.999998	35.861335	22.620115	3.609641	0.998421	0.000018	1.000000	1.000000	1.000000	1.000000	0.999284	0.000012	1.000160	0.000012	0.999791	0.000048	1.000000	0.000012	0.998939	0.000012	
1353402704.829118	1.000001	33.407851	20.244686	6.090097	0.999999	0.476514	1.000182	0.003650	1.000000	1.000000	1.000010	0.000381	0.999805	0.000073	1.000424	0.000477	0.996340	0.000068	1.035643	0.000042	1353402704.829370	1.000038	38.875601	25.612875	3.385766	1.000001	0.525062	0.999995	1.000000	1.000000	1.000000	1.000378	0.000059	1.000117	0.000049	1.000451	0.000019	0.999964	0.000043	1.000067	0.000052	
1353402705.829117	0.999999	32.755830	19.598682	6.121405	0.999963	0.003372	1.000000	0.462837	1.000000	1.000000	1.000012	0.000366	0.999853	0.000052	0.998555	0.000168	1.004119	0.000032	1.004293	0.000013	1353402705.829340	0.999970	39.102554	25.834944	3.341363	0.999999	0.537010	1.000005	1.000000	1.000000	1.000000	0.998330	0.000012	0.998742	0.000012	0.999915	0.000078	1.000636	0.000064	1.000676	0.000012	
1353402706.829118	1.000001	35.377774	22.253397	6.133203	0.767108	0.001521	1.000000	0.957918	1.000000	0.957917	0.929826	0.000247	1.002654	0.000079	1.000092	0.000185	0.999616	0.000067	0.987412	0.000050	1353402706.829339	0.999999	35.584278	22.324194	2.823809	0.999921	0.000869	1.000000	0.957926	1.000000	1.000000	0.999863	0.000073	0.999873	0.000064	1.000071	0.000011	0.999774	0.000049	1.000050	0.000069	
1353402707.829117	0.999999	35.814594	22.631858	6.127539	1.000216	0.000275	1.000000	1.000000	1.000000	1.000000	1.000165	0.000140	0.994078	0.000033	0.999993	0.000169	1.000233	0.000035	1.000104	0.000015	1353402707.829327	0.999988	35.871369	22.615565	2.710131	0.998819	0.000018	1.000000	1.000000	1.000000	1.000000	0.999902	0.000012	0.999544	0.000012	0.992411	0.000067	0.999364	0.000011	0.997536	0.000012	
1353402708.829124	1.000007	715810055.875831	715816818.336978	715781687.056962	0.999943	1.000385	0.999943	1.000395	0.999944	1.000394	0.999946	1.000396	0.999944	1.000390	0.999946	1.000380	0.999944	1.000392	0.999944	1.000391	1353402708.829231	0.999904	715856374.791870	715888487.739429	715834060.456779	0.999942	1.000384	0.999942	1.000391	3.896181	0.256749	0.999943	1.000384	0.999945	1.000394	0.999947	1.000386	0.999945	1.000397	0.999944	1.000389	
1353402709.829233	1.000109	0.000000	0.000000	0.000000	-nan	-nan	-nan	-nan	1.000008	inf	-nan	-nan	-nan	0.000000	-nan	-nan	-nan	-nan	-nan	-nan	1353402709.829311	1.000080	0.000000	0.000000	0.000000	-nan	-nan	-nan	-nan	1.345745	inf	-nan	-nan	-nan	-nan	-nan	-nan	-nan	-nan	-nan	-nan	
