ts_0	elapsed_0	pkg_0	pp0_0	dram_0	freq_ratio_0_0	c0_ratio_0_0	freq_ratio_0_1	c0_ratio_0_1	freq_ratio_0_2	c0_ratio_0_2	freq_ratio_0_3	c0_ratio_0_3	freq_ratio_0_4	c0_ratio_0_4	freq_ratio_0_5	c0_ratio_0_5	freq_ratio_0_6	c0_ratio_0_6	freq_ratio_0_7	c0_ratio_0_7	ts_1	elapsed_1	pkg_1	pp0_1	dram_1	freq_ratio_1_0	c0_ratio_1_0	freq_ratio_1_1	c0_ratio_1_1	freq_ratio_1_2	c0_ratio_1_2	freq_ratio_1_3	c0_ratio_1_3	freq_ratio_1_4	c0_ratio_1_4	freq_ratio_1_5	c0_ratio_1_5	freq_ratio_1_6	c0_ratio_1_6	freq_ratio_1_7	c0_ratio_1_7	
1356715682.186954	1.001990	34.614906	21.290455	6.084617	1.153910	0.315903	1.153676	0.313656	1.153744	0.313917	1.154236	0.314480	1.153825	0.312791	1.154562	0.315340	1.154192	0.313194	1.154211	0.312876	1356715682.187181	1.000481	34.304396	20.943450	2.949891	1.000001	0.988908	0.636670	0.000050	1.003936	0.000090	0.798622	0.000094	0.987588	0.000074	1.007811	0.000031	0.607422	0.000068	0.999975	0.989406	
1356715683.186949	0.999995	32.877026	19.556693	6.133743	1.000000	0.683377	1.000000	1.000000	0.999982	0.003434	0.999274	0.000123	0.999745	0.000091	1.001685	0.000128	1.001934	0.000013	1.000093	0.000050	1356715683.187192	1.000011	36.408735	23.047187	3.354761	1.000000	1.000000	1.000002	0.316941	1.000055	0.000021	0.999977	0.000405	1.018710	0.000065	1.000367	0.000064	0.999834	0.000060	1.000000	1.000000	
1356715684.186948	0.999999	33.796602	20.480366	6.127524	1.000000	0.898576	1.000000	1.000000	0.999961	0.001210	0.999826	0.000060	1.004194	0.000013	0.997948	0.000090	0.999977	0.000050	1.001883	0.000013	1356715684.187170	0.999978	35.175256	21.808981	2.929111	1.000000	1.000000	0.999995	0.101235	0.999972	0.000069	0.999992	0.000051	1.000196	0.000057	0.999495	0.000013	0.997231	0.000012	1.000000	1.000000	
1356715685.186957	1.000009	35.585432	22.282009	6.119985	1.000001	1.000000	1.000000	1.000000	1.000002	0.232854	0.996765	0.000211	0.999772	0.000069	1.001832	0.000113	1.000370	0.000014	0.999662	0.000049	1356715685.187148	0.999978	33.240979	19.868295	2.881457	0.999999	0.767250	0.999998	0.001574	0.998087	0.000021	0.993161	0.000099	0.981842	0.000067	1.000106	0.000065	0.999965	0.000067	1.000000	1.000000	
1356715686.186948	0.999991	40.182890	26.896514	6.127619	1.000000	1.000000	1.000000	1.000000	1.000001	1.000000	1.002038	0.000393	1.000140	0.000014	0.996945	0.000087	0.998773	0.000052	0.999574	0.000014	1356715686.187137	0.999989	28.910275	15.555087	2.733612	0.999988	0.003182	0.999405	0.000007	1.000370	0.000068	1.000324	0.002074	1.012242	0.000099	0.999898	0.000011	1.001109	0.000012	1.000000	1.000000	
1356715687.186948	1.000000	37.229843	23.938110	6.102905	1.000000	0.678440	0.999999	0.714431	1.000000	1.000000	0.999907	0.001494	1.000019	0.000062	1.001328	0.000189	1.012856	0.000014	0.999974	0.000045	1356715687.187177	1.000040	32.545373	19.188608	2.909368	1.000001	0.328062	1.000002	0.285842	0.999140	0.000020	0.993296	0.000081	0.999939	0.000057	0.984446	0.000060	0.998821	0.000057	1.000000	1.000000	
1356715688.186948	1.000000	30.638870	17.335709	6.109070	1.000001	0.305599	1.000169	0.002789	1.000000	1.000000	1.000004	0.000425	0.997111	0.000013	0.997535	0.000094	0.997168	0.000050	1.001489	0.000013	1356715688.187154	0.999977	38.485119	25.131587	3.162365	0.999999	0.694264	1.000000	1.000000	1.000354	0.000068	1.001511	0.000359	0.999964	0.000159	1.071344	0.000013	1.004255	0.000013	1.000000	1.000000	
1356715689.186949	1.000001	32.886169	19.583569	6.132624	1.000000	0.687415	0.999997	0.008180	1.000000	1.000000	1.000338	0.000497	1.000665	0.000060	1.000088	0.000131	1.002690	0.000013	1.000017	0.000046	1356715689.187189	1.000035	36.356636	22.990237	4.711123	1.000002	0.312837	1.000000	1.000000	1.000210	0.000020	0.999923	0.000075	1.000421	0.000041	0.999417	0.000044	1.000831	0.000044	1.000000	1.000000	
1356715690.186948	0.999999	31.754883	18.439776	6.115240	1.000000	0.450009	0.999980	0.010503	1.000000	1.000000	0.999458	0.000378	0.999617	0.000013	0.999990	0.000076	0.998569	0.000045	0.999798	0.000013	1356715690.187178	0.999989	37.761553	24.394845	6.018316	1.000000	0.550020	1.000000	1.000000	0.999941	0.000046	0.999968	0.000036	0.999802	0.000035	0.985438	0.000014	0.998205	0.000012	1.000000	1.000000	
1356715691.186948	1.000000	32.087585	18.767899	6.109070	1.000000	0.450040	1.000002	0.008255	1.000000	1.000000	0.999982	0.001272	0.991129	0.000059	1.001126	0.000186	0.998138	0.000013	0.987724	0.000044	1356715691.187186	1.000008	37.770446	24.404084	5.690231	1.000000	0.550001	1.000000	1.000000	0.999715	0.000022	0.999954	0.000075	1.000114	0.000064	1.004507	0.000044	0.999613	0.000044	1.000000	1.000000	
1356715692.186948	1.000000	31.938995	18.622345	6.109070	1.000000	0.482016	0.999938	0.010466	1.000000	1.000000	0.999545	0.000406	0.990399	0.000014	0.994486	0.000075	0.987348	0.000045	1.000239	0.000015	1356715692.187195	1.000009	37.570720	24.203501	5.990409	1.000000	0.518022	1.000000	1.000000	0.987983	0.000045	1.000163	0.000036	0.999930	0.000033	0.994341	0.000012	1.000788	0.000012	1.000000	1.000000	
1356715693.186949	1.000001	28.613010	15.286530	6.138803	0.923068	0.007832	0.697386	0.001281	0.999999	0.930145	0.943573	0.000285	1.007933	0.000077	1.001336	0.000142	1.027467	0.000024	1.008065	0.000066	1356715693.187195	1.000000	39.445312	26.071091	4.147156	1.000000	0.930147	1.000000	0.930147	1.014815	0.000035	0.999988	0.000401	0.999631	0.000063	1.001262	0.000064	1.000029	0.000079	1.000000	1.000000	
1356715694.186948	0.999999	30.826827	17.501787	6.115240	0.999943	0.005802	1.000000	0.303792	1.000001	1.000000	0.998853	0.000177	1.003819	0.000013	1.000241	0.000088	0.999992	0.000048	1.000086	0.000013	1356715694.187169	0.999974	38.620648	25.251007	3.742956	0.999999	0.696230	1.000000	1.000000	1.000344	0.000043	1.000071	0.000060	1.000514	0.000034	0.999897	0.000007	1.001978	0.000006	1.000000	1.000000	
1356715695.186948	1.000000	34.547928	21.223419	6.121399	1.000015	0.005979	1.000001	1.000000	1.000000	1.000000	0.999949	0.000213	1.003629	0.000057	1.001729	0.000115	0.998371	0.000013	0.999858	0.000046	1356715695.187139	0.999970	34.802696	21.441242	2.762198	0.999975	0.003040	1.000000	0.994228	1.000110	0.000021	0.997434	0.000216	1.000000	0.000062	1.000027	0.000072	0.998992	0.000070	1.000000	1.000000	
1356715696.186949	1.000001	39.798683	26.501546	6.126322	1.000000	1.000000	1.000000	1.000000	1.000000	1.000000	1.000397	0.000439	0.984773	0.000014	0.997097	0.000088	0.998741	0.000047	0.992232	0.000014	1356715696.187146	1.000007	28.953383	15.591155	2.767742	1.000286	0.000069	1.000548	0.000007	0.999839	0.000048	1.000262	0.002062	0.982069	0.000081	1.004682	0.000013	1.006392	0.000011	1.000000	1.000000	
1356715697.186948	0.999999	38.864936	25.573633	6.114142	0.999999	0.649456	1.000000	1.000000	1.000000	1.000000	0.999831	0.003728	0.999942	0.002649	0.999838	0.002766	0.999825	0.002631	1.000036	0.002618	1356715697.187132	0.999986	32.526596	19.170985	2.772057	1.000002	0.353801	0.999999	0.004067	0.999827	0.002741	0.999803	0.002851	1.000381	0.002645	0.999817	0.002716	0.999840	0.002650	1.000000	1.000000	
1356715698.186948	1.000000	34.429962	21.105927	6.127563	1.000319	0.000047	1.000000	1.000000	1.000000	1.000000	0.999533	0.000412	1.013298	0.000009	1.005798	0.000081	1.010600	0.000045	1.001037	0.000009	1356715698.187162	1.000030	34.487383	21.127448	2.706904	1.000000	1.000000	0.999948	0.000007	1.007617	0.000061	1.001466	0.000370	1.009013	0.000048	1.053178	0.000007	1.063786	0.000006	1.000000	1.000000	
1356715699.186948	1.000000	32.757080	19.446091	6.102753	0.999985	0.000619	1.000000	0.683398	1.000000	1.000000	0.999982	0.000437	1.000508	0.000061	1.001913	0.000114	1.002572	0.000013	0.999995	0.002814	1356715699.187185	1.000023	36.368339	23.003990	3.211917	1.000000	1.000000	1.000002	0.316850	1.000586	0.000022	1.000008	0.000091	1.000220	0.000063	0.997206	0.000064	0.999665	0.000061	1.000000	1.000000	
1356715700.186949	1.000001	30.848863	17.521697	6.131937	0.998727	0.315708	0.994491	0.000125	1.000000	0.961641	1.000594	0.000283	1.000432	0.000013	0.997405	0.000079	1.000382	0.000048	0.967017	0.005075	1356715700.187177	0.999992	37.873003	24.512940	3.711227	0.999999	0.646882	1.000000	0.961643	0.999987	0.000058	1.000047	0.000058	1.000011	0.000035	1.015555	0.000012	1.000478	0.000012	1.000000	1.000000	
1356715701.186948	0.999999	34.360751	21.037007	6.133734	1.000000	1.000000	1.000204	0.000307	1.000000	1.000000	0.998743	0.000216	0.999916	0.000060	1.001659	0.000122	0.999402	0.000014	1.000358	0.000050	1356715701.187182	1.000005	34.513469	21.152360	2.764436	0.999968	0.002849	1.000000	1.000000	0.999857	0.000022	0.999973	0.000253	0.998761	0.000107	1.002110	0.000065	1.000270	0.000069	1.000000	1.000000	
1356715702.186948	1.000000	39.587845	26.275894	6.121399	1.000000	1.000000	1.000001	0.929585	1.000000	1.000000	1.000068	0.000394	1.000262	0.000013	0.997322	0.000082	0.998489	0.000048	0.998934	0.000013	1356715702.187135	0.999953	29.224258	15.863660	2.715200	1.000005	0.000071	0.999992	0.070209	1.000011	0.000070	0.999998	0.000636	1.002513	0.000049	0.992363	0.000012	0.871404	0.000014	1.000000	1.000000	
1356715703.186948	1.000000	38.082260	24.784210	6.121399	1.000000	0.654452	1.000000	1.000000	1.000000	1.000000	1.000063	0.000458	0.994853	0.000057	1.000172	0.000114	1.005474	0.000014	0.988712	0.000046	1356715703.187166	1.000031	30.912158	17.556295	2.761267	1.000002	0.345803	0.999994	0.003970	0.998373	0.000020	0.999987	0.000432	1.000125	0.000061	0.998715	0.000063	1.028983	0.000060	1.000000	1.000000	
1356715704.186949	1.000001	39.320061	26.018255	6.106790	1.000000	0.896577	1.000000	1.000000	1.000000	1.000000	1.000681	0.000423	0.983850	0.000015	0.999851	0.000080	0.989333	0.000049	0.995396	0.000015	1356715704.187138	0.999972	29.683552	16.323087	2.793398	0.999993	0.105776	1.000014	0.000755	0.992822	0.000069	1.000007	0.000055	0.999349	0.000051	1.001583	0.000013	1.000714	0.000012	1.000000	1.000000	
1356715705.186948	0.999999	38.215796	24.916879	6.133703	1.000000	0.678466	1.000000	1.000000	1.000000	1.000000	0.999430	0.000486	1.001841	0.000391	1.000011	0.000143	1.021804	0.000024	1.009531	0.000062	1356715705.187179	1.000041	30.799869	17.445650	2.778801	1.000002	0.326151	1.000016	0.000071	1.017431	0.000030	0.995961	0.000140	1.000296	0.000090	1.000203	0.000099	0.999581	0.000094	1.000000	1.000000	
1356715706.186948	1.000000	34.767426	21.442886	6.121399	0.999979	0.006822	1.000000	1.000000	1.000000	1.000000	0.999810	0.000381	0.968388	0.000009	0.999139	0.000076	0.998606	0.000045	1.001114	0.000013	1356715706.187168	0.999989	34.523007	21.160648	3.999540	1.000000	1.000000	1.000158	0.000012	0.999940	0.000045	1.000275	0.002013	0.999993	0.000058	0.993841	0.000009	1.003456	0.000007	1.000000	1.000000	
1356715707.186949	1.000001	35.039533	21.712458	6.119608	0.999974	0.009735	1.000000	1.000000	1.000000	1.000000	1.000001	0.002011	1.005049	0.000059	1.000374	0.000158	1.004886	0.000013	0.999006	0.000044	1356715707.187153	0.999985	34.557831	21.188886	5.015777	1.000000	1.000000	0.999971	0.000053	1.000179	0.000022	0.991922	0.000073	1.000298	0.000040	1.002789	0.000049	0.999190	0.000049	1.000000	1.000000	
1356715708.186949	1.000000	35.055679	21.731476	6.102890	0.999939	0.009637	1.000000	1.000000	1.000000	1.000000	1.000300	0.001709	0.983828	0.000014	0.999642	0.000084	0.999163	0.000046	1.001970	0.000013	1356715708.187155	1.000002	34.577845	21.212499	4.982321	1.000000	1.000000	0.998932	0.000012	0.999886	0.000044	1.001663	0.000352	0.999541	0.000035	0.981097	0.000013	0.996891	0.000011	1.000000	1.000000	
1356715709.186948	0.999999	30.926970	17.616747	6.109015	1.000319	0.000490	0.999998	0.328433	1.000000	1.000000	0.999840	0.003886	1.003769	0.000059	1.000236	0.000127	1.001574	0.000013	1.000340	0.000050	1356715709.187187	1.000032	38.265974	24.897688	3.518717	1.000000	1.000000	1.000001	0.671773	0.999644	0.000022	1.000004	0.000109	1.000094	0.000062	1.002752	0.000065	1.001165	0.000066	1.000000	1.000000	
1356715710.186948	1.000000	30.738281	17.415588	6.115173	1.000000	0.328729	0.999269	0.000382	1.000000	1.000000	0.998913	0.000189	0.968579	0.000014	0.997699	0.000091	0.996141	0.000050	0.982406	0.000014	1356715710.187175	0.999988	38.238111	24.865638	2.748476	0.999999	0.671232	1.000000	1.000000	1.000120	0.000067	0.999969	0.000050	0.998702	0.000057	0.999774	0.000012	1.000938	0.000011	1.000000	1.000000	
1356715711.186949	1.000001	34.363157	21.036906	6.119669	1.000001	1.000000	1.000508	0.000525	1.000000	1.000000	1.000409	0.002124	1.004237	0.000095	1.001551	0.000129	1.006300	0.000021	1.002465	0.000089	1356715711.187158	0.999983	34.611334	21.256250	3.320445	0.999976	0.001709	1.000000	1.000000	0.999947	0.000065	0.999995	0.000152	1.000338	0.000218	0.999403	0.000090	0.999890	0.000091	1.000000	1.000000	
1356715712.186948	0.999999	34.538821	21.219747	6.127569	1.000000	1.000000	0.999855	0.000236	1.000000	1.000000	0.999844	0.004984	0.993596	0.000030	0.999967	0.000094	1.001594	0.000046	1.002251	0.000008	1356715712.187164	1.000006	34.507912	21.149608	4.278280	1.000145	0.000080	1.000000	1.000000	0.999988	0.000066	0.999779	0.000007	1.000032	0.000048	1.007514	0.000008	1.003352	0.000006	1.000000	1.000000	
1356715713.186948	1.000000	34.351715	21.028763	6.121384	1.000000	1.000000	0.999985	0.000131	1.000000	1.000000	0.999974	0.000219	0.999352	0.000062	1.001554	0.000124	1.000113	0.000014	0.999385	0.000053	1356715713.187166	1.000002	34.473994	21.117849	2.734110	0.999902	0.000122	1.000000	1.000000	1.000053	0.000022	1.000009	0.000406	1.000028	0.000056	0.999583	0.000071	0.999335	0.000065	1.000000	1.000000	
1356715714.186948	1.000000	32.684875	19.360504	6.121399	0.999999	0.686437	0.999943	0.002792	1.000000	1.000000	0.998935	0.000191	0.987658	0.000013	0.995648	0.000090	0.995844	0.000047	0.984650	0.000014	1356715714.187189	1.000023	36.403799	23.045295	3.111730	1.000002	0.313873	1.000000	1.000000	1.000030	0.000065	0.995797	0.000007	0.999850	0.000049	1.001741	0.000012	1.001790	0.000012	1.000000	1.000000	
1356715715.186949	1.000001	33.109252	19.783901	6.119348	1.000000	0.769083	1.000067	0.001836	1.000000	1.000000	1.001716	0.000229	0.994466	0.000060	1.001780	0.000115	1.014383	0.000014	0.993198	0.000047	1356715715.187168	0.999979	35.860433	22.491378	3.115605	0.999997	0.231294	1.000000	1.000000	0.999890	0.000032	0.993351	0.000079	1.000082	0.000066	1.000175	0.000060	0.999967	0.000059	1.000000	1.000000	
1356715716.186948	0.999999	35.260196	21.938055	6.121405	1.000000	1.000000	1.000004	0.169693	1.000000	1.000000	0.999531	0.000203	0.999951	0.000047	0.999432	0.000088	0.988912	0.000048	1.000263	0.000015	1356715716.187133	0.999965	33.631397	20.272180	2.726765	0.999897	0.001332	0.999999	0.830232	0.999899	0.000111	1.000251	0.002141	0.999987	0.000087	0.998904	0.000013	0.999450	0.000012	1.000000	1.000000	
1356715717.186948	1.000000	38.020081	24.708511	6.121399	0.999999	0.654464	1.000000	1.000000	1.000000	1.000000	0.999728	0.000404	1.010393	0.000070	1.000334	0.000143	1.022417	0.000023	1.007514	0.000061	1356715717.187178	1.000045	31.298242	17.941208	2.759657	1.000002	0.345835	0.999927	0.002588	1.000180	0.000062	0.995617	0.000128	1.000128	0.000087	0.996181	0.000083	0.999052	0.000097	1.000000	1.000000	
1356715718.186949	1.000001	36.687740	23.368889	6.125940	0.999641	0.451650	1.000000	0.962658	1.000000	0.962657	0.999961	0.000349	0.986152	0.000014	1.002473	0.000086	1.004803	0.000045	1.004904	0.000014	1356715718.187141	0.999963	33.059068	19.692790	2.808514	1.000000	0.511692	1.000035	0.005921	0.999938	0.000094	1.001490	0.000381	1.000008	0.000048	1.061525	0.000007	0.981459	0.000008	1.000000	1.000000	
1356715719.186948	0.999999	39.505592	26.218790	6.109015	1.000000	0.900550	1.000000	1.000000	1.000000	1.000000	0.999813	0.000558	0.999605	0.000053	1.000025	0.000110	0.983477	0.000013	0.999716	0.000044	1356715719.187131	0.999990	29.678154	16.321956	2.744305	0.999994	0.099310	0.999955	0.006314	1.000000	0.000038	0.991006	0.000064	1.000007	0.000058	0.998437	0.000065	1.004012	0.000062	1.000000	1.000000	
1356715720.186948	1.000000	37.353683	24.049881	6.109070	1.000000	0.506451	1.000000	1.000000	1.000000	1.000000	1.000099	0.002617	1.000087	0.000013	0.997634	0.000085	1.000146	0.000045	1.000817	0.000013	1356715720.187175	1.000044	31.621484	18.263934	3.093827	1.000001	0.493751	1.001526	0.000007	0.999920	0.000077	1.014328	0.000039	0.999590	0.000035	1.001272	0.000013	0.998857	0.000012	1.000000	1.000000	
1356715721.186948	1.000000	34.590332	21.264999	6.115204	1.000024	0.000255	1.000000	1.000000	1.000000	1.000000	0.999912	0.002606	1.000000	0.000054	1.001761	0.000113	0.994455	0.000013	0.999983	0.000045	1356715721.187169	0.999994	34.521415	21.158070	2.971148	1.000000	1.000000	0.999818	0.000059	0.999918	0.000047	0.999995	0.000079	1.000165	0.000086	0.999596	0.000044	1.000201	0.000044	1.000000	1.000000	
1356715722.186956	1.000008	34.904777	21.577065	6.124752	1.000001	0.257142	0.999999	0.510374	1.000000	1.000000	0.999994	0.003852	0.999869	0.002785	0.999744	0.002808	0.999871	0.002717	1.000005	0.002513	1356715722.187095	0.999926	37.665717	24.308712	2.928927	0.999999	0.746155	1.000001	0.493742	0.999809	0.002906	0.999817	0.002963	0.999813	0.002700	0.999862	0.002729	0.999803	0.002611	1.000000	1.000000	
1356715723.186948	0.999992	32.725195	19.408956	6.127613	0.999999	0.686438	1.024829	0.000017	1.000000	1.000000	0.999998	0.000335	1.003937	0.000085	1.005667	0.000107	1.052077	0.000008	0.999998	0.002756	1356715723.187193	1.000098	36.257083	22.897231	3.178506	1.000002	0.313796	1.000000	1.000000	1.009720	0.000056	1.001400	0.000386	1.007983	0.000062	1.006096	0.000056	1.009568	0.000052	1.000000	1.000000	
1356715724.186948	1.000000	30.845276	17.521515	6.096741	0.999999	0.318597	0.995484	0.000053	1.000000	1.000000	0.999181	0.000269	0.994805	0.000037	0.998509	0.000078	1.000787	0.000052	1.000004	0.006922	1356715724.187168	0.999975	38.571003	25.200796	3.904868	0.999999	0.681223	1.000000	1.000000	1.000079	0.000078	0.998352	0.000007	0.999956	0.000035	1.004302	0.000013	1.001294	0.000012	1.000000	1.000000	
1356715725.186948	1.000000	34.460129	21.137466	6.133728	1.000001	1.000000	1.008211	0.000024	1.000000	1.000000	1.000629	0.000344	1.004916	0.000086	1.000032	0.000121	0.998448	0.000013	0.999975	0.004290	1356715725.187162	0.999994	34.619713	21.258031	3.487051	0.999904	0.000048	1.000000	1.000000	0.999317	0.000054	1.000073	0.000074	1.000128	0.000042	1.000034	0.000045	1.000240	0.000059	1.000000	1.000000	
1356715726.186949	1.000001	34.331907	21.006526	6.131616	1.000000	1.000000	0.997501	0.000048	1.000000	1.000000	1.000542	0.000332	0.993848	0.000045	0.999309	0.000090	0.998862	0.000049	1.007199	0.000014	1356715726.187167	1.000005	34.491664	21.130097	2.781602	1.000097	0.000083	1.000000	1.000000	1.000132	0.000108	0.999998	0.002014	0.999918	0.000099	0.999527	0.000013	0.998090	0.000012	1.000000	1.000000	
1356715727.186948	0.999999	32.671799	19.351856	6.102911	0.999999	0.686438	1.007282	0.000021	1.000000	1.000000	0.999697	0.000667	1.000896	0.000073	1.002397	0.000115	1.004133	0.000013	0.999761	0.002170	1356715727.187190	1.000023	36.387961	23.029273	3.488385	1.000002	0.313879	1.000000	1.000000	1.000185	0.000060	0.991799	0.000070	1.000000	0.000056	1.000330	0.000067	0.999677	0.000064	1.000000	1.000000	
1356715728.186948	1.000000	29.029953	15.706223	6.102905	0.997707	0.000035	0.988237	0.000050	1.000000	1.000000	1.000020	0.003544	0.987718	0.000044	0.995252	0.000088	0.986843	0.000048	0.985589	0.000009	1356715728.187194	1.000004	40.307912	26.938413	3.274462	1.000000	1.000000	1.000000	1.000000	1.000035	0.000087	1.001728	0.000326	0.999989	0.000035	0.998679	0.000013	1.002239	0.000011	1.000000	1.000000	
1356715729.186949	1.000001	29.121783	15.809479	6.106882	0.999933	0.000961	1.000192	0.003198	1.000000	1.000000	1.000009	0.001033	1.000490	0.001095	1.002247	0.000144	1.026947	0.000024	1.009282	0.000070	1356715729.187186	0.999992	40.205663	26.827229	3.681777	1.000000	1.000000	1.000000	1.000000	0.999865	0.000069	1.000012	0.000093	1.000098	0.000071	0.999555	0.000060	0.999956	0.000079	1.000000	1.000000	
1356715730.186948	0.999999	29.849562	16.526780	6.121405	0.999999	0.170717	0.991979	0.000072	1.000000	1.000000	0.998806	0.000168	0.999986	0.000279	0.998813	0.000093	0.999869	0.000050	1.001137	0.000013	1356715730.187161	0.999975	39.321480	25.947854	2.741264	0.999999	0.829242	1.000000	1.000000	1.000048	0.000112	1.000602	0.000007	0.999925	0.000057	1.004035	0.000008	1.000000	0.000007	1.000000	1.000000	
1356715731.186948	1.000000	34.371826	21.048019	6.115234	1.000001	1.000000	1.000031	0.000151	1.000000	1.000000	0.999909	0.000195	0.999796	0.000079	1.001612	0.000116	0.999312	0.000013	0.999984	0.000048	1356715731.187172	1.000011	34.980314	21.616096	2.751725	1.000062	0.003067	1.000000	1.000000	0.999987	0.000061	0.999943	0.000081	0.999698	0.000106	0.999000	0.000070	0.999606	0.000063	1.000000	1.000000	
1356715732.186948	1.000000	34.295685	20.978226	6.115234	1.000000	1.000000	0.999414	0.000314	1.000000	1.000000	0.999730	0.000723	1.000325	0.000045	0.997832	0.000086	1.000148	0.000044	0.999884	0.000013	1356715732.187161	0.999989	35.018649	21.668435	2.861192	0.999925	0.005996	1.000000	1.000000	1.000000	0.000104	0.999967	0.000012	1.000578	0.000045	1.005384	0.000012	1.002602	0.000012	1.000000	1.000000	
1356715733.186949	1.000001	32.546249	19.223843	6.107141	0.999999	0.666444	1.001059	0.000194	1.000000	1.000000	1.000092	0.003457	0.999512	0.000077	0.999740	0.000119	0.999886	0.000014	0.984503	0.000045	1356715733.187198	1.000037	36.558036	23.189908	3.329513	1.000002	0.333816	1.000000	1.000000	0.999779	0.000061	1.000006	0.000383	0.983530	0.000042	1.000302	0.000043	1.000086	0.000045	1.000000	1.000000	
1356715734.186948	0.999999	33.760423	20.436497	6.102911	1.000000	0.881582	0.999306	0.000250	1.000000	1.000000	0.999539	0.000955	0.996314	0.000046	0.998531	0.000138	0.996768	0.000064	1.001984	0.000248	1356715734.187164	0.999966	35.470768	22.105017	2.880454	0.999994	0.120663	1.000000	1.000000	1.000034	0.000137	0.999861	0.000050	1.002391	0.000290	0.999338	0.000020	0.998971	0.000019	1.000000	1.000000	
1356715735.186948	1.000000	34.265991	20.950745	6.127548	1.000000	1.000000	1.000806	0.000175	1.000000	1.000000	1.001030	0.000195	1.002645	0.000080	1.001924	0.000109	1.047621	0.000009	1.004508	0.000045	1356715735.187167	1.000003	34.854521	21.490961	2.735252	0.999965	0.006309	1.000000	1.000000	1.000094	0.000058	0.995522	0.000125	0.982154	0.000039	0.999512	0.000058	0.999579	0.000054	1.000000	1.000000	
1356715736.186948	1.000000	34.303772	20.985214	6.121399	1.000000	1.000000	0.998897	0.000181	1.000000	1.000000	0.999983	0.000158	0.998331	0.000044	0.999449	0.000085	0.994651	0.000050	0.999943	0.000014	1356715736.187163	0.999996	34.873738	21.511989	2.715267	0.999964	0.006274	1.000000	1.000000	0.999876	0.000096	1.000280	0.001992	1.001940	0.000360	0.989200	0.000013	1.003544	0.000012	1.000000	1.000000	
1356715737.186949	1.000001	33.069594	19.745831	6.121057	0.999475	0.682084	1.000064	0.002970	1.000000	0.979640	1.000088	0.000216	1.003246	0.000081	1.002340	0.000108	1.004998	0.000013	0.999518	0.000044	1356715737.187165	1.000002	36.292274	22.922686	3.318597	1.000002	0.300273	1.000000	0.979645	1.000057	0.000060	0.988392	0.000050	1.000030	0.000038	1.006328	0.000043	0.998041	0.000058	1.000000	1.000000	
1356715738.186948	0.999999	30.702361	17.378847	6.102911	1.000064	0.004222	1.000002	0.295722	1.000000	1.000000	0.999988	0.000157	0.997343	0.000075	0.997421	0.000085	1.003535	0.000048	1.000115	0.000013	1356715738.187165	1.000000	38.681107	25.308792	3.388458	0.999999	0.704286	1.000000	1.000000	0.999931	0.000089	1.000734	0.000789	0.999674	0.000034	0.992110	0.000013	1.007933	0.000012	1.000000	1.000000	
1356715739.186948	1.000000	34.621262	21.310944	6.121368	0.999988	0.003103	1.000000	1.000000	1.000000	1.000000	0.999884	0.000213	1.000255	0.000078	1.001880	0.000114	0.987610	0.000013	0.988870	0.000047	1356715739.187156	0.999991	34.823405	21.459942	3.518953	0.999986	0.001183	1.000000	1.000000	1.000195	0.000059	0.999995	0.000070	1.000304	0.000062	0.984468	0.000069	0.999258	0.000063	1.000000	1.000000	
1356715740.186949	1.000001	34.934354	21.610834	6.084040	0.999966	0.010378	1.000000	1.000000	1.000000	1.000000	1.000824	0.000190	0.991438	0.000036	0.997315	0.000076	0.988541	0.000044	0.999782	0.000014	1356715740.187162	1.000006	34.693900	21.328211	5.968775	0.997522	0.000046	1.000000	1.000000	0.999959	0.000065	0.999967	0.000012	1.000022	0.000035	1.075115	0.000014	1.006809	0.000012	1.000000	1.000000	
1356715741.186948	0.999999	33.764955	20.440724	6.121405	0.999995	0.068253	1.000000	0.718441	1.000000	1.000000	0.999948	0.003645	1.004654	0.000089	0.999782	0.000124	1.011930	0.000039	1.008418	0.000062	1356715741.187164	1.000002	35.972115	22.608279	5.829625	1.000000	0.220068	1.000000	1.000000	0.999323	0.000069	1.000034	0.000092	1.000000	0.000342	0.999408	0.000060	0.999608	0.000064	1.000000	1.000000	
1356715742.186948	1.000000	35.232895	21.909225	6.115234	1.000000	1.000000	1.000001	0.173713	1.000000	1.000000	0.999875	0.000194	0.997574	0.000044	1.000256	0.000089	1.000713	0.000050	0.999392	0.000013	1356715742.187135	0.999971	33.556228	20.192680	2.734973	0.999966	0.001368	0.999999	0.826223	1.000388	0.000107	0.998456	0.000007	0.999834	0.000049	1.010991	0.000008	0.998862	0.000007	1.000000	1.000000	
1356715743.186948	1.000000	38.084808	24.766663	6.096695	1.000000	0.654448	1.000000	1.000000	1.000000	1.000000	1.000052	0.000325	1.002026	0.000079	0.999839	0.000118	1.001254	0.000014	0.999741	0.000045	1356715743.187179	1.000044	30.896861	17.550526	2.755753	1.000002	0.345813	0.999994	0.003971	0.999789	0.000060	1.000008	0.000405	0.999865	0.000046	0.999857	0.000073	1.000029	0.000066	1.000000	1.000000	
1356715744.187109	1.000161	39.290079	25.970689	6.101725	1.000002	0.880635	1.000001	1.000001	1.000001	1.000001	1.001560	0.000286	1.005748	0.000049	1.005542	0.000089	1.009420	0.000046	1.038960	0.000013	1356715744.187275	1.000096	32.189107	18.802850	2.790564	1.000000	0.999999	0.999564	0.000894	0.997344	0.000108	0.948228	0.000007	0.993506	0.000039	0.985340	0.000012	0.973503	0.000012	0.999987	0.119004	
1356715745.187016	0.999907	38.226195	24.920896	6.128103	0.999997	0.669298	0.999999	0.999999	0.999999	0.999999	0.999445	0.000747	0.993868	0.000070	0.996048	0.000115	0.953003	0.000012	0.990088	0.000045	1356715745.187261	0.999986	30.687382	17.331421	2.863871	1.000001	1.000001	1.000005	0.330977	1.005092	0.000062	0.993862	0.000066	1.005611	0.000050	1.006950	0.000042	1.006012	0.000059	1.000534	0.000580	
1356715746.186949	0.999933	34.663241	21.338313	6.109479	0.999993	0.004752	1.000000	1.000000	1.000000	1.000000	0.999986	0.000280	0.998015	0.000037	0.999519	0.000075	1.001294	0.000044	1.000145	0.000013	1356715746.187170	0.999909	34.541354	21.168447	3.481442	1.000000	1.000000	1.000000	1.000000	0.999796	0.000087	1.000408	0.001969	0.999851	0.000057	0.998402	0.000012	0.993239	0.000011	0.997305	0.000016	
1356715747.186948	0.999999	33.295793	19.970448	6.120627	0.999961	0.007094	1.000000	0.715526	0.999999	1.000000	1.000001	0.003716	1.000079	0.003157	1.000010	0.002769	1.000011	0.002587	0.999994	0.002397	1356715747.187178	1.000008	36.348765	22.973813	3.556505	1.000000	1.000000	1.000000	1.000000	1.000002	0.287860	0.999737	0.002786	1.000004	0.002625	0.999997	0.002650	0.999663	0.002548	0.999983	0.002534	
1356715748.186949	1.000001	29.480196	16.154388	6.114984	0.999902	0.000694	0.999549	0.000040	1.000001	1.000000	1.000582	0.000298	0.976478	0.000009	0.999896	0.000081	1.000007	0.002327	1.000000	0.000008	1356715748.187196	1.000018	40.090119	26.710673	3.150090	1.000000	1.000000	1.000000	1.000000	1.000000	0.999994	1.002151	0.000332	0.999556	0.000055	0.998021	0.000007	1.100649	0.000008	1.008311	0.000007	
1356715749.186948	0.999999	30.669081	17.358735	6.127569	1.000000	0.311848	0.998721	0.000045	1.000000	1.000000	0.999389	0.000314	1.000221	0.000061	1.001663	0.000125	1.000056	0.004344	1.000147	0.000053	1356715749.187166	0.999970	38.672213	25.298047	3.442135	0.999999	0.688192	1.000000	1.000000	1.000000	1.000006	1.000100	0.000070	1.000606	0.000042	1.000568	0.000054	1.001014	0.000048	1.000373	0.000101	
1356715750.186948	1.000000	34.272339	20.948807	6.121399	1.000000	1.000000	1.003108	0.000077	1.000000	1.000000	0.999186	0.000276	0.983858	0.000014	0.995406	0.000088	0.991719	0.000049	0.985482	0.000013	1356715750.187171	1.000005	34.817346	21.446716	3.068359	0.999970	0.002506	1.000000	1.000000	1.000000	1.000000	0.999962	0.000051	0.999959	0.000056	0.921225	0.000014	0.999936	0.000012	0.999244	0.000012	
1356715751.186949	1.000001	34.213026	20.892696	6.127390	1.000000	1.000000	0.996840	0.000075	1.000000	1.000000	1.000643	0.000340	0.995096	0.000060	1.000360	0.001096	1.012725	0.000013	0.992673	0.000045	1356715751.187167	0.999996	34.877995	21.505199	3.555129	0.999967	0.003524	1.000000	1.000000	1.000000	1.000000	1.000072	0.000092	0.999944	0.000103	1.025104	0.000044	1.000167	0.000044	0.999991	0.000044	
1356715752.186948	0.999999	30.848800	17.528444	6.115240	0.999999	0.335422	0.989469	0.000066	1.000000	1.000000	0.999983	0.001378	0.991260	0.000014	0.999867	0.003309	0.986267	0.000048	1.000108	0.000014	1356715752.187203	1.000036	38.546098	25.176950	3.509151	1.000001	0.664831	1.000000	1.000000	1.000000	1.000000	1.000294	0.000051	0.999964	0.000032	1.000949	0.000012	0.999781	0.000012	0.999001	0.000011	
1356715753.186949	1.000001	33.059554	19.737362	6.121393	1.000000	0.754656	1.011574	0.000061	1.000001	1.000000	1.000005	0.003183	1.011036	0.000076	1.001325	0.000144	1.029112	0.000023	1.005680	0.000063	1356715753.187169	0.999966	36.161252	22.787551	3.275960	0.999997	0.245400	1.000000	1.000000	1.000000	1.000000	0.999919	0.000432	0.999992	0.000138	0.999914	0.000099	0.999808	0.000092	0.993913	0.000105	
1356715754.186948	0.999999	34.336779	21.022389	6.121405	1.000000	1.000000	0.997858	0.000080	1.000000	1.000000	1.000003	0.000290	0.999674	0.000013	1.002358	0.000087	0.999892	0.000050	1.012167	0.000013	1356715754.187165	0.999996	34.650974	21.295084	2.717037	1.000014	0.000054	1.000000	1.000000	1.000000	1.000000	1.000407	0.000044	1.000031	0.000099	0.999945	0.000007	1.001877	0.000007	1.030817	0.000021	
1356715755.186956	1.000008	715772562.781678	715783091.078947	715796007.520645	0.999941	1.000833	0.999939	1.000838	0.999949	1.000835	0.999941	1.000834	0.999941	1.000839	0.999943	1.000831	0.999941	1.000839	0.999941	1.000836	1356715755.187058	0.999893	715885289.827674	715880552.300304	715861220.024929	0.999941	1.000833	0.999938	1.000836	3.896384	0.256850	0.999941	1.000833	0.999941	1.000837	0.999944	1.000833	0.999941	1.000838	0.999941	1.000836	
1356715756.187025	1.000069	0.000000	0.000000	0.000000	-nan	-nan	-nan	-nan	0.000000	inf	-nan	-nan	-nan	0.000000	-nan	-nan	-nan	-nan	-nan	-nan	1356715756.187120	1.000062	0.000000	0.000000	0.000000	-nan	-nan	-nan	-nan	0.000000	inf	-nan	-nan	-nan	-nan	-nan	-nan	-nan	-nan	-nan	-nan	
