ts_0	elapsed_0	pkg_0	pp0_0	dram_0	freq_ratio_0_0	c0_ratio_0_0	freq_ratio_0_1	c0_ratio_0_1	freq_ratio_0_2	c0_ratio_0_2	freq_ratio_0_3	c0_ratio_0_3	freq_ratio_0_4	c0_ratio_0_4	freq_ratio_0_5	c0_ratio_0_5	freq_ratio_0_6	c0_ratio_0_6	freq_ratio_0_7	c0_ratio_0_7	ts_1	elapsed_1	pkg_1	pp0_1	dram_1	freq_ratio_1_0	c0_ratio_1_0	freq_ratio_1_1	c0_ratio_1_1	freq_ratio_1_2	c0_ratio_1_2	freq_ratio_1_3	c0_ratio_1_3	freq_ratio_1_4	c0_ratio_1_4	freq_ratio_1_5	c0_ratio_1_5	freq_ratio_1_6	c0_ratio_1_6	freq_ratio_1_7	c0_ratio_1_7	
1356621848.483337	1.001806	49.404092	35.887548	5.925136	1.152596	0.177610	1.151341	0.174504	1.152942	0.175929	1.152716	0.178129	1.154311	0.178124	1.153642	0.176076	1.154132	0.176834	1.153943	0.175943	1356621848.483521	1.000437	47.382476	33.699155	7.867427	0.999898	0.971023	1.000001	0.970661	0.999983	0.970574	1.003519	0.000079	0.630571	0.000050	1.007202	0.000031	0.767341	0.000079	0.999866	0.971600	
1356621849.483332	0.999995	50.273933	36.742890	5.971725	1.000001	1.000000	1.000000	1.000000	1.000000	1.000001	1.000000	1.000000	0.999633	0.000268	0.997089	0.000052	1.000580	0.000127	1.001141	0.000082	1356621849.483501	0.999980	48.247716	34.558813	8.057183	1.000000	1.000000	1.000000	1.000000	1.000000	1.000000	0.996488	0.000006	1.001535	0.000050	1.000088	0.000048	0.999817	0.000044	1.000000	1.000000	
1356621850.483332	1.000000	50.348999	36.801224	5.995804	1.000000	1.000000	1.000000	1.000000	1.000000	1.000000	1.000000	1.000000	0.999817	0.000312	1.010440	0.000008	0.999695	0.000166	0.999178	0.000032	1356621850.483503	1.000002	48.343231	34.626170	8.059585	1.000000	1.000000	1.000000	1.000000	1.000000	1.000000	0.999962	0.000061	0.997294	0.000007	0.990097	0.000007	1.000565	0.000036	1.000000	1.000000	
1356621851.483332	1.000000	50.444443	36.875198	5.989151	1.000000	1.000000	1.000000	1.000000	1.000001	1.000001	0.999999	1.000000	1.000614	0.000266	0.990382	0.000063	1.000312	0.000526	1.000095	0.000118	1356621851.483501	0.999998	48.400803	34.650640	8.118653	1.000000	1.000000	1.000000	1.000000	1.000000	1.000000	1.000108	0.000039	1.000684	0.000048	1.000989	0.000049	0.999811	0.000065	1.000000	1.000000	
1356621852.483332	1.000000	50.448990	36.893539	6.010773	1.000000	1.000000	1.000001	1.000000	1.000000	1.000000	1.000001	1.000000	0.999798	0.000324	0.995787	0.000009	0.999247	0.000219	1.000443	0.000032	1356621852.483493	0.999992	48.418041	34.710746	8.005695	1.000000	1.000000	1.000000	1.000000	1.000000	1.000000	0.990046	0.000052	1.001633	0.000006	0.996252	0.000006	1.000513	0.000036	1.000000	1.000000	
1356621853.483332	1.000000	50.500000	36.940643	5.988297	1.000000	0.999999	1.000000	1.000000	0.999999	0.999999	1.000000	1.000000	0.998876	0.000288	1.007558	0.000069	0.996738	0.000197	0.999299	0.000108	1356621853.483502	1.000009	48.362660	34.653754	8.041980	1.000000	1.000000	1.000000	1.000000	1.000000	1.000000	1.024438	0.000021	0.999882	0.000072	0.990795	0.000050	0.987163	0.000045	1.000000	1.000000	
1356621854.483332	1.000000	50.495071	36.929459	6.001602	1.000000	1.000001	1.000000	1.000000	1.000000	1.000000	1.000000	1.000000	1.001199	0.000319	1.010506	0.000008	1.000132	0.005167	1.001676	0.000033	1356621854.483495	0.999993	48.458419	34.714489	8.041849	1.000000	1.000000	1.000000	1.000000	1.000000	1.000000	0.999986	0.000056	0.974712	0.000006	1.016730	0.000021	1.011371	0.000051	1.000000	1.000000	
1356621855.483332	1.000000	50.467529	36.912262	6.009674	1.000000	1.000000	1.000000	1.000000	1.000000	1.000000	0.999999	1.000000	0.999875	0.000268	0.998912	0.000056	0.999141	0.000127	0.999952	0.000153	1356621855.483502	1.000007	48.478806	34.757618	8.114782	1.000000	1.000000	1.000000	1.000000	1.000000	1.000000	0.996206	0.000007	1.003395	0.000049	1.002131	0.000050	0.998692	0.000041	1.000000	1.000000	
1356621856.483332	1.000000	50.459412	36.933655	6.018158	1.000000	1.000000	1.000000	1.000000	1.000001	1.000000	1.000000	1.000000	0.999735	0.000305	0.998414	0.000008	0.999770	0.000462	0.999454	0.000034	1356621856.483488	0.999986	48.488582	34.797090	8.059531	1.000000	1.000000	1.000000	1.000000	1.000000	1.000000	0.999986	0.000085	0.993901	0.000006	1.004376	0.000006	1.001090	0.000059	1.000000	1.000000	
1356621857.483332	1.000000	50.500244	36.951416	6.010269	1.000000	1.000000	1.000000	1.000000	0.999999	0.999999	1.000000	1.000000	0.999820	0.000267	0.999466	0.000053	0.999927	0.000127	1.001965	0.000081	1356621857.483498	1.000010	48.461368	34.723300	8.109736	1.000000	1.000000	1.000000	1.000000	1.000000	1.000000	0.998170	0.000007	1.000450	0.000051	0.999498	0.000048	0.998885	0.000043	1.000000	1.000000	
1356621858.483332	1.000000	50.545013	37.000427	6.017868	1.000000	1.000001	1.000000	1.000000	1.000000	1.000001	1.000000	1.000000	1.000085	0.000310	1.023779	0.000008	1.001191	0.000176	0.993867	0.000032	1356621858.483496	0.999998	48.495454	34.764303	8.023697	1.000000	1.000000	1.000000	1.000000	1.000000	1.000000	1.000857	0.000059	1.001452	0.000007	1.004742	0.000006	1.000889	0.000037	1.000000	1.000000	
1356621859.483332	1.000000	50.510559	36.964996	5.983673	1.000000	1.000000	1.000000	1.000000	1.000000	1.000000	1.000000	1.000000	1.000112	0.000247	0.996992	0.000054	1.000043	0.000126	0.999329	0.000082	1356621859.483498	1.000002	48.519881	34.770060	8.110565	1.000000	1.000000	1.000000	1.000000	1.000000	1.000000	0.999626	0.000007	1.000333	0.000049	0.999104	0.000049	0.999519	0.000041	1.000000	1.000000	
1356621860.483332	1.000000	50.536346	36.991714	5.998856	1.000000	1.000000	1.000000	1.000000	1.000000	1.000000	1.000000	1.000000	1.000145	0.000335	1.001013	0.000008	1.000498	0.000163	1.003901	0.000033	1356621860.483495	0.999997	48.502912	34.760636	8.097987	1.000000	1.000000	1.000000	1.000000	1.000000	1.000000	1.000005	0.000071	0.997846	0.000007	1.003231	0.000007	1.000367	0.000037	1.000000	1.000000	
1356621861.483332	1.000000	50.524460	36.984680	5.986313	1.000000	1.000000	1.000000	1.000000	1.000000	1.000000	1.000000	1.000000	0.999778	0.000248	0.999504	0.000051	0.999732	0.000476	0.999503	0.000082	1356621861.483489	0.999994	48.546997	34.808557	8.053789	1.000000	1.000000	1.000000	1.000000	1.000000	1.000000	0.999606	0.000039	0.999428	0.000051	0.999840	0.000048	0.999206	0.000066	1.000000	1.000000	
1356621862.483332	1.000000	50.524170	36.979904	5.998352	1.000000	1.000000	1.000000	1.000000	1.000000	1.000000	1.000000	1.000000	0.999947	0.000313	1.002470	0.000008	0.999936	0.000162	1.000167	0.000032	1356621862.483496	1.000007	48.575287	34.816059	8.033254	1.000000	1.000000	1.000000	1.000000	1.000000	1.000000	1.000284	0.000050	1.003058	0.000007	0.997355	0.000006	1.000405	0.000036	1.000000	1.000000	
1356621863.483332	1.000000	50.540024	36.997574	5.981094	1.000000	1.000000	1.000000	1.000000	1.000000	1.000000	1.000000	1.000000	0.999867	0.000251	0.992723	0.000054	0.996124	0.000150	1.000227	0.000076	1356621863.483497	1.000001	48.515396	34.788984	8.058403	1.000000	1.000000	1.000000	1.000000	1.000000	1.000000	1.000961	0.000007	1.000032	0.000048	1.000895	0.000050	1.000057	0.000041	1.000000	1.000000	
1356621864.483332	1.000000	50.538712	37.005585	5.994232	1.000000	1.000000	1.000000	1.000000	1.000001	1.000001	1.000000	1.000000	1.001093	0.000303	0.988535	0.000009	1.000014	0.002094	0.999051	0.000033	1356621864.483498	1.000001	48.530197	34.794400	8.040962	1.000000	1.000000	1.000000	1.000000	1.000000	1.000000	0.991464	0.000059	0.976873	0.000006	0.973398	0.000006	1.000794	0.000036	1.000000	1.000000	
1356621865.483332	1.000000	50.490646	36.973892	5.993484	1.000000	1.000000	1.000000	0.999871	1.000000	1.000000	1.000000	1.000000	0.999002	0.000288	1.007123	0.000066	1.003770	0.000140	1.000234	0.000092	1356621865.483494	0.999996	48.539519	34.816303	8.075899	1.000000	0.999881	1.000000	0.999873	1.000000	0.999856	1.023235	0.000021	1.001984	0.000072	0.992544	0.000049	0.987149	0.000044	1.000000	0.999883	
1356621866.483332	1.000000	50.558975	37.017609	5.993744	1.000000	1.000000	1.000000	1.000000	1.000000	1.000000	1.000000	1.000000	0.999934	0.000316	0.998963	0.000009	0.999973	0.000451	0.996758	0.000033	1356621866.483502	1.000008	48.552905	34.836326	8.068370	1.000000	1.000000	1.000000	1.000000	1.000000	1.000000	1.000095	0.000081	1.002098	0.000007	1.023438	0.000021	1.007066	0.000073	1.000000	1.000000	
1356621867.483332	1.000000	50.537369	36.999893	5.997482	1.000000	1.000000	1.000001	1.000000	1.000000	1.000000	1.000000	1.000000	0.999801	0.000267	1.002964	0.000051	0.999793	0.000126	1.002946	0.000076	1356621867.483494	0.999992	48.549679	34.822945	8.082539	1.000000	0.999443	1.000000	1.000000	1.000000	0.999420	1.000317	0.000007	0.999452	0.000048	1.000690	0.000050	0.999991	0.000042	1.000000	1.000000	
1356621868.483332	1.000000	50.567657	37.014648	5.988571	1.000001	1.000000	1.000000	1.000000	1.000000	1.000000	1.000000	1.000000	1.000191	0.000304	0.987175	0.000009	1.001374	0.000178	1.002935	0.000032	1356621868.483494	1.000000	48.510788	34.754639	8.062012	1.000000	1.000000	1.000000	1.000000	1.000000	1.000000	0.999993	0.000059	0.998048	0.000007	0.996537	0.000006	1.000859	0.000035	1.000000	1.000000	
1356621869.483332	1.000000	50.587494	37.037766	6.000992	1.000000	1.000000	1.000000	1.000000	1.000000	1.000000	1.000000	1.000000	0.999906	0.000267	0.998575	0.000051	0.998226	0.000127	0.997988	0.000073	1356621869.483500	1.000006	48.516938	34.776007	8.032881	1.000000	1.000000	1.000000	1.000000	1.000000	1.000000	0.998154	0.000007	1.000183	0.000051	1.000862	0.000048	0.999784	0.000064	1.000000	1.000000	
1356621870.483332	1.000000	53.694824	40.154419	5.965378	1.000000	1.000000	1.000001	1.000000	1.000000	0.999999	1.000000	1.000000	1.000018	0.002939	0.999797	0.002064	0.999997	0.002110	0.999722	0.001878	1356621870.483464	0.999964	48.534508	34.778993	8.074006	1.000000	1.000000	1.000000	1.000000	1.000000	1.000000	0.999665	0.000062	1.004315	0.000007	0.993999	0.000006	1.000010	0.000566	1.000000	1.000000	
1356621871.483332	1.000000	50.593674	37.063431	6.003174	1.000000	1.000000	0.999999	1.000000	1.000001	1.000000	1.000000	1.000000	0.999836	0.000225	1.006712	0.000069	1.000045	0.000432	1.006015	0.000075	1356621871.483497	1.000033	48.498465	34.779495	8.055826	1.000000	1.000000	1.000000	1.000000	1.000000	1.000000	1.000747	0.000039	0.999885	0.000050	1.000063	0.000049	1.000375	0.000065	1.000000	1.000000	
1356621872.483332	1.000000	50.545135	37.026794	6.009415	1.000000	0.999999	1.000000	1.000000	1.000000	1.000000	1.000000	1.000000	0.999875	0.000302	1.001248	0.000034	1.000739	0.000156	0.998050	0.000032	1356621872.483498	1.000001	48.543762	34.836621	8.061775	1.000000	1.000000	1.000000	1.000000	1.000000	1.000000	0.999908	0.000050	0.993306	0.000007	0.996329	0.000006	0.999937	0.000037	1.000000	1.000000	
1356621873.483332	1.000000	50.571350	37.028687	5.974518	1.000000	1.000001	1.000000	1.000000	1.000000	1.000000	1.000000	1.000000	1.000205	0.000235	0.999503	0.000071	0.995398	0.000148	1.000734	0.000078	1356621873.483498	1.000000	48.567352	34.811981	8.104584	1.000000	1.000000	1.000000	1.000000	1.000000	1.000000	0.998102	0.000007	1.000886	0.000051	1.001026	0.000049	0.999361	0.000045	1.000000	1.000000	
1356621874.483332	1.000000	50.575348	37.068970	6.002747	1.000000	1.000000	1.000001	1.000000	1.000000	1.000000	1.000000	1.000000	0.999292	0.000307	1.000753	0.000056	1.000339	0.002149	0.998799	0.000076	1356621874.483495	0.999997	48.583845	34.870973	8.105082	1.000000	1.000000	1.000000	1.000000	1.000000	1.000000	0.999961	0.000060	0.973032	0.000007	0.957440	0.000006	0.999937	0.000037	1.000000	1.000000	
1356621875.483332	1.000000	50.626328	37.082092	5.990311	1.000000	1.000000	1.000000	1.000000	1.000000	1.000001	1.000000	1.000000	1.000227	0.000917	0.999039	0.000090	0.998981	0.000183	1.000526	0.000122	1356621875.483496	1.000001	48.615737	34.862363	8.092461	1.000000	1.000000	1.000000	1.000000	1.000000	1.000000	1.001608	0.000007	1.003898	0.000049	1.005151	0.000049	1.000560	0.000043	1.000000	1.000000	
1356621876.483332	1.000000	50.595062	37.069885	6.006699	1.000000	1.000000	1.000000	1.000000	1.000000	1.000000	1.000000	1.000000	1.000203	0.000261	1.006804	0.000034	0.998855	0.000452	0.999777	0.000033	1356621876.483492	0.999996	48.609419	34.884281	8.085192	1.000000	1.000000	1.000000	1.000000	1.000000	1.000000	0.993903	0.000084	1.005484	0.000006	0.998000	0.000006	0.999757	0.000059	1.000000	1.000000	
1356621877.483332	1.000000	50.569290	37.035492	6.004349	1.000000	1.000000	0.999999	0.999999	1.000000	0.999999	1.000000	1.000000	1.000278	0.000278	0.998104	0.000085	1.004636	0.000142	1.001180	0.000092	1356621877.483501	1.000009	48.637972	34.890278	8.124575	1.000000	1.000000	1.000000	1.000000	1.000000	1.000000	1.023965	0.000021	0.999716	0.000072	0.989892	0.000050	0.987613	0.000044	1.000000	1.000000	
1356621878.483332	1.000000	50.587448	37.061935	6.011841	1.000000	1.000000	1.000000	0.999477	1.000000	1.000001	1.000000	1.000000	0.999822	0.000447	0.999710	0.000074	0.999667	0.000424	0.999522	0.000234	1356621878.483489	0.999988	48.586990	34.864704	8.061635	1.000000	1.000000	1.000000	0.999478	1.000000	0.999478	0.999758	0.000056	0.997498	0.000007	1.025400	0.000021	1.011065	0.000050	1.000000	1.000000	
1356621879.483332	1.000000	50.566238	37.022720	5.985794	1.000000	1.000000	1.000000	1.000000	1.000000	1.000000	1.000000	1.000000	1.000384	0.000234	0.999889	0.000070	1.000107	0.000126	0.999843	0.000074	1356621879.483496	1.000007	48.647430	34.876224	8.103063	1.000000	1.000000	1.000000	1.000000	1.000000	1.000000	0.998512	0.000007	1.000112	0.000048	0.999129	0.000049	1.000126	0.000043	1.000000	1.000000	
1356621880.483332	1.000000	50.631866	37.097992	5.970337	1.000000	1.000000	1.000000	1.000000	1.000000	1.000000	1.000000	1.000000	0.999512	0.000295	0.998032	0.000034	0.999585	0.000162	1.003883	0.000032	1356621880.483496	1.000000	48.610016	34.866623	8.064758	1.000000	1.000000	1.000000	1.000000	1.000000	1.000000	1.000271	0.000058	0.998265	0.000006	1.006474	0.000006	0.999112	0.000036	1.000000	1.000000	
1356621881.483332	1.000000	50.610153	37.080261	5.999054	0.999999	1.000000	1.000001	1.000000	1.000000	1.000000	1.000000	1.000000	1.000291	0.000229	0.998921	0.000069	0.999871	0.000420	0.999635	0.000081	1356621881.483495	0.999999	48.524399	34.806414	8.055962	1.000000	1.000000	1.000000	1.000000	1.000000	1.000000	1.000218	0.000039	1.000054	0.000050	1.000184	0.000048	1.000502	0.000065	1.000000	1.000000	
1356621882.483332	1.000000	50.596481	37.060226	5.990402	1.000000	1.000000	1.000000	1.000000	1.000000	1.000000	1.000000	1.000000	1.000223	0.000285	1.004698	0.000034	1.000675	0.000155	0.997152	0.000033	1356621882.483490	0.999995	48.638519	34.887412	8.026453	1.000000	1.000000	1.000000	1.000000	1.000000	1.000000	0.999978	0.000052	1.000272	0.000007	0.991772	0.000007	0.998604	0.000036	1.000000	1.000000	
1356621883.483332	1.000000	50.554520	37.009079	5.966660	1.000000	1.000000	1.000000	1.000000	1.000000	1.000000	1.000000	1.000000	0.999799	0.000233	0.999634	0.000068	0.996258	0.000151	1.000673	0.000076	1356621883.483489	0.999999	48.642243	34.837512	8.171288	1.000000	1.000000	1.000000	1.000000	1.000000	1.000000	1.000534	0.000007	1.000227	0.000049	1.000629	0.000049	1.000539	0.000042	1.000000	1.000000	
1356621884.483332	1.000000	50.619598	37.074936	5.992035	1.000000	1.000000	1.000000	1.000000	1.000000	1.000000	1.000000	1.000000	1.000528	0.000302	0.998902	0.000034	1.000242	0.002086	0.999525	0.000032	1356621884.483490	1.000001	48.589721	34.817823	8.003044	1.000000	1.000000	1.000000	1.000000	1.000000	1.000000	0.999921	0.000059	0.976840	0.000006	0.981795	0.000007	1.000503	0.000037	1.000000	1.000000	
1356621885.483332	1.000000	50.601028	37.070419	6.007278	1.000000	1.000000	1.000000	0.999999	1.000000	1.000000	1.000000	1.000000	0.999673	0.000244	1.000294	0.000070	1.000324	0.000126	0.999906	0.000078	1356621885.483500	1.000010	48.619890	34.882036	8.060863	1.000000	1.000000	1.000000	1.000000	1.000000	1.000000	1.000106	0.000007	1.002828	0.000050	1.002375	0.000048	0.999868	0.000044	1.000000	1.000000	
1356621886.483332	1.000000	50.646408	37.106308	6.002823	1.000000	0.999999	1.000000	1.000000	1.000000	1.000000	1.000000	1.000000	0.999781	0.000280	1.000529	0.000034	1.000015	0.000458	0.999895	0.000033	1356621886.483498	0.999998	48.622056	34.867620	8.113068	1.000000	1.000000	1.000000	1.000000	1.000000	1.000000	0.999890	0.000084	0.997746	0.000006	1.001652	0.000006	1.000079	0.000059	1.000000	1.000000	
1356621887.483332	1.000000	50.546631	37.010376	5.993652	1.000000	1.000000	1.000001	1.000000	1.000000	1.000000	1.000000	1.000000	0.999903	0.000234	0.999568	0.000067	0.999875	0.000126	0.999803	0.000076	1356621887.483488	0.999990	48.598631	34.848539	8.139516	1.000000	1.000000	1.000000	1.000000	1.000000	1.000000	1.000046	0.000025	1.000126	0.000049	1.000698	0.000049	0.999292	0.000041	1.000000	1.000000	
1356621888.483332	1.000000	50.572388	37.035645	6.003952	1.000000	1.000000	1.000000	1.000000	1.000000	0.999463	1.000000	0.999447	1.000370	0.000284	0.997665	0.000034	0.996885	0.000178	1.000306	0.000033	1356621888.483492	1.000004	48.638749	34.887249	8.019407	1.000000	1.000000	1.000000	1.000000	1.000000	1.000000	0.990632	0.000059	1.001683	0.000007	0.995954	0.000007	1.000770	0.000037	1.000000	1.000000	
1356621889.483332	1.000000	50.620712	37.083755	5.995316	1.000000	1.000000	1.000000	1.000000	1.000000	1.000000	0.999999	1.000000	0.999604	0.000239	1.000497	0.000082	1.003348	0.000141	1.000074	0.000088	1356621889.483498	1.000006	48.547272	34.824667	8.046385	1.000000	1.000000	1.000000	1.000000	1.000000	1.000000	1.026835	0.000021	1.000005	0.000072	0.989586	0.000048	0.988117	0.000043	1.000000	1.000000	
1356621890.483332	1.000000	50.647919	37.103745	5.984390	1.000000	1.000000	1.000000	1.000000	0.999999	1.000000	1.000001	1.000001	1.000072	0.000309	1.000925	0.000034	1.000472	0.000185	1.003238	0.000033	1356621890.483492	0.999994	48.609512	34.855753	8.035113	1.000000	1.000000	1.000000	1.000000	1.000000	1.000000	0.999882	0.000056	1.004318	0.000007	1.024773	0.000021	1.009947	0.000052	1.000000	1.000000	
1356621891.483332	1.000000	50.614090	37.057175	5.996964	0.999999	1.000000	1.000000	1.000000	1.000000	1.000000	1.000000	1.000000	1.000826	0.000210	0.999989	0.000068	0.999968	0.000422	0.998994	0.000111	1356621891.483496	1.000004	48.591814	34.813107	8.046736	1.000000	1.000000	1.000000	1.000000	1.000000	1.000000	0.999990	0.000038	0.999072	0.000047	0.999676	0.000050	0.999346	0.000065	1.000000	1.000000	
1356621892.483332	1.000000	50.583740	37.031082	5.980270	1.000001	1.000000	1.000000	1.000000	1.000000	1.000000	1.000000	1.000000	0.999406	0.000302	1.000514	0.000034	0.999659	0.000155	0.999929	0.000033	1356621892.483498	1.000002	48.625350	34.836634	8.064255	1.000000	1.000000	1.000000	1.000000	1.000000	1.000000	0.999844	0.000049	1.001828	0.000006	0.994277	0.000006	1.001195	0.000036	1.000000	1.000000	
1356621893.483332	1.000000	50.614349	37.083923	6.006073	1.000000	1.000000	1.000000	1.000000	1.000000	1.000000	1.000000	1.000000	1.000050	0.000216	0.999505	0.000069	0.997123	0.000149	0.999676	0.000073	1356621893.483490	0.999992	48.576184	34.849114	8.033650	1.000000	1.000000	1.000000	1.000000	1.000000	1.000000	0.999071	0.000020	0.999548	0.000049	1.000919	0.000049	0.999499	0.000043	1.000000	1.000000	
1356621894.483332	1.000000	50.655167	37.123657	5.985733	1.000000	1.000000	1.000000	1.000000	1.000000	1.000000	1.000000	1.000000	0.999758	0.000301	1.001633	0.000034	1.000283	0.002099	1.000119	0.000032	1356621894.483495	1.000005	48.619935	34.884652	8.107458	1.000000	1.000000	1.000000	1.000000	1.000000	1.000000	0.999907	0.000062	0.980417	0.000006	0.974678	0.000007	1.000253	0.000037	1.000000	1.000000	
1356621895.483332	1.000000	53.007782	39.468475	5.994858	1.000000	1.000000	1.000000	1.000000	1.000000	1.000000	1.000000	1.000000	0.999992	0.002290	0.999985	0.002704	0.999905	0.002060	0.999972	0.001890	1356621895.483496	1.000001	48.649917	34.909711	8.058418	1.000000	1.000000	1.000000	1.000000	1.000000	1.000000	1.004177	0.000006	1.002752	0.000049	1.003942	0.000049	0.999996	0.000716	1.000000	1.000000	
1356621896.483332	1.000000	50.584091	37.056595	5.979477	1.000000	1.000000	1.000000	1.000000	1.000000	1.000000	1.000000	1.000000	1.000258	0.000293	0.999118	0.000034	1.000126	0.000447	0.999928	0.000032	1356621896.483490	0.999994	48.621643	34.862802	8.037310	1.000000	1.000000	1.000000	1.000000	1.000000	1.000000	1.000036	0.000085	1.000749	0.000007	0.997275	0.000006	1.000151	0.000059	1.000000	1.000000	
1356621897.483332	1.000000	50.628983	37.098495	5.995483	1.000000	1.000000	1.000001	1.000000	1.000001	1.000000	1.000000	1.000000	1.000144	0.000241	1.000250	0.000071	1.000141	0.000126	0.992360	0.000082	1356621897.483493	1.000003	48.623064	34.883650	8.061636	1.000000	1.000000	1.000000	1.000000	1.000000	1.000000	0.996886	0.000007	0.999668	0.000050	0.999329	0.000048	1.000295	0.000044	1.000000	1.000000	
1356621898.483332	1.000000	50.642090	37.101105	5.999771	1.000000	1.000000	1.000000	1.000000	1.000000	1.000000	0.999999	1.000000	1.000505	0.000279	1.000104	0.000063	0.999610	0.000178	1.002798	0.000261	1356621898.483490	0.999997	48.562391	34.809373	8.005075	1.000000	1.000000	1.000000	1.000000	1.000000	1.000000	1.000338	0.000060	0.999248	0.000007	1.005805	0.000006	0.999219	0.000037	1.000000	1.000000	
1356621899.483332	1.000000	50.670563	37.135498	5.982849	1.000000	1.000000	1.000000	0.999999	0.999999	0.999999	1.000000	1.000000	0.999674	0.000232	0.998999	0.000065	1.000688	0.000126	0.998620	0.000077	1356621899.483497	1.000007	48.618026	34.876895	8.042410	1.000000	1.000000	1.000000	1.000000	1.000000	1.000000	0.996981	0.000007	1.000071	0.000049	1.000260	0.000049	0.989618	0.000064	1.000000	1.000000	
1356621900.483332	1.000000	50.619461	37.094101	5.992279	1.000000	1.000000	1.000000	1.000000	1.000001	1.000000	1.000000	1.000000	0.999939	0.000285	1.003376	0.000034	0.996206	0.000163	0.981286	0.000033	1356621900.483497	1.000000	48.606155	34.881805	8.053162	1.000000	1.000000	1.000000	1.000000	1.000000	1.000000	1.000136	0.000059	1.002768	0.000007	0.994377	0.000007	1.002688	0.000251	1.000000	1.000000	
1356621901.483332	1.000000	50.638947	37.108444	5.987152	1.000000	1.000000	1.000000	1.000000	1.000000	1.000001	1.000000	1.000001	0.999342	0.000247	1.000832	0.000085	1.001344	0.000431	1.001979	0.000358	1356621901.483496	0.999999	48.622071	34.879565	8.036705	1.000000	1.000000	1.000000	1.000000	1.000000	1.000000	0.999572	0.000054	0.999774	0.000073	0.990275	0.000049	0.991871	0.000067	1.000000	1.000000	
1356621902.483332	1.000000	50.641983	37.108353	6.001953	1.000000	1.000000	1.000001	1.000001	0.999999	0.999437	1.000000	1.000000	1.000098	0.000453	0.995985	0.000034	0.999449	0.000156	0.999797	0.000248	1356621902.483498	1.000002	49.038969	35.298608	8.128372	1.000000	1.000000	1.000000	1.000000	1.000000	1.000000	1.000000	0.078885	0.997996	0.000257	1.023142	0.000021	1.009553	0.000057	1.000000	1.000000	
1356621903.483332	1.000000	50.641205	37.118225	6.011246	1.000000	1.000000	1.000000	1.000000	1.000000	1.000000	0.999999	1.000000	0.999896	0.000728	0.999717	0.000071	0.996194	0.000155	1.001950	0.000076	1356621903.483500	1.000002	48.606215	34.893748	8.085342	1.000000	1.000000	1.000000	1.000000	1.000000	1.000000	0.999982	0.000022	0.999306	0.000068	1.000882	0.000051	0.999803	0.000043	1.000000	1.000000	
1356621904.483332	1.000000	50.620026	37.087616	5.997620	1.000000	1.000000	0.999999	1.000000	1.000000	1.000000	1.000001	1.000000	1.000216	0.000284	1.001074	0.000034	1.000306	0.002152	0.993892	0.000033	1356621904.483498	0.999998	48.617387	34.885168	8.065308	1.000000	1.000000	1.000000	1.000000	1.000000	1.000000	1.000186	0.000058	1.017591	0.000032	0.979237	0.000006	1.000010	0.000037	1.000000	1.000000	
1356621905.483332	1.000000	50.621017	37.087097	5.993530	1.000000	1.000000	1.000001	1.000000	0.999999	0.999999	1.000000	1.000000	1.000755	0.000830	1.001547	0.000070	0.999753	0.000127	1.000005	0.000081	1356621905.483494	0.999996	48.635588	34.891331	8.090350	1.000000	1.000000	1.000000	1.000000	1.000000	1.000000	0.990556	0.000008	1.000336	0.000049	1.002347	0.000048	1.000053	0.000044	1.000000	1.000000	
1356621906.483332	1.000000	50.607635	37.064621	5.986359	1.000000	1.000000	1.000000	1.000000	1.000000	1.000001	1.000000	1.000000	0.997776	0.000268	0.997783	0.000034	1.000034	0.000439	1.001505	0.000033	1356621906.483491	0.999997	48.671324	34.903245	8.083231	1.000000	1.000000	1.000000	1.000000	1.000000	1.000000	1.000693	0.000098	0.999153	0.000007	1.004682	0.000006	0.999748	0.000058	1.000000	1.000000	
1356621907.483334	1.000002	50.573878	37.044027	5.977802	1.000001	1.000000	1.000000	1.000000	1.000000	1.000000	1.000000	1.000000	0.999496	0.000251	1.000684	0.000069	0.999847	0.000126	0.999690	0.000076	1356621907.483498	1.000007	48.612350	34.850314	8.076314	1.000000	1.000000	1.000000	1.000000	1.000000	1.000000	0.996498	0.000007	0.999970	0.000051	0.999062	0.000049	1.000931	0.000041	1.000000	0.999832	
1356621908.483332	0.999998	50.611394	37.081171	6.006985	1.000000	1.000000	1.000000	1.000000	1.000000	1.000000	1.000000	1.000000	1.000226	0.000280	0.998156	0.000034	1.000067	0.000177	1.001371	0.000032	1356621908.483496	0.999998	48.671678	34.933126	8.022705	1.000000	1.000000	1.000000	1.000000	1.000000	1.000000	1.000298	0.000065	0.999080	0.000007	1.003696	0.000007	0.998959	0.000036	1.000000	1.000000	
1356621909.483332	1.000000	50.623032	37.085770	6.002335	1.000000	1.000000	1.000000	1.000000	1.000000	1.000000	1.000000	1.000000	1.000059	0.000250	0.999232	0.000068	0.999304	0.000126	0.999634	0.000077	1356621909.483500	1.000004	48.672959	34.916683	8.056989	1.000000	1.000000	1.000000	1.000000	1.000000	1.000000	0.998999	0.000007	0.989893	0.000052	0.999638	0.000048	1.000088	0.000044	1.000000	1.000000	
1356621910.483332	1.000000	50.604004	37.062057	6.000198	1.000000	1.000000	1.000000	1.000000	1.000000	1.000000	1.000000	1.000000	1.000481	0.000265	1.005407	0.000034	1.001474	0.000158	1.003164	0.000033	1356621910.483496	0.999996	48.641295	34.877735	7.980562	1.000000	1.000000	1.000000	1.000000	1.000000	1.000000	1.000121	0.000064	1.015890	0.000033	1.002360	0.000007	1.000065	0.000035	1.000000	1.000000	
1356621911.483332	1.000000	50.630249	37.097946	6.003464	1.000000	1.000000	1.000000	1.000000	0.999999	1.000000	1.000000	1.000000	0.999642	0.000222	0.997571	0.000069	0.999427	0.000410	0.998536	0.000076	1356621911.483493	0.999997	48.633772	34.902360	8.046015	1.000000	1.000000	1.000000	1.000000	1.000000	1.000000	0.999782	0.000039	0.999876	0.000043	0.999845	0.000050	0.999982	0.000065	1.000000	1.000000	
1356621912.483332	1.000000	50.641357	37.096725	5.994568	1.000000	1.000000	1.000000	1.000000	1.000001	1.000000	1.000000	1.000000	0.999715	0.000285	1.000494	0.000034	1.001826	0.000154	1.001070	0.000033	1356621912.483495	1.000002	48.641799	34.881418	8.035751	1.000000	1.000000	1.000000	1.000000	1.000000	1.000000	0.989956	0.000054	0.999813	0.000006	1.000109	0.000007	1.000626	0.000036	1.000000	1.000000	
1356621913.483332	1.000000	50.655991	37.118576	6.007568	1.000000	1.000000	1.000000	1.000000	1.000000	1.000000	1.000000	1.000000	0.999559	0.000310	1.000347	0.000083	0.995347	0.000167	0.999614	0.000090	1356621913.483495	1.000000	48.640976	34.884476	8.049149	1.000000	1.000000	1.000000	1.000000	1.000000	1.000000	1.025791	0.000021	1.000180	0.000073	0.989735	0.000049	0.985207	0.000044	1.000000	1.000000	
1356621914.483334	1.000002	50.688319	37.147054	5.974217	0.999999	1.000000	0.999999	1.000000	0.999999	1.000000	1.000000	1.000000	0.999974	0.000295	0.998242	0.000034	1.000246	0.002116	1.003191	0.000032	1356621914.483505	1.000010	48.655442	34.909120	8.073070	1.000000	0.999966	1.000000	0.999915	1.000000	0.999914	0.999980	0.000057	0.978945	0.000006	1.016270	0.000021	1.012540	0.000050	1.000000	0.999948	
1356621915.483332	0.999998	50.648900	37.109659	6.004147	1.000001	1.000000	1.000001	1.000001	1.000001	1.000001	1.000000	1.000000	1.000147	0.000234	1.000146	0.000069	1.000145	0.000128	0.998586	0.000075	1356621915.483490	0.999985	48.622663	34.897359	8.040373	1.000000	1.000000	1.000000	1.000000	1.000000	1.000000	0.999816	0.000006	1.002917	0.000049	1.003400	0.000050	0.999412	0.000042	1.000000	1.000000	
1356621916.483332	1.000000	50.660736	37.109222	5.992691	1.000000	1.000000	1.000000	1.000000	1.000000	1.000000	1.000000	1.000000	1.000023	0.000285	1.000723	0.000034	1.000035	0.000442	1.000438	0.000033	1356621916.483488	0.999998	48.618226	34.861074	7.991058	1.000000	1.000000	1.000000	0.999658	1.000000	1.000000	0.999982	0.000084	0.995945	0.000007	0.992824	0.000006	1.000681	0.000058	1.000000	1.000000	
1356621917.483332	1.000000	50.648224	37.102112	6.006546	1.000000	1.000000	1.000000	1.000000	1.000000	1.000000	1.000000	1.000000	0.999992	0.000234	0.999534	0.000068	0.999887	0.000126	0.999663	0.000072	1356621917.483494	1.000006	48.671310	34.927190	8.047300	1.000000	1.000000	1.000000	1.000000	1.000000	1.000000	0.999736	0.000007	1.000581	0.000051	1.000231	0.000048	1.000435	0.000043	1.000000	1.000000	
1356621918.483332	1.000000	50.645966	37.107788	5.987976	1.000000	1.000000	1.000000	1.000000	1.000000	1.000000	1.000000	1.000000	0.999846	0.000283	1.000295	0.000034	1.000000	0.000174	1.006687	0.000033	1356621918.483495	1.000001	48.621704	34.887982	8.121269	1.000000	1.000000	1.000000	1.000000	1.000000	1.000000	0.999851	0.000059	0.997336	0.000006	1.003383	0.000006	1.000330	0.000036	1.000000	1.000000	
1356621919.483332	1.000000	50.571945	37.046524	5.990952	1.000000	1.000000	1.000000	1.000000	1.000000	1.000000	1.000000	1.000000	0.999986	0.000244	1.000296	0.000069	1.000195	0.000126	0.997873	0.000074	1356621919.483498	1.000003	48.542818	34.822188	8.066259	1.000000	1.000000	1.000000	1.000000	1.000000	1.000000	1.001225	0.000007	1.000485	0.000049	0.999923	0.000050	0.998594	0.000041	1.000000	1.000000	
1356621920.483332	1.000000	53.867661	40.325012	5.983459	1.000000	1.000000	1.000000	0.999999	1.000000	1.000000	1.000000	1.000000	0.999994	0.002473	0.999870	0.002703	0.999981	0.002330	0.999755	0.002041	1356621920.483461	0.999963	48.569681	34.834112	8.045677	1.000000	1.000000	1.000000	1.000000	1.000000	1.000000	1.000142	0.000060	0.999673	0.000007	1.000943	0.000006	1.000041	0.000670	1.000000	1.000000	
1356621921.483332	1.000000	50.635956	37.100525	5.980881	1.000000	1.000000	1.000000	1.000001	1.000000	1.000000	1.000000	1.000000	1.000073	0.000216	1.011341	0.000047	0.999930	0.000483	1.005738	0.000077	1356621921.483488	1.000027	48.571369	34.845832	8.022291	1.000000	1.000000	1.000000	1.000000	1.000000	1.000000	0.999144	0.000039	0.999779	0.000051	0.999380	0.000048	0.999213	0.000066	1.000000	1.000000	
1356621922.483332	1.000000	50.605591	37.063828	5.991562	1.000000	1.000000	0.999999	1.000000	1.000000	1.000000	1.000000	1.000000	0.999076	0.000304	0.946732	0.000009	1.000006	0.000192	0.995927	0.000033	1356621922.483507	1.000019	48.628238	34.873694	8.046584	1.000000	1.000000	1.000000	1.000000	1.000000	0.999419	1.000503	0.000052	0.994039	0.000007	0.997959	0.000006	1.000964	0.000036	1.000000	1.000000	
1356621923.483332	1.000000	50.631119	37.079071	5.975113	1.000000	1.000000	1.000001	1.000001	1.000000	1.000000	0.999999	1.000000	1.001319	0.000216	0.995362	0.000054	0.999979	0.000202	1.001698	0.000075	1356621923.483496	0.999989	48.604171	34.845811	8.046399	1.000000	1.000000	1.000000	1.000000	1.000000	1.000000	0.998200	0.000007	1.000767	0.000050	1.000827	0.000050	0.999742	0.000045	1.000000	1.000000	
1356621924.483332	1.000000	50.627106	37.091019	5.991058	0.999973	0.999742	0.999973	0.999737	0.999986	0.999715	0.999987	0.999717	1.000470	0.000305	1.000000	0.000009	1.000013	0.002131	1.000023	0.000033	1356621924.483496	1.000000	48.625244	34.873184	8.069885	1.000000	1.000000	1.000000	1.000000	1.000000	1.000000	0.991122	0.000060	0.975350	0.000007	0.975032	0.000007	1.000750	0.000036	1.000000	1.000000	
1356621925.483332	1.000000	50.653244	37.123230	6.010422	1.000000	1.000000	1.000000	1.000000	1.000001	1.000000	1.000000	1.000000	0.999814	0.000232	1.007502	0.000069	0.999649	0.000166	0.999482	0.000092	1356621925.483494	0.999998	48.603669	34.872976	8.048462	1.000000	1.000000	1.000000	1.000000	1.000000	1.000000	1.025120	0.000021	1.002537	0.000072	0.992886	0.000049	0.986637	0.000044	1.000000	1.000000	
1356621926.483332	1.000000	50.642014	37.107834	6.000717	1.000000	1.000000	1.000000	1.000000	0.999999	1.000000	1.000000	1.000001	0.999825	0.000299	0.999587	0.000008	1.000121	0.000454	1.000850	0.000033	1356621926.483492	0.999998	48.579423	34.840505	8.045471	1.000000	1.000000	1.000000	1.000000	1.000000	1.000000	0.999746	0.000080	1.001007	0.000007	1.027653	0.000021	1.007854	0.000073	1.000000	1.000000	
1356621927.483332	1.000000	50.645233	37.107712	5.987610	1.000001	1.000000	1.000000	1.000000	1.000001	1.000000	1.000000	1.000000	0.999463	0.000235	0.999080	0.000053	0.999696	0.000151	1.000234	0.000076	1356621927.483487	0.999995	48.591994	34.849051	8.032633	1.000000	1.000000	1.000000	1.000000	1.000000	1.000000	1.001908	0.000007	0.999325	0.000049	0.998827	0.000049	0.999207	0.000041	1.000000	1.000000	
1356621928.483332	1.000000	50.667526	37.134689	6.000885	1.000000	1.000000	1.000000	1.000000	1.000000	1.000000	1.000000	1.000000	0.999785	0.000286	1.006982	0.000008	1.000120	0.000202	0.999964	0.000032	1356621928.483499	1.000012	48.600251	34.873653	8.043346	1.000000	1.000000	1.000000	1.000000	1.000000	1.000000	1.000213	0.000058	1.005011	0.000007	1.001940	0.000006	1.001153	0.000036	1.000000	1.000000	
1356621929.483332	1.000000	50.298019	36.766968	6.006149	1.000000	1.000000	1.000000	1.000000	1.000000	1.000000	1.000000	1.000000	1.000613	0.000235	0.999108	0.000052	1.000187	0.000149	1.000121	0.000080	1356621929.483493	0.999994	48.267133	34.552406	7.832887	1.000000	1.000000	1.000000	1.000000	1.000000	1.000000	1.002344	0.000007	0.999961	0.000050	0.999443	0.000048	0.999372	0.000063	1.000000	1.000000	
1356621930.483338	1.000006	19.080193	5.758190	3.473307	0.999229	0.058030	0.999695	0.057793	0.999706	0.057776	0.999998	0.057722	0.593113	0.000418	0.902082	0.000009	0.598633	0.000295	0.667483	0.000049	1356621930.483755	1.000262	30.150395	16.992145	2.714209	0.999989	0.057629	0.999992	0.057618	0.999990	0.057597	0.999852	0.000073	0.999622	0.000007	1.000378	0.000007	1.000092	0.000050	1.000000	1.000000	
1356621931.483331	0.999993	17.467055	4.163664	3.277839	0.528884	0.000134	0.695300	0.000051	0.643169	0.000011	0.682818	0.000077	0.543269	0.000389	0.670669	0.000075	0.672863	0.000667	0.659633	0.000111	1356621931.483766	1.000011	28.319804	15.172334	2.715165	0.999963	0.000051	0.997608	0.000008	0.999342	0.000007	0.999522	0.000038	0.999685	0.000062	1.000425	0.000065	1.000181	0.000100	1.000000	1.000000	
1356621932.483331	1.000000	17.435226	4.148346	3.290436	0.842592	0.000296	0.751596	0.000070	0.688824	0.000084	1.002059	0.000016	0.554095	0.000463	0.954488	0.000009	0.593612	0.000294	0.613351	0.000050	1356621932.483685	0.999919	28.309637	15.165200	2.715445	1.000067	0.000081	1.000342	0.000103	1.000006	0.000063	1.000328	0.000067	1.001565	0.000006	0.999364	0.000006	1.000154	0.000035	1.000000	1.000000	
1356621933.483331	1.000000	17.384262	4.108246	3.253433	0.511773	0.000063	0.660405	0.000053	0.882997	0.000009	0.683078	0.000074	0.557391	0.000371	0.652652	0.000077	0.591387	0.000291	0.669933	0.000113	1356621933.483755	1.000070	28.289872	15.148657	2.712304	1.000000	0.000013	0.998180	0.000008	0.999835	0.000007	0.999200	0.000008	0.999994	0.000065	0.999894	0.000062	0.999818	0.000057	1.000000	1.000000	
1356621934.483331	1.000000	17.405518	4.136597	3.275269	0.847964	0.000304	0.765851	0.000070	0.705070	0.000084	1.000605	0.000017	0.561709	0.000430	0.998435	0.000008	0.913572	0.002322	0.600586	0.000051	1356621934.483737	0.999982	28.277590	15.138103	2.717837	1.000062	0.000087	1.000173	0.000073	0.998895	0.000065	1.000087	0.000075	0.481199	0.000013	0.974788	0.000006	1.000034	0.000056	1.000000	1.000000	
1356621935.483332	1.000001	17.354170	4.112224	3.268018	0.661952	0.000135	0.791853	0.000085	0.683542	0.000010	0.679735	0.000075	0.748062	0.001025	0.763440	0.000103	0.637646	0.000297	0.710067	0.000135	1356621935.483793	1.000056	28.243764	15.121727	2.709580	0.999545	0.000014	1.000026	0.000044	1.011252	0.000007	1.000127	0.000006	1.096161	0.000070	1.002411	0.000071	0.999926	0.000057	1.000000	1.000000	
1356621936.483331	0.999999	17.318925	4.073978	3.216037	0.803161	0.000365	0.842053	0.000114	0.652747	0.000089	1.000000	0.000019	0.594234	0.000468	0.903667	0.000046	0.688395	0.000739	0.666304	0.000072	1356621936.483757	0.999964	28.263514	15.130504	2.706839	0.999104	0.000123	0.991862	0.000068	0.991236	0.000061	0.995314	0.000113	1.001076	0.000007	0.999938	0.000006	1.000326	0.000084	1.000000	1.000000	
1356621937.483331	1.000000	17.325058	4.083801	3.272141	0.497913	0.000095	0.622129	0.000084	0.516680	0.000042	0.611598	0.000108	0.523044	0.000440	0.589091	0.000101	0.563083	0.000286	0.599963	0.000140	1356621937.483695	0.999938	28.259030	15.125190	2.704330	1.003654	0.000028	1.011527	0.000048	1.011049	0.000048	1.012842	0.000041	1.000012	0.000099	0.991479	0.000062	0.988972	0.000058	1.000000	1.000000	
1356621938.483331	1.000000	17.322601	4.084366	3.284088	0.811478	0.000334	0.746314	0.000069	0.719775	0.000083	0.801463	0.000019	0.557477	0.000442	0.635409	0.000010	0.592180	0.000335	0.605720	0.000050	1356621938.483693	0.999998	28.247033	15.117522	2.706777	0.999950	0.000076	0.999983	0.000068	0.999850	0.000054	0.999894	0.000069	0.998383	0.000006	1.012697	0.000041	1.007283	0.000084	1.000000	1.000000	
1356621939.483331	1.000000	17.315720	4.079407	3.229782	0.504831	0.000061	0.672728	0.000053	1.002899	0.000008	0.686181	0.000073	0.533770	0.000367	0.655027	0.000076	0.574591	0.000258	0.645214	0.000110	1356621939.483726	1.000033	28.253022	15.123160	2.714968	0.999516	0.000014	0.999944	0.000007	0.993975	0.000007	1.000000	0.000008	1.000146	0.000063	1.000120	0.000064	1.000163	0.000057	1.000000	1.000000	
1356621940.483331	1.000000	17.330948	4.098969	3.274429	0.850790	0.000305	0.746584	0.000071	0.722798	0.000082	1.010793	0.000018	0.557167	0.000459	0.989221	0.000008	0.591993	0.000298	0.592144	0.000051	1356621940.483799	1.000073	28.242477	15.116542	2.717758	1.000009	0.000087	0.977295	0.000076	1.000715	0.000062	1.000016	0.000073	1.000062	0.000006	0.993553	0.000006	1.000648	0.000049	1.000000	1.000000	
1356621941.483331	1.000000	17.291321	4.050278	3.265244	0.485305	0.000091	0.625749	0.000058	0.682009	0.000011	0.650723	0.000078	0.530252	0.000402	0.639802	0.000080	0.691362	0.000650	0.673687	0.000107	1356621941.483826	1.000027	28.224398	15.096853	2.712573	0.999817	0.000055	1.271406	0.000006	0.999181	0.000007	0.999940	0.000038	0.999680	0.000064	1.000515	0.000063	0.999601	0.000088	1.000000	1.000000	
1356621942.483338	1.000007	17.333788	4.093294	3.256493	0.847509	0.000303	0.707147	0.000072	0.737964	0.000082	0.768347	0.000020	0.576023	0.000423	0.655157	0.000010	0.591966	0.000292	0.617338	0.000053	1356621942.483776	0.999950	28.218744	15.093132	2.715605	0.999954	0.000083	1.000092	0.000072	0.999954	0.000058	0.999988	0.000064	1.003244	0.000006	1.000126	0.000006	1.000079	0.000049	1.000000	1.000000	
1356621943.483344	1.000006	17.415469	4.172949	3.289119	0.577633	0.000812	0.610813	0.000082	0.868089	0.000009	0.647038	0.000077	0.554585	0.000383	0.671579	0.000077	0.576774	0.000298	0.642982	0.000108	1356621943.483690	0.999914	28.200822	15.071732	2.733191	1.000374	0.000022	0.999944	0.000007	1.000055	0.000007	0.999367	0.000006	0.999441	0.000063	0.999553	0.000064	1.000083	0.000055	1.000000	1.000000	
1356621944.483332	0.999988	715781678.793145	715803780.088779	715785981.894018	0.999967	1.000990	0.999966	1.000996	0.999975	1.000992	0.999967	1.000989	0.999967	1.000992	0.999970	1.000989	0.999967	1.000994	0.999967	1.000992	1356621944.483436	0.999746	715954067.734671	715942541.620097	715978108.717123	0.999968	1.000992	0.999964	1.000992	3.894592	0.257015	0.999968	1.000994	0.999968	1.000996	0.999971	1.000992	0.999968	1.000998	0.999968	1.000995	
1356621945.483418	1.000086	0.000000	0.000000	0.000000	-nan	-nan	-nan	-nan	0.000000	inf	-nan	-nan	-nan	0.000000	-nan	-nan	-nan	-nan	-nan	-nan	1356621945.483498	1.000062	0.000000	0.000000	0.000000	-nan	-nan	-nan	-nan	0.000000	inf	-nan	-nan	-nan	-nan	-nan	-nan	-nan	-nan	-nan	-nan	
