ts_0	elapsed_0	pkg_0	pp0_0	dram_0	freq_ratio_0_0	c0_ratio_0_0	freq_ratio_0_1	c0_ratio_0_1	freq_ratio_0_2	c0_ratio_0_2	freq_ratio_0_3	c0_ratio_0_3	freq_ratio_0_4	c0_ratio_0_4	freq_ratio_0_5	c0_ratio_0_5	freq_ratio_0_6	c0_ratio_0_6	freq_ratio_0_7	c0_ratio_0_7	ts_1	elapsed_1	pkg_1	pp0_1	dram_1	freq_ratio_1_0	c0_ratio_1_0	freq_ratio_1_1	c0_ratio_1_1	freq_ratio_1_2	c0_ratio_1_2	freq_ratio_1_3	c0_ratio_1_3	freq_ratio_1_4	c0_ratio_1_4	freq_ratio_1_5	c0_ratio_1_5	freq_ratio_1_6	c0_ratio_1_6	freq_ratio_1_7	c0_ratio_1_7	
1356621848.499774	1.029815	43.937740	30.527166	5.995648	1.154522	0.256968	1.154165	0.254395	1.153750	0.252758	1.155435	0.257911	1.154201	0.253614	1.155092	0.256299	1.155293	0.256918	1.154092	0.252797	1356621848.499941	1.000420	52.893948	39.126706	7.679788	0.999811	0.454315	0.999996	0.985414	0.999979	0.983087	1.007521	0.000040	0.833199	0.000109	1.000001	0.978295	0.638525	0.000050	0.999804	0.986485	
1356621849.499767	0.999993	47.532693	34.120796	6.035198	1.000000	1.000000	1.000000	1.000000	1.000000	1.000000	0.999959	0.003557	1.000000	1.000000	1.000622	0.000008	1.001086	0.000061	0.999409	0.000144	1356621849.499926	0.999985	49.677657	35.897085	7.966733	1.000101	0.000069	1.000000	1.000000	1.000000	1.000000	0.999385	0.000050	0.993795	0.000098	1.000000	1.000000	1.001569	0.000051	1.000000	1.000000	
1356621850.499767	1.000000	47.734985	34.329285	6.075821	1.000000	1.000000	1.000000	1.000000	1.000000	1.000000	1.000000	0.007076	1.000000	1.000000	1.000468	0.000058	1.000538	0.000036	1.000837	0.000154	1356621850.499927	1.000001	49.767515	35.949642	7.911202	0.999926	0.000036	1.000000	1.000000	1.000000	1.000000	1.000735	0.000016	1.000294	0.002040	1.000000	1.000000	1.000633	0.000007	1.000000	1.000000	
1356621851.499767	1.000000	47.726929	34.321716	6.068115	1.000000	1.000000	1.000000	1.000000	1.000000	1.000000	0.999955	0.006869	1.000000	1.000000	0.992851	0.000100	0.999568	0.000078	0.999533	0.000142	1356621851.499928	1.000001	49.850844	36.017666	7.957466	0.998738	0.000102	1.000000	1.000000	1.000000	1.000000	0.999944	0.000048	0.999997	0.000362	1.000000	1.000000	0.999715	0.000050	1.000000	1.000000	
1356621852.499767	1.000000	47.732346	34.321167	6.078964	1.000000	1.000000	1.000000	1.000000	1.000000	1.000000	1.000025	0.006407	1.000000	1.000000	1.000964	0.000253	0.985209	0.000036	1.000190	0.000116	1356621852.499928	1.000000	49.849884	35.993439	7.906372	0.999588	0.000022	1.000000	1.000000	1.000000	1.000000	1.000775	0.000015	0.999807	0.000032	1.000000	1.000000	1.000175	0.000009	1.000000	1.000000	
1356621853.499767	1.000000	47.710190	34.309433	6.077682	1.000000	1.000000	1.000000	1.000000	1.000000	1.000000	0.999957	0.006358	1.000000	1.000000	0.999076	0.000162	1.007108	0.000085	1.000101	0.000232	1356621853.499931	1.000003	49.864729	36.061976	7.933111	1.001593	0.000077	1.000000	1.000000	1.000000	1.000000	0.999630	0.000063	0.992055	0.000070	1.000000	1.000000	0.979661	0.000052	1.000000	1.000000	
1356621854.499767	1.000000	47.662216	34.269669	6.068924	1.000000	1.000000	1.000000	1.000000	1.000000	1.000000	0.999991	0.006419	1.000000	1.000000	0.999872	0.000187	0.996434	0.000037	1.000113	0.000116	1356621854.499926	0.999995	49.848150	36.023160	7.988001	1.000288	0.000023	1.000000	1.000000	1.000000	1.000000	1.001624	0.000015	1.007289	0.000077	1.000000	1.000000	1.049039	0.000022	1.000000	1.000000	
1356621855.499767	1.000000	47.781982	34.382263	6.071899	1.000000	1.000000	1.000000	1.000000	1.000000	1.000000	1.000118	0.003798	1.000000	1.000000	0.999982	0.003225	1.001880	0.000078	1.000148	0.000161	1356621855.499920	0.999994	49.808509	36.022493	7.945894	0.999919	0.000057	1.000000	1.000000	1.000000	1.000000	0.999604	0.000048	1.000155	0.000072	1.000000	1.000000	1.000430	0.000050	1.000000	1.000000	
1356621856.499766	0.999999	47.514022	34.110735	6.071936	1.000000	1.000000	1.000000	1.000000	1.000000	1.000000	0.995766	0.000127	1.000000	1.000000	1.000169	0.000171	1.000157	0.000059	0.999857	0.000124	1356621856.499933	1.000013	49.841586	36.043091	7.858204	1.000125	0.000059	1.000000	1.000000	1.000000	1.000000	1.000820	0.000016	0.999948	0.000305	1.000000	1.000000	0.971318	0.000008	1.000000	1.000000	
1356621857.499767	1.000001	47.499726	34.093458	6.064646	1.000000	1.000000	1.000000	1.000000	1.000000	1.000000	0.999976	0.000999	1.000000	1.000000	1.000029	0.000159	0.999937	0.000067	1.000049	0.000143	1356621857.499933	1.000000	49.866974	36.052338	7.971146	0.999913	0.000058	1.000000	1.000000	1.000000	1.000000	0.999488	0.000050	0.999552	0.000066	1.000000	1.000000	0.979036	0.000051	1.000000	1.000000	
1356621858.499766	0.999999	47.739532	34.332583	6.046270	1.000000	1.000000	1.000000	1.000000	1.000000	1.000000	0.999990	0.006907	1.000000	1.000000	0.999863	0.000194	0.997580	0.000055	0.999814	0.000156	1356621858.499926	0.999993	49.924738	36.104177	7.954858	0.999767	0.000023	1.000000	1.000000	1.000000	1.000000	1.000242	0.000016	1.000882	0.000032	1.000000	1.000000	1.195775	0.000007	1.000000	1.000000	
1356621859.499767	1.000001	47.757233	34.354383	6.064585	1.000000	1.000000	1.000000	1.000000	1.000000	1.000000	0.999963	0.006836	1.000000	1.000000	0.999998	0.000184	1.001166	0.000063	1.000823	0.000147	1356621859.499930	1.000004	49.866528	36.052726	8.012587	0.999931	0.000056	1.000000	1.000000	1.000000	1.000000	0.999532	0.000048	0.993834	0.000093	1.000000	1.000000	0.997907	0.000051	1.000000	1.000000	
1356621860.499767	1.000000	47.704025	34.304993	6.079529	1.000000	1.000000	1.000000	1.000000	1.000000	1.000000	1.000000	0.006181	1.000000	1.000000	0.999911	0.000160	0.997923	0.000055	0.999304	0.000135	1356621860.499929	0.999999	49.924379	36.134647	7.865440	1.000168	0.000048	1.000000	1.000000	1.000000	1.000000	1.002123	0.000016	1.000119	0.004830	1.000000	1.000000	0.982119	0.000007	1.000000	1.000000	
1356621861.499767	1.000000	47.757904	34.352875	6.088837	1.000000	1.000000	1.000000	1.000000	1.000000	1.000000	1.000031	0.008122	1.000000	1.000000	1.000107	0.002397	0.999771	0.002642	0.999914	0.002242	1356621861.499837	0.999908	49.903686	36.090724	7.962159	0.999824	0.000090	1.000000	1.000000	1.000000	1.000000	0.999544	0.000049	0.999954	0.000978	1.000000	1.000000	1.005046	0.000048	1.000000	1.000000	
1356621862.499767	1.000000	48.040497	34.632065	6.083099	1.000000	1.000000	1.000000	1.000000	1.000000	1.000000	0.997499	0.000104	1.000000	1.000000	0.998501	0.000191	1.020311	0.000037	1.001114	0.000112	1356621862.499930	1.000093	49.889007	36.070636	7.945749	1.000066	0.000041	1.000000	1.000000	1.000000	1.000000	1.000447	0.000016	1.000513	0.000079	1.000000	1.000000	0.986578	0.000008	1.000000	1.000000	
1356621863.499767	1.000000	47.481964	34.089783	6.016037	1.000000	1.000000	1.000000	1.000000	1.000000	1.000000	1.001049	0.000140	1.000000	1.000000	0.999955	0.000172	1.000778	0.000043	0.999431	0.000155	1356621863.499928	0.999998	49.866779	36.053825	7.930771	0.997801	0.000058	1.000000	1.000000	1.000000	1.000000	1.000404	0.000049	1.000003	0.000114	1.000000	1.000000	1.002598	0.000050	1.000000	1.000000	
1356621864.499766	0.999999	47.495864	34.083010	6.043325	1.000000	1.000000	1.000000	1.000000	1.000000	1.000000	0.999550	0.000112	1.000000	1.000000	1.000456	0.000199	0.983529	0.000037	1.000731	0.000124	1356621864.499933	1.000005	49.897486	36.040774	7.948996	1.000122	0.000041	1.000000	1.000000	1.000000	1.000000	0.999577	0.000015	0.999910	0.000133	1.000000	1.000000	0.972701	0.000008	1.000000	1.000000	
1356621865.499767	1.000001	47.496796	34.091017	6.070032	1.000000	1.000000	1.000000	1.000000	1.000000	1.000000	0.999446	0.000160	1.000000	1.000000	0.999631	0.000186	1.008287	0.000059	1.000033	0.000186	1356621865.499932	0.999999	49.898836	36.071964	7.945793	1.001563	0.000072	1.000000	1.000000	1.000000	1.000000	0.999646	0.000064	0.995595	0.000118	1.000000	1.000000	0.991108	0.000050	1.000000	1.000000	
1356621866.499767	1.000000	47.524216	34.107895	6.048340	1.000000	1.000000	1.000000	1.000000	1.000000	1.000000	0.999795	0.000869	1.000000	1.000000	1.000072	0.000199	1.002551	0.000037	0.999555	0.000123	1356621866.499927	0.999995	49.888006	36.033796	7.883829	0.999914	0.000058	1.000000	1.000000	1.000000	1.000000	1.001597	0.000016	1.001125	0.000469	1.000000	1.000000	1.027198	0.000022	1.000000	1.000000	
1356621867.499767	1.000000	47.759109	34.353745	6.047470	1.000000	1.000000	1.000000	1.000000	1.000000	1.000000	1.000095	0.007091	1.000000	1.000000	0.999878	0.000186	0.999677	0.000044	1.000102	0.000151	1356621867.499920	0.999993	49.897379	36.091329	7.764351	0.999744	0.000056	1.000000	1.000000	1.000000	1.000000	0.999537	0.000048	0.999866	0.000063	1.000000	1.000000	0.999680	0.000051	1.000000	1.000000	
1356621868.499766	0.999999	47.535278	34.130358	6.064825	1.000000	1.000000	1.000000	1.000000	1.000000	1.000000	0.994020	0.000136	1.000000	1.000000	1.000454	0.000195	0.995984	0.000037	0.999590	0.000124	1356621868.499932	1.000012	49.917343	36.099774	7.946545	1.000688	0.000023	1.000000	1.000000	1.000000	1.000000	0.999584	0.000016	1.000149	0.000034	1.000000	1.000000	0.991588	0.000008	1.000000	1.000000	
1356621869.499766	1.000000	47.566879	34.164978	6.077911	1.000000	1.000000	1.000000	1.000000	1.000000	1.000000	1.000149	0.000994	1.000000	1.000000	0.999499	0.000169	1.002837	0.000045	1.000690	0.000144	1356621869.499925	0.999993	49.896951	36.084844	7.968347	0.999799	0.000056	1.000000	1.000000	1.000000	1.000000	1.000351	0.000049	0.992605	0.000099	1.000000	1.000000	1.001512	0.000048	1.000000	1.000000	
1356621870.499767	1.000001	47.734574	34.324033	6.062326	1.000000	1.000000	1.000000	1.000000	1.000000	1.000000	0.999983	0.005925	1.000000	1.000000	0.999704	0.000210	1.000706	0.000037	1.000149	0.000140	1356621870.499933	1.000008	49.962440	36.129025	7.914654	1.000201	0.000023	1.000000	1.000000	1.000000	1.000000	1.000445	0.000016	1.000389	0.002001	1.000000	1.000000	0.875867	0.000008	1.000000	1.000000	
1356621871.499767	1.000000	47.520203	34.119293	6.055115	1.000000	1.000000	1.000000	1.000000	1.000000	1.000000	0.999697	0.000152	1.000000	1.000000	0.999996	0.000178	0.999991	0.000044	0.999778	0.000155	1356621871.499924	0.999991	49.937678	36.137641	7.818064	1.000004	0.000093	1.000000	1.000000	1.000000	1.000000	1.000109	0.000050	0.999868	0.000362	1.000000	1.000000	1.020085	0.000051	1.000000	1.000000	
1356621872.499767	1.000000	47.645248	34.249054	6.050964	1.000000	1.000000	1.000000	1.000000	1.000000	1.000000	1.000118	0.000195	1.000000	1.000000	1.000085	0.005561	0.994925	0.000035	0.999913	0.000119	1356621872.499925	1.000001	49.938032	36.092846	7.928520	0.999712	0.000023	1.000000	1.000000	1.000000	1.000000	0.999110	0.000016	0.983596	0.000034	1.000000	1.000000	0.997169	0.000008	1.000000	1.000000	
1356621873.499767	1.000000	47.492096	34.082596	6.026611	1.000000	0.999999	1.000000	1.000000	1.000000	1.000000	0.999790	0.000256	1.000000	1.000000	1.001634	0.000065	1.003739	0.000043	0.999428	0.000147	1356621873.499932	1.000007	49.933218	36.092173	7.953543	0.997830	0.000057	1.000000	1.000000	1.000000	1.000000	1.000124	0.000050	1.006088	0.000093	1.000000	1.000000	1.000871	0.000050	1.000000	1.000000	
1356621874.499767	1.000000	47.716980	34.317871	6.066345	1.000000	1.000001	1.000000	1.000000	1.000000	1.000000	1.000218	0.000261	1.000000	1.000000	0.999992	0.005074	0.996134	0.000035	1.000801	0.000120	1356621874.499926	0.999994	49.940254	36.134050	7.912889	0.999172	0.000024	1.000000	1.000000	1.000000	1.000000	0.999461	0.000016	0.999096	0.000055	1.000000	1.000000	0.997263	0.000008	1.000000	1.000000	
1356621875.499767	1.000000	47.560974	34.151062	6.063141	1.000000	1.000000	1.000000	1.000000	1.000000	1.000000	1.000465	0.000363	1.000000	1.000000	1.000145	0.000211	1.001201	0.000124	0.999826	0.000420	1356621875.499929	1.000003	49.926542	36.093898	7.957754	1.000008	0.000671	1.000000	1.000000	1.000000	1.000000	1.000140	0.000049	1.000144	0.000270	1.000000	1.000000	0.978101	0.000054	1.000000	1.000000	
1356621876.499767	1.000000	47.748093	34.352295	6.067947	1.000000	1.000000	1.000000	1.000000	1.000000	0.999999	0.999347	0.000240	1.000000	1.000000	0.999851	0.005372	0.982748	0.000035	1.000760	0.000119	1356621876.499935	1.000006	49.927620	36.141417	7.944624	0.999950	0.000061	1.000000	1.000000	1.000000	1.000000	1.000024	0.000016	0.999987	0.000333	1.000000	1.000000	1.182838	0.000006	1.000000	1.000000	
1356621877.499768	1.000001	47.524506	34.123472	6.077875	1.000000	1.000001	1.000000	1.000000	1.000000	1.000001	0.999821	0.000281	1.000000	1.000000	1.008144	0.000080	1.008044	0.000058	0.999813	0.000167	1356621877.499941	1.000006	49.915382	36.110380	7.873656	1.001587	0.000078	1.000000	0.999481	1.000000	0.999479	1.000332	0.000064	0.991786	0.000067	1.000000	0.999478	0.985957	0.000052	0.999982	0.999525	
1356621878.499767	0.999999	47.700180	34.295489	6.052603	1.000000	1.000000	1.000000	1.000000	1.000000	1.000000	1.000171	0.000255	1.000000	1.000000	0.999999	0.005022	1.004571	0.000035	0.999958	0.000119	1356621878.499935	0.999994	49.907265	36.087572	7.911622	1.000285	0.000023	1.000000	1.000000	1.000000	1.000000	0.996547	0.000016	1.010780	0.000052	1.000000	1.000000	1.029996	0.000022	1.000000	1.000000	
1356621879.499767	1.000000	47.528137	34.124985	6.046234	1.000000	1.000000	1.000000	1.000000	1.000000	1.000001	0.999903	0.000275	1.000000	1.000000	0.999970	0.000064	0.998170	0.000043	0.999600	0.000151	1356621879.499929	0.999994	49.924080	36.103532	7.947771	1.000078	0.000084	1.000000	1.000000	1.000000	1.000000	1.001172	0.000049	0.993709	0.000097	1.000000	1.000000	1.001255	0.000050	1.000000	1.000000	
1356621880.499767	1.000000	47.688080	34.289932	6.074295	1.000000	1.000000	1.000000	1.000000	1.000000	1.000000	0.999706	0.000260	1.000000	1.000000	0.999983	0.005499	1.000244	0.000035	1.000088	0.000595	1356621880.499928	0.999999	49.925127	36.074375	7.965782	0.999483	0.000023	1.000000	1.000000	1.000000	1.000000	0.997395	0.000016	1.000305	0.002011	1.000000	1.000000	0.999017	0.000009	1.000000	1.000000	
1356621881.499767	1.000000	47.674973	34.262024	6.062180	1.000000	1.000000	1.000000	1.000000	1.000000	1.000000	1.000062	0.001436	1.000000	1.000000	1.001824	0.000036	1.001196	0.000042	0.999987	0.003189	1356621881.499932	1.000004	49.955272	36.087592	7.960310	0.999920	0.000091	1.000000	1.000000	1.000000	1.000000	1.000320	0.000049	1.000013	0.000365	1.000000	1.000000	0.994438	0.000050	1.000000	1.000000	
1356621882.499766	0.999999	47.554580	34.146792	6.057074	1.000000	1.000000	1.000000	1.000000	1.000000	1.000000	0.999959	0.001054	1.000000	1.000000	0.997782	0.000063	0.998940	0.000037	0.998922	0.000124	1356621882.499926	0.999994	49.914604	36.080614	7.828843	1.000070	0.000072	1.000000	1.000000	1.000000	1.000000	0.997423	0.000016	0.999587	0.000034	1.000000	1.000000	1.042943	0.000007	1.000000	1.000000	
1356621883.499767	1.000001	47.536362	34.138914	6.078897	1.000000	1.000000	1.000000	1.000000	1.000000	1.000000	0.999952	0.001125	1.000000	1.000000	1.001882	0.000036	1.000648	0.000043	1.000512	0.000145	1356621883.499934	1.000008	49.884178	36.100492	7.912457	1.000103	0.000049	1.000000	1.000000	1.000000	1.000000	1.001339	0.000049	1.000171	0.000070	1.000000	1.000000	0.997981	0.000052	1.000000	1.000000	
1356621884.499767	1.000000	47.673462	34.260803	6.074127	1.000000	0.999773	1.000000	1.000000	1.000000	1.000000	0.999997	0.004951	1.000000	1.000001	0.994592	0.000119	0.999326	0.000037	1.000525	0.000122	1356621884.499931	0.999997	49.852770	36.020940	7.963480	0.999830	0.000023	1.000000	0.999740	1.000000	0.999739	0.997021	0.000015	0.999900	0.000054	1.000000	1.000000	0.975772	0.000008	1.000000	1.000000	
1356621885.499767	1.000000	47.547333	34.145538	6.095993	1.000000	1.000000	1.000000	1.000000	1.000000	1.000000	0.999901	0.000988	1.000000	0.999999	1.000116	0.000167	1.000256	0.000042	1.000035	0.000164	1356621885.499929	0.999998	49.926853	36.127648	7.917267	0.999846	0.000058	1.000000	1.000000	1.000000	1.000000	1.000235	0.000049	0.999995	0.000074	1.000000	1.000000	1.003891	0.000049	1.000000	1.000000	
1356621886.499767	1.000000	47.896530	34.488785	6.063080	1.000000	1.000000	1.000000	1.000000	1.000000	1.000000	1.000010	0.008945	1.000000	1.000001	1.000012	0.002766	0.999885	0.002132	0.999892	0.002092	1356621886.499860	0.999931	49.951409	36.115175	7.901683	1.000003	0.000120	1.000000	1.000000	1.000000	1.000000	0.999561	0.000017	1.000000	0.000981	1.000000	1.000000	1.012857	0.000007	1.000000	1.000000	
1356621887.499767	1.000000	49.626495	36.213577	6.074356	1.000000	1.000000	1.000000	1.000000	1.000000	1.000000	0.999933	0.000998	1.000000	0.999999	1.000130	0.000160	1.005314	0.000054	1.000719	0.000141	1356621887.499932	1.000072	50.122047	36.268415	7.939782	0.999959	0.006026	1.000000	1.000000	1.000000	1.000000	0.999861	0.000047	1.000021	0.000093	1.000000	1.000000	1.000370	0.000048	1.000000	1.000000	
1356621888.499767	1.000000	47.798737	34.398422	6.059052	1.000000	1.000000	1.000000	1.000000	1.000000	1.000001	0.999999	0.006838	1.000000	1.000000	0.999587	0.000157	0.991388	0.000078	1.000780	0.000116	1356621888.499931	0.999999	49.881822	36.075230	7.927925	0.999919	0.000024	1.000000	1.000000	1.000000	1.000000	1.000219	0.000016	0.998969	0.000033	1.000000	1.000000	0.999655	0.000009	1.000000	1.000000	
1356621889.499767	1.000000	47.649948	34.245407	6.047897	1.000000	1.000000	1.000000	1.000000	1.000000	1.000000	0.999555	0.000178	1.000000	1.000000	0.999576	0.000172	1.000078	0.005918	0.999697	0.000163	1356621889.499929	0.999998	49.929340	36.060310	7.964905	1.001963	0.000074	1.000000	1.000000	1.000000	1.000000	1.000089	0.000065	0.994531	0.000096	1.000000	1.000000	0.986530	0.000049	1.000000	1.000000	
1356621890.499767	1.000000	47.595444	34.191742	6.057663	1.000000	1.000000	1.000000	1.000000	1.000000	1.000000	0.997521	0.000140	1.000000	1.000001	1.000577	0.000162	0.999988	0.001338	0.999913	0.000146	1356621890.499942	1.000013	49.935014	36.106308	7.841953	0.999868	0.000023	1.000000	1.000000	1.000000	1.000000	0.998897	0.000016	1.000274	0.002016	1.000000	1.000000	1.027151	0.000022	1.000000	1.000000	
1356621891.499767	1.000000	47.877625	34.476410	6.072418	1.000000	1.000000	1.000000	1.000000	1.000000	1.000000	1.001373	0.000140	1.000001	1.000000	1.000029	0.000144	0.999993	0.003397	1.000332	0.000155	1356621891.499927	0.999985	49.869920	36.070183	7.858776	0.999942	0.000093	1.000000	1.000000	1.000000	1.000000	1.000242	0.000049	1.000018	0.000368	1.000000	1.000000	1.001306	0.000051	1.000000	1.000000	
1356621892.499767	1.000000	47.842758	34.431381	6.086243	1.000000	0.999999	1.000000	1.000000	1.000000	1.000000	1.000150	0.000126	1.000000	1.000000	0.999524	0.000168	0.999981	0.007680	1.000045	0.000120	1356621892.499930	1.000003	49.924055	36.061152	7.927267	1.000253	0.000023	1.000000	1.000000	1.000000	1.000000	0.999482	0.000016	1.000252	0.000032	1.000000	1.000000	0.957878	0.000009	1.000000	1.000000	
1356621893.499767	1.000000	47.884766	34.467789	6.060455	1.000000	1.000000	1.000000	1.000000	1.000000	1.000000	0.998947	0.000167	1.000000	1.000000	1.000383	0.000139	0.999993	0.001842	0.999342	0.000148	1356621893.499933	1.000003	49.894361	36.032557	7.901999	0.999891	0.000057	1.000000	1.000000	1.000000	1.000000	1.000306	0.000050	0.999826	0.000071	1.000000	1.000000	1.002229	0.000050	1.000000	1.000000	
1356621894.499767	1.000000	47.816635	34.406555	6.063568	1.000000	1.000000	1.000000	1.000000	1.000000	1.000000	1.000118	0.006186	1.000000	1.000000	1.000101	0.000175	0.999988	0.001736	0.999292	0.000121	1356621894.499918	0.999985	49.930361	36.099953	7.993086	1.000104	0.000037	1.000000	1.000000	1.000000	1.000000	0.999927	0.000016	0.999897	0.000056	1.000000	1.000000	1.041833	0.000007	1.000000	1.000000	
1356621895.499766	0.999999	47.563598	34.157076	6.070623	1.000000	1.000000	1.000000	1.000000	1.000000	1.000000	0.999373	0.001036	1.000000	1.000000	1.000341	0.000146	0.999580	0.000064	1.000645	0.000171	1356621895.499935	1.000017	49.899851	36.084381	7.892383	0.999960	0.000087	1.000000	1.000000	1.000000	1.000000	0.999704	0.000050	0.999923	0.000075	1.000000	1.000000	0.998360	0.000050	1.000000	1.000000	
1356621896.499766	1.000000	47.725647	34.321060	6.060822	1.000000	1.000000	1.000000	1.000000	1.000000	1.000000	0.999974	0.006877	1.000000	1.000000	0.999360	0.000175	0.997903	0.000055	0.999754	0.000118	1356621896.499935	1.000000	49.897720	36.105881	7.946899	0.999900	0.000058	1.000000	1.000000	1.000000	1.000000	1.000448	0.000015	1.000023	0.000336	1.000000	1.000000	0.966503	0.000008	1.000000	1.000000	
1356621897.499766	1.000000	47.767075	34.374115	6.063141	1.000000	1.000000	1.000000	1.000000	1.000000	1.000000	0.999996	0.006788	1.000000	1.000000	1.001198	0.000138	1.002147	0.000062	1.000508	0.000139	1356621897.499929	0.999994	49.933479	36.100114	7.998369	1.000062	0.000056	1.000000	1.000000	1.000000	1.000000	0.999835	0.000049	0.999867	0.000064	1.000000	1.000000	1.000053	0.000051	1.000000	1.000000	
1356621898.499768	1.000002	47.777405	34.373348	6.065296	1.000000	0.999770	1.000000	1.000000	1.000000	0.999999	0.999993	0.006409	1.000000	1.000000	0.999365	0.000175	1.000367	0.000078	0.999149	0.000116	1356621898.499937	1.000008	49.946159	36.121564	7.938778	0.999833	0.000023	1.000000	1.000000	1.000000	1.000000	1.000631	0.000016	1.000313	0.000033	1.000000	1.000000	1.034168	0.000007	1.000000	0.999564	
1356621899.499767	0.999999	47.804260	34.411745	6.062429	1.000000	1.000000	1.000000	1.000000	1.000000	1.000000	0.999989	0.006455	1.000000	1.000000	0.999989	0.000139	0.999262	0.000062	1.000873	0.000146	1356621899.499935	0.999998	49.899799	36.131340	7.796920	0.997817	0.000055	1.000000	1.000000	1.000000	1.000000	0.999911	0.000048	0.993844	0.000095	1.000000	1.000000	0.982090	0.000050	1.000000	1.000000	
1356621900.499766	0.999999	47.653656	34.249773	6.059210	1.000000	1.000000	1.000000	1.000000	1.000000	1.000000	0.999992	0.002891	1.000000	1.000000	1.000805	0.000179	0.991908	0.000060	1.000001	0.000369	1356621900.499924	0.999989	49.927244	36.114501	7.878565	0.999627	0.000024	1.000000	1.000000	1.000000	1.000000	0.999755	0.000016	0.999944	0.002215	1.000000	1.000000	1.135121	0.000007	1.000000	1.000000	
1356621901.499767	1.000001	47.552918	34.145948	6.070032	1.000000	1.000000	1.000000	1.000000	1.000000	1.000000	0.999997	0.001007	1.000000	1.000000	0.998933	0.000153	1.006190	0.000078	1.000216	0.000159	1356621901.499930	1.000006	49.807320	36.036254	7.996504	1.001157	0.000108	1.000000	1.000000	1.000000	1.000000	0.999393	0.000066	1.000177	0.000795	1.000000	1.000000	0.988164	0.000050	1.000000	1.000000	
1356621902.499767	1.000000	47.542450	34.137878	6.059143	1.000000	1.000000	1.000000	1.000000	1.000000	1.000000	0.999735	0.000458	1.000000	1.000000	1.000394	0.000179	0.999790	0.000060	0.998962	0.000129	1356621902.499932	1.000002	50.304729	36.459235	7.979431	1.000000	0.070658	1.000000	1.000000	1.000000	1.000000	0.998115	0.000268	0.999089	0.000223	1.000000	1.000000	1.028562	0.000021	1.000000	1.000000	
1356621903.499767	1.000000	47.527115	34.121048	6.063934	1.000000	1.000000	1.000000	1.000000	1.000000	1.000000	1.001250	0.000138	1.000000	1.000000	0.998935	0.000122	1.000411	0.000067	1.000070	0.000159	1356621903.499933	1.000001	49.884733	36.061336	7.986916	0.998107	0.000062	1.000000	1.000000	1.000000	1.000000	0.999816	0.000069	1.005713	0.000135	1.000000	1.000000	0.999513	0.000054	1.000000	1.000000	
1356621904.499767	1.000000	47.526840	34.115784	6.038879	1.000000	1.000000	1.000000	1.000000	1.000000	1.000000	0.998718	0.000112	1.000000	1.000000	0.999953	0.000199	0.998990	0.000059	0.998939	0.000126	1356621904.499933	1.000000	49.927643	36.089981	7.963791	0.999341	0.000023	1.000000	1.000000	1.000000	1.000000	1.013869	0.000040	0.999939	0.000101	1.000000	1.000000	0.965551	0.000011	1.000000	1.000000	
1356621905.499767	1.000000	47.502502	34.113998	6.046967	1.000000	1.000000	1.000000	1.000000	1.000000	1.000000	1.000008	0.000144	1.000000	1.000000	1.000763	0.000122	1.000662	0.000065	1.000962	0.000170	1356621905.499927	0.999994	49.910896	36.106294	7.876344	1.000201	0.000667	1.000000	1.000000	1.000000	1.000000	1.000097	0.000048	0.999934	0.000153	1.000000	1.000000	1.005437	0.000050	1.000000	1.000000	
1356621906.499767	1.000000	47.528244	34.126022	6.058105	1.000000	1.000000	1.000000	1.000000	1.000000	1.000000	0.999968	0.000841	1.000000	1.000000	0.999772	0.000198	0.999732	0.000057	0.999336	0.000124	1356621906.499928	1.000001	49.878828	36.063122	7.977531	1.000073	0.000073	1.000000	1.000000	1.000000	1.000000	0.999229	0.000016	1.000003	0.000373	1.000000	1.000000	0.881638	0.000008	1.000000	1.000000	
1356621907.499767	1.000000	47.750656	34.360245	6.062485	1.000000	1.000000	1.000000	1.000000	1.000000	1.000000	1.000001	0.006367	1.000000	1.000000	0.999813	0.000120	1.000914	0.000061	1.001074	0.000144	1356621907.499936	1.000008	49.847328	36.079831	7.957775	0.999884	0.000090	1.000000	1.000000	1.000000	1.000000	1.000196	0.000049	1.000074	0.000063	1.000000	1.000000	1.016000	0.000049	1.000000	1.000000	
1356621908.499767	1.000000	47.693207	34.287140	6.052338	1.000000	1.000000	1.000000	1.000000	1.000000	1.000000	0.999981	0.005731	1.000000	1.000000	1.000238	0.000176	0.999179	0.000057	0.999691	0.000119	1356621908.499933	0.999997	49.900835	36.076116	7.976252	1.000252	0.000023	1.000000	1.000000	1.000000	1.000000	1.000074	0.000016	0.999650	0.000033	1.000000	1.000000	0.903615	0.000008	1.000000	1.000000	
1356621909.499767	1.000000	47.561996	34.167267	6.086502	1.000000	1.000000	1.000000	1.000000	1.000000	1.000000	0.999995	0.000988	1.000000	1.000000	0.999709	0.000139	0.999480	0.000064	0.999073	0.000144	1356621909.499932	0.999999	49.904177	36.132527	7.882133	0.999923	0.000060	1.000000	1.000000	1.000000	1.000000	1.000266	0.000051	0.994117	0.000098	1.000000	1.000000	1.021032	0.000049	1.000000	1.000000	
1356621910.499767	1.000000	47.800125	34.400299	6.053497	1.000000	1.000000	1.000000	1.000000	1.000000	1.000000	0.999957	0.006880	1.000000	1.000000	0.999509	0.000176	0.999411	0.000055	1.000738	0.000135	1356621910.499935	1.000003	49.909025	36.106791	7.920355	0.999430	0.000022	1.000000	1.000000	1.000000	1.000000	0.999500	0.000017	1.000291	0.002012	1.000000	1.000000	0.991373	0.000010	1.000000	1.000000	
1356621911.499766	0.999999	47.803238	34.394717	6.062719	1.000000	1.000000	1.000000	1.000000	1.000000	1.000000	1.000048	0.008866	1.000000	1.000000	1.000177	0.002160	0.999818	0.002524	0.999925	0.002077	1356621911.499837	0.999902	49.880117	36.066217	7.998525	0.998670	0.000097	1.000000	1.000000	1.000000	1.000000	0.999920	0.000048	0.999982	0.001000	1.000000	1.000000	1.001717	0.000048	1.000000	1.000000	
1356621912.499766	1.000000	48.261673	34.861893	6.071671	1.000000	1.000000	1.000000	1.000000	1.000000	1.000000	0.998195	0.000102	1.000000	1.000000	0.999166	0.000170	0.999263	0.000059	1.001148	0.000113	1356621912.499932	1.000095	49.876340	36.080454	7.852725	1.000243	0.000024	1.000000	1.000000	1.000000	1.000000	0.999458	0.000016	1.000166	0.000079	1.000000	1.000000	0.836037	0.000007	1.000000	1.000000	
1356621913.499767	1.000001	47.526535	34.124769	6.053461	1.000000	1.000000	1.000000	1.000000	1.000000	1.000000	0.999327	0.000202	1.000000	1.000000	0.999096	0.000162	1.006820	0.000081	1.000030	0.000164	1356621913.499928	0.999996	49.947071	36.132623	7.866136	1.001547	0.000076	1.000000	1.000000	1.000000	1.000000	0.999924	0.000066	0.995296	0.000114	1.000000	1.000000	0.990939	0.000051	1.000000	1.000000	
1356621914.499767	1.000000	47.458313	34.063919	6.056183	1.000000	1.000000	1.000000	1.000000	1.000000	1.000000	0.997977	0.000123	1.000000	1.000000	0.999204	0.000178	0.998884	0.000059	0.999853	0.000126	1356621914.499931	1.000003	49.932310	36.096675	7.874426	1.000318	0.000023	1.000000	1.000000	1.000000	1.000000	1.000827	0.000016	1.002712	0.000197	1.000000	1.000000	1.078571	0.000022	1.000000	1.000000	
1356621915.499767	1.000000	47.480743	34.080933	6.063736	1.000000	1.000000	1.000000	1.000000	1.000000	1.000000	1.001529	0.000146	1.000000	1.000000	0.999648	0.000139	1.001327	0.000067	0.999887	0.000178	1356621915.499930	0.999999	49.868425	36.061451	7.936180	0.999724	0.000059	1.000000	1.000000	1.000000	1.000000	0.999960	0.000048	1.000049	0.000118	1.000000	1.000000	0.999488	0.000050	1.000000	1.000000	
1356621916.499766	0.999999	47.539291	34.136385	6.076468	1.000000	1.000000	1.000000	1.000000	1.000000	1.000000	1.000009	0.000795	1.000000	1.000000	1.000651	0.000182	1.001974	0.000057	1.000573	0.000122	1356621916.499927	0.999997	49.865130	36.049810	7.822534	1.000265	0.000058	1.000000	1.000000	1.000000	1.000000	0.999587	0.000016	0.999963	0.000374	1.000000	1.000000	0.998933	0.000009	1.000000	1.000000	
1356621917.499767	1.000001	47.797379	34.396009	6.064783	1.000000	1.000000	1.000000	1.000000	1.000000	1.000000	1.000082	0.005892	1.000000	1.000000	1.000194	0.000211	0.998379	0.000063	0.999689	0.000144	1356621917.499931	1.000004	49.877773	36.068701	7.997923	1.000106	0.000055	1.000000	1.000000	1.000000	1.000000	1.000000	0.000048	0.999674	0.000064	1.000000	1.000000	0.989650	0.000051	1.000000	1.000000	
1356621918.499767	1.000000	47.780380	34.374710	6.063599	1.000000	1.000000	1.000000	1.000000	1.000000	1.000000	1.000007	0.005124	1.000000	1.000000	0.999985	0.001567	0.998962	0.000056	0.999695	0.000116	1356621918.499938	1.000007	49.895544	36.065272	7.926444	0.997975	0.000023	0.999999	1.000000	1.000000	1.000000	0.999750	0.000015	1.000937	0.000033	1.000000	1.000000	1.055643	0.000008	1.000000	1.000000	
1356621919.499767	1.000000	47.952286	34.542816	6.079498	1.000000	1.000000	1.000000	1.000000	1.000000	1.000000	0.998699	0.001029	1.000000	1.000000	0.999976	0.008540	1.001090	0.000065	1.000007	0.000319	1356621919.499922	0.999984	49.901768	36.051906	7.969991	1.000695	0.000055	1.000001	1.000000	1.000000	1.000000	0.999878	0.000048	0.993942	0.000094	1.000000	1.000000	1.001748	0.000048	1.000000	1.000000	
1356621920.499766	0.999999	47.540206	34.133257	6.057669	1.000000	1.000000	1.000000	1.000000	1.000000	1.000000	1.030618	0.000041	1.000000	1.000000	1.000156	0.000264	1.000079	0.000078	0.999859	0.000177	1356621920.499925	1.000003	49.865309	36.055278	7.901236	1.000024	0.000048	1.000000	1.000000	1.000000	1.000000	0.999577	0.000016	1.000278	0.002049	1.000000	1.000000	0.874114	0.000008	1.000000	1.000000	
1356621921.499766	1.000000	47.575409	34.175598	6.071747	1.000000	0.999999	1.000000	1.000000	1.000000	1.000000	1.000026	0.000904	1.000000	1.000000	1.000136	0.000250	0.999420	0.000064	1.000580	0.000144	1356621921.499927	1.000002	49.895855	36.092262	8.002243	0.999955	0.000094	1.000000	1.000000	1.000000	1.000000	1.000384	0.000051	1.000122	0.000367	1.000000	1.000000	1.021486	0.000049	1.000000	1.000000	
1356621922.499766	1.000000	47.807327	34.403931	6.082367	1.000000	1.000000	1.000000	1.000000	1.000000	1.000000	0.999982	0.005820	1.000000	1.000000	0.999897	0.000272	0.999762	0.000066	0.999447	0.000141	1356621922.499931	1.000004	49.886150	36.067877	7.984495	0.999948	0.000022	1.000000	1.000000	1.000000	1.000000	0.998533	0.000015	0.998581	0.000032	1.000000	1.000000	0.873779	0.000009	1.000000	1.000000	
1356621923.499767	1.000001	47.526169	34.118772	6.064478	1.000000	1.000000	1.000000	1.000000	1.000000	1.000000	0.998080	0.000327	1.000000	0.999999	1.000083	0.000246	1.000673	0.000066	1.000345	0.000154	1356621923.499934	1.000003	49.905714	36.085505	7.875494	0.997817	0.000058	1.000000	1.000000	1.000000	1.000000	1.000201	0.000050	0.999765	0.000072	1.000000	1.000000	1.020410	0.000052	1.000000	1.000000	
1356621924.499768	1.000001	47.646775	34.254774	6.057199	1.000000	1.000000	1.000000	1.000000	1.000000	1.000000	0.999990	0.004885	1.000000	1.000000	1.000036	0.001554	0.990677	0.000055	0.999798	0.000117	1356621924.499928	0.999994	49.873832	36.050615	7.923234	0.999656	0.000024	1.000000	1.000000	1.000000	1.000000	0.999205	0.000016	1.000387	0.000056	1.000000	1.000000	1.012831	0.000008	1.000000	0.999749	
1356621925.499767	0.999999	47.991577	34.586398	6.088949	1.000000	1.000000	1.000000	0.999999	1.000000	1.000000	1.007433	0.000081	1.000000	1.000000	0.999973	0.009574	1.004145	0.000132	1.000116	0.000173	1356621925.499931	1.000003	49.906431	36.075434	7.966650	1.001759	0.000072	1.000000	1.000000	1.000000	1.000000	0.999982	0.000064	0.992445	0.000073	1.000000	1.000000	0.966851	0.000051	1.000000	1.000000	
1356621926.499767	1.000000	47.872849	34.473068	6.040802	1.000000	1.000000	1.000000	1.000000	1.000000	1.000000	0.999471	0.001230	1.000000	1.000000	0.999817	0.000270	0.999912	0.001436	1.000150	0.000126	1356621926.499920	0.999989	49.909773	36.090514	7.938487	0.999570	0.000058	1.000000	1.000000	1.000000	1.000000	1.000221	0.000016	1.001557	0.000361	1.000000	1.000000	1.075453	0.000023	1.000000	1.000000	
1356621927.499767	1.000000	47.541534	34.135818	6.045273	1.000000	1.000000	1.000000	1.000000	1.000000	1.000000	1.000581	0.000933	1.000000	1.000000	0.999885	0.000232	1.000488	0.000064	1.000013	0.000152	1356621927.499928	1.000008	49.900749	36.079862	7.936429	1.000388	0.000058	1.000000	1.000000	1.000000	1.000000	1.000008	0.000049	0.999124	0.000065	1.000000	1.000000	1.000091	0.000051	1.000000	1.000000	
1356621928.499767	1.000000	47.777573	34.368668	6.074081	1.000000	1.000000	1.000000	1.000000	1.000000	1.000000	0.999979	0.005802	1.000000	1.000000	1.000269	0.000279	0.999926	0.000057	0.998590	0.000121	1356621928.499931	1.000003	49.886488	36.049510	7.983954	0.999441	0.000023	1.000000	1.000000	1.000000	1.000000	1.000396	0.000016	1.001187	0.000032	1.000000	1.000000	0.989525	0.000010	1.000000	1.000000	
1356621929.499766	0.999999	47.534744	34.142565	6.079352	1.000000	1.000000	1.000000	1.000000	1.000000	1.000000	1.000103	0.000897	1.000000	1.000000	0.999912	0.000232	1.000566	0.000063	1.001195	0.000144	1356621929.499930	0.999999	49.866121	36.087360	7.803596	1.000349	0.000056	1.000000	1.000000	1.000000	1.000000	0.999821	0.000050	0.992649	0.000099	1.000000	1.000000	1.001669	0.000049	1.000000	1.000000	
1356621930.499766	1.000000	47.753143	34.358994	6.059708	1.000000	1.000000	1.000000	1.000000	1.000000	1.000000	0.999990	0.005804	1.000000	1.000000	1.000027	0.000291	1.000228	0.000058	0.999923	0.000140	1356621930.499927	0.999997	49.902041	36.107992	7.991343	0.999832	0.000023	1.000000	1.000000	1.000000	1.000000	1.000565	0.000016	1.000364	0.002009	1.000000	1.000000	1.001284	0.000009	1.000000	1.000000	
1356621931.499766	1.000000	47.532257	34.132675	6.065216	1.000000	1.000000	1.000000	1.000000	1.000000	1.000000	0.999972	0.000897	1.000000	1.000000	0.999710	0.000231	0.998992	0.000064	0.999947	0.000146	1356621931.499930	1.000003	49.933119	36.121272	7.954611	0.999794	0.000094	1.000000	1.000000	1.000000	1.000000	1.000000	0.000050	0.999954	0.000370	1.000000	1.000000	0.997982	0.000053	1.000000	1.000000	
1356621932.499767	1.000001	47.781998	34.383131	6.059214	1.000000	1.000000	1.000000	1.000000	1.000000	1.000000	0.999983	0.005806	1.000000	1.000000	1.000169	0.000269	1.001048	0.000057	0.999074	0.000121	1356621932.499931	1.000001	49.860029	36.053310	7.909096	1.000748	0.000022	1.000000	1.000000	1.000000	1.000000	0.999561	0.000017	0.982954	0.000033	1.000000	1.000000	0.996269	0.000009	1.000000	1.000000	
1356621933.499766	0.999999	47.461791	34.067202	6.074011	1.000000	1.000000	1.000000	1.000000	1.000000	1.000000	0.999915	0.000898	1.000000	1.000000	1.000017	0.000231	0.999762	0.000063	1.000488	0.000143	1356621933.499927	0.999996	49.946980	36.102289	7.949159	0.997763	0.000057	1.000000	1.000000	1.000000	1.000000	0.999915	0.000050	1.006226	0.000092	1.000000	1.000000	1.003032	0.000050	1.000000	1.000000	
1356621934.499767	1.000001	47.699997	34.285536	6.055521	1.000000	1.000000	1.000000	1.000000	1.000000	1.000000	0.999999	0.005797	1.000000	1.000000	0.999787	0.000267	0.998845	0.000057	1.000249	0.000121	1356621934.499937	1.000010	49.915607	36.054952	7.919949	0.999645	0.000024	1.000000	1.000000	1.000000	1.000000	1.000805	0.000016	0.999416	0.000055	1.000000	1.000000	0.963515	0.000010	1.000000	1.000000	
1356621935.499767	1.000000	47.524033	34.116180	6.063705	1.000000	1.000000	1.000000	1.000000	1.000000	1.000000	0.999225	0.000842	1.000000	1.000000	1.000177	0.000233	1.001020	0.000063	0.999903	0.000166	1356621935.499930	0.999993	49.906153	36.076986	7.971140	0.999984	0.000599	1.000000	1.000000	1.000000	1.000000	0.999722	0.000050	1.000208	0.000074	1.000000	1.000000	1.006436	0.000051	1.000000	1.000000	
1356621936.499766	0.999999	47.644272	34.242998	6.070852	1.000000	1.000000	1.000000	1.000000	1.000000	1.000000	1.000038	0.003417	0.999999	1.000000	1.000087	0.003507	0.999658	0.002560	0.999792	0.002136	1356621936.499839	0.999909	49.818029	36.025666	7.928395	1.000293	0.000128	1.000000	1.000000	1.000000	1.000000	1.000536	0.000016	1.000018	0.000955	1.000000	1.000000	0.996980	0.000008	1.000000	1.000000	
1356621937.499767	1.000001	48.965529	35.555508	6.076456	1.000000	1.000000	1.000000	1.000000	1.000000	1.000000	1.009215	0.000052	1.000000	1.000000	0.999346	0.000670	1.014314	0.000055	1.003011	0.000150	1356621937.499927	1.000088	50.047141	36.212039	7.931218	1.000001	0.005550	1.000000	1.000000	1.000000	1.000000	0.999988	0.000064	0.990981	0.000062	1.000000	1.000000	0.989685	0.000048	1.000000	1.000000	
1356621938.499767	1.000000	48.846924	35.445526	6.052414	0.999960	0.999890	0.999991	0.999833	0.999968	0.999872	0.999956	0.004707	0.999969	0.999874	0.999916	0.000290	1.002529	0.000034	0.999527	0.000116	1356621938.499929	1.000002	49.822155	36.006035	7.969330	1.000186	0.000023	1.000000	1.000000	1.000000	0.999851	0.999405	0.000016	1.010423	0.000053	1.000000	0.999850	1.017049	0.000023	1.000000	1.000000	
1356621939.499767	1.000000	36.415085	23.064117	5.128693	0.999956	0.647453	1.000000	0.647360	0.999994	0.647325	0.991649	0.003987	0.999976	0.647292	0.807754	0.000363	0.741488	0.000058	0.681048	0.000229	1356621939.500203	1.000274	42.037678	28.473233	5.448794	1.000039	0.000079	0.999999	0.647037	0.999999	0.647016	1.000118	0.000055	0.995632	0.000129	0.999999	0.646936	1.002053	0.000069	1.000000	1.000000	
1356621940.499772	1.000005	17.095312	3.810024	3.187331	0.863712	0.000327	0.774250	0.000071	0.700170	0.000073	0.777214	0.000056	0.885452	0.000019	0.551790	0.000463	0.664907	0.000057	0.598355	0.000259	1356621940.500169	0.999966	29.026487	15.821462	1.626764	0.999794	0.000047	0.999995	0.000074	0.999963	0.000073	0.999759	0.000021	1.000277	0.002028	1.000335	0.000062	0.998161	0.000007	1.000000	1.000000	
1356621941.499766	0.999994	17.055079	3.792305	3.255650	0.718055	0.000166	0.998388	0.000008	0.618456	0.000011	0.660627	0.000103	0.685171	0.000073	0.563974	0.000442	0.670508	0.000063	0.621681	0.000265	1356621941.500133	0.999964	28.996909	15.794895	1.648100	0.999980	0.000113	0.999674	0.000007	0.997720	0.000007	0.999889	0.000059	0.999974	0.000414	0.996425	0.000007	0.999910	0.000077	1.000000	1.000000	
1356621942.499766	1.000000	17.048401	3.778305	3.170837	0.857162	0.000330	0.720146	0.000084	0.695300	0.000083	0.995127	0.000017	1.005501	0.000017	0.563850	0.000459	0.679804	0.000056	0.588779	0.000216	1356621942.500120	0.999987	28.979979	15.787179	1.629843	0.999964	0.000032	1.000069	0.000073	0.999737	0.000081	1.000558	0.000016	1.000230	0.000092	0.999752	0.000072	1.001783	0.000007	1.000000	1.000000	
1356621943.499767	1.000001	715779876.072109	715803130.416677	715825709.679491	0.999952	1.000895	0.999950	1.000900	0.999961	1.000900	0.999952	1.000893	0.999953	1.000901	0.999955	1.000893	0.999952	1.000897	0.999953	1.000900	1356621943.499870	0.999750	715949111.331832	715957705.308358	715990850.526694	0.999952	1.000894	0.999950	1.000901	3.895617	0.256918	0.999953	1.000897	0.999953	1.000901	0.999955	1.000893	0.999952	1.000898	0.999953	1.000898	
1356621944.499766	0.999999	0.000000	0.000000	0.000000	-nan	-nan	-nan	-nan	0.000000	inf	-nan	-nan	-nan	0.000000	0.000000	inf	-nan	-nan	-nan	-nan	1356621944.499839	0.999969	0.000000	0.000000	0.000000	-nan	-nan	-nan	-nan	0.000000	inf	-nan	-nan	-nan	-nan	-nan	-nan	-nan	-nan	-nan	-nan	
1356621945.499773	1.000007	0.000000	0.000000	0.000000	-nan	-nan	-nan	-nan	0.000000	inf	-nan	-nan	-nan	0.000000	-nan	-nan	-nan	-nan	-nan	-nan	1356621945.499849	1.000010	0.000000	0.000000	0.000000	-nan	-nan	-nan	-nan	inf	-nan	-nan	-nan	-nan	-nan	-nan	-nan	-nan	-nan	-nan	-nan	
