ts_0	elapsed_0	pkg_0	pp0_0	dram_0	freq_ratio_0_0	c0_ratio_0_0	freq_ratio_0_1	c0_ratio_0_1	freq_ratio_0_2	c0_ratio_0_2	freq_ratio_0_3	c0_ratio_0_3	freq_ratio_0_4	c0_ratio_0_4	freq_ratio_0_5	c0_ratio_0_5	freq_ratio_0_6	c0_ratio_0_6	freq_ratio_0_7	c0_ratio_0_7	ts_1	elapsed_1	pkg_1	pp0_1	dram_1	freq_ratio_1_0	c0_ratio_1_0	freq_ratio_1_1	c0_ratio_1_1	freq_ratio_1_2	c0_ratio_1_2	freq_ratio_1_3	c0_ratio_1_3	freq_ratio_1_4	c0_ratio_1_4	freq_ratio_1_5	c0_ratio_1_5	freq_ratio_1_6	c0_ratio_1_6	freq_ratio_1_7	c0_ratio_1_7	
1356712566.769767	1.001637	68.573065	54.639255	5.374381	1.154305	0.318107	1.154950	0.318326	1.154360	0.316465	1.154640	0.317924	1.154109	0.315686	1.154542	0.317185	1.154591	0.316899	1.154292	0.315697	1356712566.769850	1.000339	53.464418	40.004473	3.221137	1.000001	0.879961	1.000001	0.895775	1.000001	0.895244	1.000001	0.739355	1.002495	0.000107	1.002586	0.000092	1.000001	0.762472	0.999983	0.896499	
1356712567.769761	0.999994	75.163488	61.001310	6.259940	1.000000	1.000000	1.000001	1.000000	1.000000	0.999802	1.000001	1.000001	1.000001	0.999837	1.000000	1.000000	1.000001	1.000000	1.000001	0.999801	1356712567.769827	0.999977	59.894941	46.338890	3.669426	1.000000	0.999801	1.000000	0.999795	1.000000	0.999799	1.000000	1.000000	1.001094	0.000109	1.000155	0.000060	1.000000	0.999797	1.000000	1.000000	
1356712568.769761	1.000000	75.190674	60.944580	6.865997	1.000000	1.000000	0.999999	1.000000	1.000000	1.000000	0.999999	1.000000	1.000000	1.000000	1.000000	1.000000	0.999999	1.000000	1.000000	1.000000	1356712568.769831	1.000004	59.991593	46.398341	3.658860	1.000000	1.000000	1.000000	1.000000	1.000000	1.000000	1.000000	1.000000	0.999849	0.000163	1.000336	0.000069	1.000000	1.000000	1.000000	1.000000	
1356712569.769761	1.000000	75.184204	60.923203	6.795044	1.000000	1.000000	1.000000	1.000000	1.000000	1.000000	1.000000	1.000000	0.999999	1.000000	1.000000	1.000000	1.000000	1.000000	1.000000	1.000000	1356712569.769831	1.000000	60.087494	46.471176	3.677246	1.000000	1.000000	1.000000	1.000000	1.000000	1.000000	1.000000	1.000000	1.000074	0.000450	0.999436	0.000061	1.000000	1.000000	1.000000	1.000000	
1356712570.769761	1.000000	75.280441	61.061600	6.572678	1.000000	0.999992	1.000000	0.999942	1.000000	0.999948	1.000001	0.999963	1.000000	0.999962	1.000000	0.999932	1.000001	0.999946	1.000000	0.999914	1356712570.769832	1.000001	60.049641	46.478059	3.642468	1.000000	0.999928	1.000000	1.000000	1.000000	0.999959	1.000000	0.999958	0.999949	0.000166	1.000058	0.000066	1.000000	1.000000	1.000000	1.000000	
1356712571.769761	1.000000	75.345322	61.159805	6.535690	1.000000	1.000000	1.000001	1.000001	1.000000	1.000000	0.999999	1.000000	1.000000	0.999926	1.000000	1.000000	0.999999	0.999847	1.000000	0.999815	1356712571.769832	1.000000	60.033707	46.456924	3.657089	1.000000	1.000000	1.000000	0.999836	1.000000	1.000000	1.000000	0.999839	0.999952	0.000185	1.000068	0.000079	1.000000	1.000000	1.000000	1.000000	
1356712572.769761	1.000000	75.330170	61.167572	6.525970	1.000000	1.000000	0.999999	0.999999	1.000000	1.000000	1.000000	1.000000	0.999999	1.000000	1.000000	1.000000	1.000000	1.000000	1.000000	1.000000	1356712572.769834	1.000002	59.829949	46.283283	3.641457	1.000000	1.000000	1.000000	1.000000	1.000000	1.000000	1.000000	1.000000	1.000051	0.000167	0.999186	0.000069	1.000000	1.000000	1.000000	1.000000	
1356712573.769761	1.000000	75.439590	61.266769	6.514633	1.000000	1.000000	1.000000	1.000000	1.000000	1.000000	1.000001	1.000000	1.000001	1.000000	1.000000	1.000000	1.000001	1.000000	1.000000	1.000000	1356712573.769827	0.999993	59.720017	46.177092	3.655634	1.000000	1.000000	1.000000	1.000000	1.000000	1.000000	1.000000	1.000000	0.999963	0.000135	1.000851	0.000061	1.000000	1.000000	1.000000	1.000000	
1356712574.769761	1.000000	75.507751	61.294220	6.774994	1.000000	0.999741	1.000000	1.000000	1.000000	0.999999	0.999999	1.000000	1.000000	1.000000	1.000000	1.000000	1.000000	1.000000	0.999999	1.000000	1356712574.769832	1.000005	59.732886	46.170179	3.662198	1.000000	0.999712	1.000000	0.999707	1.000000	0.999710	1.000000	0.999709	0.999997	0.002663	1.000172	0.000067	1.000000	1.000000	1.000000	1.000000	
1356712575.769761	1.000000	75.552856	61.365875	6.559525	1.000000	0.999999	0.999999	1.000000	0.999999	1.000000	1.000000	1.000000	1.000000	1.000000	1.000000	1.000000	1.000000	0.999999	1.000000	1.000000	1356712575.769840	1.000008	59.705662	46.159752	3.654099	1.000000	1.000000	1.000000	1.000000	1.000000	1.000000	1.000000	1.000000	1.000074	0.000135	0.999552	0.000060	1.000000	1.000000	1.000000	1.000000	
1356712576.769761	1.000000	75.545929	61.419891	6.182953	1.000000	1.000000	1.000000	1.000000	1.000000	1.000000	1.000000	1.000000	0.999999	0.999999	1.000000	1.000000	0.999999	1.000000	0.999999	1.000000	1356712576.769847	1.000007	59.659072	46.151231	3.657873	1.000000	1.000000	1.000000	1.000000	1.000000	1.000000	1.000000	1.000000	1.000025	0.000217	1.000274	0.000068	1.000000	1.000000	1.000000	1.000000	
1356712577.769761	1.000000	75.505798	61.316299	6.722702	1.000001	1.000001	1.000001	1.000000	1.000001	1.000000	1.000000	1.000001	1.000001	1.000001	1.000001	1.000000	1.000000	1.000000	1.000000	1.000000	1356712577.769835	0.999988	59.686731	46.138352	3.648115	1.000000	1.000000	1.000000	1.000000	1.000000	1.000000	1.000000	1.000000	0.999954	0.000133	1.000045	0.000060	1.000000	1.000000	1.000000	1.000000	
1356712578.769761	1.000000	75.626129	61.425171	6.616211	1.000000	1.000000	1.000000	1.000000	1.000000	1.000000	1.000001	0.999903	1.000000	1.000000	0.999999	1.000000	1.000000	0.999903	1.000000	0.999870	1356712578.769834	0.999999	59.643489	46.104078	3.657550	1.000000	0.999899	1.000000	0.999894	1.000000	0.999897	1.000000	0.999896	1.000128	0.000195	0.999646	0.000065	1.000000	0.999895	1.000000	0.999935	
1356712579.769761	1.000000	715805950.591873	715782111.004623	715767445.679779	0.999940	1.000830	0.999937	1.000832	0.999948	1.000832	0.999940	1.000830	0.999941	1.000835	0.999943	1.000828	0.999940	1.000834	0.999941	1.000833	1356712579.769851	1.000017	715767564.876979	715755690.163120	715751843.315137	0.999941	1.000832	0.999937	1.000829	3.896427	0.256846	0.999940	1.000830	0.999941	1.000835	0.999943	1.000828	0.999940	1.000832	0.999941	1.000835	
1356712580.769872	1.000111	0.000000	0.000000	0.000000	-nan	-nan	-nan	-nan	1514586612674.060547	inf	-nan	-nan	-nan	0.000000	0.000000	inf	-nan	-nan	-nan	-nan	1356712580.769955	1.000104	0.000000	0.000000	0.000000	-nan	-nan	-nan	-nan	1.345745	inf	-nan	-nan	-nan	-nan	-nan	-nan	-nan	-nan	-nan	-nan	
