ts_0	elapsed_0	pkg_0	pp0_0	dram_0	freq_ratio_0_0	c0_ratio_0_0	freq_ratio_0_1	c0_ratio_0_1	freq_ratio_0_2	c0_ratio_0_2	freq_ratio_0_3	c0_ratio_0_3	freq_ratio_0_4	c0_ratio_0_4	freq_ratio_0_5	c0_ratio_0_5	freq_ratio_0_6	c0_ratio_0_6	freq_ratio_0_7	c0_ratio_0_7	ts_1	elapsed_1	pkg_1	pp0_1	dram_1	freq_ratio_1_0	c0_ratio_1_0	freq_ratio_1_1	c0_ratio_1_1	freq_ratio_1_2	c0_ratio_1_2	freq_ratio_1_3	c0_ratio_1_3	freq_ratio_1_4	c0_ratio_1_4	freq_ratio_1_5	c0_ratio_1_5	freq_ratio_1_6	c0_ratio_1_6	freq_ratio_1_7	c0_ratio_1_7	
1356715246.402029	1.001626	40.140892	26.812878	6.002843	1.153923	0.315892	1.153689	0.313645	1.153762	0.313897	1.154246	0.314475	1.153833	0.312792	1.154566	0.315347	1.154198	0.313198	1.154215	0.312883	1356715246.402226	1.000455	39.441332	26.079552	3.736124	0.999981	0.954190	0.999979	0.953933	1.002476	0.000112	1.008697	0.000031	1.000307	0.002070	0.860564	0.000136	1.001445	0.000219	0.999921	0.954737	
1356715247.402025	0.999996	42.357716	29.042064	6.096476	1.000000	1.000000	1.000000	1.000001	1.000000	1.000001	1.000047	0.003629	0.999856	0.003357	0.999958	0.004845	0.999767	0.002387	0.999832	0.002496	1356715247.402160	0.999934	41.634784	28.252598	3.380335	1.000000	1.000000	1.000000	1.000000	1.000013	0.002567	0.999772	0.002521	0.999891	0.002522	0.999849	0.002462	0.999994	0.002443	1.000000	1.000000	
1356715248.402025	1.000000	39.895081	26.598480	6.114929	0.999878	0.993960	0.999983	0.993747	0.999970	0.993773	0.953578	0.000457	1.005008	0.000046	1.000877	0.000221	0.998404	0.000088	0.996729	0.000021	1356715248.402212	1.000052	40.108709	26.729339	2.883532	1.000000	0.993783	1.000000	0.993799	0.999645	0.000164	1.017148	0.000034	1.001157	0.000344	1.019845	0.000027	1.001587	0.000019	1.000000	1.000000	
1356715249.402025	1.000000	40.068527	26.775146	6.120712	1.000000	1.000000	1.000000	1.000000	1.000000	1.000000	0.999695	0.000413	1.006365	0.000081	0.998909	0.000205	1.017216	0.000031	1.007332	0.000075	1356715249.402212	1.000000	40.313889	26.945801	2.894745	1.000000	1.000000	1.000000	1.000000	1.000335	0.000094	0.999997	0.004060	0.997492	0.000093	0.998928	0.000094	1.000040	0.000097	1.000000	1.000000	
1356715250.402024	0.999999	40.595009	27.306163	6.133734	1.000000	1.000000	1.000000	1.000000	1.000000	1.000000	1.000017	0.003846	0.984851	0.000013	0.999976	0.002800	1.000016	0.000047	0.999390	0.000013	1356715250.402210	0.999998	40.405747	27.031622	4.381371	1.000000	1.000000	1.000000	1.000000	1.000021	0.000055	0.999989	0.000537	1.003653	0.000013	1.017060	0.000007	1.001444	0.000007	1.000000	1.000000	
1356715251.402025	1.000001	40.359810	27.061818	6.109247	1.000000	1.000000	1.000000	1.000000	1.000000	1.000000	1.000173	0.001130	0.999926	0.000062	0.999978	0.001342	1.000734	0.000014	0.999507	0.000048	1356715251.402214	1.000004	40.488712	27.105695	3.348009	1.000000	1.000000	1.000000	1.000000	1.000019	0.000062	1.000036	0.000075	0.999006	0.000071	0.999632	0.000068	0.999962	0.004934	1.000000	1.000000	
1356715252.402025	1.000000	40.324524	27.028763	6.121475	1.000000	1.000000	1.000000	1.000000	1.000000	1.000000	0.999932	0.000363	1.001771	0.000013	0.999968	0.002683	1.000008	0.000047	1.003195	0.000013	1356715252.402215	1.000001	40.289253	26.905507	3.455319	1.000000	1.000000	1.000000	1.000000	0.999597	0.000044	0.999967	0.000012	1.017622	0.000012	1.000000	0.000011	1.000040	0.000547	1.000000	1.000000	
1356715253.402025	1.000000	38.589874	25.306122	6.102188	0.999612	0.905039	1.000000	0.903826	1.000000	0.903855	0.983410	0.000388	1.002939	0.000064	1.000072	0.002084	1.000114	0.000014	0.988379	0.000060	1356715253.402213	0.999998	39.201186	25.817737	3.387931	1.000000	0.903846	1.000000	0.903859	1.000162	0.000045	0.999993	0.000288	0.999937	0.000365	0.999694	0.000055	0.999468	0.000053	1.000000	1.000000	
1356715254.402029	1.000004	40.206975	26.917951	6.090109	1.000000	1.000000	1.000000	1.000000	1.000000	1.000000	0.999961	0.000350	0.985955	0.000013	0.999972	0.002413	0.999700	0.000045	1.002998	0.000239	1356715254.402215	1.000002	40.128967	26.747965	3.222070	1.000000	1.000000	1.000000	1.000000	1.000094	0.000049	0.999129	0.000007	1.004944	0.000013	1.003169	0.000012	1.000540	0.000012	1.000000	1.000000	
1356715255.402024	0.999995	40.384251	27.093428	6.096634	1.000000	1.000000	1.000000	1.000000	1.000000	1.000000	1.000103	0.001741	0.999838	0.000060	0.999837	0.002163	1.000145	0.000064	0.999085	0.000054	1356715255.402220	1.000005	40.225522	26.848804	3.474745	1.000000	1.000000	1.000000	1.000000	0.999991	0.000045	1.000013	0.000058	0.990168	0.000052	0.987624	0.000057	0.999810	0.000051	1.000000	1.000000	
1356715256.402024	1.000000	39.566650	26.275436	6.108521	0.999993	0.940120	1.000000	0.939498	0.999999	0.939523	0.999953	0.006565	1.014525	0.000013	1.000452	0.000143	0.999457	0.000083	1.000772	0.000013	1356715256.402214	0.999994	39.507422	26.122928	4.045282	1.000000	0.939518	1.000000	0.939531	0.999704	0.000049	1.000169	0.000050	1.000190	0.001992	1.002444	0.000283	0.950747	0.000035	1.000000	1.000000	
1356715257.402025	1.000001	38.446451	25.157340	6.120829	0.999999	0.496316	1.000000	1.000000	1.000000	1.000000	0.999991	0.008812	1.000350	0.000058	1.000093	0.000202	1.001708	0.000014	0.999978	0.000053	1356715257.402252	1.000038	43.108107	29.723147	5.131428	1.000000	1.000000	1.000000	1.000000	1.000001	0.504875	0.999886	0.000058	0.991995	0.000055	0.999630	0.000039	1.036747	0.000047	1.000000	1.000000	
1356715258.402025	1.000000	40.434540	27.144821	6.102066	1.000000	0.959673	1.000000	1.000000	1.000000	1.000000	0.999979	0.010170	0.991238	0.000027	1.001365	0.000141	0.987982	0.000047	0.999116	0.000014	1356715258.402215	0.999963	40.513246	27.129451	5.119620	0.999981	0.040221	1.000000	1.000000	1.000000	1.000000	0.999581	0.000012	1.001762	0.000328	1.002819	0.000011	0.995921	0.000012	1.000000	1.000000	
1356715259.402024	0.999999	40.432076	27.143474	6.127569	1.000000	1.000001	1.000000	1.000000	1.000000	1.000000	0.999976	0.004559	0.995848	0.000070	0.998704	0.000168	1.013470	0.000043	0.988293	0.000045	1356715259.402212	0.999997	40.449558	27.090508	3.710384	1.000081	0.000057	1.000000	1.000000	1.000000	1.000000	0.999974	0.000059	0.999584	0.000042	0.999929	0.000049	1.001373	0.000050	1.000000	1.000000	
1356715260.402025	1.000001	39.476082	26.182409	6.114267	0.999952	0.945094	0.999983	0.944098	1.000000	0.944102	1.000078	0.002743	1.000913	0.000009	1.001479	0.000150	0.989882	0.000053	0.999840	0.000014	1356715260.402217	1.000005	39.663849	26.281134	3.342543	0.998372	0.000070	1.000000	0.944103	1.000000	0.944103	1.000362	0.000012	1.000910	0.000013	0.998595	0.000012	0.999745	0.000012	1.000000	1.000000	
1356715261.402024	0.999999	40.391365	27.096812	6.107901	1.000000	1.000000	1.000000	1.000000	1.000000	1.000000	1.000022	0.006107	1.003902	0.000082	0.998878	0.000186	1.023713	0.000022	1.008105	0.000067	1356715261.402211	0.999994	40.432141	27.052499	4.042032	1.001493	0.000072	1.000000	1.000000	1.000000	1.000000	1.000014	0.000081	0.993255	0.000082	0.999938	0.000307	0.999988	0.000126	1.000000	1.000000	
1356715262.402025	1.000001	40.434837	27.140141	6.114191	1.000000	1.000000	1.000000	1.000000	1.000000	1.000000	0.999975	0.005979	1.014583	0.000013	0.999968	0.000168	0.999991	0.000044	0.999373	0.000020	1356715262.402211	1.000000	40.474167	27.093552	3.979172	0.999821	0.000058	1.000000	1.000000	1.000000	1.000000	0.999676	0.000012	1.008034	0.000048	1.003067	0.000007	0.999840	0.000007	1.000000	1.000000	
1356715263.402025	1.000000	39.006317	25.710922	6.102158	0.999510	0.923085	0.999999	0.921618	1.000000	0.921651	0.966239	0.006300	0.995599	0.000053	1.001189	0.000166	1.015882	0.000013	1.000035	0.000044	1356715263.402213	1.000002	39.690323	26.310710	4.122261	1.000013	0.000087	1.000000	0.921653	1.000000	0.921652	1.000000	0.000064	1.000430	0.000350	1.000461	0.000053	0.999844	0.000069	1.000000	1.000000	
1356715264.402023	0.999998	40.574617	27.297034	6.121380	1.000000	1.000001	1.000000	1.000000	1.000000	1.000000	1.000015	0.005942	1.002207	0.000013	0.998467	0.000140	0.995590	0.000045	0.999308	0.000013	1356715264.402204	0.999991	40.533204	27.164629	3.850606	1.000014	0.000055	1.000000	1.000000	1.000000	1.000000	0.999573	0.000012	0.985287	0.000012	0.991498	0.000011	0.997649	0.000012	1.000000	1.000000	
1356715265.402025	1.000002	40.464156	27.169611	6.089756	1.000000	1.000000	1.000000	1.000000	1.000000	1.000000	1.000063	0.005982	0.999785	0.000079	1.000088	0.000175	0.998667	0.000013	0.999984	0.000049	1356715265.402211	1.000007	40.414851	27.036388	4.050753	0.999702	0.000057	1.000000	1.000000	1.000000	1.000000	0.999971	0.000054	0.988644	0.000044	1.001363	0.000051	1.000474	0.000065	1.000000	1.000000	
1356715266.402025	1.000000	40.520905	27.225662	6.120468	1.000000	1.000000	1.000000	1.000000	1.000000	1.000000	0.999982	0.007543	1.015857	0.000013	1.000005	0.000162	0.998030	0.000044	0.999943	0.000014	1356715266.402211	1.000000	40.452576	27.071960	4.443604	1.000128	0.000048	1.000000	1.000000	1.000000	1.000000	0.999902	0.000012	1.000345	0.001986	1.001408	0.000012	0.999693	0.000052	1.000000	1.000000	
1356715267.402025	1.000000	40.604507	27.310852	6.108322	1.000000	0.999999	1.000000	1.000000	1.000000	1.000000	1.000012	0.009851	0.999971	0.000054	0.999980	0.000188	1.006468	0.000013	0.999991	0.000043	1356715267.402215	1.000004	40.450947	27.068555	5.042307	1.000174	0.000058	1.000000	1.000000	1.000000	1.000000	1.000075	0.000051	0.986576	0.000041	0.999294	0.000045	1.000253	0.000046	1.000000	1.000000	
1356715268.402025	1.000000	40.358353	27.064438	6.126556	1.000000	1.000000	1.000000	1.000000	1.000000	1.000000	0.999992	0.005059	0.993783	0.000102	0.999976	0.000147	1.000032	0.000048	0.999886	0.000014	1356715268.402218	1.000003	40.345395	26.965264	3.866458	0.999967	0.000106	1.000000	1.000000	1.000000	1.000000	0.999967	0.000012	1.001690	0.000331	0.999968	0.000012	0.999841	0.000012	1.000000	1.000000	
1356715269.402024	0.999999	40.576699	27.286800	6.115240	1.000000	1.000000	1.000000	1.000000	1.000000	1.000000	1.000012	0.005884	1.000085	0.000263	0.999966	0.000169	1.000829	0.000013	0.999992	0.000046	1356715269.402212	0.999994	40.558790	27.186380	3.919671	0.999812	0.000055	1.000000	1.000000	1.000000	1.000000	0.999853	0.000055	0.999711	0.000041	0.999791	0.000050	1.000012	0.000065	1.000000	1.000000	
1356715270.402024	1.000000	40.455704	27.162750	6.101959	1.000000	1.000000	1.000000	1.000000	1.000000	1.000000	1.000012	0.005865	0.999982	0.000214	1.000021	0.000146	0.999723	0.000045	0.999856	0.000013	1356715270.402214	1.000002	40.331497	26.947870	3.972542	0.999920	0.000048	1.000000	1.000000	1.000000	1.000000	0.999737	0.000012	1.000869	0.000012	1.000000	0.000012	1.000287	0.000012	1.000000	1.000000	
1356715271.402025	1.000001	715796303.699478	715800391.070107	715803807.434937	0.999941	1.000833	0.999939	1.000838	0.999949	1.000835	0.999941	1.000834	0.999941	1.000839	0.999943	1.000831	0.999941	1.000838	0.999941	1.000836	1356715271.402115	0.999901	715833344.671026	715887677.125967	715857113.402645	0.999941	1.000833	0.999938	1.000836	3.896384	0.256850	0.999941	1.000833	0.999941	1.000837	0.999944	1.000833	0.999941	1.000838	0.999941	1.000836	
1356715272.402145	1.000120	0.000000	0.000000	0.000000	-nan	-nan	-nan	-nan	0.000000	inf	-nan	-nan	-nan	0.000000	-nan	-nan	-nan	-nan	-nan	-nan	1356715272.402222	1.000107	0.000000	0.000000	0.000000	-nan	-nan	-nan	-nan	0.000000	inf	-nan	-nan	-nan	-nan	-nan	-nan	-nan	-nan	-nan	-nan	
