ts_0	elapsed_0	pkg_0	pp0_0	dram_0	freq_ratio_0_0	c0_ratio_0_0	freq_ratio_0_1	c0_ratio_0_1	freq_ratio_0_2	c0_ratio_0_2	freq_ratio_0_3	c0_ratio_0_3	freq_ratio_0_4	c0_ratio_0_4	freq_ratio_0_5	c0_ratio_0_5	freq_ratio_0_6	c0_ratio_0_6	freq_ratio_0_7	c0_ratio_0_7	ts_1	elapsed_1	pkg_1	pp0_1	dram_1	freq_ratio_1_0	c0_ratio_1_0	freq_ratio_1_1	c0_ratio_1_1	freq_ratio_1_2	c0_ratio_1_2	freq_ratio_1_3	c0_ratio_1_3	freq_ratio_1_4	c0_ratio_1_4	freq_ratio_1_5	c0_ratio_1_5	freq_ratio_1_6	c0_ratio_1_6	freq_ratio_1_7	c0_ratio_1_7	
1354695898.543128	1.001941	48.929672	35.722762	3.080614	1.156996	0.633653	1.154905	0.631686	1.153930	0.632567	1.154318	0.634509	1.153995	0.630196	1.154421	0.634505	1.154118	0.631219	1.154414	0.633621	1354695898.543585	1.000708	52.729477	39.536686	1.888936	0.999865	0.597873	0.999931	0.597574	0.999970	0.597396	1.000000	0.586312	0.999969	0.589391	1.000001	0.586202	0.999963	0.462461	0.999838	0.960239	
1354695899.543128	1.000000	57.452164	44.242279	3.462479	0.998997	0.765103	0.999908	0.763531	0.999943	0.763501	0.999967	0.763472	0.999980	0.763498	0.999978	0.763532	0.999979	0.763567	0.999963	0.763621	1354695899.543194	0.999609	60.737280	47.558101	1.892097	1.000001	0.763720	1.000001	0.763762	1.000001	0.763703	1.000001	0.763744	1.000001	0.763769	1.000001	0.763788	1.000001	0.763925	1.000000	1.000000	
1354695900.543126	0.999998	63.778122	50.553258	3.644187	0.999713	0.873806	0.999981	0.873266	1.000000	0.873232	1.000000	0.873195	1.000000	0.873191	1.000000	0.873192	1.000000	0.873190	0.999961	0.873265	1354695900.543191	0.999997	65.715459	52.520594	1.752752	1.000000	0.873219	1.000000	0.873235	1.000000	0.873228	1.000000	0.873196	1.000000	0.873194	1.000000	0.873192	1.000000	0.873232	1.000000	1.000000	
1354695901.543120	0.999994	68.369075	55.126748	3.770851	0.999751	0.934888	0.999982	0.934357	0.999991	0.934333	1.000000	0.934321	0.999990	0.934359	1.000000	0.934299	1.000000	0.934304	1.000000	0.934304	1354695901.543186	0.999995	69.158946	55.951208	1.833002	1.000000	0.934314	1.000000	0.934397	1.000000	0.934293	1.000000	0.934352	1.000000	0.934340	1.000000	0.934340	1.000000	0.934375	1.000000	1.000000	
1354695902.543134	1.000014	71.497484	58.242986	3.809364	1.000000	1.000000	1.000000	1.000000	1.000000	1.000000	1.000000	1.000000	1.000000	1.000000	1.000001	1.000000	1.000001	1.000000	1.000000	1.000000	1354695902.543194	1.000008	71.707976	58.494612	1.746812	1.000000	1.000000	1.000000	1.000000	1.000000	1.000000	1.000000	1.000000	1.000000	1.000000	1.000000	1.000000	1.000000	1.000000	1.000000	1.000000	
1354695903.543127	0.999993	70.519225	57.253921	3.790737	1.000000	1.000000	1.000000	1.000000	1.000000	1.000000	1.000000	1.000000	1.000000	1.000000	1.000000	1.000000	1.000000	1.000000	1.000000	1.000000	1354695903.543191	0.999997	71.211692	57.996426	2.008185	1.000000	1.000000	1.000000	1.000000	1.000000	1.000000	1.000000	1.000000	1.000000	1.000000	1.000000	1.000000	1.000000	1.000000	1.000000	1.000000	
1354695904.543120	0.999993	71.022418	57.766269	3.798320	1.000000	1.000000	1.000000	1.000000	1.000000	1.000000	1.000000	1.000000	1.000000	1.000000	1.000000	1.000000	1.000000	1.000000	1.000000	1.000000	1354695904.543182	0.999991	71.932384	58.725935	1.751923	1.000000	1.000000	1.000000	1.000000	1.000000	1.000000	1.000000	1.000000	1.000000	1.000000	1.000000	1.000000	1.000000	1.000000	1.000000	1.000000	
1354695905.543121	1.000001	70.915887	57.643454	3.790325	1.000000	1.000000	1.000000	1.000000	1.000000	1.000000	1.000000	1.000000	1.000000	1.000000	1.000000	1.000000	1.000000	1.000000	1.000000	1.000000	1354695905.543177	0.999995	71.896234	58.671055	1.803750	1.000000	1.000000	1.000000	1.000000	1.000000	1.000000	1.000000	1.000000	1.000000	1.000000	1.000000	1.000000	1.000000	1.000000	1.000000	1.000000	
1354695906.543120	0.999999	71.034614	57.757074	3.787098	1.000000	1.000000	1.000000	1.000000	1.000000	1.000000	1.000000	1.000000	1.000000	1.000000	1.000000	1.000000	1.000000	1.000000	1.000000	1.000000	1354695906.543184	1.000007	72.030981	58.798940	1.812167	1.000000	1.000000	1.000000	1.000000	1.000000	1.000000	1.000000	1.000000	1.000000	1.000000	1.000000	1.000000	1.000000	1.000000	1.000000	1.000000	
1354695907.543120	1.000000	70.060486	56.779434	3.784897	0.999981	0.972533	1.000000	0.972154	1.000000	0.972152	1.000000	0.972127	1.000000	0.972110	1.000000	0.972109	0.999999	0.972109	1.000000	0.972109	1354695907.543187	1.000003	71.091927	57.859821	1.772059	1.000000	0.972143	1.000000	0.972159	1.000000	0.972120	1.000000	0.972120	1.000000	0.972117	1.000000	0.972118	1.000000	0.972158	1.000000	1.000000	
1354695908.543121	1.000001	715809664.233322	715762194.408033	715779084.143635	0.999907	1.000342	0.999906	1.000346	0.999909	1.000350	0.999909	1.000341	0.999910	1.000347	0.999911	1.000338	0.999909	1.000346	0.999909	1.000342	1354695908.543647	1.000460	715466060.576735	715472628.904670	715446691.013301	0.999906	1.000332	0.999904	1.000336	3.898665	0.256564	0.999909	1.000342	0.999909	1.000345	0.999912	1.000340	0.999909	1.000345	0.999910	1.000346	
1354695909.543127	1.000006	0.000000	0.000000	0.000000	-nan	-nan	-nan	-nan	0.000000	inf	-nan	-nan	-nan	0.000000	-nan	-nan	-nan	-nan	-nan	-nan	1354695909.543213	0.999566	0.000000	0.000000	0.000000	-nan	-nan	-nan	-nan	0.000000	inf	-nan	-nan	-nan	-nan	-nan	-nan	-nan	-nan	-nan	-nan	
1354695910.543177	1.000050	0.000000	0.000000	0.000000	-nan	-nan	-nan	-nan	1.345745	inf	-nan	-nan	-nan	0.000000	-nan	-nan	-nan	-nan	-nan	-nan	1354695910.543254	1.000041	0.000000	0.000000	0.000000	-nan	-nan	-nan	-nan	inf	-nan	-nan	-nan	-nan	-nan	-nan	-nan	-nan	-nan	-nan	-nan	
