ts_0	elapsed_0	pkg_0	pp0_0	dram_0	freq_ratio_0_0	c0_ratio_0_0	freq_ratio_0_1	c0_ratio_0_1	freq_ratio_0_2	c0_ratio_0_2	freq_ratio_0_3	c0_ratio_0_3	freq_ratio_0_4	c0_ratio_0_4	freq_ratio_0_5	c0_ratio_0_5	freq_ratio_0_6	c0_ratio_0_6	freq_ratio_0_7	c0_ratio_0_7	ts_1	elapsed_1	pkg_1	pp0_1	dram_1	freq_ratio_1_0	c0_ratio_1_0	freq_ratio_1_1	c0_ratio_1_1	freq_ratio_1_2	c0_ratio_1_2	freq_ratio_1_3	c0_ratio_1_3	freq_ratio_1_4	c0_ratio_1_4	freq_ratio_1_5	c0_ratio_1_5	freq_ratio_1_6	c0_ratio_1_6	freq_ratio_1_7	c0_ratio_1_7	
1353353957.002787	1.001612	57.679378	44.117362	4.952542	1.191956	0.931316	1.172203	0.745049	1.171136	0.732673	1.170631	0.728709	1.165392	0.010543	1.166226	0.008344	1.164632	0.008801	1.168801	0.005754	1353353957.002870	1.000344	62.497450	48.949712	4.967560	1.153746	0.738805	1.153896	0.738299	1.153852	0.738257	1.153786	0.737969	1.153873	0.738188	1.153855	0.737738	1.153854	0.737974	1.154345	0.448645	
1353353958.002786	0.999999	64.134598	50.462634	5.691778	1.174756	0.941464	1.174759	0.941514	1.174754	0.940976	1.174753	0.940887	1.168496	0.014521	1.169419	0.011872	1.168705	0.011736	1.159987	0.007294	1353353958.002862	0.999992	76.369439	62.700383	6.072879	1.153850	0.963092	1.153848	0.963059	1.153848	0.962972	1.153848	0.963002	1.153848	0.963009	1.153847	0.962936	1.153848	0.963009	1.154137	0.526077	
1353353959.002795	1.000009	65.607819	51.902072	5.806252	1.167749	0.963518	1.167748	0.963574	1.167747	0.963295	1.167747	0.963244	1.168782	0.014305	1.167287	0.011423	1.164805	0.012120	1.159086	0.009309	1353353959.002872	1.000010	77.501162	63.784640	6.145324	1.153847	0.983052	1.153848	0.983080	1.153848	0.983057	1.153847	0.983021	1.153848	0.983045	1.153847	0.983034	1.153847	0.983046	1.153930	0.538495	
1353353960.002792	0.999997	65.479604	51.776696	5.756625	1.170576	0.954582	1.170577	0.954610	1.170576	0.954265	1.170575	0.954166	1.165109	0.014703	1.167269	0.011245	1.162138	0.011076	1.159866	0.009978	1353353960.002953	1.000081	77.274009	63.558691	6.095835	1.153848	0.974803	1.153847	0.974762	1.153847	0.974711	1.153848	0.974754	1.153847	0.974744	1.153847	0.974722	1.153848	0.974765	1.153949	0.523419	
1353353961.002788	0.999996	65.191167	51.477671	5.846917	1.168244	0.944889	1.168246	0.945001	1.168238	0.944483	1.168238	0.944469	1.163440	0.012112	1.169951	0.012515	1.166005	0.011264	1.162976	0.012043	1353353961.002995	1.000042	77.071565	63.352276	6.138109	1.153850	0.963701	1.153848	0.963646	1.153848	0.963617	1.153847	0.963639	1.153847	0.963625	1.153847	0.963615	1.153847	0.963634	1.154359	0.544543	
1353353962.002803	1.000015	64.822131	51.119593	5.870166	1.178292	0.937081	1.178290	0.937083	1.178288	0.936582	1.178286	0.936484	1.172584	0.014967	1.171452	0.012966	1.171446	0.013596	1.167471	0.011060	1353353962.002983	0.999988	77.109272	63.374397	6.134350	1.153850	0.962633	1.153848	0.962563	1.153848	0.962516	1.153848	0.962544	1.153848	0.962544	1.153847	0.962502	1.153848	0.962557	1.154306	0.527359	
1353353963.002785	0.999982	64.313177	50.685461	5.560890	1.169474	0.921982	1.169479	0.922013	1.169464	0.921166	1.169463	0.921133	1.166980	0.013295	1.168087	0.010447	1.167290	0.009518	1.162961	0.008720	1353353963.002923	0.999940	76.035086	62.360360	5.805952	1.153846	0.935764	1.153846	0.935670	1.153846	0.935635	1.153846	0.935607	1.153846	0.935611	1.153846	0.935595	1.153846	0.935623	1.153846	0.566476	
1353353964.002795	1.000010	65.196155	51.538409	5.617147	1.170227	0.956967	1.170229	0.957015	1.170224	0.956658	1.170220	0.956582	1.166992	0.012915	1.167217	0.011153	1.165228	0.010257	1.164128	0.009106	1353353964.002887	0.999964	77.251194	63.542998	5.866544	1.153849	0.970566	1.153847	0.970526	1.153847	0.970475	1.153847	0.970504	1.153846	0.970519	1.153846	0.970468	1.153847	0.970527	1.154111	0.545062	
1353353965.002890	1.000095	66.825263	53.125254	5.872261	1.176886	0.936348	1.176891	0.936474	1.176887	0.936097	1.176886	0.936033	1.172416	0.291155	1.171528	0.161429	1.169234	0.017179	1.163327	0.009018	1353353965.002971	1.000084	72.863331	59.097457	6.243556	1.153850	0.964819	1.153849	0.964793	1.153848	0.964746	1.153848	0.964752	1.153848	0.964779	1.153848	0.964735	1.153846	0.964704	1.153825	0.072225	
1353353966.002784	0.999894	70.377965	56.662948	5.794682	1.169137	0.711232	1.168553	0.929714	1.168537	0.928992	1.168537	0.928936	1.165736	0.647412	1.165557	0.477307	1.163779	0.111277	1.165890	0.040966	1353353966.002821	0.999850	69.522740	55.728008	6.354865	1.153849	0.388355	1.159111	0.944762	1.159110	0.944720	1.159111	0.944735	1.159110	0.944743	1.159110	0.944705	1.159110	0.944740	1.153806	0.002668	
1353353967.002788	1.000004	73.713996	59.984635	5.795188	1.163815	0.244371	1.162156	0.880944	1.162297	0.953890	1.162298	0.953834	1.162297	0.953852	1.162297	0.953852	1.156743	0.339801	1.155147	0.049220	1353353967.002858	1.000037	69.562386	55.773742	6.364313	1.153940	0.004156	1.167250	0.962043	1.167250	0.962007	1.167246	0.961945	1.167250	0.962014	1.167249	0.961980	1.167247	0.961971	1.153909	0.002427	
1353353968.002790	1.000002	72.824507	59.111154	5.882679	1.169599	0.967824	1.167946	0.476976	1.169584	0.966903	1.169583	0.966822	1.169583	0.966835	1.169583	0.966856	1.162339	0.040129	1.155504	0.040575	1353353968.002949	1.000091	69.521653	55.723746	6.420756	1.154000	0.004280	1.160752	0.986135	1.160751	0.986084	1.160753	0.986119	1.160752	0.986109	1.160751	0.986033	1.160754	0.986111	1.154041	0.002534	
1353353969.002789	0.999999	71.999306	58.325007	5.704992	1.168397	0.935410	1.166456	0.464286	1.168389	0.933291	1.168387	0.933172	1.168389	0.933251	1.168389	0.933255	1.173340	0.054128	1.157036	0.026462	1353353969.002874	0.999925	68.921695	55.158348	6.291992	1.154826	0.004031	1.167385	0.945843	1.167385	0.945809	1.167385	0.945835	1.167384	0.945816	1.167384	0.945787	1.167386	0.945777	1.154101	0.002804	
1353353970.002787	0.999998	71.478377	57.792987	5.764247	1.166877	0.925992	1.161892	0.486720	1.166862	0.925440	1.166861	0.925384	1.166861	0.925394	1.166861	0.925381	1.159980	0.022879	1.158851	0.017798	1353353970.002836	0.999962	67.732624	53.978716	6.287683	1.154194	0.004068	1.160499	0.941489	1.160499	0.941452	1.160499	0.941458	1.160500	0.941473	1.160500	0.941438	1.160500	0.941464	1.154440	0.002390	
1353353971.002786	0.999999	73.549951	59.824962	5.851583	1.165029	0.974346	1.162212	0.496826	1.165031	0.974162	1.165030	0.974064	1.165030	0.974093	1.165030	0.974101	1.157758	0.032333	1.155147	0.043885	1353353971.002840	1.000004	69.201288	55.401753	6.397099	1.153514	0.004373	1.167222	0.985526	1.167221	0.985467	1.167221	0.985462	1.167222	0.985483	1.167221	0.985423	1.167220	0.985389	1.153572	0.002729	
1353353972.002785	0.999999	72.730096	58.970592	5.905157	1.162989	0.924992	1.161439	0.516166	1.162968	0.923774	1.162967	0.923713	1.162967	0.923728	1.162968	0.923732	1.156060	0.034562	1.154835	0.042591	1353353972.002834	0.999994	68.100153	54.277728	6.503457	1.153700	0.004464	1.159504	0.934721	1.159505	0.934682	1.159505	0.934688	1.159505	0.934706	1.159505	0.934658	1.159504	0.934705	1.153799	0.002813	
1353353973.002793	1.000008	72.273477	58.534895	5.895491	1.161458	0.914582	1.157410	0.521921	1.161445	0.914070	1.161450	0.913182	1.161450	0.913160	1.161449	0.913173	1.158030	0.029232	1.156843	0.015683	1353353973.002856	1.000022	68.607321	54.802326	6.445873	1.154545	0.004300	1.165715	0.921788	1.165716	0.921757	1.165716	0.921774	1.165716	0.921764	1.165717	0.921730	1.165717	0.921780	1.154419	0.002318	
1353353974.002797	1.000004	715814901.748912	715770501.850120	715802600.054861	0.999949	1.000417	0.999949	1.000434	0.999947	1.000420	0.999949	1.000416	0.999951	1.000429	0.999952	1.000416	0.999950	1.000427	0.999950	1.000423	1353353974.002878	1.000022	715804587.420862	715786069.973883	715759226.817420	0.999949	1.000420	0.999948	1.000430	3.895751	0.256788	0.999950	1.000423	0.999951	1.000428	0.999954	1.000427	0.999951	1.000431	0.999952	1.000430	
1353353975.002784	0.999987	0.000000	0.000000	0.000000	-nan	-nan	-nan	-nan	0.000000	inf	-nan	-nan	-nan	0.000000	-nan	-nan	-nan	-nan	-nan	-nan	1353353975.002841	0.999963	0.000000	0.000000	0.000000	-nan	-nan	-nan	-nan	0.000000	inf	-nan	-nan	-nan	-nan	-nan	-nan	-nan	-nan	-nan	-nan	
