ts_0	elapsed_0	pkg_0	pp0_0	dram_0	freq_ratio_0_0	c0_ratio_0_0	freq_ratio_0_1	c0_ratio_0_1	freq_ratio_0_2	c0_ratio_0_2	freq_ratio_0_3	c0_ratio_0_3	freq_ratio_0_4	c0_ratio_0_4	freq_ratio_0_5	c0_ratio_0_5	freq_ratio_0_6	c0_ratio_0_6	freq_ratio_0_7	c0_ratio_0_7	ts_1	elapsed_1	pkg_1	pp0_1	dram_1	freq_ratio_1_0	c0_ratio_1_0	freq_ratio_1_1	c0_ratio_1_1	freq_ratio_1_2	c0_ratio_1_2	freq_ratio_1_3	c0_ratio_1_3	freq_ratio_1_4	c0_ratio_1_4	freq_ratio_1_5	c0_ratio_1_5	freq_ratio_1_6	c0_ratio_1_6	freq_ratio_1_7	c0_ratio_1_7	
1352519718.655790	1.001500	45.332961	32.231030	3.690814	1.219794	0.011051	1.205244	0.724323	1.213184	0.004683	1.210620	0.004402	1.203510	0.001959	1.208809	0.164403	1.204990	0.003388	1.207459	0.003305	1352519718.655983	1.000542	50.960268	37.654048	3.685198	1.179556	0.725139	1.189138	0.281289	1.171971	0.539284	1.174337	0.488564	1.165337	0.003051	1.196573	0.006680	1.133314	0.004444	1.208721	0.050338	
1352519719.655777	0.999987	45.892051	32.787738	3.695453	1.190048	0.012684	1.193140	0.812058	1.206188	0.006947	1.198497	0.006811	1.199415	0.002193	1.201791	0.003816	1.199485	0.004095	1.202473	0.003819	1352519719.655899	0.999916	55.835130	42.489513	3.790510	1.178161	0.813337	1.198157	0.005744	1.178152	0.813006	1.172127	0.755049	1.191411	0.003626	1.179770	0.003493	1.168995	0.004425	1.172400	0.003768	
1352519720.655801	1.000024	46.969664	33.831980	3.817321	1.203153	0.014930	1.191835	0.893154	1.201206	0.008057	1.195528	0.007088	1.185185	0.002384	1.195238	0.003794	1.191537	0.003743	1.190552	0.004033	1352519720.655904	1.000005	56.570701	43.211698	3.999949	1.186805	0.890831	1.196318	0.007045	1.186804	0.890522	1.181590	0.743727	1.191439	0.004155	1.192602	0.003427	1.192635	0.003618	1.192958	0.003602	
1352519721.655777	0.999976	46.491400	33.373133	3.817521	1.214853	0.014815	1.200250	0.906211	1.210524	0.007624	1.211089	0.006784	1.190531	0.002907	1.200193	0.003826	1.196808	0.004207	1.202851	0.004054	1352519721.655932	1.000028	57.164009	43.831129	3.961666	1.180842	0.909360	1.195761	0.007258	1.180842	0.909013	1.175426	0.745686	1.182378	0.003845	1.191210	0.003700	1.182522	0.003837	1.186359	0.003206	
1352519722.655776	0.999999	47.623474	34.493472	3.802051	1.201438	0.014012	1.189347	0.924697	1.206734	0.007352	1.202230	0.007519	1.185570	0.002315	1.193561	0.003996	1.187421	0.006097	1.191244	0.003979	1352519722.655994	1.000062	57.599289	44.250034	3.994854	1.182510	0.801246	1.167293	0.207506	1.180943	0.926062	1.176770	0.671930	1.186783	0.003487	1.185377	0.003421	1.187862	0.003690	1.187260	0.003548	
1352519723.655777	1.000001	47.777207	34.643674	3.786099	1.190292	0.015262	1.186219	0.903121	1.194390	0.007608	1.189468	0.008345	1.180136	0.002252	1.179621	0.003710	1.184742	0.004114	1.181033	0.004859	1352519723.656219	1.000225	57.775311	44.423611	3.989550	1.187625	0.006656	1.176091	0.902965	1.176091	0.902926	1.171881	0.746859	1.175854	0.003562	1.176762	0.003772	1.182822	0.003624	1.170203	0.006305	
1352519724.655779	1.000002	46.651553	33.517636	3.788994	1.203486	0.014561	1.196652	0.861481	1.204802	0.005808	1.202379	0.007996	1.189446	0.002348	1.193823	0.003931	1.190533	0.003964	1.192145	0.003799	1352519724.655986	0.999767	56.511729	43.174653	3.976009	1.192290	0.006684	1.177450	0.862286	1.177448	0.862213	1.172942	0.751578	1.184553	0.003743	1.180961	0.003638	1.180339	0.003295	1.184605	0.003828	
1352519725.655779	1.000000	47.389099	34.254410	3.801910	1.195129	0.014310	1.187032	0.940383	1.195184	0.008041	1.195946	0.007081	1.181448	0.002600	1.189361	0.004120	1.188023	0.003934	1.189855	0.003637	1352519725.655958	0.999972	57.735406	44.382708	3.953861	1.190455	0.006664	1.177569	0.940183	1.177560	0.940520	1.171010	0.741923	1.185058	0.003647	1.185938	0.003340	1.176812	0.003632	1.179103	0.003584	
1352519726.655778	0.999999	46.291182	33.154267	3.806232	1.203814	0.013604	1.198809	0.917621	1.203796	0.007405	1.200507	0.007630	1.186788	0.002978	1.190451	0.004232	1.192692	0.004196	1.192917	0.003697	1352519726.655977	1.000019	56.581959	43.231597	3.981034	1.202579	0.006729	1.189099	0.914410	1.189097	0.914424	1.183429	0.745866	1.192161	0.003316	1.188329	0.003845	1.189303	0.003659	1.185388	0.003855	
1352519727.655777	0.999999	46.716902	33.578798	3.798603	1.205907	0.014315	1.194359	0.901292	1.205156	0.009044	1.202655	0.007038	1.190359	0.002273	1.192920	0.004048	1.193516	0.003979	1.193559	0.003805	1352519727.655960	0.999983	55.633556	42.293730	4.001014	1.205664	0.006708	1.194786	0.900301	1.194786	0.900252	1.190551	0.739310	1.196740	0.003889	1.194084	0.003718	1.194518	0.003798	1.193379	0.003853	
1352519728.655797	1.000020	45.514118	32.390724	3.810410	1.213552	0.014284	1.203126	0.865852	1.210540	0.007305	1.208325	0.007587	1.195446	0.002236	1.202096	0.003885	1.198503	0.003908	1.198569	0.003735	1352519728.656144	1.000184	55.061185	41.730509	4.020332	1.191156	0.379792	1.197975	0.713197	1.197901	0.865690	1.196275	0.520168	1.197534	0.003532	1.197035	0.003292	1.195824	0.003464	1.190035	0.001995	
1352519729.655783	0.999986	47.043661	33.906513	3.815026	1.201980	0.013301	1.191387	0.867784	1.195275	0.008789	1.199048	0.006770	1.184078	0.002176	1.189892	0.003674	1.191017	0.003630	1.193070	0.003399	1352519729.655970	0.999826	55.970496	42.655755	3.948380	1.178777	0.165955	1.182094	0.871153	1.181910	0.866906	1.175715	0.579712	1.191307	0.003534	1.195428	0.003409	1.190727	0.003409	1.185187	0.001754	
1352519730.655779	0.999996	47.576807	34.439974	3.806778	1.198941	0.014073	1.184649	0.907454	1.198703	0.007923	1.195982	0.009147	1.184311	0.002398	1.188994	0.003958	1.189788	0.003954	1.190303	0.003856	1352519730.655933	0.999963	56.922712	43.577309	3.980021	1.199689	0.005027	1.186127	0.909037	1.186127	0.908990	1.180806	0.743311	1.188914	0.003994	1.187606	0.003602	1.189012	0.003777	1.182577	0.001872	
1352519731.655779	1.000000	46.902145	33.764633	3.783920	1.203111	0.014692	1.198085	0.897285	1.203442	0.007881	1.201743	0.008894	1.179014	0.002875	1.190370	0.003599	1.187184	0.004132	1.192776	0.003638	1352519731.655959	1.000026	56.510235	43.176979	3.972706	1.201511	0.005170	1.185612	0.898557	1.185611	0.898514	1.180816	0.746501	1.190118	0.003965	1.190150	0.003681	1.189080	0.003739	1.184485	0.001826	
1352519732.655779	1.000000	46.742554	33.604202	3.787430	1.207115	0.014163	1.199377	0.937612	1.205480	0.009037	1.204855	0.009065	1.187119	0.002362	1.193524	0.003629	1.176337	0.006080	1.191094	0.003711	1352519732.655986	1.000027	56.920692	43.589905	3.962509	1.197576	0.005435	1.183517	0.941385	1.183519	0.941292	1.177092	0.742935	1.184107	0.003809	1.185490	0.003647	1.187117	0.003674	1.179265	0.001884	
1352519733.655778	0.999999	47.005935	33.864992	3.833225	1.197294	0.014313	1.191323	0.917933	1.199689	0.008299	1.198855	0.008722	1.180697	0.002326	1.187820	0.003720	1.184424	0.004116	1.190659	0.003653	1352519733.655956	0.999970	55.983921	42.651763	3.949353	1.202607	0.005314	1.192874	0.916747	1.192875	0.916715	1.186330	0.740078	1.189529	0.003599	1.192552	0.003683	1.187118	0.003880	1.179804	0.002039	
1352519734.655793	1.000015	46.417684	33.296253	3.811787	1.202240	0.015004	1.195953	0.873901	1.204767	0.008673	1.201265	0.007541	1.188303	0.002394	1.194278	0.003883	1.190014	0.004129	1.193902	0.003695	1352519734.656018	1.000062	55.413359	42.080186	3.993924	1.197860	0.005248	1.191594	0.873529	1.191592	0.873471	1.187308	0.737079	1.193578	0.003740	1.193587	0.003580	1.192131	0.003708	1.180836	0.002093	
1352519735.655782	0.999989	46.562690	33.423737	3.795726	1.200578	0.013570	1.195075	0.893268	1.198085	0.007813	1.197095	0.008213	1.185896	0.002201	1.190135	0.003809	1.188168	0.003848	1.192084	0.003424	1352519735.655914	0.999896	56.385454	43.050892	3.983523	1.195181	0.004787	1.185061	0.894433	1.185060	0.894375	1.181732	0.749583	1.189089	0.003399	1.191549	0.003379	1.182125	0.003422	1.175640	0.001837	
1352519736.655788	1.000006	46.757381	33.620985	3.810326	1.199600	0.014217	1.200710	0.897751	1.201637	0.007407	1.197742	0.008198	1.176236	0.002804	1.188799	0.003361	1.189119	0.004156	1.185658	0.003475	1352519736.656004	1.000090	56.854097	43.522043	3.953075	1.198155	0.005052	1.184523	0.899228	1.184522	0.899163	1.179364	0.750598	1.194635	0.003453	1.190077	0.003304	1.184663	0.003523	1.181413	0.001743	
1352519737.655780	0.999992	46.782636	33.647779	3.811905	1.199078	0.015000	1.192302	0.870067	1.201210	0.007661	1.198981	0.008164	1.184507	0.002277	1.189900	0.003654	1.186921	0.004079	1.188700	0.003895	1352519737.655994	0.999990	56.559389	43.244772	3.957590	1.195995	0.005989	1.180990	0.871164	1.180989	0.871071	1.176016	0.739080	1.180115	0.003552	1.184694	0.003337	1.182814	0.003590	1.172983	0.001872	
1352519738.655778	0.999998	46.490705	33.353045	3.817680	1.203264	0.014205	1.203366	0.942415	1.200842	0.008675	1.200029	0.008772	1.184352	0.002612	1.188503	0.004163	1.192410	0.003743	1.191093	0.003747	1352519738.655945	0.999951	56.071922	42.744943	3.946697	1.198585	0.005873	1.183947	0.943325	1.183948	0.943296	1.177167	0.738169	1.195979	0.003672	1.189843	0.003971	1.190537	0.004371	1.178507	0.002169	
1352519739.655785	1.000007	46.667204	33.531964	3.795948	1.200368	0.013289	1.196382	0.908606	1.200428	0.006384	1.200242	0.008714	1.187728	0.002171	1.190062	0.003702	1.191746	0.003598	1.190368	0.003572	1352519739.655879	0.999934	55.595713	42.271209	3.985508	1.210676	0.006411	1.199748	0.907344	1.199748	0.907310	1.196089	0.751696	1.197334	0.003926	1.195968	0.003389	1.192280	0.003766	1.188243	0.001860	
1352519740.655785	1.000000	46.927963	33.785950	3.811783	1.202396	0.014065	1.195815	0.900336	1.200411	0.008445	1.200887	0.006778	1.179877	0.002519	1.189063	0.003679	1.190060	0.003634	1.186770	0.003591	1352519740.656037	1.000158	56.099439	42.770873	3.990138	1.185009	0.904136	1.203596	0.099892	1.184825	0.900109	1.174356	0.645522	1.199877	0.003522	1.197244	0.003393	1.193221	0.003555	1.186260	0.001849	
1352519741.655780	0.999995	45.858018	32.717296	3.817783	1.214462	0.013435	1.212557	0.900160	1.206971	0.008136	1.204829	0.008517	1.195312	0.002824	1.201592	0.003865	1.196182	0.004093	1.200283	0.003938	1352519741.656063	1.000026	56.987853	43.657526	4.002719	1.180846	0.904401	1.193332	0.006397	1.180846	0.904097	1.175533	0.743170	1.194018	0.003761	1.186821	0.003529	1.189217	0.003628	1.179227	0.001845	
1352519742.655796	1.000016	46.311730	33.219410	3.810913	1.208737	0.014173	1.205327	0.879159	1.208275	0.007829	1.209319	0.010357	1.194672	0.002360	1.198945	0.003829	1.192093	0.006128	1.194961	0.003776	1352519742.656009	0.999946	55.764662	42.432981	3.986650	1.192176	0.878779	1.202901	0.005423	1.192178	0.878397	1.191256	0.400234	1.180000	0.338740	1.196446	0.003479	1.194521	0.003409	1.191626	0.001857	
1352519743.655778	0.999982	47.228261	34.056609	3.792869	1.199642	0.012980	1.193307	0.908495	1.198590	0.007256	1.197807	0.008153	1.181322	0.002339	1.190628	0.005288	1.184699	0.003986	1.194794	0.005219	1352519743.655959	0.999950	55.516970	42.201927	4.020846	1.191853	0.907516	1.199549	0.003888	1.191851	0.907402	1.195403	0.003341	1.186892	0.734879	1.202932	0.003474	1.194129	0.003578	1.188488	0.002010	
1352519744.655778	1.000000	47.855698	34.716324	3.833115	1.196047	0.013531	1.185629	0.938363	1.188554	0.007520	1.193933	0.008175	1.178004	0.002373	1.188236	0.005031	1.183718	0.003710	1.186499	0.005190	1352519744.655978	1.000019	56.049270	42.720865	3.978089	1.185914	0.939154	1.196926	0.004789	1.185914	0.938980	1.199801	0.003419	1.179895	0.735805	1.197783	0.003784	1.182670	0.002705	1.183147	0.001845	
1352519745.655777	0.999999	46.826934	33.688936	3.821842	1.207305	0.013488	1.195354	0.901226	1.203275	0.007734	1.200929	0.008085	1.188950	0.002291	1.195945	0.005273	1.191193	0.004164	1.198628	0.005338	1352519745.655922	0.999944	55.331256	42.001606	3.981241	1.193113	0.901385	1.202855	0.005287	1.193114	0.901073	1.198790	0.003592	1.187178	0.733805	1.200033	0.003639	1.189051	0.001981	1.191189	0.001856	
1352519746.655785	1.000008	46.134773	32.998741	3.806457	1.208941	0.013055	1.202614	0.867627	1.203817	0.007324	1.204911	0.008317	1.182169	0.002876	1.200354	0.004975	1.190679	0.004004	1.193882	0.005318	1352519746.655980	1.000058	55.291780	41.963328	3.995023	1.193521	0.868461	1.199565	0.004283	1.193514	0.867828	1.203297	0.004795	1.188168	0.739951	1.196872	0.003302	1.191252	0.001930	1.192968	0.001792	
1352519747.655962	1.000177	46.829652	33.695119	3.777011	1.208737	0.012863	1.199347	0.904149	1.201980	0.008455	1.202994	0.006467	1.189334	0.002226	1.200611	0.006706	1.190479	0.004045	1.198936	0.004115	1352519747.656094	1.000114	54.878771	41.549678	3.998507	1.192529	0.743846	1.198042	0.904837	1.198044	0.904848	1.219346	0.008232	1.201748	0.001986	1.211603	0.003416	1.206549	0.001835	1.205969	0.001747	
1352519748.655778	0.999816	47.678392	34.541331	3.803083	1.193714	0.013220	1.184101	0.927077	1.192734	0.008392	1.193235	0.006485	1.180851	0.002778	1.191701	0.005907	1.183168	0.003712	1.185840	0.003433	1352519748.655962	0.999868	55.154319	41.830461	3.980094	1.184289	0.796696	1.188252	0.623216	1.185817	0.926961	1.172205	0.237694	1.195317	0.001614	1.197746	0.001729	1.187689	0.001870	1.189230	0.002034	
1352519749.655780	1.000002	46.900103	33.764187	3.799858	1.196860	0.011712	1.190353	0.870190	1.195352	0.007200	1.196148	0.007068	1.191500	0.003462	1.196011	0.005477	1.186410	0.003658	1.189857	0.003591	1352519749.655984	1.000022	55.240411	41.917828	3.905432	1.193269	0.870798	1.208426	0.005053	1.193268	0.870457	1.188843	0.767316	1.205108	0.001440	1.204283	0.001428	1.189764	0.001783	1.191041	0.001671	
1352519750.655778	0.999998	46.915541	33.791812	3.807579	1.200152	0.014637	1.199563	0.934546	1.200706	0.008734	1.199744	0.008921	1.187764	0.004361	1.191100	0.005149	1.186783	0.004159	1.189795	0.003864	1352519750.655988	1.000004	53.675625	40.361058	3.997481	1.220859	0.937286	1.222435	0.004683	1.220860	0.937101	1.217063	0.732384	1.205254	0.002009	1.204538	0.001931	1.205605	0.001956	1.205146	0.002055	
1352519751.655786	1.000008	46.531056	33.395390	3.827087	1.206301	0.013983	1.198832	0.880632	1.205665	0.008115	1.204266	0.008391	1.187204	0.005004	1.191915	0.005045	1.187766	0.004063	1.192448	0.004030	1352519751.655856	0.999868	52.428129	39.096824	4.063739	1.221900	0.879581	1.227160	0.001947	1.221896	0.879203	1.217905	0.733801	1.223637	0.001942	1.222448	0.001929	1.221055	0.002015	1.221793	0.001963	
1352519752.655952	1.000166	47.278638	34.147944	3.768585	1.195757	0.012125	1.183781	0.823608	1.191413	0.008756	1.196508	0.006739	1.190469	0.003222	1.190353	0.004731	1.188037	0.005322	1.187492	0.003378	1352519752.656138	1.000282	53.452011	40.128712	3.885226	1.208941	0.756094	1.211319	0.821815	1.211318	0.821768	1.209304	0.002106	1.214715	0.001571	1.214691	0.001557	1.210807	0.001712	1.212338	0.001682	
1352519753.655778	0.999826	48.172752	35.036875	3.793507	1.193069	0.013437	1.180849	0.906480	1.187965	0.010042	1.189115	0.006659	1.180169	0.004250	1.184889	0.005022	1.182471	0.003684	1.185963	0.004341	1352519753.655951	0.999813	53.575169	40.245758	4.040062	1.202727	0.731299	1.209085	0.902328	1.209084	0.902285	1.218678	0.002034	1.220170	0.001831	1.219608	0.001820	1.218491	0.001929	1.217031	0.001955	
1352519754.655776	0.999998	47.800872	34.665700	3.789604	1.194349	0.013914	1.185393	0.914442	1.189363	0.010129	1.192553	0.006512	1.186976	0.005430	1.187414	0.005142	1.184372	0.003636	1.182601	0.003564	1352519754.655861	0.999910	54.514589	41.186441	4.026058	1.202547	0.727962	1.209186	0.911813	1.209184	0.911776	1.210416	0.001986	1.212700	0.001797	1.211133	0.001786	1.208418	0.001946	1.212204	0.001802	
1352519755.655786	1.000010	47.323821	34.185525	3.822426	1.198147	0.014289	1.194778	0.919122	1.198880	0.007966	1.191705	0.007754	1.190241	0.005027	1.188728	0.004956	1.188030	0.003648	1.188385	0.003751	1352519755.655895	1.000034	54.842079	41.511921	4.035110	1.197135	0.739488	1.203486	0.919802	1.203484	0.919752	1.220454	0.001972	1.221227	0.001783	1.220722	0.001765	1.220482	0.001820	1.219807	0.001761	
1352519756.655786	1.000000	715811144.905960	715770673.013046	715796345.527481	0.999952	1.000316	0.999950	1.000322	0.999960	1.000317	0.999952	1.000314	0.999951	1.000314	0.999954	1.000311	0.999952	1.000316	0.999953	1.000320	1352519756.655874	0.999979	715812708.099970	715798797.017943	715827906.192475	0.999952	1.000317	0.999949	1.000315	3.895631	0.256769	0.999951	1.000311	0.999952	1.000319	0.999955	1.000316	0.999951	1.000316	0.999954	1.000325	
1352519757.655776	0.999990	0.000000	0.000000	0.000000	-nan	-nan	-nan	-nan	0.000000	inf	-nan	-nan	-nan	0.000000	-nan	-nan	-nan	-nan	-nan	-nan	1352519757.655834	0.999960	0.000000	0.000000	0.000000	-nan	-nan	-nan	-nan	0.000000	inf	-nan	-nan	-nan	-nan	-nan	-nan	-nan	-nan	-nan	-nan	
