ts_0	elapsed_0	pkg_0	pp0_0	dram_0	freq_ratio_0_0	c0_ratio_0_0	freq_ratio_0_1	c0_ratio_0_1	freq_ratio_0_2	c0_ratio_0_2	freq_ratio_0_3	c0_ratio_0_3	freq_ratio_0_4	c0_ratio_0_4	freq_ratio_0_5	c0_ratio_0_5	freq_ratio_0_6	c0_ratio_0_6	freq_ratio_0_7	c0_ratio_0_7	ts_1	elapsed_1	pkg_1	pp0_1	dram_1	freq_ratio_1_0	c0_ratio_1_0	freq_ratio_1_1	c0_ratio_1_1	freq_ratio_1_2	c0_ratio_1_2	freq_ratio_1_3	c0_ratio_1_3	freq_ratio_1_4	c0_ratio_1_4	freq_ratio_1_5	c0_ratio_1_5	freq_ratio_1_6	c0_ratio_1_6	freq_ratio_1_7	c0_ratio_1_7	
1352516945.708178	1.001829	59.416845	46.112899	4.129152	1.191066	0.939728	1.172491	0.764886	1.172180	0.754130	1.170580	0.733746	1.170535	0.733540	1.159723	0.049340	1.157777	0.075231	1.156880	0.013409	1352516945.708243	1.000535	62.959785	49.721583	3.762208	1.161057	0.622350	1.156336	0.406830	1.160822	0.757524	1.160801	0.757275	1.160826	0.757027	1.160764	0.757042	1.163279	0.555863	1.155254	0.289388	
1352516946.708158	0.999980	67.066803	53.681266	4.732898	1.171858	0.907927	1.171889	0.907282	1.171883	0.906327	1.171882	0.906331	1.171881	0.906280	1.163953	0.183442	1.165737	0.235085	1.163516	0.025066	1352516946.708287	1.000044	69.791721	56.441526	4.867080	1.164114	0.927256	1.155040	0.010250	1.164112	0.927063	1.164110	0.927005	1.164112	0.927073	1.164110	0.927038	1.164110	0.927022	1.154511	0.005377	
1352516947.708160	1.000002	68.444007	55.056276	4.677115	1.169016	0.952920	1.169061	0.952448	1.169059	0.952086	1.169059	0.952052	1.169059	0.951991	1.164138	0.276774	1.160844	0.058607	1.166250	0.093496	1352516947.708214	0.999927	70.723315	57.381521	4.852313	1.155340	0.973105	1.153808	0.009385	1.155340	0.973021	1.155340	0.972987	1.155340	0.973025	1.155340	0.972963	1.155340	0.972950	1.153788	0.007153	
1352516948.708155	0.999995	68.582817	55.191316	4.800897	1.168906	0.955766	1.168908	0.955874	1.168906	0.955543	1.168906	0.955526	1.168905	0.955501	1.161685	0.350972	1.163361	0.024887	1.160410	0.057390	1352516948.708189	0.999975	70.962592	57.586143	4.868881	1.166985	0.966175	1.153809	0.012710	1.166986	0.966083	1.166986	0.966074	1.166986	0.966068	1.166985	0.966063	1.166986	0.966051	1.153794	0.007454	
1352516949.708159	1.000004	67.205752	53.816509	4.584012	1.170137	0.900885	1.170147	0.901185	1.170139	0.900333	1.170139	0.900335	1.170138	0.900270	1.163133	0.239485	1.164003	0.154801	1.163139	0.032987	1352516949.708197	1.000008	68.799979	55.446419	4.808845	1.175232	0.909552	1.153853	0.006787	1.175230	0.909360	1.175231	0.909342	1.175231	0.909348	1.175230	0.909341	1.175231	0.909321	1.153937	0.007770	
1352516950.708157	0.999998	68.542459	55.154509	4.536904	1.170522	0.641161	1.168767	0.953667	1.168763	0.953319	1.168762	0.953339	1.168762	0.953281	1.165677	0.481555	1.157311	0.222697	1.157626	0.023172	1352516950.708235	1.000038	70.113156	56.763763	4.860610	1.178117	0.962887	1.154472	0.003723	1.178110	0.962742	1.178110	0.962709	1.178110	0.962724	1.178110	0.962708	1.178110	0.962691	1.154582	0.007336	
1352516951.708169	1.000012	67.695787	54.302057	4.560172	1.170463	0.929234	1.162872	0.382932	1.170372	0.936268	1.170372	0.936286	1.170372	0.936234	1.170371	0.936225	1.158832	0.037051	1.158199	0.026266	1352516951.708228	0.999993	69.926784	56.579203	4.829989	1.158387	0.959319	1.153786	0.002821	1.158384	0.959187	1.158384	0.959169	1.158384	0.959208	1.158384	0.959191	1.158384	0.959182	1.153862	0.006180	
1352516952.708157	0.999988	67.888032	54.490991	4.578836	1.170402	0.934474	1.163943	0.388536	1.170403	0.934007	1.170404	0.934015	1.170403	0.933969	1.170404	0.933963	1.163120	0.027701	1.162978	0.024705	1352516952.708242	1.000014	69.881204	56.549269	4.850563	1.179244	0.944497	1.153764	0.002892	1.179244	0.944353	1.179244	0.944337	1.179244	0.944341	1.179244	0.944339	1.179244	0.944322	1.153797	0.008202	
1352516953.708158	1.000001	67.848232	54.461328	4.639751	1.164352	0.922889	1.157666	0.387664	1.164360	0.921157	1.164359	0.921212	1.164359	0.921162	1.164358	0.921165	1.159030	0.024923	1.161294	0.021763	1352516953.708195	0.999953	69.385003	56.050362	4.858657	1.160671	0.934768	1.154398	0.002926	1.160668	0.934616	1.160668	0.934579	1.160668	0.934597	1.160668	0.934560	1.160668	0.934549	1.155053	0.005560	
1352516954.708158	1.000000	67.895447	54.520081	4.485626	1.162171	0.900518	1.157493	0.509093	1.162155	0.899787	1.162154	0.899772	1.162153	0.899752	1.162153	0.899735	1.156974	0.019987	1.158476	0.028450	1352516954.708196	1.000001	68.210735	54.917199	4.391719	1.185856	0.903535	1.156522	0.004557	1.185895	0.903298	1.185895	0.903281	1.185906	0.903282	1.185894	0.903296	1.185894	0.903282	1.158306	0.004413	
1352516955.708155	0.999997	68.071729	54.682344	4.605575	1.160845	0.913657	1.155788	0.392799	1.160842	0.912940	1.160841	0.912988	1.160841	0.912927	1.160841	0.912946	1.159136	0.026324	1.164538	0.031465	1352516955.708204	1.000008	69.089345	55.756979	4.896674	1.184134	0.913086	1.153847	0.003391	1.184131	0.912847	1.184132	0.912835	1.184131	0.912845	1.184131	0.912838	1.184131	0.912824	1.153765	0.005130	
1352516956.708158	1.000003	67.344274	53.970597	4.573167	1.169199	0.900600	1.165743	0.450280	1.169187	0.899570	1.169187	0.899579	1.169186	0.899522	1.169187	0.899516	1.164188	0.029742	1.159455	0.039607	1352516956.708229	1.000025	68.697041	55.383989	4.601936	1.190769	0.910157	1.155373	0.002710	1.190762	0.909928	1.190763	0.909892	1.190763	0.909909	1.190763	0.909897	1.190763	0.909886	1.155814	0.005299	
1352516957.708157	0.999999	68.946065	55.555595	4.574681	1.161361	0.374193	1.163883	0.836129	1.164036	0.949226	1.164037	0.949263	1.164036	0.949194	1.164036	0.949217	1.156920	0.148008	1.159462	0.037357	1352516957.708216	0.999987	70.243078	56.917006	4.832095	1.160840	0.962201	1.154419	0.003106	1.160838	0.962084	1.160838	0.962095	1.160838	0.962115	1.160838	0.962118	1.160838	0.962106	1.153842	0.004231	
1352516958.708178	1.000021	68.260195	54.886330	4.675393	1.167218	0.749342	1.163425	0.548795	1.166847	0.930807	1.166846	0.930809	1.166847	0.930781	1.166847	0.930758	1.156454	0.069831	1.165266	0.033500	1352516958.708229	1.000013	69.784531	56.450279	4.874234	1.178415	0.942712	1.154738	0.003090	1.178410	0.942566	1.178411	0.942552	1.178410	0.942567	1.178409	0.942483	1.178410	0.942454	1.154995	0.005200	
1352516959.708164	0.999986	67.025250	53.658927	4.488772	1.162869	0.952471	1.167506	0.087675	1.162858	0.951611	1.162858	0.951648	1.162857	0.951585	1.162857	0.951584	1.157455	0.026458	1.157404	0.015472	1352516959.708207	0.999978	72.559911	59.251162	4.827239	1.167942	0.536844	1.160348	0.741459	1.166565	0.955924	1.166565	0.955900	1.166564	0.955878	1.166564	0.955898	1.166564	0.955891	1.154052	0.005697	
1352516960.708158	0.999994	715805464.741068	715828616.737219	715806057.035492	0.999944	1.000275	0.999945	1.000289	0.999952	1.000283	0.999946	1.000276	0.999947	1.000283	0.999949	1.000274	0.999947	1.000284	0.999946	1.000279	1352516960.708250	1.000043	715790601.601242	715783696.551215	715771962.847679	0.999947	1.000285	0.999943	1.000278	3.896047	0.256730	0.999946	1.000278	0.999947	1.000281	0.999949	1.000279	0.999946	1.000282	0.999948	1.000285	
1352516961.708157	0.999999	0.000000	0.000000	0.000000	-nan	-nan	-nan	-nan	0.000000	inf	-nan	-nan	-nan	0.000000	0.000000	inf	-nan	-nan	-nan	-nan	1352516961.708230	0.999980	0.000000	0.000000	0.000000	-nan	-nan	-nan	-nan	0.000000	inf	-nan	-nan	-nan	-nan	-nan	-nan	-nan	-nan	-nan	-nan	
1352516962.708304	1.000147	0.000000	0.000000	0.000000	-nan	-nan	-nan	-nan	467293085205.365906	inf	-nan	-nan	-nan	0.000000	0.000000	inf	-nan	-nan	-nan	-nan	1352516962.708381	1.000151	0.000000	0.000000	0.000000	-nan	-nan	-nan	-nan	inf	-nan	-nan	-nan	-nan	-nan	-nan	-nan	-nan	-nan	-nan	-nan	
