ts_0	elapsed_0	pkg_0	pp0_0	dram_0	freq_ratio_0_0	c0_ratio_0_0	freq_ratio_0_1	c0_ratio_0_1	freq_ratio_0_2	c0_ratio_0_2	freq_ratio_0_3	c0_ratio_0_3	freq_ratio_0_4	c0_ratio_0_4	freq_ratio_0_5	c0_ratio_0_5	freq_ratio_0_6	c0_ratio_0_6	freq_ratio_0_7	c0_ratio_0_7	ts_1	elapsed_1	pkg_1	pp0_1	dram_1	freq_ratio_1_0	c0_ratio_1_0	freq_ratio_1_1	c0_ratio_1_1	freq_ratio_1_2	c0_ratio_1_2	freq_ratio_1_3	c0_ratio_1_3	freq_ratio_1_4	c0_ratio_1_4	freq_ratio_1_5	c0_ratio_1_5	freq_ratio_1_6	c0_ratio_1_6	freq_ratio_1_7	c0_ratio_1_7	
1352516945.746885	1.001994	61.588777	48.161113	5.378025	1.157649	0.777169	1.156959	0.778474	1.158084	0.775391	1.157959	0.775027	1.158028	0.774626	1.155158	0.160403	1.153415	0.014194	1.154517	0.028187	1352516945.747001	1.000529	64.561028	51.275546	4.517370	1.156744	0.621101	1.154326	0.390456	1.155502	0.778725	1.155468	0.778102	1.155314	0.777223	1.155342	0.777080	1.156105	0.727705	1.179571	0.281957	
1352516946.746884	0.999999	69.620580	56.094490	6.033041	1.156981	0.546177	1.156833	0.927432	1.156817	0.926377	1.156817	0.926338	1.156817	0.926336	1.159704	0.025418	1.155678	0.821265	1.156827	0.014084	1352516946.746958	0.999957	68.564771	55.169802	6.026977	1.155984	0.928619	1.154598	0.009381	1.155983	0.928415	1.155983	0.928378	1.155983	0.928354	1.155983	0.928363	1.155983	0.928344	1.153814	0.007071	
1352516947.746878	0.999994	70.135580	56.622881	6.034292	1.155432	0.177037	1.158839	0.963813	1.158839	0.963405	1.158839	0.963350	1.158839	0.963380	1.154234	0.260851	1.158839	0.963388	1.159557	0.019764	1352516947.746919	0.999961	69.319803	55.930318	6.027946	1.166829	0.958994	1.153674	0.009313	1.166829	0.958940	1.166831	0.958946	1.166829	0.958859	1.166828	0.958864	1.166829	0.958877	1.153550	0.007101	
1352516948.746876	0.999998	71.429168	57.902759	6.021343	1.154155	0.075518	1.156411	0.995983	1.156409	0.995897	1.156411	0.995970	1.156411	0.995967	1.154523	0.370570	1.156409	0.995888	1.154605	0.011561	1352516948.746914	0.999995	71.095830	57.714843	6.014740	1.155436	0.998268	1.153872	0.007357	1.155436	0.998269	1.155436	0.998265	1.155432	0.998107	1.155436	0.998257	1.155434	0.998187	1.153924	0.006908	
1352516949.746877	1.000001	68.839885	55.329583	6.085977	1.158023	0.269681	1.161950	0.920848	1.161942	0.919974	1.161942	0.919945	1.161941	0.919941	1.159040	0.149221	1.161941	0.919953	1.163904	0.029471	1352516949.746930	1.000016	69.516056	56.159549	6.032115	1.156258	0.929542	1.155122	0.005731	1.156256	0.929411	1.156256	0.929397	1.156256	0.929355	1.156256	0.929372	1.156256	0.929358	1.154761	0.006577	
1352516950.746875	0.999998	69.764659	56.241898	6.114971	1.160588	0.712434	1.164440	0.600960	1.163319	0.956847	1.163319	0.956820	1.163319	0.956811	1.158519	0.052546	1.163318	0.956827	1.160248	0.030918	1352516950.746930	1.000000	70.573700	57.203125	6.035889	1.156939	0.967494	1.154062	0.004478	1.156937	0.967420	1.156937	0.967415	1.156937	0.967359	1.156937	0.967380	1.156937	0.967358	1.154246	0.009080	
1352516951.746878	1.000003	70.544825	57.028540	6.055996	1.156073	0.371107	1.158436	0.878577	1.158351	0.973753	1.158352	0.973737	1.158351	0.973736	1.155751	0.167034	1.158351	0.973740	1.157477	0.013145	1352516951.746937	1.000007	69.541588	56.173913	5.975835	1.158842	0.977349	1.153802	0.004919	1.158842	0.977301	1.158842	0.977287	1.158843	0.977256	1.158842	0.977265	1.158842	0.977249	1.153891	0.007205	
1352516952.746894	1.000016	68.814468	55.301607	6.078684	1.160979	0.770713	1.159424	0.516175	1.161683	0.911002	1.161684	0.910947	1.161683	0.910926	1.155770	0.057950	1.161681	0.910948	1.159719	0.019324	1352516952.746936	0.999999	68.773961	55.409278	6.060949	1.165136	0.916546	1.156596	0.005086	1.165125	0.916387	1.165125	0.916350	1.165124	0.916317	1.165118	0.916215	1.165119	0.916221	1.156209	0.007265	
1352516953.746879	0.999985	69.378163	55.843887	6.052642	1.157557	0.911485	1.155396	0.409351	1.157557	0.910922	1.157557	0.910886	1.157557	0.910890	1.154389	0.021865	1.157556	0.910869	1.162990	0.021868	1352516953.746954	1.000018	68.474896	55.094291	6.016524	1.158087	0.913780	1.153960	0.004831	1.158085	0.913527	1.158085	0.913493	1.158085	0.913471	1.158084	0.913478	1.158085	0.913467	1.153851	0.007263	
1352516954.746878	0.999999	69.061421	55.545921	5.862707	1.166749	0.907785	1.173528	0.523569	1.166741	0.906403	1.166739	0.906361	1.166738	0.906328	1.159005	0.024130	1.166737	0.906361	1.165739	0.017860	1352516954.746930	0.999976	67.768966	54.407911	5.320334	1.164492	0.911280	1.150109	0.005293	1.164534	0.911108	1.164533	0.911077	1.164531	0.911001	1.164530	0.911021	1.164530	0.910995	1.147516	0.006239	
1352516955.746887	1.000009	69.861031	56.322488	6.051734	1.160120	0.942725	1.154914	0.434581	1.160122	0.942420	1.160122	0.942404	1.160122	0.942398	1.153910	0.014051	1.160121	0.942402	1.156050	0.016324	1352516955.746925	0.999995	69.995010	56.609872	6.068680	1.161869	0.946537	1.153777	0.006520	1.161867	0.946415	1.161867	0.946390	1.161867	0.946371	1.161867	0.946387	1.161867	0.946385	1.153844	0.004463	
1352516956.746879	0.999992	69.630417	56.099927	5.986987	1.159065	0.912766	1.156986	0.494975	1.159057	0.911988	1.159057	0.911954	1.159056	0.911944	1.158361	0.024379	1.159056	0.911960	1.161787	0.014042	1352516956.746938	1.000013	68.172736	54.798216	5.679216	1.167188	0.913081	1.154729	0.007087	1.167185	0.912856	1.167186	0.912821	1.167186	0.912798	1.167186	0.912812	1.167185	0.912787	1.153858	0.004337	
1352516957.746875	0.999996	70.663067	57.133899	6.069345	1.159133	0.977368	1.155354	0.410269	1.159133	0.977178	1.159133	0.977154	1.159133	0.977160	1.156221	0.016525	1.159133	0.977159	1.158292	0.018446	1352516957.746911	0.999973	70.055247	56.676210	6.038294	1.159545	0.981610	1.153826	0.006751	1.159545	0.981567	1.159545	0.981543	1.159545	0.981523	1.159545	0.981533	1.159544	0.981517	1.153821	0.004718	
1352516958.746879	1.000004	69.886497	56.342728	6.025549	1.157526	0.912244	1.155216	0.441940	1.157529	0.911624	1.157529	0.911586	1.157529	0.911584	1.155188	0.015906	1.157529	0.911567	1.157426	0.016723	1352516958.746941	1.000030	68.740885	55.348755	6.048799	1.170880	0.907776	1.153805	0.005105	1.170872	0.907524	1.170873	0.907491	1.170873	0.907481	1.170873	0.907468	1.170873	0.907462	1.153811	0.004310	
1352516959.746876	0.999997	70.039280	56.518715	6.055256	1.159137	0.941445	1.156434	0.417933	1.159137	0.941023	1.159137	0.941045	1.159136	0.941052	1.155947	0.016498	1.159136	0.941030	1.154652	0.012299	1352516959.746916	0.999975	69.808388	56.424798	6.006269	1.156847	0.947507	1.153770	0.004254	1.156845	0.947377	1.156845	0.947358	1.156845	0.947345	1.156845	0.947361	1.156845	0.947367	1.153739	0.002264	
1352516960.746888	1.000012	715780778.821358	715806494.357701	715815559.911573	0.999987	1.000540	0.999984	1.000542	0.999987	1.000547	0.999987	1.000538	0.999987	1.000542	0.999989	1.000536	0.999987	1.000542	0.999987	1.000539	1352516960.746971	1.000055	715763741.894060	715723677.925995	715738667.113577	0.999987	1.000539	0.999984	1.000542	3.893250	0.256992	0.999987	1.000539	0.999987	1.000542	0.999989	1.000537	0.999987	1.000541	0.999987	1.000539	
1352516961.746900	1.000012	0.000000	0.000000	0.000000	-nan	-nan	-nan	-nan	1.000008	inf	-nan	-nan	-nan	0.000000	-nan	-nan	-nan	-nan	-nan	-nan	1352516961.746962	0.999991	0.000000	0.000000	0.000000	-nan	-nan	-nan	-nan	1.345745	inf	-nan	-nan	-nan	-nan	-nan	-nan	-nan	-nan	-nan	-nan	
1352516962.747077	1.000177	0.000000	0.000000	0.000000	-nan	-nan	-nan	-nan	0.000000	inf	-nan	-nan	-nan	0.000000	-nan	-nan	-nan	-nan	-nan	-nan	1352516962.747141	1.000179	0.000000	0.000000	0.000000	-nan	-nan	-nan	-nan	-nan	-nan	-nan	-nan	-nan	-nan	-nan	-nan	-nan	-nan	-nan	-nan	
