ts_0	elapsed_0	pkg_0	pp0_0	dram_0	freq_ratio_0_0	c0_ratio_0_0	freq_ratio_0_1	c0_ratio_0_1	freq_ratio_0_2	c0_ratio_0_2	freq_ratio_0_3	c0_ratio_0_3	freq_ratio_0_4	c0_ratio_0_4	freq_ratio_0_5	c0_ratio_0_5	freq_ratio_0_6	c0_ratio_0_6	freq_ratio_0_7	c0_ratio_0_7	ts_1	elapsed_1	pkg_1	pp0_1	dram_1	freq_ratio_1_0	c0_ratio_1_0	freq_ratio_1_1	c0_ratio_1_1	freq_ratio_1_2	c0_ratio_1_2	freq_ratio_1_3	c0_ratio_1_3	freq_ratio_1_4	c0_ratio_1_4	freq_ratio_1_5	c0_ratio_1_5	freq_ratio_1_6	c0_ratio_1_6	freq_ratio_1_7	c0_ratio_1_7	
1356625322.932491	1.001577	47.724853	34.171076	7.295365	1.156218	0.369204	1.155621	0.365845	1.155043	0.361440	1.157173	0.372256	1.156407	0.368260	1.155748	0.363900	1.156687	0.369283	1.155656	0.363721	1356625322.932664	1.000389	47.426538	33.841355	6.653768	0.999980	0.996854	0.999986	0.929614	0.998812	0.000040	0.999743	0.000088	0.998776	0.000030	1.000001	0.819845	0.999931	0.000067	0.999930	0.930144	
1356625323.932489	0.999998	50.468190	36.817407	7.909515	1.000000	1.000000	1.000000	0.999999	1.000000	0.999999	1.000000	1.000000	0.999448	0.000352	1.019527	0.000008	1.000155	0.000179	1.000138	0.000067	1356625323.932652	0.999988	50.280049	36.618829	7.434308	1.000000	1.000000	1.000000	1.000000	1.000410	0.000075	1.005402	0.000007	1.000739	0.000051	1.000000	1.000000	0.998569	0.000006	1.000000	1.000000	
1356625324.932488	0.999999	50.548907	36.879796	7.894249	1.000000	1.000000	1.000000	1.000000	1.000000	1.000001	1.000000	1.000000	1.000394	0.000540	0.999621	0.000124	0.999781	0.000173	0.999434	0.000106	1356625324.932652	1.000000	50.342239	36.674026	7.551819	1.000000	1.000000	1.000000	1.000000	0.999988	0.000225	0.999852	0.000221	0.999859	0.000065	1.000000	1.000000	0.991980	0.000073	1.000000	1.000000	
1356625325.932488	1.000000	50.545395	36.870255	7.826797	1.000000	1.000000	1.000000	1.000001	1.000000	1.000000	1.000000	1.000000	0.999912	0.000333	1.003557	0.000008	1.000117	0.000187	1.001609	0.000054	1356625325.932653	1.000001	50.359876	36.711269	7.492562	1.000000	1.000000	1.000000	1.000000	0.999965	0.000354	0.999715	0.000031	0.999954	0.000050	1.000000	1.000000	1.000289	0.002018	1.000000	1.000000	
1356625326.932488	1.000000	50.594879	36.925079	7.789185	1.000000	0.999999	1.000000	1.000000	1.000000	1.000000	1.000000	1.000000	1.000249	0.000356	0.999482	0.000066	0.999416	0.000180	0.998796	0.000021	1356625326.932648	0.999995	50.417687	36.765550	7.471046	1.000000	1.000000	1.000000	1.000000	0.999782	0.000016	0.999868	0.000082	0.999850	0.000021	1.000000	1.000000	1.000039	0.000050	1.000000	1.000000	
1356625327.932488	1.000000	50.574036	36.929932	7.679062	1.000000	0.999829	1.000000	0.999825	1.000000	0.999824	1.000000	1.000000	0.999999	0.000353	0.998668	0.000008	0.999627	0.000226	0.993427	0.000079	1356625327.932652	1.000004	50.388285	36.752079	7.447785	1.000000	1.000000	1.000000	1.000000	1.000207	0.000058	0.999534	0.000031	1.000222	0.000052	1.000000	1.000000	1.001179	0.000006	1.000000	1.000000	
1356625328.932488	1.000000	50.626022	36.972794	7.457062	1.000000	1.000000	1.000000	0.999999	1.000000	1.000000	1.000000	1.000000	0.999992	0.000322	0.991509	0.000052	1.001037	0.000171	1.002849	0.000009	1356625328.932656	1.000004	50.381021	36.764469	7.220720	1.000000	1.000000	1.000000	1.000000	1.000069	0.000017	1.000083	0.000079	0.998107	0.000007	1.000000	1.000000	0.988273	0.000055	1.000000	1.000000	
1356625329.932488	1.000000	50.640717	36.990097	7.571259	1.000000	1.000000	1.000000	1.000000	1.000000	1.000000	1.000000	1.000001	0.999644	0.000382	1.019740	0.000023	0.999720	0.000198	1.007212	0.000070	1356625329.932650	0.999994	50.401149	36.789511	7.164639	1.000000	1.000000	1.000000	1.000000	0.994335	0.000119	0.984019	0.000032	0.989447	0.000050	1.000000	1.000000	1.001532	0.000007	1.000000	1.000000	
1356625330.932488	1.000000	50.628601	36.946472	7.746628	1.000000	1.000000	1.000000	1.000000	1.000000	1.000000	1.000000	1.000000	1.000212	0.000383	1.000552	0.000069	0.999887	0.000184	0.981866	0.000008	1356625330.932644	0.999994	50.456691	36.822516	7.489394	1.000000	1.000000	1.000000	1.000000	1.001911	0.000341	0.987856	0.000096	1.008211	0.000063	1.000000	1.000000	1.005503	0.000114	1.000000	1.000000	
1356625331.932489	1.000001	50.645612	36.978282	7.619591	1.000000	0.999387	1.000000	1.000000	1.000000	1.000000	1.000000	1.000000	0.999699	0.000352	0.981298	0.000008	1.000118	0.000180	1.001984	0.000069	1356625331.932650	1.000006	50.402272	36.779673	7.306383	1.000000	0.999421	1.000000	1.000000	0.999883	0.000049	1.056168	0.000030	1.000008	0.000050	1.000000	1.000000	1.006755	0.000006	1.000000	1.000000	
1356625332.932488	0.999999	50.627642	36.966954	7.675178	1.000000	1.000000	1.000000	1.000000	1.000000	1.000000	1.000000	1.000001	1.000184	0.000322	1.002686	0.000052	0.999855	0.000170	0.999365	0.000008	1356625332.932651	1.000001	50.425108	36.804454	7.417824	1.000000	1.000000	1.000000	1.000000	1.000575	0.000015	0.999807	0.000078	1.000481	0.000007	1.000000	1.000000	1.000184	0.000052	1.000000	1.000000	
1356625333.932488	1.000000	50.641144	36.984344	7.565399	1.000000	1.000000	1.000000	1.000000	1.000000	1.000001	1.000000	1.000000	1.000316	0.000408	1.002013	0.000008	0.999597	0.000180	0.999971	0.000053	1356625333.932651	1.000000	50.434692	36.820862	7.344803	1.000000	1.000000	1.000000	1.000000	0.999888	0.000055	1.000220	0.000032	0.999992	0.000049	1.000000	1.000000	0.992555	0.000007	1.000000	1.000000	
1356625334.932488	1.000000	50.610321	36.938583	7.692505	1.000000	1.000000	1.000000	0.999999	1.000000	1.000000	1.000000	0.999999	0.999008	0.000334	0.998019	0.000050	1.000597	0.000170	0.998579	0.000008	1356625334.932651	1.000000	50.401764	36.790344	7.557770	1.000000	1.000000	1.000000	1.000000	0.990099	0.000070	0.999904	0.000080	1.000273	0.000007	1.000000	1.000000	0.987288	0.000051	1.000000	1.000000	
1356625335.932488	1.000000	50.652283	36.980270	7.800568	1.000000	1.000000	1.000000	1.000000	1.000000	1.000000	1.000000	1.000000	1.000915	0.000337	1.007042	0.000008	0.999696	0.000179	1.000088	0.000061	1356625335.932654	1.000003	50.535671	36.899117	7.383202	1.000000	1.000000	1.000000	1.000000	1.002008	0.000340	0.999878	0.000032	1.000289	0.000051	1.000000	1.000000	1.000136	0.004705	1.000000	1.000000	
1356625336.932488	1.000000	50.702103	37.094543	7.646133	1.000000	1.000000	1.000000	1.000000	1.000000	1.000000	1.000000	1.000000	0.999994	0.003305	1.000003	0.002855	0.999993	0.003866	0.999971	0.002717	1356625336.932654	1.000000	50.463501	36.863220	7.292007	1.000000	1.000000	1.000000	1.000000	0.999995	0.003114	0.999994	0.003128	0.999993	0.002685	1.000000	1.000000	1.000002	0.002773	1.000000	1.000000	
1356625337.932488	1.000000	50.604691	36.910950	7.670013	0.999984	0.999893	0.999970	0.999914	0.999984	0.999889	0.999971	0.999917	1.000012	0.000344	0.994354	0.000008	1.000245	0.000179	0.999279	0.000052	1356625337.932658	1.000004	50.436945	36.826404	7.422989	1.000000	1.000000	1.000000	0.999928	1.000340	0.000053	1.000343	0.000031	1.000131	0.000050	1.000000	1.000000	1.003372	0.000006	1.000000	1.000000	
1356625338.932489	1.000001	50.644727	36.960628	7.792183	1.000000	1.000000	1.000000	1.000000	1.000001	1.000000	1.000000	1.000000	0.999795	0.000350	1.000610	0.000053	0.999728	0.000171	0.993614	0.000009	1356625338.932653	0.999995	50.468499	36.832658	7.375708	1.000000	1.000000	1.000000	1.000000	0.999704	0.000017	1.000098	0.000079	0.999297	0.000007	1.000000	1.000000	1.000048	0.000056	1.000000	0.999789	
1356625339.932488	0.999999	50.668444	37.007451	7.541297	1.000000	1.000000	1.000000	1.000000	1.000000	1.000000	1.000000	1.000000	1.000200	0.000345	1.006479	0.000008	1.000517	0.000180	0.993766	0.000060	1356625339.932648	0.999995	50.468011	36.849077	7.160360	1.000000	1.000000	1.000000	1.000000	0.992902	0.000097	0.999604	0.000031	0.999771	0.000051	1.000000	1.000000	0.996445	0.000006	1.000000	1.000000	
1356625340.932488	1.000000	50.687866	36.984802	7.872665	1.000000	1.000000	1.000000	1.000000	0.999999	0.999999	1.000000	1.000001	0.999555	0.000317	0.989371	0.000054	1.000007	0.000171	1.000847	0.000009	1356625340.932652	1.000004	50.467630	36.817371	7.724685	1.000000	1.000000	1.000000	1.000000	1.002198	0.000310	0.999809	0.000077	1.001909	0.000006	1.000000	1.000000	0.988698	0.000055	1.000000	1.000000	
1356625341.932488	1.000000	50.703705	37.009979	7.897552	1.000000	1.000000	1.000000	1.000000	1.000000	1.000000	1.000000	1.000000	1.000223	0.000363	1.020875	0.000022	0.999909	0.000194	1.006712	0.000068	1356625341.932655	1.000003	50.499126	36.854515	7.722129	1.000000	1.000000	1.000000	1.000000	1.000060	0.000064	0.984233	0.000032	0.990238	0.000051	1.000000	1.000000	0.999010	0.000007	1.000000	1.000000	
1356625342.932489	1.000001	50.698438	36.998012	7.981865	1.000000	1.000000	1.000000	1.000000	1.000000	1.000000	1.000000	1.000000	1.000236	0.000329	1.001518	0.000046	1.000014	0.000171	1.008410	0.000008	1356625342.932649	0.999994	50.488216	36.841238	7.708344	1.000000	1.000000	1.000000	1.000000	0.997131	0.000017	1.005539	0.000093	1.017847	0.000028	1.000000	1.000000	1.010077	0.000062	1.000000	1.000000	
1356625343.932502	1.000013	47.033471	33.418400	7.203916	0.999985	0.876345	1.000000	0.876113	1.000000	0.876090	0.999998	0.876051	0.999955	0.000370	1.002659	0.000008	0.999836	0.000181	0.999811	0.000074	1356625343.932852	1.000203	47.787576	34.208330	6.857663	0.999999	0.875822	1.000000	0.875822	1.000819	0.000074	0.998667	0.000032	1.000159	0.000063	0.999999	0.875717	1.002430	0.000006	1.000000	1.000000	
1356625344.932502	1.000000	715772291.007858	715801939.690262	715820752.222321	0.999960	1.000442	0.999958	1.000447	0.999961	1.000455	0.999959	1.000440	0.999960	1.000445	0.999963	1.000443	0.999959	1.000444	0.999960	1.000446	1356625344.932600	0.999748	715958673.855147	715950159.634738	715944009.992112	0.999960	1.000445	0.999957	1.000443	3.895015	0.256846	0.999959	1.000438	0.999961	1.000450	0.999962	1.000437	0.999960	1.000448	0.999960	1.000442	
1356625345.932488	0.999986	0.000000	0.000000	0.000000	-nan	-nan	-nan	-nan	1.000008	inf	-nan	-nan	-nan	0.000000	-nan	-nan	-nan	-nan	-nan	-nan	1356625345.932572	0.999972	0.000000	0.000000	0.000000	-nan	-nan	-nan	-nan	1.345745	inf	-nan	-nan	-nan	-nan	-nan	-nan	-nan	-nan	-nan	-nan	
