ts_0	elapsed_0	pkg_0	pp0_0	dram_0	freq_ratio_0_0	c0_ratio_0_0	freq_ratio_0_1	c0_ratio_0_1	freq_ratio_0_2	c0_ratio_0_2	freq_ratio_0_3	c0_ratio_0_3	freq_ratio_0_4	c0_ratio_0_4	freq_ratio_0_5	c0_ratio_0_5	freq_ratio_0_6	c0_ratio_0_6	freq_ratio_0_7	c0_ratio_0_7	ts_1	elapsed_1	pkg_1	pp0_1	dram_1	freq_ratio_1_0	c0_ratio_1_0	freq_ratio_1_1	c0_ratio_1_1	freq_ratio_1_2	c0_ratio_1_2	freq_ratio_1_3	c0_ratio_1_3	freq_ratio_1_4	c0_ratio_1_4	freq_ratio_1_5	c0_ratio_1_5	freq_ratio_1_6	c0_ratio_1_6	freq_ratio_1_7	c0_ratio_1_7	
1356626897.728283	1.001659	63.974560	50.609555	3.674507	1.155429	0.257592	1.153955	0.253161	1.154178	0.254121	1.153875	0.251694	1.153751	0.250895	1.154803	0.253496	1.154047	0.250529	1.155041	0.253403	1356626897.728362	1.000322	54.420017	41.159960	2.740344	0.999911	0.878875	0.999938	0.878569	0.999978	0.877784	1.000001	0.877837	0.999979	0.877793	0.999914	0.007232	0.989220	0.000138	0.999846	0.879690	
1356626898.728278	0.999995	64.638126	51.275815	3.776951	0.921497	0.998241	0.921497	0.998240	0.921497	0.998240	0.921497	0.998239	0.921496	0.998236	0.921497	0.998238	0.921497	0.998236	0.921496	0.998235	1356626898.728338	0.999976	58.199140	44.943358	2.728200	1.000000	1.000000	1.000000	1.000000	1.000000	1.000000	1.000000	1.000000	1.000000	1.000000	0.999916	0.004553	1.000231	0.006043	1.000000	1.000000	
1356626899.728279	1.000001	64.704391	51.324505	3.771862	0.920210	0.997690	0.920210	0.997687	0.920210	0.997685	0.920210	0.997685	0.920211	0.997684	0.920210	0.997682	0.920210	0.997681	0.920210	0.997679	1356626899.728343	1.000005	56.871465	43.630015	2.733217	1.000000	0.971686	1.000000	0.971532	1.000000	0.971533	1.000000	0.971532	1.000000	0.971530	1.000164	0.000674	0.987911	0.002750	0.999981	0.971926	
1356626900.728278	0.999999	64.700715	51.317447	3.797123	0.919694	0.997864	0.919694	0.997862	0.919695	0.997861	0.919694	0.997861	0.919694	0.997859	0.919695	0.997859	0.919694	0.997858	0.919694	0.997857	1356626900.728336	0.999993	58.169805	44.950552	2.708728	1.000000	1.000000	1.000000	1.000000	1.000000	1.000000	1.000000	1.000000	1.000000	1.000000	0.999974	0.003282	1.000013	0.002154	1.000000	1.000000	
1356626901.728277	0.999999	64.706864	51.320773	3.789387	0.918969	0.997680	0.918969	0.997679	0.918968	0.997678	0.918968	0.997675	0.918968	0.997674	0.918967	0.997674	0.918968	0.997673	0.918967	0.997672	1356626901.728343	1.000007	57.986614	44.758434	2.706066	1.000000	1.000000	1.000000	1.000000	1.000000	1.000000	1.000000	1.000000	1.000000	1.000000	1.000006	0.006510	0.999815	0.000092	1.000000	1.000000	
1356626902.728279	1.000002	64.698683	51.308236	3.801491	0.918318	0.997283	0.918318	0.997282	0.918319	0.997280	0.918319	0.997279	0.918319	0.997276	0.918320	0.997274	0.918320	0.997273	0.918320	0.997272	1356626902.728348	1.000005	56.587211	43.357602	2.711412	0.999982	0.962673	1.000000	0.960522	1.000000	0.960521	1.000000	0.960520	1.000000	0.960519	0.990046	0.005047	1.001342	0.000062	1.000000	0.960563	
1356626903.728279	1.000000	64.704910	51.315628	3.786240	0.918489	0.997448	0.918489	0.997447	0.918489	0.997443	0.918489	0.997443	0.918489	0.997442	0.918489	0.997440	0.918489	0.997440	0.918489	0.997437	1356626903.728341	0.999993	57.689501	44.457568	2.732807	0.999983	0.992300	1.000000	0.991658	1.000000	0.991656	1.000000	0.991655	1.000000	0.991653	0.995335	0.004259	0.999604	0.000194	1.000000	0.991924	
1356626904.728278	0.999999	64.700532	51.306552	3.785465	0.918220	0.997538	0.918219	0.997538	0.918219	0.997536	0.918219	0.997536	0.918219	0.997534	0.918219	0.997533	0.918218	0.997532	0.918218	0.997530	1356626904.728336	0.999995	58.204927	44.973003	2.703596	1.000000	1.000000	1.000000	1.000000	1.000000	1.000000	1.000000	1.000000	1.000000	1.000000	0.999964	0.005109	1.000014	0.000597	1.000000	1.000000	
1356626905.728277	0.999999	64.706559	51.312976	3.789356	0.917214	0.997065	0.917214	0.997062	0.917215	0.997060	0.917215	0.997058	0.917215	0.997055	0.917215	0.997053	0.917216	0.997052	0.917216	0.997051	1356626905.728334	0.999998	58.024342	44.789941	2.731725	1.000000	1.000000	1.000000	1.000000	1.000000	1.000000	1.000000	1.000000	1.000000	1.000000	0.997923	0.000513	0.999950	0.004423	1.000000	1.000000	
1356626906.728279	1.000002	64.705107	51.308526	3.793847	0.917851	0.997242	0.917851	0.997241	0.917851	0.997240	0.917851	0.997239	0.917851	0.997237	0.917851	0.997236	0.917851	0.997234	0.917851	0.997232	1356626906.728341	1.000007	56.861423	43.626575	2.704159	0.999982	0.969383	1.000000	0.968410	1.000000	0.968412	1.000000	0.968408	1.000000	0.968407	1.003135	0.000332	0.973195	0.004326	1.000000	0.968450	
1356626907.728279	1.000000	64.698318	51.303650	3.785782	0.917801	0.995550	0.917809	0.997087	0.917810	0.997087	0.917801	0.995545	0.917809	0.997082	0.917809	0.997081	0.917809	0.997079	0.917809	0.997078	1356626907.728343	1.000002	57.879818	44.644690	2.705073	0.999987	0.999714	1.000000	0.998455	1.000000	0.998453	1.000000	0.998453	1.000000	0.998451	0.999967	0.002173	1.000034	0.000595	0.999979	0.999730	
1356626908.728279	1.000000	715774905.413467	715809170.809769	715777383.813858	0.999952	1.000894	0.999951	1.000902	0.999960	1.000899	0.999953	1.000901	0.999954	1.000905	0.999955	1.000897	0.999954	1.000905	0.999953	1.000899	1356626908.728368	1.000025	715781160.271254	715807123.502472	715795788.184815	0.999953	1.000896	0.999950	1.000900	3.895566	0.256923	0.999953	1.000899	0.999954	1.000906	0.999955	1.000897	0.999953	1.000904	0.999953	1.000902	
1356626909.728320	1.000041	0.000000	0.000000	0.000000	-nan	-nan	-nan	-nan	0.000000	inf	-nan	-nan	-nan	0.000000	-nan	-nan	-nan	-nan	-nan	-nan	1356626909.728412	1.000044	0.000000	0.000000	0.000000	-nan	-nan	-nan	-nan	0.000000	inf	-nan	-nan	-nan	-nan	-nan	-nan	-nan	-nan	-nan	-nan	
