ts_0	elapsed_0	pkg_0	pp0_0	dram_0	freq_ratio_0_0	c0_ratio_0_0	freq_ratio_0_1	c0_ratio_0_1	freq_ratio_0_2	c0_ratio_0_2	freq_ratio_0_3	c0_ratio_0_3	freq_ratio_0_4	c0_ratio_0_4	freq_ratio_0_5	c0_ratio_0_5	freq_ratio_0_6	c0_ratio_0_6	freq_ratio_0_7	c0_ratio_0_7	ts_1	elapsed_1	pkg_1	pp0_1	dram_1	freq_ratio_1_0	c0_ratio_1_0	freq_ratio_1_1	c0_ratio_1_1	freq_ratio_1_2	c0_ratio_1_2	freq_ratio_1_3	c0_ratio_1_3	freq_ratio_1_4	c0_ratio_1_4	freq_ratio_1_5	c0_ratio_1_5	freq_ratio_1_6	c0_ratio_1_6	freq_ratio_1_7	c0_ratio_1_7	
1356626897.733156	1.001606	55.790619	42.693306	4.631554	1.155147	0.387853	1.156216	0.395665	1.155647	0.389216	1.156904	0.393885	1.155633	0.386002	1.157173	0.393810	1.156300	0.388119	1.156754	0.390447	1356626897.733279	1.000365	62.560813	49.406679	1.631561	0.987380	0.881884	0.987375	0.881433	0.987398	0.881199	0.987377	0.881195	0.987396	0.881153	0.987376	0.881141	0.987329	0.876543	0.987187	0.882905	
1356626898.733151	0.999995	59.656747	46.529667	4.934763	1.000000	1.000001	1.000001	1.000000	1.000000	1.000000	1.000000	1.000000	1.000000	1.000000	1.000000	1.000000	1.000450	0.000500	1.004978	0.000061	1356626898.733265	0.999986	64.686258	51.510185	1.612190	0.949996	0.996543	0.949996	0.996540	0.949996	0.996538	0.949996	0.996535	0.949996	0.996534	0.949996	0.996533	0.949996	0.996531	0.949996	0.996528	
1356626899.733151	1.000000	59.052078	45.914734	4.954681	1.000000	1.000000	0.999999	0.974369	1.000000	0.971540	1.000000	0.971537	1.000000	0.971536	1.000000	0.971535	0.999559	0.000792	0.899921	0.000016	1356626899.733275	1.000010	64.683984	51.500888	1.620757	0.950875	0.996747	0.950875	0.996745	0.950875	0.996744	0.950875	0.996742	0.950875	0.996739	0.950875	0.996736	0.950875	0.996734	0.950875	0.996733	
1356626900.733151	1.000000	59.870789	46.729156	4.954697	1.000000	1.000000	1.000001	1.000000	1.000000	1.000000	1.000000	1.000000	1.000000	1.000000	1.000000	1.000000	0.999999	0.000526	1.021764	0.000061	1356626900.733266	0.999991	64.692496	51.511178	1.607818	0.952965	0.997102	0.952964	0.997099	0.952964	0.997099	0.952964	0.997096	0.952964	0.997095	0.952964	0.997093	0.952964	0.997093	0.952964	0.997091	
1356626901.733151	1.000000	60.030930	46.886322	4.939728	1.000000	1.000000	1.000000	1.000000	1.000000	1.000000	1.000000	1.000000	1.000000	1.000000	1.000000	1.000000	1.000282	0.000486	0.989565	0.000013	1356626901.733264	0.999998	64.686265	51.513129	1.613635	0.954551	0.997653	0.954551	0.997650	0.954551	0.997649	0.954551	0.997648	0.954551	0.997646	0.954551	0.997645	0.954551	0.997644	0.954551	0.997643	
1356626902.733151	1.000000	59.942215	46.806152	4.959625	1.000000	1.000000	1.000000	1.000000	1.000000	1.000000	1.000000	1.000000	1.000000	1.000000	1.000000	1.000000	0.999948	0.002589	1.002751	0.000057	1356626902.733268	1.000004	64.683515	51.529439	1.628640	0.955288	0.997661	0.955288	0.997659	0.955288	0.997658	0.955289	0.997655	0.955289	0.997655	0.955289	0.997654	0.955289	0.997652	0.955289	0.997651	
1356626903.733151	1.000000	60.007736	46.857346	4.939728	1.000000	1.000001	1.000000	1.000000	1.000000	1.000000	1.000000	1.000000	1.000000	1.000000	1.000000	1.000000	0.999942	0.000457	0.999405	0.000013	1356626903.733265	0.999997	64.686022	51.534095	1.616628	0.952615	0.996852	0.952615	0.996850	0.952615	0.996848	0.952615	0.996845	0.952615	0.996844	0.952615	0.996843	0.952615	0.996840	0.952615	0.996840	
1356626904.733151	1.000000	59.868393	46.712067	4.954758	1.000000	0.994848	0.999981	0.999251	1.000000	0.994849	1.000000	0.994846	1.000000	0.994845	1.000000	0.994844	1.000000	0.000857	0.994431	0.000063	1356626904.733268	1.000003	64.616179	51.478646	1.625651	0.953064	0.997279	0.953064	0.997278	0.953064	0.997275	0.953064	0.997272	0.953064	0.997270	0.952936	0.992143	0.953063	0.997267	0.953064	0.997266	
1356626905.733151	1.000000	59.931320	46.768127	4.954697	1.000000	1.000000	1.000000	1.000000	1.000000	1.000000	1.000000	1.000000	1.000000	1.000000	1.000000	1.000000	1.000224	0.000481	0.990246	0.000014	1356626905.733267	0.999999	64.687989	51.539356	1.610445	0.953923	0.997556	0.953923	0.997554	0.953923	0.997552	0.953923	0.997550	0.953923	0.997549	0.953923	0.997550	0.953923	0.997549	0.953923	0.997548	
1356626906.733151	1.000000	59.351059	46.188065	4.901337	1.000000	0.979570	0.999984	0.983222	1.000000	0.979567	0.999999	0.979582	1.000000	0.979565	1.000000	0.979565	1.000170	0.000495	1.009768	0.000074	1356626906.733272	1.000005	64.687191	51.538698	1.613731	0.952292	0.997357	0.952292	0.997356	0.952292	0.997354	0.952292	0.997352	0.952292	0.997352	0.952292	0.997350	0.952292	0.997350	0.952292	0.997347	
1356626907.733151	1.000000	59.927948	46.764069	4.944717	1.000000	1.000000	1.000000	1.000000	1.000000	1.000000	1.000001	1.000001	1.000000	1.000000	1.000000	1.000000	0.999575	0.000471	0.983331	0.000013	1356626907.733269	0.999997	64.686159	51.537300	1.624334	0.952082	0.997183	0.952081	0.997181	0.952082	0.997180	0.952081	0.997179	0.952081	0.997177	0.952081	0.997175	0.952081	0.997174	0.952081	0.997172	
1356626908.733158	1.000007	715821785.622870	715758896.324983	715816826.427758	0.999929	1.000727	0.999924	1.000720	0.999936	1.000725	0.999927	1.000720	0.999929	1.000731	0.999929	1.000717	0.999928	1.000729	0.999927	1.000724	1356626908.733249	0.999980	715801902.444595	715823732.134040	715838468.988442	0.999927	1.000719	0.999925	1.000725	3.897148	0.256771	0.999925	1.000712	0.999928	1.000727	0.999930	1.000723	0.999928	1.000731	0.999927	1.000719	
1356626909.733233	1.000075	0.000000	0.000000	0.000000	-nan	-nan	-nan	-nan	0.000000	inf	-nan	-nan	-nan	0.000000	-nan	-nan	-nan	-nan	-nan	-nan	1356626909.733311	1.000062	0.000000	0.000000	0.000000	-nan	-nan	-nan	-nan	0.000000	inf	-nan	-nan	-nan	-nan	-nan	-nan	-nan	-nan	-nan	-nan	
