ts_0	elapsed_0	pkg_0	pp0_0	dram_0	freq_ratio_0_0	c0_ratio_0_0	freq_ratio_0_1	c0_ratio_0_1	freq_ratio_0_2	c0_ratio_0_2	freq_ratio_0_3	c0_ratio_0_3	freq_ratio_0_4	c0_ratio_0_4	freq_ratio_0_5	c0_ratio_0_5	freq_ratio_0_6	c0_ratio_0_6	freq_ratio_0_7	c0_ratio_0_7	ts_1	elapsed_1	pkg_1	pp0_1	dram_1	freq_ratio_1_0	c0_ratio_1_0	freq_ratio_1_1	c0_ratio_1_1	freq_ratio_1_2	c0_ratio_1_2	freq_ratio_1_3	c0_ratio_1_3	freq_ratio_1_4	c0_ratio_1_4	freq_ratio_1_5	c0_ratio_1_5	freq_ratio_1_6	c0_ratio_1_6	freq_ratio_1_7	c0_ratio_1_7	
1353401314.317807	1.064992	37.331948	24.275513	1.700243	1.153425	0.513738	1.153039	0.507926	1.152872	0.511956	1.153533	0.515136	1.153911	0.519489	1.154286	0.516300	1.153492	0.515714	1.153660	0.507584	1353401314.318224	1.044312	23.431287	10.232359	1.586119	0.815477	0.000224	1.155415	0.000121	1.087082	0.000100	1.048420	0.000248	0.976008	0.000102	0.784842	0.000190	0.907501	0.000223	0.852215	0.000117	
1353401314.320127	0.002320	32.075635	19.980680	2.735998	1.185800	0.442117	0.685954	0.061177	0.617738	0.012696	0.611240	0.013036	1.269284	0.009443	0.581788	0.016438	1.269469	0.002129	1.271451	0.002114	1353401314.320537	0.002313	17.423358	5.897949	2.058345	0.461911	0.011846	1.269844	0.002705	1.268926	0.002714	0.577758	0.014849	0.641099	0.013632	0.703864	0.025705	0.710552	0.004313	0.546669	0.046064	
1353401314.335395	0.015268	39.380003	25.724324	2.077734	1.266491	0.927375	0.733441	0.007727	1.270370	0.000368	1.270744	0.000364	1.268678	0.001526	1.268892	0.001263	1.238020	0.001507	1.269392	0.000368	1353401314.335810	0.015273	17.505589	4.462816	1.570528	0.553839	0.004660	0.588231	0.002618	0.547554	0.003359	1.276999	0.000411	0.720806	0.000733	0.975392	0.001297	0.739226	0.000744	0.537849	0.002783	
1353401315.037668	0.702273	68.433867	55.380961	3.585074	1.154296	0.570076	1.192050	0.853054	1.153877	0.568083	1.153863	0.567757	1.153857	0.567691	1.153865	0.567708	1.191557	0.843723	1.153840	0.567436	1353401315.038119	0.702309	69.865163	56.639417	1.730372	1.154999	0.568820	1.154883	0.567741	1.154865	0.567629	1.180095	0.835138	1.154717	0.567157	1.154709	0.567128	1.180208	0.829338	1.192812	0.993009	
1353401315.588262	0.550594	81.296242	68.210789	3.776355	1.153078	0.907230	1.153639	0.906412	1.153846	0.906228	1.153840	0.906134	1.153841	0.906156	1.153843	0.906163	1.153853	0.906286	1.153839	0.906129	1353401315.588732	0.550613	82.094736	68.855872	1.704477	1.153856	0.906268	1.153853	0.906240	1.153851	0.906162	1.153849	0.906185	1.153847	0.906127	1.153852	0.906236	1.153851	0.906212	1.164367	0.997844	
1353401316.295377	0.707115	75.154433	62.056881	3.412752	1.153832	0.775953	1.153867	0.775828	1.153856	0.775787	1.153851	0.775719	1.153852	0.775726	1.153852	0.775719	1.153855	0.775763	1.153849	0.775688	1353401316.295821	0.707089	75.149341	61.922109	1.656784	1.153854	0.775779	1.153858	0.775811	1.153848	0.775688	1.153851	0.775702	1.153799	0.775739	1.153810	0.775810	1.153855	0.775785	1.179463	0.997913	
1353401316.724072	0.428695	89.160889	76.078219	3.792069	1.153851	0.997880	1.153848	0.997866	1.153853	0.998058	1.153846	0.998158	1.153847	0.998237	1.153848	0.998458	1.153855	0.998651	1.153846	0.998746	1353401316.724136	0.428315	88.248552	74.971873	1.683325	1.153852	0.998974	1.153852	0.999193	1.153848	0.999155	1.153849	0.999426	1.153848	0.999451	1.153852	0.999786	1.153852	0.999850	1.153859	0.996147	
1353401317.145705	0.421633	89.106560	75.981989	3.791635	1.153863	0.981794	1.153864	0.981753	1.153851	0.981400	1.153851	0.981321	1.153853	0.981105	1.153849	0.981010	1.153846	0.980767	1.153848	0.980699	1353401317.146157	0.422021	87.719335	74.456308	1.704850	1.153847	0.980605	1.153846	0.980375	1.153846	0.980304	1.153847	0.980108	1.153850	0.980050	1.153851	0.979838	1.153846	0.979721	1.155682	0.996956	
1353401317.781460	0.635755	83.212265	70.108963	3.772917	1.153830	0.930821	1.153860	0.930475	1.153852	0.930565	1.153848	0.930393	1.153855	0.930563	1.153850	0.930422	1.153856	0.930597	1.153852	0.930426	1353401317.781902	0.635745	82.656598	69.403153	1.699253	1.153856	0.930507	1.153854	0.930584	1.153851	0.930512	1.153848	0.930623	1.153854	0.930641	1.153952	0.932173	1.153859	0.930875	1.161448	0.996695	
1353401318.491762	0.710302	72.808783	59.686435	3.461971	1.153256	0.783919	1.153917	0.783040	1.153830	0.783145	1.153812	0.781950	1.153804	0.781878	1.153852	0.781850	1.153908	0.782995	1.153902	0.782920	1353401318.492224	0.710322	75.109014	61.840979	1.705245	1.153851	0.782970	1.153850	0.782889	1.153847	0.782826	1.153858	0.782874	1.153798	0.782795	1.178705	0.998256	1.153849	0.782725	1.153791	0.629648	
1353401318.923492	0.431730	89.429157	76.296378	3.800719	1.153849	0.997724	1.153852	0.997852	1.153859	0.998049	1.153847	0.998036	1.153854	0.998125	1.153848	0.998346	1.153860	0.998659	1.153851	0.998767	1353401318.923554	0.431330	88.524261	75.264223	1.674176	1.153852	0.998872	1.153853	0.999080	1.153849	0.999026	1.153851	0.999368	1.153849	0.999321	1.153889	0.996940	1.153852	0.999647	1.153852	0.999721	
1353401319.344245	0.420753	89.222462	76.108302	3.806202	1.153472	0.986944	1.153532	0.986683	1.153840	0.986174	1.153842	0.986131	1.153827	0.986082	1.153829	0.986026	1.153830	0.985938	1.153828	0.985824	1353401319.344589	0.421035	88.314578	75.057171	1.697535	1.153847	0.985748	1.153846	0.985473	1.153846	0.985403	1.153792	0.985297	1.153846	0.985110	1.155012	0.996656	1.153846	0.984888	1.153848	0.984838	
1353401319.846000	0.501755	87.204228	74.077908	3.796458	1.153833	0.786361	1.153848	0.998610	1.153811	0.998735	1.153847	0.998714	1.153847	0.998765	1.153847	0.998821	1.153784	0.999003	1.153848	0.998941	1353401319.846063	0.501474	87.371961	74.134554	1.678189	1.153851	0.999121	1.153851	0.999309	1.153848	0.999270	1.153848	0.999456	1.153848	0.999516	1.153878	0.997720	1.153851	0.999809	1.153851	0.999868	
1353401320.366502	0.520502	85.980513	72.840212	3.807822	1.153843	0.947264	1.153862	0.946948	1.153848	0.946770	1.153848	0.946601	1.153850	0.946580	1.153852	0.946405	1.153850	0.946333	1.153841	0.946137	1353401320.366946	0.520883	84.979773	71.745764	1.672809	1.153809	0.946082	1.153836	0.945918	1.153825	0.945797	1.153833	0.945803	1.153825	0.945653	1.159578	0.996189	1.153824	0.945522	1.153777	0.945518	
1353401321.040302	0.673800	80.476254	67.330914	3.577595	1.171072	0.997406	1.153901	0.848801	1.153853	0.848381	1.153848	0.848404	1.153848	0.848410	1.153850	0.848528	1.153856	0.848588	1.153853	0.848580	1353401321.040501	0.673555	75.888675	62.654799	1.692466	1.153797	0.848621	1.153833	0.848613	1.153812	0.848563	1.153826	0.848618	1.153821	0.848500	1.153799	0.843388	1.153834	0.848548	1.153832	0.848674	
1353401321.605066	0.564764	83.224732	70.085829	3.601876	1.153873	0.882256	1.167112	0.996953	1.153851	0.882081	1.153847	0.882034	1.153849	0.882059	1.153849	0.882066	1.153855	0.882133	1.153847	0.882015	1353401321.605261	0.564760	78.979638	65.740241	1.657998	1.153616	0.882183	1.153706	0.882057	1.153752	0.882045	1.153736	0.882130	1.153781	0.882108	1.153723	0.882234	1.153677	0.882290	1.153571	0.882439	
1353401322.148102	0.543036	87.624660	74.497126	3.772268	1.153873	0.983033	1.155517	0.997526	1.153851	0.982839	1.153849	0.982784	1.153848	0.982778	1.153847	0.982751	1.153854	0.982867	1.153847	0.982753	1353401322.148300	0.543039	85.489039	72.257445	1.642913	1.153794	0.982745	1.153833	0.982702	1.153832	0.982598	1.153836	0.982682	1.153838	0.982580	1.153805	0.982630	1.153842	0.982667	1.153853	0.982734	
1353401322.606167	0.458065	89.702346	76.580351	3.801731	1.153855	0.998714	1.153968	0.997822	1.153857	0.998826	1.153848	0.998692	1.153848	0.998746	1.153848	0.998808	1.153859	0.999092	1.153851	0.999031	1353401322.606203	0.457903	87.945916	74.691881	1.659362	1.153790	0.999247	1.153803	0.999321	1.153848	0.999188	1.153829	0.999412	1.153848	0.999317	1.153848	0.999375	1.153796	0.999663	1.153806	0.999812	
1353401323.025648	0.419481	90.645342	77.541760	3.786715	1.153846	1.000000	1.153846	0.997757	1.153846	1.000000	1.153846	1.000000	1.153846	1.000000	1.153846	1.000000	1.153846	1.000000	1.153846	1.000000	1353401323.025682	0.419479	88.903560	75.671142	1.670803	1.153846	1.000000	1.153847	1.000000	1.153846	1.000000	1.153846	1.000000	1.153846	1.000000	1.153846	0.999999	1.153847	1.000000	1.153846	1.000000	
1353401323.444523	0.418875	90.745385	77.628891	3.782031	1.153846	1.000000	1.153846	0.997436	1.153846	1.000000	1.153846	1.000000	1.153846	1.000000	1.153846	1.000000	1.153846	1.000000	1.153846	1.000000	1353401323.444560	0.418878	89.032354	75.780627	1.703908	1.153846	1.000000	1.153846	1.000000	1.153846	1.000000	1.153846	1.000000	1.153846	1.000000	1.153847	1.000001	1.153846	1.000000	1.153846	1.000000	
1353401323.866883	0.422360	90.554473	77.451913	3.796779	1.153846	1.000000	1.153846	0.997193	1.153846	1.000000	1.153846	1.000000	1.153846	1.000000	1.153846	1.000000	1.153846	1.000000	1.153846	1.000000	1353401323.866919	0.422359	88.883309	75.644591	1.716564	1.153845	0.999989	1.153846	1.000000	1.153846	1.000000	1.153846	1.000000	1.153846	1.000000	1.153846	1.000000	1.153846	1.000000	1.153846	1.000000	
1353401324.286901	0.420018	90.709041	77.596816	3.781221	1.153846	1.000000	1.153846	0.996662	1.153846	1.000000	1.153846	1.000000	1.153846	1.000000	1.153846	1.000000	1.153846	1.000000	1.153846	1.000000	1353401324.286941	0.420022	89.049223	75.794172	1.694036	1.153847	1.000011	1.153845	1.000000	1.153846	1.000000	1.153846	1.000000	1.153846	1.000000	1.153846	1.000000	1.153847	1.000000	1.153846	1.000000	
1353401324.709094	0.422193	90.669022	77.561680	3.807134	1.153846	1.000000	1.153846	0.996364	1.153846	1.000000	1.153846	1.000000	1.153846	1.000000	1.153846	1.000000	1.153846	1.000000	1.153846	1.000000	1353401324.709128	0.422187	89.001000	75.746338	1.709420	1.153846	1.000000	1.153846	0.999999	1.153846	0.999999	1.153846	0.999999	1.153846	1.000000	1.153846	1.000000	1.153846	1.000000	1.153846	1.000000	
1353401324.710533	0.001439	53.969516	44.819085	2.640159	1.153777	0.999929	1.153819	0.203850	1.153760	0.999965	1.153853	0.999934	1.153787	0.999954	1.153789	0.999946	1.153781	0.999967	1.153761	0.999958	1353401324.710567	0.001439	110.727634	92.182903	5.301524	1.153934	1.000004	1.154060	1.000115	1.153983	1.000148	1.153951	1.000159	1.153842	1.000025	1.153803	1.000029	1.153924	0.999954	1.153791	0.999999	
