ts_0	elapsed_0	pkg_0	pp0_0	dram_0	freq_ratio_0_0	c0_ratio_0_0	freq_ratio_0_1	c0_ratio_0_1	freq_ratio_0_2	c0_ratio_0_2	freq_ratio_0_3	c0_ratio_0_3	freq_ratio_0_4	c0_ratio_0_4	freq_ratio_0_5	c0_ratio_0_5	freq_ratio_0_6	c0_ratio_0_6	freq_ratio_0_7	c0_ratio_0_7	ts_1	elapsed_1	pkg_1	pp0_1	dram_1	freq_ratio_1_0	c0_ratio_1_0	freq_ratio_1_1	c0_ratio_1_1	freq_ratio_1_2	c0_ratio_1_2	freq_ratio_1_3	c0_ratio_1_3	freq_ratio_1_4	c0_ratio_1_4	freq_ratio_1_5	c0_ratio_1_5	freq_ratio_1_6	c0_ratio_1_6	freq_ratio_1_7	c0_ratio_1_7	
1356716648.718799	1.001884	54.031735	40.896645	6.025452	1.231625	0.953856	1.232084	0.970381	1.232302	0.969809	1.229283	0.000547	1.233752	0.000194	1.081893	0.000123	1.235494	0.000188	1.237195	0.000068	1356716648.719116	1.000771	53.348286	40.230120	1.871101	1.228745	0.040693	1.230742	0.971668	1.230711	0.971604	0.953482	0.000284	1.221231	0.000327	1.036077	0.000177	1.145199	0.000106	1.230751	0.972355	
1356716649.718791	0.999992	52.881334	39.726015	6.115269	1.244705	0.999513	1.230759	0.636302	1.244705	0.999502	1.230369	0.000903	1.248240	0.000025	1.234642	0.000007	1.230209	0.002204	1.221954	0.000044	1356716649.718990	0.999874	56.549569	43.432988	2.268291	1.230741	0.366539	1.230754	0.999846	1.230754	0.999845	1.194688	0.000050	1.185155	0.000062	1.216225	0.000006	1.217458	0.000006	1.230755	0.999880	
1356716650.718790	0.999999	55.326682	42.168146	6.109076	1.232370	0.999541	1.230498	0.005301	1.232370	0.999551	1.230766	0.956800	1.226407	0.000075	1.232141	0.000056	1.235159	0.000114	1.251680	0.000019	1356716650.719089	1.000099	53.802553	40.688006	2.794188	1.230761	0.999935	1.230761	0.999935	1.230595	0.043062	1.219362	0.000125	1.213962	0.000006	1.215118	0.000040	1.215303	0.000048	1.230761	0.999899	
1356716651.718790	1.000000	55.776932	42.612762	6.102905	1.230765	0.999955	1.230728	0.005380	1.230765	0.999955	1.230765	0.999955	1.230645	0.000024	1.230540	0.000007	1.230779	0.000061	1.230601	0.000040	1356716651.719095	1.000006	53.374819	40.284641	2.726607	1.230765	0.999953	1.230765	0.999953	1.237341	0.000080	1.235349	0.000112	1.238832	0.000065	1.251976	0.000024	1.256465	0.000025	1.230765	0.999952	
1356716652.718790	1.000000	55.809372	42.642227	6.121399	1.230761	0.999906	1.230607	0.005284	1.230761	0.999905	1.230762	0.999905	1.225860	0.000067	1.198778	0.000050	1.230816	0.000085	1.234874	0.000007	1356716652.719092	0.999997	53.470808	40.364871	2.718270	1.230763	0.999930	1.230763	0.999930	1.226293	0.000075	1.227989	0.000113	1.225969	0.000005	1.230304	0.000048	1.230880	0.000045	1.230763	0.999934	
1356716653.718790	1.000000	55.793167	42.617935	6.114304	1.230535	0.999465	1.180007	0.003652	1.230536	0.999456	1.230536	0.999456	1.160525	0.002283	1.159225	0.002079	1.160511	0.002078	1.158389	0.001900	1356716653.719107	1.000015	53.637576	40.530336	1.772022	1.230526	0.999488	1.230526	0.999487	1.158868	0.002453	1.169150	0.003674	1.195917	0.004820	1.158897	0.002438	1.155677	0.002115	1.230526	0.999486	
1356716654.718790	1.000000	55.841873	42.665253	6.084412	1.230763	0.999936	1.230707	0.003797	1.230763	0.999935	1.230763	0.999935	1.225434	0.000062	1.230760	0.000042	1.232298	0.000086	1.232177	0.000007	1356716654.719104	0.999997	53.629790	40.524265	2.394737	1.230763	0.999933	1.230763	0.999933	1.226705	0.000077	1.228048	0.000101	1.230956	0.002982	1.229868	0.000042	1.231446	0.000046	1.230763	0.999930	
1356716655.718790	1.000000	55.945877	42.781555	6.102905	1.230748	0.999750	1.230634	0.005540	1.230748	0.999749	1.230748	0.999749	1.214247	0.000197	1.195778	0.000007	1.213904	0.000128	1.224698	0.000061	1356716655.719108	1.000004	53.532269	40.421955	2.696553	1.230758	0.999864	1.230757	0.999864	1.221956	0.000276	1.230750	0.000122	1.224543	0.000132	1.227278	0.000053	1.209412	0.000039	1.230758	0.999867	
1356716656.718790	1.000000	55.959030	42.777573	6.139893	1.230761	0.999910	1.230684	0.005234	1.230761	0.999910	1.230762	0.999910	1.228987	0.000049	1.206357	0.000045	1.210202	0.000087	1.232277	0.000007	1356716656.719107	0.999999	53.526479	40.412728	2.715029	1.230763	0.999933	1.230764	0.999933	1.227957	0.000099	1.228063	0.000116	1.226346	0.000006	1.230336	0.000063	1.230051	0.000040	1.230763	0.999934	
1356716657.718796	1.000006	55.968432	42.782872	6.127527	1.230765	0.999957	1.230745	0.005242	1.230766	0.999957	1.230765	0.999956	1.230799	0.000078	1.232757	0.000007	1.262630	0.000059	1.230564	0.000040	1356716657.719103	0.999996	53.554142	40.442303	2.694225	1.230765	0.999955	1.230765	0.999955	1.230535	0.000084	1.230761	0.000112	1.222692	0.000064	1.228847	0.000005	1.239157	0.000005	1.230765	0.999952	
1356716658.718790	0.999994	56.038771	42.852917	6.096777	1.230761	0.999913	1.228839	0.000262	1.230761	0.999913	1.230761	0.999913	1.230663	0.005133	1.201731	0.000041	1.230523	0.000086	1.227414	0.000007	1356716658.719102	0.999999	53.570592	40.457299	2.702044	1.230759	0.999888	1.230759	0.999887	1.221546	0.000135	1.227883	0.000110	1.221485	0.000253	1.231517	0.000042	1.230329	0.000048	1.230759	0.999887	
1356716659.718790	1.000000	56.025864	42.841370	6.115234	1.230760	0.999891	1.230532	0.000303	1.230760	0.999891	1.230760	0.999890	1.230794	0.005106	1.231429	0.000007	1.228978	0.000061	1.231199	0.000041	1356716659.719106	1.000004	53.575100	40.462650	2.696370	1.230765	0.999955	1.230765	0.999955	1.230724	0.000084	1.230767	0.000106	1.230770	0.000060	1.230519	0.000006	1.230633	0.000006	1.230765	0.999952	
1356716660.718796	1.000006	56.072984	42.888401	6.121362	1.230760	0.999886	1.230435	0.000331	1.230759	0.999887	1.230759	0.999886	1.230451	0.005160	1.191891	0.000044	1.226702	0.000093	1.232547	0.000007	1356716660.719108	1.000002	53.559255	40.442153	2.707591	1.230756	0.999842	1.230756	0.999841	1.221168	0.000177	1.217737	0.000195	1.214230	0.000030	1.226339	0.000055	1.227286	0.000057	1.230756	0.999843	
1356716661.718790	0.999994	56.041014	42.854275	6.127600	1.230765	0.999957	1.230323	0.000330	1.230765	0.999956	1.230765	0.999957	1.230810	0.005111	1.227871	0.000008	1.232734	0.000059	1.217652	0.000040	1356716661.719102	0.999994	53.576110	40.460416	2.705094	1.230765	0.999954	1.230765	0.999954	1.230793	0.000025	1.230775	0.000125	1.221895	0.000064	1.230519	0.000006	1.230316	0.000005	1.230765	0.999956	
1356716662.718796	1.000006	55.978212	42.793797	6.102869	1.230761	0.999914	1.230338	0.000267	1.230761	0.999914	1.230762	0.999913	1.230722	0.005140	1.231427	0.000054	1.229530	0.000097	1.259924	0.000018	1356716662.719110	1.000008	53.557503	40.440850	2.702233	1.230763	0.999934	1.230764	0.999934	1.220289	0.000083	1.228702	0.000131	1.225159	0.000006	1.217778	0.000041	1.215997	0.000041	1.230763	0.999928	
1356716663.718790	0.999994	55.991987	42.806850	6.096731	1.230765	0.999956	1.230729	0.000330	1.230766	0.999956	1.230765	0.999956	1.230782	0.005145	1.235963	0.000007	1.201397	0.000062	1.231091	0.000038	1356716663.719106	0.999996	53.582996	40.478985	2.707897	1.230763	0.999932	1.230763	0.999932	1.229938	0.000110	1.230647	0.000170	1.223403	0.000371	1.244093	0.000038	1.247719	0.000038	1.230763	0.999930	
1356716664.718790	1.000000	55.754044	42.569122	6.115234	1.230763	0.999933	1.229530	0.000264	1.230763	0.999933	1.230763	0.999933	1.230606	0.001531	1.226016	0.000042	1.251581	0.000086	1.229130	0.000007	1356716664.719112	1.000006	53.768433	40.652162	2.022861	1.230761	0.999908	1.230761	0.999908	1.227588	0.000086	1.229251	0.000157	1.230714	0.005185	1.201430	0.000068	1.230612	0.000066	1.230761	0.999909	
1356716665.718790	1.000000	55.686111	42.504028	6.102905	1.230765	0.999952	1.229971	0.000309	1.230765	0.999953	1.230765	0.999952	1.194463	0.000007	1.266042	0.000007	1.230672	0.000062	1.230924	0.000040	1356716665.719104	0.999992	53.825525	40.710596	1.649336	1.230761	0.999909	1.230762	0.999909	1.212174	0.000070	1.230103	0.000165	1.230540	0.005102	1.232139	0.000006	1.229683	0.000006	1.230763	0.999933	
1356716666.718790	1.000000	55.638565	42.458954	6.109070	1.230763	0.999934	1.230310	0.000262	1.230763	0.999934	1.230763	0.999934	1.230394	0.000047	1.230101	0.000040	1.210876	0.000090	1.235057	0.000007	1356716666.719107	1.000003	53.827149	40.713787	1.649501	1.230759	0.999890	1.230759	0.999890	1.226583	0.000087	1.220052	0.000155	1.230712	0.005059	1.200828	0.000053	1.230712	0.000053	1.230758	0.999868	
1356716667.718797	1.000007	715791798.604130	715764182.838786	715789780.780633	0.999984	1.000085	0.999981	1.000088	0.999991	1.000085	0.999984	1.000085	0.999984	1.000088	0.999986	1.000083	0.999984	1.000088	0.999984	1.000085	1356716667.718884	0.999777	715961472.513481	715939445.846186	715971556.622590	0.999984	1.000085	0.999981	1.000087	3.893455	0.256861	0.999984	1.000085	0.999984	1.000088	0.999986	1.000083	0.999984	1.000088	0.999984	1.000085	
1356716668.718790	0.999993	0.000000	0.000000	0.000000	-nan	-nan	-nan	-nan	0.000000	inf	-nan	-nan	-nan	0.000000	-nan	-nan	-nan	-nan	-nan	-nan	1356716668.718862	0.999978	0.000000	0.000000	0.000000	-nan	-nan	-nan	-nan	0.000000	inf	-nan	-nan	-nan	-nan	-nan	-nan	-nan	-nan	-nan	-nan	
1356716669.718960	1.000170	0.000000	0.000000	0.000000	-nan	-nan	-nan	-nan	13.726973	inf	-nan	-nan	-nan	0.000000	0.000000	inf	-nan	-nan	-nan	-nan	1356716669.719039	1.000177	0.000000	0.000000	0.000000	-nan	-nan	-nan	-nan	inf	-nan	-nan	-nan	-nan	-nan	-nan	-nan	-nan	-nan	-nan	-nan	
