ts_0	elapsed_0	pkg_0	pp0_0	dram_0	freq_ratio_0_0	c0_ratio_0_0	freq_ratio_0_1	c0_ratio_0_1	freq_ratio_0_2	c0_ratio_0_2	freq_ratio_0_3	c0_ratio_0_3	freq_ratio_0_4	c0_ratio_0_4	freq_ratio_0_5	c0_ratio_0_5	freq_ratio_0_6	c0_ratio_0_6	freq_ratio_0_7	c0_ratio_0_7	ts_1	elapsed_1	pkg_1	pp0_1	dram_1	freq_ratio_1_0	c0_ratio_1_0	freq_ratio_1_1	c0_ratio_1_1	freq_ratio_1_2	c0_ratio_1_2	freq_ratio_1_3	c0_ratio_1_3	freq_ratio_1_4	c0_ratio_1_4	freq_ratio_1_5	c0_ratio_1_5	freq_ratio_1_6	c0_ratio_1_6	freq_ratio_1_7	c0_ratio_1_7	
1354698366.970082	1.002715	53.115429	39.662469	5.311765	1.155459	0.399329	1.152915	0.382703	1.154430	0.387409	1.155441	0.398923	1.154481	0.389340	1.155098	0.396292	1.153382	0.385158	1.156175	0.393653	1354698366.970207	1.000342	54.421717	40.631326	7.480276	0.999957	0.787859	1.000001	0.787446	1.000001	0.787167	1.000001	0.766459	1.000001	0.766439	1.003462	0.000063	1.003970	0.000110	0.999845	0.788579	
1354698367.970078	0.999996	60.642717	47.071098	5.951455	1.000000	1.000000	1.000000	1.000000	1.000000	1.000000	1.000000	1.000000	1.000000	1.000000	1.000000	1.000000	0.999221	0.000338	1.000268	0.002432	1354698367.970197	0.999990	63.078833	49.098560	9.101471	1.000000	1.000000	1.000000	1.000000	1.000000	1.000000	1.000000	1.000000	1.000000	1.000000	1.002804	0.000011	1.000259	0.000039	1.000000	1.000000	
1354698368.970078	1.000000	60.758469	47.207275	5.936325	1.000000	0.999845	1.000000	1.000000	0.999999	1.000000	0.999999	0.999819	1.000000	0.999817	0.999999	0.999817	0.999804	0.000364	0.999974	0.000586	1354698368.970201	1.000004	63.199130	49.263640	8.884943	1.000000	0.999847	1.000000	0.999866	1.000000	0.999827	1.000000	0.999826	1.000000	0.999825	0.999624	0.000046	1.000213	0.000065	1.000000	0.999880	
1354698369.970077	0.999999	60.841626	47.279784	5.961493	1.000000	1.000000	1.000000	1.000000	1.000001	1.000001	1.000001	1.000000	1.000000	1.000001	1.000001	1.000000	1.001368	0.000335	1.001802	0.000165	1354698369.970194	0.999993	63.272181	49.331670	8.758483	1.000000	1.000000	1.000000	1.000000	1.000000	1.000000	1.000000	1.000000	1.000000	1.000000	0.997946	0.000012	0.998971	0.000037	1.000000	1.000000	
1354698370.970077	1.000000	60.952606	47.395279	5.962555	1.000001	1.000000	1.000000	1.000000	1.000000	1.000000	1.000000	1.000000	1.000000	0.999999	0.999999	1.000000	0.999954	0.000403	0.998954	0.000233	1354698370.970191	0.999997	63.307493	49.389176	8.587490	1.000000	1.000000	1.000000	1.000000	1.000000	1.000000	1.000000	1.000000	1.000000	1.000000	1.000855	0.000046	1.000497	0.000062	1.000000	1.000000	
1354698371.970077	1.000000	60.882324	47.340363	5.963348	1.000000	1.000000	1.000000	0.999999	1.000000	1.000000	1.000000	1.000000	1.000000	1.000000	1.000001	1.000001	0.999899	0.000525	0.998515	0.000390	1354698371.970193	1.000002	63.373475	49.437741	8.740813	1.000000	1.000000	1.000000	1.000000	1.000000	1.000000	1.000000	1.000000	1.000000	1.000000	0.999837	0.000156	0.999859	0.000200	1.000000	1.000000	
1354698372.970077	1.000000	60.973770	47.429703	5.968277	1.000000	1.000000	1.000001	1.000000	1.000000	1.000000	1.000000	1.000000	0.999999	1.000000	1.000000	1.000000	1.000776	0.000516	1.002502	0.000236	1354698372.970192	0.999999	63.408782	49.467302	8.733880	1.000000	1.000000	1.000000	1.000000	1.000000	1.000000	1.000000	1.000000	1.000000	1.000000	1.000222	0.000085	1.000206	0.000062	1.000000	1.000000	
1354698373.970077	1.000000	60.955490	47.391373	5.923676	1.000000	1.000000	1.000000	1.000001	1.000000	1.000000	1.000000	1.000000	1.000001	1.000000	1.000000	1.000000	0.999200	0.000353	0.999792	0.000481	1354698373.970195	1.000003	63.421923	49.454055	8.934985	1.000000	1.000000	1.000000	1.000000	0.999999	1.000000	1.000000	1.000000	1.000000	1.000000	0.996479	0.000011	1.001843	0.000011	1.000000	1.000000	
1354698374.970077	1.000000	61.005676	47.455185	5.954590	1.000000	1.000000	1.000000	1.000000	1.000000	1.000000	1.000000	1.000000	1.000000	1.000000	1.000000	1.000000	1.000952	0.000398	1.000542	0.000178	1354698374.970189	0.999994	63.462536	49.478673	8.954765	1.000000	1.000000	1.000000	1.000000	1.000001	1.000000	1.000000	1.000000	1.000000	1.000000	1.000935	0.000048	1.000363	0.000051	1.000000	1.000000	
1354698375.970077	1.000000	60.981750	47.443710	5.974319	0.999999	0.999471	1.000000	1.000000	1.000000	1.000000	0.999999	1.000000	1.000000	0.999475	1.000000	1.000000	0.999946	0.000342	1.000364	0.000166	1354698375.970197	1.000008	63.462269	49.500392	8.850682	1.000000	0.999509	1.000000	1.000000	1.000000	1.000000	1.000000	0.999477	1.000000	0.999476	0.999242	0.000012	0.996567	0.000012	1.000000	1.000000	
1354698376.970077	1.000000	61.056793	47.526749	5.940308	1.000000	1.000000	1.000000	1.000000	1.000000	1.000000	1.000001	1.000000	1.000000	1.000000	1.000000	1.000000	1.000007	0.000389	0.995916	0.000189	1354698376.970195	0.999998	63.489913	49.525180	8.842470	1.000000	1.000000	1.000000	1.000000	1.000000	1.000000	1.000000	1.000000	1.000000	1.000000	0.999068	0.000047	1.000186	0.000073	1.000000	1.000000	
1354698377.970077	1.000000	61.086243	47.551941	5.962463	1.000000	1.000000	0.999999	1.000000	1.000000	1.000000	1.000000	1.000000	1.000000	1.000000	1.000000	1.000000	0.999600	0.000338	1.000309	0.002126	1354698377.970191	0.999996	63.483015	49.524874	8.788076	1.000000	1.000000	1.000000	1.000000	1.000000	1.000000	1.000000	1.000000	1.000000	1.000000	1.002652	0.000012	0.982412	0.000007	1.000000	1.000000	
1354698378.970077	1.000000	61.114273	47.586151	5.945923	1.000000	1.000000	1.000001	1.000000	1.000000	1.000000	1.000000	1.000000	0.999999	1.000000	1.000000	1.000000	1.000362	0.000391	0.999823	0.000493	1354698378.970192	1.000001	63.482285	49.529097	8.781013	1.000000	1.000000	1.000000	1.000000	1.000000	1.000000	1.000000	1.000000	1.000000	1.000000	0.999314	0.000047	1.001688	0.000043	1.000000	1.000000	
1354698379.970077	1.000000	61.159485	47.609131	5.934372	1.000000	1.000000	1.000000	1.000000	1.000000	1.000000	1.000000	1.000000	1.000001	1.000000	1.000001	1.000000	0.999900	0.000367	1.000741	0.000165	1354698379.970189	0.999997	63.523985	49.544114	8.845792	1.000000	1.000000	1.000000	1.000000	1.000000	1.000000	1.000000	1.000000	1.000000	1.000000	1.004153	0.000012	1.003451	0.000011	1.000000	1.000000	
1354698380.970077	1.000000	61.171646	47.647614	5.948410	1.000000	1.000000	1.000000	1.000000	1.000000	1.000000	1.000000	1.000000	1.000000	1.000000	1.000000	1.000000	0.999673	0.000380	1.000760	0.000178	1354698380.970192	1.000003	63.495485	49.561339	8.722553	1.000000	1.000000	1.000000	1.000000	1.000000	1.000000	1.000000	1.000000	1.000000	1.000000	0.999020	0.000045	0.999325	0.000046	1.000000	1.000000	
1354698381.970077	1.000000	25.831802	12.556992	3.531143	0.999777	0.216133	0.999905	0.215912	0.999981	0.215844	1.000000	0.215821	0.999999	0.215817	1.000000	0.215778	0.616825	0.000510	0.597468	0.000290	1354698381.970546	1.000354	35.485056	22.192475	3.509683	0.999997	0.215698	0.999998	0.215708	0.999998	0.215722	0.999998	0.215700	0.999999	0.215640	1.004504	0.000011	1.000471	0.000067	1.000000	1.000000	
1354698382.970077	1.000000	715819433.312744	715779682.601120	715766912.056686	0.999942	1.000560	0.999943	1.000578	0.999952	1.000571	0.999942	1.000561	0.999944	1.000572	0.999945	1.000561	0.999945	1.000576	0.999943	1.000566	1354698382.970166	0.999620	716075504.610026	716085867.117796	716040714.657126	0.999943	1.000568	0.999941	1.000570	3.896242	0.256790	0.999943	1.000563	0.999945	1.000578	0.999946	1.000569	0.999945	1.000578	0.999945	1.000575	
1354698383.970076	0.999999	0.000000	0.000000	0.000000	-nan	-nan	-nan	-nan	0.000000	inf	-nan	-nan	-nan	0.000000	-nan	-nan	-nan	-nan	-nan	-nan	1354698383.970149	0.999983	0.000000	0.000000	0.000000	-nan	-nan	-nan	-nan	0.000000	inf	-nan	-nan	-nan	-nan	-nan	-nan	-nan	-nan	-nan	-nan	
