ts_0	elapsed_0	pkg_0	pp0_0	dram_0	freq_ratio_0_0	c0_ratio_0_0	freq_ratio_0_1	c0_ratio_0_1	freq_ratio_0_2	c0_ratio_0_2	freq_ratio_0_3	c0_ratio_0_3	freq_ratio_0_4	c0_ratio_0_4	freq_ratio_0_5	c0_ratio_0_5	freq_ratio_0_6	c0_ratio_0_6	freq_ratio_0_7	c0_ratio_0_7	ts_1	elapsed_1	pkg_1	pp0_1	dram_1	freq_ratio_1_0	c0_ratio_1_0	freq_ratio_1_1	c0_ratio_1_1	freq_ratio_1_2	c0_ratio_1_2	freq_ratio_1_3	c0_ratio_1_3	freq_ratio_1_4	c0_ratio_1_4	freq_ratio_1_5	c0_ratio_1_5	freq_ratio_1_6	c0_ratio_1_6	freq_ratio_1_7	c0_ratio_1_7	
1356622074.139048	1.001785	63.454160	49.940776	5.019985	1.156437	0.604453	1.153755	0.596737	1.153673	0.601572	1.154967	0.607681	1.155223	0.605537	1.154136	0.600810	1.154428	0.598337	1.154322	0.598728	1356622074.139123	1.000336	60.649563	46.958194	5.335564	0.998720	0.848626	0.998885	0.904217	0.998803	0.849398	0.998683	0.756229	0.998690	0.775254	0.998367	0.610188	0.998265	0.583223	0.998625	0.848161	
1356622075.139044	0.999996	65.521857	51.855236	5.878839	0.897879	0.996501	0.897879	0.996500	0.897879	0.996498	0.897878	0.996495	0.897878	0.996491	0.897877	0.996489	0.897876	0.996486	0.897875	0.996485	1356622075.139110	0.999987	65.172165	51.152648	7.651223	0.887085	0.996895	0.887085	0.996889	0.887084	0.996890	0.887084	0.996886	0.887083	0.996887	0.887083	0.996882	0.887082	0.996883	0.887082	0.996882	
1356622076.139043	0.999999	64.716859	51.004138	5.860342	0.889322	0.996673	0.889321	0.996672	0.889321	0.996668	0.889321	0.996668	0.889321	0.996669	0.889321	0.996663	0.889321	0.996660	0.889321	0.996660	1356622076.139108	0.999998	64.723497	50.640691	7.720718	0.880784	0.996804	0.880784	0.996804	0.880784	0.996800	0.880784	0.996798	0.880784	0.996797	0.880784	0.996794	0.880784	0.996792	0.880783	0.996789	
1356622077.139043	1.000000	64.712692	51.036911	5.865417	0.888116	0.996462	0.888116	0.996456	0.888116	0.996454	0.888105	0.996450	0.888116	0.996448	0.888116	0.996449	0.888116	0.996446	0.888116	0.996444	1356622077.139117	1.000009	64.714883	50.639739	7.813864	0.880342	0.996594	0.880342	0.996602	0.880342	0.996582	0.880342	0.996587	0.880343	0.996611	0.880343	0.996603	0.880343	0.996590	0.880343	0.996590	
1356622078.139044	1.000001	64.717910	51.073712	5.903696	0.888161	0.995864	0.888161	0.995904	0.888158	0.996535	0.888169	0.996535	0.888160	0.995892	0.888160	0.995890	0.888159	0.995907	0.888159	0.995865	1356622078.139131	1.000014	64.653387	50.615072	7.595306	0.880024	0.995752	0.880024	0.995747	0.880025	0.995795	0.880024	0.995762	0.880024	0.995760	0.880025	0.995785	0.880024	0.995781	0.880011	0.995843	
1356622079.139043	0.999999	64.716309	51.071979	5.885595	0.887540	0.996830	0.887541	0.996827	0.887541	0.996812	0.887541	0.996286	0.887541	0.996809	0.887540	0.996808	0.887541	0.996807	0.887541	0.996280	1356622079.139134	1.000003	64.719938	50.663661	7.666221	0.878488	0.995195	0.878491	0.995720	0.878488	0.995184	0.878493	0.995988	0.878493	0.995985	0.878488	0.995177	0.878493	0.995980	0.878493	0.995979	
1356622080.139043	1.000000	64.648590	51.022079	5.874405	0.887563	0.996861	0.887562	0.996860	0.887563	0.996869	0.887564	0.996869	0.887563	0.996867	0.887564	0.996866	0.887564	0.996862	0.887564	0.996861	1356622080.139111	0.999977	64.721711	50.671692	7.688515	0.878669	0.995672	0.878668	0.995667	0.878668	0.995665	0.878668	0.995661	0.878668	0.995660	0.878668	0.995657	0.878668	0.995655	0.878667	0.995650	
1356622081.139044	1.000001	64.717315	51.111249	5.890192	0.887494	0.996843	0.887493	0.996840	0.887494	0.996638	0.887494	0.996584	0.887493	0.996599	0.887493	0.996596	0.887492	0.996628	0.887493	0.996574	1356622081.139119	1.000008	64.719202	50.723084	7.583587	0.880812	0.996233	0.880813	0.996436	0.880813	0.996433	0.880812	0.996192	0.880812	0.996189	0.880814	0.996428	0.880814	0.996423	0.880813	0.996305	
1356622082.139043	0.999999	64.715348	51.079669	5.895208	0.887190	0.996701	0.887190	0.996695	0.887190	0.996694	0.887190	0.996694	0.887190	0.996692	0.887191	0.996690	0.887191	0.996689	0.887191	0.996686	1356622082.139111	0.999992	64.719168	50.676772	7.529999	0.880898	0.996166	0.880898	0.996163	0.880898	0.996157	0.880898	0.996157	0.880898	0.996154	0.880898	0.996153	0.880897	0.996150	0.880898	0.996147	
1356622083.139043	1.000000	64.716537	51.050735	5.871094	0.886616	0.996999	0.886615	0.996996	0.886615	0.996994	0.886615	0.996996	0.886616	0.996995	0.886616	0.996993	0.886615	0.996991	0.886615	0.996991	1356622083.139106	0.999995	64.715946	50.633356	7.614189	0.881617	0.996691	0.881617	0.996691	0.881617	0.996689	0.881617	0.996684	0.881617	0.996685	0.881617	0.996679	0.881616	0.996668	0.881617	0.996665	
1356622084.139043	1.000000	64.713638	51.073502	5.891800	0.887555	0.996921	0.887555	0.996921	0.887555	0.996918	0.887555	0.996913	0.887555	0.996914	0.887555	0.996912	0.887556	0.996914	0.887555	0.996910	1356622084.139104	0.999998	64.722734	50.687993	7.606734	0.880228	0.995794	0.880228	0.995794	0.880228	0.995790	0.880228	0.995789	0.880228	0.995785	0.880228	0.995782	0.880228	0.995793	0.880228	0.995785	
1356622085.139043	1.000000	64.717010	51.034668	5.890503	0.886906	0.997121	0.886907	0.997119	0.886907	0.997117	0.886906	0.997115	0.886906	0.997114	0.886906	0.997112	0.886906	0.997111	0.886906	0.997108	1356622085.139104	1.000000	64.716721	50.614319	7.762634	0.880639	0.995797	0.880638	0.995811	0.880641	0.996425	0.880641	0.996423	0.880638	0.995801	0.880641	0.996418	0.880638	0.995798	0.880641	0.996416	
1356622086.139043	1.000000	64.716003	51.052948	5.895447	0.887386	0.997510	0.887386	0.997509	0.887385	0.997506	0.887386	0.997506	0.887385	0.997503	0.887385	0.997504	0.887386	0.997504	0.887385	0.997501	1356622086.139104	1.000000	64.720993	50.655762	7.713379	0.881066	0.996633	0.881066	0.996629	0.881066	0.996626	0.881066	0.996625	0.881066	0.996621	0.881066	0.996619	0.881066	0.996617	0.881066	0.996614	
1356622087.139043	1.000000	64.715698	51.068344	5.899261	0.887266	0.997233	0.887266	0.997231	0.887267	0.997228	0.887267	0.997225	0.887267	0.997225	0.887267	0.997222	0.887267	0.997223	0.887267	0.997222	1356622087.139110	1.000006	64.716838	50.690387	7.602341	0.880542	0.996291	0.880542	0.996289	0.880542	0.996286	0.880542	0.996285	0.880542	0.996281	0.880542	0.996280	0.880542	0.996280	0.880542	0.996276	
1356622088.139043	1.000000	64.718109	51.051331	5.894424	0.887195	0.997506	0.887195	0.997507	0.887195	0.997504	0.887194	0.997502	0.887194	0.997502	0.887194	0.997500	0.887194	0.997500	0.887194	0.997500	1356622088.139106	0.999996	64.720004	50.671226	7.648179	0.880112	0.996058	0.880112	0.996058	0.880112	0.996058	0.880112	0.996053	0.880112	0.996050	0.880112	0.996047	0.880112	0.996044	0.880111	0.996041	
1356622089.139043	1.000000	64.717072	51.018509	5.875092	0.886746	0.997519	0.886746	0.997519	0.886745	0.997518	0.886745	0.997515	0.886745	0.997514	0.886746	0.997513	0.886745	0.997510	0.886745	0.997509	1356622089.139107	1.000001	64.717651	50.618726	7.654518	0.879076	0.996288	0.879076	0.996288	0.879076	0.996284	0.879076	0.996281	0.879075	0.996280	0.879075	0.996274	0.879075	0.996273	0.879075	0.996271	
1356622090.139044	1.000001	64.713165	51.055661	5.895701	0.887267	0.997153	0.887267	0.997202	0.887267	0.997301	0.887267	0.997497	0.887268	0.997211	0.887268	0.997207	0.887267	0.997305	0.887267	0.997483	1356622090.139116	1.000009	64.722161	50.692625	7.616905	0.879675	0.995696	0.879675	0.995691	0.879676	0.995738	0.879676	0.995734	0.879676	0.995730	0.879676	0.995724	0.879676	0.995721	0.879666	0.995781	
1356622091.139043	0.999999	64.722642	51.068484	5.898107	0.886920	0.996955	0.886920	0.997378	0.886919	0.997377	0.886919	0.997375	0.886919	0.997374	0.886918	0.997372	0.886919	0.997373	0.886918	0.997368	1356622091.139111	0.999995	64.718250	50.697107	7.585640	0.879240	0.996059	0.879240	0.996057	0.879255	0.995627	0.879240	0.996052	0.879240	0.996050	0.879255	0.995618	0.879240	0.996045	0.879240	0.996040	
1356622092.139043	1.000000	64.713898	51.055603	5.874313	0.886630	0.997464	0.886630	0.997461	0.886630	0.997458	0.886630	0.997459	0.886630	0.997456	0.886630	0.997456	0.886630	0.997455	0.886629	0.997454	1356622092.139113	1.000002	64.718642	50.697199	7.553895	0.879626	0.996492	0.879626	0.996489	0.879626	0.996486	0.879626	0.996486	0.879626	0.996483	0.879626	0.996480	0.879626	0.996481	0.879626	0.996474	
1356622093.139043	1.000000	64.715485	51.057587	5.897415	0.886765	0.997278	0.886764	0.997274	0.886764	0.997270	0.886763	0.997268	0.886763	0.997266	0.886763	0.997264	0.886763	0.997264	0.886763	0.997259	1356622093.139116	1.000003	64.719236	50.704448	7.614951	0.879837	0.996573	0.879837	0.996572	0.879837	0.996565	0.879837	0.996565	0.879837	0.996564	0.879837	0.996563	0.879837	0.996560	0.879836	0.996558	
1356622094.139043	1.000000	64.716843	51.056793	5.883514	0.887324	0.997270	0.887324	0.997267	0.887324	0.997267	0.887325	0.997266	0.887325	0.997265	0.887325	0.997261	0.887325	0.997259	0.887325	0.997258	1356622094.139107	0.999991	64.716834	50.702638	7.578484	0.878937	0.995767	0.878937	0.995767	0.878937	0.995766	0.878937	0.995765	0.878937	0.995764	0.878937	0.995757	0.878937	0.995756	0.878937	0.995753	
1356622095.139043	1.000000	64.717972	51.022964	5.866730	0.886719	0.996806	0.886719	0.996802	0.886719	0.996800	0.886719	0.996798	0.886719	0.996800	0.886719	0.996799	0.886719	0.996795	0.886719	0.996792	1356622095.139105	0.999998	64.722108	50.663808	7.615951	0.879033	0.996250	0.879033	0.996245	0.879033	0.996245	0.879032	0.996244	0.879032	0.996242	0.879032	0.996237	0.879032	0.996236	0.879032	0.996233	
1356622096.139043	1.000000	64.715149	51.031174	5.867676	0.887223	0.996761	0.887223	0.996758	0.887223	0.996759	0.887223	0.996758	0.887223	0.996756	0.887223	0.996753	0.887223	0.996748	0.887224	0.996297	1356622096.139105	1.000000	64.656189	50.631546	7.723236	0.879160	0.996090	0.879160	0.996088	0.879175	0.995635	0.879160	0.996082	0.879160	0.996083	0.879175	0.995624	0.879160	0.996076	0.879160	0.996072	
1356622097.139043	1.000000	64.652573	50.985565	5.898666	0.886718	0.997225	0.886718	0.997221	0.886718	0.997220	0.886718	0.997216	0.886718	0.997213	0.886718	0.997219	0.886718	0.997208	0.886717	0.997207	1356622097.139105	1.000000	64.782562	50.746063	7.554092	0.878580	0.996084	0.878580	0.996082	0.878580	0.996080	0.878580	0.996078	0.878580	0.996076	0.878580	0.996074	0.878580	0.996071	0.878580	0.996068	
1356622098.139044	1.000001	64.711074	51.028684	5.885416	0.886820	0.996980	0.886820	0.997140	0.886821	0.997138	0.886821	0.996973	0.886821	0.996970	0.886821	0.996965	0.886821	0.997008	0.886822	0.996951	1356622098.139116	1.000011	64.646599	50.630609	7.661262	0.878907	0.996303	0.878907	0.996300	0.878913	0.996135	0.878912	0.996133	0.878908	0.996305	0.878908	0.996290	0.878908	0.996289	0.878910	0.996191	
1356622099.139043	0.999999	715797824.743775	715825633.067552	715813284.063587	0.999886	1.000476	0.999887	1.000488	0.999896	1.000480	0.999887	1.000472	0.999887	1.000475	0.999891	1.000478	0.999889	1.000486	0.999889	1.000483	1356622099.139147	1.000031	715799386.693371	715784409.393225	715743764.142351	0.999889	1.000485	0.999885	1.000476	3.900064	0.256502	0.999887	1.000475	0.999889	1.000485	0.999890	1.000474	0.999888	1.000482	0.999890	1.000487	
1356622100.139049	1.000006	0.000000	0.000000	0.000000	-nan	-nan	-nan	-nan	0.000000	inf	-nan	-nan	-nan	0.000000	0.000000	inf	-nan	-nan	-nan	-nan	1356622100.139125	0.999978	0.000000	0.000000	0.000000	-nan	-nan	-nan	-nan	0.000000	inf	-nan	-nan	-nan	-nan	-nan	-nan	-nan	-nan	-nan	-nan	
1356622101.139048	0.999999	0.000000	0.000000	0.000000	-nan	-nan	-nan	-nan	8.000000	inf	-nan	-nan	-nan	0.000000	-nan	-nan	-nan	-nan	-nan	-nan	1356622101.139117	0.999992	0.000000	0.000000	0.000000	-nan	-nan	-nan	-nan	inf	-nan	-nan	-nan	-nan	-nan	-nan	-nan	-nan	-nan	-nan	-nan	
