ts_0	elapsed_0	pkg_0	pp0_0	dram_0	freq_ratio_0_0	c0_ratio_0_0	freq_ratio_0_1	c0_ratio_0_1	freq_ratio_0_2	c0_ratio_0_2	freq_ratio_0_3	c0_ratio_0_3	freq_ratio_0_4	c0_ratio_0_4	freq_ratio_0_5	c0_ratio_0_5	freq_ratio_0_6	c0_ratio_0_6	freq_ratio_0_7	c0_ratio_0_7	ts_1	elapsed_1	pkg_1	pp0_1	dram_1	freq_ratio_1_0	c0_ratio_1_0	freq_ratio_1_1	c0_ratio_1_1	freq_ratio_1_2	c0_ratio_1_2	freq_ratio_1_3	c0_ratio_1_3	freq_ratio_1_4	c0_ratio_1_4	freq_ratio_1_5	c0_ratio_1_5	freq_ratio_1_6	c0_ratio_1_6	freq_ratio_1_7	c0_ratio_1_7	
1356627753.463475	1.027734	65.355696	52.028268	3.787000	1.153656	0.257145	1.154398	0.260084	1.153470	0.255132	1.155687	0.262257	1.154086	0.255919	1.155561	0.261231	1.154127	0.255555	1.155670	0.261367	1356627753.463551	1.000331	70.488987	57.270049	1.602848	0.999946	0.996932	0.999998	0.996632	0.999974	0.996534	1.000001	0.996456	1.000001	0.996434	0.999982	0.996437	1.000001	0.996394	0.999818	0.998059	
1356627754.463467	0.999992	68.767174	55.422187	3.808854	1.000000	0.999999	1.000000	1.000000	1.000000	1.000000	1.000000	1.000000	1.000000	1.000000	1.000000	1.000000	1.000000	1.000000	1.000000	1.000000	1356627754.463535	0.999984	71.301981	58.066144	1.585948	1.000000	1.000000	1.000000	1.000000	1.000000	1.000000	1.000000	1.000000	1.000000	1.000000	1.000000	1.000000	1.000000	1.000000	1.000000	1.000000	
1356627755.463466	0.999999	68.862096	55.538566	3.804676	1.000000	1.000000	1.000000	1.000000	1.000000	1.000000	1.000000	1.000000	1.000001	1.000000	1.000000	1.000000	1.000000	1.000000	1.000000	1.000000	1356627755.463532	0.999997	71.384285	58.176801	1.589223	1.000000	1.000000	1.000000	1.000000	1.000000	1.000000	1.000000	1.000000	1.000000	1.000000	1.000000	1.000000	1.000000	1.000000	1.000000	1.000000	
1356627756.463466	1.000000	68.936981	55.610123	3.804977	1.000000	1.000000	1.000000	1.000000	1.000000	1.000000	1.000000	1.000000	1.000000	1.000000	1.000000	1.000000	1.000000	1.000000	1.000000	1.000000	1356627756.463532	1.000000	71.530090	58.325562	1.587570	1.000000	1.000000	1.000000	1.000000	1.000000	1.000000	1.000000	1.000000	1.000000	1.000000	1.000000	1.000000	1.000000	1.000000	1.000000	1.000000	
1356627757.463466	1.000000	68.978149	55.644379	3.793854	1.000000	1.000000	1.000000	1.000000	1.000000	1.000000	1.000000	1.000000	0.999999	1.000000	1.000001	1.000000	1.000001	1.000000	1.000000	1.000000	1356627757.463530	0.999998	71.570846	58.364278	1.587833	1.000000	1.000000	1.000000	1.000000	1.000000	1.000000	1.000000	1.000000	1.000000	1.000000	1.000000	1.000000	1.000000	1.000000	1.000000	1.000000	
1356627758.463466	1.000000	68.900925	55.560745	3.801498	1.000000	0.988942	1.000000	1.000000	1.000000	1.000000	1.000000	1.000000	1.000000	1.000000	0.999999	0.988921	1.000000	0.988964	1.000000	1.000000	1356627758.463533	1.000003	71.619453	58.407122	1.591212	1.000000	1.000000	1.000000	1.000000	1.000000	1.000000	1.000000	1.000000	1.000000	0.988922	1.000000	1.000000	1.000000	1.000000	1.000000	1.000000	
1356627759.463466	1.000000	69.066254	55.722092	3.797363	1.000000	1.000000	1.000000	1.000000	1.000000	1.000000	1.000000	1.000000	1.000000	1.000000	1.000000	1.000000	1.000000	1.000000	1.000000	1.000000	1356627759.463533	1.000000	71.718216	58.498764	1.589249	1.000000	1.000000	1.000000	1.000000	1.000000	1.000000	1.000000	1.000000	1.000000	1.000000	1.000000	1.000000	1.000000	1.000000	1.000000	1.000000	
1356627760.463466	1.000000	69.075699	55.740936	3.797348	1.000000	1.000000	1.000000	1.000000	1.000000	1.000000	1.000000	1.000000	1.000000	1.000000	1.000000	1.000000	1.000000	1.000000	1.000000	1.000000	1356627760.463532	0.999999	71.811180	58.590357	1.590807	1.000000	1.000000	1.000000	1.000000	1.000000	1.000000	1.000000	1.000000	1.000000	1.000000	1.000000	1.000000	1.000000	1.000000	1.000000	1.000000	
1356627761.463466	1.000000	69.117432	55.768036	3.797424	1.000000	1.000000	1.000000	1.000000	1.000000	1.000000	1.000000	1.000000	1.000000	1.000000	1.000000	1.000000	1.000000	1.000000	1.000000	1.000000	1356627761.463531	0.999999	71.801918	58.580821	1.590761	1.000000	1.000000	1.000000	1.000000	1.000000	1.000000	1.000000	1.000000	1.000000	1.000000	1.000000	1.000000	1.000000	1.000000	1.000000	1.000000	
1356627762.463466	1.000000	69.184448	55.835373	3.797318	1.000000	1.000000	1.000000	1.000000	1.000000	1.000000	1.000000	1.000000	1.000000	1.000000	0.999999	1.000000	1.000000	1.000000	1.000000	1.000000	1356627762.463531	1.000000	71.823059	58.614563	1.584564	1.000000	1.000000	1.000000	1.000000	1.000000	1.000000	1.000000	1.000000	1.000000	1.000000	1.000000	1.000000	1.000000	1.000000	1.000000	1.000000	
1356627763.463466	1.000000	69.193237	55.843384	3.797562	1.000000	1.000000	1.000000	1.000000	1.000000	1.000000	1.000000	1.000000	1.000000	1.000000	1.000000	1.000000	1.000000	1.000000	1.000000	1.000000	1356627763.463529	0.999998	71.948151	58.725255	1.587711	1.000000	1.000000	1.000000	1.000000	1.000000	1.000000	1.000000	1.000000	1.000000	1.000000	1.000000	1.000000	1.000000	1.000000	1.000000	1.000000	
1356627764.463466	1.000000	69.216202	55.865753	3.801254	1.000000	1.000000	1.000000	1.000000	1.000000	1.000000	1.000000	1.000000	1.000000	1.000000	1.000000	1.000000	1.000000	1.000000	1.000000	1.000000	1356627764.463531	1.000002	71.949722	58.725504	1.592435	1.000000	1.000000	1.000000	1.000000	1.000000	1.000000	1.000000	1.000000	1.000000	1.000000	1.000000	1.000000	1.000000	1.000000	1.000000	1.000000	
1356627765.463466	1.000000	69.219818	55.869827	3.808838	1.000000	1.000000	1.000000	1.000000	1.000000	1.000000	1.000000	1.000000	1.000000	1.000000	1.000000	1.000000	1.000000	1.000000	1.000000	1.000000	1356627765.463530	0.999999	71.979820	58.751765	1.579652	1.000000	1.000000	1.000000	1.000000	1.000000	1.000000	1.000000	1.000000	1.000000	1.000000	1.000000	1.000000	1.000000	1.000000	1.000000	1.000000	
1356627766.463466	1.000000	69.107010	55.756210	3.801117	1.000000	1.000000	1.000000	0.994642	1.000000	1.000000	1.000000	1.000000	1.000000	0.994648	1.000000	0.994644	1.000000	0.995624	1.000000	1.000000	1356627766.463532	1.000002	71.994782	58.762522	1.594235	1.000000	1.000000	1.000000	1.000000	1.000000	1.000000	1.000000	1.000000	1.000000	0.994648	1.000000	1.000000	1.000000	1.000000	1.000000	1.000000	
1356627767.463466	1.000000	69.158066	55.820084	3.796738	1.000000	1.000000	1.000000	1.000000	1.000000	1.000000	1.000000	1.000000	1.000000	1.000000	1.000000	1.000000	1.000000	1.000000	1.000000	1.000000	1356627767.463533	1.000001	71.952065	58.716329	1.588896	1.000000	1.000000	1.000000	1.000000	1.000000	1.000000	1.000000	1.000000	1.000000	1.000000	1.000000	1.000000	1.000000	1.000000	1.000000	1.000000	
1356627768.463466	1.000000	69.272888	55.919281	3.797440	1.000000	1.000000	1.000000	1.000000	1.000000	1.000000	1.000000	1.000000	1.000000	1.000000	1.000000	1.000000	1.000000	1.000000	1.000000	1.000000	1356627768.463530	0.999997	71.864984	58.629714	1.592519	1.000000	1.000000	1.000000	1.000000	1.000000	1.000000	1.000000	1.000000	1.000000	1.000000	1.000000	1.000000	1.000000	1.000000	1.000000	1.000000	
1356627769.463466	1.000000	69.291504	55.937332	3.801437	1.000000	1.000000	1.000000	1.000000	1.000000	1.000000	1.000000	1.000000	1.000000	1.000000	1.000000	1.000000	1.000000	1.000000	1.000000	1.000000	1356627769.463531	1.000001	71.943474	58.707357	1.590910	1.000000	1.000000	1.000000	1.000000	1.000000	1.000000	1.000000	1.000000	1.000000	1.000000	1.000000	1.000000	1.000000	1.000000	1.000000	1.000000	
1356627770.463466	1.000000	69.285019	55.926361	3.805115	1.000000	1.000000	1.000000	1.000000	1.000000	1.000000	1.000000	1.000000	0.999999	1.000000	1.000000	1.000000	1.000000	1.000000	1.000000	1.000000	1356627770.463533	1.000002	71.711945	58.471126	1.589200	1.000000	1.000000	1.000000	1.000000	1.000000	1.000000	1.000000	1.000000	1.000000	1.000000	1.000000	1.000000	1.000000	1.000000	1.000000	1.000000	
1356627771.463467	1.000001	715806646.102869	715785705.887442	715798872.955970	0.999952	1.000895	0.999949	1.000894	0.999961	1.000897	0.999951	1.000889	0.999953	1.000899	0.999954	1.000888	0.999953	1.000899	0.999951	1.000890	1356627771.463570	1.000037	715736959.286510	715795150.402407	715780507.801966	0.999952	1.000895	0.999949	1.000893	3.895620	0.256919	0.999951	1.000890	0.999953	1.000901	0.999953	1.000887	0.999951	1.000893	0.999953	1.000896	
1356627772.463518	1.000051	0.000000	0.000000	0.000000	-nan	-nan	-nan	-nan	0.000000	inf	-nan	-nan	-nan	0.000000	-nan	-nan	-nan	-nan	-nan	-nan	1356627772.463617	1.000047	0.000000	0.000000	0.000000	-nan	-nan	-nan	-nan	0.000000	inf	-nan	-nan	-nan	-nan	-nan	-nan	-nan	-nan	-nan	-nan	
