ts_0	elapsed_0	pkg_0	pp0_0	dram_0	freq_ratio_0_0	c0_ratio_0_0	freq_ratio_0_1	c0_ratio_0_1	freq_ratio_0_2	c0_ratio_0_2	freq_ratio_0_3	c0_ratio_0_3	freq_ratio_0_4	c0_ratio_0_4	freq_ratio_0_5	c0_ratio_0_5	freq_ratio_0_6	c0_ratio_0_6	freq_ratio_0_7	c0_ratio_0_7	ts_1	elapsed_1	pkg_1	pp0_1	dram_1	freq_ratio_1_0	c0_ratio_1_0	freq_ratio_1_1	c0_ratio_1_1	freq_ratio_1_2	c0_ratio_1_2	freq_ratio_1_3	c0_ratio_1_3	freq_ratio_1_4	c0_ratio_1_4	freq_ratio_1_5	c0_ratio_1_5	freq_ratio_1_6	c0_ratio_1_6	freq_ratio_1_7	c0_ratio_1_7	
1356626146.208771	1.001869	37.521701	24.268790	5.648227	1.155229	0.521576	1.153866	0.508758	1.154495	0.511573	1.157048	0.529929	1.154168	0.516124	1.154985	0.517935	1.154436	0.512660	1.154861	0.514577	1356626146.209007	1.000503	37.774683	24.488672	2.909501	0.999938	0.799762	1.000000	0.799554	0.851726	0.000103	1.008537	0.000031	0.864382	0.000142	1.002531	0.000085	0.805971	0.000102	0.999930	0.915280	
1356626147.208746	0.999975	39.715975	26.447577	6.132401	0.999846	0.924560	1.000000	0.923095	1.000001	0.923089	0.988246	0.006108	1.003021	0.000111	1.002463	0.000260	0.997294	0.000058	1.002819	0.000013	1356626147.208932	0.999925	40.333855	27.027130	3.878419	1.000001	0.923305	1.000001	0.923331	0.999307	0.000046	1.000013	0.000058	0.999983	0.000321	0.999861	0.000011	1.000658	0.000011	1.000000	1.000000	
1356626148.208761	1.000015	41.182899	27.913048	6.115600	1.000000	1.000000	1.000000	1.000000	1.000000	1.000000	0.999967	0.009021	0.999648	0.000627	0.998830	0.000054	1.001044	0.000098	0.999597	0.000054	1356626148.208946	1.000014	41.290587	27.985461	4.158526	1.000000	1.000000	1.000000	1.000000	0.999868	0.000058	1.000130	0.000012	0.998526	0.000032	1.000571	0.000051	0.999430	0.000045	1.000000	1.000000	
1356626149.208745	0.999984	39.792033	26.521893	6.098044	0.999803	0.936735	0.999999	0.935936	1.000000	0.935935	0.999966	0.005640	0.930776	0.001004	1.004494	0.000013	0.997579	0.000056	1.000747	0.000013	1356626149.208941	0.999995	40.394093	27.076399	3.974202	1.000000	0.935935	1.000000	0.935934	1.000220	0.000103	0.999938	0.000068	1.000328	0.000097	0.999164	0.000037	0.999216	0.000019	1.000000	1.000000	
1356626150.208745	1.000000	37.627243	24.359665	6.115784	1.000000	0.436089	1.000001	1.000000	0.999999	1.000000	1.000127	0.000382	0.999996	0.006235	0.984664	0.000048	0.999912	0.000109	0.991050	0.000058	1356626150.208973	1.000032	44.504346	31.195491	3.820526	1.000000	1.000000	1.000000	1.000000	1.000001	0.564548	0.987674	0.000012	0.995935	0.000034	0.997245	0.000040	0.997457	0.000046	1.000000	1.000000	
1356626151.208745	1.000000	38.048309	24.779144	6.097992	0.999916	0.005976	1.000000	1.000000	1.000001	1.000001	1.000001	0.513569	0.994304	0.000115	1.000840	0.000014	1.000227	0.000058	0.999946	0.000014	1356626151.208953	0.999980	43.894464	30.572191	4.034734	0.999998	0.486525	1.000000	1.000000	1.000000	1.000000	1.002117	0.000070	1.002330	0.000064	1.010198	0.000011	1.009868	0.000011	1.000000	1.000000	
1356626152.208745	1.000000	40.738159	27.475662	6.128357	0.999900	0.001798	1.000000	1.000000	1.000000	1.000000	1.000000	1.000000	1.002879	0.000154	1.008280	0.000062	1.000089	0.000157	1.008803	0.000064	1356626152.208940	0.999987	41.214453	27.905624	2.934029	1.002051	0.000049	1.000000	1.000000	1.000000	1.000000	0.999899	0.000088	0.999835	0.000063	1.000355	0.000080	1.000545	0.000074	1.000000	1.000000	
1356626153.208745	1.000000	39.152924	25.885422	6.135376	0.863946	0.004044	0.999968	0.920900	0.999969	0.920899	0.999983	0.920875	1.001872	0.000115	1.000260	0.000013	0.999907	0.000058	0.998042	0.000013	1356626153.208942	1.000002	40.373992	27.057062	3.244897	0.999980	0.003662	1.000000	0.920911	1.000000	0.920925	1.000028	0.000110	1.000112	0.000072	0.995183	0.000007	0.994127	0.000007	1.000000	1.000000	
1356626154.208745	1.000000	40.849335	27.584976	6.109711	0.999916	0.002437	1.000000	1.000000	1.000000	1.000001	1.000000	1.000000	0.999569	0.000482	1.000079	0.000088	1.000198	0.000119	0.999971	0.000335	1356626154.208943	1.000001	41.405966	28.100742	2.998776	0.999946	0.002195	1.000000	1.000000	1.000000	1.000000	0.999944	0.000062	0.999718	0.000052	1.000124	0.000231	0.993452	0.000074	1.000000	1.000000	
1356626155.208745	1.000000	41.033554	27.757294	6.117203	0.999896	0.003528	1.000000	1.000000	1.000000	1.000000	1.000000	1.000000	1.002014	0.000098	0.999323	0.000013	0.999747	0.000058	1.000202	0.000013	1356626155.208936	0.999993	41.096872	27.794824	3.067374	0.999955	0.000078	1.000000	1.000000	1.000000	1.000000	0.999901	0.000094	1.000130	0.000092	0.997283	0.000011	1.008505	0.000063	1.000000	1.000000	
1356626156.208745	1.000000	38.446503	25.180817	6.109894	0.999912	0.001746	1.000000	0.503686	1.000000	1.000000	1.000000	1.000000	0.998082	0.000120	1.004849	0.000045	0.999952	0.000200	0.999990	0.004847	1356626156.208937	1.000001	44.218998	30.912202	4.178417	1.000001	0.496462	1.000000	1.000000	1.000000	1.000000	1.000020	0.000039	0.999663	0.000040	1.000559	0.000057	0.999720	0.000052	1.000000	1.000000	
1356626157.208746	1.000001	35.456326	22.187555	6.104166	0.999901	0.003835	0.999702	0.000022	1.000000	0.904035	1.000000	0.904000	1.000337	0.000089	0.983151	0.000013	1.000028	0.000055	1.000023	0.006529	1356626157.208973	1.000036	45.384520	32.059606	5.212123	1.000000	0.904036	1.000000	0.904036	1.000000	0.904035	0.999866	0.000075	1.000080	0.000063	0.999872	0.000012	0.998994	0.000012	1.000000	1.000000	
1356626158.208745	0.999999	37.991430	24.743905	6.109686	1.000000	0.416073	0.996114	0.000176	0.999999	0.961142	1.000000	0.961107	1.001701	0.000112	1.004761	0.000047	0.999804	0.000096	0.999994	0.008920	1356626158.208919	0.999946	44.166107	30.847243	5.083297	0.999999	0.546643	1.000000	0.961140	1.000000	0.961139	1.000290	0.000031	1.000231	0.000032	0.999257	0.000047	0.999886	0.000044	1.000000	1.000000	
1356626159.208746	1.000001	715780783.618378	715763082.193121	715788420.118130	0.999903	1.000576	0.999903	1.000594	0.999912	1.000588	0.999900	1.000566	0.999904	1.000585	0.999906	1.000578	0.999905	1.000590	0.999904	1.000585	1356626159.208842	0.999923	715835357.925354	715828336.526656	715824783.269212	0.999903	1.000583	0.999899	1.000576	3.899006	0.256601	0.999903	1.000578	0.999903	1.000580	0.999907	1.000582	0.999903	1.000582	0.999906	1.000591	
1356626160.208745	0.999999	0.000000	0.000000	0.000000	-nan	-nan	-nan	-nan	0.000000	inf	-nan	-nan	-nan	0.000000	-nan	-nan	-nan	-nan	-nan	-nan	1356626160.208815	0.999973	0.000000	0.000000	0.000000	-nan	-nan	-nan	-nan	0.000000	inf	-nan	-nan	-nan	-nan	-nan	-nan	-nan	-nan	-nan	-nan	
1356626161.208820	1.000075	0.000000	0.000000	0.000000	-nan	-nan	-nan	-nan	0.000000	inf	-nan	-nan	-nan	0.000000	-nan	-nan	-nan	-nan	-nan	-nan	1356626161.208899	1.000084	0.000000	0.000000	0.000000	-nan	-nan	-nan	-nan	inf	-nan	-nan	-nan	-nan	-nan	-nan	-nan	-nan	-nan	-nan	-nan	
