ts_0	elapsed_0	pkg_0	pp0_0	dram_0	freq_ratio_0_0	c0_ratio_0_0	freq_ratio_0_1	c0_ratio_0_1	freq_ratio_0_2	c0_ratio_0_2	freq_ratio_0_3	c0_ratio_0_3	freq_ratio_0_4	c0_ratio_0_4	freq_ratio_0_5	c0_ratio_0_5	freq_ratio_0_6	c0_ratio_0_6	freq_ratio_0_7	c0_ratio_0_7	ts_1	elapsed_1	pkg_1	pp0_1	dram_1	freq_ratio_1_0	c0_ratio_1_0	freq_ratio_1_1	c0_ratio_1_1	freq_ratio_1_2	c0_ratio_1_2	freq_ratio_1_3	c0_ratio_1_3	freq_ratio_1_4	c0_ratio_1_4	freq_ratio_1_5	c0_ratio_1_5	freq_ratio_1_6	c0_ratio_1_6	freq_ratio_1_7	c0_ratio_1_7	
1356626875.867953	1.002165	51.502156	38.367219	6.120355	1.154854	0.580665	1.154154	0.581603	1.153706	0.581341	1.154328	0.585154	1.153814	0.578794	1.154394	0.583099	1.154347	0.579679	1.154402	0.580089	1356626875.868104	1.000331	52.895200	39.801831	3.524651	0.999993	0.960293	0.999999	0.997817	1.000000	0.960902	0.999989	0.924717	1.000856	0.000095	0.999828	0.000090	1.000096	0.000097	0.999951	0.959903	
1356626876.867951	0.999998	46.747053	33.599155	5.707820	1.000114	0.002024	1.000000	0.806864	1.000000	0.806802	1.000000	0.806809	1.000000	0.806843	0.999992	0.806812	0.999996	0.003189	1.001593	0.000025	1356626876.868115	1.000011	48.813429	35.704946	3.055905	1.000000	0.806850	1.000000	0.806835	1.000000	0.806817	1.000000	0.806849	1.000016	0.000344	0.999773	0.000163	0.999779	0.000282	1.000000	1.000000	
1356626877.867950	0.999999	52.614155	39.463844	6.115240	0.999634	0.000701	1.000000	1.000000	1.000000	1.000000	1.000000	1.000000	1.000000	1.000000	1.000007	1.000000	0.999174	0.000058	0.999752	0.000062	1356626877.868092	0.999977	54.234472	41.122157	2.743227	1.000000	1.000000	1.000000	1.000000	1.000000	1.000000	1.000000	1.000000	0.999793	0.000063	1.000416	0.000079	1.000251	0.000100	1.000000	1.000000	
1356626878.867957	1.000007	52.675509	39.533555	6.096073	0.999958	0.001316	1.000000	1.000000	1.000000	1.000000	1.000000	1.000000	1.000000	1.000000	1.000000	1.000000	1.002897	0.000014	1.004362	0.000013	1356626878.868105	1.000013	53.963434	40.846281	2.748987	1.000000	1.000000	1.000000	1.000000	1.000000	1.000000	1.000000	1.000000	1.000087	0.000027	0.999697	0.000121	0.999682	0.000079	1.000000	1.000000	
1356626879.867951	0.999994	52.671914	39.513328	6.126791	0.999984	0.003276	1.000000	1.000000	1.000000	1.000000	1.000000	1.000000	1.000000	1.000000	1.000000	1.000000	1.000000	0.000061	0.999728	0.000054	1356626879.868101	0.999996	53.895482	40.783887	2.756221	1.000000	1.000000	1.000000	1.000000	1.000000	1.000000	1.000000	1.000000	1.000042	0.000074	1.000014	0.000084	1.000626	0.000099	1.000000	1.000000	
1356626880.867950	0.999999	52.654179	39.495368	6.133734	0.999968	0.000479	1.000000	1.000000	1.000000	1.000000	1.000000	1.000000	1.000000	1.000000	1.000000	1.000000	0.999141	0.000013	1.000058	0.000013	1356626880.868090	0.999989	54.671696	41.566648	2.731979	1.000000	1.000000	1.000000	1.000000	1.000000	1.000000	1.000000	1.000000	0.999989	0.006495	1.000363	0.000096	0.999508	0.000068	1.000000	1.000000	
1356626881.867950	1.000000	52.685364	39.522522	6.102188	0.999981	0.001552	1.000000	1.000000	1.000000	1.000000	1.000000	1.000000	1.000000	1.000000	1.000000	1.000000	0.998168	0.000277	0.994722	0.000106	1356626881.868096	1.000006	54.311947	41.199172	2.773284	1.000000	1.000000	1.000000	1.000000	1.000000	1.000000	1.000000	1.000000	0.999990	0.005908	0.999778	0.000162	0.999854	0.000182	1.000000	1.000000	
1356626882.867950	1.000000	52.666428	39.504303	6.108261	0.999950	0.001093	1.000000	1.000000	1.000000	1.000000	1.000000	1.000000	1.000000	1.000000	1.000000	1.000000	1.020220	0.000025	1.022874	0.000024	1356626882.868103	1.000007	54.243903	41.153539	2.797893	1.000000	1.000000	1.000000	1.000000	1.000000	1.000000	1.000000	1.000000	0.999901	0.005832	0.996732	0.000149	1.000517	0.000073	1.000000	1.000000	
1356626883.867950	1.000000	52.589935	39.427429	6.115234	0.999999	0.001059	1.000000	1.000000	1.000000	1.000000	1.000000	1.000000	1.000000	1.000000	1.000000	1.000000	1.000292	0.000049	0.999799	0.000046	1356626883.868094	0.999991	54.418065	41.318093	2.739893	1.000000	1.000000	1.000000	1.000000	1.000000	1.000000	1.000000	1.000000	1.000077	0.005913	1.003204	0.000152	0.999865	0.000215	1.000000	1.000000	
1356626884.867951	1.000001	52.434047	39.283288	6.114435	0.999943	0.000821	1.000000	1.000000	1.000000	1.000000	1.000000	1.000000	1.000000	1.000000	1.000000	1.000000	1.000370	0.000014	0.999204	0.000014	1356626884.868094	1.000000	54.326035	41.223083	2.774017	1.000000	1.000000	1.000000	1.000000	1.000000	1.000000	1.000000	1.000000	0.999990	0.005876	0.999930	0.000121	1.000562	0.000081	1.000000	1.000000	
1356626885.867950	0.999999	52.537495	39.373252	6.120581	0.999951	0.001029	1.000000	1.000000	1.000000	1.000000	1.000000	1.000000	1.000000	1.000000	1.000000	1.000000	0.999794	0.000128	1.000180	0.000049	1356626885.868104	1.000010	54.339132	41.242553	2.739963	1.000000	1.000000	1.000000	1.000000	1.000000	1.000000	1.000000	1.000000	0.999987	0.005902	1.000417	0.000078	0.999605	0.000083	1.000000	1.000000	
1356626886.867950	1.000000	52.538254	39.375519	6.133728	0.999985	0.000417	1.000000	1.000000	1.000000	1.000000	1.000000	1.000000	1.000000	1.000000	1.000000	1.000000	0.994860	0.000014	0.999345	0.000014	1356626886.868096	0.999992	54.468413	41.371673	2.716865	1.000000	1.000000	1.000000	1.000000	1.000000	1.000000	1.000000	1.000000	0.999990	0.005870	0.999948	0.000118	0.999892	0.000107	1.000000	1.000000	
1356626887.867950	1.000000	52.518051	39.353500	6.108261	0.999973	0.001078	1.000000	1.000000	1.000001	1.000000	1.000000	1.000000	1.000000	1.000000	1.000000	1.000000	1.001697	0.000048	1.000181	0.000045	1356626887.868098	1.000002	54.318988	41.218305	2.754298	1.000000	1.000000	1.000000	1.000000	1.000000	1.000000	1.000000	1.000000	0.999991	0.005890	1.000005	0.000079	1.000000	0.000074	1.000000	1.000000	
1356626888.867950	1.000000	52.647446	39.481354	6.120560	0.999945	0.001250	1.000000	1.000000	1.000000	1.000000	1.000000	1.000000	1.000000	1.000000	1.000000	1.000000	0.998342	0.000014	0.997906	0.000014	1356626888.868098	1.000000	54.340851	41.239487	2.724701	1.000000	1.000000	1.000000	1.000000	1.000000	1.000000	1.000000	1.000000	0.999991	0.005852	0.999986	0.000111	1.000295	0.000073	1.000000	1.000000	
1356626889.867950	1.000000	52.648102	39.484192	6.102905	1.000026	0.003844	1.000000	1.000000	1.000000	1.000000	1.000000	1.000000	1.000000	1.000000	1.000000	1.000000	0.999738	0.000047	0.999992	0.000048	1356626889.868097	0.999999	54.402243	41.298211	2.928805	1.000000	1.000000	1.000000	1.000000	1.000000	1.000000	1.000000	1.000000	0.999987	0.004980	0.999732	0.000086	0.999470	0.000078	1.000000	1.000000	
1356626890.867950	1.000000	52.881256	39.715759	6.132843	0.999864	0.007605	1.000000	1.000000	1.000000	1.000000	1.000000	1.000000	1.000000	1.000000	1.000000	1.000000	1.002939	0.000014	1.002262	0.000013	1356626890.868102	1.000005	53.957249	40.850046	3.857097	1.000000	1.000000	1.000000	1.000000	1.000000	1.000000	1.000000	1.000000	0.999926	0.000037	1.000180	0.000116	1.000760	0.000060	1.000000	1.000000	
1356626891.867951	1.000001	52.829524	39.678505	6.102182	0.997490	0.007177	0.999979	0.999229	0.999979	0.999229	0.999980	0.999228	0.999980	0.999226	0.999982	0.999226	1.000091	0.000047	0.999463	0.000045	1356626891.868104	1.000002	53.985661	40.881102	3.836403	1.000000	0.999289	1.000000	0.999287	1.000000	0.999252	1.000000	0.999287	1.000368	0.000073	0.999372	0.000074	0.999537	0.000092	1.000000	1.000000	
1356626892.867950	0.999999	52.908666	39.747001	6.102911	1.000078	0.005839	1.000000	1.000000	1.000001	1.000000	1.000000	1.000001	1.000000	1.000000	1.000000	1.000000	1.000148	0.000023	0.999465	0.000013	1356626892.868092	0.999988	54.013827	40.927719	3.755629	1.000000	1.000000	1.000000	1.000000	1.000000	1.000000	1.000000	1.000000	0.999649	0.000098	1.000417	0.000115	1.000394	0.000063	1.000000	1.000000	
1356626893.867951	1.000001	52.888408	39.726204	6.108148	0.999945	0.004171	1.000000	1.000000	1.000000	1.000000	1.000000	1.000000	1.000000	1.000000	1.000000	1.000000	0.999811	0.002657	0.991284	0.000058	1356626893.868099	1.000007	54.026055	40.929771	3.800419	1.000000	1.000000	1.000000	1.000000	1.000000	1.000000	1.000000	1.000000	1.000252	0.000095	0.999707	0.000057	0.999593	0.000075	1.000000	1.000000	
1356626894.867964	1.000013	53.116384	39.950679	6.113201	0.999918	0.008189	1.000000	1.000000	1.000000	1.000000	1.000000	1.000000	1.000000	1.000000	1.000000	1.000000	1.000165	0.002953	1.000175	0.002922	1356626894.868118	1.000019	54.522825	41.424701	3.642142	1.000000	1.000000	1.000000	1.000000	1.000000	1.000000	1.000000	1.000000	0.999860	0.003778	0.999819	0.002786	0.999814	0.002604	1.000000	1.000000	
1356626895.867950	0.999986	52.597252	39.437124	6.102991	1.000711	0.000716	1.000000	1.000000	1.000000	1.000000	1.000000	1.000000	1.000000	1.000000	1.000000	1.000000	0.999839	0.000048	0.999882	0.000033	1356626895.868094	0.999976	54.075521	40.977824	2.701817	1.000000	1.000000	1.000000	1.000000	1.000000	1.000000	1.000000	1.000000	1.003744	0.000136	1.004694	0.000109	1.004368	0.000115	1.000000	1.000000	
1356626896.867950	1.000000	52.517670	39.356049	6.102051	0.999914	0.000852	1.000000	1.000000	1.000000	1.000000	1.000000	1.000000	1.000000	1.000000	1.000000	1.000000	1.000461	0.000013	1.000145	0.000013	1356626896.868096	1.000002	53.994419	40.890593	2.730006	1.000000	1.000000	1.000000	1.000000	1.000000	1.000000	1.000000	1.000000	1.000120	0.000048	0.999749	0.000135	0.999803	0.000112	1.000000	1.000000	
1356626897.867951	1.000001	54.512125	41.349387	6.138880	0.999964	0.000986	1.000000	1.000000	1.000000	1.000000	1.000000	1.000000	1.000000	1.000000	1.000000	1.000000	0.999984	0.000047	0.999993	0.005180	1356626897.868072	0.999976	54.040318	40.942499	3.883501	1.000000	1.000000	1.000000	1.000000	1.000000	1.000000	1.000000	1.000000	0.999925	0.000077	1.000686	0.000053	1.000359	0.000076	1.000000	1.000000	
1356626898.867950	0.999999	54.125189	40.966027	6.109076	0.999938	0.000762	1.000000	1.000000	1.000000	1.000000	1.000000	1.000000	1.000000	1.000000	1.000000	1.000000	0.997735	0.000013	0.999990	0.006626	1356626898.868073	1.000001	54.110330	41.018760	3.880917	1.000000	1.000000	1.000000	1.000000	1.000000	1.000000	1.000000	1.000000	0.999980	0.000039	1.000156	0.000104	0.999988	0.000066	1.000000	1.000000	
1356626899.867951	1.000001	54.372339	41.210761	6.133173	0.999990	0.003093	0.999999	0.991347	0.999999	0.991311	1.000000	0.991311	1.000000	0.991345	1.000000	0.991309	1.000872	0.000046	1.000037	0.004967	1356626899.868079	1.000006	53.858245	40.763353	3.925453	1.000000	0.991350	1.000000	0.991335	1.000000	0.991317	1.000000	0.991350	1.000145	0.000069	0.999017	0.000064	1.000115	0.000074	1.000000	1.000000	
1356626900.867951	1.000000	54.012787	40.860977	6.101929	0.999981	0.009657	1.000001	1.000000	1.000001	1.000000	1.000000	1.000000	1.000000	1.000000	1.000000	1.000000	0.998445	0.000013	0.997336	0.000149	1356626900.868054	0.999975	54.062129	40.966419	3.961769	1.000000	1.000000	1.000000	1.000000	1.000000	1.000000	1.000000	1.000000	1.000012	0.000032	1.000087	0.000106	0.999501	0.000062	1.000000	1.000000	
1356626901.867950	0.999999	54.600592	41.439416	6.115240	0.999805	0.000908	1.000000	1.000000	1.000000	1.000000	1.000000	1.000000	1.000000	1.000000	1.000000	1.000000	1.000004	0.005070	1.013101	0.000039	1356626901.868072	1.000018	54.084879	41.004806	3.885261	1.000000	1.000000	1.000000	1.000000	1.000000	1.000000	1.000000	1.000000	0.999857	0.000078	0.999897	0.000060	1.000312	0.000103	1.000000	1.000000	
1356626902.867951	1.000001	54.063547	40.898978	6.114282	0.999842	0.000764	1.000000	1.000000	1.000000	1.000000	1.000000	1.000000	1.000000	1.000000	1.000000	1.000000	0.999962	0.006633	0.999677	0.000013	1356626902.868070	0.999998	54.060619	40.966707	3.917488	1.000000	1.000000	1.000000	1.000000	1.000000	1.000000	1.000000	1.000000	0.999931	0.000039	1.000026	0.000103	0.999994	0.000069	1.000000	1.000000	
1356626903.867951	1.000000	52.404663	39.239868	6.108215	1.000011	0.002089	1.000000	1.000000	1.000000	1.000000	1.000000	1.000000	1.000000	1.000000	1.000000	1.000000	1.000463	0.000179	1.000288	0.000044	1356626903.868099	1.000029	53.993043	40.898469	2.766018	1.000000	1.000000	1.000000	1.000000	1.000000	1.000000	1.000000	1.000000	0.999978	0.000104	1.000493	0.000078	1.000022	0.000087	1.000000	1.000000	
1356626904.867957	1.000006	715757599.855431	715758462.944617	715766534.941197	0.999892	1.000505	0.999890	1.000507	0.999900	1.000504	0.999891	1.000500	0.999893	1.000510	0.999894	1.000500	0.999892	1.000509	0.999892	1.000506	1356626904.868049	0.999950	715846999.147643	715820370.724250	715827565.444368	0.999891	1.000502	0.999888	1.000498	3.899817	0.256526	0.999892	1.000505	0.999892	1.000508	0.999895	1.000505	0.999892	1.000508	0.999893	1.000508	
1356626905.867963	1.000006	0.000000	0.000000	0.000000	-nan	-nan	-nan	-nan	1525262480230.891113	inf	-nan	-nan	-nan	0.000000	0.000000	inf	-nan	-nan	-nan	-nan	1356626905.868044	0.999995	0.000000	0.000000	0.000000	-nan	-nan	-nan	-nan	1.345745	inf	-nan	-nan	-nan	-nan	-nan	-nan	-nan	-nan	-nan	-nan	
1356626906.868201	1.000238	0.000000	0.000000	0.000000	-nan	-nan	-nan	-nan	0.000000	inf	-nan	-nan	-nan	0.000000	-nan	-nan	-nan	-nan	-nan	-nan	1356626906.868279	1.000235	0.000000	0.000000	0.000000	-nan	-nan	-nan	-nan	-nan	-nan	-nan	-nan	-nan	-nan	-nan	-nan	-nan	-nan	-nan	-nan	
