ts_0	elapsed_0	pkg_0	pp0_0	dram_0	freq_ratio_0_0	c0_ratio_0_0	freq_ratio_0_1	c0_ratio_0_1	freq_ratio_0_2	c0_ratio_0_2	freq_ratio_0_3	c0_ratio_0_3	freq_ratio_0_4	c0_ratio_0_4	freq_ratio_0_5	c0_ratio_0_5	freq_ratio_0_6	c0_ratio_0_6	freq_ratio_0_7	c0_ratio_0_7	ts_1	elapsed_1	pkg_1	pp0_1	dram_1	freq_ratio_1_0	c0_ratio_1_0	freq_ratio_1_1	c0_ratio_1_1	freq_ratio_1_2	c0_ratio_1_2	freq_ratio_1_3	c0_ratio_1_3	freq_ratio_1_4	c0_ratio_1_4	freq_ratio_1_5	c0_ratio_1_5	freq_ratio_1_6	c0_ratio_1_6	freq_ratio_1_7	c0_ratio_1_7	
1356625125.828574	1.001626	34.278126	20.949335	6.084833	1.154366	0.257126	1.154018	0.254536	1.153562	0.252968	1.155333	0.257978	1.154122	0.253643	1.155043	0.256280	1.155251	0.256885	1.154059	0.252751	1356625125.828800	1.000487	37.020542	23.396105	7.288076	0.999997	0.977254	1.000011	0.105091	1.015001	0.000031	1.003234	0.000074	1.006212	0.000073	0.821936	0.000103	1.006454	0.000074	0.999935	0.978008	
1356625126.828570	0.999996	37.010953	23.680257	6.088632	1.000000	1.000000	1.000002	0.333708	1.000001	1.000000	0.995968	0.000106	1.005574	0.000022	1.000474	0.000172	1.010616	0.000013	1.007622	0.000013	1356625126.828749	0.999949	34.895472	21.260011	7.462768	0.999999	0.666437	0.999991	0.001052	0.999509	0.000075	1.000710	0.000022	1.001513	0.000012	0.999795	0.000367	0.996630	0.000011	1.000000	1.000000	
1356625127.828569	0.999999	41.122720	27.783062	6.108145	1.000000	1.000000	1.000000	1.000000	1.000000	1.000000	0.999979	0.000373	0.986826	0.000051	0.999936	0.000163	0.988453	0.000049	0.986574	0.000048	1356625127.828760	1.000011	30.903882	17.286096	7.599999	1.000030	0.003386	1.000217	0.000007	0.999868	0.000012	0.999992	0.000047	0.999983	0.000046	0.999770	0.000057	1.000904	0.000048	1.000000	1.000000	
1356625128.828569	1.000000	38.586273	25.261124	6.095078	1.000000	0.589605	1.000000	1.000000	1.000000	1.000000	1.000059	0.000336	1.005291	0.000024	0.999913	0.000168	1.003839	0.000014	0.993750	0.000014	1356625128.828796	1.000036	34.013653	20.393278	7.515965	0.999941	0.007884	1.000001	0.410712	0.996437	0.000168	0.998860	0.000020	1.000071	0.000011	1.000336	0.000062	0.998188	0.000012	1.000000	1.000000	
1356625129.828569	1.000000	33.499588	20.167603	6.093384	1.000001	0.225438	1.000000	0.513546	1.000000	1.000000	0.999922	0.000409	1.005412	0.000066	0.999304	0.000163	1.000242	0.002110	1.010871	0.000063	1356625129.828787	0.999991	38.592482	24.945127	7.535362	1.000000	0.264587	1.000000	1.000000	1.002996	0.000021	0.999580	0.000058	0.999880	0.000058	0.999977	0.002830	0.999712	0.000059	1.000000	1.000000	
1356625130.828569	1.000000	35.047882	21.705811	6.111343	1.000000	1.000000	1.000253	0.000075	1.000000	1.000000	0.999823	0.000318	1.008372	0.000021	1.000549	0.000178	0.999763	0.000013	1.003851	0.000013	1356625130.828772	0.999985	36.783878	23.127697	7.861034	1.000024	0.000032	1.000000	1.000000	1.000272	0.002056	1.002071	0.000020	1.000122	0.000006	1.000015	0.000104	0.999316	0.000007	1.000000	1.000000	
1356625131.828632	1.000063	36.979225	23.636497	6.094160	1.000000	1.000000	1.000005	0.321485	1.000001	1.000001	1.000960	0.000348	1.005176	0.000047	1.002251	0.000145	1.002343	0.000124	1.005898	0.000046	1356625131.828804	1.000032	34.907225	21.266258	7.814722	0.999676	0.001415	0.999999	0.999999	0.957414	0.000013	0.985921	0.000046	0.990392	0.000049	0.997950	0.000351	0.986218	0.000051	0.999997	0.678148	
1356625132.828569	0.999937	41.120233	27.773522	6.108524	1.000000	1.000000	1.000000	1.000000	1.000000	1.000000	0.999935	0.000333	1.000549	0.000020	0.999807	0.000202	1.001709	0.000011	1.002733	0.000012	1356625132.828727	0.999923	30.047968	16.447907	7.920593	1.001160	0.000026	1.000000	1.000000	0.999557	0.000159	0.996238	0.000022	0.993311	0.000013	1.001102	0.000070	1.005394	0.000014	1.061607	0.000009	
1356625133.828569	1.000000	41.150650	27.802429	6.120636	1.000000	1.000000	1.000000	1.000000	1.000000	1.000000	1.000062	0.000361	1.000087	0.000044	1.000000	0.000146	0.999513	0.000063	0.999842	0.000044	1356625133.828736	1.000009	30.064471	16.423237	7.823568	1.000628	0.000061	1.000000	1.000000	1.005600	0.000013	1.002580	0.000049	0.998984	0.000050	0.999515	0.000062	0.998907	0.000050	0.994607	0.000073	
1356625134.828569	1.000000	41.115524	27.765091	6.089722	1.000000	1.000000	1.000000	1.000000	1.000000	1.000000	0.999925	0.000315	1.000000	0.000021	1.000055	0.000174	0.999615	0.000012	0.998355	0.000012	1356625134.828721	0.999985	30.056207	16.430484	7.937619	0.997054	0.000030	1.000000	1.000000	1.003964	0.000063	1.004150	0.000023	1.017337	0.000013	1.002543	0.000099	1.012988	0.000014	1.016024	0.000014	
1356625135.828571	1.000002	38.392337	25.047422	6.083271	0.999999	0.536571	1.000000	0.999746	1.000000	0.999710	0.999991	0.003240	1.000407	0.000043	0.999930	0.000137	1.000593	0.000047	1.000333	0.000043	1356625135.828763	1.000042	33.124785	19.500769	7.514791	1.000000	0.463679	0.999982	0.999694	0.969014	0.000014	0.995511	0.000046	0.996051	0.000046	0.996403	0.000058	1.000221	0.000049	0.999388	0.000336	
1356625136.828569	0.999998	35.980370	22.646039	6.101147	0.999992	0.003249	1.000000	1.000000	1.000000	1.000000	0.999990	0.007477	0.999999	0.002826	0.999998	0.003645	0.999985	0.002633	0.999818	0.002672	1356625136.828742	0.999979	37.320729	23.699731	6.857596	1.000000	1.000001	1.000000	1.000000	1.000052	0.002916	1.000076	0.002881	1.000036	0.002793	1.000123	0.003358	1.000016	0.002769	0.999933	0.002791	
1356625137.828569	1.000000	35.080994	21.761429	6.083694	0.999872	0.000060	1.000000	1.000000	1.000000	1.000000	0.999998	0.000363	0.999989	0.003688	0.999964	0.000140	0.999812	0.000055	1.011973	0.000040	1356625137.828775	1.000033	36.581407	22.959953	6.676218	1.000000	0.999999	0.999999	1.000000	0.998383	0.000009	1.000082	0.000042	0.997402	0.000042	0.996144	0.000058	1.000000	0.000041	1.014189	0.000043	
1356625138.828569	1.000000	35.191162	21.860321	6.095474	0.999986	0.000248	1.000000	1.000000	1.000000	1.000000	0.999958	0.000342	0.999994	0.003887	0.999979	0.000149	1.001126	0.000012	1.001169	0.000012	1356625138.828771	0.999996	36.579097	22.945741	6.979139	1.000000	1.000000	1.000001	1.000000	0.993274	0.000068	0.999849	0.000023	1.007329	0.000013	0.999861	0.000067	0.996672	0.000013	0.980084	0.000013	
1356625139.828648	1.000079	32.711240	19.382519	6.107184	0.994599	0.000058	0.999997	0.577458	0.999999	1.000000	0.999236	0.000379	0.999910	0.004750	0.997869	0.000121	0.984988	0.000050	0.979914	0.000048	1356625139.828879	1.000108	39.225973	25.584975	7.130654	1.000001	1.000001	1.000001	1.000001	1.000005	0.422727	0.995145	0.000046	1.010625	0.000045	1.006025	0.000079	1.010827	0.000045	1.010521	0.000046	
1356625140.828570	0.999922	32.448666	19.118968	6.090166	1.000001	0.398938	0.989459	0.000050	1.000000	1.000000	1.000081	0.000350	0.999932	0.004117	1.000000	0.000154	0.994132	0.000014	0.999395	0.000231	1356625140.828781	0.999902	40.330460	26.690863	7.385810	0.999999	0.601532	1.000000	1.000000	1.000000	1.000000	1.000302	0.002233	0.999807	0.000012	0.999891	0.000067	1.001908	0.000011	1.000192	0.000012	
1356625141.828569	0.999999	32.792298	19.459018	6.070868	1.000000	0.618920	1.000866	0.000442	1.000000	1.000000	0.999972	0.000405	1.004866	0.000063	0.999883	0.000142	1.007813	0.000071	1.013084	0.000062	1356625141.828786	1.000005	38.952243	25.314265	7.313028	1.000000	0.383247	1.000000	1.000000	1.000000	1.000000	1.000047	0.000057	0.999526	0.000064	1.000026	0.000358	0.998570	0.000456	1.000266	0.000064	
1356625142.828569	1.000000	35.394974	22.059052	6.094803	1.000000	1.000000	1.000696	0.000161	1.000000	1.000000	0.999673	0.000357	1.008959	0.000021	0.999683	0.000187	0.999747	0.004184	0.999367	0.000021	1356625142.828763	0.999977	36.491985	22.861745	7.200269	0.999838	0.000036	1.000000	1.000000	1.000000	1.000000	0.999876	0.000043	1.000936	0.000019	1.000097	0.000064	1.014613	0.000044	0.997552	0.000007	
1356625143.828569	1.000000	32.768433	19.434937	6.120453	1.000000	0.570574	1.000100	0.000069	1.000000	1.000000	0.999812	0.000562	1.001260	0.000046	0.999693	0.000124	1.000097	0.008796	0.999582	0.000046	1356625143.828812	1.000049	39.250666	25.621636	7.239604	1.000001	0.429695	1.000000	1.000000	1.000000	1.000000	1.000233	0.000048	0.999971	0.000067	0.999738	0.000071	1.000233	0.000043	1.000204	0.000047	
1356625144.828569	1.000000	29.073074	15.750732	6.114838	0.998983	0.000257	0.999263	0.000055	1.000000	1.000000	0.999989	0.006965	0.999981	0.000021	1.000680	0.000154	1.001817	0.000008	0.996077	0.000013	1356625144.828820	1.000008	42.857700	29.221824	7.676085	1.000000	1.000000	1.000000	1.000000	1.000000	1.000000	0.999369	0.000021	0.999712	0.000012	1.000066	0.000122	0.999545	0.000012	1.000842	0.000012	
1356625145.828569	1.000000	31.532700	18.210358	6.120712	1.000001	0.412486	1.000040	0.000029	1.000000	1.000000	1.000020	0.004325	0.999854	0.000069	0.999768	0.000133	0.999885	0.000054	1.001438	0.000046	1356625145.828771	0.999951	40.264597	26.618327	7.402890	0.999999	0.587166	1.000000	0.999829	1.000000	1.000000	1.000230	0.000049	1.000009	0.000044	0.989541	0.000055	0.999858	0.000044	1.000196	0.000057	
1356625146.828569	1.000000	35.074432	21.739380	6.101273	1.000000	1.000000	0.997523	0.000059	1.000000	1.000000	0.999952	0.000357	1.000879	0.000021	1.000153	0.000156	0.999427	0.000013	0.994880	0.000013	1356625146.828772	1.000001	36.455822	22.822183	7.241997	0.999890	0.000063	1.000000	1.000000	1.000000	1.000000	0.998983	0.000020	1.000258	0.000012	1.001460	0.000384	0.999079	0.000012	0.998080	0.000012	
1356625147.828569	1.000000	35.030289	21.707291	6.076782	1.000000	1.000000	1.016150	0.000013	1.000000	1.000000	0.999824	0.000369	0.996500	0.000046	1.000000	0.000146	0.998644	0.000047	0.999787	0.000047	1356625147.828773	1.000001	37.149562	23.518822	7.209389	1.000064	0.003077	1.000000	1.000000	1.000000	1.000000	1.000261	0.000047	1.000287	0.000046	0.999915	0.000054	1.000840	0.000044	1.000545	0.000046	
1356625148.828569	1.000000	35.088974	21.752258	6.114426	1.000000	1.000000	0.999617	0.000067	1.000000	1.000000	1.000090	0.000383	1.008074	0.000021	1.000030	0.000153	0.996746	0.000013	1.005119	0.000013	1356625148.828779	1.000006	38.034365	24.408058	6.840963	0.999963	0.006252	1.000000	1.000000	1.000000	1.000000	1.001130	0.000019	0.998825	0.000012	1.000077	0.000060	0.997203	0.000012	0.997612	0.000012	
1356625149.828569	1.000000	35.075745	21.739288	6.101776	1.000000	1.000000	0.998709	0.000013	1.000000	1.000000	1.000018	0.000374	0.997982	0.000045	0.999469	0.000126	1.002084	0.000048	0.996112	0.000044	1356625149.828783	1.000004	37.544373	23.914790	7.047701	0.999982	0.008163	1.000000	1.000000	1.000000	1.000000	0.984845	0.000045	0.999662	0.000044	0.999738	0.000075	1.000337	0.000042	1.000426	0.000043	
1356625150.828569	1.000000	35.104263	21.765106	6.076538	1.000000	1.000000	0.999271	0.000055	1.000000	1.000000	0.999954	0.000364	1.003817	0.000022	0.999633	0.000154	0.996737	0.000013	1.014003	0.000013	1356625150.828775	0.999992	38.052371	24.415039	7.157819	0.999966	0.006304	1.000000	1.000000	1.000000	1.000000	1.000340	0.001997	1.000568	0.000011	1.000112	0.000065	0.995581	0.000011	0.995513	0.000011	
1356625151.828569	1.000000	35.108810	21.771103	6.089340	1.000000	1.000000	1.001526	0.000027	1.000000	1.000000	0.999928	0.000397	0.985955	0.000046	1.000338	0.000127	0.990016	0.000046	0.985571	0.000045	1356625151.828780	1.000005	37.561915	23.932940	6.973812	0.999971	0.008187	1.000000	1.000000	1.000000	1.000000	0.999729	0.000040	1.000546	0.000042	1.000051	0.000348	1.000085	0.000041	1.001040	0.000042	
1356625152.828569	1.000000	31.446075	18.116928	6.089600	0.999999	0.350281	0.999939	0.004947	1.000000	1.000000	1.000007	0.006474	1.002208	0.000030	1.000181	0.000349	0.999225	0.000088	0.994028	0.000021	1356625152.828774	0.999994	40.725951	27.082238	7.333113	1.000000	0.650580	1.000000	1.000000	1.000000	1.000000	0.999928	0.000080	0.999965	0.000165	0.999734	0.000100	1.001326	0.000024	0.998480	0.000020	
1356625153.828569	1.000000	34.674850	21.340042	6.088776	1.000000	0.741001	0.999905	0.006745	0.999982	0.999917	0.999548	0.000384	1.009829	0.000059	0.999599	0.000136	1.009472	0.000060	1.013295	0.000059	1356625153.828766	0.999992	38.046405	24.416290	7.485168	1.000000	0.259054	1.000000	1.000000	1.000000	1.000000	1.000136	0.000065	0.999907	0.000083	1.000355	0.000049	1.000362	0.000060	0.990421	0.000065	
1356625154.828569	1.000000	36.066559	22.729477	6.095047	1.000000	1.000000	1.000032	0.008347	1.000000	0.999999	1.000045	0.000362	0.999895	0.000022	0.999953	0.000147	0.988511	0.000013	0.994408	0.000012	1356625154.828763	0.999997	36.438422	22.807337	7.163642	0.999257	0.000023	1.000000	1.000000	1.000000	1.000000	0.999481	0.000022	1.000033	0.000035	0.999599	0.000065	1.000162	0.000007	1.036389	0.000017	
1356625155.828569	1.000000	34.640839	21.306473	6.089722	1.000000	0.742004	0.999914	0.007478	1.000000	1.000000	0.999791	0.000364	1.000000	0.000044	1.000624	0.000121	1.002294	0.000046	1.001116	0.000043	1356625155.828769	1.000006	38.127886	24.501334	7.031101	1.000000	0.258039	1.000000	1.000000	1.000000	1.000000	1.000224	0.000047	1.000073	0.000063	1.000527	0.000034	0.999718	0.000048	1.000053	0.000044	
1356625156.828569	1.000000	36.029236	22.702393	6.094696	1.000000	1.000000	1.000037	0.008590	1.000000	1.000000	1.000134	0.000357	0.999135	0.000023	0.999888	0.000148	1.004908	0.000013	1.003424	0.000013	1356625156.828758	0.999989	36.525333	22.888175	7.173022	1.000058	0.000059	1.000000	1.000000	1.000000	1.000000	0.998167	0.000021	1.000189	0.000037	0.999947	0.000341	0.997377	0.000011	1.002333	0.000012	
1356625157.828569	1.000000	34.233597	20.897095	6.083008	0.999999	0.563558	0.999275	0.000252	1.000000	1.000000	1.000029	0.010681	1.000068	0.000045	0.999462	0.000146	0.999668	0.000048	0.998100	0.000043	1356625157.828788	1.000030	39.247310	25.605874	7.392036	1.000001	0.436707	1.000000	1.000000	1.000000	1.000000	1.000604	0.000047	1.000163	0.000061	1.000937	0.000033	0.999947	0.000044	0.999672	0.000045	
1356625158.828569	1.000000	31.983063	18.652817	6.132095	1.000000	0.411663	1.005876	0.000061	1.000000	1.000000	0.999972	0.011326	1.000493	0.000020	1.000199	0.000151	1.001086	0.000012	1.004739	0.000012	1356625158.828768	0.999980	40.220273	26.562284	7.592681	0.999999	0.588354	1.000000	1.000000	1.000000	1.000000	0.999316	0.000020	0.999648	0.000036	0.999393	0.000076	1.001309	0.000011	0.999705	0.000012	
1356625159.828569	1.000000	33.980453	20.647308	6.113846	1.000000	0.742011	0.988451	0.000042	1.000000	1.000000	0.999979	0.010830	0.999585	0.000045	0.999897	0.000120	1.000042	0.000045	1.000096	0.000044	1356625159.828775	1.000007	38.112667	24.479170	7.295177	1.000000	0.258034	1.000000	1.000000	1.000000	1.000000	0.985687	0.000045	0.999781	0.000061	1.000253	0.000058	1.000491	0.000042	0.999982	0.000043	
1356625160.828569	1.000000	35.505447	22.170517	6.107086	1.000000	1.000000	0.999839	0.000283	1.000000	1.000000	0.999934	0.010942	1.000307	0.000023	0.999723	0.000147	0.997710	0.000013	0.997054	0.000013	1356625160.828779	1.000004	36.408941	22.770477	7.249376	1.000016	0.000048	1.000000	1.000000	1.000000	1.000000	1.000338	0.002046	0.999990	0.000037	1.000179	0.000045	0.998734	0.000012	0.999708	0.000012	
1356625161.828569	1.000000	34.581390	21.245041	6.106506	0.999999	0.595555	1.000019	0.003216	1.000000	1.000000	0.999988	0.010631	0.999817	0.002831	1.000032	0.002926	0.999808	0.002796	0.999806	0.002717	1356625161.828744	0.999965	42.043649	28.394611	7.488132	1.000001	0.407661	1.000000	1.000000	1.000000	1.000000	0.999809	0.002816	0.999831	0.002755	1.000000	0.003263	0.999831	0.002785	0.999853	0.002767	
1356625162.828569	1.000000	29.074722	15.750992	6.127319	1.000666	0.000259	0.999987	0.004890	1.000000	1.000000	0.999941	0.000143	1.036612	0.000015	0.999932	0.000186	1.076375	0.000007	1.078068	0.000007	1356625162.828812	1.000068	42.977686	29.317176	7.593478	1.000000	1.000000	1.000000	1.000000	1.000000	1.000000	1.030198	0.000016	1.013152	0.000036	0.999967	0.000047	1.068624	0.000006	1.066658	0.000006	
1356625163.828569	1.000000	28.946976	15.625473	6.090134	0.999929	0.000060	0.999719	0.000220	1.000000	1.000000	1.000080	0.000164	0.989404	0.000055	1.000128	0.000130	0.991495	0.000057	0.986121	0.000056	1356625163.828817	1.000005	42.988432	29.327383	7.505181	1.000000	1.000000	1.000000	1.000000	1.000000	1.000000	0.999993	0.000056	0.999698	0.000061	0.999978	0.000035	1.000465	0.000048	1.000189	0.000049	
1356625164.828569	1.000000	30.381744	17.073517	6.096252	1.000000	0.225249	0.999985	0.003814	1.000000	1.000000	1.001088	0.000143	1.003434	0.000022	0.999902	0.000161	0.994147	0.000014	1.011665	0.000014	1356625164.828814	0.999997	41.463141	27.817530	7.532799	1.000000	0.774997	1.000000	1.000000	1.000000	1.000000	1.000756	0.000021	1.000131	0.000035	1.000000	0.000069	0.999417	0.000012	1.001242	0.000012	
1356625165.828569	1.000000	29.019165	15.699127	6.121185	0.995565	0.000064	0.999975	0.001649	1.000000	0.999999	0.999001	0.000176	1.001169	0.000433	0.999550	0.000140	1.000171	0.003199	1.009935	0.000064	1356625165.828812	0.999998	43.052084	29.386714	7.716415	1.000000	1.000000	1.000000	1.000000	1.000000	1.000000	0.999972	0.001840	1.000199	0.000076	0.999636	0.000050	1.000033	0.000059	0.988652	0.000061	
1356625166.828569	1.000000	33.752243	20.420639	6.070221	1.000001	0.788452	1.000040	0.000286	1.000000	0.999768	0.999978	0.000143	1.000554	0.000022	1.000295	0.000158	0.999972	0.001446	0.994701	0.000013	1356625166.828788	0.999976	37.795771	24.139741	7.560134	0.999996	0.211398	1.000000	0.999765	1.000000	1.000000	0.999592	0.000022	0.998905	0.000039	1.000084	0.000340	0.995262	0.000006	1.039830	0.000016	
1356625167.828569	1.000000	35.042847	21.706604	6.088974	1.000000	1.000000	1.000086	0.000230	1.000001	1.000000	1.000079	0.000157	0.998503	0.000048	1.000010	0.000151	0.999882	0.000049	0.998890	0.000048	1356625167.828781	0.999993	37.067548	23.424997	7.284901	0.999995	0.001247	1.000000	1.000000	1.000000	1.000000	1.000245	0.000049	1.000502	0.000060	0.999229	0.000035	1.000685	0.000051	0.999891	0.000046	
1356625168.828569	1.000000	35.075928	21.739380	6.107834	1.000000	1.000000	0.999969	0.000258	1.000000	1.000000	0.999992	0.000140	0.999662	0.000021	0.999361	0.000154	1.012909	0.000013	0.998196	0.000013	1356625168.828781	1.000000	36.400162	22.768295	7.074478	1.000084	0.000027	1.000000	1.000000	1.000000	1.000000	0.999925	0.000021	0.999668	0.000036	1.000101	0.000042	0.999026	0.000012	1.000457	0.000012	
1356625169.828569	1.000000	35.073318	21.737061	6.089523	1.000000	1.000000	0.999794	0.000216	1.000000	1.000000	0.999113	0.000159	1.001310	0.000046	1.000794	0.000125	0.997441	0.000048	1.002717	0.000047	1356625169.828774	0.999993	36.542886	22.917654	6.930102	0.999987	0.003243	1.000000	1.000000	1.000000	1.000000	0.988987	0.000058	1.000491	0.000061	1.000157	0.000054	0.999855	0.000043	1.000045	0.000043	
1356625170.828569	1.000000	35.080551	21.742264	6.083572	1.000000	1.000000	1.000005	0.000285	1.000000	1.000000	1.000823	0.000141	0.996429	0.000021	1.000150	0.000156	0.998659	0.000013	1.002419	0.000013	1356625170.828779	1.000005	36.452485	22.827934	6.881313	1.000044	0.000026	1.000000	1.000000	1.000000	1.000000	1.000316	0.002001	0.999180	0.000037	0.999851	0.000049	1.000477	0.000012	1.001708	0.000012	
1356625171.828571	1.000002	35.056101	21.717610	6.070560	1.000000	1.000000	0.999998	0.000231	1.000000	1.000000	0.999946	0.000156	1.000854	0.000046	0.999888	0.000124	1.000270	0.000047	0.999334	0.000047	1356625171.828786	1.000007	36.772207	23.140358	7.190746	0.999979	0.001077	1.000000	1.000000	1.000000	0.999753	1.000120	0.000042	1.000178	0.000063	1.000019	0.000325	0.999457	0.000045	0.999629	0.000045	
1356625172.828569	0.999998	35.070227	21.728557	6.106869	1.000000	1.000000	1.000082	0.000269	1.000000	1.000000	0.999978	0.000140	0.998426	0.000023	0.999831	0.000177	0.995033	0.000013	0.988638	0.000013	1356625172.828783	0.999997	36.428610	22.802637	7.357246	0.999860	0.000028	1.000000	1.000000	1.000000	1.000000	0.999547	0.000021	1.000123	0.000037	0.999845	0.000040	1.000225	0.000012	0.996992	0.000012	
1356625173.828569	1.000000	35.072052	21.736008	6.101181	1.000000	1.000000	0.999858	0.000229	1.000000	1.000000	0.999302	0.000157	1.002183	0.000045	1.000009	0.000125	0.998939	0.000048	1.000265	0.000045	1356625173.828776	0.999993	37.123914	23.488856	7.199604	0.999995	0.000986	1.000000	1.000000	1.000000	1.000000	1.000256	0.000050	1.000290	0.000062	1.000282	0.000036	0.999814	0.000046	1.000624	0.000046	
1356625174.828569	1.000000	35.080673	21.744446	6.101608	1.000000	1.000000	1.000039	0.000258	1.000000	1.000000	1.000831	0.000140	1.003480	0.000020	1.000200	0.000156	1.008218	0.000013	1.010968	0.000013	1356625174.828778	1.000002	36.439017	22.809481	6.997744	0.999332	0.000028	1.000000	1.000000	1.000000	1.000000	1.000169	0.000021	0.999718	0.000037	0.999835	0.000070	1.001000	0.000012	0.998286	0.000012	
1356625175.828569	1.000000	35.051514	21.749985	6.107132	1.000000	1.000000	0.999760	0.000271	1.000000	1.000000	0.999860	0.000883	0.990772	0.000082	0.999849	0.000120	0.989431	0.000047	0.984181	0.000046	1356625175.828785	1.000007	36.558982	22.921747	7.452249	0.999962	0.003114	1.000000	1.000000	1.000000	1.000000	0.999435	0.000046	0.999597	0.000057	0.983722	0.000033	1.000270	0.000041	1.000474	0.000041	
1356625176.828569	1.000000	35.164658	21.804764	6.101715	1.000000	1.000000	1.000125	0.000257	1.000000	1.000000	1.000106	0.002141	1.003736	0.000024	1.000070	0.000154	0.989462	0.000014	1.006169	0.000014	1356625176.828778	0.999993	36.444344	22.817525	6.912096	0.999735	0.000063	1.000000	1.000000	1.000000	1.000000	1.000903	0.000022	1.000310	0.000037	1.001456	0.000370	0.998324	0.000012	0.999097	0.000011	
1356625177.828569	1.000000	33.972687	20.636383	6.101532	1.000000	0.802981	0.999287	0.000244	1.000000	1.000000	0.999958	0.004848	1.009504	0.000059	0.999870	0.000155	1.009247	0.000061	1.008462	0.000057	1356625177.828779	1.000001	37.704798	24.069176	7.067620	1.000000	0.197097	1.000000	1.000000	1.000000	1.000000	0.999913	0.000062	0.999955	0.000078	0.999703	0.000048	1.000526	0.000059	0.989381	0.000061	
1356625178.828569	1.000000	35.060455	21.723343	6.120209	1.000000	1.000000	1.000728	0.000271	1.000000	1.000000	1.000025	0.000140	1.000150	0.000020	0.999686	0.000152	1.005887	0.000013	1.001627	0.000013	1356625178.828776	0.999997	36.467261	22.839426	7.146659	1.000386	0.000023	1.000000	1.000000	1.000000	1.000000	1.000263	0.000021	1.000293	0.000037	1.000551	0.000043	0.994572	0.000006	1.038557	0.000017	
1356625179.828569	1.000000	35.071442	21.729218	6.101089	1.000000	1.000000	0.999762	0.000233	1.000000	1.000000	1.000055	0.000160	1.000338	0.000046	1.000287	0.000123	0.998473	0.000047	1.003172	0.000046	1356625179.828775	0.999999	37.147252	23.510475	7.255424	1.000060	0.003036	1.000000	1.000000	1.000000	1.000000	0.985600	0.000046	0.999818	0.000059	0.999662	0.000058	1.000564	0.000049	1.000187	0.000043	
1356625180.828569	1.000000	37.165466	23.826157	6.088776	1.000000	0.742033	1.000001	0.610554	1.000000	1.000001	0.999807	0.000298	1.000330	0.000021	1.000026	0.000148	1.002514	0.000013	1.000120	0.000013	1356625180.828757	0.999982	35.172489	21.532200	7.491406	0.999975	0.008493	0.999999	0.647311	1.000000	1.000000	1.000332	0.001985	1.000343	0.000034	1.000562	0.000045	0.998943	0.000011	0.998896	0.000012	
1356625181.828569	1.000000	41.101883	27.758652	6.101730	1.000000	1.000000	1.000000	1.000000	1.000000	1.000000	1.000047	0.000372	0.999852	0.000044	0.999933	0.000120	0.997739	0.000047	1.000036	0.000043	1356625181.828760	1.000003	30.658902	17.026253	7.762870	0.999947	0.008602	1.001570	0.000007	1.000000	1.000000	1.000000	0.000042	0.999808	0.000064	1.000090	0.002523	1.000249	0.000045	1.000673	0.000044	
1356625182.828569	1.000000	39.956055	26.609741	6.108170	1.000000	0.806002	1.000000	1.000000	1.000000	1.000000	0.999984	0.000342	0.999712	0.000021	1.000178	0.000175	1.013424	0.000013	1.000120	0.000013	1356625182.828760	1.000000	32.305817	18.692413	7.612762	1.000000	0.194469	0.999987	0.000058	1.000000	1.000000	0.999653	0.000020	1.000045	0.000034	0.999926	0.004901	1.000000	0.000012	0.998280	0.000012	
1356625183.828569	1.000000	39.562241	26.215836	6.095306	1.000000	0.742004	1.000000	1.000000	1.000000	1.000000	0.999981	0.000388	0.999592	0.000044	0.999657	0.000120	0.999704	0.000046	1.000069	0.000044	1356625183.828755	0.999995	32.040001	18.405564	7.705040	1.000000	0.258031	0.999967	0.000012	1.000000	1.000000	0.999938	0.000050	0.999981	0.000060	0.999986	0.010278	1.000142	0.000043	0.999991	0.000044	
1356625184.828569	1.000000	41.106903	27.758759	6.114258	1.000000	1.000000	1.000000	1.000000	1.000000	1.000000	0.999946	0.000369	0.998303	0.000021	1.000053	0.000146	0.986504	0.000013	0.998457	0.000013	1356625184.828756	1.000001	30.373842	16.744598	7.770668	0.999950	0.000023	1.000000	0.000053	1.000000	1.000000	1.000038	0.000020	0.999977	0.000034	0.999988	0.010402	0.999639	0.000012	0.999803	0.000012	
1356625185.828569	1.000000	38.605652	25.260330	6.114243	0.999999	0.582586	1.000000	1.000000	1.000000	1.000000	0.999890	0.000379	0.999800	0.000044	0.999975	0.000122	1.003360	0.000046	1.000275	0.000045	1356625185.828792	1.000036	33.792576	20.165381	7.515309	1.000002	0.417677	0.999443	0.000011	1.000000	1.000000	1.000101	0.000050	1.000131	0.000065	0.999976	0.000868	1.000351	0.000046	1.000106	0.000047	
1356625186.828569	1.000000	39.457535	26.131821	6.118530	1.000000	0.449459	1.000000	0.999999	1.000000	1.000000	1.000012	0.003891	0.999858	0.002882	0.999818	0.003118	0.999809	0.002905	1.000005	0.002858	1356625186.828692	0.999900	34.464335	20.819737	7.583537	0.999999	0.553467	0.999999	0.002875	1.000000	1.000000	0.999993	0.002972	0.999853	0.002878	0.999997	0.003501	0.999991	0.002875	1.000004	0.002747	
1356625187.828569	1.000000	41.130890	27.784027	6.101883	1.000000	1.000000	1.000000	1.000001	1.000000	1.000000	0.999972	0.000361	0.998510	0.000041	1.004009	0.000139	1.000656	0.000041	0.984596	0.000044	1356625187.828755	1.000063	30.181725	16.552898	7.759735	0.998052	0.000051	0.999809	0.000006	1.000000	1.000000	1.000036	0.003715	1.006741	0.000062	1.000464	0.000037	0.999153	0.000041	0.999527	0.000042	
1356625188.828569	1.000000	41.119110	27.766846	6.077316	1.000000	0.999540	1.000000	0.999540	1.000000	1.000000	1.000400	0.000342	0.997688	0.000023	1.000043	0.000153	1.002091	0.000014	1.001482	0.000014	1356625188.828757	1.000002	30.331470	16.702361	7.850510	0.999872	0.000027	0.991692	0.000062	1.000000	1.000000	0.997612	0.000071	0.999850	0.000039	1.000337	0.000045	1.005030	0.000012	0.999935	0.000012	
1356625189.828601	1.000032	39.364480	26.017571	6.107990	1.000002	0.708023	1.000001	1.000001	1.000000	1.000000	1.000252	0.000399	1.014259	0.000061	1.002061	0.000137	1.012700	0.000060	1.015272	0.000060	1356625189.828764	1.000007	32.050163	18.422556	7.606774	0.999999	0.443676	1.001775	0.000022	0.999998	0.848341	0.999455	0.002554	0.992657	0.000078	0.990745	0.000075	0.988326	0.000062	0.978951	0.000064	
1356625190.828573	0.999972	39.268063	25.917013	6.108142	0.999998	0.694998	1.000000	1.000000	0.999999	0.999999	0.999348	0.000379	0.984446	0.000020	0.997897	0.000151	0.975070	0.000012	0.977818	0.000012	1356625190.828767	1.000003	32.242789	18.604084	7.825095	1.000000	0.863347	1.000004	0.441706	1.000216	0.002392	1.000673	0.001978	1.015801	0.000036	1.008023	0.000084	1.081443	0.000008	1.073076	0.000018	
1356625191.828569	0.999996	41.144637	27.791144	6.101694	1.000000	1.000000	1.000000	1.000000	1.000000	1.000000	0.999599	0.000364	1.000724	0.000046	1.000231	0.000124	1.000706	0.000047	1.000361	0.000047	1356625191.828757	0.999990	30.716448	17.099811	7.841158	1.000053	0.003136	1.000000	1.000000	1.017805	0.000015	1.000890	0.000044	0.999887	0.000065	0.999978	0.000331	1.000863	0.000052	1.000700	0.000048	
1356625192.828569	1.000000	38.472839	25.121384	6.125809	0.999999	0.557563	1.000000	1.000000	1.000000	1.000000	1.000095	0.001288	0.993639	0.000022	1.000020	0.000177	0.993989	0.000013	0.997407	0.000013	1356625192.828782	1.000025	33.969258	20.336695	7.645942	0.999943	0.006838	1.000000	1.000000	1.000001	0.442746	0.998117	0.000020	1.000102	0.000034	0.999913	0.000040	1.000143	0.000011	0.998002	0.000012	
1356625193.828569	1.000000	33.055496	19.715958	6.113571	1.000074	0.000052	1.000000	0.609518	1.000000	0.999999	0.999982	0.010236	1.000298	0.000044	0.999878	0.000117	1.001559	0.000048	0.999991	0.000043	1356625193.828810	1.000028	38.971661	25.338313	7.386787	1.000002	0.390700	1.000000	1.000000	1.000000	1.000000	1.000070	0.000050	1.000019	0.000062	0.998422	0.000034	0.999257	0.000045	1.000805	0.000046	
1356625194.828569	1.000000	31.615738	18.280746	6.071426	1.000001	0.407653	0.996610	0.000051	1.000000	1.000000	0.999979	0.006462	1.002362	0.000022	1.000070	0.000154	0.994345	0.000013	0.994046	0.000013	1356625194.828779	0.999969	40.279523	26.645189	7.235973	0.999999	0.592339	1.000000	1.000000	1.000000	1.000000	1.001882	0.000022	0.999680	0.000036	1.000778	0.000067	1.001389	0.000012	0.996735	0.000012	
1356625195.828569	1.000000	33.578735	20.238159	6.101822	1.000000	0.741001	1.005143	0.000013	1.000000	1.000000	1.000016	0.003530	1.001485	0.000047	0.999937	0.000122	1.001050	0.000048	1.001860	0.000047	1356625195.828784	1.000005	38.119331	24.487091	7.301950	1.000000	0.259050	1.000000	1.000000	1.000000	1.000000	0.999659	0.000049	0.999829	0.000061	1.000342	0.000035	0.999991	0.000043	1.000241	0.000043	
1356625196.828569	1.000000	35.114563	21.770569	6.107681	1.000000	1.000000	1.000000	0.000055	1.000000	1.000000	0.999773	0.000384	0.997489	0.000022	1.000063	0.000154	0.995904	0.000013	0.994124	0.000013	1356625196.828775	0.999991	36.525767	22.902750	6.934908	1.000084	0.000059	1.000000	1.000000	1.000000	1.000000	0.998605	0.000020	1.000620	0.000036	1.000051	0.000341	0.999650	0.000011	0.999519	0.000012	
1356625197.828569	1.000000	35.066940	21.733734	6.119919	1.000000	1.000000	1.004857	0.000013	1.000000	1.000000	0.999984	0.000368	1.000894	0.000045	0.999751	0.000149	0.999984	0.000048	1.000034	0.000045	1356625197.828778	1.000003	37.150581	23.525028	7.275246	1.000065	0.003010	1.000000	1.000000	1.000000	1.000000	1.000478	0.000048	0.999624	0.000062	0.998692	0.000034	1.000418	0.000044	0.999781	0.000046	
1356625198.828569	1.000000	35.111252	21.765579	6.107635	1.000000	1.000000	0.999498	0.000055	1.000000	1.000000	0.999733	0.000379	0.997417	0.000021	1.000028	0.000153	0.999368	0.000013	0.994394	0.000013	1356625198.828783	1.000005	37.729517	24.115739	7.010219	0.999970	0.006303	1.000000	1.000000	1.000000	1.000000	0.998743	0.000020	1.000547	0.000034	1.000614	0.000041	0.997041	0.000012	1.001037	0.000012	
1356625199.828569	1.000000	35.098526	21.752518	6.113815	1.000000	1.000000	0.999377	0.000035	1.000000	1.000000	1.000126	0.000393	0.990021	0.000046	1.000088	0.000123	0.990008	0.000047	0.987694	0.000045	1356625199.828774	0.999991	37.340274	23.699311	7.086124	0.999978	0.008282	1.000000	1.000000	1.000000	1.000000	0.984899	0.000044	0.999926	0.000057	0.999846	0.000052	1.000261	0.000043	0.999421	0.000041	
1356625200.828569	1.000000	35.095505	21.750488	6.069962	1.000000	1.000000	0.988864	0.000056	1.000000	1.000000	1.000397	0.000361	0.999744	0.000024	0.999695	0.000148	0.999320	0.000014	1.000042	0.000223	1356625200.828780	1.000006	37.062554	23.431669	7.114566	0.999962	0.009562	1.000000	1.000000	1.000000	1.000000	1.000309	0.002205	0.999746	0.000035	0.999826	0.000044	1.000944	0.000012	0.999443	0.000012	
1356625201.828569	1.000000	33.001968	19.659729	6.093948	0.999999	0.577585	1.000654	0.001014	1.000000	1.000000	0.999996	0.019301	1.005897	0.000062	0.999951	0.007799	1.007587	0.000062	1.010714	0.000062	1356625201.828795	1.000015	39.325017	25.701823	7.372707	1.000001	0.426673	1.000000	1.000000	1.000000	1.000000	0.999991	0.002117	1.000274	0.000077	0.999972	0.000347	0.999808	0.000060	0.990997	0.000068	
1356625202.828569	1.000000	33.403122	20.067703	6.101212	1.000000	0.589457	0.999941	0.000071	1.000000	1.000000	0.999601	0.000375	1.000233	0.000615	0.999977	0.009896	1.006094	0.000013	0.999539	0.000013	1356625202.828756	0.999961	39.479144	25.834705	7.421524	0.999998	0.410479	1.000000	1.000000	1.000000	1.000000	1.000000	0.070451	0.999860	0.000113	0.999858	0.000044	1.004545	0.000007	1.036026	0.000017	
1356625203.828569	1.000000	34.030228	20.692307	6.125900	1.000000	0.711053	0.991325	0.000077	1.000000	1.000000	1.000053	0.005447	1.000053	0.000058	0.999996	0.005133	0.998141	0.000046	1.000924	0.000044	1356625203.828768	1.000012	38.313706	24.675319	7.344029	1.000000	0.289067	1.000000	1.000000	1.000000	1.000000	1.000044	0.000044	1.000048	0.000097	1.000495	0.000058	0.999524	0.000073	0.999815	0.000056	
1356625204.828569	1.000000	35.876144	22.535645	6.095245	1.000000	1.000001	1.000075	0.000320	1.000000	1.000000	0.999969	0.010549	1.001266	0.000021	1.000136	0.000173	1.002673	0.000026	0.996651	0.000020	1356625204.828766	0.999998	36.497903	22.872617	6.990995	1.002243	0.000063	1.000000	1.000000	1.000000	1.000000	0.998038	0.000021	1.000079	0.000131	0.999971	0.000067	1.002044	0.000012	1.000325	0.000011	
1356625205.828569	1.000000	33.184662	19.859863	6.082947	0.999999	0.581561	1.000396	0.000285	1.000000	1.000000	0.999962	0.010845	0.999607	0.000043	0.998781	0.000117	0.999897	0.000056	1.001532	0.000042	1356625205.828805	1.000039	39.173563	25.535668	7.514065	1.000002	0.418706	1.000000	1.000000	1.000000	1.000000	1.000699	0.000056	0.999737	0.000063	0.983623	0.000035	1.000045	0.000043	0.999839	0.000043	
1356625206.828569	1.000000	31.890152	18.562057	6.108139	1.000000	0.392686	0.999984	0.000310	1.000000	1.000000	0.999916	0.011001	1.000448	0.000021	1.000847	0.000156	0.989946	0.000013	0.997756	0.000013	1356625206.828797	0.999992	40.386268	26.744800	7.237607	0.999999	0.607400	1.000000	1.000000	1.000000	1.000000	0.999215	0.000048	1.000270	0.000036	1.001495	0.000375	0.999396	0.000027	1.000096	0.000012	
1356625207.828569	1.000000	32.945786	19.611221	6.101578	0.999999	0.568585	1.000022	0.000223	1.000000	1.000000	0.999977	0.011279	0.999366	0.000044	0.999839	0.000141	1.002485	0.000047	0.999930	0.000044	1356625207.828815	1.000018	39.220292	25.579224	7.484836	1.000001	0.431707	1.000000	1.000000	1.000000	1.000000	1.000584	0.000054	0.999817	0.000061	0.999620	0.000032	1.000108	0.000043	1.000240	0.000042	
1356625208.828576	1.000007	22.480115	9.201337	4.539031	0.845210	0.000299	0.713724	0.000371	0.999960	0.451951	0.986849	0.005304	0.681257	0.000030	0.678824	0.000222	0.695210	0.000018	0.697560	0.000018	1356625208.829028	1.000213	34.849636	21.478886	4.291216	0.999999	0.451685	1.000000	1.000000	0.999999	0.451712	1.000174	0.000020	0.999917	0.000051	1.000207	0.000063	0.999021	0.000012	1.000555	0.000012	
1356625209.828575	0.999999	16.989640	3.748310	3.104632	0.548830	0.000111	0.538932	0.000382	0.694885	0.000018	0.569838	0.000288	0.696365	0.000064	0.562727	0.000218	0.775346	0.000075	0.713344	0.000064	1356625209.828972	0.999944	28.683797	15.500258	1.658616	1.000057	0.000081	1.000000	1.000000	1.000163	0.000012	0.975245	0.000073	1.000017	0.000093	1.000057	0.000135	1.000081	0.000067	1.000057	0.000060	
1356625210.828568	0.999993	16.998317	3.762630	3.064581	0.840844	0.000298	0.568125	0.000392	0.733150	0.000080	0.599129	0.000292	0.770125	0.000029	0.585156	0.000258	0.657260	0.000021	0.615847	0.000023	1356625210.828919	0.999947	28.694253	15.511395	1.624445	0.999615	0.000028	1.000000	1.000000	1.000000	0.000069	1.000877	0.002051	1.000183	0.000051	0.999619	0.000073	0.871903	0.000014	0.999445	0.000012	
1356625211.828568	1.000000	19.739258	6.507706	3.077118	0.993754	0.002690	0.965787	0.003357	1.000057	0.002349	0.969949	0.003704	0.993273	0.002654	0.966279	0.002557	0.992966	0.002492	0.992766	0.002417	1356625211.828872	0.999953	28.737083	15.570220	1.661989	0.999960	0.002832	1.000000	1.000000	0.999991	0.002618	0.999996	0.002739	0.999998	0.002753	1.000001	0.003284	1.000649	0.002653	0.999978	0.002690	
1356625212.828568	1.000000	17.008759	3.778290	3.078888	0.773491	0.000361	0.560082	0.000388	0.752641	0.000069	0.601471	0.000242	0.799509	0.000023	0.606953	0.000291	0.480137	0.000016	0.641703	0.000013	1356625212.829035	1.000163	28.649793	15.473963	1.621241	0.999973	0.000453	1.000000	1.000000	0.993337	0.000105	0.998552	0.000017	0.999839	0.000057	0.999988	0.000063	0.998764	0.000007	1.004004	0.000007	
1356625213.828568	1.000000	16.951294	3.721207	3.136063	0.538151	0.000138	0.530913	0.000384	0.524725	0.000042	0.572849	0.000306	0.609070	0.000112	0.577528	0.000240	0.626740	0.000114	0.610687	0.000107	1356625213.828976	0.999941	28.651849	15.475444	1.657767	1.001129	0.000098	1.000000	1.000000	1.007888	0.000090	0.999975	0.000122	1.000014	0.000143	1.000075	0.000077	1.000082	0.000108	0.993930	0.000107	
1356625214.828569	1.000001	16.931762	3.702755	3.115903	0.675011	0.000680	0.608450	0.000221	0.684555	0.000090	0.591759	0.000258	0.798291	0.000027	0.619840	0.000272	0.697469	0.000018	0.594589	0.000027	1356625214.828934	0.999958	28.625591	15.448082	1.646950	0.999862	0.000028	1.000000	1.000000	0.999995	0.000075	1.001183	0.000021	1.000378	0.000057	0.999866	0.000098	0.998655	0.000007	1.018051	0.000037	
1356625215.828568	0.999999	16.975602	3.748325	3.071765	0.538492	0.000421	0.695567	0.000018	0.553996	0.000020	0.568766	0.000283	0.735002	0.000065	0.592012	0.000209	0.770257	0.000065	0.698526	0.000067	1356625215.828980	1.000046	28.626338	15.449103	1.638886	1.000015	0.000077	1.000000	1.000000	1.000178	0.000011	0.999613	0.000070	0.999840	0.000089	1.000304	0.000049	0.999839	0.000064	0.999602	0.000046	
1356625216.828569	1.000001	16.970153	3.737820	3.043241	0.675321	0.000642	0.693395	0.000122	0.577411	0.000173	0.555849	0.000273	0.776883	0.000027	0.603314	0.000256	0.564362	0.000022	0.556784	0.000023	1356625216.828944	0.999964	28.627907	15.450523	1.639433	0.999976	0.000694	1.000000	1.000000	1.000027	0.000158	1.000524	0.000020	0.983677	0.000058	0.999983	0.000497	1.000024	0.000115	1.000000	0.000011	
1356625217.828576	1.000007	17.005940	3.766270	3.106576	0.522077	0.000834	0.694834	0.000018	0.461619	0.000024	0.567867	0.000291	0.729319	0.000064	0.594718	0.000248	0.704834	0.000070	0.707054	0.000067	1356625217.828975	1.000031	28.620695	15.444040	1.662333	0.999923	0.000075	1.000000	1.000000	0.999224	0.000041	0.999427	0.000077	1.011192	0.000084	0.999874	0.000046	1.000405	0.000072	1.000329	0.000061	
1356625218.828575	0.999999	17.003297	3.757419	3.069339	0.671417	0.000646	0.758748	0.000073	0.716063	0.000078	0.603486	0.000249	0.787678	0.000026	0.584865	0.000261	0.576933	0.000020	0.655395	0.000019	1356625218.828932	0.999957	28.627007	15.450217	1.634790	1.000073	0.000027	1.000000	1.000000	1.000347	0.000076	1.002633	0.000021	1.000235	0.000057	1.000006	0.000059	0.997912	0.000012	0.999326	0.000011	
1356625219.828574	0.999999	16.992494	3.752247	3.067538	0.548032	0.000468	0.705344	0.000018	0.475472	0.000024	0.572243	0.000276	0.680516	0.000068	0.598130	0.000207	0.655470	0.000072	0.665274	0.000067	1356625219.829022	1.000090	28.615745	15.444382	1.653172	1.000121	0.000083	1.000000	1.000000	1.000463	0.000011	0.989654	0.000068	0.999940	0.000090	1.000149	0.000070	1.000358	0.000067	1.000077	0.000060	
1356625220.828568	0.999994	16.966044	3.726310	3.088992	0.662841	0.000688	0.769697	0.000073	0.739485	0.000071	0.590666	0.000252	0.688974	0.000029	0.599592	0.000253	0.543661	0.000023	0.541729	0.000024	1356625220.828924	0.999902	28.625455	15.451725	1.628944	0.999562	0.000055	1.000000	1.000000	0.999997	0.002277	1.005759	0.000122	1.000061	0.000057	0.999883	0.000069	0.998230	0.000011	0.999329	0.000011	
1356625221.828568	1.000000	16.976624	3.718536	3.019958	0.550756	0.000500	0.692998	0.000018	0.691491	0.000018	0.578685	0.000277	0.737625	0.000063	0.594560	0.000207	0.725304	0.000070	0.747657	0.000063	1356625221.828925	1.000001	28.587207	15.428406	1.635985	1.000060	0.000123	1.000000	1.000000	1.000065	0.000012	0.999866	0.000069	0.999828	0.000101	0.999880	0.000361	1.000051	0.000069	1.000051	0.000068	
1356625222.828568	1.000000	16.977753	3.714859	3.021408	0.663118	0.000649	0.757744	0.000073	0.760642	0.000073	0.575203	0.000245	0.800543	0.000027	0.605578	0.000300	0.575645	0.000021	0.657687	0.000019	1356625222.828932	1.000007	28.632859	15.446899	1.629536	0.999710	0.000044	1.000000	1.000000	0.999976	0.000080	0.999638	0.000020	1.000060	0.000058	1.000415	0.000103	0.999182	0.000012	0.999431	0.000011	
1356625223.828568	1.000000	16.987885	3.723938	3.070328	0.540362	0.000511	0.697598	0.000018	0.693871	0.000018	0.556686	0.000282	0.734068	0.000063	0.595653	0.000208	0.723642	0.000065	0.697975	0.000064	1356625223.828885	0.999953	28.580276	15.420005	1.647416	0.998573	0.000077	1.000000	1.000000	1.000000	0.000011	1.000128	0.000069	0.999934	0.000100	0.999746	0.000049	0.999845	0.000060	0.999684	0.000059	
1356625224.828568	1.000000	16.997772	3.733765	3.039093	0.674688	0.000638	0.747630	0.000073	0.746767	0.000071	0.586768	0.000246	0.795541	0.000030	0.605436	0.000254	0.686919	0.000020	0.693471	0.000020	1356625224.828873	0.999988	28.587102	15.415986	1.620320	0.999702	0.000028	1.000000	1.000000	0.993081	0.000095	1.000038	0.000020	1.000047	0.000058	1.000068	0.000107	1.003012	0.000011	0.999094	0.000012	
1356625225.828568	1.000000	16.955856	3.692474	3.141113	0.543224	0.000493	0.589236	0.000038	0.581572	0.000039	0.553210	0.000311	0.655402	0.000092	0.577534	0.000239	0.695726	0.000101	0.615573	0.000098	1356625225.829017	1.000144	28.595903	15.426032	1.650000	1.001198	0.000107	1.000000	1.000000	1.013965	0.000044	0.999598	0.000103	1.000046	0.000133	1.000034	0.000079	0.999628	0.000094	0.993403	0.000095	
1356625226.828568	1.000000	16.958923	3.696167	3.092010	0.665038	0.000654	0.726272	0.000085	0.691749	0.000089	0.555967	0.000255	0.790117	0.000027	0.590673	0.000263	0.690927	0.000018	0.553713	0.000020	1356625226.828976	0.999959	28.599195	15.428520	1.615545	0.999731	0.000063	1.000000	1.000000	1.000523	0.000078	1.000241	0.000022	0.999872	0.000057	0.999966	0.000380	1.000956	0.000007	1.021395	0.000031	
1356625227.828576	1.000008	715765823.552189	715768056.237261	715799273.300202	0.999952	1.000895	0.999950	1.000900	0.999961	1.000900	0.999952	1.000894	0.999953	1.000901	0.999955	1.000893	0.999952	1.000898	0.999953	1.000900	1356625227.828677	0.999701	716033934.801957	716021572.696579	716006768.586563	0.999952	1.000895	0.999950	1.000901	3.895621	0.256918	0.999953	1.000897	0.999953	1.000901	0.999955	1.000893	0.999952	1.000898	0.999953	1.000898	
1356625228.828692	1.000116	0.000000	0.000000	0.000000	-nan	-nan	-nan	-nan	0.000000	inf	-nan	-nan	-nan	0.000000	-nan	-nan	-nan	-nan	-nan	-nan	1356625228.828771	1.000094	0.000000	0.000000	0.000000	-nan	-nan	-nan	-nan	0.000000	inf	-nan	-nan	-nan	-nan	-nan	-nan	-nan	-nan	-nan	-nan	
