ts_0	elapsed_0	pkg_0	pp0_0	dram_0	freq_ratio_0_0	c0_ratio_0_0	freq_ratio_0_1	c0_ratio_0_1	freq_ratio_0_2	c0_ratio_0_2	freq_ratio_0_3	c0_ratio_0_3	freq_ratio_0_4	c0_ratio_0_4	freq_ratio_0_5	c0_ratio_0_5	freq_ratio_0_6	c0_ratio_0_6	freq_ratio_0_7	c0_ratio_0_7	ts_1	elapsed_1	pkg_1	pp0_1	dram_1	freq_ratio_1_0	c0_ratio_1_0	freq_ratio_1_1	c0_ratio_1_1	freq_ratio_1_2	c0_ratio_1_2	freq_ratio_1_3	c0_ratio_1_3	freq_ratio_1_4	c0_ratio_1_4	freq_ratio_1_5	c0_ratio_1_5	freq_ratio_1_6	c0_ratio_1_6	freq_ratio_1_7	c0_ratio_1_7	
1356626511.143449	1.001793	55.407145	42.180645	2.584127	1.157567	0.406482	1.155378	0.396334	1.155611	0.398675	1.157385	0.406897	1.155751	0.397548	1.157521	0.406449	1.155733	0.396169	1.157809	0.407516	1356626511.143515	1.000330	46.849272	33.638436	1.636636	0.999960	0.684130	1.000001	0.883688	1.000001	0.693593	1.000001	0.638563	1.003251	0.000063	1.000002	0.384681	1.013603	0.000033	0.999745	0.796727	
1356626512.143436	0.999987	66.588810	53.389158	2.668156	0.971443	0.998128	0.971444	0.998127	0.971444	0.998125	0.971443	0.998124	0.971443	0.998124	0.971443	0.998122	0.971443	0.998122	0.971443	0.998121	1356626512.143500	0.999985	58.403297	45.178581	1.593362	1.000000	1.000000	1.000000	1.000000	1.000000	1.000000	1.000000	1.000000	1.000768	0.000160	1.000000	1.000000	1.000214	0.000340	1.000000	1.000000	
1356626513.143437	1.000001	64.638183	51.426190	2.669019	0.954578	0.996973	0.954578	0.996969	0.954578	0.996966	0.954578	0.996965	0.954578	0.996962	0.954578	0.996961	0.954578	0.996959	0.954578	0.996957	1356626513.143498	0.999998	55.017927	41.783695	1.602374	1.000000	0.904605	1.000000	0.904576	1.000000	0.904561	1.000000	0.904558	0.999983	0.000139	1.000000	0.904604	0.999284	0.000019	0.999985	0.977643	
1356626514.143436	0.999999	64.664292	51.443149	2.676074	0.950766	0.996737	0.950766	0.996735	0.950766	0.996732	0.950766	0.996728	0.950766	0.996727	0.950766	0.996725	0.950766	0.996724	0.950766	0.996723	1356626514.143509	1.000011	57.762260	44.524795	1.604597	1.000000	1.000000	1.000000	1.000000	1.000000	1.000000	1.000000	1.000000	1.000092	0.000488	1.000000	1.000000	0.999020	0.000060	1.000000	1.000000	
1356626515.143435	0.999999	64.678010	51.451038	2.681704	0.946490	0.996461	0.946490	0.996458	0.946490	0.996456	0.946490	0.996455	0.946489	0.996452	0.946489	0.996451	0.946489	0.996448	0.946489	0.996446	1356626515.143502	0.999993	58.192678	44.962179	1.598949	1.000000	1.000000	1.000000	1.000000	1.000000	1.000000	1.000000	1.000000	0.999871	0.000117	1.000000	1.000000	1.003380	0.000019	1.000000	1.000000	
1356626516.143436	1.000001	64.669158	51.432385	2.678708	0.949061	0.996611	0.949061	0.996610	0.949061	0.996608	0.949061	0.996605	0.949061	0.996604	0.949061	0.996603	0.949061	0.996600	0.949061	0.996598	1356626516.143504	1.000002	57.702862	44.480369	1.616254	1.000000	1.000000	1.000000	1.000000	1.000000	1.000000	1.000000	1.000000	0.999835	0.000379	1.000000	1.000000	0.999915	0.000314	1.000000	1.000000	
1356626517.143444	1.000008	64.670862	51.430247	2.617746	0.949113	0.996596	0.949113	0.996594	0.949112	0.996591	0.949113	0.996589	0.949113	0.996586	0.949113	0.996586	0.949113	0.996584	0.949113	0.996581	1356626517.143511	1.000007	53.868432	40.666360	1.612522	1.000000	0.927351	1.000000	0.850364	1.000000	0.850360	1.000000	0.850365	1.000540	0.000119	1.000000	0.850433	1.001512	0.000012	0.999984	0.967185	
1356626518.143443	0.999999	64.677125	51.434345	2.644976	0.944774	0.996217	0.944774	0.996213	0.944774	0.996211	0.944774	0.996209	0.944774	0.996209	0.944774	0.996206	0.944774	0.996204	0.944774	0.996201	1356626518.143511	1.000000	55.728470	42.523911	1.604004	1.000000	0.923059	1.000000	0.923017	1.000000	0.923016	1.000000	0.923015	0.999996	0.002295	1.000000	0.923052	0.999075	0.000063	0.999985	0.972308	
1356626519.143444	1.000001	64.670348	51.425290	2.602552	0.947396	0.996467	0.947397	0.996464	0.947397	0.996463	0.947397	0.996461	0.947397	0.996457	0.947397	0.996455	0.947398	0.996453	0.947398	0.996452	1356626519.143505	0.999994	52.974483	39.763726	1.619166	1.000000	0.846351	1.000000	0.846279	1.000000	0.846312	1.000000	0.846275	1.000046	0.000435	1.000000	0.846348	1.003372	0.000019	0.999964	0.939066	
1356626520.143437	0.999993	64.671910	51.421727	2.629123	0.946946	0.996364	0.946946	0.996363	0.946946	0.996360	0.946945	0.996358	0.946945	0.996355	0.946945	0.996351	0.946945	0.996349	0.946945	0.996345	1356626520.143501	0.999996	55.177454	41.972872	1.619971	1.000000	0.924895	1.000000	0.924856	1.000000	0.924854	1.000000	0.924853	0.999878	0.000174	0.999981	0.924935	0.999334	0.000093	0.999983	0.965130	
1356626521.143444	1.000007	64.678264	51.425929	2.631116	0.944531	0.996392	0.944531	0.996391	0.944531	0.996387	0.944531	0.996386	0.944532	0.996384	0.944531	0.996380	0.944531	0.996378	0.944531	0.996377	1356626521.143508	1.000007	55.544355	42.346082	1.597294	1.000000	0.921935	1.000000	0.921896	1.000000	0.921893	1.000000	0.921892	0.999984	0.000169	1.000000	0.921928	1.000712	0.000051	0.999982	0.967957	
1356626522.143444	1.000000	64.613235	51.373795	2.585388	0.946809	0.996334	0.946809	0.996332	0.946809	0.996330	0.946809	0.996330	0.946809	0.996327	0.946809	0.996324	0.946809	0.996323	0.946809	0.996320	1356626522.143510	1.000002	53.233709	40.029587	1.605725	1.000000	0.857707	1.000000	0.857620	1.000000	0.857618	1.000000	0.857616	0.999982	0.000366	1.000000	0.857689	1.000469	0.000049	0.999963	0.934616	
1356626523.143443	0.999999	715821499.604717	715811502.085676	715820450.510272	0.999923	1.000715	0.999923	1.000730	0.999933	1.000724	0.999923	1.000714	0.999925	1.000728	0.999925	1.000712	0.999926	1.000730	0.999923	1.000714	1356626523.143544	1.000034	715745158.034264	715791841.766763	715784030.539868	0.999925	1.000721	0.999921	1.000718	3.897381	0.256753	0.999922	1.000710	0.999925	1.000725	0.999926	1.000716	0.999924	1.000723	0.999924	1.000721	
1356626524.143548	1.000105	0.000000	0.000000	0.000000	-nan	-nan	-nan	-nan	0.000000	inf	-nan	-nan	-nan	0.000000	-nan	-nan	-nan	-nan	-nan	-nan	1356626524.143630	1.000086	0.000000	0.000000	0.000000	-nan	-nan	-nan	-nan	0.000000	inf	-nan	-nan	-nan	-nan	-nan	-nan	-nan	-nan	-nan	-nan	
