ts_0	elapsed_0	pkg_0	pp0_0	dram_0	freq_ratio_0_0	c0_ratio_0_0	freq_ratio_0_1	c0_ratio_0_1	freq_ratio_0_2	c0_ratio_0_2	freq_ratio_0_3	c0_ratio_0_3	freq_ratio_0_4	c0_ratio_0_4	freq_ratio_0_5	c0_ratio_0_5	freq_ratio_0_6	c0_ratio_0_6	freq_ratio_0_7	c0_ratio_0_7	ts_1	elapsed_1	pkg_1	pp0_1	dram_1	freq_ratio_1_0	c0_ratio_1_0	freq_ratio_1_1	c0_ratio_1_1	freq_ratio_1_2	c0_ratio_1_2	freq_ratio_1_3	c0_ratio_1_3	freq_ratio_1_4	c0_ratio_1_4	freq_ratio_1_5	c0_ratio_1_5	freq_ratio_1_6	c0_ratio_1_6	freq_ratio_1_7	c0_ratio_1_7	
1353356423.124654	1.001848	46.624654	33.368009	5.881419	1.158050	0.403877	1.154242	0.379774	1.154936	0.388897	1.157262	0.397680	1.155766	0.389444	1.156945	0.395196	1.156532	0.393241	1.156141	0.390957	1353356423.124838	1.000440	46.260962	32.970711	5.652482	0.999955	0.943235	0.999898	0.943351	1.000001	0.933605	1.002559	0.000103	1.005716	0.000071	0.996746	0.000088	1.003748	0.000102	0.999798	0.937356	
1353356424.124650	0.999996	48.344968	35.073262	6.006540	1.000000	0.997315	1.000000	0.997128	1.000000	0.997207	0.999989	0.007040	1.000000	0.997185	0.993440	0.000008	0.985523	0.000038	0.999970	0.000585	1353356424.124837	0.999999	47.806503	34.514452	6.011602	1.000000	0.997146	1.000000	0.997205	1.000000	0.997144	0.997418	0.000007	1.000130	0.000095	1.002271	0.000238	0.994697	0.000007	1.000000	1.000000	
1353356425.124649	0.999999	48.499695	35.207751	6.012899	1.000000	1.000000	1.000000	1.000000	1.000000	1.000000	1.000007	0.007089	1.000000	1.000000	0.990955	0.000063	1.000006	0.002514	1.000069	0.000173	1353356425.124829	0.999992	47.830283	34.535177	6.023410	1.000000	1.000000	1.000000	1.000000	1.000000	1.000000	0.994628	0.000089	1.000058	0.000046	0.993484	0.000055	0.992547	0.000078	1.000000	1.000000	
1353356426.124650	1.000001	48.527008	35.232129	6.007395	1.000000	1.000000	1.000000	1.000000	1.000000	1.000000	0.999969	0.007452	1.000000	1.000000	1.019249	0.000024	1.009835	0.000053	0.999996	0.000178	1353356426.124832	1.000003	47.859456	34.563934	6.008862	1.000000	1.000000	1.000000	1.000000	1.000000	1.000000	0.995736	0.000007	0.994633	0.000096	0.988796	0.000007	0.995272	0.000007	1.000000	1.000000	
1353356427.124649	0.999999	48.469635	35.172092	6.012701	0.999971	0.997275	1.000000	0.997070	1.000000	0.997137	0.999993	0.006703	1.000000	0.997123	1.003542	0.000051	1.000502	0.000077	0.999859	0.000180	1353356427.124826	0.999994	47.818797	34.522484	6.010610	1.000000	0.997095	1.000000	0.997136	1.000000	0.997051	1.005839	0.000086	1.005117	0.000102	1.003528	0.000161	1.000358	0.000092	1.000000	1.000000	
1353356428.124648	0.999999	48.545334	35.244388	5.993597	1.000000	1.000000	1.000000	0.999881	1.000000	0.999914	0.999983	0.006743	1.000000	0.999916	0.996581	0.000008	0.999769	0.000037	0.999955	0.000155	1353356428.124826	1.000000	47.831223	34.544586	6.029877	1.000000	0.999850	1.000000	0.999921	1.000000	0.999848	0.996267	0.000007	0.999991	0.000089	0.982771	0.000007	1.014992	0.000042	1.000000	1.000000	
1353356429.124649	1.000001	48.562988	35.261197	6.012094	1.000000	0.997788	1.000000	0.997358	1.000000	0.997443	0.999986	0.007043	1.000000	0.997440	1.000384	0.000059	1.000156	0.000212	0.999930	0.000552	1353356429.124827	1.000001	47.857208	34.555189	6.036158	1.000000	0.997138	1.000000	0.997455	1.000000	0.997375	1.000435	0.000072	0.999854	0.000048	1.002489	0.000061	1.000378	0.000068	1.000000	1.000000	
1353356430.124647	0.999998	715779921.788105	715807625.925266	715766420.383477	0.999953	1.000443	0.999954	1.000464	0.999955	1.000462	0.999953	1.000448	0.999955	1.000457	0.999956	1.000447	0.999954	1.000454	0.999955	1.000453	1353356430.124753	0.999926	715873403.348213	715831347.983716	715832144.250591	0.999954	1.000450	0.999952	1.000457	3.895415	0.256819	0.999954	1.000449	0.999956	1.000461	0.999957	1.000450	0.999955	1.000458	0.999955	1.000455	
1353356431.124786	1.000139	0.000000	0.000000	0.000000	-nan	-nan	-nan	-nan	1.000008	inf	-nan	-nan	-nan	0.000000	-nan	-nan	-nan	-nan	-nan	-nan	1353356431.124883	1.000130	0.000000	0.000000	0.000000	-nan	-nan	-nan	-nan	1.345745	inf	-nan	-nan	-nan	-nan	-nan	-nan	-nan	-nan	-nan	-nan	
