ts_0	elapsed_0	pkg_0	pp0_0	dram_0	freq_ratio_0_0	c0_ratio_0_0	freq_ratio_0_1	c0_ratio_0_1	freq_ratio_0_2	c0_ratio_0_2	freq_ratio_0_3	c0_ratio_0_3	freq_ratio_0_4	c0_ratio_0_4	freq_ratio_0_5	c0_ratio_0_5	freq_ratio_0_6	c0_ratio_0_6	freq_ratio_0_7	c0_ratio_0_7	ts_1	elapsed_1	pkg_1	pp0_1	dram_1	freq_ratio_1_0	c0_ratio_1_0	freq_ratio_1_1	c0_ratio_1_1	freq_ratio_1_2	c0_ratio_1_2	freq_ratio_1_3	c0_ratio_1_3	freq_ratio_1_4	c0_ratio_1_4	freq_ratio_1_5	c0_ratio_1_5	freq_ratio_1_6	c0_ratio_1_6	freq_ratio_1_7	c0_ratio_1_7	
1353401132.911904	0.116946	39.514641	26.219663	2.866715	1.157111	0.435838	1.154065	0.416153	1.159024	0.442569	1.157187	0.437093	1.154582	0.422724	1.156169	0.433391	1.156139	0.426521	1.155326	0.427791	1353401132.912304	0.103778	30.057839	16.857203	1.725728	0.901144	0.000978	1.440075	0.000181	1.258901	0.000355	1.255206	0.000514	1.256349	0.000136	0.968030	0.001157	0.884371	0.000860	0.765252	0.001233	
1353401132.914596	0.002692	37.954477	23.234080	3.009831	0.801375	0.021881	0.600683	0.059301	1.245198	0.005461	1.269033	0.002072	1.268363	0.002073	1.268304	0.002083	1.270479	0.002093	1.197834	0.384939	1353401132.915023	0.002719	23.638022	9.007366	2.334619	0.524109	0.009860	1.269289	0.002544	1.236671	0.002622	0.778977	0.004162	1.286147	0.002667	0.692229	0.003656	0.553332	0.039240	0.507940	0.027373	
1353401132.923848	0.009252	36.860279	23.659846	3.512859	0.970602	0.008469	0.674483	0.017232	1.269430	0.000613	1.268589	0.000608	1.265838	0.000608	1.270053	0.000611	1.267407	0.000612	1.264498	0.855610	1353401132.924263	0.009240	17.521352	4.549607	1.552316	0.610054	0.007777	1.264742	0.000749	1.304284	0.000769	0.785630	0.001133	1.285357	0.000754	1.268973	0.000792	1.268504	0.001837	0.664720	0.004727	
1353401134.321612	1.397764	77.334253	64.016550	3.800255	1.192777	0.997209	1.192790	0.997445	1.192774	0.997555	1.192775	0.997326	1.192228	0.982890	1.192227	0.969577	1.154645	0.000605	1.228257	0.000450	1353401134.321775	1.397512	57.737028	44.484465	1.666857	1.230710	0.858548	1.230742	0.998409	1.074154	0.000139	1.230760	0.936011	0.958756	0.000079	1.202838	0.000155	1.055643	0.000114	1.230710	0.983091	
1353401135.570930	1.249318	78.771635	65.432080	3.787944	1.192219	0.999117	1.192219	0.999115	1.192219	0.999114	1.192219	0.999113	1.192220	0.999112	1.192220	0.999111	1.153901	0.000766	1.158229	0.000094	1353401135.571066	1.249291	58.754361	45.487192	1.638185	1.230743	0.964024	1.230741	0.964040	1.205709	0.000127	1.230742	0.963948	1.194270	0.000072	1.195019	0.000098	0.776467	0.000104	1.231500	0.983982	
1353401136.815568	1.244638	78.910518	65.559411	3.804123	1.192164	0.999235	1.192163	0.999232	1.192163	0.999231	1.192164	0.999231	1.192163	0.999230	1.192163	0.999230	1.154010	0.002024	1.153601	0.000066	1353401136.815732	1.244666	59.907929	46.625495	1.614911	1.230751	0.999517	1.230751	0.999592	1.195239	0.000054	1.230750	0.999686	1.200977	0.000023	1.195256	0.000066	1.195952	0.000062	1.230750	0.998788	
1353401138.059642	1.244074	79.127440	65.752448	3.802708	1.192245	0.999354	1.192245	0.999353	1.192245	0.999353	1.192245	0.999343	1.192246	0.999342	1.192246	0.999342	1.152973	0.000489	1.153903	0.000092	1353401138.059793	1.244061	59.849923	46.597284	1.606019	1.230746	0.999823	1.230746	0.999823	1.196106	0.000106	1.230746	0.999823	1.192066	0.000056	1.192304	0.000075	1.204735	0.000027	1.230748	0.998832	
1353401139.302878	1.243236	79.156698	65.776974	3.789942	1.192243	0.999334	1.192243	0.999333	1.192243	0.999333	1.192243	0.999342	1.192243	0.999341	1.192243	0.999341	1.153841	0.000503	1.153963	0.000106	1353401139.303044	1.243251	59.914821	46.653254	1.607127	1.230741	0.999789	1.230741	0.999789	1.192215	0.000105	1.230741	0.999788	1.192369	0.000047	1.192400	0.000098	1.192258	0.000060	1.230743	0.998630	
1353401140.549367	1.246489	79.334808	65.955835	3.798743	1.192219	0.994500	1.192218	0.999176	1.192218	0.999175	1.192218	0.999166	1.192208	0.999165	1.192219	0.999165	1.153838	0.000764	1.154052	0.000042	1353401140.549520	1.246476	59.666628	46.421376	1.615064	1.230753	0.982767	1.230753	0.982685	0.782589	0.000106	1.230754	0.982597	1.229529	0.000021	1.197456	0.000038	0.965194	0.000085	1.231074	0.992023	
1353401141.792592	1.243225	79.446230	66.058287	3.805661	1.192251	0.999424	1.192251	0.999420	1.192251	0.999415	1.192251	0.999423	1.192261	0.999423	1.192251	0.999422	1.153806	0.000437	1.153706	0.000096	1353401141.792746	1.243226	60.090373	46.850153	1.612854	1.230752	0.999523	1.230752	0.999598	1.194528	0.000079	1.230751	0.999686	1.196027	0.000047	1.194416	0.000076	1.199265	0.000029	1.230751	0.998779	
1353401143.035506	1.242914	79.474772	66.081219	3.794042	1.192244	0.999334	1.192244	0.999338	1.192244	0.999342	1.192244	0.999342	1.192244	0.999333	1.192244	0.999332	1.153858	0.000525	1.153709	0.000046	1353401143.035660	1.242914	60.176752	46.932090	1.603340	1.230744	0.999824	1.230744	0.999823	1.196497	0.000084	1.230744	0.999823	1.192509	0.000027	1.192411	0.000076	1.196795	0.000070	1.230746	0.998915	
1353401144.279133	1.243627	79.469715	66.085204	3.797486	1.192140	0.999282	1.192140	0.999280	1.192140	0.999280	1.192140	0.999279	1.192140	0.999287	1.192140	0.999286	1.153845	0.002419	1.153847	0.002273	1353401144.279298	1.243638	60.193039	46.955953	1.618270	1.230555	0.999657	1.230555	0.999657	1.156027	0.002030	1.230555	0.999657	1.156094	0.001953	1.159466	0.002547	1.155118	0.001902	1.230557	0.998415	
1353401145.523875	1.244742	79.463435	66.083778	3.791694	1.192204	0.999246	1.192204	0.999246	1.192204	0.999245	1.192204	0.999244	1.192204	0.999244	1.192204	0.999244	1.153952	0.000681	1.146584	0.000057	1353401145.524044	1.244746	60.148852	46.917836	1.604106	1.230741	0.999753	1.230741	0.999753	1.197023	0.000096	1.230741	0.999753	1.197464	0.000086	1.192326	0.000055	1.204075	0.000029	1.230745	0.998575	
1353401146.767956	1.244081	79.487202	66.111549	3.756668	1.192161	0.999281	1.192161	0.999271	1.192161	0.999270	1.192161	0.999270	1.192161	0.999269	1.192161	0.999269	1.153790	0.001848	1.153939	0.000071	1353401146.768099	1.244055	59.176204	45.933866	1.609339	1.230754	0.969490	1.230754	0.969412	0.920530	0.000073	1.230755	0.969325	1.195043	0.000010	1.196745	0.000042	1.188184	0.000043	1.230936	0.975452	
1353401148.012236	1.244280	79.605725	66.228999	3.781120	1.192236	0.999299	1.192236	0.999308	1.192236	0.999307	1.192236	0.999306	1.192236	0.999306	1.192236	0.999305	1.154029	0.000497	1.158725	0.000089	1353401148.012404	1.244305	60.192602	46.948030	1.607151	1.230735	0.999367	1.230734	0.999441	1.193647	0.000139	1.230734	0.999529	1.199657	0.000107	1.194645	0.000089	1.200845	0.000063	1.230736	0.998396	
1353401149.255581	1.243345	79.624984	66.257294	3.777411	1.192239	0.999317	1.192239	0.999314	1.192239	0.999314	1.192239	0.999313	1.192236	0.999313	1.192239	0.999312	1.154626	0.000510	1.153765	0.000143	1353401149.255749	1.243345	60.204402	46.959509	1.601201	1.230738	0.999751	1.230739	0.999751	1.192110	0.000120	1.230738	0.999750	1.192485	0.000048	1.192074	0.000106	1.192626	0.000049	1.230740	0.998469	
1353401150.498492	1.242911	79.659105	66.291757	3.797095	1.192229	0.999202	1.192229	0.999207	1.192229	0.999200	1.192229	0.999199	1.192232	0.999199	1.192229	0.999199	1.153222	0.000703	1.154075	0.000031	1353401150.498660	1.242911	60.207066	46.961085	1.596591	1.230745	0.999804	1.230745	0.999804	1.197826	0.000079	1.230745	0.999804	1.192253	0.000054	1.192490	0.000043	1.201818	0.000074	1.230749	0.998551	
1353401151.744415	1.245923	79.601569	66.233971	3.794223	1.192294	0.999381	1.192257	0.989492	1.192294	0.999386	1.192294	0.999390	1.192294	0.999384	1.192257	0.989407	1.155531	0.000415	1.162975	0.000100	1353401151.744626	1.245966	59.928511	46.694591	1.603858	1.230750	0.989671	1.230750	0.989588	1.208104	0.000082	1.230750	0.989499	1.196603	0.000038	1.194674	0.000073	1.207832	0.000010	1.231008	0.997417	
1353401152.988028	1.243613	79.659616	66.300831	3.788866	1.192244	0.999334	1.192246	0.998868	1.192244	0.999332	1.192244	0.999332	1.192244	0.999331	1.192246	0.998890	1.153827	0.000516	1.181680	0.000053	1353401152.988122	1.243496	60.193119	46.950349	1.612430	1.230746	0.999483	1.230746	0.999558	1.200535	0.000075	1.230745	0.999648	1.195669	0.000056	1.196286	0.000047	1.201084	0.000071	1.230749	0.998513	
1353401154.232250	1.244222	79.698653	66.341647	3.796320	1.192243	0.999352	1.192243	0.999351	1.192243	0.999351	1.192243	0.999351	1.192243	0.999351	1.192243	0.999350	1.154116	0.000473	1.154039	0.000109	1353401154.232420	1.244298	60.172911	46.930007	1.607160	1.230737	0.999734	1.230737	0.999734	1.195420	0.000141	1.230737	0.999733	1.192106	0.000048	1.192548	0.000118	1.190801	0.000048	1.230739	0.998442	
1353401155.475634	1.243384	79.789689	66.434394	3.792547	1.192226	0.999209	1.192226	0.999208	1.192226	0.999198	1.192227	0.999197	1.192227	0.999197	1.192227	0.999197	1.154521	0.000699	1.153883	0.000090	1353401155.475779	1.243359	60.196480	46.958425	1.600372	1.230743	0.999788	1.230743	0.999785	1.192318	0.000081	1.230743	0.999785	1.192435	0.000067	1.191992	0.000061	1.208046	0.000028	1.230748	0.998447	
1353401156.719433	1.243799	79.840018	66.476752	3.803598	1.192157	0.999244	1.192156	0.999243	1.192157	0.999252	1.192156	0.999251	1.192157	0.999242	1.192156	0.999241	1.153550	0.001895	1.153898	0.000063	1353401156.719589	1.243810	60.244538	46.999038	1.606785	1.230746	0.999823	1.230746	0.999823	1.192595	0.000078	1.230746	0.999823	1.190592	0.000056	1.192740	0.000042	1.198061	0.000063	1.230750	0.998552	
1353401157.966250	1.246817	79.820741	66.465274	3.794378	1.192244	0.999336	1.192244	0.999336	1.192243	0.999336	1.192244	0.999335	1.192243	0.999328	1.192243	0.999335	1.154895	0.000486	1.148299	0.000076	1353401157.966402	1.246813	59.596194	46.355490	1.609364	1.230746	0.973860	1.230746	0.973770	1.020888	0.000123	1.230746	0.973681	1.206148	0.000061	1.194812	0.000066	1.203773	0.000014	1.231164	0.984957	
1353401157.968486	0.002236	64.655150	52.405204	3.419066	1.185928	0.944729	1.185984	0.944638	1.186041	0.944575	1.186198	0.944550	1.186127	0.952818	1.186247	0.948881	1.136176	0.029665	1.153703	0.022079	1353401157.968592	0.002190	41.475288	23.165687	5.225343	1.266797	0.005833	1.268001	0.002589	1.259103	0.011536	1.287073	0.002601	0.770334	0.026427	1.269467	0.002597	1.261389	0.010882	1.220919	0.319234	
