ts_0	elapsed_0	pkg_0	pp0_0	dram_0	freq_ratio_0_0	c0_ratio_0_0	freq_ratio_0_1	c0_ratio_0_1	freq_ratio_0_2	c0_ratio_0_2	freq_ratio_0_3	c0_ratio_0_3	freq_ratio_0_4	c0_ratio_0_4	freq_ratio_0_5	c0_ratio_0_5	freq_ratio_0_6	c0_ratio_0_6	freq_ratio_0_7	c0_ratio_0_7	ts_1	elapsed_1	pkg_1	pp0_1	dram_1	freq_ratio_1_0	c0_ratio_1_0	freq_ratio_1_1	c0_ratio_1_1	freq_ratio_1_2	c0_ratio_1_2	freq_ratio_1_3	c0_ratio_1_3	freq_ratio_1_4	c0_ratio_1_4	freq_ratio_1_5	c0_ratio_1_5	freq_ratio_1_6	c0_ratio_1_6	freq_ratio_1_7	c0_ratio_1_7	
1352525236.365190	1.001591	49.470382	36.184954	3.698248	0.973448	0.892418	0.971990	0.849241	0.972138	0.847725	0.981600	0.012310	0.972122	0.846811	0.972113	0.846314	0.981195	0.010542	0.992726	0.008587	1352525236.365277	1.000311	49.245981	36.081800	3.102200	0.975414	0.849488	0.975416	0.849051	0.975498	0.847716	0.975505	0.847801	0.990540	0.014068	0.981043	0.017463	0.967496	0.587980	0.998481	0.089884	
1352525237.365202	1.000012	50.358271	37.045350	3.839874	0.949181	0.840122	0.949261	0.841646	0.949029	0.837473	0.972375	0.014927	0.949023	0.837459	0.949024	0.837497	0.972403	0.012299	0.969469	0.005655	1352525237.365344	1.000067	50.437997	37.204386	3.717616	0.944862	0.838042	0.944810	0.837224	0.944804	0.837148	0.944805	0.837196	0.984466	0.012290	0.985688	0.011851	0.934929	0.647712	0.985777	0.007511	
1352525238.365194	0.999992	50.770889	37.461546	3.816391	0.894350	0.994963	0.894350	0.995028	0.894349	0.994998	0.922371	0.018480	0.894382	0.994622	0.894383	0.994636	0.923966	0.016090	0.853897	0.446157	1352525238.365336	0.999992	50.666670	37.432570	3.723907	0.927406	0.164469	0.962537	0.996438	0.962558	0.996063	0.962539	0.996430	0.961435	0.946344	0.920924	0.091106	0.987980	0.030119	0.989076	0.012082	
1352525239.365189	0.999995	50.786646	37.477589	3.798450	0.883052	0.995938	0.883053	0.995934	0.883053	0.995932	0.935272	0.027040	0.883068	0.995709	0.883052	0.995924	0.853208	0.121912	0.852390	0.504950	1352525239.365260	0.999924	50.739394	37.505736	3.690069	0.994788	0.011351	0.969378	0.998436	0.969378	0.998435	0.969378	0.998434	0.969378	0.998434	0.993007	0.021050	0.993816	0.010701	0.995973	0.007225	
1352525240.365205	1.000016	50.771680	37.471051	3.837982	0.916035	0.996037	0.915976	0.997068	0.916007	0.996619	0.949657	0.010529	0.916034	0.996040	0.916033	0.996065	0.949483	0.013037	0.952925	0.009502	1352525240.365290	1.000030	50.704104	37.475513	3.706523	0.922952	0.141742	0.939772	0.997243	0.939829	0.996430	0.939772	0.997239	0.939814	0.996744	0.943991	0.091612	0.910721	0.431759	0.979906	0.005207	
1352525241.365214	1.000009	50.764677	37.458981	3.789974	0.921001	0.991041	0.920999	0.991165	0.920993	0.991037	0.949956	0.013221	0.920997	0.990795	0.920999	0.990836	0.951538	0.010991	0.948398	0.010433	1352525241.365347	1.000057	50.775870	37.542462	3.707308	0.926087	0.422745	0.924488	0.829371	0.929428	0.991005	0.929424	0.991063	0.929422	0.991035	0.983615	0.024956	0.894554	0.372164	0.977955	0.004865	
1352525242.365187	0.999973	49.784880	36.508903	3.648322	0.911758	0.666442	0.910505	0.845365	0.910388	0.842855	0.907343	0.785137	0.910383	0.842796	0.910387	0.842848	0.941553	0.119690	0.945287	0.007863	1352525242.365228	0.999881	47.824141	34.633393	3.167689	0.996804	0.845712	0.997242	0.020849	0.996814	0.845300	0.996814	0.845317	0.996823	0.845305	0.995292	0.013807	0.997277	0.010304	0.997179	0.003937	
1352525243.365187	1.000000	51.249405	37.935684	3.815720	0.889769	0.217886	0.894780	0.996507	0.894778	0.996504	0.894755	0.996116	0.894753	0.996097	0.894755	0.996124	0.862955	0.254745	0.860841	0.196995	1352525243.365266	1.000038	51.560317	38.313245	3.701123	0.970446	0.998564	0.993669	0.014172	0.970443	0.998183	0.970445	0.998562	0.970445	0.998561	0.992382	0.013723	0.993105	0.010694	0.994558	0.005335	
1352525244.365199	1.000012	50.640159	37.342572	3.834412	0.867003	0.276861	0.895461	0.943951	0.895307	0.942522	0.895307	0.942518	0.895305	0.942520	0.895305	0.942513	0.895819	0.291976	0.868946	0.111838	1352525244.365340	1.000074	50.166138	36.921862	3.652287	0.989212	0.945183	0.985068	0.017716	0.989210	0.944917	0.989210	0.944926	0.989210	0.944929	0.992353	0.015516	0.996063	0.006481	0.994213	0.005361	
1352525245.365195	0.999996	50.764305	37.458358	3.801331	0.880747	0.128572	0.895056	0.973761	0.895009	0.973269	0.895003	0.973154	0.895003	0.973159	0.895008	0.973199	0.891743	0.181541	0.863169	0.333599	1352525245.365305	0.999965	50.684775	37.439072	3.713387	0.979695	0.976293	0.997454	0.014138	0.979688	0.976094	0.979689	0.976177	0.979688	0.976136	0.997679	0.015773	0.997817	0.008357	0.998336	0.005169	
1352525246.365192	0.999997	50.750234	37.433847	3.801297	0.866121	0.236067	0.889784	0.969455	0.889719	0.968801	0.889717	0.968777	0.889719	0.968785	0.889721	0.968801	0.868306	0.423839	0.926981	0.007667	1352525246.365265	0.999960	50.567440	37.310531	3.704753	0.981508	0.971397	0.995867	0.015489	0.981508	0.971249	0.981508	0.971249	0.981509	0.971240	0.995971	0.015432	0.996218	0.007837	0.995765	0.005473	
1352525247.365185	0.999993	50.775711	37.466522	3.806652	0.897269	0.084101	0.899885	0.986008	0.899862	0.985730	0.899859	0.985702	0.899899	0.985179	0.899901	0.985229	0.873342	0.566084	0.939880	0.003826	1352525247.365231	0.999966	50.576935	37.325873	3.709004	0.996206	0.988548	0.999367	0.014265	0.996214	0.987883	0.996205	0.988492	0.996205	0.988457	0.999667	0.016534	0.999310	0.009311	0.998855	0.005429	
1352525248.365192	1.000007	50.768524	37.469239	3.765141	0.944721	0.018412	0.891637	0.513532	0.913152	0.996492	0.913163	0.996262	0.913194	0.995810	0.913163	0.996273	0.882476	0.515625	0.960400	0.002643	1352525248.365265	1.000034	50.763665	37.516558	3.703792	0.942021	0.997945	0.909648	0.630889	0.942021	0.997366	0.942021	0.997941	0.942021	0.997941	0.963951	0.016872	0.958822	0.014383	0.965672	0.006217	
1352525249.365189	0.999997	50.441135	37.147195	3.747891	0.981241	0.011249	0.938107	0.645814	0.953199	0.929793	0.953200	0.929765	0.953200	0.929765	0.953200	0.929778	0.986011	0.004976	0.980749	0.002642	1352525249.365281	1.000016	50.478137	37.248139	3.707460	0.914213	0.928912	0.914189	0.928651	0.914190	0.928619	0.914189	0.928648	0.914188	0.928637	0.952114	0.014757	0.952522	0.016090	0.953329	0.006909	
1352525250.365187	0.999998	50.757299	37.461574	3.750740	0.975337	0.012256	0.914097	0.656314	0.938175	0.997745	0.938185	0.997641	0.938192	0.997494	0.938192	0.997505	0.982377	0.005392	0.983570	0.003033	1352525250.365256	0.999975	50.775670	37.530816	3.711442	0.907240	0.996695	0.907240	0.996692	0.907260	0.996447	0.907240	0.996690	0.907241	0.996687	0.944900	0.016324	0.944690	0.016306	0.947784	0.008023	
1352525251.365187	1.000000	49.997910	36.691360	3.796310	0.991753	0.137029	0.982156	0.540836	0.986012	0.791102	0.986010	0.791015	0.986010	0.791062	0.986011	0.791131	0.997899	0.005110	0.998252	0.003678	1352525251.365306	1.000050	50.341596	37.087636	3.693327	0.933509	0.790812	0.933425	0.789786	0.933418	0.789715	0.933421	0.789766	0.933414	0.789690	0.968367	0.017450	0.968814	0.014863	0.973885	0.006323	
1352525252.365188	1.000001	50.710752	37.407786	3.766537	0.959430	0.058289	0.919696	0.624832	0.940021	0.974742	0.940019	0.974714	0.940021	0.974724	0.940022	0.974739	0.978308	0.005352	0.979094	0.002667	1352525252.365256	0.999950	50.748528	37.496216	3.677720	0.919208	0.974237	0.919201	0.974107	0.919202	0.974103	0.919203	0.974096	0.919203	0.974084	0.948981	0.016363	0.948409	0.017491	0.950415	0.005880	
1352525253.365193	1.000005	50.579565	37.292095	3.752911	0.980388	0.151724	0.936649	0.504654	0.962369	0.998463	0.962385	0.998316	0.962385	0.998320	0.962385	0.998324	0.990007	0.005781	0.988866	0.003000	1352525253.365277	1.000021	50.775622	37.526602	3.703719	0.903176	0.996209	0.903176	0.996208	0.903185	0.996067	0.903177	0.996203	0.903177	0.996199	0.939763	0.015786	0.939082	0.015862	0.937818	0.008789	
1352525254.365895	1.000702	50.748590	37.442743	3.760590	0.981391	0.013939	0.921252	0.654050	0.944210	0.998128	0.944211	0.998126	0.944219	0.998038	0.944219	0.998044	0.986559	0.006161	0.984856	0.002526	1352525254.365989	1.000712	50.788794	37.536723	3.701177	0.908934	0.996558	0.908934	0.996560	0.908939	0.996476	0.908934	0.996554	0.908934	0.996555	0.943151	0.015426	0.941960	0.015651	0.944722	0.010005	
1352525255.365203	0.999308	50.696484	37.400862	3.768782	0.986189	0.013055	0.931182	0.659132	0.952037	0.998118	0.952086	0.997638	0.952086	0.997644	0.952085	0.997656	0.983426	0.007473	0.991724	0.003118	1352525255.365302	0.999313	50.759842	37.517424	3.702571	0.902457	0.996372	0.902457	0.996368	0.902491	0.995822	0.902456	0.996365	0.902457	0.996365	0.940030	0.016159	0.942046	0.013258	0.941830	0.009559	
1352525256.365188	0.999985	50.730910	37.429105	3.754237	0.987804	0.013646	0.929511	0.654634	0.950753	0.998304	0.950813	0.997659	0.950813	0.997645	0.950812	0.997669	0.980923	0.006027	0.968121	0.005825	1352525256.365258	0.999956	50.779584	37.533577	3.710399	0.906630	0.996460	0.906630	0.996459	0.906669	0.995821	0.906626	0.996454	0.906630	0.996452	0.941556	0.015561	0.943706	0.012678	0.943258	0.011259	
1352525257.365187	0.999999	50.518679	37.204091	3.786716	0.925458	0.066693	0.955575	0.612472	0.961161	0.888767	0.961158	0.888703	0.961157	0.888691	0.961159	0.888743	0.988905	0.006762	0.992044	0.003105	1352525257.365264	1.000006	50.613193	37.356558	3.697259	0.917971	0.887797	0.917920	0.887225	0.917918	0.887212	0.917922	0.887215	0.917914	0.887184	0.954267	0.015096	0.953124	0.014820	0.950891	0.010224	
1352525258.365186	0.999999	50.720706	37.413900	3.754032	0.978799	0.014080	0.911252	0.659867	0.935025	0.997463	0.935072	0.996864	0.935087	0.996684	0.935073	0.996857	0.977413	0.008510	0.980524	0.003090	1352525258.365277	1.000013	50.762899	37.517071	3.697293	0.904496	0.996449	0.904497	0.996447	0.904538	0.995858	0.904498	0.996442	0.904499	0.996440	0.941733	0.015075	0.942298	0.015924	0.942346	0.009198	
1352525259.365189	1.000003	49.736128	36.428064	3.798389	0.998776	0.067040	0.979463	0.618894	0.982111	0.768988	0.982110	0.768892	0.982109	0.768891	0.982110	0.768957	0.994567	0.007705	0.994543	0.004475	1352525259.365259	0.999982	50.186856	36.952580	3.674001	0.941853	0.769231	0.941756	0.767908	0.941752	0.767852	0.941759	0.767911	0.941757	0.767912	0.975038	0.014228	0.975491	0.015489	0.967941	0.011075	
1352525260.365188	0.999999	50.328020	37.035268	3.757328	0.986255	0.012309	0.947716	0.677929	0.954195	0.845767	0.954194	0.845719	0.954228	0.845433	0.954194	0.845737	0.982045	0.006449	0.986674	0.005517	1352525260.365259	1.000000	50.412903	37.164993	3.650665	0.929649	0.846242	0.929563	0.845197	0.929566	0.845175	0.929563	0.845199	0.929565	0.845142	0.966250	0.014818	0.967982	0.013994	0.966490	0.009293	
1352525261.365184	0.999996	50.815330	37.512969	3.770233	0.976097	0.010551	0.929728	0.691833	0.944410	0.958412	0.944409	0.958401	0.944434	0.958158	0.944434	0.958172	0.984074	0.007810	0.976715	0.005973	1352525261.365228	0.999969	50.711517	37.461931	3.561710	0.910869	0.957489	0.910851	0.957291	0.910877	0.957053	0.910852	0.957290	0.910851	0.957282	0.946864	0.014748	0.948275	0.012148	0.948208	0.010475	
1352525262.365186	1.000002	50.543681	37.228811	3.775628	0.975234	0.011989	0.933921	0.663076	0.943332	0.870297	0.943330	0.870280	0.943329	0.870265	0.943330	0.870298	0.981352	0.007774	0.981427	0.005120	1352525262.365283	1.000055	50.556923	37.297659	3.702021	0.925050	0.870550	0.924994	0.869892	0.924993	0.869893	0.924993	0.869907	0.924991	0.869883	0.959114	0.015470	0.959558	0.014278	0.961832	0.009101	
1352525263.365191	1.000005	50.566947	37.266568	3.722928	0.973188	0.022724	0.920437	0.226593	0.974524	0.998108	0.974519	0.997907	0.974506	0.997346	0.974503	0.997368	0.969250	0.015627	0.962609	0.012431	1352525263.365269	0.999986	50.779935	37.533701	3.704489	0.885079	0.995791	0.885079	0.995777	0.885124	0.995198	0.885080	0.995772	0.885080	0.995767	0.915550	0.014775	0.847901	0.447056	0.917954	0.012342	
1352525264.365194	1.000003	50.422009	37.127525	3.722126	0.998267	0.023356	0.998266	0.018467	0.990635	0.894883	0.990634	0.894868	0.990630	0.894573	0.990637	0.894898	0.998736	0.013861	0.998624	0.007281	1352525264.365342	1.000073	50.661877	37.419816	3.710529	0.888290	0.892614	0.888232	0.892136	0.888228	0.892120	0.888228	0.892116	0.888225	0.892099	0.943098	0.008718	0.873835	0.651008	0.945098	0.008224	
1352525265.365196	1.000002	50.617656	37.327352	3.711999	0.999052	0.025055	0.998309	0.020095	0.991428	0.999362	0.991428	0.999306	0.991429	0.999305	0.991429	0.999309	0.999135	0.013222	0.999122	0.007789	1352525265.365277	0.999935	50.774774	37.537462	3.711881	0.878046	0.996465	0.878047	0.996464	0.878048	0.996461	0.878048	0.996457	0.878049	0.996456	0.933474	0.008697	0.846524	0.643607	0.937145	0.005888	
1352525266.365193	0.999997	715777991.865839	715819293.078597	715823773.539841	0.999986	1.000534	0.999984	1.000541	0.999994	1.000537	0.999986	1.000536	0.999986	1.000539	0.999988	1.000534	0.999986	1.000539	0.999986	1.000537	1352525266.365298	1.000021	715760507.794766	715754175.485027	715793681.592938	0.999986	1.000535	0.999984	1.000540	3.893306	0.256987	0.999986	1.000538	0.999986	1.000538	0.999989	1.000536	0.999986	1.000538	0.999986	1.000538	
1352525267.365264	1.000071	0.000000	0.000000	0.000000	-nan	-nan	-nan	-nan	0.000000	inf	-nan	-nan	-nan	0.000000	-nan	-nan	-nan	-nan	-nan	-nan	1352525267.365345	1.000047	0.000000	0.000000	0.000000	-nan	-nan	-nan	-nan	0.000000	inf	-nan	-nan	-nan	-nan	-nan	-nan	-nan	-nan	-nan	-nan	
