ts_0	elapsed_0	pkg_0	pp0_0	dram_0	freq_ratio_0_0	c0_ratio_0_0	freq_ratio_0_1	c0_ratio_0_1	freq_ratio_0_2	c0_ratio_0_2	freq_ratio_0_3	c0_ratio_0_3	freq_ratio_0_4	c0_ratio_0_4	freq_ratio_0_5	c0_ratio_0_5	freq_ratio_0_6	c0_ratio_0_6	freq_ratio_0_7	c0_ratio_0_7	ts_1	elapsed_1	pkg_1	pp0_1	dram_1	freq_ratio_1_0	c0_ratio_1_0	freq_ratio_1_1	c0_ratio_1_1	freq_ratio_1_2	c0_ratio_1_2	freq_ratio_1_3	c0_ratio_1_3	freq_ratio_1_4	c0_ratio_1_4	freq_ratio_1_5	c0_ratio_1_5	freq_ratio_1_6	c0_ratio_1_6	freq_ratio_1_7	c0_ratio_1_7	
1353401977.986275	1.019864	45.794273	32.663397	6.048866	1.155771	0.531481	1.155142	0.534140	1.154732	0.534817	1.155537	0.541186	1.154547	0.532602	1.155335	0.538974	1.155086	0.534454	1.154971	0.534628	1353401977.986705	1.000711	47.782709	34.706252	2.913700	0.997397	0.798938	0.997598	0.869945	0.997791	0.925851	0.997032	0.686218	0.878333	0.000157	0.979088	0.000074	0.837120	0.000131	0.997642	0.870238	
1353401978.986245	0.999970	45.143568	32.023850	5.748647	0.998320	0.809433	0.998925	0.808100	0.998921	0.808136	0.998906	0.808212	0.998925	0.808191	0.955900	0.000582	0.985950	0.000137	0.988167	0.000146	1353401978.986391	0.999686	48.771982	35.688773	2.820389	0.978981	0.807798	0.980704	0.879948	0.980703	0.879908	0.980702	0.879893	0.963834	0.000122	0.961144	0.000149	0.964292	0.000090	0.983008	0.999297	
1353401979.986244	0.999999	46.621642	33.484148	5.931356	0.968886	0.864897	0.968913	0.864477	0.968914	0.864334	0.968881	0.864450	0.968914	0.864288	0.930186	0.006404	0.867633	0.004234	0.878862	0.003424	1353401979.986633	1.000242	48.012093	34.914799	2.789669	0.952000	0.864103	0.951999	0.864070	0.952001	0.864086	0.952000	0.864043	0.855131	0.003045	0.850235	0.002796	0.851355	0.002817	0.958460	0.998383	
1353401980.986244	1.000000	46.956772	33.816788	6.027695	0.993030	0.857290	0.993840	0.855442	0.993835	0.855563	0.993853	0.855465	0.993854	0.855494	0.945662	0.000970	0.968969	0.000445	0.960303	0.000418	1353401980.986394	0.999761	48.816350	35.709352	2.888874	0.977969	0.855161	0.977969	0.855184	0.977966	0.855105	0.977965	0.855091	0.994189	0.000139	0.974595	0.000132	0.964431	0.000107	0.981141	0.999114	
1353401981.986244	1.000000	51.373657	38.234390	6.100510	0.993297	0.999464	0.993298	0.999464	0.993298	0.999464	0.993298	0.999463	0.993298	0.999462	0.983327	0.001436	0.964171	0.000502	0.962279	0.000470	1353401981.986394	1.000000	51.668976	38.565811	2.784241	0.974009	0.998914	0.974009	0.998912	0.974009	0.998912	0.974009	0.998911	0.970718	0.000139	0.954538	0.000065	0.977140	0.000131	0.974002	0.998911	
1353401982.986244	1.000000	49.653107	36.510315	6.074814	0.977696	0.949157	0.977741	0.948727	0.977741	0.948724	0.977740	0.948697	0.977741	0.948697	0.967721	0.002903	0.962548	0.001822	0.962580	0.001731	1353401982.986391	0.999997	50.285541	37.180734	2.801126	0.965247	0.948567	0.965247	0.948564	0.965246	0.948528	0.965246	0.948523	0.960825	0.000336	0.963924	0.000243	0.956667	0.000224	0.966988	0.998467	
1353401983.986244	1.000000	49.125717	35.983475	6.118927	0.986111	0.999218	0.984451	0.892543	0.984451	0.892542	0.984451	0.892540	0.984451	0.892543	0.971029	0.001348	0.962630	0.000814	0.961767	0.000754	1353401983.986386	0.999995	50.728434	37.624731	2.762831	0.958570	0.998115	0.958570	0.998114	0.958570	0.998113	0.958570	0.998110	0.960207	0.000167	0.958841	0.000082	0.942757	0.000148	0.958570	0.998111	
1353401984.986244	1.000000	50.651215	37.503510	6.100693	0.976112	0.998603	0.976112	0.998603	0.976112	0.998602	0.976112	0.998600	0.976111	0.998599	0.964901	0.002480	0.962401	0.001757	0.961685	0.001737	1353401984.986390	1.000004	50.728798	37.624100	2.766392	0.958545	0.998146	0.958545	0.998146	0.958546	0.998145	0.958546	0.998141	0.944426	0.000201	0.961485	0.000127	0.961919	0.000082	0.958546	0.998142	
1353401985.986244	1.000000	50.250610	37.103424	6.118423	0.977424	0.971679	0.977434	0.971170	0.977434	0.971169	0.977434	0.971141	0.977434	0.971141	0.966548	0.002200	0.961657	0.001431	0.961589	0.001305	1353401985.986355	0.999965	50.503662	37.411712	2.753255	0.962764	0.970600	0.962764	0.970598	0.962762	0.970563	0.962762	0.970558	0.954816	0.000149	0.961681	0.000058	0.962830	0.000127	0.963801	0.998394	
1353401986.986244	1.000000	48.747299	35.608795	5.978836	0.986903	0.914507	0.986983	0.913745	0.986984	0.913743	0.986983	0.913718	0.986984	0.913716	0.970046	0.001446	0.964062	0.000897	0.961944	0.000867	1353401986.986389	1.000034	49.689788	36.582325	2.784954	0.970732	0.912967	0.970732	0.912964	0.970731	0.912932	0.970731	0.912927	0.938575	0.000135	0.962471	0.000120	0.960210	0.000054	0.973248	0.998689	
1353401987.986244	1.000000	50.713333	37.556259	6.093033	0.978113	0.997180	0.978112	0.997066	0.978111	0.997066	0.978110	0.997036	0.978110	0.997033	0.963288	0.002915	0.961221	0.001560	0.961279	0.001469	1353401987.986384	0.999995	50.805308	37.695303	2.793532	0.959737	0.996158	0.959737	0.996157	0.959736	0.996120	0.959736	0.996118	0.965837	0.000246	0.955175	0.000209	0.959617	0.000240	0.959809	0.998034	
1353401988.986244	1.000000	49.597031	36.442642	6.072067	0.977444	0.943234	0.977493	0.942436	0.977494	0.942446	0.977494	0.942412	0.977493	0.942414	0.965268	0.002153	0.962723	0.001515	0.962851	0.001491	1353401988.986389	1.000005	50.232064	37.127332	2.810090	0.963743	0.941769	0.963743	0.941766	0.963742	0.941729	0.963742	0.941726	0.985917	0.000127	0.982668	0.000096	0.955926	0.000038	0.965796	0.998288	
1353401989.986244	1.000000	50.815552	37.661224	6.131119	0.973515	0.998616	0.973516	0.998614	0.973515	0.998613	0.973514	0.998612	0.973515	0.998611	0.984012	0.003774	0.962763	0.001122	0.961886	0.001221	1353401989.986387	0.999998	50.729436	37.624980	2.764989	0.957576	0.997922	0.957576	0.997920	0.957576	0.997918	0.957576	0.997916	0.961477	0.000196	0.961454	0.000052	0.957811	0.000135	0.957576	0.997916	
1353401990.986244	1.000000	50.603058	37.448486	6.112579	0.973769	0.998732	0.973769	0.998731	0.973769	0.998730	0.973770	0.998729	0.973769	0.998727	0.964008	0.002570	0.962155	0.001840	0.961810	0.001956	1353401990.986386	0.999999	50.732486	37.627172	2.770571	0.957467	0.997912	0.957466	0.997911	0.957466	0.997908	0.957466	0.997906	0.936014	0.000136	0.956103	0.000126	0.959592	0.000088	0.957463	0.997907	
1353401991.986244	1.000000	50.102402	36.947372	6.079651	0.977662	0.956917	0.977700	0.956403	0.977700	0.956401	0.977699	0.956367	0.977699	0.956381	0.965783	0.002147	0.962243	0.001499	0.961614	0.001449	1353401991.986389	1.000003	50.401348	37.295859	2.757682	0.963360	0.955784	0.963360	0.955781	0.963359	0.955748	0.963359	0.955742	0.953678	0.000137	0.966356	0.000074	0.964507	0.000126	0.964924	0.998314	
1353401992.986247	1.000003	48.311069	35.168333	6.036618	0.988564	0.894336	0.988783	0.893347	0.988784	0.893345	0.988784	0.893345	0.988784	0.893349	0.977883	0.001665	0.963966	0.000787	0.963674	0.000781	1353401992.986392	1.000003	50.670665	37.561529	2.787436	0.960028	0.998041	0.960029	0.998039	0.960029	0.998037	0.960029	0.998035	0.954090	0.000117	0.962983	0.000098	0.967236	0.000032	0.960032	0.998037	
1353401993.986244	0.999997	50.084292	36.923241	6.116749	0.972705	0.974119	0.972704	0.973596	0.972704	0.973606	0.972704	0.973577	0.972705	0.973605	0.963842	0.001466	0.961957	0.000947	0.962087	0.000882	1353401993.986386	0.999994	50.515239	37.405908	2.817735	0.962868	0.973234	0.962868	0.973231	0.962868	0.973237	0.962868	0.973229	0.980544	0.000120	0.962693	0.000058	0.978692	0.000124	0.963798	0.998241	
1353401994.986244	1.000000	715785671.925674	715812373.497635	715799740.500122	0.999938	1.000352	0.999935	1.000352	0.999946	1.000349	0.999937	1.000344	0.999938	1.000353	0.999940	1.000343	0.999938	1.000352	0.999938	1.000349	1353401994.986338	0.999952	715820827.845786	715826439.849711	715843936.966195	0.999937	1.000349	0.999933	1.000343	3.896628	0.256707	0.999938	1.000349	0.999938	1.000351	0.999941	1.000348	0.999938	1.000350	0.999939	1.000352	
1353401995.986243	0.999999	0.000000	0.000000	0.000000	-nan	-nan	-nan	-nan	0.000000	inf	-nan	-nan	-nan	0.000000	-nan	-nan	-nan	-nan	-nan	-nan	1353401995.986314	0.999976	0.000000	0.000000	0.000000	-nan	-nan	-nan	-nan	0.000000	inf	-nan	-nan	-nan	-nan	-nan	-nan	-nan	-nan	-nan	-nan	
