ts_0	elapsed_0	pkg_0	pp0_0	dram_0	freq_ratio_0_0	c0_ratio_0_0	freq_ratio_0_1	c0_ratio_0_1	freq_ratio_0_2	c0_ratio_0_2	freq_ratio_0_3	c0_ratio_0_3	freq_ratio_0_4	c0_ratio_0_4	freq_ratio_0_5	c0_ratio_0_5	freq_ratio_0_6	c0_ratio_0_6	freq_ratio_0_7	c0_ratio_0_7	ts_1	elapsed_1	pkg_1	pp0_1	dram_1	freq_ratio_1_0	c0_ratio_1_0	freq_ratio_1_1	c0_ratio_1_1	freq_ratio_1_2	c0_ratio_1_2	freq_ratio_1_3	c0_ratio_1_3	freq_ratio_1_4	c0_ratio_1_4	freq_ratio_1_5	c0_ratio_1_5	freq_ratio_1_6	c0_ratio_1_6	freq_ratio_1_7	c0_ratio_1_7	
1354697298.676503	1.001932	50.872331	37.577383	3.816830	1.153024	0.383845	1.152250	0.378498	1.152402	0.382454	1.155477	0.393943	1.152273	0.382278	1.153380	0.381054	1.153028	0.377578	1.153579	0.382251	1354697298.676648	1.000378	50.140598	36.968757	1.678290	0.997221	0.995393	0.979644	0.004688	0.997117	0.929948	0.997137	0.929606	0.889985	0.000247	0.997128	0.927021	0.965479	0.000285	0.996927	0.932143	
1354697299.676494	0.999991	50.756457	37.459324	3.797428	0.958569	0.999252	0.958570	0.999252	0.958570	0.999251	0.958570	0.999251	0.958569	0.999251	0.960384	0.001144	0.958455	0.000786	0.958630	0.000749	1354697299.676644	0.999996	50.748878	37.564331	1.582923	0.967981	0.997108	0.962269	0.002213	0.967980	0.997106	0.967980	0.997104	0.961602	0.002007	0.967979	0.997103	0.961670	0.001935	0.967977	0.997102	
1354697300.676493	0.999999	50.754275	37.442754	3.774463	0.961014	0.999621	0.961013	0.999620	0.961013	0.999619	0.961013	0.999619	0.961013	0.999619	0.960103	0.003196	0.960819	0.001193	0.960958	0.001090	1354697300.676636	0.999992	50.748794	37.558929	1.593961	0.966805	0.997236	0.964889	0.002732	0.966805	0.997234	0.966805	0.997231	0.961447	0.002120	0.966805	0.997230	0.961605	0.002254	0.966805	0.997229	
1354697301.676494	1.000001	50.752195	37.438059	3.801266	0.960965	0.999700	0.960965	0.999699	0.960966	0.999699	0.960965	0.999698	0.960965	0.999698	0.959814	0.003032	0.961054	0.001231	0.961047	0.001181	1354697301.676643	1.000007	50.748367	37.551834	1.653690	0.965862	0.997100	0.961776	0.002397	0.965862	0.997099	0.965862	0.997097	0.961441	0.002171	0.965862	0.997096	0.961558	0.002045	0.965862	0.997094	
1354697302.676493	0.999999	50.750643	37.434423	3.793659	0.960997	0.999755	0.960997	0.999755	0.960997	0.999754	0.960997	0.999754	0.960997	0.999754	0.960651	0.002617	0.960838	0.001142	0.960785	0.001013	1354697302.676629	0.999986	50.695766	37.511712	1.583320	0.966018	0.997327	0.961683	0.002158	0.966018	0.997325	0.966018	0.997322	0.961488	0.001913	0.966018	0.997321	0.961486	0.001993	0.966018	0.997319	
1354697303.676499	1.000006	50.753024	37.434073	3.793816	0.961166	0.999752	0.961166	0.999751	0.961166	0.999751	0.961166	0.999751	0.961166	0.999750	0.960108	0.002602	0.961176	0.001215	0.960245	0.001207	1354697303.676642	1.000013	50.747122	37.548702	1.589716	0.964235	0.997426	0.961515	0.002167	0.964235	0.997423	0.964235	0.997420	0.961338	0.002045	0.964235	0.997420	0.961507	0.001918	0.964235	0.997419	
1354697304.676493	0.999994	50.751630	37.429438	3.785835	0.960991	0.999806	0.960991	0.999806	0.960991	0.999806	0.960991	0.999806	0.960991	0.999806	0.961530	0.002601	0.939228	0.003374	0.961644	0.000998	1354697304.676634	0.999992	50.751159	37.549087	1.591199	0.966526	0.997251	0.961230	0.002220	0.966526	0.997249	0.966526	0.997246	0.961379	0.001915	0.966526	0.997246	0.961479	0.002048	0.966526	0.997244	
1354697305.676500	1.000007	715805057.550130	715812437.406041	715771295.407192	0.999945	1.000575	0.999944	1.000582	0.999953	1.000576	0.999943	1.000565	0.999946	1.000576	0.999948	1.000575	0.999946	1.000583	0.999945	1.000576	1354697305.676611	0.999977	715841900.858006	715781516.960349	715814798.955939	0.999945	1.000574	0.999943	1.000576	3.896126	0.256801	0.999944	1.000571	0.999946	1.000580	0.999948	1.000576	0.999945	1.000581	0.999946	1.000580	
1354697306.676493	0.999993	0.000000	0.000000	0.000000	-nan	-nan	-nan	-nan	0.000000	inf	-nan	-nan	-nan	0.000000	-nan	-nan	-nan	-nan	-nan	-nan	1354697306.676578	0.999967	0.000000	0.000000	0.000000	-nan	-nan	-nan	-nan	0.000000	inf	-nan	-nan	-nan	-nan	-nan	-nan	-nan	-nan	-nan	-nan	
1354697307.676494	1.000001	0.000000	0.000000	0.000000	-nan	-nan	-nan	-nan	0.000000	inf	-nan	-nan	-nan	0.000000	-nan	-nan	-nan	-nan	-nan	-nan	1354697307.676584	1.000006	0.000000	0.000000	0.000000	-nan	-nan	-nan	-nan	inf	-nan	-nan	-nan	-nan	-nan	-nan	-nan	-nan	-nan	-nan	-nan	
1354697308.676658	1.000164	0.000000	0.000000	0.000000	-nan	-nan	-nan	-nan	-nan	-nan	-nan	-nan	-nan	0.000000	-nan	-nan	-nan	-nan	-nan	-nan	1354697308.676736	1.000152	0.000000	0.000000	0.000000	-nan	-nan	-nan	-nan	-nan	-nan	-nan	-nan	-nan	-nan	-nan	-nan	-nan	-nan	-nan	-nan	
