ts_0	elapsed_0	pkg_0	pp0_0	dram_0	freq_ratio_0_0	c0_ratio_0_0	freq_ratio_0_1	c0_ratio_0_1	freq_ratio_0_2	c0_ratio_0_2	freq_ratio_0_3	c0_ratio_0_3	freq_ratio_0_4	c0_ratio_0_4	freq_ratio_0_5	c0_ratio_0_5	freq_ratio_0_6	c0_ratio_0_6	freq_ratio_0_7	c0_ratio_0_7	ts_1	elapsed_1	pkg_1	pp0_1	dram_1	freq_ratio_1_0	c0_ratio_1_0	freq_ratio_1_1	c0_ratio_1_1	freq_ratio_1_2	c0_ratio_1_2	freq_ratio_1_3	c0_ratio_1_3	freq_ratio_1_4	c0_ratio_1_4	freq_ratio_1_5	c0_ratio_1_5	freq_ratio_1_6	c0_ratio_1_6	freq_ratio_1_7	c0_ratio_1_7	
1356625939.582919	1.001362	47.730611	34.609414	4.874936	1.269155	0.952308	1.269075	0.993456	1.236334	0.000415	1.235314	0.000164	1.234990	0.000094	1.232130	0.000461	1.252925	0.000074	1.241979	0.000087	1356625939.583124	1.000492	44.002913	30.845173	2.713996	1.268984	0.953812	1.254169	0.000102	1.067445	0.000243	1.001651	0.000163	0.987692	0.000056	1.013207	0.000055	0.709970	0.000078	1.269155	0.954101	
1356625940.582912	0.999993	48.410567	35.265091	4.973026	1.269164	0.999378	1.269165	0.999378	1.230795	0.000289	1.238816	0.000011	1.232516	0.000057	1.231832	0.000106	1.232679	0.000052	1.232432	0.000066	1356625940.583112	0.999988	45.428306	32.250323	2.699754	1.269191	0.999676	1.230296	0.000017	1.230758	0.000132	1.230860	0.000017	1.230526	0.000058	1.230662	0.000048	1.230460	0.000115	1.269191	0.999676	
1356625941.582912	1.000000	48.507477	35.354584	4.963272	1.269172	0.999438	1.269173	0.999436	1.229490	0.000256	1.224645	0.000046	1.215336	0.000017	1.224349	0.000086	1.217163	0.000011	1.231767	0.000011	1356625941.583122	1.000010	45.514193	32.332745	2.707660	1.269195	0.999721	1.225374	0.000058	1.229202	0.000186	1.226318	0.000060	1.231453	0.000010	1.233659	0.000010	1.229834	0.000010	1.269195	0.999720	
1356625942.582912	1.000000	48.565018	35.403717	4.968231	1.269059	0.999295	1.269059	0.999295	1.230394	0.000307	1.216229	0.000011	1.230685	0.000040	1.231042	0.001904	1.234506	0.000041	1.230214	0.000055	1356625942.583114	0.999992	45.519504	32.335620	2.716041	1.269203	0.999783	1.230322	0.000024	1.230778	0.000124	1.230783	0.000023	1.227119	0.000051	1.225602	0.000043	1.227950	0.000053	1.269203	0.999784	
1356625943.582912	1.000000	48.621964	35.455826	4.957977	1.269167	0.999400	1.269167	0.999399	1.229336	0.000258	1.228864	0.000055	1.214181	0.000019	1.230763	0.000146	1.216906	0.000011	1.233226	0.000011	1356625943.583121	1.000007	45.574499	32.394582	2.710492	1.269190	0.999654	1.225611	0.000063	1.228976	0.000186	1.226092	0.000060	1.242588	0.000016	1.243683	0.000017	1.241299	0.000017	1.269189	0.999653	
1356625944.582912	1.000000	48.638214	35.471024	4.958282	1.269135	0.999123	1.269135	0.999122	1.231275	0.000273	1.231310	0.000033	1.218599	0.000042	1.230656	0.000334	1.227366	0.000109	1.215435	0.000040	1356625944.583115	0.999994	45.522503	32.347529	2.710252	1.269194	0.999698	1.229714	0.000017	1.230772	0.000138	1.230129	0.000017	1.230229	0.000050	1.229870	0.000042	1.230502	0.000115	1.269194	0.999698	
1356625945.582912	1.000000	48.673248	35.503494	4.948074	1.269171	0.999420	1.269171	0.999419	1.229589	0.000271	1.214613	0.000046	1.215180	0.000019	1.224879	0.000084	1.230360	0.000012	1.228548	0.000012	1356625945.583120	1.000005	45.547746	32.372137	2.702318	1.269198	0.999741	1.217488	0.000065	1.228917	0.000158	1.215297	0.000051	1.233766	0.000010	1.235705	0.000009	1.232281	0.000010	1.269198	0.999739	
1356625946.582912	1.000000	48.637085	35.467331	4.953186	1.269163	0.999356	1.269163	0.999355	1.230761	0.000283	1.246760	0.000019	1.240542	0.000054	1.235226	0.000113	1.239933	0.000054	1.239031	0.000074	1356625946.583123	1.000003	45.546032	32.376746	2.696952	1.269190	0.999675	1.247476	0.000030	1.230804	0.000203	1.244711	0.000036	1.230783	0.000069	1.230615	0.000068	1.230589	0.000070	1.269191	0.999674	
1356625947.582912	1.000000	48.708054	35.534424	4.963577	1.269168	0.999402	1.269168	0.999399	1.229588	0.000283	1.227389	0.000050	1.214497	0.000017	1.230733	0.000084	1.218462	0.000011	1.233422	0.000010	1356625947.583119	0.999996	45.541780	32.375070	2.712947	1.269192	0.999687	1.221177	0.000060	1.228336	0.000227	1.222958	0.000064	1.231203	0.000017	1.227871	0.000005	1.239555	0.000006	1.269192	0.999686	
1356625948.582911	0.999999	48.724320	35.552036	4.962865	1.269122	0.999122	1.269122	0.999121	1.228704	0.000476	1.227816	0.000158	1.231127	0.000070	1.228464	0.000273	1.231816	0.000111	1.225122	0.000078	1356625948.583110	0.999991	45.584001	32.413044	2.712793	1.269183	0.999589	1.229921	0.000017	1.230788	0.000319	1.230878	0.000017	1.229940	0.000043	1.230090	0.000046	1.229982	0.000071	1.269183	0.999590	
1356625949.582912	1.000001	48.670654	35.492001	4.942988	1.269154	0.999336	1.269154	0.999336	1.229646	0.000290	1.227442	0.000077	1.212283	0.000013	1.230747	0.000326	1.230738	0.000007	1.225452	0.000007	1356625949.583116	1.000006	45.574390	32.407140	2.713134	1.269197	0.999740	1.225666	0.000068	1.228952	0.000155	1.225551	0.000057	1.234158	0.000010	1.232130	0.000010	1.233660	0.000010	1.269197	0.999738	
1356625950.582911	0.999999	48.706544	35.529422	4.973195	1.269165	0.999401	1.269165	0.999400	1.230797	0.000304	1.230284	0.000037	1.230725	0.000051	1.230695	0.000095	1.230645	0.000045	1.231587	0.000042	1356625950.583112	0.999996	45.576265	32.411234	2.715816	1.269201	0.999783	1.235296	0.000010	1.230781	0.000138	1.234619	0.000010	1.230713	0.000050	1.231186	0.000050	1.230821	0.000051	1.269201	0.999783	
1356625951.582912	1.000001	48.735809	35.555386	4.958095	1.269171	0.999433	1.269171	0.999432	1.229471	0.000260	1.225138	0.000044	1.216372	0.000017	1.224192	0.000084	1.231132	0.000011	1.234268	0.000010	1356625951.583116	1.000004	45.563551	32.409033	2.713276	1.269195	0.999717	1.226227	0.000062	1.228406	0.000188	1.226706	0.000064	1.231334	0.000010	1.230982	0.000010	1.225985	0.000010	1.269195	0.999717	
1356625952.582912	1.000000	48.765213	35.586578	4.967941	1.268980	0.999272	1.268980	0.999271	1.230725	0.000351	1.230404	0.000028	1.227864	0.000040	1.230845	0.004186	1.225397	0.000041	1.223289	0.000038	1356625952.583111	0.999995	45.542693	32.384485	2.707747	1.269199	0.999762	1.230718	0.000049	1.230760	0.000149	1.231299	0.000023	1.226319	0.000043	1.226274	0.000042	1.228276	0.000058	1.269199	0.999761	
1356625953.582920	1.000008	715793408.331876	715783517.910784	715820235.565168	0.999929	1.000727	0.999924	1.000720	0.999936	1.000725	0.999927	1.000720	0.999929	1.000731	0.999929	1.000717	0.999928	1.000729	0.999927	1.000724	1356625953.582996	0.999885	715908037.782357	715851752.569802	715908089.717509	0.999927	1.000719	0.999925	1.000725	3.897147	0.256771	0.999925	1.000712	0.999928	1.000727	0.999930	1.000723	0.999928	1.000731	0.999927	1.000719	
1356625954.582912	0.999992	0.000000	0.000000	0.000000	-nan	-nan	-nan	-nan	0.000000	inf	-nan	-nan	-nan	0.000000	-nan	-nan	-nan	-nan	-nan	-nan	1356625954.582978	0.999982	0.000000	0.000000	0.000000	-nan	-nan	-nan	-nan	0.000000	inf	-nan	-nan	-nan	-nan	-nan	-nan	-nan	-nan	-nan	-nan	
1356625955.582953	1.000041	0.000000	0.000000	0.000000	-nan	-nan	-nan	-nan	0.000000	inf	-nan	-nan	-nan	0.000000	-nan	-nan	-nan	-nan	-nan	-nan	1356625955.583034	1.000056	0.000000	0.000000	0.000000	-nan	-nan	-nan	-nan	inf	-nan	-nan	-nan	-nan	-nan	-nan	-nan	-nan	-nan	-nan	-nan	
