ts_0	elapsed_0	pkg_0	pp0_0	dram_0	freq_ratio_0_0	c0_ratio_0_0	freq_ratio_0_1	c0_ratio_0_1	freq_ratio_0_2	c0_ratio_0_2	freq_ratio_0_3	c0_ratio_0_3	freq_ratio_0_4	c0_ratio_0_4	freq_ratio_0_5	c0_ratio_0_5	freq_ratio_0_6	c0_ratio_0_6	freq_ratio_0_7	c0_ratio_0_7	ts_1	elapsed_1	pkg_1	pp0_1	dram_1	freq_ratio_1_0	c0_ratio_1_0	freq_ratio_1_1	c0_ratio_1_1	freq_ratio_1_2	c0_ratio_1_2	freq_ratio_1_3	c0_ratio_1_3	freq_ratio_1_4	c0_ratio_1_4	freq_ratio_1_5	c0_ratio_1_5	freq_ratio_1_6	c0_ratio_1_6	freq_ratio_1_7	c0_ratio_1_7	
1353401908.067097	1.001813	54.436771	41.248202	4.884851	1.154229	0.401747	1.152840	0.398822	1.153210	0.399898	1.153604	0.405138	1.153003	0.402813	1.153143	0.401143	1.152941	0.395609	1.154226	0.402310	1353401908.067174	1.000345	52.335964	39.107907	1.688977	0.954831	0.912592	0.954871	0.912756	0.954884	0.912270	0.955719	0.930254	0.953646	0.887966	0.963569	0.000564	0.874238	0.000232	0.955571	0.930648	
1353401909.067087	0.999990	50.843572	37.651012	4.967899	0.767844	0.998646	0.767844	0.998647	0.767844	0.998645	0.767844	0.998645	0.767844	0.998644	0.767844	0.998643	0.767844	0.998643	0.767844	0.998642	1353401909.067163	0.999989	50.771095	37.546356	1.590029	0.902937	0.997083	0.902938	0.997081	0.902938	0.997080	0.902938	0.997077	0.902938	0.997075	0.924762	0.000642	0.958738	0.000271	0.902943	0.997076	
1353401910.067094	1.000007	50.845016	37.646209	4.810086	0.767817	0.998649	0.767817	0.998647	0.767817	0.998647	0.767818	0.998646	0.767817	0.998645	0.767817	0.998644	0.767817	0.998645	0.767817	0.998643	1353401910.067170	1.000007	49.655815	36.428398	1.589131	0.920572	0.918447	0.920571	0.918445	0.920571	0.918442	0.920665	0.919523	0.920570	0.918436	0.894150	0.000431	0.937821	0.000174	0.920765	0.920942	
1353401911.067087	0.999993	50.846131	37.640717	4.958057	0.767223	0.998340	0.767223	0.998339	0.767223	0.998338	0.767223	0.998337	0.767223	0.998337	0.767223	0.998337	0.767223	0.998335	0.767223	0.998334	1353401911.067164	0.999994	50.780897	37.550608	1.592203	0.901080	0.996995	0.901080	0.996993	0.901079	0.996991	0.901079	0.996988	0.901079	0.996987	0.922824	0.000495	0.958756	0.000177	0.901077	0.996987	
1353401912.067094	1.000007	50.844253	37.635802	4.901608	0.766824	0.998398	0.766824	0.998397	0.766824	0.998396	0.766823	0.998396	0.766823	0.998395	0.766823	0.998394	0.766823	0.998392	0.766822	0.998393	1353401912.067175	1.000011	50.302061	37.067922	1.587522	0.920201	0.951013	0.920201	0.951010	0.920201	0.951009	0.920427	0.953938	0.920201	0.951003	0.917173	0.000871	0.942010	0.000286	0.920426	0.953695	
1353401913.067096	1.000002	50.843821	37.631810	4.964697	0.766911	0.998496	0.766911	0.998496	0.766912	0.998494	0.766912	0.998494	0.766912	0.998494	0.766912	0.998494	0.766913	0.998493	0.766913	0.998492	1353401913.067169	0.999994	50.723981	37.485331	1.593714	0.904032	0.982531	0.904032	0.982531	0.904032	0.982524	0.904238	0.984641	0.904031	0.982519	0.906890	0.000472	0.910435	0.000147	0.904238	0.984836	
1353401914.067095	0.999999	50.841800	37.628667	4.765004	0.766898	0.998505	0.766897	0.998503	0.766897	0.998502	0.766897	0.998501	0.766897	0.998500	0.766897	0.998500	0.766897	0.998498	0.766897	0.998498	1353401914.067164	0.999995	49.142641	35.916577	1.582863	0.928596	0.899285	0.928595	0.899270	0.928595	0.899267	0.928825	0.902388	0.928595	0.899263	0.896662	0.000528	0.932887	0.000297	0.928777	0.901536	
1353401915.067096	1.000001	50.842511	37.628931	4.819453	0.767358	0.998575	0.767359	0.998575	0.767359	0.998574	0.767358	0.998574	0.767359	0.998574	0.767359	0.998571	0.767359	0.998571	0.767359	0.998570	1353401915.067168	1.000004	49.955639	36.713367	1.579706	0.914690	0.933045	0.914689	0.933028	0.914688	0.933028	0.914693	0.933076	0.914689	0.933041	0.879367	0.002665	0.848984	0.000056	0.914710	0.933478	
1353401916.067096	1.000000	50.845383	37.630554	4.947342	0.768780	0.998670	0.768779	0.998671	0.768779	0.998670	0.768779	0.998669	0.768779	0.998669	0.768779	0.998668	0.768779	0.998667	0.768779	0.998667	1353401916.067175	1.000007	50.558351	37.310564	1.586155	0.916639	0.967570	0.916640	0.967567	0.916639	0.967564	0.916828	0.969976	0.916639	0.967560	0.927876	0.000449	0.935137	0.000236	0.916834	0.969960	
1353401917.067087	0.999991	50.826312	37.609975	4.971847	0.783993	0.997891	0.767650	0.659276	0.783994	0.997888	0.783994	0.997889	0.783994	0.997887	0.783995	0.997886	0.783995	0.997884	0.783995	0.997882	1353401917.067192	1.000017	50.795191	37.545385	1.626681	0.878314	0.996908	0.878314	0.996905	0.878313	0.996903	0.878313	0.996901	0.878313	0.996899	0.846557	0.003589	0.828543	0.342116	0.878311	0.996898	
1353401918.067096	1.000009	50.815824	37.600062	4.937852	0.818311	0.996043	0.817215	0.000329	0.818311	0.996041	0.818312	0.996039	0.818311	0.996035	0.818311	0.996034	0.818311	0.996031	0.818311	0.996029	1353401918.067195	1.000003	50.810649	37.561773	1.579982	0.831713	0.993990	0.831713	0.993987	0.831712	0.993980	0.831913	0.996294	0.831712	0.993976	0.843524	0.000417	0.831712	0.993975	0.831790	0.994433	
1353401919.067087	0.999991	50.816516	37.601461	4.953017	0.818272	0.996080	0.816767	0.000339	0.818272	0.996079	0.818272	0.996075	0.818272	0.996072	0.818272	0.996068	0.818272	0.996069	0.818272	0.996066	1353401919.067189	0.999994	50.811491	37.561885	1.591593	0.830210	0.996516	0.830210	0.996513	0.830210	0.996512	0.830210	0.996508	0.830210	0.996506	0.831147	0.000396	0.830209	0.996506	0.830209	0.996504	
1353401920.067087	1.000000	50.818665	37.604080	4.957870	0.819295	0.996052	0.824683	0.000269	0.819295	0.996049	0.819295	0.996047	0.819295	0.996044	0.819295	0.996043	0.819295	0.996040	0.819295	0.996038	1353401920.067196	1.000007	50.810638	37.558685	1.591191	0.830600	0.996419	0.830600	0.996417	0.830600	0.996416	0.830600	0.996413	0.830600	0.996409	0.833625	0.000326	0.830600	0.996409	0.830600	0.996407	
1353401921.067093	1.000006	715810612.174448	715821887.429187	715823269.602376	0.999954	1.000449	0.999952	1.000454	0.999962	1.000450	0.999953	1.000446	0.999954	1.000451	0.999956	1.000447	0.999955	1.000456	0.999953	1.000448	1353401921.067188	0.999992	715815749.021861	715818814.357790	715815277.756307	0.999954	1.000450	0.999951	1.000450	3.895525	0.256811	0.999953	1.000448	0.999954	1.000453	0.999956	1.000448	0.999954	1.000453	0.999954	1.000450	
1353401922.067132	1.000039	0.000000	0.000000	0.000000	-nan	-nan	-nan	-nan	0.000000	inf	-nan	-nan	-nan	0.000000	-nan	-nan	-nan	-nan	-nan	-nan	1353401922.067224	1.000036	0.000000	0.000000	0.000000	-nan	-nan	-nan	-nan	0.000000	inf	-nan	-nan	-nan	-nan	-nan	-nan	-nan	-nan	-nan	-nan	
1353401923.067172	1.000040	0.000000	0.000000	0.000000	-nan	-nan	-nan	-nan	0.000000	inf	-nan	-nan	-nan	0.000000	0.000000	inf	-nan	-nan	-nan	-nan	1353401923.067253	1.000029	0.000000	0.000000	0.000000	-nan	-nan	-nan	-nan	inf	-nan	-nan	-nan	-nan	-nan	-nan	-nan	-nan	-nan	-nan	-nan	
