ts_0	elapsed_0	pkg_0	pp0_0	dram_0	freq_ratio_0_0	c0_ratio_0_0	freq_ratio_0_1	c0_ratio_0_1	freq_ratio_0_2	c0_ratio_0_2	freq_ratio_0_3	c0_ratio_0_3	freq_ratio_0_4	c0_ratio_0_4	freq_ratio_0_5	c0_ratio_0_5	freq_ratio_0_6	c0_ratio_0_6	freq_ratio_0_7	c0_ratio_0_7	ts_1	elapsed_1	pkg_1	pp0_1	dram_1	freq_ratio_1_0	c0_ratio_1_0	freq_ratio_1_1	c0_ratio_1_1	freq_ratio_1_2	c0_ratio_1_2	freq_ratio_1_3	c0_ratio_1_3	freq_ratio_1_4	c0_ratio_1_4	freq_ratio_1_5	c0_ratio_1_5	freq_ratio_1_6	c0_ratio_1_6	freq_ratio_1_7	c0_ratio_1_7	
1353355780.358512	1.001927	55.113407	41.585138	5.282668	1.155879	0.311914	1.153915	0.303688	1.154884	0.305748	1.156065	0.311213	1.154492	0.304792	1.155919	0.310465	1.154984	0.306675	1.155395	0.307965	1353355780.358662	1.000401	65.982985	52.540408	5.852130	0.999997	0.886428	0.999979	0.885650	1.000001	0.885875	0.999980	0.885220	1.000001	0.884600	0.999980	0.885421	1.000001	0.885059	0.999932	0.886803	
1353355781.358510	0.999998	60.877802	47.196242	5.846462	1.000000	0.999992	1.000000	0.999991	1.000001	0.999957	1.000000	0.999960	1.000000	0.999964	1.000000	0.999946	0.999987	0.004474	1.000297	0.000113	1353355781.358656	0.999994	73.621136	60.019096	7.104077	1.000000	0.999984	1.000000	0.999962	1.000000	0.999961	1.000000	0.999991	1.000000	0.999991	1.000000	0.999282	1.000000	0.999167	1.000000	1.000000	
1353355782.358511	1.000001	61.025012	47.334046	5.831247	0.999965	0.999845	0.999958	0.999862	0.999980	0.999818	0.999993	0.999801	0.999967	0.999845	0.999982	0.999821	0.999985	0.004393	1.000069	0.000045	1353355782.358653	0.999997	73.787643	60.170093	7.131232	1.000000	0.999849	1.000000	0.999832	1.000000	0.999848	1.000000	0.999882	1.000000	0.999869	1.000000	0.999253	1.000000	0.999116	1.000000	1.000000	
1353355783.358509	0.999998	60.937631	47.240584	5.850063	0.999901	0.999116	0.999950	0.998945	0.999976	0.998884	0.999987	0.998844	0.999961	0.998984	0.999976	0.998888	0.999993	0.004704	0.999944	0.000110	1353355783.358656	1.000003	73.918762	60.294476	7.075570	1.000000	0.998923	1.000000	0.998890	1.000000	0.998933	1.000000	0.999024	1.000000	0.999008	1.000000	0.998964	1.000000	0.998889	1.000000	1.000000	
1353355784.358512	1.000003	60.852762	47.156028	5.847211	1.000000	0.999956	1.000000	1.000000	1.000000	1.000000	1.000001	0.999959	1.000000	1.000000	1.000001	1.000000	0.999983	0.004843	0.997094	0.000044	1353355784.358655	0.999999	73.981501	60.351635	7.106925	1.000000	1.000000	1.000000	1.000000	1.000000	1.000000	1.000000	1.000000	1.000000	1.000000	1.000000	0.999056	1.000000	0.998923	1.000000	1.000000	
1353355785.358511	0.999999	60.737500	47.057021	5.855429	1.000000	0.997841	1.000000	0.997752	1.000000	0.997681	1.000000	0.997714	1.000000	0.997724	1.000000	0.997683	0.999987	0.004416	1.000590	0.000212	1353355785.358653	0.999998	73.994236	60.358468	7.116804	1.000000	0.997747	1.000000	0.997725	1.000000	0.997693	1.000000	0.997724	1.000000	0.997723	1.000000	0.997740	1.000000	0.997710	1.000000	1.000000	
1353355786.358511	1.000000	60.789734	47.118973	5.864227	1.000000	0.998417	1.000000	0.998270	1.000000	0.998236	1.000000	0.998140	1.000000	0.998325	1.000000	0.998234	0.999986	0.004410	1.000161	0.000062	1353355786.358652	0.999999	74.050592	60.413128	7.117286	1.000000	0.998249	1.000000	0.998181	1.000000	0.998263	1.000000	0.998333	1.000000	0.998331	1.000000	0.998138	1.000000	0.997999	1.000000	1.000000	
1353355787.358509	0.999998	60.888391	47.220061	5.853725	1.000000	1.000000	0.999999	1.000000	0.999999	1.000000	1.000000	1.000000	1.000000	1.000000	1.000000	1.000000	0.999985	0.004642	0.999824	0.000114	1353355787.358652	1.000000	74.193207	60.552811	7.079529	1.000000	1.000000	1.000000	1.000000	1.000000	1.000000	1.000000	1.000000	1.000000	1.000000	1.000000	0.999703	1.000000	0.999636	1.000000	1.000000	
1353355788.358522	1.000013	715784280.849284	715807358.703707	715790702.854732	0.999964	1.000512	0.999963	1.000520	0.999965	1.000524	0.999964	1.000512	0.999965	1.000520	0.999967	1.000510	0.999965	1.000518	0.999964	1.000515	1353355788.358622	0.999970	715812801.720190	715806849.809564	715785993.752719	0.999964	1.000513	0.999962	1.000517	3.894776	0.256879	0.999964	1.000513	0.999964	1.000517	0.999967	1.000514	0.999964	1.000516	0.999965	1.000517	
1353355789.358559	1.000037	0.000000	0.000000	0.000000	-nan	-nan	-nan	-nan	1.000008	inf	-nan	-nan	-nan	0.000000	-nan	-nan	-nan	-nan	-nan	-nan	1353355789.358639	1.000017	0.000000	0.000000	0.000000	-nan	-nan	-nan	-nan	1.345745	inf	-nan	-nan	-nan	-nan	-nan	-nan	-nan	-nan	-nan	-nan	
