ts_0	elapsed_0	pkg_0	pp0_0	dram_0	freq_ratio_0_0	c0_ratio_0_0	freq_ratio_0_1	c0_ratio_0_1	freq_ratio_0_2	c0_ratio_0_2	freq_ratio_0_3	c0_ratio_0_3	freq_ratio_0_4	c0_ratio_0_4	freq_ratio_0_5	c0_ratio_0_5	freq_ratio_0_6	c0_ratio_0_6	freq_ratio_0_7	c0_ratio_0_7	ts_1	elapsed_1	pkg_1	pp0_1	dram_1	freq_ratio_1_0	c0_ratio_1_0	freq_ratio_1_1	c0_ratio_1_1	freq_ratio_1_2	c0_ratio_1_2	freq_ratio_1_3	c0_ratio_1_3	freq_ratio_1_4	c0_ratio_1_4	freq_ratio_1_5	c0_ratio_1_5	freq_ratio_1_6	c0_ratio_1_6	freq_ratio_1_7	c0_ratio_1_7	
1356620743.105817	1.002357	30.366323	17.103592	3.724345	1.153373	0.245774	1.153201	0.246546	1.153264	0.245794	1.154125	0.245689	1.153655	0.243669	1.154848	0.247210	1.153818	0.243529	1.154688	0.246139	1356620743.106051	1.000519	42.115485	28.437282	6.370763	0.999938	0.947224	0.999953	0.947038	0.802715	0.000274	0.864951	0.001029	0.687333	0.000105	0.838803	0.000110	0.810369	0.000199	0.999984	0.947537	
1356620744.105795	0.999978	30.392085	17.134241	3.762961	1.000179	0.000482	0.999544	0.000172	1.000000	1.000001	1.000249	0.000260	1.001736	0.000046	1.001792	0.000040	1.000319	0.000048	1.001509	0.000066	1356620744.106041	0.999990	43.299536	29.611396	6.671804	1.000000	1.000000	1.000000	1.000000	0.999493	0.000073	1.000414	0.000020	1.002987	0.000012	1.000885	0.000012	0.998567	0.000038	1.000000	1.000000	
1356620745.105795	1.000000	30.393219	17.136002	3.762558	1.000187	0.000282	1.001687	0.000154	1.000000	1.000000	1.000925	0.000238	1.003661	0.000062	1.002816	0.000074	0.998123	0.000014	1.005178	0.000039	1356620745.106042	1.000001	43.353535	29.682970	6.801278	1.000000	1.000000	1.000000	1.000000	1.001060	0.000012	0.999360	0.000055	0.999435	0.000078	0.999865	0.000174	0.999725	0.000049	1.000000	1.000000	
1356620746.105795	1.000000	36.865372	23.599335	3.762253	1.000000	0.929195	1.000334	0.000346	1.000000	1.000000	0.999919	0.002445	0.994891	0.000046	0.995039	0.000039	0.992618	0.000072	0.997546	0.000087	1356620746.106011	0.999969	37.652214	23.919900	6.862319	0.999991	0.070648	1.000000	1.000000	0.998317	0.000069	0.993642	0.000021	0.988965	0.000012	0.988045	0.000011	0.997343	0.000037	1.000000	1.000000	
1356620747.105795	1.000000	37.439865	24.170609	3.755981	1.000000	1.000000	0.998865	0.000338	1.000000	1.000000	0.999981	0.000884	0.999843	0.000064	0.999138	0.000106	1.018595	0.000029	0.997436	0.000055	1356620747.106012	1.000001	37.161128	23.454918	6.586694	1.000409	0.000070	1.000000	1.000000	1.010316	0.000012	0.993078	0.000052	0.991082	0.000050	0.992372	0.000048	1.003260	0.000046	1.000000	1.000000	
1356620748.105796	1.000001	37.414042	24.156425	3.755322	1.000000	1.000000	0.999767	0.000365	0.999999	0.999654	0.999860	0.000250	0.998405	0.000048	0.999733	0.000038	0.999110	0.000049	1.001434	0.000064	1356620748.106016	1.000004	37.200365	23.481381	6.599308	0.999778	0.000052	1.000000	1.000000	1.000179	0.000079	1.016442	0.000032	1.028876	0.000022	1.024441	0.000021	0.999818	0.000053	1.000000	0.999692	
1356620749.105795	0.999999	37.487005	24.214287	3.763096	1.000000	1.000000	1.001051	0.000318	1.000000	1.000000	1.000190	0.000154	1.000786	0.000062	1.003065	0.000069	1.002619	0.000013	1.000951	0.000039	1356620749.106009	0.999993	37.194700	23.483835	6.521621	0.999921	0.000054	1.000000	1.000000	1.000096	0.000012	1.000063	0.000049	0.999992	0.000049	0.999859	0.000162	1.000138	0.000047	1.000000	1.000000	
1356620750.105795	1.000000	37.489456	24.208038	3.751404	1.000000	1.000000	0.999701	0.000379	1.000000	1.000000	0.999862	0.000190	1.000642	0.000048	0.996886	0.000038	0.999821	0.000080	1.000183	0.000072	1356620750.106004	0.999995	37.196460	23.453548	6.840061	1.000008	0.000051	1.000000	1.000000	0.999920	0.000058	0.999530	0.000021	0.999104	0.000011	1.003788	0.000011	0.999274	0.000037	1.000000	1.000000	
1356620751.105795	1.000000	37.487747	24.208176	3.759079	1.000000	1.000000	1.000182	0.000314	1.000000	1.000000	1.000094	0.000123	0.999478	0.000045	0.999642	0.000063	1.000172	0.000013	0.999900	0.000038	1356620751.106012	1.000008	37.198002	23.467721	6.696937	1.000022	0.000052	1.000000	1.000000	0.999577	0.000012	1.000237	0.000047	1.000535	0.000047	0.998977	0.000047	1.000291	0.000045	1.000000	1.000000	
1356620752.105795	1.000000	37.516113	24.233368	3.752136	1.000000	1.000000	0.999293	0.000343	1.000000	1.000000	0.999960	0.000503	1.000386	0.000047	0.999622	0.000061	0.999935	0.000047	0.999944	0.000062	1356620752.106012	1.000000	37.184662	23.468948	6.555740	1.000083	0.000051	1.000000	1.000000	1.000113	0.000058	0.999982	0.000022	0.998760	0.000012	1.000850	0.000011	0.999680	0.000037	1.000000	1.000000	
1356620753.105795	1.000000	37.520172	24.239471	3.763458	1.000000	1.000000	1.000191	0.000288	1.000000	1.000000	1.000019	0.000122	0.999748	0.000046	1.000064	0.000066	1.001582	0.000013	0.998990	0.000039	1356620753.106011	0.999999	37.180822	23.458763	6.583609	0.999915	0.000050	1.000000	1.000000	0.999484	0.000012	0.999674	0.000045	0.999476	0.000045	1.000246	0.000147	0.999716	0.000045	1.000000	1.000000	
1356620754.105795	1.000000	37.533356	24.244705	3.766586	1.000000	1.000000	1.000039	0.000358	1.000000	1.000000	0.999885	0.000157	1.000812	0.000047	1.001571	0.000038	0.999936	0.000072	1.000530	0.000072	1356620754.106007	0.999996	37.173674	23.425937	6.851255	0.999924	0.000051	1.000000	1.000000	0.999852	0.000060	1.000271	0.000021	0.997618	0.000012	0.996048	0.000011	1.001240	0.000037	1.000000	1.000000	
1356620755.105795	1.000000	37.570847	24.286026	3.755875	1.000000	1.000000	0.999788	0.000366	1.000000	1.000000	1.000235	0.000143	0.999545	0.000044	0.999472	0.000064	0.999798	0.000013	1.000416	0.000038	1356620755.106011	1.000004	37.159914	23.463528	6.499913	1.000062	0.000049	1.000000	1.000000	1.000917	0.000011	0.999975	0.000047	0.986498	0.000048	0.999901	0.000047	0.999396	0.000044	1.000000	1.000000	
1356620756.105795	1.000000	37.564178	24.275833	3.759186	1.000000	1.000000	1.000229	0.000327	1.000000	1.000000	0.999983	0.002110	1.000169	0.000046	1.000697	0.000038	0.999748	0.000047	0.999298	0.000063	1356620756.106010	0.999999	37.206716	23.485893	6.648993	1.000015	0.000052	1.000000	1.000000	0.996914	0.000055	0.992390	0.000020	1.015210	0.000036	0.986952	0.000011	0.997229	0.000039	1.000000	1.000000	
1356620757.105795	1.000000	37.509781	24.234741	3.748123	1.000000	1.000000	0.999762	0.000344	1.000000	1.000000	0.999972	0.000412	1.000108	0.000047	0.999551	0.000088	1.000000	0.000014	1.003031	0.000038	1356620757.106004	0.999994	37.223183	23.508899	6.572091	0.999992	0.000050	1.000000	1.000000	1.011096	0.000011	1.003755	0.000045	1.003028	0.000045	1.001018	0.000142	1.001833	0.000045	1.000000	1.000000	
1356620758.105795	1.000000	37.565277	24.270782	3.766830	1.000000	1.000000	1.001118	0.000340	1.000000	1.000000	0.999277	0.000155	0.999559	0.000047	1.000280	0.000037	0.990880	0.000060	0.998933	0.000068	1356620758.106012	1.000008	37.213657	23.492913	6.573769	0.999955	0.000051	1.000000	1.000000	1.000668	0.000054	0.999421	0.000021	0.998813	0.000012	1.002938	0.000012	1.000677	0.000038	1.000000	1.000000	
1356620759.105795	1.000000	37.561310	24.268631	3.762634	1.000000	1.000000	0.999648	0.000334	1.000000	1.000000	1.001049	0.000139	0.998476	0.000059	0.999926	0.000078	1.019241	0.000028	0.999467	0.000052	1356620759.106014	1.000002	37.206060	23.458940	6.911745	0.999872	0.000063	1.000000	1.000000	1.000325	0.000012	0.988401	0.000045	0.986660	0.000048	0.988560	0.000046	0.999804	0.000043	1.000000	1.000000	
1356620760.105795	1.000000	37.587494	24.302734	3.759705	1.000000	1.000000	0.999414	0.000368	1.000000	1.000000	1.000548	0.000190	1.002682	0.000046	1.000490	0.000039	0.999160	0.000047	1.000132	0.000062	1356620760.106015	1.000001	37.198191	23.487923	6.545618	0.999687	0.000053	1.000000	1.000000	0.999895	0.000074	1.016773	0.000031	1.031234	0.000021	1.026296	0.000021	1.000313	0.000052	1.000000	1.000000	
1356620761.105795	1.000000	37.552368	24.266022	3.763260	1.000000	1.000000	1.000671	0.000326	1.000000	1.000000	0.999006	0.000122	0.999582	0.000084	0.999709	0.000070	1.004332	0.000013	1.000311	0.000038	1356620761.106018	1.000003	37.219001	23.491199	6.672907	1.000328	0.000047	1.000000	1.000000	1.001320	0.000012	0.999913	0.000044	0.999785	0.000045	0.999615	0.000102	1.000159	0.000044	1.000000	1.000000	
1356620762.105795	1.000000	37.545563	24.247192	3.762909	1.000000	1.000000	0.999700	0.000412	1.000000	1.000000	1.000094	0.000655	0.999111	0.000047	1.001869	0.000061	0.999867	0.000058	1.000375	0.000066	1356620762.106019	1.000001	37.156062	23.424660	6.863107	0.999613	0.000051	1.000000	1.000000	0.999866	0.000055	1.000362	0.000021	1.000676	0.000012	1.001818	0.000012	0.999142	0.000037	1.000000	1.000000	
1356620763.105795	1.000000	37.563919	24.274750	3.759613	1.000000	1.000000	0.999904	0.000300	1.000000	1.000000	0.999296	0.000121	1.001347	0.000045	0.998059	0.000062	0.996794	0.000013	0.998793	0.000038	1356620763.106007	0.999988	37.176316	23.476339	6.597842	1.000444	0.000048	1.000000	1.000000	0.999837	0.000012	0.999785	0.000045	1.000051	0.000045	0.999856	0.000045	0.999902	0.000043	1.000000	1.000000	
1356620764.105795	1.000000	37.556656	24.260895	3.766556	1.000000	1.000000	0.999902	0.000357	1.000000	1.000000	0.999995	0.000160	0.997861	0.000047	1.002215	0.000038	1.000990	0.000047	1.000038	0.000062	1356620764.106014	1.000007	37.199740	23.489248	6.680893	0.999879	0.000051	1.000000	1.000000	1.000084	0.000055	1.000242	0.000021	0.998078	0.000012	0.997506	0.000011	1.000310	0.000037	1.000000	1.000000	
1356620765.105795	1.000000	37.524689	24.246628	3.759628	1.000000	1.000000	0.999802	0.000345	1.000000	1.000000	0.999931	0.000144	1.002504	0.000045	0.998695	0.000064	0.999079	0.000013	1.000828	0.000038	1356620765.106014	1.000000	37.221222	23.508438	6.624466	1.000082	0.000047	1.000000	1.000000	0.996594	0.000012	0.999762	0.000044	1.000552	0.000044	0.999909	0.000059	0.999597	0.000044	1.000000	1.000000	
1356620766.105795	1.000000	37.568802	24.275467	3.755280	1.000000	1.000000	1.000910	0.000330	1.000000	1.000000	1.000102	0.002105	0.999843	0.000047	0.999352	0.000038	0.999280	0.000049	0.999196	0.000065	1356620766.106013	0.999999	37.224935	23.493766	6.753455	0.999992	0.000098	1.000000	1.000000	0.998311	0.000059	0.993528	0.000022	0.986781	0.000011	0.992466	0.000012	0.996819	0.000038	1.000000	1.000000	
1356620767.105795	1.000000	37.803696	24.509903	3.762283	1.000000	1.000000	0.999895	0.003549	1.000000	1.000000	0.999951	0.003892	0.999991	0.002825	1.000003	0.003010	1.000084	0.002769	0.999998	0.002989	1356620767.106011	0.999998	37.340434	23.637115	6.621183	0.999992	0.002936	1.000000	1.000000	1.000044	0.002770	1.000053	0.002859	1.000051	0.002739	1.000049	0.002702	1.000039	0.003624	1.000000	1.000000	
1356620768.105795	1.000000	37.538452	24.238159	3.759247	1.000000	1.000000	1.000960	0.000341	1.000000	1.000000	0.999910	0.000193	1.000692	0.000045	0.999437	0.000038	0.993769	0.000042	1.000100	0.000065	1356620768.106011	1.000000	37.230362	23.521103	6.497070	1.000088	0.000048	1.000000	1.000000	0.988366	0.000051	0.998640	0.000016	0.995544	0.000007	0.991803	0.000007	1.000165	0.000037	1.000000	1.000000	
1356620769.105795	1.000000	37.534149	24.237625	3.755829	1.000000	1.000000	0.999416	0.000301	1.000000	1.000000	0.999933	0.000121	0.999704	0.000047	1.000310	0.000066	1.002162	0.000014	0.997611	0.000039	1356620769.106007	0.999996	37.204939	23.510197	6.626766	0.999851	0.000049	1.000000	1.000000	1.001334	0.000453	1.000622	0.000048	1.000759	0.000044	1.001292	0.000049	0.999938	0.000062	1.000000	1.000000	
1356620770.105795	1.000000	37.514023	24.222931	3.762985	1.000000	1.000000	0.999778	0.000468	1.000000	1.000000	1.000004	0.000216	0.998864	0.000068	0.999970	0.000051	0.994858	0.000098	1.000236	0.000090	1356620770.106011	1.000004	37.255479	23.524548	6.745075	0.999913	0.000071	1.000000	1.000000	0.999894	0.000058	0.999886	0.000040	0.999958	0.000018	0.999428	0.000021	0.999970	0.000038	1.000000	1.000000	
1356620771.105795	1.000000	37.577713	24.282761	3.771225	1.000000	1.000000	1.000954	0.000315	1.000000	1.000000	0.994606	0.000139	1.001284	0.000058	1.000218	0.000083	1.018792	0.000028	1.001027	0.000053	1356620771.106009	0.999998	37.222193	23.506621	6.654249	1.000162	0.000064	1.000000	1.000000	0.998026	0.000012	0.988966	0.000046	0.986990	0.000047	0.989283	0.000047	0.992068	0.000063	1.000000	1.000000	
1356620772.105795	1.000000	37.599503	24.303329	3.767258	1.000000	1.000000	0.999983	0.000815	1.000000	1.000000	1.000846	0.000885	0.999910	0.000128	0.999919	0.000336	0.999863	0.000212	1.000075	0.000468	1356620772.106019	1.000010	37.233010	23.530068	6.564006	0.999850	0.000180	1.000000	1.000000	1.000114	0.000162	1.006938	0.000070	1.012711	0.000048	1.003330	0.000144	1.009122	0.000051	1.000000	1.000000	
1356620773.105795	1.000000	37.501007	24.217255	3.762909	1.000000	1.000000	0.999964	0.000313	1.000000	1.000000	0.999721	0.000123	0.999898	0.000046	1.000541	0.000064	0.998958	0.000009	0.999592	0.000040	1356620773.106008	0.999989	37.225170	23.498060	6.757246	1.000611	0.000045	1.000000	1.000000	1.000383	0.000007	1.000305	0.000045	1.000493	0.000045	0.999555	0.000056	1.001087	0.000065	1.000000	1.000000	
1356620774.105795	1.000000	37.585785	24.276855	3.766495	1.000000	1.000000	0.999470	0.000361	1.000000	1.000000	1.000167	0.000155	1.000660	0.000047	1.000280	0.000039	1.000584	0.000054	0.999663	0.000066	1356620774.106008	1.000000	37.208191	23.482971	6.815338	0.999893	0.000050	1.000000	1.000000	0.999848	0.000056	0.999783	0.000021	0.998088	0.000012	1.003594	0.000011	0.998920	0.000037	1.000000	1.000000	
1356620775.105795	1.000000	37.532639	24.247208	3.755646	1.000000	1.000000	0.999637	0.000341	1.000000	1.000000	1.000046	0.000143	0.999004	0.000045	1.000535	0.000066	0.998595	0.000013	1.000329	0.000039	1356620775.106009	1.000001	37.191050	23.474404	6.504526	0.999747	0.000050	1.000000	1.000000	0.999718	0.000011	0.999915	0.000045	0.999871	0.000045	0.999809	0.000044	1.000109	0.000064	1.000000	1.000000	
1356620776.105795	1.000000	37.558884	24.259232	3.755539	1.000000	1.000000	1.000221	0.000332	1.000000	1.000000	0.999997	0.002160	1.000762	0.000047	0.998791	0.000039	0.999110	0.000048	1.000282	0.000068	1356620776.106015	1.000006	37.161888	23.441648	6.588675	0.999977	0.000051	1.000000	1.000000	0.998213	0.000085	0.992060	0.000020	0.990198	0.000012	0.985999	0.000012	0.996028	0.000038	1.000000	1.000000	
1356620777.105795	1.000000	37.594757	24.299362	3.767166	1.000000	1.000000	1.000004	0.000475	1.000000	1.000000	0.999968	0.000938	0.999765	0.000071	1.000625	0.000194	1.000865	0.000063	0.999978	0.000122	1356620777.106017	1.000002	37.212652	23.502168	6.585208	0.999982	0.000063	1.000000	1.000000	1.002141	0.000075	1.002201	0.000070	1.001533	0.000094	1.001332	0.000109	1.002445	0.000063	1.000000	1.000000	
1356620778.105794	0.999999	37.562460	24.267082	3.763416	1.000000	1.000000	1.000612	0.000342	1.000000	1.000000	1.000206	0.000179	1.000670	0.000047	0.996440	0.000038	1.000404	0.000048	0.999819	0.000047	1356620778.106015	0.999998	37.182474	23.459289	6.595853	1.000105	0.000051	1.000000	1.000000	0.999972	0.000056	1.000970	0.000015	0.997144	0.000007	1.003557	0.000006	0.999625	0.000037	1.000000	1.000000	
1356620779.105795	1.000001	37.559351	24.266426	3.763333	1.000000	1.000000	1.001051	0.000312	1.000000	1.000000	0.999490	0.000175	0.999564	0.000045	1.002300	0.000064	0.999538	0.000013	0.998127	0.000013	1356620779.106009	0.999994	37.212472	23.507464	6.491799	0.999709	0.000050	1.000000	1.000000	0.999577	0.000011	0.999735	0.000046	1.001341	0.000045	1.000000	0.000045	1.000336	0.000062	1.000000	1.000000	
1356620780.105795	1.000000	37.595520	24.300674	3.759491	1.000000	1.000000	0.998343	0.000372	1.000000	1.000000	1.000366	0.000208	0.999377	0.000045	0.995931	0.000038	0.997782	0.000047	1.000649	0.000049	1356620780.106010	1.000001	37.196437	23.509041	6.449304	1.000098	0.000051	1.000000	1.000000	0.999583	0.000055	1.000293	0.000020	0.995048	0.000011	0.996908	0.000011	0.999938	0.000037	1.000000	1.000000	
1356620781.105795	1.000000	37.586807	24.286530	3.766968	1.000000	1.000000	1.000119	0.000317	1.000000	1.000000	0.999978	0.000161	1.000687	0.000048	0.999826	0.000069	1.007767	0.000013	0.998954	0.000013	1356620781.106009	0.999999	37.222066	23.487098	6.756339	0.999968	0.000072	1.000000	1.000000	1.001799	0.000012	0.999992	0.000046	0.999536	0.000047	1.000275	0.000057	0.999931	0.000062	1.000000	1.000000	
1356620782.105795	1.000000	37.598679	24.301682	3.755859	1.000000	1.000000	1.000164	0.000346	1.000000	1.000000	1.000486	0.000479	1.000081	0.000048	0.998971	0.000061	0.989010	0.000054	0.990107	0.000051	1356620782.106011	1.000002	37.227468	23.509400	6.554171	0.999818	0.000045	1.000000	1.000000	0.999935	0.000053	0.998968	0.000022	1.002514	0.000011	1.001048	0.000011	1.000000	0.000037	1.000000	1.000000	
1356620783.105795	1.000000	37.589478	24.293747	3.763336	1.000000	1.000000	0.999967	0.000315	1.000000	1.000000	0.998407	0.000162	0.999539	0.000059	1.000879	0.000078	1.022244	0.000028	1.018018	0.000028	1356620783.106009	0.999998	37.200159	23.493987	6.373532	1.000126	0.000064	1.000000	1.000000	0.999416	0.000012	0.989028	0.000046	0.986190	0.000047	0.988490	0.000045	0.991291	0.000063	1.000000	1.000000	
1356620784.105795	1.000000	37.542801	24.257172	3.766815	1.000000	1.000000	0.999819	0.000341	1.000000	1.000000	0.999535	0.000183	1.000180	0.000045	0.999820	0.000038	0.998476	0.000047	0.999884	0.000047	1356620784.106004	0.999995	37.236316	23.513408	6.684650	0.999925	0.000051	1.000000	1.000000	1.000088	0.000070	1.017536	0.000029	1.030996	0.000021	1.026506	0.000021	1.010433	0.000051	1.000000	1.000000	
1356620785.105795	1.000000	37.576675	24.280792	3.755432	1.000000	1.000000	1.001830	0.000359	1.000000	1.000000	1.001803	0.000164	0.999922	0.000045	1.000659	0.000066	1.010521	0.000013	0.999792	0.000013	1356620785.106005	1.000001	37.193370	23.478020	6.653451	0.999699	0.000049	1.000000	1.000000	1.000492	0.000011	0.999991	0.000044	0.985883	0.000045	0.999746	0.000056	0.999840	0.000060	1.000000	1.000000	
1356620786.105795	1.000000	37.596283	24.301422	3.774796	0.999987	0.999697	0.998841	0.000359	0.999978	0.999712	0.999881	0.002127	1.000025	0.000047	0.999648	0.000038	0.997060	0.000053	1.000101	0.000092	1356620786.106017	1.000012	37.239378	23.539896	6.380081	1.000023	0.000051	1.000000	1.000000	0.996663	0.000054	0.992958	0.000021	1.015490	0.000032	0.984656	0.000012	0.996495	0.000038	1.000000	1.000000	
1356620787.105795	1.000000	37.578049	24.278519	3.763306	1.000000	1.000000	1.001440	0.000318	1.000001	1.000001	1.000213	0.000434	1.000475	0.000045	0.999799	0.000088	1.002143	0.000013	1.000551	0.000013	1356620787.106013	0.999996	37.222166	23.505604	6.630520	1.000016	0.000049	1.000000	1.000000	1.016323	0.000011	1.003247	0.000045	1.003001	0.000046	1.004088	0.000045	1.002357	0.000063	1.000000	1.000000	
1356620788.105795	1.000000	37.587753	24.293259	3.759705	1.000000	1.000000	0.998587	0.000344	1.000000	0.999999	0.999812	0.000183	0.999853	0.000121	0.999969	0.000037	1.001006	0.000047	0.999957	0.000072	1356620788.106010	0.999997	37.239663	23.525799	6.426534	1.000151	0.000051	1.000000	1.000000	0.999506	0.000054	0.999892	0.000021	1.000580	0.000012	0.997387	0.000011	0.999606	0.000038	1.000000	1.000000	
1356620789.105795	1.000000	37.623581	24.326813	3.759750	1.000000	1.000000	1.001134	0.000301	1.000000	1.000000	0.999760	0.000169	0.999474	0.000047	1.000233	0.000066	0.997311	0.000014	0.997901	0.000013	1356620789.106010	1.000000	37.240799	23.526581	6.447372	0.999951	0.000047	1.000000	1.000000	1.001973	0.000012	1.000044	0.000044	0.999897	0.000045	1.000461	0.000055	1.000195	0.000061	1.000000	1.000000	
1356620790.105795	1.000000	37.616180	24.319962	3.755859	1.000000	1.000000	0.998521	0.000371	1.000000	1.000000	0.999949	0.000204	1.005009	0.000046	0.999682	0.000039	0.999657	0.000047	1.000061	0.000051	1356620790.106012	1.000002	37.196737	23.500718	6.423801	0.999985	0.000051	1.000000	1.000000	0.999877	0.000053	1.000152	0.000020	0.999837	0.000012	1.000389	0.000011	0.999571	0.000038	1.000000	1.000000	
1356620791.105794	0.999999	37.587499	24.290200	3.755131	1.000000	1.000000	1.000387	0.000336	1.000000	1.000000	1.000218	0.000143	0.994947	0.000045	0.999345	0.000064	1.000317	0.000013	1.001810	0.000013	1356620791.106010	0.999998	37.233546	23.499358	6.556485	0.999887	0.000048	1.000000	1.000000	0.999297	0.000011	1.000062	0.000043	1.000130	0.000044	0.999870	0.000044	1.000317	0.000060	1.000000	1.000000	
1356620792.105795	1.000001	39.104455	25.810522	3.754635	1.000000	1.000000	0.999966	0.003536	1.000000	1.000000	0.999995	0.003639	0.999861	0.003026	1.000003	0.002891	0.999828	0.002939	0.999991	0.002774	1356620792.105967	0.999957	40.131437	26.406651	6.644771	0.999995	0.002916	1.000000	1.000000	0.999790	0.002910	0.999812	0.002930	0.999827	0.002729	0.999831	0.002928	0.999987	0.003808	1.000000	1.000000	
1356620793.105795	1.000000	37.596161	24.296921	3.755692	1.000000	1.000000	0.999615	0.000299	1.000000	1.000000	0.999976	0.000144	1.009650	0.000042	1.000159	0.000063	1.059690	0.000008	0.999774	0.000009	1356620793.106008	1.000041	37.235946	23.500669	6.842981	1.000297	0.000045	1.000000	1.000000	1.098014	0.000006	1.014572	0.000037	1.012448	0.000038	1.011256	0.000044	1.000762	0.000064	1.000000	1.000000	
1356620794.105795	1.000000	37.629623	24.331375	3.759277	1.000000	1.000000	1.000247	0.000345	1.000000	1.000000	1.000020	0.000208	1.000269	0.000047	1.000662	0.000038	0.991970	0.000054	0.990268	0.000056	1356620794.106011	1.000003	37.235496	23.514988	6.689051	0.999765	0.000051	1.000000	1.000000	1.000000	0.000058	1.000357	0.000021	0.998665	0.000012	0.999894	0.000011	0.999887	0.000037	1.000000	1.000000	
1356620795.105795	1.000000	37.584656	24.299530	3.759521	1.000000	1.000000	1.001728	0.000359	1.000001	1.000001	0.999737	0.000182	0.999019	0.000059	0.998736	0.000078	1.018276	0.000028	1.019402	0.000028	1356620795.106008	0.999997	37.229760	23.506894	6.507527	1.000078	0.000065	1.000000	1.000000	0.999673	0.000012	0.988986	0.000047	0.986498	0.000047	0.989547	0.000047	0.991607	0.000063	1.000000	1.000000	
1356620796.105795	1.000000	37.613464	24.313690	3.759384	1.000000	0.999999	0.998802	0.000323	1.000000	1.000000	1.000008	0.002133	1.001627	0.000047	1.001167	0.000039	0.998824	0.000048	1.000952	0.000048	1356620796.106014	1.000006	37.211036	23.496213	6.515876	0.999942	0.000053	1.000000	1.000000	0.998034	0.000072	1.011941	0.000030	1.024679	0.000021	1.015487	0.000021	1.007902	0.000051	1.000000	1.000000	
1356620797.105795	1.000000	37.577698	24.276505	3.774475	1.000000	1.000000	1.000843	0.000340	1.000000	1.000000	1.000028	0.000434	1.000025	0.000047	1.001079	0.000088	0.996470	0.000014	0.999684	0.000013	1356620797.106013	0.999999	37.202001	23.468254	6.712210	0.999992	0.000049	1.000000	1.000000	1.012908	0.000011	1.003415	0.000045	1.002703	0.000045	1.002749	0.000054	1.001947	0.000065	1.000000	1.000000	
1356620798.105794	0.999999	37.604711	24.303047	3.763279	0.999999	1.000000	0.999080	0.000343	0.999999	0.999999	1.000011	0.000178	0.999853	0.000047	0.998566	0.000037	1.001957	0.000054	0.999913	0.000049	1356620798.106013	1.000000	37.200638	23.505280	6.498611	0.999820	0.000051	1.000000	1.000000	0.990207	0.000057	1.000397	0.000021	1.000352	0.000011	0.999090	0.000011	0.998745	0.000037	1.000000	1.000000	
1356620799.105795	1.000001	37.601191	24.299354	3.763409	1.000001	1.000000	1.001072	0.000300	1.000001	1.000000	0.999901	0.000144	0.999896	0.000045	0.999610	0.000064	1.002000	0.000013	0.999077	0.000013	1356620799.106010	0.999997	37.235299	23.520230	6.512777	1.000024	0.000049	1.000000	1.000000	1.001344	0.000412	0.999578	0.000046	0.999675	0.000047	1.000414	0.000048	1.000251	0.000063	1.000000	1.000000	
1356620800.105794	0.999999	37.569189	24.271492	3.752140	1.000000	1.000000	0.998808	0.000370	1.000000	1.000000	1.000160	0.000215	0.999789	0.000047	1.000289	0.000040	0.998453	0.000047	0.999566	0.000046	1356620800.106016	1.000006	37.230308	23.523953	6.518485	1.000151	0.000051	1.000000	1.000000	0.999316	0.000047	1.000780	0.000021	1.003304	0.000012	0.997405	0.000011	0.999337	0.000037	1.000000	1.000000	
1356620801.105796	1.000002	37.585896	24.285079	3.763344	1.000000	1.000000	0.999608	0.000299	0.999999	0.999825	0.999804	0.000144	0.999933	0.000046	0.999839	0.000065	0.996772	0.000013	1.003264	0.000013	1356620801.106019	1.000003	37.218177	23.511814	6.612971	0.999886	0.000047	1.000000	1.000000	0.998270	0.000012	1.000017	0.000045	0.999245	0.000045	0.999882	0.000059	1.000797	0.000063	1.000000	0.999858	
1356620802.105795	0.999999	37.585165	24.283562	3.756092	1.000000	1.000000	1.000560	0.000346	1.000000	1.000000	0.999954	0.000477	0.999840	0.000046	1.000409	0.000065	1.000066	0.000052	0.998490	0.000047	1356620802.106010	0.999991	37.229173	23.512634	6.714386	0.999851	0.000052	1.000000	1.000000	1.000796	0.000055	0.999962	0.000020	1.001123	0.000012	1.001210	0.000011	0.998767	0.000037	1.000000	1.000000	
1356620803.105795	1.000000	37.536148	24.246689	3.763336	1.000000	1.000000	0.999122	0.000310	1.000001	1.000001	0.999570	0.000145	1.000122	0.000044	1.000119	0.000062	0.993789	0.000014	1.000791	0.000013	1356620803.106017	1.000007	37.194872	23.490896	6.613937	1.000048	0.000048	1.000000	1.000000	0.999609	0.000012	1.000160	0.000046	0.999799	0.000046	1.000622	0.000045	1.000286	0.000062	1.000000	1.000000	
1356620804.105795	1.000000	37.574539	24.272247	3.759644	1.000000	1.000000	1.000268	0.000346	1.000000	1.000000	1.000397	0.000200	1.000485	0.000048	0.999295	0.000039	1.001779	0.000047	1.000728	0.000046	1356620804.106013	0.999996	37.195295	23.497166	6.740002	0.999902	0.000051	1.000000	1.000000	0.999947	0.000058	0.999394	0.000020	1.000917	0.000012	0.995807	0.000011	1.000212	0.000036	1.000000	1.000000	
1356620805.105795	1.000000	37.607651	24.307724	3.759567	1.000000	1.000000	1.001391	0.000360	1.000000	1.000000	1.000032	0.000182	0.998475	0.000045	1.000339	0.000064	1.004419	0.000013	0.995918	0.000013	1356620805.106011	0.999998	37.231333	23.521834	6.654233	0.999906	0.000066	1.000000	1.000000	1.000392	0.000012	0.999982	0.000043	0.999772	0.000044	1.000617	0.000064	0.999889	0.000062	1.000000	1.000000	
1356620806.105794	0.999999	37.615926	24.316338	3.763492	1.000000	1.000000	0.999055	0.000320	0.999999	0.999999	0.999984	0.002153	1.001098	0.000047	0.999020	0.000039	0.989485	0.000053	0.989873	0.000048	1356620806.106009	0.999998	37.228007	23.518401	6.442380	0.999675	0.000051	1.000000	1.000000	0.997435	0.000055	0.992307	0.000021	0.986815	0.000011	0.983313	0.000011	0.996387	0.000038	1.000000	1.000000	
1356620807.105795	1.000001	37.603388	24.303856	3.759381	1.000000	1.000000	1.001255	0.000332	1.000001	1.000000	1.000000	0.000811	1.000381	0.000059	1.000157	0.000108	1.015564	0.000028	1.018770	0.000028	1356620807.106008	0.999999	37.227361	23.507896	6.534339	1.000344	0.000063	1.000000	1.000000	1.012538	0.000011	0.992226	0.000045	0.989895	0.000048	0.992352	0.000045	0.994070	0.000062	1.000000	1.000000	
1356620808.105795	1.000000	37.598190	24.305054	3.756088	1.000000	1.000000	0.998685	0.000347	1.000000	1.000000	0.999966	0.000184	0.999217	0.000046	1.000032	0.000037	1.002357	0.000046	1.002034	0.000046	1356620808.106011	1.000003	37.230567	23.519718	6.514338	0.999872	0.000051	1.000000	1.000000	1.000006	0.000070	1.016351	0.000029	1.030942	0.000021	1.024900	0.000021	1.009515	0.000052	1.000000	1.000000	
1356620809.105795	1.000000	37.602097	24.308441	3.763199	1.000000	1.000000	1.001683	0.000312	1.000000	1.000000	1.000027	0.000143	1.000183	0.000046	0.999976	0.000064	0.993064	0.000014	0.993106	0.000013	1356620809.106015	1.000004	37.241487	23.544155	6.365483	0.999942	0.000047	1.000000	1.000000	1.000098	0.000012	1.000736	0.000044	0.999817	0.000044	1.000416	0.000058	1.000075	0.000062	1.000000	1.000000	
1356620810.105795	1.000000	37.582413	24.284241	3.744659	1.000000	1.000000	0.998021	0.000370	1.000000	1.000000	1.000024	0.000208	1.000769	0.000047	0.999174	0.000040	1.001372	0.000049	0.999823	0.000048	1356620810.106016	1.000001	37.242045	23.548195	6.356104	1.000083	0.000051	1.000000	1.000000	0.999979	0.000055	1.000394	0.000021	1.000000	0.000011	1.000515	0.000012	0.999727	0.000037	1.000000	1.000000	
1356620811.105795	1.000000	37.524307	24.235977	3.767044	1.000000	1.000000	1.000035	0.000299	1.000000	1.000000	0.999978	0.000143	0.999099	0.000044	1.000658	0.000064	1.000317	0.000013	1.001642	0.000013	1356620811.106010	0.999994	37.237420	23.529285	6.507043	0.999952	0.000048	1.000000	1.000000	0.999741	0.000012	0.999723	0.000044	1.000197	0.000045	0.999377	0.000045	1.000641	0.000061	1.000000	1.000000	
1356620812.105795	1.000000	37.559143	24.257019	3.766632	1.000000	1.000000	1.000544	0.000352	1.000000	1.000000	0.999978	0.000489	1.000708	0.000047	0.999690	0.000061	0.999884	0.000046	0.999663	0.000046	1356620812.106014	1.000004	37.214922	23.484677	6.707401	0.999985	0.000050	1.000000	1.000000	1.000077	0.000055	0.999786	0.000022	0.996318	0.000011	1.000035	0.000011	0.999750	0.000037	1.000000	1.000000	
1356620813.105795	1.000000	37.571121	24.268738	3.766632	1.000000	1.000000	1.000039	0.000298	0.999999	1.000000	1.000022	0.000143	0.999673	0.000046	0.999988	0.000063	1.001194	0.000013	0.998041	0.000013	1356620813.106017	1.000003	37.164237	23.476322	6.632883	0.999449	0.000047	1.000000	1.000000	0.999513	0.000012	1.000070	0.000044	1.000860	0.000045	1.000238	0.000055	0.999856	0.000062	1.000000	1.000000	
1356620814.105795	1.000000	37.570526	24.269302	3.770966	1.000000	1.000000	0.999675	0.000347	1.000000	1.000000	1.000028	0.000179	0.999283	0.000047	1.000050	0.000038	1.000141	0.000049	1.000371	0.000049	1356620814.106012	0.999995	37.229236	23.522609	6.540743	1.000587	0.000051	1.000000	1.000000	0.999324	0.000055	0.998583	0.000022	1.000071	0.000011	0.997763	0.000011	1.000585	0.000038	1.000000	1.000000	
1356620815.105795	1.000000	37.615311	24.316162	3.759735	1.000000	1.000000	1.001042	0.000369	1.000000	1.000000	1.000014	0.000166	1.000305	0.000044	0.999721	0.000064	0.997812	0.000013	1.000953	0.000013	1356620815.106010	0.999998	37.222178	23.521697	6.557202	0.999872	0.000048	1.000000	1.000000	1.001837	0.000012	1.000278	0.000044	0.985806	0.000045	1.000705	0.000043	0.999527	0.000061	1.000000	1.000000	
1356620816.105795	1.000000	37.620834	24.318817	3.759323	1.000000	1.000000	0.998999	0.000524	1.000000	1.000000	0.999989	0.002262	1.000062	0.000392	0.999950	0.000039	0.999735	0.000047	1.004954	0.000045	1356620816.106013	1.000003	37.234931	23.515949	6.779840	0.999946	0.000236	1.000000	1.000000	0.998984	0.000137	0.995854	0.000033	1.003497	0.000139	0.985910	0.000011	0.996183	0.000037	1.000000	1.000000	
1356620817.105795	1.000000	37.882660	24.581375	3.758743	1.000000	1.000000	1.000204	0.003728	1.000000	1.000000	1.000001	0.003669	1.000002	0.003016	1.000045	0.003055	0.999988	0.002860	0.999902	0.002860	1356620817.106012	0.999999	37.352636	23.647392	6.586005	0.999998	0.003040	1.000000	1.000000	1.000052	0.002895	1.000052	0.002832	1.000053	0.002888	1.000055	0.002878	1.000035	0.003841	1.000000	1.000000	
1356620818.105795	1.000000	37.589905	24.292969	3.767014	1.000000	1.000000	0.998447	0.000341	1.000000	1.000000	0.999961	0.000179	0.999565	0.000047	0.996841	0.000037	0.990157	0.000047	0.989697	0.000044	1356620818.106014	1.000002	37.251440	23.545289	6.567355	1.000215	0.000048	1.000000	1.000000	0.999654	0.000050	0.999745	0.000017	0.998691	0.000007	1.000827	0.000007	1.000131	0.000038	1.000000	1.000000	
1356620819.105795	1.000000	37.542877	24.255402	3.767136	1.000000	1.000000	1.001090	0.000308	1.000000	1.000000	0.999659	0.000161	0.999736	0.000069	0.999695	0.000078	1.016810	0.000028	1.017502	0.000028	1356620819.106012	0.999998	37.249476	23.538161	6.509549	0.999845	0.000067	1.000000	1.000000	1.000636	0.000011	0.999883	0.000049	0.986947	0.000051	0.989131	0.000047	0.991666	0.000062	1.000000	1.000000	
1356620820.105795	1.000000	37.616592	24.318008	3.763290	1.000000	1.000000	0.998431	0.000375	1.000000	1.000000	1.000257	0.000214	1.000204	0.000049	0.998988	0.000060	0.998464	0.000049	1.000234	0.000050	1356620820.106010	0.999998	37.207270	23.507598	6.611982	1.000058	0.000054	1.000000	1.000000	0.999949	0.000076	1.000094	0.000062	1.031964	0.000021	1.024735	0.000020	1.009700	0.000051	1.000000	1.000000	
1356620821.105795	1.000000	37.571503	24.266388	3.759506	1.000000	1.000000	1.000530	0.000301	0.999999	0.999999	0.999979	0.000143	0.999950	0.000054	1.001017	0.000067	1.007416	0.000013	1.001076	0.000013	1356620821.106009	0.999999	37.219121	23.500694	6.649939	0.999968	0.000073	1.000000	1.000000	0.996105	0.000011	1.000234	0.000039	1.000144	0.000046	0.999552	0.000055	1.000398	0.000066	1.000000	1.000000	
1356620822.105796	1.000001	37.608118	24.305626	3.763531	1.000000	1.000000	0.999557	0.000350	1.000001	1.000001	0.999950	0.000659	0.999112	0.000047	1.000397	0.000061	1.000093	0.000062	1.002472	0.000048	1356620822.106017	1.000008	37.211063	23.508187	6.589302	1.000024	0.000048	1.000000	0.999459	1.000834	0.000056	0.999265	0.000020	0.998811	0.000012	0.997346	0.000011	1.000207	0.000037	0.999982	0.999503	
1356620823.105795	0.999999	37.566518	24.261177	3.755314	1.000000	1.000000	0.999801	0.000298	1.000000	1.000000	1.000056	0.000144	1.000496	0.000048	0.999500	0.000062	0.998343	0.000013	0.992032	0.000013	1356620823.106021	1.000004	37.200029	23.474072	6.881228	0.999749	0.000051	1.000000	1.000000	0.999546	0.000012	1.000067	0.000046	1.000321	0.000047	1.001350	0.000046	0.999722	0.000064	1.000000	1.000000	
1356620824.105795	1.000000	37.593307	24.291458	3.752014	1.000000	1.000000	1.000101	0.000348	1.000000	1.000000	0.999942	0.000221	0.999618	0.000047	1.000687	0.000039	0.999441	0.000048	0.999144	0.000046	1356620824.106014	0.999993	37.195631	23.493571	6.510162	1.000073	0.000068	1.000000	1.000000	1.000000	0.000056	0.999868	0.000020	1.002735	0.000011	0.998707	0.000012	0.999670	0.000036	1.000000	1.000000	
1356620825.105795	1.000000	37.603088	24.302109	3.767288	1.000000	1.000000	1.000032	0.000341	1.000000	1.000000	1.001423	0.000165	1.000395	0.000049	0.999583	0.000066	0.998822	0.000013	1.001906	0.000013	1356620825.106011	0.999997	37.209832	23.516003	6.493184	0.999840	0.000048	1.000000	1.000000	0.999641	0.000012	1.000216	0.000045	0.998340	0.000046	0.999283	0.000059	1.000328	0.000065	1.000000	1.000000	
1356620826.105795	1.000000	37.591812	24.288254	3.770737	1.000000	1.000000	0.999951	0.000404	1.000000	1.000000	0.999885	0.002123	1.000469	0.000047	1.000000	0.000039	1.000484	0.000053	1.002851	0.000048	1356620826.106014	1.000003	37.227530	23.509235	6.677332	1.000241	0.000051	1.000000	1.000000	0.997301	0.000055	0.991895	0.000022	0.992153	0.000012	0.990276	0.000012	0.996509	0.000038	1.000000	1.000000	
1356620827.105795	1.000000	37.597717	24.296387	3.759293	1.000000	1.000000	0.999978	0.000303	1.000000	1.000000	1.000024	0.000860	1.004542	0.000046	0.999147	0.000087	1.001696	0.000013	0.989588	0.000013	1356620827.106007	0.999993	37.242598	23.530497	6.420683	1.000115	0.000050	1.000000	1.000000	1.014234	0.000011	1.003587	0.000046	1.002265	0.000047	1.002636	0.000045	1.001299	0.000063	1.000000	1.000000	
1356620828.105795	1.000000	37.568451	24.265320	3.770752	1.000000	1.000000	0.999993	0.000372	1.000000	1.000000	1.000018	0.000262	0.995717	0.000047	1.002160	0.000037	0.998695	0.000047	0.999817	0.000046	1356620828.106007	1.000000	37.200851	23.494949	6.611938	0.999721	0.000051	1.000000	1.000000	0.989886	0.000056	0.998442	0.000022	1.003238	0.000011	0.999203	0.000011	1.001973	0.000038	1.000000	1.000000	
1356620829.105795	1.000000	37.609344	24.308914	3.751968	1.000000	1.000000	1.000077	0.000277	1.000000	1.000000	0.999814	0.000143	0.999497	0.000047	0.999858	0.000065	1.005627	0.000013	1.001127	0.000013	1356620829.106010	1.000003	37.240851	23.543674	6.490992	1.000147	0.000050	1.000000	1.000000	1.001346	0.000418	1.000898	0.000045	0.999892	0.000046	1.000461	0.000097	0.999632	0.000064	1.000000	1.000000	
1356620830.105795	1.000000	37.563904	24.274582	3.747787	1.000000	1.000000	0.999981	0.000391	1.000000	1.000000	1.000007	0.000208	0.999521	0.000047	1.000810	0.000039	0.991168	0.000054	0.988495	0.000048	1356620830.106010	1.000000	37.229767	23.515762	6.547714	0.999940	0.000052	1.000000	1.000000	0.999706	0.000045	0.999457	0.000021	0.998291	0.000012	0.999442	0.000012	0.999445	0.000038	1.000000	1.000000	
1356620831.105795	1.000000	37.599518	24.294510	3.759552	1.000000	1.000000	0.999930	0.000382	1.000000	1.000000	0.996837	0.000230	1.000354	0.000071	0.999619	0.000089	1.013697	0.000033	1.009687	0.000046	1356620831.106018	1.000008	37.225650	23.492791	6.634819	0.999925	0.000077	1.000000	1.000000	1.000098	0.000063	0.994475	0.000093	0.989044	0.000059	0.993614	0.000079	0.991680	0.000062	1.000000	1.000000	
1356620832.105795	1.000000	37.607178	24.305267	3.762924	1.000000	1.000000	1.000164	0.000357	1.000000	1.000000	1.001027	0.000730	0.999958	0.000046	0.999907	0.000062	0.999606	0.000047	1.001792	0.000046	1356620832.106023	1.000005	37.231534	23.501500	6.699262	1.000172	0.000052	1.000000	1.000000	1.000112	0.000073	1.017957	0.000029	1.031521	0.000021	1.024477	0.000021	1.010351	0.000051	1.000000	1.000000	
1356620833.105795	1.000000	37.623398	24.323898	3.763260	1.000000	1.000000	1.000532	0.000311	1.000000	1.000000	0.999919	0.000143	1.000126	0.000046	1.000329	0.000062	1.001172	0.000013	1.004981	0.000013	1356620833.106009	0.999986	37.237066	23.517909	6.566682	0.999869	0.000047	1.000000	1.000000	0.998875	0.000011	0.999729	0.000044	1.000179	0.000045	0.999973	0.000057	1.000067	0.000063	1.000000	1.000000	
1356620834.105795	1.000000	37.601227	24.298752	3.763199	1.000000	1.000000	0.999154	0.000346	1.000000	1.000000	1.000087	0.000177	0.999769	0.000047	0.999660	0.000039	0.999923	0.000050	0.998757	0.000047	1356620834.106009	1.000000	37.222488	23.483765	6.748398	0.999918	0.000051	1.000000	1.000000	0.999818	0.000057	0.999569	0.000021	0.999577	0.000012	0.997290	0.000012	0.999030	0.000038	1.000000	1.000000	
1356620835.105795	1.000000	37.617844	24.316162	3.759491	1.000000	1.000000	1.000593	0.000328	1.000000	1.000000	0.999946	0.000165	0.999731	0.000044	1.000443	0.000063	1.001861	0.000013	1.002555	0.000013	1356620835.106011	1.000002	37.214162	23.483232	6.769610	1.000316	0.000049	1.000000	1.000000	1.001263	0.000011	1.000240	0.000047	0.999755	0.000044	1.000683	0.000047	1.000278	0.000061	1.000000	1.000000	
1356620836.105795	1.000000	37.633087	24.331955	3.762802	1.000000	1.000000	0.999535	0.000351	1.000000	1.000000	1.000000	0.002157	1.000006	0.000061	0.999870	0.000039	0.999276	0.000047	0.999434	0.000046	1356620836.106011	1.000000	37.203827	23.482544	6.634293	0.999826	0.000051	1.000000	1.000000	0.998385	0.000088	0.991730	0.000021	0.984646	0.000011	0.986723	0.000011	0.996494	0.000038	1.000000	1.000000	
1356620837.105795	1.000000	37.646454	24.349854	3.770981	1.000000	1.000000	1.000378	0.000290	1.000000	1.000000	0.999941	0.000879	1.000107	0.000047	0.999738	0.000087	0.993168	0.000013	0.998417	0.000013	1356620837.106012	1.000001	37.237010	23.529091	6.549341	1.000098	0.000047	1.000000	1.000000	1.003515	0.000041	1.003917	0.000045	1.003158	0.000044	1.002298	0.000057	1.002537	0.000062	1.000000	1.000000	
1356620838.105795	1.000000	37.600342	24.300171	3.759262	1.000000	1.000000	0.999935	0.000363	1.000000	1.000000	1.000039	0.000178	1.000649	0.000047	0.999354	0.000037	1.003178	0.000047	0.999814	0.000048	1356620838.106012	1.000000	37.209717	23.494171	6.494385	0.999932	0.000051	1.000000	1.000000	1.000007	0.000055	0.999569	0.000021	1.005056	0.000011	0.999677	0.000012	0.999053	0.000038	1.000000	1.000000	
1356620839.105795	1.000000	37.564209	24.261795	3.759369	1.000000	1.000000	1.000413	0.000292	1.000000	1.000000	0.998938	0.000144	0.999799	0.000044	1.000145	0.000064	0.997458	0.000013	1.002627	0.000013	1356620839.106010	0.999998	37.202662	23.482726	6.500196	0.999758	0.000048	1.000000	1.000000	0.998942	0.000011	0.999830	0.000045	0.999940	0.000045	1.000680	0.000045	0.999875	0.000062	1.000000	1.000000	
1356620840.105795	1.000000	37.577713	24.292343	3.748123	1.000000	1.000000	0.999470	0.000390	1.000000	1.000000	1.000734	0.000244	0.999686	0.000047	1.000612	0.000038	0.999553	0.000046	0.999742	0.000046	1356620840.106014	1.000004	37.188494	23.492428	6.503590	1.000046	0.000050	1.000000	1.000000	0.999442	0.000057	0.998532	0.000022	0.999869	0.000012	0.996196	0.000011	1.000663	0.000037	1.000000	1.000000	
1356620841.105795	1.000000	37.563522	24.262711	3.771332	1.000000	1.000000	0.999773	0.000299	1.000000	1.000000	0.999949	0.000144	0.999909	0.000047	0.999839	0.000065	0.999479	0.000013	0.996528	0.000013	1356620841.106013	0.999999	37.191747	23.502113	6.452307	1.000066	0.000047	1.000000	1.000000	1.003126	0.000012	1.000759	0.000044	1.000070	0.000044	1.000594	0.000053	0.999375	0.000060	1.000000	1.000000	
1356620842.105795	1.000000	38.461349	25.158920	3.754868	1.000000	1.000000	1.000008	0.003433	1.000000	1.000001	0.999995	0.003419	0.999999	0.002870	0.999989	0.002908	0.999817	0.002776	0.999824	0.002801	1356620842.105996	0.999983	40.101845	26.398274	6.644964	0.999994	0.002886	1.000000	1.000000	0.999826	0.002906	0.999812	0.002869	0.999815	0.002740	0.999869	0.002827	1.000004	0.003661	1.000000	1.000000	
1356620843.105795	1.000000	37.605743	24.302216	3.755646	1.000000	1.000000	0.999924	0.000306	1.000000	1.000000	1.000024	0.000161	1.002153	0.000056	1.000261	0.000078	1.025643	0.000022	1.023308	0.000023	1356620843.106011	1.000015	37.218084	23.512571	6.580544	1.000156	0.000062	1.000000	1.000000	1.080597	0.000006	1.000349	0.000039	0.995814	0.000039	0.995844	0.000039	0.992141	0.000060	1.000000	1.000000	
1356620844.105795	1.000000	37.576950	24.274872	3.767075	1.000000	1.000000	1.000738	0.000343	1.000000	1.000000	0.999904	0.000184	0.997205	0.000047	0.999961	0.000039	0.998443	0.000044	1.000287	0.000043	1356620844.106013	1.000002	37.209707	23.502076	6.569552	0.999867	0.000052	1.000000	1.000000	0.999932	0.000073	1.017349	0.000030	1.031022	0.000021	1.026501	0.000021	1.009526	0.000051	1.000000	1.000000	
1356620845.105795	1.000000	37.626297	24.328308	3.759644	1.000000	1.000000	0.999978	0.000340	1.000000	1.000000	1.000056	0.000165	0.999332	0.000046	1.000206	0.000066	1.002272	0.000013	0.992026	0.000013	1356620845.106009	0.999996	37.211714	23.511280	6.393306	1.000268	0.000049	1.000000	1.000000	1.000130	0.000012	0.999949	0.000046	0.986323	0.000047	1.000115	0.000054	0.999898	0.000064	1.000000	1.000000	
1356620846.105795	1.000000	37.639389	24.337799	3.770660	1.000000	1.000000	0.999989	0.000345	1.000000	1.000000	0.999978	0.002116	1.002453	0.000047	1.001849	0.000038	0.999421	0.000049	1.001625	0.000048	1356620846.106008	0.999999	37.216924	23.504188	6.588431	0.999764	0.000052	1.000000	1.000000	0.997334	0.000055	0.991621	0.000021	1.015996	0.000032	0.983749	0.000012	0.995813	0.000037	1.000000	1.000000	
1356620847.105795	1.000000	37.592224	24.288177	3.766556	1.000000	1.000000	1.000050	0.000299	1.000000	1.000000	0.999994	0.000435	0.998298	0.000045	0.998979	0.000087	1.001329	0.000014	1.003507	0.000013	1356620847.106010	1.000002	37.186514	23.484834	6.590518	1.000016	0.000049	1.000000	1.000000	1.013143	0.000011	1.003903	0.000046	1.002814	0.000047	1.003353	0.000046	1.002493	0.000063	1.000000	1.000000	
1356620848.105795	1.000000	37.579773	24.277390	3.759430	0.999999	1.000000	0.999940	0.000366	1.000000	1.000000	1.000247	0.000189	0.999417	0.000047	1.000376	0.000037	0.999909	0.000047	0.998540	0.000046	1356620848.106019	1.000009	37.192946	23.490937	6.631974	1.000128	0.000051	1.000000	1.000000	0.999544	0.000057	0.999321	0.000022	1.000248	0.000011	0.997632	0.000011	1.000327	0.000038	1.000000	1.000000	
1356620849.105795	1.000000	37.535889	24.248337	3.759048	1.000001	1.000000	0.999241	0.000280	1.000000	1.000000	0.999741	0.000143	1.000234	0.000046	1.000060	0.000065	0.999770	0.000013	0.999884	0.000013	1356620849.106012	0.999993	37.172178	23.461481	6.675827	0.999660	0.000048	1.000000	1.000000	1.001515	0.000012	1.000060	0.000045	1.000077	0.000045	1.000479	0.000063	0.999344	0.000063	1.000000	1.000000	
1356620850.105795	1.000000	37.577621	24.277573	3.751434	1.000000	1.000000	0.999947	0.000391	1.000000	1.000000	1.000090	0.000206	1.003087	0.000047	0.999613	0.000038	1.003013	0.000052	1.000936	0.000048	1356620850.106015	1.000003	37.214957	23.498020	6.573847	1.000190	0.000051	1.000000	1.000000	1.000121	0.000054	1.000469	0.000021	0.997861	0.000012	0.998970	0.000012	1.001664	0.000038	1.000000	1.000000	
1356620851.105794	0.999999	37.590612	24.288018	3.767063	1.000000	1.000000	1.000058	0.000311	1.000000	1.000000	1.000067	0.000144	0.996823	0.000045	1.000149	0.000065	0.989407	0.000013	1.001215	0.000013	1356620851.106015	1.000000	37.215500	23.491379	6.608063	0.999817	0.000048	1.000000	1.000000	1.000195	0.000012	0.999251	0.000045	1.000060	0.000045	1.000000	0.000046	0.999395	0.000062	1.000000	1.000000	
1356620852.105795	1.000001	37.594492	24.293419	3.759472	1.000000	1.000000	1.000630	0.000354	1.000000	1.000000	0.999933	0.000481	1.000302	0.000046	0.999755	0.000061	1.000000	0.000047	0.999184	0.000046	1356620852.106013	0.999998	37.180415	23.474929	6.553418	1.000129	0.000051	1.000000	1.000000	0.999887	0.000055	1.001318	0.000021	1.000771	0.000012	1.002963	0.000011	1.000000	0.000038	1.000000	1.000000	
1356620853.105795	1.000000	37.543060	24.237656	3.758942	1.000000	1.000000	0.999754	0.000299	1.000000	1.000000	0.999851	0.000176	0.999706	0.000046	1.000262	0.000063	0.998332	0.000013	1.000740	0.000014	1356620853.106012	0.999999	37.187459	23.463447	6.742408	0.999711	0.000048	1.000000	1.000000	0.999643	0.000012	0.999941	0.000046	1.000134	0.000046	0.999462	0.000059	1.000018	0.000063	1.000000	1.000000	
1356620854.105795	1.000000	37.598053	24.296249	3.763367	1.000000	1.000000	0.999490	0.000346	1.000000	1.000000	1.000250	0.000178	1.002506	0.000048	0.999049	0.000039	0.991728	0.000053	0.989060	0.000048	1356620854.106015	1.000003	37.185172	23.473301	6.575968	0.999821	0.000052	1.000000	1.000000	0.999876	0.000053	0.999492	0.000020	0.998609	0.000012	1.002664	0.000011	0.999642	0.000038	1.000000	1.000000	
1356620855.105795	1.000000	37.574814	24.271423	3.770706	1.000000	1.000000	1.000363	0.000354	1.000000	1.000000	1.000006	0.000182	0.995832	0.000059	1.000487	0.000078	1.015524	0.000028	1.018437	0.000028	1356620855.106009	0.999994	37.172066	23.458880	6.691812	1.000307	0.000065	1.000000	1.000000	0.998255	0.000012	0.989407	0.000045	0.985766	0.000045	0.988011	0.000046	0.992343	0.000062	1.000000	1.000000	
1356620856.105795	1.000000	37.608002	24.309738	3.763245	1.000000	1.000000	1.000197	0.000350	1.000000	1.000000	0.999997	0.002118	1.003032	0.000047	1.003327	0.000039	0.998509	0.000047	0.999244	0.000045	1356620856.106006	0.999997	37.208001	23.516827	6.349324	0.999835	0.000052	1.000000	1.000000	0.998256	0.000070	1.010577	0.000031	1.022662	0.000021	1.018143	0.000021	1.006811	0.000052	1.000000	1.000000	
1356620857.105795	1.000000	37.562424	24.274231	3.759445	1.000000	0.999999	1.000002	0.000312	1.000000	1.000000	0.999988	0.000433	0.999927	0.000047	0.998310	0.000087	1.006996	0.000014	1.001710	0.000013	1356620857.106018	1.000012	37.163040	23.468089	6.621351	1.000082	0.000047	1.000000	1.000000	1.009835	0.000012	1.003363	0.000044	1.003798	0.000044	1.002461	0.000058	1.002756	0.000062	1.000000	1.000000	
1356620858.105795	1.000000	37.596344	24.295883	3.767303	1.000000	1.000001	0.999938	0.000444	1.000000	1.000000	0.999933	0.000190	0.999810	0.000110	0.999610	0.000037	0.999630	0.000053	1.000202	0.000048	1356620858.106015	0.999997	37.223886	23.502926	6.568105	0.999964	0.000213	1.000000	1.000000	1.000150	0.000156	1.000044	0.000133	0.999975	0.000061	0.997812	0.000011	1.000020	0.000038	1.000000	1.000000	
1356620859.105795	1.000000	37.570099	24.270065	3.770935	1.000000	1.000000	1.000045	0.000308	1.000000	1.000000	1.000067	0.000143	1.000464	0.000056	1.000047	0.000065	1.000778	0.000013	1.000609	0.000013	1356620859.106008	0.999993	37.223326	23.512049	6.429442	0.999949	0.000061	1.000000	1.000000	0.999994	0.000420	1.000064	0.000036	1.000156	0.000037	1.000543	0.000045	0.999268	0.000062	1.000000	1.000000	
1356620860.105795	1.000000	37.575027	24.272995	3.770401	1.000000	1.000000	0.999991	0.000383	1.000000	1.000000	0.999984	0.000211	1.000025	0.000047	1.000440	0.000039	0.999638	0.000047	0.999077	0.000046	1356620860.106011	1.000003	37.178870	23.467396	6.523341	0.999908	0.000050	1.000000	1.000000	0.999968	0.000048	0.999627	0.000022	0.998638	0.000012	1.001287	0.000012	1.000298	0.000038	1.000000	1.000000	
1356620861.105795	1.000000	37.578964	24.277649	3.763107	1.000000	1.000000	0.999492	0.000299	1.000000	1.000000	0.999995	0.000145	0.999952	0.000048	0.999862	0.000064	1.003585	0.000013	1.001914	0.000013	1356620861.106018	1.000007	37.176623	23.450338	6.750197	1.000242	0.000048	1.000000	1.000000	0.999754	0.000011	0.999365	0.000045	1.000236	0.000044	0.999445	0.000054	0.999937	0.000061	1.000000	1.000000	
1356620862.105795	1.000000	37.564285	24.260864	3.755066	1.000000	1.000000	0.999800	0.000347	1.000000	1.000001	0.999991	0.000477	0.998834	0.000047	0.999542	0.000061	1.001053	0.000049	1.000904	0.000048	1356620862.106008	0.999990	37.188300	23.448843	6.740363	0.999804	0.000051	1.000000	1.000000	0.999979	0.000056	1.000765	0.000022	0.998751	0.000012	1.002070	0.000011	0.999007	0.000038	1.000000	1.000000	
1356620863.105795	1.000000	37.575760	24.278717	3.763245	1.000000	1.000000	1.000610	0.000311	1.000000	1.000000	1.000889	0.000144	1.001964	0.000045	1.000518	0.000062	0.993153	0.000013	0.998866	0.000013	1356620863.106011	1.000003	37.202308	23.479145	6.669382	0.999888	0.000048	1.000000	1.000000	1.000033	0.000012	0.999290	0.000046	0.999727	0.000045	0.999420	0.000045	1.000353	0.000061	1.000000	1.000000	
1356620864.105795	1.000000	37.588318	24.289841	3.767029	1.000000	1.000000	0.999465	0.000346	1.000000	1.000000	0.999375	0.000219	0.998824	0.000047	0.999833	0.000039	1.000405	0.000048	0.997430	0.000046	1356620864.106022	1.000011	37.160664	23.446139	6.729464	0.999645	0.000051	1.000000	1.000000	0.999850	0.000057	1.004282	0.000020	1.001376	0.000012	1.002680	0.000011	1.000214	0.000038	1.000000	1.000000	
1356620865.105795	1.000000	37.605865	24.312653	3.751938	1.000000	1.000000	0.999986	0.000328	1.000000	1.000000	0.999970	0.000165	1.000272	0.000045	1.003073	0.000064	0.999799	0.000013	1.008186	0.000013	1356620865.106008	0.999986	37.188374	23.475352	6.479721	1.000199	0.000066	1.000000	1.000000	1.000640	0.000012	0.998611	0.000044	1.000349	0.000044	0.999914	0.000135	1.000043	0.000063	1.000000	1.000000	
1356620866.105795	1.000000	37.589722	24.287827	3.747711	1.000000	1.000000	1.000600	0.000357	1.000000	1.000000	0.999997	0.002121	1.000126	0.000046	0.997095	0.000038	0.990271	0.000050	0.990207	0.000048	1356620866.106012	1.000004	37.173403	23.437802	6.701267	1.000111	0.000052	1.000000	1.000000	0.997302	0.000056	0.994027	0.000021	0.988097	0.000012	0.989629	0.000012	0.996142	0.000038	1.000000	1.000000	
1356620867.105795	1.000000	37.956299	24.666321	3.769730	1.000000	1.000000	0.999995	0.003416	1.000000	1.000000	0.999998	0.003808	1.000006	0.002808	0.999971	0.002764	1.000165	0.002674	1.000147	0.002601	1356620867.106019	1.000007	37.289446	23.572850	6.567734	0.999994	0.002668	1.000000	1.000000	1.000046	0.002664	0.999859	0.002613	0.999828	0.002708	0.999860	0.002698	0.999908	0.003807	1.000000	1.000000	
1356620868.105795	1.000000	37.542694	24.237640	3.763428	1.000000	1.000000	0.999332	0.000356	1.000000	1.000000	0.999809	0.000182	0.998952	0.000046	0.999958	0.000037	1.000467	0.000042	1.001864	0.000037	1356620868.106014	0.999995	37.179431	23.459087	6.573779	1.000314	0.000050	1.000000	1.000000	1.000350	0.000067	1.015643	0.000030	1.027336	0.000021	1.023631	0.000021	1.009936	0.000052	1.000000	1.000000	
1356620869.105795	1.000000	37.580719	24.280090	3.755859	1.000000	1.000000	0.999964	0.000293	1.000000	1.000000	1.000481	0.000143	0.999893	0.000047	0.999580	0.000064	1.000835	0.000013	0.999622	0.000013	1356620869.106006	0.999992	37.181408	23.462043	6.649544	0.999866	0.000049	1.000000	1.000000	0.999129	0.000012	1.000785	0.000043	1.000736	0.000044	1.000236	0.000090	1.000101	0.000061	1.000000	1.000000	
1356620870.105795	1.000000	37.592834	24.291794	3.770813	1.000000	1.000000	1.000031	0.000390	1.000000	1.000000	0.999613	0.000239	0.999057	0.000047	0.998065	0.000039	0.999082	0.000048	0.999826	0.000049	1356620870.106012	1.000006	37.184517	23.465497	6.633963	0.999886	0.000051	1.000000	1.000000	0.999973	0.000057	1.000290	0.000020	1.000621	0.000011	0.998908	0.000011	0.999387	0.000037	1.000000	1.000000	
1356620871.105795	1.000000	37.577682	24.274933	3.759506	1.000000	1.000000	0.999895	0.000300	1.000000	1.000000	1.000209	0.000144	1.001505	0.000045	1.001191	0.000065	1.002291	0.000013	0.999798	0.000013	1356620871.106015	1.000003	37.159919	23.453907	6.538111	1.000156	0.000049	1.000000	1.000000	0.999935	0.000012	0.999527	0.000046	0.999468	0.000046	0.999554	0.000047	0.999976	0.000064	1.000000	1.000000	
1356620872.105795	1.000000	37.566177	24.264297	3.759430	1.000000	1.000000	0.999999	0.000347	1.000000	1.000000	1.000013	0.000516	0.999204	0.000062	1.000170	0.000061	0.999321	0.000047	1.000100	0.000046	1356620872.106014	0.999999	37.219625	23.506828	6.433417	0.999909	0.000051	1.000000	1.000000	0.999499	0.000057	1.000974	0.000021	1.001485	0.000011	1.000926	0.000011	0.999186	0.000038	1.000000	1.000000	
1356620873.105795	1.000000	37.528839	24.224884	3.767090	1.000000	1.000000	1.000426	0.000300	1.000000	0.999999	1.001233	0.000143	1.002063	0.000047	0.999089	0.000064	1.002052	0.000013	1.000752	0.000013	1356620873.106008	0.999994	37.194268	23.477740	6.608331	0.999805	0.000049	1.000000	1.000000	1.002083	0.000012	0.999932	0.000045	0.999705	0.000044	1.000346	0.000136	1.000131	0.000065	1.000000	1.000000	
1356620874.105795	1.000000	37.538025	24.234726	3.759232	1.000000	1.000000	1.000305	0.000347	1.000000	1.000000	0.999099	0.000178	0.998622	0.000045	1.001000	0.000039	1.000028	0.000054	0.999186	0.000048	1356620874.106013	1.000005	37.200635	23.476674	6.619336	1.000150	0.000051	1.000000	1.000000	1.000129	0.000054	1.000494	0.000021	1.001930	0.000012	0.995674	0.000012	0.999351	0.000037	1.000000	1.000000	
1356620875.105795	1.000000	37.564056	24.261963	3.759094	1.000000	1.000000	0.999338	0.000334	1.000000	1.000000	0.999916	0.000165	0.997962	0.000045	1.000158	0.000063	0.998933	0.000013	1.003333	0.000013	1356620875.106009	0.999996	37.161268	23.429203	6.771222	1.000016	0.000048	1.000000	1.000000	0.999383	0.000012	0.999423	0.000045	0.985593	0.000046	1.000527	0.000046	1.000485	0.000063	1.000000	1.000000	
1356620876.105795	1.000000	37.536331	24.247269	3.758911	1.000000	1.000000	0.999943	0.000341	1.000000	1.000000	1.000001	0.002127	1.002511	0.000047	0.996762	0.000038	0.999804	0.000047	1.000150	0.000046	1356620876.106017	1.000008	37.172794	23.438576	6.688224	0.999848	0.000051	1.000000	1.000000	0.997396	0.000056	0.992885	0.000021	1.015131	0.000032	0.988161	0.000011	0.995961	0.000038	1.000000	1.000000	
1356620877.105794	0.999999	37.569555	24.271294	3.755634	1.000000	1.000000	0.999983	0.000300	1.000000	1.000000	0.999886	0.000431	0.998757	0.000047	1.001439	0.000088	0.997618	0.000013	0.998556	0.000013	1356620877.106010	0.999993	37.173399	23.448771	6.714234	0.999751	0.000048	1.000000	1.000000	1.012160	0.000012	1.003465	0.000046	1.003529	0.000046	1.000983	0.000102	1.002565	0.000065	1.000000	1.000000	
1356620878.105795	1.000001	37.553797	24.254417	3.767208	1.000000	1.000000	1.000048	0.000366	1.000000	1.000000	1.000052	0.000178	1.001467	0.000047	0.998732	0.000036	0.991614	0.000052	0.990081	0.000048	1356620878.106013	1.000003	37.151359	23.440937	6.633784	1.000150	0.000051	1.000000	1.000000	0.999864	0.000054	1.000223	0.000021	0.999263	0.000012	1.002055	0.000012	0.999453	0.000038	1.000000	1.000000	
1356620879.105795	1.000000	37.581284	24.281357	3.751801	1.000000	1.000000	0.999871	0.000296	1.000000	1.000000	1.000136	0.000162	0.999637	0.000058	0.999431	0.000078	1.018097	0.000028	1.019402	0.000028	1356620879.106007	0.999994	37.169106	23.449511	6.528802	1.000191	0.000062	1.000000	1.000000	0.999789	0.000011	0.988842	0.000044	0.986885	0.000046	0.988613	0.000046	0.992433	0.000064	1.000000	1.000000	
1356620880.105795	1.000000	37.554672	24.254395	3.762711	1.000000	1.000000	1.000512	0.000388	1.000000	1.000000	0.999755	0.000212	1.000269	0.000047	1.001879	0.000038	0.999523	0.000046	0.998344	0.000045	1356620880.106010	1.000003	37.162681	23.435978	6.732279	0.999251	0.000052	1.000000	1.000000	0.999983	0.000070	1.016928	0.000029	1.029501	0.000021	1.022883	0.000021	1.009779	0.000051	1.000000	1.000000	
1356620881.105795	1.000000	37.586090	24.285797	3.766815	1.000000	1.000000	1.001694	0.000330	1.000000	1.000000	1.000284	0.000142	0.999654	0.000047	1.000222	0.000064	0.998965	0.000013	0.999593	0.000013	1356620881.106013	1.000003	37.170768	23.450458	6.608302	1.000527	0.000047	1.000000	1.000000	1.000680	0.000012	0.999703	0.000043	0.999822	0.000045	1.000562	0.000058	0.999938	0.000062	1.000000	1.000000	
1356620882.105795	1.000000	37.612167	24.314224	3.763504	1.000000	1.000000	0.998661	0.000580	1.000000	1.000000	0.999976	0.000643	0.999847	0.000045	0.999811	0.000061	0.999610	0.000053	1.002700	0.000047	1356620882.106015	1.000002	37.192205	23.475938	6.384067	0.999714	0.000051	1.000000	1.000000	0.999799	0.000082	0.999113	0.000020	1.001816	0.000011	0.999092	0.000011	0.999906	0.000037	1.000000	1.000000	
1356620883.105795	1.000000	37.583755	24.283463	3.759460	0.999999	1.000000	1.001765	0.000299	1.000000	1.000000	0.999957	0.000144	0.998087	0.000044	1.003159	0.000062	1.002363	0.000013	0.991840	0.000013	1356620883.106016	1.000001	37.184932	23.455544	6.774255	1.000072	0.000048	1.000000	1.000000	1.000781	0.000012	1.000336	0.000045	1.000017	0.000045	1.000825	0.000045	0.999903	0.000064	1.000000	1.000000	
1356620884.105795	1.000000	37.570587	24.272522	3.770264	1.000000	1.000001	1.000032	0.000341	1.000001	1.000001	1.000048	0.000193	1.001489	0.000047	0.994978	0.000039	0.999606	0.000047	0.999088	0.000046	1356620884.106010	0.999994	37.175148	23.446002	6.718546	0.999978	0.000051	1.000000	1.000000	0.999923	0.000055	0.999925	0.000021	0.996973	0.000012	0.997494	0.000012	1.000397	0.000037	1.000000	1.000000	
1356620885.105795	1.000000	37.529617	24.243317	3.755646	1.000000	1.000000	0.998314	0.000327	1.000000	1.000000	0.999913	0.000165	1.000737	0.000044	1.000108	0.000064	1.002438	0.000013	1.002585	0.000013	1356620885.106010	1.000000	37.204544	23.482422	6.542130	1.000123	0.000047	1.000000	1.000000	1.000749	0.000012	0.999912	0.000044	1.000253	0.000044	1.000365	0.000057	0.999678	0.000062	1.000000	1.000000	
1356620886.105795	1.000000	37.594849	24.294189	3.755127	1.000000	1.000000	1.000243	0.000345	1.000000	1.000000	1.000007	0.002145	0.997984	0.000046	0.998711	0.000038	0.998867	0.000047	0.999632	0.000047	1356620886.106014	1.000004	37.191210	23.450924	6.826632	1.000030	0.000051	1.000000	1.000000	0.997330	0.000054	0.988788	0.000021	0.989420	0.000012	0.984144	0.000011	0.996366	0.000038	1.000000	1.000000	
1356620887.105795	1.000000	37.578506	24.276581	3.763687	1.000000	1.000000	0.999965	0.000345	1.000000	1.000000	0.999981	0.000865	1.001730	0.000044	1.000797	0.000087	1.000086	0.000013	1.000093	0.000050	1356620887.106010	0.999996	37.147596	23.441486	6.579601	0.999820	0.000071	1.000000	1.000000	1.010487	0.000012	1.005568	0.000045	1.003056	0.000045	1.003173	0.000046	1.001854	0.000060	1.000000	1.000000	
1356620888.105795	1.000000	37.560547	24.259354	3.763077	1.000000	1.000000	0.999700	0.000363	1.000000	1.000000	0.999964	0.000182	1.000389	0.000048	0.999545	0.000036	1.001123	0.000046	1.000246	0.000041	1356620888.106011	1.000001	37.187953	23.458886	6.678827	1.000226	0.000050	1.000000	1.000000	0.989651	0.000057	0.999551	0.000021	0.999448	0.000012	0.999545	0.000011	1.001755	0.000037	1.000000	1.000000	
1356620889.105794	0.999999	37.563772	24.264076	3.767170	1.000000	1.000000	1.000048	0.000364	1.000000	1.000000	1.000434	0.000144	1.001164	0.000046	0.999542	0.000064	0.999569	0.000013	0.998816	0.000013	1356620889.106014	1.000003	37.206748	23.491535	6.469142	0.999843	0.000047	1.000000	1.000000	1.001425	0.000421	0.999991	0.000045	1.000256	0.000044	1.000284	0.000057	0.998982	0.000061	1.000000	1.000000	
1356620890.105795	1.000001	37.577372	24.277549	3.762829	1.000000	1.000000	1.000655	0.000393	0.999999	1.000000	0.999435	0.000203	0.998405	0.000045	1.000444	0.000038	0.988854	0.000047	0.989412	0.000049	1356620890.106019	1.000005	37.202542	23.476399	6.711011	0.999925	0.000051	1.000000	1.000000	0.999957	0.000045	1.000299	0.000021	0.999649	0.000011	0.999199	0.000011	0.999754	0.000038	1.000000	1.000000	
1356620891.105795	1.000000	37.563217	24.262543	3.755600	1.000000	1.000000	1.000988	0.000329	1.000000	1.000000	0.995890	0.000162	1.000291	0.000058	0.999955	0.000077	1.019123	0.000028	1.017317	0.000028	1356620891.106011	0.999992	37.206753	23.481681	6.590736	0.999913	0.000062	1.000000	1.000000	0.997434	0.000012	0.987639	0.000045	0.986059	0.000045	0.989205	0.000046	0.992623	0.000060	1.000000	1.000000	
1356620892.105795	1.000000	39.758972	26.455978	3.770218	1.000000	1.000000	0.999829	0.003382	1.000000	1.000000	1.000195	0.003779	0.999868	0.002949	0.999998	0.002921	0.999845	0.002791	0.999795	0.002884	1356620892.105952	0.999941	38.358857	24.637575	6.602165	0.999996	0.002948	1.000000	1.000000	0.999837	0.002911	1.000197	0.002855	1.000213	0.002874	1.000010	0.002789	1.000140	0.003728	1.000000	1.000000	
1356620893.105795	1.000000	37.569595	24.267395	3.759613	1.000000	1.000000	1.002198	0.000328	1.000000	1.000000	0.999874	0.000144	1.008917	0.000042	1.000358	0.000064	1.051760	0.000007	1.082634	0.000008	1356620893.106012	1.000060	37.210106	23.486641	6.612258	1.000164	0.000047	1.000000	1.000000	1.080321	0.000006	0.999752	0.000037	1.000235	0.000038	1.010569	0.000044	0.999266	0.000063	1.000000	1.000000	
1356620894.105795	1.000000	37.504105	24.211121	3.747894	1.000000	1.000000	0.999362	0.000336	1.000000	1.000000	0.999961	0.000178	0.999454	0.000046	0.998243	0.000038	0.999511	0.000053	1.000672	0.000056	1356620894.106008	0.999996	37.154936	23.426532	6.839933	0.999894	0.000051	1.000000	1.000000	0.999934	0.000058	1.000217	0.000021	0.999859	0.000011	1.002425	0.000012	0.999521	0.000038	1.000000	1.000000	
1356620895.105795	1.000000	37.557266	24.254089	3.755737	1.000000	1.000000	0.999066	0.000342	1.000000	1.000000	1.000030	0.000165	1.000309	0.000045	1.000578	0.000064	0.992545	0.000013	0.997308	0.000013	1356620895.106011	1.000003	37.177436	23.463627	6.577662	1.000069	0.000051	1.000000	1.000000	1.000000	0.000012	1.000603	0.000046	1.000109	0.000046	0.999614	0.000048	1.000898	0.000063	1.000000	1.000000	
1356620896.105795	1.000000	37.449539	24.141373	3.762970	1.000000	1.000000	0.999962	0.000336	1.000000	1.000000	0.999992	0.002207	1.000073	0.000048	0.999872	0.000039	1.002948	0.000048	0.999975	0.000046	1356620896.106019	1.000008	37.178547	23.470650	6.597053	0.999924	0.000051	1.000000	1.000000	0.998337	0.000088	0.989865	0.000021	0.988021	0.000012	0.985640	0.000012	0.995120	0.000038	1.000000	1.000000	
1356620897.105795	1.000000	37.542236	24.237762	3.770737	1.000000	1.000000	1.000023	0.000300	1.000000	1.000000	1.000149	0.000879	1.000373	0.000047	0.999987	0.000087	1.000547	0.000013	0.996960	0.000013	1356620897.106010	0.999991	37.191575	23.484557	6.516539	1.000032	0.000049	1.000000	1.000000	1.003544	0.000041	1.004123	0.000046	1.002451	0.000046	1.002810	0.000059	1.002345	0.000066	1.000000	1.000000	
1356620898.105795	1.000000	37.498108	24.191513	3.770950	1.000000	1.000000	0.999718	0.000365	1.000000	1.000000	0.999253	0.000177	0.999037	0.000046	1.000682	0.000037	1.000261	0.000047	1.000628	0.000048	1356620898.106015	1.000005	37.202191	23.473698	6.615400	0.999956	0.000052	1.000000	1.000000	0.999397	0.000056	0.999518	0.000020	1.002753	0.000012	0.999442	0.000011	0.999916	0.000037	1.000000	1.000000	
1356620899.105795	1.000000	37.578140	24.275742	3.755737	1.000000	1.000000	0.999578	0.000292	0.999999	0.999999	0.999871	0.000144	1.001144	0.000044	0.999648	0.000064	0.999884	0.000013	0.994131	0.000013	1356620899.106010	0.999995	37.195590	23.495693	6.467379	1.000079	0.000049	1.000000	1.000000	1.002937	0.000011	0.999911	0.000047	1.000017	0.000045	1.000042	0.000046	1.000055	0.000063	1.000000	1.000000	
1356620900.105795	1.000000	37.585281	24.279327	3.755539	1.000000	1.000001	0.999947	0.000390	1.000000	1.000001	1.000108	0.000218	0.999811	0.000047	1.000110	0.000039	0.999639	0.000047	1.002622	0.000046	1356620900.106009	0.999999	37.165166	23.432929	6.743277	0.999985	0.000051	1.000000	1.000000	0.999986	0.000055	1.000095	0.000020	0.997021	0.000012	0.999300	0.000011	0.999723	0.000038	1.000000	1.000000	
1356620901.105795	1.000000	37.576874	24.274948	3.770813	1.000000	1.000000	1.001807	0.000298	1.000000	1.000000	1.001516	0.000143	0.998587	0.000047	0.999809	0.000065	1.004057	0.000013	0.998395	0.000013	1356620901.106010	1.000001	37.120799	23.429375	6.575967	0.999945	0.000049	1.000000	1.000000	1.000174	0.000011	1.000286	0.000046	1.000470	0.000044	1.000950	0.000056	0.999920	0.000062	1.000000	1.000000	
1356620902.105795	1.000000	37.616440	24.315109	3.759644	1.000000	1.000000	0.999141	0.000349	1.000000	1.000000	0.999512	0.000477	1.003743	0.000046	1.000202	0.000061	0.988644	0.000054	0.988664	0.000049	1356620902.106011	1.000001	37.169688	23.466713	6.398126	0.999902	0.000051	1.000000	1.000000	1.000007	0.000055	0.998956	0.000021	0.998422	0.000012	0.995471	0.000011	0.999959	0.000038	1.000000	1.000000	
1356620903.105795	1.000000	37.612793	24.309692	3.770813	1.000000	1.000000	1.001642	0.000313	1.000000	1.000000	1.000112	0.000162	0.997756	0.000059	1.000222	0.000076	1.019880	0.000028	1.020961	0.000028	1356620903.106008	0.999997	37.169732	23.455654	6.748663	0.999982	0.000064	1.000000	1.000000	0.999259	0.000011	0.988991	0.000046	0.986485	0.000047	0.989320	0.000045	0.991912	0.000064	1.000000	1.000000	
1356620904.105795	1.000000	37.592102	24.287170	3.762939	1.000000	1.000000	0.999980	0.000346	1.000000	1.000000	0.999918	0.000188	1.000074	0.000047	1.000392	0.000038	1.000098	0.000047	0.999269	0.000045	1356620904.106008	1.000000	37.153900	23.434662	6.732574	1.000066	0.000053	1.000000	1.000000	1.000028	0.000069	1.016565	0.000030	1.032882	0.000021	1.024613	0.000021	1.010451	0.000052	1.000000	1.000000	
1356620905.105795	1.000000	37.534424	24.242310	3.751556	1.000000	1.000000	0.997770	0.000340	1.000000	1.000000	0.999853	0.000165	1.002610	0.000045	1.001136	0.000065	1.000729	0.000013	0.996754	0.000014	1356620905.106009	1.000001	37.188426	23.455040	6.884072	0.999716	0.000049	1.000000	1.000000	1.000421	0.000011	1.000512	0.000044	0.985984	0.000047	0.999938	0.000056	0.999833	0.000062	1.000000	1.000000	
1356620906.105795	1.000000	37.607529	24.304596	3.759491	1.000000	1.000000	0.999949	0.000341	1.000000	1.000000	0.999998	0.004845	0.997825	0.000047	0.996863	0.000039	0.999480	0.000053	1.000428	0.000048	1356620906.106013	1.000004	37.178682	23.463024	6.632084	1.000209	0.000052	1.000000	1.000000	0.997250	0.000055	0.991399	0.000021	1.014913	0.000032	0.994670	0.000011	0.994566	0.000038	1.000000	1.000000	
1356620907.105795	1.000000	37.579788	24.281876	3.759537	1.000000	1.000000	1.000242	0.000300	1.000000	1.000000	1.000052	0.000430	0.999783	0.000044	0.999717	0.000086	0.998802	0.000014	0.999448	0.000013	1356620907.106007	0.999994	37.163277	23.457263	6.548760	1.000117	0.000049	1.000000	1.000000	1.013176	0.000011	1.003674	0.000046	1.003376	0.000046	1.001780	0.000044	1.002730	0.000063	1.000000	1.000000	
1356620908.105794	0.999999	37.611166	24.312203	3.770618	1.000000	1.000000	0.999831	0.000365	1.000000	1.000000	0.999790	0.000221	1.000068	0.000045	1.005136	0.000036	0.999841	0.000046	1.000085	0.000046	1356620908.106014	1.000007	37.170397	23.464651	6.612839	0.999901	0.000051	1.000000	1.000000	0.999964	0.000053	1.000117	0.000020	1.000389	0.000011	0.994171	0.000011	1.000634	0.000038	1.000000	1.000000	
1356620909.105795	1.000001	37.577876	24.277488	3.763027	1.000000	1.000000	1.000344	0.000314	1.000000	1.000000	1.000102	0.000143	0.999622	0.000049	0.996641	0.000065	1.002833	0.000013	1.000469	0.000013	1356620909.106009	0.999995	37.118472	23.401149	6.796665	1.000122	0.000047	1.000000	1.000000	0.999708	0.000012	0.999965	0.000044	0.999966	0.000045	0.999837	0.000057	0.999810	0.000063	1.000000	1.000000	
1356620910.105795	1.000000	37.618347	24.319565	3.763412	1.000000	1.000000	0.999584	0.000378	1.000000	1.000000	0.999994	0.000205	1.000283	0.000048	1.001705	0.000038	0.999809	0.000050	0.999593	0.000047	1356620910.106004	0.999995	37.186267	23.468776	6.589907	0.999833	0.000051	1.000000	1.000000	1.000050	0.000054	0.999542	0.000021	1.000000	0.000012	1.004044	0.000012	0.999538	0.000038	1.000000	1.000000	
1356620911.105795	1.000000	37.582291	24.287216	3.770660	1.000000	1.000000	1.002515	0.000310	1.000000	1.000000	0.999936	0.000144	0.999412	0.000045	1.000134	0.000063	0.996874	0.000013	0.999971	0.000013	1356620911.106012	1.000008	37.170078	23.459344	6.627174	1.000072	0.000048	1.000000	1.000000	0.999894	0.000011	0.999903	0.000044	0.999854	0.000045	1.000146	0.000045	0.999872	0.000060	1.000000	1.000000	
1356620912.105794	0.999999	37.578252	24.282631	3.759205	1.000000	1.000000	0.997814	0.000347	1.000000	1.000000	1.000032	0.000476	1.000530	0.000046	0.999506	0.000061	0.999807	0.000046	1.000085	0.000045	1356620912.106008	0.999996	37.166761	23.452076	6.661297	0.999977	0.000051	1.000000	1.000000	0.999979	0.000054	1.000170	0.000020	1.000456	0.000011	0.999895	0.000011	1.001333	0.000037	1.000000	1.000000	
1356620913.105795	1.000001	37.561823	24.262489	3.766842	1.000000	1.000000	1.001508	0.000316	0.999999	0.999999	0.999871	0.000143	0.999599	0.000048	1.000724	0.000062	1.005883	0.000013	1.009603	0.000013	1356620913.106011	1.000003	37.146095	23.430347	6.841287	0.999704	0.000047	1.000000	1.000000	1.000292	0.000012	1.000235	0.000044	0.999922	0.000044	0.999857	0.000057	0.999422	0.000061	1.000000	1.000000	
1356620914.105801	1.000006	23.557812	10.332504	2.500061	0.999905	0.312223	0.638550	0.000507	1.000001	0.312097	0.662979	0.000269	1.000857	0.000045	0.660258	0.000058	0.989387	0.000050	0.986131	0.000048	1356620914.106232	1.000221	31.590629	18.196647	3.377855	1.000234	0.000051	0.999999	0.311861	0.999886	0.000054	0.999838	0.000026	1.000689	0.000012	0.998356	0.000017	1.000248	0.000059	1.000000	1.000000	
1356620915.105794	0.999993	17.209531	4.012204	1.910383	0.589501	0.000158	0.504574	0.000643	0.585778	0.000092	0.552777	0.000329	0.610404	0.000095	0.584123	0.000131	0.564438	0.000050	0.674718	0.000091	1356620915.106200	0.999968	29.103942	15.856281	1.593709	0.999742	0.000105	1.000033	0.000012	1.000360	0.000012	0.992391	0.000068	0.989443	0.000061	0.991871	0.000061	0.994740	0.000096	1.000000	1.000000	
1356620916.105801	1.000007	17.230182	4.038150	1.922640	0.805963	0.000319	0.540129	0.000586	0.594925	0.000033	0.908883	0.002340	0.694008	0.000070	0.712019	0.000054	0.713600	0.000066	0.672945	0.000067	1356620916.106259	1.000059	29.095546	15.852628	1.594327	1.000323	0.000068	0.998511	0.000112	0.998501	0.000125	1.005420	0.000060	1.009939	0.000047	1.007473	0.000047	1.003533	0.000091	1.000000	1.000000	
1356620917.105794	0.999993	20.541478	7.346029	1.900327	0.987946	0.002999	0.954540	0.003528	0.991168	0.002532	0.983599	0.003314	0.972888	0.002737	0.986078	0.002465	0.995922	0.002372	0.992875	0.002557	1356620917.106111	0.999852	29.660336	16.427802	1.592902	0.999988	0.002600	0.999873	0.002518	1.000069	0.002578	1.000075	0.002494	1.000067	0.002434	1.000065	0.002495	1.000043	0.003759	1.000000	1.000000	
1356620918.105794	1.000000	17.246140	4.045044	1.900238	0.839608	0.000294	0.525527	0.000613	0.996316	0.000020	0.598583	0.000308	0.715669	0.000065	0.656083	0.000056	0.647346	0.000056	0.731982	0.000069	1356620918.106160	1.000049	29.080923	15.839386	1.591795	1.000119	0.000068	1.006135	0.000077	0.992733	0.000079	0.999749	0.000020	0.999891	0.000007	1.000712	0.000007	1.000072	0.000059	1.000000	1.000000	
1356620919.105794	1.000000	17.208817	3.991165	1.901657	0.517353	0.000161	0.529171	0.000527	0.677360	0.000074	0.590885	0.000246	0.719818	0.000064	0.613534	0.000101	0.708802	0.000019	0.705205	0.000019	1356620919.106097	0.999937	29.078551	15.836309	1.593423	0.999964	0.000065	0.999272	0.000012	1.001226	0.000463	0.999942	0.000073	0.999873	0.000073	0.999840	0.000075	1.000057	0.000095	1.000000	1.000000	
1356620920.105794	1.000000	17.205750	3.980408	1.911835	0.840334	0.000294	0.558443	0.000618	0.788677	0.000032	0.614294	0.000357	0.755160	0.000063	0.704845	0.000056	0.716877	0.000065	0.726451	0.000065	1356620920.106206	1.000109	29.065818	15.827377	1.591746	1.000128	0.000063	1.000111	0.000069	0.999926	0.000067	1.000101	0.000023	1.000724	0.000012	1.000949	0.000012	1.000066	0.000058	1.000000	1.000000	
1356620921.105794	1.000000	17.189545	3.963974	1.869202	0.588852	0.000073	0.530172	0.000524	0.688370	0.000068	0.586081	0.000250	0.704333	0.000067	0.647432	0.000098	0.705197	0.000019	0.670922	0.000020	1356620921.106118	0.999912	29.075724	15.833317	1.588915	0.999969	0.000062	0.999934	0.000012	1.000164	0.000012	1.000012	0.000066	1.000000	0.000067	0.999985	0.000075	0.999840	0.000106	1.000000	1.000000	
1356620922.105794	1.000000	17.223053	3.997589	1.895294	0.803781	0.000328	0.535077	0.000601	0.911858	0.000063	0.691182	0.000730	0.705562	0.000070	0.767331	0.000078	0.711734	0.000075	0.678281	0.000069	1356620922.106192	1.000074	29.047643	15.811759	1.591801	0.999976	0.000065	1.000028	0.000069	1.000068	0.000074	0.999698	0.000022	1.000362	0.000012	0.999751	0.000011	1.000082	0.000052	1.000000	1.000000	
1356620923.105800	1.000006	17.222325	4.000052	1.883061	0.556325	0.000103	0.531900	0.000498	0.678370	0.000070	0.567867	0.000255	0.696320	0.000063	0.599525	0.000104	0.549959	0.000021	0.547884	0.000020	1356620923.106211	1.000019	29.051326	15.813465	1.593537	0.999916	0.000064	0.999700	0.000012	0.999804	0.000012	1.000070	0.000061	0.999899	0.000061	0.999972	0.000068	1.000217	0.000103	1.000000	1.000000	
1356620924.105794	0.999994	17.188060	3.967706	1.874904	0.837728	0.000296	0.539940	0.000598	0.666593	0.000030	0.601361	0.000312	0.711972	0.000066	0.631997	0.000061	0.726114	0.000066	0.735932	0.000064	1356620924.106150	0.999939	29.025026	15.801486	1.585729	1.000071	0.000071	0.999995	0.000076	0.999984	0.000071	0.999909	0.000021	0.999803	0.000012	1.000532	0.000011	0.999946	0.000057	1.000000	1.000000	
1356620925.105794	1.000000	17.187103	3.965500	1.891418	0.578658	0.000073	0.526927	0.000539	0.738146	0.000062	0.582204	0.000294	0.720567	0.000063	0.643777	0.000099	0.580250	0.000020	0.585488	0.000022	1356620925.106242	1.000092	29.042249	15.807292	1.590033	0.999855	0.000075	1.000000	0.000012	1.000033	0.000012	1.000012	0.000063	0.999976	0.000066	0.999971	0.000080	0.999996	0.000106	1.000000	1.000000	
1356620926.105794	1.000000	17.245453	4.024490	1.907196	0.839571	0.000292	0.544834	0.000569	0.669856	0.000049	0.906780	0.002383	0.743757	0.000061	0.644253	0.000057	0.721720	0.000072	0.675688	0.000068	1356620926.106200	0.999958	29.050596	15.811943	1.593557	1.000124	0.000069	0.997306	0.000067	0.996915	0.000068	0.990814	0.000021	0.985370	0.000012	0.985436	0.000012	0.996464	0.000058	1.000000	1.000000	
1356620927.105794	1.000000	17.195572	3.988632	1.924622	0.540517	0.000143	0.540417	0.000600	0.652734	0.000148	0.725367	0.001195	0.643672	0.000094	0.674754	0.000157	0.510281	0.000062	0.556830	0.000054	1356620927.106210	1.000010	29.046096	15.810938	1.593169	0.999872	0.000106	1.015636	0.000011	1.017201	0.000012	0.995347	0.000069	0.993298	0.000069	0.994820	0.000069	0.996720	0.000104	1.000000	1.000000	
1356620928.105794	1.000000	17.178696	3.960281	1.902420	0.809924	0.000317	0.545163	0.000574	0.756993	0.000038	0.605766	0.000320	0.764305	0.000070	0.670429	0.000056	0.675069	0.000068	0.717575	0.000064	1356620928.106153	0.999943	29.048729	15.812760	1.590392	1.000084	0.000059	1.000101	0.000091	0.999961	0.000110	1.010014	0.000051	1.015952	0.000040	1.015743	0.000034	1.005661	0.000091	1.000000	1.000000	
1356620929.105794	1.000000	17.171570	3.952545	1.871674	0.591039	0.000118	0.525917	0.000503	0.753678	0.000063	0.577700	0.000251	0.687447	0.000067	0.652461	0.000098	0.575191	0.000021	0.706747	0.000018	1356620929.106208	1.000055	29.051531	15.817427	1.591831	0.999975	0.000061	0.999869	0.000012	1.000261	0.000012	0.999953	0.000058	0.999987	0.000058	0.999995	0.000080	1.000238	0.000105	1.000000	1.000000	
1356620930.105795	1.000001	17.220549	4.003262	1.873533	0.716009	0.000477	0.555253	0.000596	0.640837	0.000036	0.609508	0.000366	0.637934	0.000070	0.676156	0.000067	0.725263	0.000072	0.730082	0.000064	1356620930.106212	1.000004	29.056065	15.821759	1.593164	0.999881	0.000068	0.999994	0.000067	0.999910	0.000069	1.000051	0.000023	1.000361	0.000012	0.997302	0.000012	1.000218	0.000051	1.000000	1.000000	
1356620931.105794	0.999999	17.188996	3.971912	1.890077	0.738594	0.000476	0.538531	0.000567	0.685734	0.000066	0.603512	0.000248	0.696479	0.000075	0.644562	0.000107	0.551993	0.000021	0.706275	0.000019	1356620931.106147	0.999935	29.050978	15.815208	1.593518	0.999956	0.000070	1.000000	0.000012	1.000227	0.000012	0.999955	0.000060	1.000006	0.000060	1.000051	0.000069	0.999967	0.000095	1.000000	1.000000	
1356620932.105794	1.000000	17.178482	3.963165	1.922791	0.805511	0.000326	0.552568	0.000575	0.815331	0.000078	0.678404	0.000749	0.727754	0.000070	0.791029	0.000076	0.749829	0.000063	0.714117	0.000065	1356620932.106150	1.000003	29.010866	15.789014	1.588801	1.000132	0.000064	0.999965	0.000067	0.999903	0.000075	1.000181	0.000026	0.999444	0.000012	1.002537	0.000012	0.999328	0.000058	1.000000	1.000000	
1356620933.105794	1.000000	17.143326	3.931564	1.883026	0.566168	0.000078	0.518578	0.000509	0.678789	0.000068	0.580197	0.000250	0.637834	0.000069	0.635471	0.000097	0.705432	0.000019	0.711517	0.000018	1356620933.106260	1.000110	29.043668	15.811266	1.591485	0.999932	0.000068	0.999800	0.000012	1.000605	0.000011	0.999900	0.000058	0.999973	0.000058	1.000042	0.000082	0.999786	0.000097	1.000000	1.000000	
1356620934.105794	1.000000	17.175415	3.967285	1.889511	0.852288	0.000303	0.540566	0.000575	0.611718	0.000034	0.600302	0.000301	0.664781	0.000067	0.685183	0.000056	0.730720	0.000067	0.721856	0.000065	1356620934.106193	0.999933	29.055871	15.820442	1.592041	0.999897	0.000071	1.000006	0.000068	1.000023	0.000068	0.999851	0.000021	1.000098	0.000012	0.999349	0.000012	1.000909	0.000058	1.000000	1.000000	
1356620935.105794	1.000000	17.199661	3.994232	1.874725	0.566099	0.000106	0.524146	0.000539	0.657262	0.000069	0.585078	0.000305	0.708156	0.000062	0.575032	0.000108	0.577126	0.000021	0.706728	0.000019	1356620935.106235	1.000042	29.048204	15.815788	1.593576	1.000048	0.000064	0.999967	0.000012	1.000000	0.000012	0.999994	0.000060	0.989269	0.000060	0.999994	0.000061	0.999917	0.000097	1.000000	1.000000	
1356620936.105794	1.000000	17.197952	3.992950	1.919662	0.803838	0.000328	0.543713	0.000579	0.742987	0.000037	0.911573	0.002332	0.719126	0.000063	0.604701	0.000062	0.691618	0.000067	0.678501	0.000067	1356620936.106250	1.000015	29.069677	15.837821	1.590262	1.000117	0.000066	0.997846	0.000067	0.997393	0.000069	0.990579	0.000020	1.010523	0.000046	0.986575	0.000012	0.995180	0.000039	1.000000	1.000000	
1356620937.105794	1.000000	17.173218	3.968491	1.881729	0.541230	0.000111	0.528404	0.000526	0.840777	0.000098	0.685970	0.000657	0.706093	0.000065	0.680752	0.000123	0.579192	0.000023	0.461133	0.000024	1356620937.106199	0.999949	29.055041	15.821410	1.591893	0.999983	0.000068	1.012518	0.000012	1.015199	0.000012	1.002965	0.000064	1.002520	0.000065	1.002021	0.000078	1.001386	0.000114	1.000000	1.000000	
1356620938.105794	1.000000	17.184143	3.977982	1.856491	0.836823	0.000292	0.536747	0.000569	0.694034	0.000030	0.606954	0.000306	0.699171	0.000074	0.696505	0.000052	0.627464	0.000072	0.625467	0.000072	1356620938.106286	1.000087	29.049138	15.817380	1.588622	0.999988	0.000065	0.999929	0.000081	0.999934	0.000081	0.999745	0.000026	0.999803	0.000012	0.999893	0.000011	1.000075	0.000057	1.000000	1.000000	
1356620939.105794	1.000000	17.110886	3.918839	1.884415	0.594908	0.000124	0.514886	0.000573	0.600875	0.000099	0.558095	0.000287	0.570249	0.000097	0.607135	0.000127	0.507580	0.000052	0.506102	0.000052	1356620939.106295	1.000009	29.060162	15.827798	1.595261	0.999937	0.000104	0.999834	0.000012	1.000065	0.000012	0.991994	0.000061	0.989388	0.000060	0.991315	0.000060	0.995393	0.000102	1.000000	1.000000	
1356620940.105794	1.000000	17.169510	3.965866	1.901154	0.809509	0.000316	0.532308	0.000586	0.835583	0.000033	0.566812	0.000462	0.703042	0.000071	0.702165	0.000058	0.688515	0.000068	0.712055	0.000064	1356620940.106228	0.999933	29.018530	15.797170	1.590225	0.999934	0.000053	0.999946	0.000100	0.999918	0.000103	1.008269	0.000060	1.013498	0.000047	1.012918	0.000041	1.005133	0.000091	1.000000	1.000000	
1356620941.105794	1.000000	17.126953	3.922333	1.877136	0.538725	0.000111	0.514454	0.000508	0.684007	0.000068	0.565109	0.000253	0.726878	0.000066	0.626647	0.000103	0.585207	0.000023	0.586409	0.000022	1356620941.106211	0.999983	29.055530	15.822457	1.591778	0.999880	0.000061	1.000033	0.000012	1.000197	0.000012	0.999791	0.000059	0.999987	0.000059	0.999406	0.000071	1.000309	0.000109	1.000000	1.000000	
1356620942.105794	1.000000	21.463516	8.255905	1.936005	0.990163	0.003293	0.951116	0.003412	0.996362	0.002629	0.947595	0.003635	0.992852	0.002602	0.991225	0.002521	0.991133	0.002533	0.992035	0.002553	1356620942.106036	0.999825	32.271288	19.033955	1.593770	0.999987	0.002773	0.999790	0.002525	0.999802	0.002738	0.999789	0.002604	0.997963	0.002677	0.999865	0.002585	0.999987	0.003673	1.000000	1.000000	
1356620943.105794	1.000000	17.190384	3.984238	1.873947	0.599377	0.000074	0.533041	0.000189	0.657925	0.000060	0.564463	0.000259	0.549117	0.000428	0.663533	0.000105	1.068826	0.000008	1.059274	0.000007	1356620943.106243	1.000207	29.051102	15.819831	1.591574	1.000514	0.000070	1.084482	0.000006	1.085979	0.000006	1.008176	0.000066	1.089697	0.000061	1.005680	0.000061	1.000226	0.000094	1.000000	1.000000	
1356620944.105794	1.000000	17.175232	3.969177	1.926590	0.848928	0.000310	0.571192	0.000252	0.694151	0.000044	0.590242	0.000364	0.540281	0.000390	0.638346	0.000061	0.679024	0.000073	0.680197	0.000074	1356620944.106182	0.999939	29.042453	15.808460	1.588857	1.000157	0.000064	0.999981	0.000083	0.999963	0.000084	0.999906	0.000020	0.999284	0.000012	1.001900	0.000011	0.999677	0.000058	1.000000	1.000000	
1356620945.105794	1.000000	17.138031	3.932541	1.857162	0.561402	0.000081	0.544428	0.000184	0.656179	0.000069	0.569990	0.000297	0.548227	0.000399	0.628196	0.000099	0.699236	0.000019	0.623628	0.000020	1356620945.106197	1.000015	29.050833	15.818824	1.588675	0.999799	0.000063	1.000067	0.000012	0.999776	0.000012	1.000180	0.000060	1.000110	0.000060	0.999772	0.000071	1.000408	0.000092	1.000000	1.000000	
1356620946.105794	1.000000	17.191132	3.987854	1.869003	0.839933	0.000296	0.589194	0.000260	0.634298	0.000044	0.913826	0.002329	0.536267	0.000394	0.598646	0.000061	0.727004	0.000067	0.688649	0.000070	1356620946.106210	1.000013	29.043473	15.810919	1.588907	0.999271	0.000063	0.997378	0.000073	0.997467	0.000072	0.991157	0.000023	0.985203	0.000012	0.987350	0.000011	0.995481	0.000044	1.000000	1.000000	
1356620947.105794	1.000000	17.154938	3.955933	1.913513	0.518542	0.000144	0.541496	0.000189	0.716464	0.000112	0.779795	0.001148	0.537982	0.000426	0.700709	0.000124	0.555788	0.000025	0.552401	0.000020	1356620947.106229	1.000019	29.016918	15.798512	1.592819	1.000510	0.000076	1.016247	0.000011	1.016747	0.000011	1.002805	0.000068	1.002437	0.000069	1.002170	0.000072	1.001428	0.000111	1.000000	1.000000	
1356620948.105794	1.000000	17.169739	3.969498	1.897263	0.835973	0.000294	0.580921	0.000253	0.614770	0.000032	0.598945	0.000318	0.538349	0.000402	0.583969	0.000060	0.674854	0.000067	0.727922	0.000064	1356620948.106187	0.999958	29.030881	15.797446	1.587103	1.000101	0.000065	1.000087	0.000084	0.992965	0.000081	0.999681	0.000022	1.000033	0.000012	1.000142	0.000011	1.000086	0.000058	1.000000	1.000000	
1356620949.105794	1.000000	17.119293	3.917465	1.896835	0.569649	0.000111	0.536732	0.000202	0.651486	0.000069	0.563459	0.000254	0.547560	0.000402	0.587729	0.000105	0.708102	0.000019	0.625628	0.000021	1356620949.106280	1.000093	29.046570	15.815241	1.591618	1.000061	0.000063	1.000130	0.000012	1.001242	0.000455	1.000059	0.000066	1.000006	0.000068	0.999667	0.000081	1.000059	0.000105	1.000000	1.000000	
1356620950.105794	1.000000	17.141800	3.942032	1.893723	0.838195	0.000297	0.579784	0.000254	0.690279	0.000030	0.585206	0.000366	0.545931	0.000395	0.624153	0.000060	0.752091	0.000070	0.710068	0.000068	1356620950.106256	0.999976	29.025021	15.793013	1.593621	0.999816	0.000076	0.999961	0.000080	0.999944	0.000062	0.999729	0.000023	0.999934	0.000012	1.001986	0.000011	1.000252	0.000058	1.000000	1.000000	
1356620951.105794	1.000000	17.119202	3.918671	1.902084	0.563477	0.000102	0.523322	0.000221	0.610495	0.000098	0.561086	0.000284	0.529379	0.000455	0.583714	0.000133	0.550866	0.000052	0.569956	0.000050	1356620951.106213	0.999957	29.027125	15.793692	1.595344	1.000075	0.000092	0.999934	0.000012	0.999771	0.000012	0.992430	0.000068	0.990902	0.000070	0.992479	0.000068	0.994651	0.000095	1.000000	1.000000	
1356620952.105794	1.000000	17.165588	3.966385	1.940277	0.799735	0.000378	0.621079	0.000373	0.832759	0.000074	0.762896	0.000999	0.547738	0.000392	0.703967	0.000083	0.753316	0.000063	0.865057	0.000116	1356620952.106173	0.999960	29.037006	15.804237	1.593554	0.999974	0.000060	0.999891	0.000092	0.999947	0.000109	1.009685	0.000053	1.015318	0.000041	1.015161	0.000034	1.005033	0.000097	1.000000	1.000000	
1356620953.105794	1.000000	17.114182	3.914398	1.886337	0.632315	0.000128	0.607754	0.000306	0.705977	0.000115	0.636021	0.000296	0.587311	0.000413	0.665037	0.000117	0.660663	0.000020	0.977381	0.000054	1356620953.106203	1.000030	29.054990	15.822157	1.593275	1.000077	0.000081	1.000156	0.000042	1.000162	0.000038	1.000037	0.000083	1.000082	0.000071	1.000047	0.000114	1.000087	0.000111	1.000000	1.000000	
1356620954.105794	1.000000	17.133652	3.945740	1.870621	0.837260	0.000297	0.575741	0.000255	0.595135	0.000033	0.575858	0.000311	0.548496	0.000393	0.674045	0.000056	0.712650	0.000072	0.694801	0.000061	1356620954.106233	1.000030	29.036268	15.803587	1.593412	0.999789	0.000064	0.999995	0.000076	0.999990	0.000076	0.999787	0.000022	0.999934	0.000012	0.999869	0.000012	0.999657	0.000052	1.000000	1.000000	
1356620955.105794	1.000000	17.148239	3.947357	1.887177	0.601947	0.000076	0.567545	0.000204	0.633804	0.000071	0.582905	0.000292	0.536641	0.000436	0.614519	0.000102	0.712138	0.000019	0.674775	0.000020	1356620955.106225	0.999992	29.041098	15.808127	1.593549	0.999995	0.000071	1.000033	0.000012	0.999934	0.000012	0.999994	0.000060	0.999983	0.000068	0.999977	0.000067	0.999967	0.000094	1.000000	1.000000	
1356620956.105794	1.000000	17.207932	4.012238	1.913803	0.837822	0.000295	0.575070	0.000256	0.956697	0.002104	0.620401	0.000376	0.548322	0.000395	0.689100	0.000056	0.688192	0.000068	0.728177	0.000067	1356620956.106115	0.999890	29.011825	15.790615	1.590461	0.999190	0.000066	0.997541	0.000078	0.998826	0.000112	0.991017	0.000022	0.984935	0.000012	0.985448	0.000012	0.996936	0.000058	1.000000	1.000000	
1356620957.105794	1.000000	17.181625	3.990005	1.912491	0.554316	0.000108	0.535165	0.000189	0.784688	0.000645	0.659965	0.000812	0.556052	0.000392	0.679256	0.000127	0.707726	0.000019	0.488858	0.000024	1356620957.106322	1.000207	29.027837	15.797893	1.589820	1.000786	0.000069	1.016698	0.000011	1.002931	0.000041	1.003012	0.000064	1.002662	0.000064	1.002073	0.000085	1.001715	0.000104	1.000000	1.000000	
1356620958.105794	1.000000	17.152588	3.958939	1.885147	0.834231	0.000295	0.621797	0.000246	0.821840	0.000034	0.599786	0.000306	0.568556	0.000402	0.591953	0.000058	0.719613	0.000065	0.710607	0.000066	1356620958.106179	0.999857	29.047338	15.812565	1.591918	1.000114	0.000064	1.000095	0.000086	0.999988	0.000067	1.000167	0.000025	1.000921	0.000012	0.999149	0.000011	1.000007	0.000057	1.000000	1.000000	
1356620959.105795	1.000001	715810012.091389	715789494.889642	715777534.585985	0.999955	1.000908	0.999952	1.000910	0.999962	1.000908	0.999954	1.000908	0.999955	1.000913	0.999957	1.000904	0.999955	1.000913	0.999954	1.000908	1356620959.105883	0.999704	715982485.048881	716015724.011446	715983991.996547	0.999955	1.000908	0.999952	1.000910	3.895462	0.256933	0.999954	1.000907	0.999955	1.000912	0.999957	1.000905	0.999954	1.000909	0.999955	1.000911	
1356620960.105794	0.999999	0.000000	0.000000	0.000000	-nan	-nan	-nan	-nan	0.000000	inf	-nan	-nan	-nan	0.000000	-nan	-nan	-nan	-nan	-nan	-nan	1356620960.105865	0.999982	0.000000	0.000000	0.000000	-nan	-nan	-nan	-nan	0.000000	inf	-nan	-nan	-nan	-nan	-nan	-nan	-nan	-nan	-nan	-nan	
