ts_0	elapsed_0	pkg_0	pp0_0	dram_0	freq_ratio_0_0	c0_ratio_0_0	freq_ratio_0_1	c0_ratio_0_1	freq_ratio_0_2	c0_ratio_0_2	freq_ratio_0_3	c0_ratio_0_3	freq_ratio_0_4	c0_ratio_0_4	freq_ratio_0_5	c0_ratio_0_5	freq_ratio_0_6	c0_ratio_0_6	freq_ratio_0_7	c0_ratio_0_7	ts_1	elapsed_1	pkg_1	pp0_1	dram_1	freq_ratio_1_0	c0_ratio_1_0	freq_ratio_1_1	c0_ratio_1_1	freq_ratio_1_2	c0_ratio_1_2	freq_ratio_1_3	c0_ratio_1_3	freq_ratio_1_4	c0_ratio_1_4	freq_ratio_1_5	c0_ratio_1_5	freq_ratio_1_6	c0_ratio_1_6	freq_ratio_1_7	c0_ratio_1_7	
1356624215.478393	1.001894	63.745310	49.961678	5.623261	1.153170	0.245955	1.153027	0.246686	1.153053	0.245990	1.153998	0.245749	1.153566	0.243671	1.154772	0.247195	1.153759	0.243492	1.154627	0.246104	1356624215.478523	1.000350	75.689558	61.700314	7.310399	0.999917	0.980635	1.000001	0.980555	1.000001	0.979634	0.999981	0.965517	1.000001	0.964873	0.999980	0.964873	1.000001	0.964834	0.999986	0.980808	
1356624216.478389	0.999996	65.773551	51.976331	5.843102	1.000000	1.000000	1.000000	1.000000	1.000000	1.000000	0.999999	1.000000	0.999999	1.000000	1.000000	1.000000	1.000212	0.002926	0.999582	0.000331	1356624216.478506	0.999983	77.878500	63.825406	7.582007	1.000000	1.000000	1.000000	1.000000	1.000000	1.000000	1.000000	1.000000	1.000000	1.000000	1.000000	1.000000	1.000000	1.000000	1.000000	1.000000	
1356624217.478389	1.000000	70.963409	57.178421	5.848557	0.999999	0.999999	1.000000	1.000000	1.000000	1.000000	1.000001	1.000001	1.000001	1.000000	1.000000	1.000000	1.000002	0.003840	1.000000	0.688593	1356624217.478477	0.999971	73.093358	59.069498	7.607765	1.000000	1.000000	1.000000	1.000000	0.999999	0.314923	1.000000	1.000000	1.000000	1.000000	1.000000	1.000000	1.000000	1.000000	1.000000	1.000000	
1356624218.478388	0.999999	73.343728	59.556819	5.838842	1.000000	1.000000	1.000000	1.000000	1.000000	1.000000	1.000000	1.000000	1.000000	1.000000	1.000000	1.000000	0.999643	0.000489	1.000000	1.000000	1356624218.478474	0.999997	71.168495	57.146875	7.547173	1.000000	1.000000	1.000000	1.000000	0.999832	0.000062	1.000000	1.000000	1.000000	1.000000	1.000000	1.000000	1.000000	1.000000	1.000000	1.000000	
1356624219.478389	1.000001	73.420416	59.600239	5.829950	1.000000	1.000000	1.000000	1.000000	0.999999	1.000000	1.000000	1.000000	1.000000	1.000000	1.000000	1.000000	0.998595	0.000516	1.000000	1.000000	1356624219.478483	1.000009	71.169598	57.128816	7.476296	1.000000	1.000000	1.000000	1.000000	1.000090	0.000107	1.000000	1.000000	1.000000	1.000000	1.000000	1.000000	1.000000	1.000000	1.000000	1.000000	
1356624220.478389	1.000000	73.448715	59.571671	5.807968	1.000000	1.000000	1.000000	1.000000	1.000001	1.000001	1.000000	1.000000	1.000000	1.000000	1.000000	1.000000	1.001502	0.000483	1.000000	1.000000	1356624220.478474	0.999991	71.332235	57.192123	7.570137	1.000000	1.000000	1.000000	1.000000	0.999994	0.000067	1.000000	1.000000	1.000000	1.000000	1.000000	1.000000	1.000000	1.000000	1.000000	1.000000	
1356624221.478388	0.999999	73.475809	59.631984	5.833975	1.000000	1.000000	1.000000	1.000000	1.000000	1.000000	1.000000	1.000000	0.999999	1.000000	1.000000	1.000000	0.999837	0.000500	1.000000	1.000000	1356624221.478479	1.000005	71.290689	57.218891	7.572487	1.000000	1.000000	1.000000	1.000000	1.000142	0.000120	1.000000	1.000000	1.000000	1.000000	1.000000	1.000000	1.000000	1.000000	1.000000	1.000000	
1356624222.478388	1.000000	73.514404	59.681915	5.850372	1.000000	1.000000	1.000001	1.000000	1.000000	0.999999	1.000000	1.000000	1.000001	1.000000	1.000000	1.000000	1.000030	0.001302	1.000000	1.000000	1356624222.478477	0.999998	71.357070	57.302584	7.494628	1.000000	1.000000	1.000000	1.000000	0.999949	0.000341	1.000000	1.000000	1.000000	1.000000	1.000000	1.000000	1.000000	1.000000	1.000000	1.000000	
1356624223.478388	1.000000	73.418365	59.576782	5.845688	1.000000	1.000000	1.000000	1.000000	1.000000	1.000000	1.000000	1.000000	1.000000	1.000000	1.000000	1.000000	0.999939	0.000525	1.000000	1.000000	1356624223.478475	0.999998	71.318755	57.248065	7.461150	1.000000	1.000000	1.000000	1.000000	0.999880	0.000109	1.000000	1.000000	1.000000	1.000000	1.000000	1.000000	1.000000	1.000000	1.000000	1.000000	
1356624224.478388	1.000000	73.426498	59.589645	5.856018	1.000000	1.000000	1.000000	1.000000	1.000000	1.000000	1.000000	1.000000	1.000000	1.000000	1.000000	1.000000	0.999945	0.000510	1.000000	1.000000	1356624224.478474	0.999999	71.370811	57.310357	7.535621	1.000000	1.000000	1.000000	1.000000	1.000163	0.000061	1.000000	1.000000	1.000000	1.000000	1.000000	1.000000	1.000000	1.000000	1.000000	1.000000	
1356624225.478388	1.000000	73.410217	59.578842	5.864410	1.000000	1.000000	1.000000	1.000000	1.000000	1.000000	0.999999	1.000000	1.000000	1.000000	1.000000	1.000000	0.998581	0.000478	1.000000	1.000000	1356624225.478479	1.000005	71.367364	57.306903	7.541405	1.000000	1.000000	1.000000	1.000000	0.999992	0.000186	1.000000	1.000000	1.000000	1.000000	1.000000	1.000000	1.000000	1.000000	1.000000	1.000000	
1356624226.478389	1.000001	73.255774	59.392613	5.860300	1.000000	1.000000	1.000000	1.000000	1.000000	1.000000	1.000000	1.000000	1.000000	1.000000	1.000000	1.000000	0.999993	0.002872	1.000000	1.000000	1356624226.478480	1.000001	71.361794	57.261924	7.562111	1.000000	1.000000	1.000000	1.000000	1.000010	0.000196	1.000000	1.000000	1.000000	1.000000	1.000000	1.000000	1.000000	1.000000	1.000000	1.000000	
1356624227.478389	1.000000	73.377579	59.521301	5.834427	1.000000	1.000000	0.999999	1.000000	1.000000	1.000000	1.000000	1.000000	1.000000	1.000000	1.000000	1.000000	1.000874	0.000840	1.000000	1.000000	1356624227.478476	0.999996	71.277297	57.181491	7.540329	1.000000	1.000000	1.000000	1.000000	0.999980	0.000151	1.000000	1.000000	1.000000	1.000000	1.000000	1.000000	1.000000	1.000000	1.000000	1.000000	
1356624228.478388	0.999999	73.161462	59.280956	5.831014	1.000000	1.000000	1.000000	1.000000	1.000000	1.000001	1.000000	1.000000	1.000000	1.000000	1.000000	1.000000	0.999887	0.000472	1.000000	1.000000	1356624228.478476	1.000000	71.235748	57.110092	7.621613	1.000000	1.000000	1.000000	1.000000	0.999780	0.000063	1.000000	1.000000	1.000000	1.000000	1.000000	1.000000	1.000000	1.000000	1.000000	1.000000	
1356624229.478389	1.000001	73.091391	59.274373	5.836039	1.000000	1.000000	1.000000	1.000000	1.000000	1.000000	0.999999	1.000000	1.000000	1.000000	1.000000	1.000000	1.000119	0.000526	1.000000	1.000000	1356624229.478480	1.000004	71.101991	57.059766	7.392945	1.000000	1.000000	1.000000	1.000000	0.999989	0.000180	1.000000	1.000000	1.000000	1.000000	1.000000	1.000000	1.000000	1.000000	1.000000	1.000000	
1356624230.478389	1.000000	73.104507	59.291382	5.828033	1.000000	1.000000	1.000000	1.000000	1.000000	0.999999	1.000001	1.000000	1.000000	1.000000	1.000000	1.000000	1.000160	0.000475	1.000000	1.000000	1356624230.478478	0.999998	71.157545	57.128390	7.365157	1.000000	1.000000	1.000000	1.000000	0.999931	0.000061	1.000000	1.000000	1.000000	1.000000	1.000000	1.000000	1.000000	1.000000	1.000000	1.000000	
1356624231.478389	1.000000	73.105087	59.277664	5.843842	1.000000	1.000000	1.000000	1.000000	1.000000	1.000001	1.000000	1.000000	1.000000	1.000000	1.000000	0.999670	1.000042	0.000494	1.000000	1.000000	1356624231.478480	1.000002	71.198030	57.143903	7.546342	1.000000	0.999788	1.000000	0.999671	1.000058	0.000099	1.000000	1.000000	1.000000	0.999669	1.000000	0.999707	1.000000	1.000000	1.000000	0.999777	
1356624232.478388	0.999999	73.152703	59.355617	5.861471	1.000000	1.000000	1.000000	1.000000	1.000000	1.000000	0.999999	1.000000	1.000000	1.000000	1.000000	1.000000	0.999746	0.000791	1.000000	1.000000	1356624232.478481	1.000001	71.207406	57.192893	7.456002	1.000000	1.000000	1.000000	1.000000	1.000113	0.000062	1.000000	1.000000	1.000000	1.000000	1.000000	1.000000	1.000000	1.000000	1.000000	1.000000	
1356624233.478388	1.000000	73.183456	59.327698	5.866669	1.000000	1.000000	0.999999	1.000000	1.000000	1.000000	1.000001	1.000000	1.000000	1.000000	1.000000	1.000000	1.000557	0.000482	1.000000	1.000000	1356624233.478479	0.999998	71.288756	57.204317	7.510268	1.000000	1.000000	1.000000	1.000000	0.999898	0.000178	1.000000	1.000000	1.000000	1.000000	1.000000	1.000000	1.000000	1.000000	1.000000	1.000000	
1356624234.478390	1.000002	73.133024	59.298120	5.858555	1.000000	0.999398	0.999983	0.999477	0.999999	0.999394	0.999999	0.999396	1.000000	0.999396	1.000000	0.999393	0.999541	0.000550	1.000000	0.999393	1356624234.478499	1.000020	71.129603	57.065950	7.477283	1.000000	0.999425	1.000000	0.999396	0.999787	0.000062	1.000000	1.000000	0.999999	0.999394	1.000000	0.999411	1.000000	0.999382	1.000000	0.999443	
1356624235.478390	1.000000	73.229935	59.381668	5.840469	1.000000	0.999860	1.000000	0.999872	1.000001	1.000001	1.000000	0.999858	1.000000	0.999839	1.000000	0.999857	1.000273	0.000511	1.000000	1.000000	1356624235.478488	0.999989	71.207080	57.103318	7.625587	1.000000	0.999890	1.000000	0.999865	1.000165	0.000122	1.000000	0.999831	1.000001	0.999831	1.000000	0.999879	1.000000	0.999846	1.000000	0.999910	
1356624236.478389	0.999999	73.216302	59.338817	5.842413	1.000000	1.000000	1.000000	1.000000	1.000000	1.000000	1.000000	1.000000	1.000000	1.000000	1.000000	1.000000	0.999686	0.002457	1.000001	1.000000	1356624236.478485	0.999997	71.405617	57.299631	7.527398	1.000000	1.000000	1.000000	1.000000	0.999780	0.000075	1.000000	1.000000	1.000000	1.000000	1.000000	1.000000	1.000000	1.000000	1.000000	1.000000	
1356624237.478389	1.000000	73.120361	59.240616	5.825775	1.000000	1.000000	1.000000	1.000001	0.999999	1.000000	1.000000	1.000001	0.999999	1.000000	1.000000	1.000000	1.000576	0.000859	1.000000	1.000000	1356624237.478483	0.999998	71.240859	57.131686	7.595931	1.000000	1.000000	1.000000	1.000000	1.000065	0.000155	1.000000	1.000000	1.000000	1.000000	1.000000	1.000000	1.000000	1.000000	1.000000	1.000000	
1356624238.478388	0.999999	73.260537	59.404201	5.834692	1.000000	1.000000	1.000000	1.000000	1.000001	1.000000	1.000000	1.000000	1.000001	1.000001	1.000000	1.000000	0.999112	0.000468	1.000000	1.000001	1356624238.478476	0.999993	71.141483	57.051389	7.642600	1.000000	1.000000	1.000000	1.000000	0.999885	0.000060	1.000000	1.000000	1.000000	1.000000	1.000000	1.000000	1.000000	1.000000	1.000000	1.000000	
1356624239.478388	1.000000	73.276123	59.395615	5.813202	1.000000	1.000000	1.000000	1.000000	1.000000	1.000000	1.000000	1.000000	1.000000	1.000000	1.000000	1.000000	1.001150	0.000538	1.000000	1.000000	1356624239.478478	1.000002	71.095903	56.985762	7.559419	1.000000	1.000000	1.000000	1.000000	0.999971	0.000133	1.000000	1.000000	1.000000	1.000000	1.000000	1.000000	1.000000	1.000000	1.000000	1.000000	
1356624240.478388	1.000000	73.255173	59.369553	5.824661	1.000000	1.000000	1.000000	1.000000	0.999999	1.000000	1.000000	1.000000	1.000000	1.000000	1.000000	1.000000	0.999742	0.000491	1.000000	1.000000	1356624240.478480	1.000002	71.026323	56.911299	7.653931	1.000000	1.000000	1.000000	1.000000	1.000173	0.000062	1.000000	1.000000	1.000000	1.000000	1.000000	1.000000	1.000000	1.000000	1.000000	1.000000	
1356624241.478388	1.000000	73.291275	59.423447	5.816879	1.000000	1.000000	1.000000	1.000000	1.000001	1.000001	1.000000	1.000000	1.000000	1.000000	1.000000	1.000000	1.000022	0.000768	1.000000	1.000000	1356624241.478477	0.999997	71.024299	56.931649	7.628152	1.000000	1.000000	1.000000	1.000000	1.000019	0.000104	1.000000	1.000000	1.000000	1.000000	1.000000	1.000000	1.000000	1.000000	1.000000	1.000000	
1356624242.478388	1.000000	73.870438	59.993027	5.837677	1.000000	1.000000	0.999998	0.317161	1.000000	1.000000	1.000000	1.000000	1.000000	1.000000	1.000000	1.000000	1.000000	0.688926	1.000000	1.000000	1356624242.478479	1.000002	71.151689	57.043898	7.705277	1.000000	1.000000	1.000000	1.000000	0.999996	0.006487	1.000000	1.000000	1.000000	1.000000	1.000000	1.000000	1.000000	1.000000	1.000000	1.000000	
1356624243.478388	1.000000	73.749573	59.867081	5.809219	1.000000	1.000000	1.000877	0.000472	1.000000	1.000000	1.000000	1.000000	1.000000	1.000000	1.000000	1.000000	1.000000	1.000000	1.000000	1.000000	1356624243.478476	0.999997	70.970008	56.872247	7.612145	1.000000	1.000000	1.000000	1.000000	1.000130	0.000101	1.000000	1.000000	1.000000	1.000000	1.000000	1.000000	1.000000	1.000000	1.000000	1.000000	
1356624244.478388	1.000000	73.807114	59.983551	5.838226	1.000000	1.000000	0.998775	0.000465	1.000000	1.000000	1.000000	1.000000	1.000000	1.000000	1.000000	1.000000	0.999999	1.000000	1.000000	1.000000	1356624244.478486	1.000010	70.987128	56.917506	7.581086	1.000000	1.000000	1.000000	1.000000	0.999849	0.000061	1.000000	1.000000	1.000000	1.000000	1.000000	1.000000	1.000000	1.000000	1.000000	1.000000	
1356624245.478389	1.000001	73.931433	60.108143	5.835581	1.000000	1.000000	1.000116	0.000493	1.000000	1.000000	1.000000	1.000000	1.000000	1.000000	1.000000	1.000000	1.000000	1.000000	1.000000	1.000000	1356624245.478480	0.999994	71.051876	57.010243	7.377409	1.000000	1.000000	1.000000	1.000000	0.999997	0.000123	1.000000	1.000000	1.000000	1.000000	1.000000	1.000000	1.000000	1.000000	1.000000	1.000000	
1356624246.478389	1.000000	74.009842	60.161011	5.850662	1.000000	1.000000	1.000035	0.002521	1.000000	1.000000	0.999999	1.000000	1.000000	0.999999	0.999999	0.999999	1.000000	0.999999	1.000000	1.000000	1356624246.478487	1.000007	71.023343	56.943423	7.645470	1.000000	1.000000	1.000000	1.000000	1.000000	0.000116	1.000000	1.000000	1.000000	1.000000	1.000000	1.000000	1.000000	1.000000	1.000000	1.000000	
1356624247.478389	1.000000	73.974838	60.144608	5.858734	1.000000	0.999535	1.000229	0.001560	1.000000	1.000000	1.000001	1.000000	1.000000	0.999534	1.000001	1.000001	0.999999	1.000001	1.000000	1.000000	1356624247.478479	0.999992	71.071621	57.022649	7.425490	1.000000	1.000000	1.000000	1.000000	1.000017	0.000257	1.000000	1.000000	1.000000	1.000000	1.000000	1.000000	1.000000	1.000000	1.000000	1.000000	
1356624248.478388	0.999999	73.926386	60.077999	5.836675	1.000000	1.000000	1.000226	0.000494	1.000000	1.000000	1.000000	1.000000	1.000000	1.000000	1.000000	1.000000	1.000001	1.000000	1.000000	1.000000	1356624248.478476	0.999997	71.101173	57.029886	7.422539	1.000000	1.000000	1.000000	1.000000	0.999908	0.000033	1.000000	1.000000	1.000000	1.000000	1.000000	1.000000	1.000000	1.000000	1.000000	1.000000	
1356624249.478388	1.000000	73.959747	60.142761	5.841629	1.000000	1.000000	0.999888	0.000539	0.999999	0.999999	1.000000	1.000000	1.000000	1.000000	1.000000	1.000000	1.000000	1.000000	1.000000	1.000000	1356624249.478476	1.000000	71.024658	56.997116	7.445297	1.000000	1.000000	1.000000	1.000000	0.999888	0.000083	1.000000	1.000000	1.000000	1.000000	1.000000	1.000000	1.000000	1.000000	1.000000	1.000000	
1356624250.478388	1.000000	73.871948	60.095215	5.871475	1.000000	1.000000	0.999855	0.000493	1.000001	1.000001	1.000000	1.000000	0.999999	0.999999	1.000000	1.000000	1.000000	1.000000	1.000000	1.000000	1356624250.478479	1.000003	70.900552	56.936362	7.306130	1.000000	1.000000	1.000000	1.000000	1.000052	0.000045	1.000000	1.000000	1.000000	1.000000	1.000000	1.000000	1.000000	1.000000	1.000000	1.000000	
1356624251.478389	1.000001	73.784582	59.937626	5.839365	1.000000	1.000000	1.000008	0.001086	1.000000	1.000000	0.999999	1.000000	1.000000	1.000000	1.000000	1.000000	1.000000	1.000000	1.000000	1.000000	1356624251.478484	1.000005	71.012370	56.957982	7.434075	1.000000	1.000000	1.000000	1.000000	0.999512	0.000099	1.000000	1.000000	1.000000	1.000000	1.000000	1.000000	1.000000	1.000000	1.000000	1.000000	
1356624252.478388	0.999999	73.912912	60.023663	5.826879	1.000000	1.000001	1.000068	0.000819	1.000000	1.000000	1.000001	1.000000	1.000001	1.000000	1.000000	1.000000	1.000000	1.000000	1.000000	1.000001	1356624252.478477	0.999993	71.050662	56.928097	7.746010	1.000000	1.000000	1.000000	1.000000	1.001323	0.000034	1.000000	1.000000	1.000000	1.000000	1.000000	1.000000	1.000000	1.000000	1.000000	1.000000	
1356624253.478388	1.000000	73.800201	59.969040	5.845566	1.000000	1.000000	0.999789	0.000509	1.000000	1.000000	1.000000	1.000000	0.999999	1.000000	1.000000	1.000000	0.999999	1.000000	1.000000	1.000000	1356624253.478477	1.000000	70.998795	56.938660	7.580688	1.000000	1.000000	1.000000	1.000000	0.999937	0.000086	1.000000	1.000000	1.000000	1.000000	1.000000	1.000000	1.000000	1.000000	1.000000	1.000000	
1356624254.478388	1.000000	73.825836	59.935059	5.836472	1.000000	1.000000	0.999998	0.000516	1.000000	1.000000	1.000001	1.000000	1.000000	1.000000	1.000000	1.000000	1.000001	1.000000	1.000000	1.000000	1356624254.478473	0.999996	71.116392	56.994356	7.750321	1.000000	1.000000	1.000000	1.000000	1.000162	0.000033	1.000000	1.000000	1.000000	1.000000	1.000000	1.000000	1.000000	1.000000	1.000000	1.000000	
1356624255.478389	1.000001	73.776983	59.918476	5.842646	1.000000	1.000000	0.999979	0.000497	1.000000	1.000000	1.000000	1.000000	1.000000	1.000000	1.000000	1.000000	1.000000	1.000000	1.000000	1.000000	1356624255.478477	1.000004	71.011065	56.941694	7.569107	1.000000	1.000000	1.000000	1.000000	0.999952	0.000080	1.000000	1.000000	1.000000	1.000000	1.000000	1.000000	1.000000	1.000000	1.000000	1.000000	
1356624256.478389	1.000000	73.749985	59.862549	5.839981	1.000000	1.000000	1.000012	0.002914	1.000000	1.000000	1.000000	1.000000	1.000000	1.000000	0.999999	1.000000	0.999999	1.000000	1.000000	1.000000	1356624256.478480	1.000003	70.940362	56.907798	7.533790	1.000000	1.000000	1.000000	1.000000	0.999937	0.000092	1.000000	1.000000	1.000000	1.000000	1.000000	1.000000	1.000000	1.000000	1.000000	1.000000	
1356624257.478388	0.999999	73.656183	59.757412	5.839025	1.000000	1.000000	0.999026	0.000817	1.000000	1.000000	1.000000	1.000000	1.000000	1.000000	1.000000	1.000000	1.000001	1.000000	1.000000	1.000000	1356624257.478480	1.000000	71.042282	56.869324	7.588074	1.000000	1.000000	1.000000	1.000000	1.000075	0.000082	1.000000	1.000000	1.000000	1.000000	1.000000	1.000000	1.000000	1.000000	1.000000	1.000000	
1356624258.478388	1.000000	73.713806	59.893326	5.849792	1.000000	1.000000	1.001455	0.000505	1.000000	1.000000	1.000001	1.000000	1.000000	1.000000	1.000000	1.000000	1.000000	1.000000	1.000000	1.000000	1356624258.478478	0.999998	70.984144	56.968172	7.577789	1.000000	1.000000	1.000000	1.000000	0.999124	0.000034	1.000000	1.000000	1.000000	1.000000	1.000000	1.000000	1.000000	1.000000	1.000000	1.000000	
1356624259.478388	1.000000	73.675644	59.765656	5.807693	1.000000	1.000000	1.000065	0.000552	1.000000	1.000000	1.000000	1.000000	1.000000	1.000000	1.000000	1.000000	1.000000	1.000000	1.000000	1.000000	1356624259.478476	0.999998	71.039930	56.910189	7.727813	1.000000	1.000000	1.000000	1.000000	1.000228	0.000080	1.000000	1.000000	1.000000	1.000000	1.000000	1.000000	1.000000	1.000000	1.000000	1.000000	
1356624260.478388	1.000000	73.468109	59.676773	5.864594	1.000000	1.000000	0.999932	0.000483	1.000000	1.000000	1.000000	1.000000	1.000000	1.000000	1.000000	1.000000	1.000000	1.000000	1.000000	1.000000	1356624260.478476	1.000000	70.876099	56.919296	7.246323	1.000000	1.000000	1.000000	1.000000	1.000323	0.000033	1.000000	1.000000	1.000000	1.000000	1.000000	1.000000	1.000000	1.000000	1.000000	1.000000	
1356624261.478388	1.000000	73.564133	59.722183	5.842834	1.000000	1.000000	1.000156	0.000531	1.000000	1.000000	1.000000	1.000000	0.999999	0.999999	1.000000	1.000000	0.999999	1.000000	1.000000	1.000000	1356624261.478482	1.000006	70.953923	56.929440	7.518357	1.000000	1.000000	1.000000	1.000000	0.999955	0.000093	1.000000	1.000000	1.000000	1.000000	1.000000	1.000000	1.000000	1.000000	1.000000	1.000000	
1356624262.478388	1.000000	73.600677	59.779236	5.851349	1.000000	1.000000	1.000185	0.000751	1.000000	1.000000	1.000000	1.000000	1.000001	1.000001	1.000000	1.000000	1.000001	1.000000	1.000000	1.000000	1356624262.478476	0.999994	70.960399	56.952030	7.491866	1.000000	1.000000	1.000000	1.000000	0.999692	0.000050	1.000000	1.000000	1.000000	1.000000	1.000000	1.000000	1.000000	1.000000	1.000000	1.000000	
1356624263.478389	1.000001	73.591025	59.756779	5.849039	1.000000	1.000000	0.998172	0.000507	1.000000	1.000000	1.000000	1.000000	1.000000	1.000000	1.000000	1.000000	1.000000	1.000000	1.000000	1.000000	1356624263.478478	1.000002	70.914766	56.884764	7.355714	1.000000	1.000000	1.000000	1.000000	1.000118	0.000094	1.000000	1.000000	1.000000	1.000000	1.000000	1.000000	1.000000	1.000000	1.000000	1.000000	
1356624264.478389	1.000000	73.643494	59.729721	5.815475	1.000000	1.000000	0.999990	0.000518	1.000000	1.000000	1.000000	1.000000	1.000000	1.000000	1.000000	1.000000	1.000000	1.000000	1.000000	1.000000	1356624264.478477	0.999999	71.080695	56.947259	7.714943	1.000000	1.000000	1.000000	1.000000	0.999804	0.000033	1.000000	1.000000	1.000000	1.000000	1.000000	1.000000	1.000000	1.000000	1.000000	1.000000	
1356624265.478388	0.999999	73.593958	59.757610	5.810125	1.000000	1.000000	1.001661	0.000533	1.000000	1.000000	1.000000	1.000000	1.000000	1.000000	1.000000	1.000000	1.000000	1.000000	1.000000	1.000000	1356624265.478477	1.000000	70.983810	56.960815	7.391083	1.000000	1.000000	1.000000	1.000000	0.999933	0.000080	1.000000	1.000000	1.000000	1.000000	1.000000	1.000000	1.000000	1.000000	1.000000	1.000000	
1356624266.478388	1.000000	73.704300	59.796005	5.839920	1.000000	1.000000	0.999921	0.002566	1.000000	1.000000	1.000000	1.000000	0.999999	1.000000	1.000000	1.000000	0.999999	1.000000	0.999999	1.000000	1356624266.478482	1.000005	71.088527	56.975896	7.718147	1.000000	1.000000	1.000000	1.000000	0.996182	0.000034	1.000000	1.000000	1.000000	1.000000	1.000000	1.000000	1.000000	1.000000	1.000000	1.000000	
1356624267.478396	1.000008	41.611327	28.060060	3.607454	0.999388	0.437572	0.933739	0.004827	0.999991	0.436824	0.999953	0.436817	0.999992	0.436745	0.999999	0.436703	0.999960	0.436752	0.999958	0.436718	1356624267.478838	1.000356	47.564170	33.951416	4.119536	0.999999	0.436688	0.999999	0.436677	1.000028	0.003905	0.999999	0.436586	0.999999	0.436559	0.999999	0.436544	0.999999	0.436528	1.000000	1.000000	
1356624268.478396	1.000000	715795650.032578	715819849.735168	715762615.071487	0.999955	1.000908	0.999952	1.000910	0.999962	1.000908	0.999954	1.000908	0.999955	1.000913	0.999957	1.000904	0.999955	1.000914	0.999954	1.000908	1356624268.478496	0.999658	716065511.259150	716012610.968605	716064870.563737	0.999955	1.000908	0.999952	1.000910	3.895464	0.256933	0.999954	1.000907	0.999955	1.000913	0.999957	1.000905	0.999954	1.000910	0.999955	1.000911	
1356624269.478636	1.000240	0.000000	0.000000	0.000000	-nan	-nan	-nan	-nan	0.000000	inf	-nan	-nan	-nan	0.000000	-nan	-nan	-nan	-nan	-nan	-nan	1356624269.478733	1.000237	0.000000	0.000000	0.000000	-nan	-nan	-nan	-nan	0.000000	inf	-nan	-nan	-nan	-nan	-nan	-nan	-nan	-nan	-nan	-nan	
