ts_0	elapsed_0	pkg_0	pp0_0	dram_0	freq_ratio_0_0	c0_ratio_0_0	freq_ratio_0_1	c0_ratio_0_1	freq_ratio_0_2	c0_ratio_0_2	freq_ratio_0_3	c0_ratio_0_3	freq_ratio_0_4	c0_ratio_0_4	freq_ratio_0_5	c0_ratio_0_5	freq_ratio_0_6	c0_ratio_0_6	freq_ratio_0_7	c0_ratio_0_7	ts_1	elapsed_1	pkg_1	pp0_1	dram_1	freq_ratio_1_0	c0_ratio_1_0	freq_ratio_1_1	c0_ratio_1_1	freq_ratio_1_2	c0_ratio_1_2	freq_ratio_1_3	c0_ratio_1_3	freq_ratio_1_4	c0_ratio_1_4	freq_ratio_1_5	c0_ratio_1_5	freq_ratio_1_6	c0_ratio_1_6	freq_ratio_1_7	c0_ratio_1_7	
1352516992.798291	1.011730	57.959421	44.657776	3.584329	1.171262	0.844799	1.180682	0.944119	1.171101	0.844026	1.159546	0.012546	1.156125	0.009195	1.171021	0.841966	1.156474	0.005118	1.164767	0.010105	1352516992.798354	1.000501	54.466476	41.122849	4.345663	1.191585	0.846037	1.191794	0.845449	1.191932	0.845127	1.176305	0.010880	1.176780	0.010566	1.163898	0.003665	1.161311	0.007343	1.188065	0.497015	
1352516993.798291	1.000000	64.780075	51.416412	3.889694	1.164474	0.801484	1.165826	0.949301	1.165824	0.948636	1.158200	0.365523	1.154662	0.040804	1.165822	0.948639	1.174988	0.237117	1.160783	0.005493	1352516993.798354	1.000000	56.987778	43.553497	5.430878	1.166615	0.952432	1.166616	0.952317	1.166616	0.952274	1.161919	0.009153	1.165664	0.007698	1.164335	0.003445	1.159250	0.006103	1.157790	0.008817	
1352516994.798292	1.000001	61.830660	48.487228	3.807583	1.171733	0.072532	1.169822	0.952451	1.169820	0.951809	1.155469	0.008523	1.157999	0.008635	1.169820	0.951860	1.169819	0.951865	1.162428	0.003954	1352516994.798360	1.000006	59.107619	45.713717	5.255569	1.159200	0.138703	1.175256	0.946632	1.175258	0.946585	1.178005	0.829104	1.161977	0.015759	1.171230	0.420171	1.170667	0.005312	1.160332	0.007567	
1352516995.798298	1.000006	62.205577	48.877974	3.789757	1.165890	0.016696	1.164135	0.954507	1.164135	0.953857	1.161495	0.008386	1.155784	0.008191	1.164134	0.953847	1.164134	0.953862	1.156725	0.004111	1352516995.798346	0.999986	59.687104	46.287303	5.195248	1.170748	0.009075	1.171339	0.945145	1.171339	0.945091	1.171339	0.945062	1.165201	0.010120	1.162546	0.475685	1.162788	0.006100	1.168693	0.005791	
1352516996.798298	1.000000	62.797485	49.454330	3.785767	1.160049	0.017282	1.159919	0.954886	1.159915	0.954267	1.159242	0.010499	1.156219	0.006650	1.159915	0.954295	1.159916	0.954324	1.155662	0.005254	1352516996.798387	1.000041	59.416936	46.030003	5.246733	1.183905	0.035936	1.174904	0.940096	1.174902	0.940011	1.174901	0.939986	1.174049	0.015705	1.164196	0.434782	1.173414	0.005215	1.177126	0.014544	
1352516997.798295	0.999997	63.300977	49.933337	3.892346	1.176979	0.165515	1.174398	0.921363	1.174388	0.920273	1.169054	0.228460	1.161283	0.007743	1.174385	0.920258	1.174387	0.920353	1.157274	0.005409	1352516997.798372	0.999985	56.893021	43.473492	5.459173	1.175044	0.025965	1.176933	0.920644	1.176934	0.920574	1.176937	0.920664	1.163814	0.049842	1.160444	0.033982	1.182942	0.015483	1.163020	0.005002	
1352516998.798302	1.000007	63.040702	49.681511	3.846974	1.175501	0.091677	1.171318	0.939363	1.171311	0.938622	1.177179	0.145245	1.158852	0.010563	1.171308	0.938649	1.171308	0.938653	1.159986	0.006671	1352516998.798420	1.000048	59.016825	45.621257	5.289252	1.169894	0.014415	1.165769	0.943530	1.165769	0.943503	1.165768	0.943500	1.178303	0.018327	1.158575	0.243097	1.162357	0.005300	1.163118	0.006092	
1352516999.798292	0.999990	64.313113	50.939872	3.898293	1.169827	0.289926	1.170555	0.945607	1.170549	0.944865	1.161769	0.132416	1.157229	0.012172	1.170547	0.944847	1.170547	0.944888	1.159118	0.003768	1352516999.798384	0.999964	57.039331	43.636169	5.422070	1.177640	0.077033	1.178174	0.903130	1.178339	0.944300	1.178339	0.944308	1.178603	0.049287	1.177701	0.006797	1.164189	0.004660	1.162148	0.004949	
1352517000.798291	0.999999	62.192717	48.844178	3.801578	1.165641	0.016573	1.167450	0.944167	1.167443	0.943574	1.156066	0.013441	1.155351	0.008098	1.167442	0.943622	1.167440	0.943633	1.159047	0.004524	1352517000.798382	0.999998	58.859533	45.481776	5.218287	1.180356	0.940209	1.172204	0.438301	1.180354	0.940016	1.180355	0.940054	1.167071	0.053904	1.173454	0.008057	1.169596	0.004413	1.167193	0.004169	
1352517001.798312	1.000021	62.496095	49.141044	3.830166	1.164977	0.301185	1.168413	0.818095	1.168439	0.910792	1.161794	0.013962	1.158841	0.011589	1.168436	0.910784	1.168437	0.910812	1.161109	0.005553	1352517001.798403	1.000021	57.068871	43.674224	5.307811	1.186381	0.906069	1.182825	0.278012	1.186387	0.914390	1.186376	0.904965	1.172845	0.021502	1.177241	0.008111	1.173029	0.004305	1.178038	0.004011	
1352517002.798294	0.999982	64.638683	51.259385	3.901071	1.170309	0.931601	1.168544	0.328831	1.170309	0.931158	1.157001	0.154215	1.159171	0.011880	1.170307	0.931164	1.170306	0.931179	1.164374	0.005978	1352517002.798366	0.999963	55.976480	42.570146	5.450702	1.182206	0.936552	1.176893	0.056288	1.182206	0.936267	1.182203	0.936271	1.169141	0.005965	1.177655	0.007074	1.175994	0.005396	1.177690	0.004319	
1352517003.798302	1.000008	65.082938	51.690194	3.950652	1.167754	0.920818	1.163617	0.514295	1.167751	0.920087	1.163305	0.009121	1.157487	0.011255	1.167750	0.920075	1.167750	0.920123	1.159757	0.006231	1352517003.798396	1.000030	54.039713	40.610383	5.502551	1.203229	0.917412	1.200271	0.005764	1.203221	0.917093	1.203225	0.917137	1.201312	0.007582	1.193982	0.007934	1.193470	0.005474	1.190869	0.005723	
1352517004.798289	0.999987	63.804822	50.428319	3.963034	1.171581	0.904430	1.165289	0.476989	1.171582	0.903523	1.164283	0.010463	1.156900	0.017007	1.171583	0.903551	1.171583	0.903580	1.167574	0.007161	1352517004.798428	1.000032	56.434949	43.015792	5.458383	1.165305	0.914836	1.166579	0.005394	1.165302	0.914583	1.165302	0.914588	1.166604	0.006538	1.164051	0.007629	1.164818	0.004673	1.157613	0.005321	
1352517005.798289	1.000000	62.199463	48.823151	3.858322	1.185140	0.975823	1.185215	0.018667	1.185141	0.975717	1.177645	0.041679	1.173074	0.010978	1.185140	0.975703	1.185140	0.975694	1.172473	0.006010	1352517005.798494	1.000066	59.400893	46.001433	5.373928	1.182254	0.968074	1.184295	0.065058	1.182257	0.968010	1.182256	0.967994	1.192999	0.114616	1.166798	0.270983	1.196820	0.023522	1.182404	0.009280	
1352517006.798298	1.000009	61.368920	48.005653	3.787395	1.171990	0.923611	1.175424	0.020343	1.171982	0.922871	1.157823	0.008916	1.166057	0.026473	1.171978	0.922936	1.171978	0.922948	1.166851	0.003856	1352517006.798364	0.999870	58.920238	45.534023	5.278396	1.178852	0.338814	1.171007	0.606125	1.173427	0.916696	1.173426	0.916685	1.179056	0.020575	1.164254	0.419081	1.171341	0.004308	1.164449	0.004324	
1352517007.798319	1.000021	715763629.192106	715751064.341591	715783456.679963	0.999950	1.000315	0.999952	1.000332	0.999961	1.000323	0.999952	1.000318	0.999952	1.000321	0.999955	1.000319	0.999953	1.000325	0.999953	1.000322	1352517007.798401	1.000037	715772181.109297	715783379.651389	715792275.514934	0.999952	1.000320	0.999951	1.000329	3.895599	0.256772	0.999952	1.000320	0.999953	1.000326	0.999955	1.000318	0.999952	1.000320	0.999954	1.000330	
1352517008.798313	0.999994	0.000000	0.000000	0.000000	-nan	-nan	-nan	-nan	0.000000	inf	-nan	-nan	-nan	0.000000	-nan	-nan	-nan	-nan	-nan	-nan	1352517008.798391	0.999990	0.000000	0.000000	0.000000	-nan	-nan	-nan	-nan	0.000000	inf	-nan	-nan	-nan	-nan	-nan	-nan	-nan	-nan	-nan	-nan	
