ts_0	elapsed_0	pkg_0	pp0_0	dram_0	freq_ratio_0_0	c0_ratio_0_0	freq_ratio_0_1	c0_ratio_0_1	freq_ratio_0_2	c0_ratio_0_2	freq_ratio_0_3	c0_ratio_0_3	freq_ratio_0_4	c0_ratio_0_4	freq_ratio_0_5	c0_ratio_0_5	freq_ratio_0_6	c0_ratio_0_6	freq_ratio_0_7	c0_ratio_0_7	ts_1	elapsed_1	pkg_1	pp0_1	dram_1	freq_ratio_1_0	c0_ratio_1_0	freq_ratio_1_1	c0_ratio_1_1	freq_ratio_1_2	c0_ratio_1_2	freq_ratio_1_3	c0_ratio_1_3	freq_ratio_1_4	c0_ratio_1_4	freq_ratio_1_5	c0_ratio_1_5	freq_ratio_1_6	c0_ratio_1_6	freq_ratio_1_7	c0_ratio_1_7	
1356621255.750562	1.002022	52.866613	39.337177	6.520887	1.154933	0.469137	1.153962	0.461594	1.154287	0.464529	1.154515	0.469481	1.153686	0.462084	1.155674	0.470659	1.154045	0.461956	1.155281	0.468489	1356621255.750703	1.000392	53.502695	39.884727	7.761606	0.901177	0.952754	0.901127	0.952476	0.901130	0.952349	0.901121	0.952291	0.897507	0.918965	0.986729	0.000037	0.909793	0.000154	0.901194	0.953123	
1356621256.750552	0.999990	50.817587	37.295799	6.623220	0.829459	0.996377	0.831042	0.002145	0.829457	0.996370	0.829457	0.996367	0.829457	0.996367	0.832257	0.003344	0.829455	0.996363	0.829455	0.996362	1356621256.750687	0.999984	50.812503	37.179900	8.072669	0.845353	0.997846	0.845353	0.997844	0.845353	0.997842	0.845352	0.997840	0.845352	0.997836	0.846161	0.000051	0.837568	0.000134	0.845347	0.997839	
1356621257.750552	1.000000	50.812790	37.291473	6.713547	0.827598	0.995659	0.827709	0.006887	0.827608	0.996176	0.827598	0.995636	0.827608	0.996170	0.830807	0.001000	0.827608	0.996170	0.827597	0.995614	1356621257.750668	0.999981	50.808495	37.159766	8.069368	0.845297	0.998123	0.845297	0.998120	0.845318	0.997563	0.845317	0.997598	0.845297	0.998116	0.826135	0.000014	0.837015	0.000149	0.845297	0.998118	
1356621258.750552	1.000000	50.809372	37.294510	6.759796	0.829384	0.996448	0.824548	0.003678	0.829385	0.996064	0.829383	0.996448	0.829385	0.996059	0.823042	0.000416	0.829385	0.996054	0.829385	0.996054	1356621258.750686	1.000018	50.804939	37.152137	8.180106	0.844396	0.997505	0.844396	0.997447	0.844396	0.997460	0.844397	0.997506	0.844396	0.997441	0.842502	0.000054	0.847427	0.001154	0.844399	0.997483	
1356621259.750551	0.999999	50.812976	37.295415	6.792960	0.829077	0.996532	0.827062	0.002740	0.829078	0.996533	0.829077	0.996526	0.829077	0.996528	0.807522	0.000050	0.829078	0.996527	0.829077	0.996524	1356621259.750690	1.000004	50.803032	37.157900	8.057752	0.844455	0.997943	0.844455	0.997941	0.844456	0.997938	0.844456	0.997940	0.844456	0.997937	0.856100	0.000014	0.837237	0.000123	0.844458	0.997938	
1356621260.750551	1.000000	50.817291	37.322250	6.614792	0.825315	0.996117	0.825687	0.010601	0.825315	0.996118	0.825316	0.996114	0.825316	0.996112	0.825069	0.000202	0.825315	0.996110	0.825315	0.996106	1356621260.750682	0.999992	50.809372	37.201809	8.013798	0.845417	0.998132	0.845417	0.998132	0.845416	0.998129	0.845416	0.998128	0.845416	0.998124	0.821698	0.000078	0.846931	0.000127	0.845414	0.998126	
1356621261.750551	1.000000	50.810837	37.309418	6.661865	0.828671	0.996034	0.823909	0.001721	0.828671	0.996024	0.828671	0.996031	0.828665	0.996294	0.829251	0.003770	0.828664	0.996273	0.828665	0.996289	1356621261.750690	1.000008	50.808380	37.180897	8.134044	0.844673	0.997502	0.844672	0.997444	0.844673	0.997443	0.844672	0.997482	0.844672	0.997438	0.845914	0.000043	0.869746	0.000090	0.844673	0.997494	
1356621262.750552	1.000001	50.760633	37.282572	6.503610	0.828157	0.996430	0.824675	0.000395	0.828157	0.996437	0.828157	0.996432	0.828157	0.996424	0.826631	0.004323	0.828158	0.996423	0.828157	0.996421	1356621262.750681	0.999991	50.805575	37.216951	8.041226	0.845317	0.998372	0.845317	0.998370	0.845317	0.998369	0.845317	0.998367	0.845317	0.998367	0.814592	0.000048	0.852955	0.000221	0.845317	0.998367	
1356621263.750551	0.999999	50.813601	37.300298	6.851813	0.825851	0.995926	0.824329	0.007827	0.825851	0.995940	0.825851	0.995950	0.825853	0.995944	0.825842	0.002382	0.825854	0.995934	0.825854	0.995938	1356621263.750684	1.000003	50.806819	37.168876	8.049475	0.844240	0.997702	0.844241	0.997856	0.844240	0.997677	0.844240	0.997854	0.844240	0.997851	0.846177	0.000041	0.846279	0.000118	0.844240	0.997858	
1356621264.750552	1.000001	50.813398	37.305522	6.787820	0.825606	0.996264	0.822995	0.012069	0.825606	0.996261	0.825606	0.996257	0.825606	0.996257	0.829215	0.000453	0.825606	0.996255	0.825606	0.996253	1356621264.750685	1.000001	50.811017	37.182689	8.064705	0.843769	0.997505	0.843769	0.997504	0.843769	0.997501	0.843769	0.997499	0.843769	0.997497	0.846578	0.000067	0.846050	0.000151	0.843769	0.997498	
1356621265.750552	1.000000	50.817474	37.318222	6.682755	0.825467	0.996181	0.825266	0.009959	0.825465	0.996177	0.825465	0.996174	0.825465	0.996172	0.828788	0.000401	0.825463	0.996171	0.825463	0.996169	1356621265.750681	0.999996	50.804588	37.190687	8.114489	0.844395	0.997747	0.844395	0.997746	0.844395	0.997745	0.844394	0.997742	0.844394	0.997741	0.840730	0.000042	0.832506	0.000092	0.844392	0.997741	
1356621266.750551	0.999999	50.811526	37.304540	6.673972	0.827654	0.996255	0.824562	0.003390	0.827653	0.996256	0.827653	0.996255	0.827653	0.996251	0.824313	0.001021	0.827654	0.996250	0.827653	0.996245	1356621266.750680	0.999999	50.809069	37.189779	8.066750	0.843825	0.997545	0.843825	0.997542	0.843825	0.997541	0.843825	0.997537	0.843825	0.997536	0.843208	0.000048	0.844963	0.000153	0.843828	0.997535	
1356621267.750551	1.000000	50.812851	37.310776	6.749191	0.828482	0.996327	0.830972	0.000097	0.828484	0.996325	0.828484	0.996319	0.828485	0.996318	0.828712	0.003628	0.828485	0.996316	0.828486	0.996315	1356621267.750678	0.999998	50.757314	37.158182	8.027344	0.843549	0.997399	0.843549	0.997398	0.843549	0.997396	0.843549	0.997394	0.843549	0.997391	0.845337	0.000045	0.845833	0.000119	0.843549	0.997392	
1356621268.750551	1.000000	50.810364	37.292267	6.882904	0.828505	0.996308	0.826001	0.000156	0.828503	0.996304	0.828503	0.996303	0.828502	0.996299	0.829590	0.004412	0.828501	0.996300	0.828500	0.996296	1356621268.750680	1.000002	50.805613	37.157140	8.083237	0.843132	0.997491	0.843131	0.997488	0.843125	0.997497	0.843131	0.997485	0.843131	0.997483	0.814629	0.000051	0.846167	0.000149	0.843131	0.997491	
1356621269.750551	1.000000	50.816467	37.312805	6.712448	0.827959	0.996047	0.828674	0.005530	0.827956	0.996182	0.827959	0.996043	0.827958	0.996038	0.827606	0.000437	0.827956	0.996175	0.827956	0.996174	1356621269.750690	1.000010	50.806239	37.194726	8.131281	0.843170	0.997403	0.843172	0.997347	0.843179	0.997338	0.843171	0.997385	0.843172	0.997340	0.847299	0.000040	0.857408	0.000092	0.843170	0.997395	
1356621270.750551	1.000000	50.762482	37.278122	6.621201	0.825114	0.996315	0.825393	0.008951	0.825114	0.996313	0.825114	0.996312	0.825114	0.996307	0.838865	0.000183	0.825114	0.996302	0.825113	0.996302	1356621270.750680	0.999990	50.811162	37.202231	8.149572	0.843523	0.997979	0.843522	0.997978	0.843522	0.997977	0.843522	0.997976	0.843522	0.997972	0.845640	0.000046	0.846233	0.000135	0.843522	0.997974	
1356621271.750551	1.000000	50.862869	37.338104	6.764938	0.826820	0.995921	0.826497	0.005113	0.826828	0.996338	0.826820	0.995918	0.826820	0.995912	0.823249	0.001308	0.826820	0.995914	0.826820	0.995907	1356621271.750688	1.000008	50.810791	37.180485	8.120128	0.842505	0.997460	0.842505	0.997458	0.842505	0.997458	0.842504	0.997453	0.842504	0.997454	0.840611	0.000040	0.856682	0.000091	0.842502	0.997452	
1356621272.750551	1.000000	715776460.842041	715779288.929428	715809637.911575	0.999913	1.000639	0.999912	1.000651	0.999921	1.000645	0.999913	1.000639	0.999915	1.000650	0.999914	1.000635	0.999914	1.000650	0.999912	1.000640	1356621272.750641	0.999953	715830308.860603	715822463.074725	715801884.689321	0.999913	1.000644	0.999911	1.000645	3.898273	0.256670	0.999913	1.000641	0.999915	1.000655	0.999917	1.000645	0.999915	1.000654	0.999915	1.000650	
1356621273.750638	1.000087	0.000000	0.000000	0.000000	-nan	-nan	-nan	-nan	0.000000	inf	-nan	-nan	-nan	0.000000	-nan	-nan	-nan	-nan	-nan	-nan	1356621273.750717	1.000076	0.000000	0.000000	0.000000	-nan	-nan	-nan	-nan	0.000000	inf	-nan	-nan	-nan	-nan	-nan	-nan	-nan	-nan	-nan	-nan	
