ts_0	elapsed_0	pkg_0	pp0_0	dram_0	freq_ratio_0_0	c0_ratio_0_0	freq_ratio_0_1	c0_ratio_0_1	freq_ratio_0_2	c0_ratio_0_2	freq_ratio_0_3	c0_ratio_0_3	freq_ratio_0_4	c0_ratio_0_4	freq_ratio_0_5	c0_ratio_0_5	freq_ratio_0_6	c0_ratio_0_6	freq_ratio_0_7	c0_ratio_0_7	ts_1	elapsed_1	pkg_1	pp0_1	dram_1	freq_ratio_1_0	c0_ratio_1_0	freq_ratio_1_1	c0_ratio_1_1	freq_ratio_1_2	c0_ratio_1_2	freq_ratio_1_3	c0_ratio_1_3	freq_ratio_1_4	c0_ratio_1_4	freq_ratio_1_5	c0_ratio_1_5	freq_ratio_1_6	c0_ratio_1_6	freq_ratio_1_7	c0_ratio_1_7	
1356621255.760552	1.001782	52.683206	39.110102	5.826547	1.158023	0.507116	1.156888	0.498686	1.156253	0.494193	1.158834	0.512163	1.155568	0.488718	1.159542	0.516824	1.157423	0.501405	1.157860	0.504248	1356621255.760691	1.000406	53.369383	39.694698	6.370216	0.891469	0.960582	0.891525	0.960140	0.891542	0.959887	0.891498	0.959696	0.889693	0.943855	0.841327	0.000179	0.935370	0.000106	0.891481	0.961376	
1356621256.760547	0.999995	50.809077	37.189517	5.929641	0.833571	0.996900	0.833571	0.996897	0.833571	0.996895	0.833572	0.996890	0.833572	0.996889	0.833572	0.996887	0.833993	0.000464	0.836105	0.000016	1356621256.760670	0.999979	50.813673	37.078689	6.917885	0.828748	0.996302	0.828748	0.996301	0.828748	0.996296	0.828748	0.996300	0.828748	0.996290	0.828409	0.002092	0.808099	0.000046	0.828748	0.996295	
1356621257.760547	1.000000	50.812866	37.207947	5.882599	0.831969	0.996543	0.831969	0.996540	0.831969	0.996537	0.831969	0.996534	0.831969	0.996530	0.831968	0.996526	0.832557	0.003559	0.839031	0.000203	1356621257.760673	1.000003	50.814128	37.096748	6.777521	0.829008	0.996425	0.829008	0.996421	0.829008	0.996416	0.829008	0.996402	0.829008	0.996400	0.837049	0.000446	0.837369	0.000335	0.829008	0.996397	
1356621258.760547	1.000000	50.811005	37.205444	5.906036	0.830798	0.996255	0.830802	0.996516	0.830802	0.996514	0.830802	0.996509	0.830802	0.996510	0.830802	0.996507	0.831049	0.006027	0.823708	0.000015	1356621258.760674	1.000001	50.809690	37.094371	6.634332	0.828919	0.996174	0.828918	0.996237	0.828919	0.996150	0.828914	0.996425	0.828919	0.996159	0.823200	0.000096	0.830470	0.000092	0.828914	0.996424	
1356621259.760547	1.000000	50.811127	37.211166	5.884933	0.832574	0.996647	0.832574	0.996647	0.832574	0.996642	0.832575	0.996638	0.832574	0.996637	0.832575	0.996634	0.831690	0.003067	0.842420	0.000054	1356621259.760670	0.999996	50.763130	37.066343	6.719372	0.828487	0.996382	0.828487	0.996382	0.828487	0.996377	0.828488	0.996375	0.828488	0.996373	0.840563	0.000501	0.844917	0.000131	0.828490	0.996372	
1356621260.760546	0.999999	50.809573	37.204305	5.882177	0.832614	0.996017	0.832607	0.996312	0.832605	0.996486	0.832606	0.996446	0.832599	0.996727	0.832606	0.996439	0.831079	0.001285	0.831133	0.000015	1356621260.760674	1.000004	50.812691	37.095095	6.756885	0.826996	0.996307	0.826996	0.996305	0.826988	0.995864	0.826988	0.995861	0.826988	0.995853	0.819886	0.003739	0.825871	0.002141	0.826992	0.996111	
1356621261.760547	1.000001	50.812528	37.210643	5.861109	0.833044	0.996754	0.833044	0.996751	0.833043	0.996749	0.833043	0.996746	0.833042	0.996745	0.833043	0.996741	0.833688	0.000459	0.810081	0.000058	1356621261.760677	1.000003	50.814952	37.099769	6.690836	0.827842	0.996344	0.827841	0.996342	0.827842	0.996340	0.827841	0.996335	0.827841	0.996333	0.836469	0.000128	0.828874	0.003121	0.827838	0.996333	
1356621262.760547	1.000000	50.811905	37.172211	5.955246	0.830762	0.996467	0.830761	0.996463	0.830762	0.996461	0.830762	0.996458	0.830762	0.996455	0.830762	0.996451	0.828865	0.003892	0.806456	0.000037	1356621262.760674	0.999997	50.813832	37.048119	6.995826	0.827933	0.996279	0.827933	0.996275	0.827933	0.996272	0.827933	0.996266	0.827933	0.996265	0.822107	0.000148	0.824839	0.001420	0.827933	0.996266	
1356621263.760547	1.000000	50.810501	37.228226	5.869827	0.828199	0.996534	0.828200	0.996533	0.828200	0.996528	0.828200	0.996525	0.828200	0.996521	0.828200	0.996518	0.777711	0.004284	0.767069	0.003554	1356621263.760666	0.999992	50.809280	37.123714	6.510902	0.827341	0.996265	0.827341	0.996261	0.827341	0.996259	0.827341	0.996256	0.827341	0.996257	0.823930	0.003521	0.777447	0.004566	0.827344	0.996253	
1356621264.760547	1.000000	50.761536	37.159637	5.903336	0.832568	0.995961	0.832566	0.996589	0.832568	0.995974	0.832567	0.995933	0.832566	0.996580	0.832567	0.995913	0.829250	0.000789	0.815474	0.000016	1356621264.760693	1.000027	50.815129	37.080788	6.888685	0.826560	0.996333	0.826560	0.996329	0.826560	0.996325	0.826559	0.996323	0.826559	0.996318	0.829528	0.003843	0.844401	0.000092	0.826557	0.996318	
1356621265.760547	1.000000	50.812149	37.201340	5.926987	0.830996	0.995810	0.831006	0.996503	0.831006	0.996499	0.831006	0.996498	0.830994	0.995802	0.831005	0.996505	0.829035	0.003748	0.841497	0.000067	1356621265.760672	0.999979	50.813124	37.088135	6.741535	0.827963	0.996349	0.827963	0.996347	0.827963	0.996344	0.827963	0.996340	0.827963	0.996337	0.822541	0.000136	0.825312	0.000154	0.827963	0.996335	
1356621266.760546	0.999999	50.808673	37.203420	5.913626	0.832147	0.996526	0.832147	0.996525	0.832147	0.996521	0.832147	0.996516	0.832148	0.996515	0.832148	0.996511	0.832447	0.000414	0.811199	0.000043	1356621266.760665	0.999993	50.812745	37.093121	6.685654	0.826662	0.996231	0.826662	0.996227	0.826662	0.996223	0.826663	0.996224	0.826663	0.996219	0.827307	0.003338	0.827277	0.002099	0.826665	0.996219	
1356621267.760547	1.000001	50.812894	37.198848	5.888102	0.832127	0.996648	0.832127	0.996644	0.832128	0.996642	0.832127	0.996639	0.832127	0.996638	0.832127	0.996634	0.821125	0.000792	0.814963	0.000052	1356621267.760675	1.000010	50.812052	37.081767	6.813164	0.827409	0.996267	0.827409	0.996263	0.827409	0.996260	0.827409	0.996255	0.827408	0.996253	0.826753	0.003190	0.820821	0.000416	0.827406	0.996253	
1356621268.760546	0.999999	50.808459	37.186910	5.944006	0.832353	0.996042	0.832361	0.996525	0.832360	0.996521	0.832361	0.996519	0.832361	0.996518	0.832360	0.996515	0.832716	0.000391	0.803784	0.000044	1356621268.760670	0.999995	50.810862	37.071047	6.875889	0.827386	0.996353	0.827378	0.995899	0.827386	0.996346	0.827377	0.995862	0.827386	0.996344	0.826439	0.002444	0.829020	0.002077	0.827384	0.996096	
1356621269.760547	1.000001	50.814344	37.166957	5.990717	0.830376	0.996392	0.830376	0.996387	0.830375	0.996385	0.830375	0.996381	0.830375	0.996379	0.830374	0.996376	0.830513	0.005447	0.843340	0.000106	1356621269.760671	1.000001	50.815168	37.038432	7.125649	0.828479	0.996423	0.828479	0.996421	0.828479	0.996418	0.828479	0.996416	0.828479	0.996416	0.819955	0.000513	0.830966	0.000157	0.828479	0.996413	
1356621270.760547	1.000000	50.811279	37.191437	5.881836	0.830971	0.996505	0.830971	0.996501	0.830971	0.996501	0.830971	0.996496	0.830971	0.996492	0.830971	0.996491	0.829677	0.004791	0.821464	0.000071	1356621270.760675	1.000004	50.761467	37.042239	6.810077	0.827121	0.996348	0.827121	0.996344	0.827121	0.996340	0.827121	0.996342	0.827120	0.996337	0.812381	0.004591	0.812906	0.000397	0.827121	0.996337	
1356621271.760547	1.000000	50.809204	37.196167	5.886627	0.831806	0.996685	0.831806	0.996683	0.831807	0.996679	0.831807	0.996677	0.831807	0.996673	0.831807	0.996672	0.832687	0.002263	0.844747	0.000077	1356621271.760672	0.999997	50.812429	37.082329	6.795538	0.827274	0.996269	0.827273	0.996267	0.827273	0.996272	0.827273	0.996260	0.827273	0.996261	0.824831	0.002318	0.823678	0.000331	0.827270	0.996267	
1356621272.760546	0.999999	715782708.028767	715817300.730336	715763938.457812	0.999937	1.000389	0.999936	1.000398	0.999947	1.000399	0.999936	1.000385	0.999940	1.000406	0.999938	1.000379	0.999938	1.000396	0.999937	1.000391	1356621272.760659	0.999987	715776498.796992	715779938.147954	715808784.271667	0.999937	1.000392	0.999935	1.000394	3.896477	0.256731	0.999936	1.000384	0.999939	1.000399	0.999939	1.000385	0.999937	1.000393	0.999938	1.000394	
1356621273.760552	1.000006	0.000000	0.000000	0.000000	-nan	-nan	-nan	-nan	0.000000	inf	-nan	-nan	-nan	0.000000	-nan	-nan	-nan	-nan	-nan	-nan	1356621273.760629	0.999970	0.000000	0.000000	0.000000	-nan	-nan	-nan	-nan	0.000000	inf	-nan	-nan	-nan	-nan	-nan	-nan	-nan	-nan	-nan	-nan	
