ts_0	elapsed_0	pkg_0	pp0_0	dram_0	freq_ratio_0_0	c0_ratio_0_0	freq_ratio_0_1	c0_ratio_0_1	freq_ratio_0_2	c0_ratio_0_2	freq_ratio_0_3	c0_ratio_0_3	freq_ratio_0_4	c0_ratio_0_4	freq_ratio_0_5	c0_ratio_0_5	freq_ratio_0_6	c0_ratio_0_6	freq_ratio_0_7	c0_ratio_0_7	ts_1	elapsed_1	pkg_1	pp0_1	dram_1	freq_ratio_1_0	c0_ratio_1_0	freq_ratio_1_1	c0_ratio_1_1	freq_ratio_1_2	c0_ratio_1_2	freq_ratio_1_3	c0_ratio_1_3	freq_ratio_1_4	c0_ratio_1_4	freq_ratio_1_5	c0_ratio_1_5	freq_ratio_1_6	c0_ratio_1_6	freq_ratio_1_7	c0_ratio_1_7	
1354696540.612760	1.001938	62.544950	49.414285	4.794282	1.196579	0.930889	1.201028	0.992850	1.196573	0.930937	1.192300	0.827547	1.192300	0.827549	1.191135	0.000414	1.192978	0.000366	1.216953	0.000177	1354696540.612962	1.000679	61.500629	48.387234	2.720900	1.206913	0.932631	1.207075	0.934379	1.206975	0.932081	1.085495	0.000116	0.977062	0.000113	1.192292	0.575909	1.042950	0.000058	1.207030	0.933129	
1354696541.612753	0.999993	69.212377	56.070838	4.946995	1.191702	0.999640	1.191701	0.999639	1.191702	0.999639	1.191702	0.999639	1.191702	0.999639	1.155978	0.002087	1.172498	0.003866	1.153735	0.002052	1354696541.612868	0.999906	67.330269	54.199275	2.701151	1.192306	0.999976	1.192306	0.999976	1.192306	0.999976	1.192563	0.000062	1.191584	0.000009	1.192306	0.999975	1.195622	0.000069	1.192306	0.999976	
1354696542.612759	1.000006	67.351985	54.205854	4.952226	1.192305	0.999978	1.192305	0.999978	1.192305	0.999977	1.192305	0.999978	1.192305	0.999977	1.191952	0.000301	1.191307	0.000129	1.197234	0.000066	1354696542.612957	1.000089	67.362753	54.221893	2.717440	1.192306	0.999976	1.192306	0.999975	1.192306	0.999975	1.192208	0.000087	1.192303	0.000058	1.192306	0.999976	1.193542	0.000009	1.192306	0.999976	
1354696543.612752	0.999993	67.439813	54.287378	4.968037	1.192306	0.999976	1.192306	0.999976	1.192306	0.999976	1.192306	0.999976	1.192306	0.999976	1.192109	0.000265	1.191412	0.000150	1.191767	0.000030	1354696543.612951	0.999994	67.508276	54.380222	2.693131	1.192306	0.999976	1.192306	0.999976	1.192306	0.999976	1.192317	0.000333	1.192028	0.000010	1.192306	0.999977	1.191830	0.000051	1.192306	0.999977	
1354696544.612752	1.000000	67.503326	54.347916	4.947586	1.192306	0.999976	1.192305	0.999975	1.192306	0.999975	1.192306	0.999975	1.192306	0.999976	1.192838	0.000301	1.193095	0.000144	1.192421	0.000060	1354696544.612958	1.000007	67.609091	54.486974	2.701550	1.192306	0.999977	1.192306	0.999977	1.192306	0.999977	1.192441	0.000074	1.192261	0.000058	1.192306	0.999976	1.193024	0.000010	1.192306	0.999976	
1354696545.612752	1.000000	67.525467	54.366379	4.962753	1.192306	0.999978	1.192306	0.999978	1.192306	0.999978	1.192305	0.999978	1.192306	0.999978	1.191956	0.000263	1.187816	0.000145	1.171101	0.000031	1354696545.612955	0.999997	67.566707	54.454072	2.709695	1.192306	0.999976	1.192306	0.999976	1.192306	0.999976	1.192431	0.000053	1.192480	0.000010	1.192306	0.999976	1.188408	0.000131	1.192306	0.999976	
1354696546.612758	1.000006	67.614953	54.453258	4.962953	1.192306	0.999976	1.192306	0.999976	1.192306	0.999976	1.192306	0.999976	1.192306	0.999975	1.192104	0.000319	1.196809	0.000153	1.200693	0.000077	1354696546.612959	1.000004	67.665863	54.550636	2.715138	1.192306	0.999976	1.192306	0.999976	1.192306	0.999976	1.192289	0.000119	1.192390	0.000065	1.192306	0.999977	1.207932	0.000031	1.192306	0.999977	
1354696547.612752	0.999994	67.621527	54.460240	4.963210	1.192306	0.999978	1.192306	0.999978	1.192305	0.999978	1.192305	0.999977	1.192306	0.999977	1.192284	0.000275	1.191240	0.000123	1.191741	0.000030	1354696547.612951	0.999992	67.691055	54.573532	2.706809	1.192306	0.999977	1.192306	0.999977	1.192306	0.999977	1.192379	0.000053	1.192035	0.000009	1.192306	0.999977	1.192706	0.000052	1.192306	0.999977	
1354696548.612752	1.000000	67.634781	54.470993	4.952881	1.192306	0.999978	1.192306	0.999978	1.192306	0.999978	1.192306	0.999978	1.192306	0.999978	1.192007	0.000301	1.191417	0.000156	1.192727	0.000059	1354696548.612955	1.000004	67.578721	54.472252	2.701588	1.192306	0.999977	1.192306	0.999977	1.192306	0.999977	1.190588	0.000374	1.192315	0.000044	1.192306	0.999976	1.195094	0.000010	1.192306	0.999975	
1354696549.612752	1.000000	67.671753	54.503662	4.968323	1.192306	0.999978	1.192306	0.999978	1.192306	0.999978	1.192306	0.999978	1.192306	0.999978	1.192650	0.000280	1.192684	0.000340	1.192077	0.000030	1354696549.612949	0.999994	67.692359	54.570943	2.712617	1.192306	0.999975	1.192306	0.999975	1.192306	0.999975	1.199166	0.000098	1.192549	0.000010	1.192306	0.999978	1.177296	0.000048	1.192306	0.999978	
1354696550.612752	1.000000	67.643799	54.472137	4.962906	1.192281	0.999700	1.192281	0.999700	1.192281	0.999699	1.192281	0.999699	1.192281	0.999700	1.183372	0.000554	1.179755	0.000378	1.170342	0.000203	1354696550.612952	1.000003	67.701237	54.580428	2.701118	1.192306	0.999978	1.192306	0.999978	1.192306	0.999978	1.192280	0.000073	1.192626	0.000045	1.192306	0.999978	1.195906	0.000200	1.192306	0.999978	
1354696551.612752	1.000000	67.735748	54.563156	4.967651	1.192303	0.999954	1.192303	0.999954	1.192303	0.999954	1.192303	0.999954	1.192303	0.999954	1.192184	0.000560	1.192135	0.001793	1.178570	0.000047	1354696551.612956	1.000004	67.713211	54.589821	2.717442	1.192306	0.999978	1.192306	0.999978	1.192306	0.999978	1.192198	0.000054	1.191568	0.000016	1.192306	0.999976	1.192093	0.000057	1.192306	0.999976	
1354696552.612761	1.000009	715770275.663465	715778173.189418	715759593.234917	0.999945	1.000577	0.999940	1.000571	0.999954	1.000583	0.999943	1.000571	0.999946	1.000588	0.999946	1.000569	0.999945	1.000583	0.999945	1.000578	1354696552.612852	0.999896	715900200.253040	715856470.659796	715867851.717817	0.999945	1.000581	0.999942	1.000578	3.896076	0.256806	0.999944	1.000573	0.999946	1.000586	0.999946	1.000572	0.999945	1.000582	0.999944	1.000576	
1354696553.612841	1.000080	0.000000	0.000000	0.000000	-nan	-nan	-nan	-nan	8.000000	inf	-nan	-nan	-nan	0.000000	-nan	-nan	-nan	-nan	-nan	-nan	1354696553.612903	1.000051	0.000000	0.000000	0.000000	-nan	-nan	-nan	-nan	0.000000	inf	-nan	-nan	-nan	-nan	-nan	-nan	-nan	-nan	-nan	-nan	
