ts_0	elapsed_0	pkg_0	pp0_0	dram_0	freq_ratio_0_0	c0_ratio_0_0	freq_ratio_0_1	c0_ratio_0_1	freq_ratio_0_2	c0_ratio_0_2	freq_ratio_0_3	c0_ratio_0_3	freq_ratio_0_4	c0_ratio_0_4	freq_ratio_0_5	c0_ratio_0_5	freq_ratio_0_6	c0_ratio_0_6	freq_ratio_0_7	c0_ratio_0_7	ts_1	elapsed_1	pkg_1	pp0_1	dram_1	freq_ratio_1_0	c0_ratio_1_0	freq_ratio_1_1	c0_ratio_1_1	freq_ratio_1_2	c0_ratio_1_2	freq_ratio_1_3	c0_ratio_1_3	freq_ratio_1_4	c0_ratio_1_4	freq_ratio_1_5	c0_ratio_1_5	freq_ratio_1_6	c0_ratio_1_6	freq_ratio_1_7	c0_ratio_1_7	
1356626280.402785	1.002113	51.785591	38.645785	6.114125	1.154864	0.580667	1.154165	0.581606	1.153719	0.581333	1.154336	0.585163	1.153819	0.578817	1.154400	0.583121	1.154351	0.579706	1.154407	0.580112	1356626280.402942	1.000405	53.371798	40.292196	3.039449	0.997500	0.010554	0.999933	0.969041	0.999981	0.964868	1.000001	0.964967	0.957132	0.000404	1.002221	0.000147	1.000001	0.958988	0.999862	0.969917	
1356626281.402783	0.999998	48.123551	34.967855	5.846645	0.999837	0.868199	1.000000	0.867494	1.000000	0.867484	1.000000	0.867450	0.999987	0.001491	0.997540	0.000087	0.999762	0.002788	1.000000	0.867483	1356626281.402934	0.999992	50.283382	37.180920	3.247692	1.000219	0.000409	1.000000	0.867463	1.000000	0.867480	1.000000	0.867470	0.999711	0.000012	1.000250	0.000102	1.000000	0.867478	1.000000	1.000000	
1356626282.402781	0.999998	52.710092	39.552749	6.102917	1.000001	1.000000	1.000000	1.000000	1.000000	1.000000	1.000000	1.000000	0.999973	0.004025	0.985004	0.000015	1.001655	0.000010	1.000000	1.000000	1356626282.402925	0.999991	54.275791	41.176368	3.068143	0.999868	0.000744	1.000000	1.000000	1.000000	1.000000	1.000000	1.000000	0.994259	0.000094	0.999405	0.000084	1.000000	1.000000	1.000000	1.000000	
1356626283.402781	1.000000	51.762726	38.597382	6.120132	1.000000	0.979221	1.000000	0.978992	1.000000	0.978969	1.000000	0.978954	0.999984	0.000694	1.005329	0.000068	1.000570	0.001091	1.000000	0.978982	1356626283.402927	1.000002	53.731282	40.628325	2.849192	0.999920	0.000309	1.000000	0.978972	1.000000	0.978971	1.000000	0.978970	1.018613	0.000029	1.000004	0.000183	1.000000	0.978968	1.000000	1.000000	
1356626284.402781	1.000000	52.145004	38.979187	6.114090	1.000000	1.000000	1.000000	1.000000	1.000000	1.000000	1.000000	1.000001	1.000544	0.000335	1.010952	0.000013	0.999435	0.000014	1.000000	1.000000	1356626284.402926	0.999999	54.112234	41.007775	2.746325	1.000004	0.000354	1.000000	1.000000	1.000000	1.000000	1.000000	1.000000	1.000000	0.000056	1.000005	0.000079	1.000000	1.000000	1.000000	1.000000	
1356626285.402780	0.999999	53.116597	39.964653	6.121405	1.000000	1.000000	1.000000	1.000000	1.000000	1.000000	1.000000	1.000000	0.999383	0.000261	0.999884	0.000172	0.999955	0.003187	1.000000	1.000000	1356626285.402892	0.999966	54.337683	41.234911	3.347892	0.999915	0.000246	1.000000	1.000000	1.000000	1.000000	1.000000	1.000000	0.999062	0.000011	1.000267	0.000107	1.000000	1.000000	1.000000	1.000000	
1356626286.402781	1.000001	54.422189	41.256156	6.113901	1.000000	1.000000	1.000000	1.000000	1.000000	1.000000	1.000000	1.000000	0.999892	0.000283	1.001113	0.000014	0.999279	0.000549	1.000000	1.000000	1356626286.402904	1.000012	54.465217	41.359859	2.884319	1.000000	0.000351	1.000000	1.000000	1.000000	1.000000	1.000000	1.000000	1.000136	0.000048	0.999985	0.003087	1.000000	1.000000	1.000000	1.000000	
1356626287.402781	1.000000	52.216873	39.049820	6.119949	1.000000	1.000000	1.000000	1.000000	1.000000	1.000000	1.000000	0.999999	0.999883	0.000275	0.999969	0.000050	1.009584	0.000055	1.000000	1.000000	1356626287.402922	1.000018	54.174263	41.065657	2.730603	0.999981	0.000305	1.000000	1.000000	1.000000	1.000000	1.000000	1.000000	1.000032	0.000012	1.000015	0.000104	1.000000	1.000000	1.000000	1.000000	
1356626288.402781	1.000000	52.381912	39.217758	6.121399	1.000000	1.000000	1.000000	1.000000	1.000000	1.000000	1.000000	1.000001	1.000349	0.000606	0.999030	0.000014	1.016966	0.000013	1.000000	1.000000	1356626288.402918	0.999996	54.281302	41.184768	2.715374	0.999987	0.001098	1.000000	1.000000	1.000000	1.000000	1.000000	1.000000	0.999532	0.000046	1.000431	0.000072	1.000000	1.000000	1.000000	1.000000	
1356626289.402781	1.000000	52.273682	39.106964	6.126083	1.000000	1.000000	1.000000	1.000000	1.000000	1.000000	1.000000	1.000000	0.999909	0.002391	1.000012	0.000098	0.994981	0.000048	1.000000	1.000000	1356626289.402925	1.000007	54.146964	41.033209	2.750942	0.999993	0.000273	1.000000	1.000000	1.000000	1.000000	1.000000	1.000000	1.000535	0.000019	0.999955	0.000103	1.000000	1.000000	1.000000	1.000000	
1356626290.402781	1.000000	52.466309	39.299072	6.125992	1.000000	1.000000	1.000000	1.000000	0.999999	0.975685	1.000000	0.975680	1.000795	0.000337	0.999995	0.005142	1.001888	0.000014	1.000000	0.975683	1356626290.402923	0.999998	53.898022	40.781953	3.603980	0.999959	0.000358	1.000000	1.000000	1.000000	0.975681	1.000000	1.000000	0.999991	0.000045	1.000020	0.000116	1.000000	0.975680	1.000000	1.000000	
1356626291.402780	0.999999	52.799413	39.634712	6.109076	1.000000	1.000000	1.000000	1.000000	1.000000	1.000000	1.000000	1.000000	0.998926	0.000258	0.999996	0.004340	0.999841	0.000048	1.000000	1.000000	1356626291.402920	0.999997	54.373673	41.259497	3.502147	0.999975	0.000264	1.000000	1.000000	1.000000	1.000000	1.000000	1.000000	0.999774	0.000012	0.999970	0.000103	1.000000	1.000000	1.000000	1.000000	
1356626292.402781	1.000001	52.405040	39.238107	6.120111	1.000000	1.000000	1.000000	1.000000	1.000000	1.000000	1.000000	1.000000	0.999981	0.000378	1.000350	0.000013	1.000057	0.000013	1.000000	1.000000	1356626292.402924	1.000004	54.173914	41.056245	2.740712	1.000044	0.000322	1.000000	1.000000	1.000000	1.000000	1.000000	1.000000	1.000196	0.000051	0.999607	0.000072	1.000000	1.000000	1.000000	1.000000	
1356626293.402782	1.000001	53.443492	40.274955	6.120127	1.000000	1.000000	1.000000	1.000000	1.000000	1.000000	1.000000	1.000000	1.000070	0.000636	1.000006	0.003028	0.986265	0.000047	1.000000	1.000000	1356626293.402900	0.999976	54.158470	41.040066	3.384099	0.999838	0.000290	1.000000	1.000000	1.000000	1.000000	1.000000	1.000000	0.999282	0.000011	0.999956	0.000105	1.000000	1.000000	1.000000	1.000000	
1356626294.402781	0.999999	54.616355	41.462335	6.115240	1.000000	1.000000	1.000000	1.000000	1.000000	1.000000	1.000000	1.000000	1.000652	0.000284	0.998201	0.000403	0.998982	0.000015	1.000000	1.000000	1356626294.402903	1.000003	54.656020	41.540200	2.858695	1.000142	0.000337	1.000000	1.000000	1.000000	1.000000	1.000000	1.000000	0.988205	0.000043	1.000008	0.007801	1.000000	1.000000	1.000000	1.000000	
1356626295.402781	1.000000	53.185623	40.016830	6.118942	1.000000	1.000000	1.000000	1.000000	1.000000	1.000000	1.000000	1.000000	0.999942	0.005194	1.000150	0.004928	1.000226	0.002877	1.000000	1.000000	1356626295.402923	1.000020	54.709445	41.590888	3.046005	0.999985	0.003023	1.000000	1.000000	1.000000	1.000000	1.000000	1.000000	1.000182	0.002785	0.999994	0.003965	1.000000	1.000000	1.000000	1.000000	
1356626296.402781	1.000000	53.213684	40.046936	6.125885	1.000000	1.000000	1.000000	1.000000	1.000000	1.000000	1.000000	1.000000	1.000116	0.000272	0.999981	0.005963	1.000144	0.000013	1.000000	1.000000	1356626296.402923	1.000000	54.069672	40.964539	3.622147	0.999960	0.000319	1.000000	1.000000	1.000000	1.000000	1.000000	1.000000	0.999975	0.000046	1.000086	0.000076	1.000000	1.000000	1.000000	1.000000	
1356626297.402780	0.999999	53.065206	39.900047	6.090582	1.000000	1.000000	1.000000	1.000000	1.000000	1.000000	1.000000	1.000000	0.999961	0.000265	0.999981	0.007212	0.997944	0.000049	1.000000	1.000000	1356626297.402891	0.999968	54.151205	41.034423	3.835144	1.000070	0.000277	1.000000	1.000000	1.000000	1.000000	1.000000	1.000000	0.999072	0.000011	1.000136	0.000113	1.000000	1.000000	1.000000	1.000000	
1356626298.402781	1.000001	53.786936	40.618781	6.101480	1.000000	1.000000	1.000000	1.000000	1.000000	1.000000	1.000000	1.000000	0.999994	0.000617	1.000035	0.004987	1.009048	0.000014	1.000000	1.000000	1356626298.402919	1.000028	54.052539	40.934207	3.680638	0.999851	0.000336	1.000000	1.000000	1.000000	1.000000	1.000000	1.000000	1.000018	0.000044	1.000195	0.000077	1.000000	1.000000	1.000000	1.000000	
1356626299.402781	1.000000	52.917755	39.750641	6.138535	1.000000	1.000000	1.000000	1.000000	1.000000	1.000000	1.000000	1.000000	1.000010	0.002332	0.999883	0.007428	0.999409	0.000050	1.000000	1.000000	1356626299.402919	1.000000	54.070038	40.950867	4.113419	1.000091	0.000272	1.000000	1.000000	1.000000	1.000000	1.000000	1.000000	0.999894	0.000011	0.999865	0.000097	1.000000	1.000000	1.000000	1.000000	
1356626300.402781	1.000000	53.137619	39.971451	6.121399	1.000000	1.000000	1.000000	1.000000	1.000000	1.000000	1.000000	1.000000	0.999918	0.000274	1.000138	0.007660	1.000980	0.000013	1.000000	1.000000	1356626300.402920	1.000001	54.068918	40.955039	3.663357	1.000019	0.000311	1.000000	1.000000	1.000000	1.000000	1.000000	1.000000	0.999985	0.000050	1.000116	0.000077	1.000000	1.000000	1.000000	1.000000	
1356626301.402781	1.000000	52.582977	39.414795	6.132248	1.000000	1.000000	1.000000	1.000000	1.000000	1.000000	1.000000	1.000000	0.999958	0.000264	0.999936	0.002918	1.000008	0.000046	1.000000	1.000000	1356626301.402921	1.000001	54.085916	40.968619	3.125272	0.999878	0.000297	1.000000	1.000000	1.000000	1.000000	1.000000	1.000000	1.000000	0.000012	0.999918	0.000127	1.000000	1.000000	1.000000	1.000000	
1356626302.402781	1.000000	52.365326	39.197403	6.119873	1.000000	1.000000	1.000000	1.000000	1.000000	1.000000	1.000000	1.000000	0.999990	0.000297	1.000348	0.000013	1.000717	0.000013	1.000000	1.000000	1356626302.402921	1.000000	54.185684	41.069260	2.755524	0.999959	0.000325	1.000000	1.000000	1.000000	1.000000	1.000000	1.000000	1.000193	0.000046	0.999452	0.000072	1.000000	1.000000	1.000000	1.000000	
1356626303.402782	1.000001	53.438365	40.282005	6.107660	1.000000	1.000000	1.000000	1.000000	1.000000	1.000000	1.000000	1.000000	1.000319	0.000589	0.999965	0.002671	0.999180	0.000052	1.000000	1.000000	1356626303.402897	0.999976	54.323742	41.209626	3.365758	1.000096	0.000289	1.000000	1.000000	1.000000	1.000000	1.000000	1.000000	0.999658	0.000011	1.000029	0.000133	1.000000	1.000000	1.000000	1.000000	
1356626304.402780	0.999998	54.769193	41.602237	6.115246	1.000000	1.000000	1.000000	1.000000	1.000000	1.000000	1.000000	1.000000	0.999455	0.000329	0.999107	0.000423	1.002165	0.000014	1.000000	1.000000	1356626304.402897	1.000000	54.687393	41.590530	2.836731	0.999992	0.000330	1.000000	1.000000	1.000000	1.000000	1.000000	1.000000	1.000086	0.000049	1.000006	0.007805	1.000000	1.000000	1.000000	1.000000	
1356626305.402781	1.000001	53.620905	40.451332	6.113901	1.000000	1.000000	1.000000	1.000000	1.000000	1.000000	1.000000	1.000000	1.000101	0.001717	0.999901	0.000387	0.999941	0.002801	1.000000	1.000000	1356626305.402895	0.999998	54.215191	41.097231	3.591911	0.999886	0.000305	1.000000	1.000000	1.000000	1.000000	1.000000	1.000000	0.999628	0.000019	1.000023	0.000978	1.000000	1.000000	1.000000	1.000000	
1356626306.402781	1.000000	54.624283	41.453903	6.126099	1.000000	1.000000	1.000000	1.000000	1.000000	1.000000	1.000000	1.000000	0.999949	0.000705	0.999922	0.000015	0.998863	0.000407	1.000000	1.000000	1356626306.402901	1.000006	54.319088	41.200774	2.862211	1.000103	0.000323	1.000000	1.000000	1.000000	1.000000	1.000000	1.000000	0.988302	0.000044	1.000009	0.005774	1.000000	1.000000	1.000000	1.000000	
1356626307.402781	1.000000	52.996231	39.827789	6.115234	1.000000	1.000000	1.000000	1.000000	1.000000	1.000000	1.000000	1.000000	0.999767	0.000975	1.000159	0.003339	1.009467	0.000063	1.000000	1.000000	1356626307.402922	1.000021	54.299322	41.182699	3.309577	0.999983	0.000332	1.000000	1.000000	1.000000	1.000000	1.000000	1.000000	1.019467	0.000026	1.000008	0.002723	1.000000	1.000000	1.000000	1.000000	
1356626308.402781	1.000000	52.816895	39.646729	6.113785	1.000000	1.000000	1.000000	1.000000	1.000000	1.000000	1.000000	1.000000	0.999993	0.000622	1.000002	0.005516	0.999320	0.000014	1.000000	1.000000	1356626308.402924	1.000002	54.297504	41.180586	3.589639	0.999947	0.000686	1.000000	1.000000	1.000000	1.000000	1.000000	1.000000	0.999945	0.000042	1.000236	0.000064	1.000000	1.000000	1.000000	1.000000	
1356626309.402782	1.000001	715785459.636929	715778496.382721	715773526.767450	0.999892	1.000505	0.999890	1.000507	0.999900	1.000504	0.999891	1.000500	0.999893	1.000510	0.999894	1.000500	0.999892	1.000509	0.999892	1.000506	1356626309.402881	0.999957	715801327.922528	715832440.428508	715824297.384512	0.999891	1.000502	0.999888	1.000498	3.899817	0.256526	0.999892	1.000505	0.999892	1.000508	0.999895	1.000505	0.999892	1.000508	0.999893	1.000508	
1356626310.402839	1.000057	0.000000	0.000000	0.000000	-nan	-nan	-nan	-nan	1525262480230.891113	inf	-nan	-nan	-nan	0.000000	0.000000	inf	-nan	-nan	-nan	-nan	1356626310.402918	1.000037	0.000000	0.000000	0.000000	-nan	-nan	-nan	-nan	1.345745	inf	-nan	-nan	-nan	-nan	-nan	-nan	-nan	-nan	-nan	-nan	
1356626311.403038	1.000199	0.000000	0.000000	0.000000	-nan	-nan	-nan	-nan	0.000000	inf	-nan	-nan	-nan	0.000000	0.000000	inf	-nan	-nan	-nan	-nan	1356626311.403118	1.000200	0.000000	0.000000	0.000000	-nan	-nan	-nan	-nan	inf	-nan	-nan	-nan	-nan	-nan	-nan	-nan	-nan	-nan	-nan	-nan	
