ts_0	elapsed_0	pkg_0	pp0_0	dram_0	freq_ratio_0_0	c0_ratio_0_0	freq_ratio_0_1	c0_ratio_0_1	freq_ratio_0_2	c0_ratio_0_2	freq_ratio_0_3	c0_ratio_0_3	freq_ratio_0_4	c0_ratio_0_4	freq_ratio_0_5	c0_ratio_0_5	freq_ratio_0_6	c0_ratio_0_6	freq_ratio_0_7	c0_ratio_0_7	ts_1	elapsed_1	pkg_1	pp0_1	dram_1	freq_ratio_1_0	c0_ratio_1_0	freq_ratio_1_1	c0_ratio_1_1	freq_ratio_1_2	c0_ratio_1_2	freq_ratio_1_3	c0_ratio_1_3	freq_ratio_1_4	c0_ratio_1_4	freq_ratio_1_5	c0_ratio_1_5	freq_ratio_1_6	c0_ratio_1_6	freq_ratio_1_7	c0_ratio_1_7	
1356619845.253863	1.019765	61.983909	48.395339	4.942219	1.230611	0.865138	1.234034	0.957509	1.230725	0.864910	1.230715	0.814042	1.211964	0.000384	1.096003	0.000241	1.232651	0.000309	1.231351	0.000042	1356619845.254036	1.000623	57.942860	44.340098	4.727478	1.230565	0.882458	1.230747	0.900154	0.857479	0.000112	0.894447	0.000060	1.230651	0.754854	0.701060	0.000157	0.671663	0.000239	1.230768	0.882881	
1356619846.253859	0.999996	68.838505	55.116465	5.857156	1.230714	0.999434	1.230713	0.999434	1.230713	0.999434	1.230713	0.999434	1.192809	0.000333	1.196100	0.000032	1.191481	0.000089	1.188417	0.000040	1356619846.254022	0.999986	65.456075	51.711833	5.866934	1.230524	0.999867	1.230525	0.999867	1.192230	0.000081	1.192632	0.000046	1.230524	0.999867	1.192066	0.000059	1.193540	0.000035	1.230524	0.999867	
1356619847.253858	0.999999	68.806203	55.045432	5.878668	1.230702	0.999337	1.230702	0.999336	1.230702	0.999336	1.230702	0.999335	1.194094	0.000345	1.192112	0.000114	1.188545	0.000153	1.189314	0.000012	1356619847.254014	0.999992	65.627317	51.844308	5.939913	1.230752	0.999846	1.230752	0.999845	1.191536	0.000062	1.191938	0.000010	1.230752	0.999846	1.193117	0.000016	1.193586	0.000009	1.230753	0.999838	
1356619848.253860	1.000002	68.843756	55.076296	5.849949	1.230704	0.999345	1.230704	0.999344	1.230705	0.999343	1.230704	0.999342	1.190318	0.000334	1.191352	0.000033	1.197961	0.000146	1.201093	0.000063	1356619848.254022	1.000008	65.843277	52.057104	5.948865	1.230685	0.999562	1.230685	0.999562	1.192465	0.000350	1.192299	0.000059	1.230685	0.999570	1.191923	0.000049	1.192340	0.000054	1.230684	0.999570	
1356619849.253858	0.999998	68.930689	55.174498	5.860210	1.230595	0.998958	1.230594	0.998956	1.230595	0.998955	1.230595	0.998954	1.192885	0.000348	1.192192	0.000136	1.192214	0.002148	1.189152	0.000012	1356619849.254019	0.999997	65.946066	52.171930	5.896274	1.230752	0.999879	1.230752	0.999878	1.190500	0.000084	1.157586	0.000018	1.230753	0.999878	1.158565	0.000016	1.156277	0.000016	1.230753	0.999872	
1356619850.253858	1.000000	68.968460	55.221069	5.856262	1.230714	0.999434	1.230715	0.999435	1.230714	0.999434	1.230715	0.999434	1.191717	0.000323	1.194232	0.000033	1.192615	0.000090	1.193429	0.000040	1356619850.254016	0.999997	66.073600	52.315043	5.863055	1.230750	0.999838	1.230750	0.999838	1.193973	0.000066	1.195947	0.000045	1.230750	0.999837	1.194884	0.000055	1.195770	0.000040	1.230750	0.999837	
1356619851.253858	1.000000	68.800461	55.044968	5.859726	1.230706	0.999412	1.230706	0.999413	1.230706	0.999411	1.230706	0.999411	1.192354	0.000292	1.192390	0.000061	1.192482	0.000300	1.181490	0.000012	1356619851.254017	1.000001	66.068235	52.283733	5.834726	1.230754	0.999861	1.230754	0.999861	1.193235	0.000050	1.193671	0.000010	1.230754	0.999869	1.191694	0.000009	1.199970	0.000010	1.230755	0.999861	
1356619852.253858	1.000000	68.908890	55.105682	5.860901	1.230714	0.999435	1.230713	0.999434	1.230714	0.999434	1.230714	0.999433	1.192545	0.000322	1.193530	0.000033	1.193967	0.000089	1.196533	0.000058	1356619852.254018	1.000001	66.091947	52.285000	5.909281	1.230751	0.999838	1.230751	0.999838	1.192337	0.000068	1.192529	0.000045	1.230751	0.999838	1.193854	0.000037	1.191520	0.000038	1.230751	0.999839	
1356619853.253858	1.000000	68.662048	54.889053	5.826614	1.230704	0.999325	1.230705	0.999324	1.230704	0.999323	1.230705	0.999323	1.192153	0.000299	1.192225	0.000103	1.188855	0.000119	1.179431	0.000012	1356619853.254024	1.000006	66.061145	52.257882	5.935328	1.230731	0.999672	1.230731	0.999671	1.192191	0.000300	1.188524	0.000010	1.230730	0.999671	1.187053	0.000009	1.190924	0.000010	1.230731	0.999664	
1356619854.253858	1.000000	68.845093	55.076996	5.856781	1.230702	0.999391	1.230702	0.999389	1.230703	0.999389	1.230703	0.999388	1.192298	0.000322	1.192206	0.000033	1.192917	0.000333	1.191297	0.000041	1356619854.254023	0.999999	66.103319	52.324253	5.955893	1.230733	0.999650	1.230733	0.999649	1.192461	0.000081	1.192894	0.000045	1.230733	0.999650	1.192303	0.000112	1.192549	0.000039	1.230733	0.999650	
1356619855.253859	1.000001	68.758632	54.979516	5.842615	1.230713	0.999404	1.230713	0.999404	1.230712	0.999404	1.230713	0.999148	1.192292	0.000304	1.195061	0.000059	1.194692	0.000118	1.195702	0.000012	1356619855.254018	0.999995	66.080623	52.289355	5.882735	1.230727	0.999636	1.230755	0.999539	1.193165	0.000048	1.188948	0.000010	1.230755	0.999538	1.193477	0.000009	1.193389	0.000010	1.230728	0.999630	
1356619856.253858	0.999999	68.872426	55.129554	5.822546	1.230714	0.999435	1.230714	0.999434	1.230713	0.999432	1.230714	0.999432	1.192391	0.000319	1.193087	0.000032	1.188417	0.000088	1.191544	0.000053	1356619856.254017	0.999999	66.101671	52.369999	5.851385	1.230751	0.999846	1.230751	0.999847	1.192209	0.000063	1.193218	0.000045	1.230751	0.999838	1.193458	0.000037	1.191737	0.000039	1.230751	0.999838	
1356619857.253859	1.000001	68.784297	54.979577	5.861063	1.230712	0.999413	1.230712	0.999412	1.230712	0.999411	1.230712	0.999411	1.192596	0.000303	1.188267	0.000059	1.192562	0.000114	1.215431	0.000011	1356619857.254020	1.000003	66.118142	52.298361	5.895825	1.230755	0.999859	1.230755	0.999859	1.192601	0.000046	1.193001	0.000010	1.230755	0.999867	1.186440	0.000009	1.195611	0.000010	1.230755	0.999862	
1356619858.253858	0.999999	68.787434	54.966086	5.842977	1.230716	0.999457	1.230716	0.999456	1.230716	0.999456	1.230716	0.999455	1.191767	0.000299	1.189032	0.000033	1.192969	0.000088	1.172547	0.000040	1356619858.254022	1.000002	66.159496	52.319572	6.009006	1.230719	0.999663	1.230719	0.999663	1.192150	0.000316	1.192226	0.000044	1.230719	0.999670	1.192350	0.000045	1.191692	0.000037	1.230719	0.999665	
1356619859.253860	1.000002	68.865286	55.109255	5.869572	1.230623	0.999169	1.230623	0.999167	1.230624	0.999166	1.230623	0.999166	1.192613	0.000367	1.190934	0.000072	1.191835	0.001749	1.186424	0.000012	1356619859.254022	1.000000	66.164932	52.405655	5.875473	1.230750	0.999823	1.230750	0.999823	1.190512	0.000067	1.188438	0.000047	1.230750	0.999824	1.176420	0.000010	1.179143	0.000010	1.230750	0.999816	
1356619860.253858	0.999998	68.806680	55.020628	5.863140	1.230710	0.999388	1.230711	0.999387	1.230710	0.999387	1.230710	0.999387	1.192532	0.000314	1.196937	0.000033	1.202617	0.000099	1.202663	0.000063	1356619860.254018	0.999996	66.171716	52.375487	5.878549	1.230738	0.999692	1.230738	0.999676	1.193827	0.000117	1.195108	0.000065	1.230738	0.999692	1.195585	0.000049	1.194964	0.000050	1.230738	0.999692	
1356619861.253858	1.000000	68.829712	55.069046	5.856491	1.230713	0.999412	1.230713	0.999410	1.230713	0.999410	1.230712	0.999408	1.192363	0.000295	1.195349	0.000059	1.191087	0.000111	1.189991	0.000011	1356619861.254020	1.000002	66.190853	52.420615	5.827198	1.230755	0.999869	1.230755	0.999869	1.192099	0.000046	1.192993	0.000010	1.230755	0.999869	1.191087	0.000009	1.192278	0.000010	1.230755	0.999863	
1356619862.253858	1.000000	69.574799	55.811371	5.850876	1.222413	0.999222	1.222413	0.999222	1.222413	0.999222	1.222413	0.999220	1.160142	0.003236	1.154379	0.003175	1.154823	0.002678	1.154250	0.002671	1356619862.253982	0.999962	66.570746	52.796481	5.891550	1.217058	0.999802	1.217058	0.999802	1.155761	0.002574	1.154509	0.002408	1.217057	0.999812	1.154303	0.002401	1.154406	0.002498	1.217057	0.999812	
1356619863.253858	1.000000	68.907715	55.125473	5.841370	1.230712	0.999443	1.230713	0.999442	1.230713	0.999441	1.230713	0.999441	1.192332	0.000282	1.189831	0.000065	1.197879	0.000117	1.219190	0.000007	1356619863.254021	1.000039	66.105417	52.307891	5.892882	1.230734	0.999732	1.230734	0.999731	1.193639	0.000295	1.173632	0.000006	1.230736	0.999721	1.272480	0.000005	1.746449	0.000006	1.230735	0.999714	
1356619864.253860	1.000002	68.794867	55.064272	5.860050	1.230711	0.999382	1.230711	0.999381	1.230710	0.999380	1.230710	0.999380	1.192418	0.000318	1.196209	0.000033	1.192028	0.000109	1.192307	0.000051	1356619864.254025	1.000004	66.133216	52.385255	5.832954	1.230746	0.999800	1.230746	0.999799	1.192642	0.000079	1.191948	0.000048	1.230746	0.999799	1.191725	0.000039	1.193488	0.000040	1.230746	0.999796	
1356619865.253859	0.999999	68.918691	55.174033	5.855825	1.230713	0.999435	1.230713	0.999435	1.230713	0.999435	1.230713	0.999433	1.192071	0.000288	1.190156	0.000061	1.190415	0.000116	1.176262	0.000012	1356619865.254026	1.000001	66.151136	52.399059	5.841761	1.230755	0.999551	1.230755	0.999381	1.191729	0.000047	1.193895	0.000010	1.230765	0.999846	1.191465	0.000009	1.189143	0.000009	1.230755	0.999545	
1356619866.253859	1.000000	68.922104	55.161789	5.837448	1.230715	0.999242	1.230715	0.999241	1.230719	0.999419	1.230720	0.999418	1.192635	0.000318	1.197651	0.000033	1.196545	0.000088	1.197355	0.000041	1356619866.254026	1.000000	66.172287	52.406036	5.871124	1.230716	0.999620	1.230743	0.999523	1.192229	0.000066	1.191943	0.000046	1.230743	0.999515	1.191859	0.000076	1.192922	0.000038	1.230729	0.999597	
1356619867.253858	0.999999	68.959493	55.163123	5.829489	1.230711	0.999392	1.230711	0.999390	1.230711	0.999390	1.230710	0.999390	1.192060	0.000312	1.190168	0.000058	1.189752	0.000116	1.188207	0.000011	1356619867.254019	0.999993	66.161483	52.354152	5.868052	1.230755	0.999868	1.230755	0.999868	1.192637	0.000048	1.194126	0.000010	1.230755	0.999868	1.193339	0.000009	1.193623	0.000009	1.230754	0.999864	
1356619868.253858	1.000000	68.949722	55.189026	5.837219	1.230716	0.999445	1.230716	0.999455	1.230715	0.999453	1.230716	0.999452	1.192146	0.000301	1.192781	0.000033	1.192883	0.000089	1.192784	0.000059	1356619868.254019	1.000000	66.223877	52.456009	5.850647	1.230727	0.999648	1.230727	0.999648	1.192346	0.000312	1.192152	0.000046	1.230727	0.999647	1.193009	0.000038	1.191800	0.000039	1.230727	0.999641	
1356619869.253858	1.000000	68.993729	55.211243	5.861496	1.230629	0.999240	1.230629	0.999239	1.230629	0.999238	1.230630	0.999237	1.192501	0.000302	1.190933	0.000061	1.192300	0.001763	1.191187	0.000012	1356619869.254016	0.999997	66.124503	52.340738	5.883914	1.230752	0.999846	1.230752	0.999847	1.189669	0.000067	1.171546	0.000010	1.230752	0.999846	1.173169	0.000010	1.174290	0.000010	1.230753	0.999842	
1356619870.253858	1.000000	68.928070	55.163040	5.865005	1.230714	0.999434	1.230715	0.999433	1.230715	0.999433	1.230715	0.999431	1.192285	0.000318	1.200070	0.000033	1.193040	0.000088	1.180785	0.000041	1356619870.254014	0.999998	66.196049	52.421594	5.838421	1.230751	0.999846	1.230751	0.999846	1.195031	0.000060	1.196931	0.000045	1.230751	0.999846	1.196294	0.000044	1.197277	0.000038	1.230751	0.999838	
1356619871.253858	1.000000	68.963318	55.162445	5.856308	1.230709	0.999364	1.230709	0.999364	1.230709	0.999362	1.230708	0.999362	1.192456	0.000302	1.190397	0.000069	1.187671	0.000137	1.188528	0.000013	1356619871.254021	1.000007	66.187698	52.373265	5.925252	1.230754	0.999861	1.230754	0.999861	1.192496	0.000048	1.192159	0.000010	1.230754	0.999869	1.187319	0.000010	1.190718	0.000010	1.230755	0.999864	
1356619872.253858	1.000000	68.976776	55.180450	5.829224	1.230647	0.999178	1.230647	0.999177	1.230647	0.999176	1.230647	0.999176	1.192323	0.000922	1.192745	0.000082	1.197532	0.000101	1.199182	0.000063	1356619872.254018	0.999997	66.203239	52.401438	5.918613	1.230743	0.999513	1.230743	0.999484	1.192412	0.000077	1.192607	0.000058	1.230751	0.999734	1.193123	0.000049	1.192683	0.000051	1.230751	0.999726	
1356619873.253858	1.000000	69.023575	55.252533	5.823120	1.230713	0.999412	1.230713	0.999412	1.230713	0.999411	1.230712	0.999410	1.191716	0.000298	1.189008	0.000058	1.191686	0.000117	1.215768	0.000011	1356619873.254023	1.000005	66.242039	52.466092	5.886476	1.230730	0.999680	1.230730	0.999687	1.192306	0.000297	1.191495	0.000010	1.230730	0.999688	1.193309	0.000010	1.195350	0.000010	1.230730	0.999680	
1356619874.253858	1.000000	69.055588	55.290482	5.826645	1.230667	0.999097	1.230667	0.999095	1.230667	0.999103	1.230667	0.999102	1.190564	0.000623	1.193153	0.000075	1.189398	0.000302	1.188023	0.000094	1356619874.254023	1.000000	66.185684	52.416824	5.838409	1.230715	0.999559	1.230716	0.999541	1.192284	0.000161	1.189707	0.000192	1.230715	0.999558	1.190457	0.000152	1.191747	0.000059	1.230715	0.999562	
1356619875.253858	1.000000	69.135986	55.392868	5.828171	1.230717	0.999458	1.230716	0.999456	1.230716	0.999456	1.230717	0.999455	1.192536	0.000286	1.190856	0.000057	1.192036	0.000117	1.171251	0.000007	1356619875.254018	0.999995	66.238323	52.497699	5.833586	1.230758	0.999913	1.230758	0.999913	1.192130	0.000047	1.194470	0.000006	1.230758	0.999913	1.192787	0.000006	1.191715	0.000010	1.230758	0.999904	
1356619876.253858	1.000000	69.071915	55.313446	5.863251	1.230712	0.999410	1.230713	0.999410	1.230712	0.999410	1.230712	0.999410	1.192331	0.000320	1.195705	0.000033	1.192396	0.000088	1.192748	0.000053	1356619876.254018	1.000000	66.202011	52.421967	5.855087	1.230747	0.999784	1.230747	0.999784	1.192637	0.000065	1.192254	0.000048	1.230747	0.999792	1.192007	0.000039	1.192218	0.000038	1.230747	0.999784	
1356619877.253860	1.000002	69.090429	55.289201	5.857167	1.230713	0.999413	1.230713	0.999413	1.230713	0.999412	1.230713	0.999411	1.192286	0.000301	1.194294	0.000060	1.192466	0.000115	1.190471	0.000011	1356619877.254016	0.999998	66.243886	52.435784	5.878505	1.230753	0.999838	1.230753	0.999838	1.191818	0.000076	1.190396	0.000009	1.230753	0.999846	1.189505	0.000009	1.195858	0.000010	1.230753	0.999846	
1356619878.253858	0.999998	69.123850	55.362120	5.867687	1.230716	0.999453	1.230716	0.999454	1.230716	0.999452	1.230716	0.999452	1.192632	0.000305	1.187498	0.000034	1.191708	0.000088	1.187972	0.000040	1356619878.254020	1.000004	66.272391	52.513825	5.838584	1.230726	0.999649	1.230727	0.999648	1.192457	0.000315	1.192781	0.000045	1.230726	0.999639	1.192644	0.000044	1.191940	0.000038	1.230726	0.999639	
1356619879.253858	1.000000	69.062210	55.293976	5.837036	1.230616	0.999076	1.230616	0.999081	1.230615	0.999080	1.230616	0.999081	1.192216	0.000409	1.191699	0.000083	1.192402	0.001839	1.196249	0.000026	1356619879.254016	0.999996	66.208658	52.454818	5.838525	1.230746	0.999780	1.230746	0.999781	1.190398	0.000100	1.187949	0.000045	1.230746	0.999780	1.181073	0.000019	1.183472	0.000022	1.230745	0.999780	
1356619880.253858	1.000000	69.138687	55.362885	5.855637	1.230714	0.999432	1.230713	0.999432	1.230714	0.999431	1.230713	0.999430	1.192311	0.000336	1.193382	0.000033	1.193211	0.000087	1.193672	0.000044	1356619880.254020	1.000004	66.331823	52.558884	5.910910	1.230751	0.999847	1.230751	0.999847	1.195310	0.000060	1.197169	0.000045	1.230751	0.999847	1.198124	0.000037	1.197269	0.000039	1.230751	0.999847	
1356619881.253860	1.000002	69.203054	55.409059	5.856556	1.230715	0.999433	1.230714	0.999434	1.230714	0.999433	1.230715	0.999432	1.191276	0.000285	1.191270	0.000059	1.190853	0.000112	1.184807	0.000012	1356619881.254018	0.999998	66.236683	52.444375	5.850292	1.230755	0.999869	1.230755	0.999868	1.191253	0.000049	1.189771	0.000009	1.230755	0.999868	1.187097	0.000009	1.193647	0.000009	1.230755	0.999860	
1356619882.253866	1.000006	715777236.788313	715771391.836671	715820731.868311	0.999952	1.000893	0.999950	1.000899	0.999953	1.000904	0.999952	1.000892	0.999953	1.000898	0.999955	1.000891	0.999953	1.000899	0.999952	1.000895	1356619882.253940	0.999922	715827258.040719	715871302.977076	715819394.354279	0.999952	1.000894	0.999950	1.000899	3.895618	0.256918	0.999952	1.000894	0.999953	1.000899	0.999955	1.000893	0.999952	1.000898	0.999953	1.000896	
1356619883.253866	1.000000	0.000000	0.000000	0.000000	-nan	-nan	-nan	-nan	1.000008	inf	-nan	-nan	-nan	0.000000	-nan	-nan	-nan	-nan	-nan	-nan	1356619883.253935	0.999995	0.000000	0.000000	0.000000	-nan	-nan	-nan	-nan	1.345745	inf	-nan	-nan	-nan	-nan	-nan	-nan	-nan	-nan	-nan	-nan	
