ts_0	elapsed_0	pkg_0	pp0_0	dram_0	freq_ratio_0_0	c0_ratio_0_0	freq_ratio_0_1	c0_ratio_0_1	freq_ratio_0_2	c0_ratio_0_2	freq_ratio_0_3	c0_ratio_0_3	freq_ratio_0_4	c0_ratio_0_4	freq_ratio_0_5	c0_ratio_0_5	freq_ratio_0_6	c0_ratio_0_6	freq_ratio_0_7	c0_ratio_0_7	ts_1	elapsed_1	pkg_1	pp0_1	dram_1	freq_ratio_1_0	c0_ratio_1_0	freq_ratio_1_1	c0_ratio_1_1	freq_ratio_1_2	c0_ratio_1_2	freq_ratio_1_3	c0_ratio_1_3	freq_ratio_1_4	c0_ratio_1_4	freq_ratio_1_5	c0_ratio_1_5	freq_ratio_1_6	c0_ratio_1_6	freq_ratio_1_7	c0_ratio_1_7	
1352517345.901809	1.001697	46.001659	32.518544	4.720078	0.976478	0.670426	0.983520	0.958155	0.976466	0.670086	0.976439	0.669281	0.992199	0.019518	0.976063	0.658869	0.984770	0.010501	0.986035	0.008010	1352517345.901904	1.000358	41.553494	28.188453	4.365533	0.999736	0.671201	0.999917	0.670893	0.999941	0.670398	0.999962	0.660208	0.992365	0.002403	0.991448	0.001862	0.977718	0.001896	0.999950	0.508654	
1352517346.901811	1.000002	50.760462	37.097891	5.818165	0.923611	0.976257	0.923623	0.976449	0.923593	0.976018	0.923592	0.975989	0.950758	0.018295	0.923589	0.975981	0.947668	0.013413	0.950996	0.014314	1352517346.901951	1.000047	50.866309	37.310717	5.758747	0.963443	0.977664	0.963439	0.977562	0.963438	0.977566	0.963438	0.977557	0.989619	0.002696	0.989913	0.002644	0.990138	0.002643	0.952098	0.685053	
1352517347.901808	0.999997	50.734044	37.090569	5.848437	0.927793	0.961526	0.927816	0.961870	0.927764	0.961113	0.927761	0.961040	0.950451	0.016537	0.927761	0.961027	0.951266	0.014383	0.953965	0.013573	1352517347.901954	1.000003	50.432980	36.880135	5.712202	0.981400	0.962869	0.981397	0.962676	0.981398	0.962679	0.981399	0.962644	0.990913	0.002983	0.990886	0.002886	0.990872	0.002899	0.976814	0.686726	
1352517348.901809	1.000001	50.763028	37.113627	5.834726	0.925024	0.981443	0.925036	0.981557	0.925013	0.981261	0.925014	0.981193	0.949605	0.017516	0.925011	0.981221	0.949145	0.014953	0.951851	0.014953	1352517348.901926	0.999972	50.689768	37.142561	5.759606	0.959695	0.982615	0.959691	0.982528	0.959694	0.982485	0.959693	0.982490	0.988191	0.002779	0.987915	0.002690	0.987910	0.002690	0.946980	0.677197	
1352517349.901806	0.999997	50.739629	37.092660	5.851352	0.925978	0.970953	0.925987	0.971078	0.925948	0.970521	0.925945	0.970478	0.952158	0.016426	0.925945	0.970471	0.951509	0.014471	0.952455	0.014035	1352517349.901936	1.000010	50.413848	36.855390	5.725330	0.979657	0.972213	0.979655	0.972092	0.979654	0.972042	0.979655	0.972027	0.991711	0.002984	0.991871	0.002899	0.992225	0.002908	0.974136	0.692224	
1352517350.901807	1.000001	50.587781	37.010097	5.676081	0.949501	0.933727	0.949511	0.933934	0.949475	0.933099	0.949472	0.933040	0.968448	0.014826	0.949472	0.933037	0.961408	0.014596	0.966389	0.013227	1352517350.901922	0.999986	50.321753	36.823806	5.356490	0.982208	0.934519	0.982204	0.934327	0.982204	0.934346	0.982203	0.934319	0.993537	0.003183	0.991981	0.002256	0.992638	0.002264	0.979438	0.736757	
1352517351.901822	1.000015	50.732438	37.076271	5.841648	0.925707	0.972738	0.925721	0.972926	0.925688	0.972422	0.925694	0.972295	0.952496	0.013149	0.925688	0.972381	0.952025	0.019543	0.952938	0.014765	1352517351.901883	0.999961	50.441578	36.870002	5.755566	0.978217	0.973959	0.978215	0.973838	0.978217	0.973760	0.978217	0.973761	0.991625	0.003064	0.991660	0.002943	0.991538	0.002959	0.971870	0.683631	
1352517352.901814	0.999992	50.756591	37.096004	5.839235	0.925666	0.983756	0.925677	0.983913	0.925657	0.983583	0.925655	0.983566	0.949931	0.016584	0.925655	0.983559	0.951825	0.017149	0.953608	0.015020	1352517352.901884	1.000001	50.710202	37.131694	5.758799	0.971556	0.985426	0.971554	0.985352	0.971555	0.985360	0.971554	0.985353	0.990350	0.003079	0.990626	0.002777	0.991000	0.002885	0.962971	0.682380	
1352517353.901806	0.999992	50.712707	37.067515	5.847582	0.921252	0.980328	0.921262	0.980474	0.921237	0.980125	0.921236	0.980099	0.948604	0.014137	0.921234	0.980101	0.950239	0.014846	0.949804	0.015259	1352517353.901906	1.000022	50.646915	37.071681	5.770992	0.982451	0.982057	0.982450	0.981970	0.982450	0.981963	0.982450	0.981964	0.988724	0.007381	0.989398	0.002984	0.989696	0.003025	0.978292	0.682189	
1352517354.901804	0.999998	50.760686	37.101664	5.844127	0.925123	0.980870	0.925118	0.980770	0.925093	0.980450	0.925092	0.980425	0.951065	0.018790	0.925091	0.980410	0.951999	0.015061	0.953894	0.015146	1352517354.901913	1.000007	50.678071	37.097552	5.812109	0.975851	0.982192	0.975848	0.982095	0.975848	0.982091	0.975848	0.982083	0.994483	0.006016	0.990440	0.002809	0.990404	0.002765	0.968477	0.679129	
1352517355.901815	1.000011	50.744484	37.082433	5.826581	0.924469	0.979862	0.924477	0.979954	0.924453	0.979597	0.924453	0.979579	0.951173	0.020196	0.924454	0.979582	0.949120	0.013780	0.950841	0.015931	1352517355.901910	0.999997	50.456532	36.888374	5.749057	0.982399	0.981386	0.982398	0.981294	0.982398	0.981294	0.982399	0.981288	0.990962	0.004010	0.989837	0.003002	0.990414	0.003045	0.977877	0.681573	
1352517356.901818	1.000003	50.739848	37.067344	5.830609	0.923967	0.970810	0.923984	0.971057	0.923943	0.970481	0.923940	0.970452	0.953906	0.015828	0.923940	0.970448	0.949990	0.015192	0.953478	0.014185	1352517356.901905	0.999995	50.666407	37.078982	5.762297	0.975587	0.972383	0.975583	0.972241	0.975584	0.972244	0.975584	0.972243	0.985579	0.006283	0.989659	0.002699	0.990286	0.002711	0.968884	0.684280	
1352517357.901804	0.999986	50.757153	37.090732	5.843100	0.918135	0.982378	0.918146	0.982461	0.918125	0.982219	0.918126	0.982164	0.945172	0.014616	0.918125	0.982192	0.948979	0.016253	0.946312	0.014094	1352517357.901914	1.000009	50.590896	37.007416	5.724374	0.983075	0.984501	0.983074	0.984427	0.983074	0.984424	0.983074	0.984430	0.989564	0.005842	0.991431	0.002900	0.991539	0.002913	0.978356	0.689394	
1352517358.901805	1.000001	50.791135	37.134181	5.833780	0.919013	0.993341	0.919014	0.993388	0.919009	0.993327	0.919010	0.993251	0.945257	0.014323	0.919004	0.993268	0.948515	0.016212	0.949478	0.014551	1352517358.901883	0.999969	50.723618	37.144508	5.745860	0.975068	0.995164	0.975067	0.995139	0.975066	0.995135	0.975066	0.995120	0.984787	0.007529	0.987733	0.002787	0.988136	0.002811	0.967516	0.682906	
1352517359.901813	1.000008	50.721894	37.054540	5.823531	0.924369	0.962514	0.924386	0.962769	0.924336	0.962033	0.924335	0.962012	0.951281	0.013589	0.924335	0.961998	0.952853	0.016916	0.952250	0.014490	1352517359.901954	1.000071	50.611104	37.028528	5.748310	0.975568	0.963832	0.975564	0.963662	0.975564	0.963656	0.975564	0.963654	0.981784	0.003389	0.988442	0.002935	0.988367	0.002944	0.968942	0.677933	
1352517360.901828	1.000015	715773532.946053	715802100.480123	715789035.705948	0.999944	1.000275	0.999945	1.000289	0.999947	1.000288	0.999946	1.000276	0.999947	1.000283	0.999949	1.000274	0.999947	1.000284	0.999946	1.000279	1352517360.901928	0.999974	715822865.324013	715821345.609852	715819396.020811	0.999947	1.000285	0.999943	1.000278	3.896047	0.256730	0.999946	1.000278	0.999947	1.000281	0.999949	1.000279	0.999946	1.000282	0.999948	1.000285	
1352517361.901892	1.000064	0.000000	0.000000	0.000000	-nan	-nan	-nan	-nan	1.000008	inf	-nan	-nan	-nan	0.000000	-nan	-nan	-nan	-nan	-nan	-nan	1352517361.901975	1.000047	0.000000	0.000000	0.000000	-nan	-nan	-nan	-nan	1.345745	inf	-nan	-nan	-nan	-nan	-nan	-nan	-nan	-nan	-nan	-nan	
