ts_0	elapsed_0	pkg_0	pp0_0	dram_0	freq_ratio_0_0	c0_ratio_0_0	freq_ratio_0_1	c0_ratio_0_1	freq_ratio_0_2	c0_ratio_0_2	freq_ratio_0_3	c0_ratio_0_3	freq_ratio_0_4	c0_ratio_0_4	freq_ratio_0_5	c0_ratio_0_5	freq_ratio_0_6	c0_ratio_0_6	freq_ratio_0_7	c0_ratio_0_7	ts_1	elapsed_1	pkg_1	pp0_1	dram_1	freq_ratio_1_0	c0_ratio_1_0	freq_ratio_1_1	c0_ratio_1_1	freq_ratio_1_2	c0_ratio_1_2	freq_ratio_1_3	c0_ratio_1_3	freq_ratio_1_4	c0_ratio_1_4	freq_ratio_1_5	c0_ratio_1_5	freq_ratio_1_6	c0_ratio_1_6	freq_ratio_1_7	c0_ratio_1_7	
1352516969.556886	1.011999	61.837245	48.473652	5.691354	1.176560	0.916654	1.169037	0.850480	1.169185	0.841886	1.169228	0.841631	1.169201	0.841250	1.166201	0.011830	1.161044	0.009887	1.158280	0.005718	1352516969.556989	1.000563	59.810830	46.483889	4.672891	1.173152	0.623886	1.177659	0.543834	1.176015	0.845682	1.174804	0.827955	1.177671	0.651221	1.163649	0.298107	1.175465	0.037296	1.192414	0.062778	
1352516970.556885	0.999999	66.602221	53.194509	6.061514	1.167106	0.945310	1.166764	0.937137	1.167106	0.943728	1.167106	0.943711	1.167105	0.943726	1.165702	0.207682	1.156585	0.011111	1.155387	0.008634	1352516970.556970	0.999981	61.243768	47.887159	5.521727	1.181198	0.088118	1.180852	0.935984	1.180853	0.935930	1.180852	0.935949	1.180849	0.935844	1.181337	0.079862	1.166409	0.064421	1.166147	0.005050	
1352516971.556886	1.000001	66.920301	53.487132	6.077570	1.173175	0.912735	1.173187	0.913075	1.173164	0.912135	1.173164	0.912108	1.173163	0.912120	1.170984	0.128381	1.164332	0.328363	1.155884	0.009038	1352516971.556960	0.999990	60.536220	47.187881	5.553477	1.163256	0.014133	1.161045	0.926854	1.161046	0.926855	1.161045	0.926881	1.161044	0.926824	1.160600	0.011027	1.158146	0.006439	1.157928	0.005323	
1352516972.556889	1.000003	64.969220	51.556542	6.097531	1.172849	0.912860	1.172858	0.913059	1.172847	0.912005	1.172846	0.911991	1.172846	0.912009	1.166983	0.012388	1.168407	0.105326	1.161109	0.009110	1352516972.557080	1.000120	62.567387	49.220660	5.491819	1.175465	0.493190	1.163756	0.512663	1.169823	0.912448	1.169823	0.912433	1.169823	0.912396	1.166209	0.124459	1.168470	0.150304	1.179181	0.013214	
1352516973.556893	1.000004	65.247340	51.845203	6.077109	1.174098	0.937691	1.174097	0.937950	1.174099	0.937200	1.174100	0.937212	1.174095	0.937146	1.157764	0.008751	1.177774	0.007024	1.155384	0.009001	1352516973.557101	1.000021	62.539337	49.202474	5.335475	1.178828	0.822786	1.191748	0.287787	1.181458	0.927541	1.181457	0.927519	1.181457	0.927527	1.185848	0.071037	1.158944	0.232272	1.177201	0.011944	
1352516974.556893	1.000000	65.215576	51.815704	6.079834	1.184730	0.965451	1.184730	0.965460	1.184723	0.965175	1.184722	0.965168	1.184723	0.965148	1.176482	0.010219	1.179095	0.008973	1.163210	0.005244	1352516974.557012	0.999911	64.046116	50.692863	5.417001	1.167786	0.957949	1.172258	0.088435	1.167785	0.957886	1.167785	0.957877	1.167785	0.957843	1.171165	0.049593	1.157395	0.324114	1.160552	0.003631	
1352516975.556895	1.000002	64.967268	51.582864	6.036320	1.181360	0.949585	1.181362	0.949665	1.181360	0.949102	1.181360	0.949103	1.181360	0.949099	1.173942	0.012468	1.171812	0.006443	1.160287	0.005396	1352516975.557015	1.000003	62.966098	49.617415	5.447737	1.186840	0.126313	1.172187	0.870930	1.173578	0.940435	1.173578	0.940429	1.173576	0.940401	1.178931	0.076481	1.157543	0.353786	1.157821	0.004122	
1352516976.556894	0.999999	64.654359	51.269946	6.064932	1.181866	0.931041	1.181869	0.931256	1.181866	0.930323	1.181866	0.930340	1.181865	0.930328	1.178677	0.008864	1.171090	0.008152	1.158540	0.005147	1352516976.557008	0.999993	63.202799	49.856805	5.469459	1.167250	0.014097	1.170655	0.921074	1.170656	0.920972	1.170656	0.920984	1.170656	0.920949	1.171395	0.013109	1.156204	0.006628	1.161120	0.455962	
1352516977.556894	1.000000	64.715393	51.327408	6.082306	1.185806	0.940502	1.185809	0.940509	1.185801	0.939803	1.185800	0.939820	1.185800	0.939829	1.182220	0.010864	1.174524	0.008050	1.163214	0.005800	1352516977.557118	1.000110	62.668359	49.326900	5.497260	1.187140	0.589072	1.180671	0.471697	1.183810	0.926236	1.183809	0.926226	1.183809	0.926158	1.182647	0.100897	1.164598	0.119224	1.170248	0.124053	
1352516978.556894	1.000000	65.396988	52.015533	6.071243	1.171597	0.945787	1.171595	0.946009	1.171596	0.945282	1.171596	0.945293	1.171596	0.945318	1.157512	0.009994	1.176312	0.007926	1.157104	0.004817	1352516978.557008	0.999890	64.318318	50.966310	5.437884	1.165864	0.018471	1.164682	0.941809	1.164683	0.941766	1.164683	0.941762	1.164683	0.941723	1.172708	0.024547	1.158289	0.425619	1.159496	0.003766	
1352516979.556891	0.999997	64.843859	51.460716	6.079792	1.178931	0.929864	1.178933	0.930149	1.178925	0.929276	1.178925	0.929274	1.178925	0.929276	1.176914	0.008817	1.166372	0.009438	1.160241	0.005169	1352516979.557007	0.999999	62.840270	49.486253	5.514516	1.171070	0.482507	1.188294	0.597629	1.180572	0.914630	1.180571	0.914577	1.180571	0.914527	1.183178	0.110512	1.162982	0.180963	1.169931	0.011189	
1352516980.556895	1.000004	63.622179	50.248438	6.081015	1.183539	0.909054	1.183546	0.909206	1.183524	0.907965	1.183524	0.907982	1.183524	0.907990	1.183016	0.010806	1.172847	0.007141	1.165188	0.004828	1352516980.557101	1.000094	62.755610	49.412793	5.401012	1.182061	0.039490	1.171255	0.900286	1.171257	0.900140	1.171257	0.900156	1.171257	0.900108	1.177225	0.029784	1.159453	0.384494	1.173567	0.012653	
1352516981.556895	1.000000	63.183655	49.822968	6.028336	1.188462	0.893821	1.188466	0.894032	1.188456	0.892785	1.188453	0.892767	1.188455	0.892808	1.175713	0.046132	1.168138	0.007769	1.167838	0.005005	1352516981.557103	1.000002	61.783116	48.428146	5.445897	1.178537	0.671856	1.187727	0.354275	1.181646	0.884667	1.181645	0.884663	1.181645	0.884595	1.178119	0.102062	1.163758	0.164379	1.167664	0.005109	
1352516982.556887	0.999992	64.724554	51.347386	6.077747	1.188640	0.957791	1.188641	0.957969	1.188636	0.957437	1.188636	0.957431	1.188635	0.957425	1.188525	0.011003	1.174692	0.006753	1.168886	0.004991	1352516982.556965	0.999862	63.103804	49.754503	5.486597	1.180548	0.863480	1.184764	0.385351	1.180720	0.802723	1.181388	0.939163	1.181386	0.939104	1.180548	0.149314	1.163246	0.135456	1.179853	0.013585	
1352516983.556893	1.000006	65.424338	52.037806	6.078974	1.176660	0.932317	1.176665	0.932462	1.176652	0.931563	1.176653	0.931637	1.176652	0.931573	1.179238	0.010475	1.157345	0.124609	1.158677	0.005183	1352516983.557014	1.000049	62.211361	48.849682	5.512379	1.175103	0.259039	1.173133	0.768355	1.173013	0.924034	1.173012	0.924022	1.173012	0.923977	1.178667	0.067053	1.158823	0.135027	1.162147	0.043382	
1352516984.556950	1.000057	715727825.929459	715763406.671893	715749348.402894	0.999952	1.000322	0.999951	1.000332	0.999953	1.000333	0.999952	1.000322	0.999955	1.000333	0.999954	1.000317	0.999954	1.000332	0.999953	1.000322	1352516984.557052	1.000038	715780842.567936	715741109.441013	715737707.369160	0.999951	1.000316	0.999950	1.000324	3.895491	0.256782	0.999952	1.000319	0.999954	1.000329	0.999956	1.000322	0.999953	1.000327	0.999954	1.000329	
1352516985.556883	0.999933	0.000000	0.000000	0.000000	-nan	-nan	-nan	-nan	0.000000	inf	-nan	-nan	-nan	0.000000	-nan	-nan	-nan	-nan	-nan	-nan	1352516985.556941	0.999889	0.000000	0.000000	0.000000	-nan	-nan	-nan	-nan	0.000000	inf	-nan	-nan	-nan	-nan	-nan	-nan	-nan	-nan	-nan	-nan	
