ts_0	elapsed_0	pkg_0	pp0_0	dram_0	freq_ratio_0_0	c0_ratio_0_0	freq_ratio_0_1	c0_ratio_0_1	freq_ratio_0_2	c0_ratio_0_2	freq_ratio_0_3	c0_ratio_0_3	freq_ratio_0_4	c0_ratio_0_4	freq_ratio_0_5	c0_ratio_0_5	freq_ratio_0_6	c0_ratio_0_6	freq_ratio_0_7	c0_ratio_0_7	ts_1	elapsed_1	pkg_1	pp0_1	dram_1	freq_ratio_1_0	c0_ratio_1_0	freq_ratio_1_1	c0_ratio_1_1	freq_ratio_1_2	c0_ratio_1_2	freq_ratio_1_3	c0_ratio_1_3	freq_ratio_1_4	c0_ratio_1_4	freq_ratio_1_5	c0_ratio_1_5	freq_ratio_1_6	c0_ratio_1_6	freq_ratio_1_7	c0_ratio_1_7	
1354693477.559179	0.041347	32.908581	19.874387	4.448432	1.152972	0.388366	1.154439	0.398580	1.152260	0.390201	1.152483	0.392660	1.151961	0.388285	1.152991	0.391279	1.152607	0.385101	1.153994	0.390264	1354693477.559637	0.040384	36.173453	23.072162	3.294404	1.266012	0.916037	1.280649	0.001537	1.265603	0.000238	1.268664	0.000275	1.031693	0.003193	0.766035	0.001298	1.268736	0.000242	1.270930	0.000237	
1354693477.561302	0.002123	28.920382	16.407861	5.375856	1.182047	0.026264	1.271658	0.032645	1.269059	0.003500	1.254942	0.011763	1.273901	0.002970	1.269320	0.011737	1.268401	0.003425	1.284659	0.003502	1354693477.561738	0.002101	32.406718	19.798457	2.571039	1.233641	0.479863	1.267976	0.002752	1.274426	0.002368	1.268428	0.002697	1.268699	0.002707	1.267736	0.002327	1.273563	0.002341	1.270225	0.002316	
1354693477.576821	0.015519	33.058457	19.391437	4.498318	0.953186	0.005480	0.610742	0.008978	1.271878	0.000484	0.840653	0.002920	1.231873	0.000443	0.885702	0.003140	1.270404	0.000482	1.269870	0.000476	1354693477.577270	0.015532	38.431830	24.802874	2.975716	1.267671	0.908204	1.270304	0.000320	1.263709	0.000358	1.264968	0.000312	1.264833	0.000315	0.566848	0.002405	1.264990	0.000313	1.273490	0.000307	
1354693478.718771	1.141950	52.159328	39.043997	5.477892	1.229661	0.701445	1.230741	0.700299	1.230699	0.700255	1.230638	0.634377	1.020542	0.000409	1.117157	0.000095	1.240419	0.000031	1.244076	0.000031	1354693478.719226	1.141956	55.564799	42.380177	2.816718	1.230731	0.700728	1.230759	0.700338	1.230739	0.700224	1.259755	0.000027	1.267725	0.001016	1.207113	0.000112	0.738275	0.000043	1.237370	0.997541	
1354693479.542272	0.823501	64.209880	51.100124	6.093001	1.230662	0.998020	1.230662	0.997994	1.230661	0.998072	1.230661	0.998143	1.192584	0.000623	1.196089	0.000399	1.207790	0.000083	1.208410	0.000081	1354693479.542423	0.823197	62.578047	49.378533	2.798716	1.230129	0.992948	1.230129	0.993023	1.230129	0.993078	1.194169	0.000140	1.192353	0.004922	1.193293	0.000226	1.195336	0.000104	1.230123	0.991749	
1354693480.337512	0.795240	64.649886	51.524705	6.108025	1.230665	0.999154	1.230665	0.999151	1.230666	0.999150	1.230665	0.999149	1.192184	0.000935	1.190241	0.000142	1.172413	0.000014	1.170953	0.000014	1354693480.337731	0.795308	63.138126	49.923167	2.806683	1.230728	0.999693	1.230728	0.999693	1.230728	0.999693	1.192467	0.000239	1.192223	0.000141	1.191384	0.000148	1.185548	0.000008	1.230728	0.997959	
1354693481.130325	0.792813	64.747164	51.611907	6.126761	1.230468	0.998847	1.230468	0.998843	1.230468	0.998842	1.230468	0.998841	1.192562	0.003224	1.192534	0.000143	1.192233	0.000059	1.192662	0.000058	1354693481.130484	0.792753	63.209472	49.976807	2.806490	1.230678	0.999141	1.230678	0.999141	1.230678	0.999140	1.192080	0.000122	1.192304	0.000507	1.193099	0.000176	1.190858	0.000086	1.230680	0.997171	
1354693481.926107	0.795782	64.805524	51.663208	6.073012	1.230673	0.999209	1.230673	0.999208	1.230674	0.999208	1.230673	0.999206	1.190981	0.000632	1.192424	0.000136	1.191646	0.000018	1.191555	0.000018	1354693481.926260	0.795776	62.814867	49.594446	3.276597	1.230258	0.994331	1.230257	0.994327	1.230257	0.994321	1.193422	0.000015	1.192284	0.004095	1.194604	0.000013	1.204900	0.000014	1.230254	0.992253	
1354693482.719592	0.793485	64.736666	51.604917	6.113920	1.230686	0.999316	1.230686	0.999315	1.230686	0.999313	1.230687	0.999300	1.192295	0.000494	1.192354	0.000175	1.192392	0.000024	1.191875	0.000023	1354693482.719809	0.793549	63.090605	49.847084	3.140328	1.230271	0.996359	1.230256	0.996342	1.230270	0.996339	1.192148	0.000029	1.192305	0.002539	1.196147	0.000149	1.190550	0.000027	1.230273	0.994763	
1354693483.514656	0.795064	64.705571	51.564032	6.125018	1.230226	0.994218	1.230227	0.994210	1.230225	0.994212	1.230227	0.994204	1.192393	0.000719	1.189430	0.000134	1.192253	0.003559	1.190967	0.000049	1354693483.514875	0.795066	63.293337	50.056949	3.672840	1.230412	0.996060	1.230427	0.996070	1.230413	0.996065	1.192397	0.000069	1.192296	0.002707	1.192230	0.000139	1.192458	0.000055	1.230413	0.994239	
1354693484.307389	0.792733	64.812896	51.666899	6.088556	1.230110	0.995434	1.230109	0.995431	1.230110	0.995429	1.230109	0.995435	1.192289	0.003798	1.191318	0.000149	1.190602	0.000019	1.111347	0.000022	1354693484.307542	0.792667	63.618909	50.373720	2.840059	1.230738	0.999750	1.230739	0.999750	1.230738	0.999750	1.192687	0.000015	1.192074	0.000043	1.192319	0.000189	1.191628	0.000019	1.230738	0.998079	
1354693485.100939	0.793550	64.748066	51.598992	6.128897	1.229748	0.993164	1.229748	0.993157	1.229748	0.993153	1.229749	0.993144	1.192427	0.005624	1.192147	0.000135	1.192401	0.000084	1.221940	0.000061	1354693485.101139	0.793597	63.657830	50.426759	2.978263	1.230713	0.999525	1.230713	0.999525	1.230713	0.999525	1.192353	0.000160	1.184760	0.000113	1.192140	0.000188	1.192854	0.000061	1.230716	0.997978	
1354693485.894067	0.793128	64.522390	51.397370	6.108956	1.228889	0.988875	1.228889	0.988863	1.228890	0.988857	1.228890	0.988840	1.192155	0.004562	1.192410	0.003967	1.192592	0.000018	1.192531	0.000018	1354693485.894212	0.793073	63.721019	50.479243	3.421291	1.230752	0.999889	1.230752	0.999888	1.230752	0.999888	1.192431	0.000016	1.201904	0.000091	1.192465	0.000014	1.191965	0.000013	1.230752	0.998090	
1354693486.686177	0.792110	64.779689	51.622043	6.132296	1.228877	0.990643	1.228877	0.990628	1.228877	0.990621	1.228877	0.990608	1.192099	0.006163	1.191990	0.001413	1.185594	0.000074	1.192423	0.000023	1354693486.686326	0.792114	63.662024	50.418955	3.634691	1.230677	0.999141	1.230677	0.999140	1.230677	0.999139	1.192454	0.000311	1.192255	0.000055	1.192355	0.000545	1.192697	0.000028	1.230679	0.997510	
1354693487.478587	0.792410	64.954972	51.819444	6.122253	1.229994	0.995401	1.229994	0.995396	1.229993	0.995380	1.229995	0.995372	1.192592	0.003221	1.192262	0.000136	1.192175	0.000064	1.192295	0.000049	1354693487.478792	0.792466	63.579205	50.324880	3.842396	1.226776	0.992320	1.226776	0.992312	1.226776	0.992305	1.191716	0.000097	1.192297	0.000037	1.192363	0.005212	1.191980	0.000057	1.226770	0.990756	
1354693488.274084	0.795497	64.910198	51.774488	6.106109	1.230242	0.995054	1.230242	0.995049	1.230242	0.995059	1.230242	0.995053	1.192255	0.000971	1.192075	0.002790	1.192338	0.000018	1.192434	0.000018	1354693488.274293	0.795501	63.369950	50.133144	3.759546	1.229788	0.992862	1.229787	0.992856	1.229787	0.992849	1.193682	0.000046	1.192489	0.000049	1.192363	0.004935	1.194025	0.000014	1.229789	0.991325	
1354693489.067801	0.793717	64.812311	51.662214	6.150985	1.229442	0.992107	1.229441	0.992095	1.229441	0.992091	1.229442	0.992082	1.190197	0.000639	1.192483	0.005647	1.181276	0.000076	1.182123	0.000063	1354693489.068003	0.793710	63.812002	50.559919	3.000101	1.230730	0.999693	1.230730	0.999694	1.230730	0.999693	1.192190	0.000090	1.192375	0.000089	1.192554	0.000133	1.191954	0.000074	1.230730	0.998032	
1354693489.858710	0.790909	64.979202	51.832080	6.085677	1.219714	0.996936	1.224685	0.206567	1.219715	0.996904	1.219714	0.996900	1.218096	0.794685	1.166943	0.005001	1.154195	0.003425	1.154326	0.003145	1354693489.858926	0.790923	63.752807	50.503302	3.021071	1.230385	0.999726	1.230385	0.999725	1.230385	0.999724	1.154608	0.003102	1.164328	0.004995	1.156962	0.003242	1.154019	0.002896	1.230439	0.997279	
1354693490.652371	0.793661	64.730197	51.584443	6.120214	1.230438	0.996735	1.192355	0.000840	1.230438	0.996762	1.230438	0.996758	1.230438	0.996758	1.192096	0.002162	1.186974	0.000045	1.192278	0.000057	1354693490.652587	0.793661	63.678621	50.444371	2.841154	1.230717	0.999563	1.230717	0.999563	1.230717	0.999563	1.192180	0.000139	1.230721	0.998056	1.192374	0.000186	1.207945	0.000060	1.192086	0.000077	
1354693491.445007	0.792636	64.593210	51.463969	6.128284	1.230330	0.996372	1.192541	0.002762	1.230329	0.996372	1.230329	0.996367	1.230330	0.996367	1.192661	0.002113	1.196784	0.000141	1.193926	0.000317	1354693491.445233	0.792646	63.669431	50.414478	2.856189	1.230709	0.999508	1.230709	0.999508	1.230709	0.999507	1.192461	0.000238	1.230709	0.998280	1.192377	0.000284	1.192404	0.000175	1.213578	0.000032	
1354693492.239313	0.794306	64.791576	51.637632	6.130921	1.230700	0.999368	1.190250	0.000432	1.230700	0.999367	1.230700	0.999366	1.230700	0.999365	1.192306	0.000088	1.191844	0.000044	1.199431	0.000018	1354693492.239529	0.794296	63.493958	50.250231	2.770705	1.230722	0.999610	1.230722	0.999610	1.230721	0.999609	1.192444	0.000107	1.230729	0.998270	1.195954	0.000241	1.191930	0.000096	1.180155	0.000087	
1354693493.031957	0.792644	63.012546	49.881437	6.062038	1.230542	0.939721	1.136639	0.000454	1.230715	0.938880	1.230716	0.938759	1.230715	0.938675	1.228365	0.000078	1.256457	0.000096	1.078424	0.000473	1354693493.032407	0.792878	62.259345	49.010617	2.790306	1.230736	0.938636	1.230736	0.938517	1.230736	0.938481	0.989822	0.000116	1.232992	0.997892	1.194345	0.000125	1.196546	0.000068	1.234619	0.000031	
1354693493.831965	0.800008	62.649592	49.504525	6.071850	1.230154	0.934939	1.194377	0.003865	1.230269	0.934443	1.230268	0.934472	1.230269	0.934391	1.218100	0.000101	1.231564	0.000043	1.238373	0.000018	1354693493.832432	0.800025	62.501863	49.256999	2.966636	1.230746	0.938954	1.230746	0.938915	1.230746	0.938942	1.225768	0.000082	1.232997	0.998258	0.892870	0.000181	1.222296	0.000066	1.216883	0.000019	
1354693493.834018	0.002053	34.151666	21.249100	4.860759	1.267675	0.007476	1.260304	0.044926	1.261792	0.003397	1.267952	0.003325	1.231505	0.003440	1.238038	0.017149	1.240987	0.012389	1.237661	0.019027	1354693493.834450	0.002018	36.189036	22.986767	4.945180	1.269638	0.005233	1.269300	0.002758	1.270383	0.002756	1.267969	0.007685	1.232914	0.483903	1.268215	0.002441	1.269175	0.003802	0.871373	0.003455	
