ts_0	elapsed_0	pkg_0	pp0_0	dram_0	freq_ratio_0_0	c0_ratio_0_0	freq_ratio_0_1	c0_ratio_0_1	freq_ratio_0_2	c0_ratio_0_2	freq_ratio_0_3	c0_ratio_0_3	freq_ratio_0_4	c0_ratio_0_4	freq_ratio_0_5	c0_ratio_0_5	freq_ratio_0_6	c0_ratio_0_6	freq_ratio_0_7	c0_ratio_0_7	ts_1	elapsed_1	pkg_1	pp0_1	dram_1	freq_ratio_1_0	c0_ratio_1_0	freq_ratio_1_1	c0_ratio_1_1	freq_ratio_1_2	c0_ratio_1_2	freq_ratio_1_3	c0_ratio_1_3	freq_ratio_1_4	c0_ratio_1_4	freq_ratio_1_5	c0_ratio_1_5	freq_ratio_1_6	c0_ratio_1_6	freq_ratio_1_7	c0_ratio_1_7	
1356621439.407675	1.020049	49.690966	36.418538	3.635620	1.157254	0.401043	1.156292	0.395371	1.156164	0.393272	1.158010	0.406376	1.156009	0.393174	1.157826	0.402628	1.157121	0.398554	1.157038	0.398034	1356621439.407835	1.000416	50.145458	36.487643	5.048696	0.965486	0.931027	0.965471	0.930654	0.965995	0.945589	0.956075	0.731632	0.824852	0.000188	0.972627	0.000091	0.770534	0.000099	0.965411	0.931698	
1356621440.407671	0.999996	50.770057	37.422240	3.703933	0.926293	0.998254	0.926294	0.997798	0.926293	0.998011	0.926292	0.998248	0.926293	0.998008	0.924799	0.000424	0.923629	0.000139	0.934877	0.000065	1356621440.407829	0.999994	50.776349	36.925605	6.412911	0.913265	0.997250	0.913261	0.996817	0.913265	0.997245	0.913265	0.997241	0.915756	0.000086	0.923009	0.000100	0.922227	0.000007	0.913261	0.996851	
1356621441.407670	0.999999	50.767703	37.443197	3.697941	0.925043	0.998623	0.925044	0.998622	0.925044	0.998622	0.925044	0.998622	0.925044	0.998619	0.920847	0.000564	0.916169	0.000414	0.923660	0.000105	1356621441.407821	0.999992	50.776107	36.966074	6.070530	0.912822	0.996886	0.912822	0.996884	0.912822	0.996880	0.912822	0.996879	0.914154	0.000279	0.898156	0.000189	0.920520	0.000053	0.912818	0.996880	
1356621442.407670	1.000000	50.770599	37.467316	3.717621	0.925365	0.998622	0.925365	0.998621	0.925365	0.998621	0.925365	0.998620	0.925365	0.998618	0.924455	0.000379	0.923314	0.000095	0.923507	0.000065	1356621442.407823	1.000002	50.773463	36.966147	6.102436	0.912681	0.996852	0.912681	0.996847	0.912680	0.996845	0.912681	0.996841	0.884926	0.000064	0.913059	0.000454	0.882969	0.000008	0.912681	0.996842	
1356621443.407670	1.000000	50.767090	37.473953	3.726089	0.923849	0.998694	0.923849	0.998691	0.923848	0.998690	0.923848	0.998689	0.923848	0.998688	0.826941	0.003814	0.823602	0.003628	0.816213	0.004207	1356621443.407817	0.999994	50.771726	36.967429	6.069662	0.911160	0.997019	0.911160	0.997017	0.911160	0.997013	0.911160	0.997008	0.818162	0.003398	0.819276	0.003374	0.817732	0.003244	0.911155	0.996615	
1356621444.407670	1.000000	50.720978	37.438248	3.707413	0.924625	0.998587	0.924625	0.998585	0.924625	0.998583	0.924625	0.998584	0.924626	0.998581	0.922831	0.000378	0.913387	0.000181	0.916811	0.000036	1356621444.407815	0.999998	50.776220	36.973825	5.995602	0.912544	0.997161	0.912544	0.997158	0.912544	0.997155	0.912545	0.997154	0.908844	0.000082	0.913102	0.000125	0.902364	0.000008	0.912549	0.997155	
1356621445.407670	1.000000	50.771515	37.472366	3.721466	0.924396	0.998704	0.924395	0.998702	0.924395	0.998702	0.924396	0.998702	0.924395	0.998699	0.922579	0.000368	0.930461	0.000085	0.916611	0.000147	1356621445.407815	1.000000	50.778412	36.963028	6.062851	0.911785	0.996729	0.911785	0.996728	0.911784	0.996725	0.911784	0.996720	0.899700	0.000141	0.924656	0.000090	0.877533	0.000057	0.911780	0.996724	
1356621446.407670	1.000000	50.765030	37.459534	3.700653	0.924058	0.998734	0.924059	0.998732	0.924059	0.998731	0.924059	0.998729	0.924060	0.998728	0.923363	0.000423	0.919078	0.000126	0.927320	0.000034	1356621446.407822	1.000007	50.770889	36.944370	6.135898	0.911627	0.996841	0.911627	0.996840	0.911627	0.996837	0.911627	0.996834	0.911095	0.000082	0.907751	0.000145	0.940575	0.000023	0.911631	0.996833	
1356621447.407670	1.000000	50.773849	37.464554	3.718170	0.923755	0.998797	0.923754	0.998796	0.923754	0.998795	0.923753	0.998794	0.923753	0.998794	0.926039	0.000335	0.912433	0.002441	0.925764	0.000076	1356621447.407823	1.000001	50.776853	36.935679	6.229685	0.911236	0.997036	0.911236	0.997035	0.911235	0.997035	0.911235	0.997029	0.903894	0.000222	0.895076	0.000433	0.892981	0.000056	0.911235	0.997030	
1356621448.407670	1.000000	50.769882	37.463028	3.721237	0.924499	0.998715	0.924499	0.998714	0.924499	0.998713	0.924500	0.998711	0.924500	0.998710	0.925349	0.000405	0.916966	0.000132	0.927250	0.000035	1356621448.407815	0.999992	50.775405	36.954615	6.121586	0.912178	0.997107	0.912178	0.997102	0.912178	0.997101	0.912178	0.997097	0.923315	0.000081	0.904908	0.000159	0.925258	0.000008	0.912178	0.997098	
1356621449.407671	1.000001	50.768888	37.450282	3.707821	0.925216	0.997979	0.925216	0.997977	0.925216	0.997974	0.925216	0.997972	0.925203	0.998051	0.912002	0.000359	0.884118	0.000104	0.904271	0.000126	1356621449.407826	1.000011	50.773430	36.925666	6.227166	0.911557	0.996503	0.911561	0.996921	0.911556	0.996500	0.911556	0.996464	0.904850	0.000129	0.922858	0.000102	0.919642	0.000065	0.911557	0.996544	
1356621450.407670	0.999999	50.769610	37.465444	3.723133	0.924309	0.998825	0.924310	0.998825	0.924310	0.998823	0.924310	0.998822	0.924310	0.998821	0.925602	0.000412	0.925591	0.000088	0.933829	0.000034	1356621450.407819	0.999993	50.774521	36.959362	6.117108	0.911955	0.996946	0.911955	0.996942	0.911955	0.996940	0.911955	0.996937	0.923789	0.000081	0.914968	0.000123	0.926114	0.000008	0.911955	0.996938	
1356621451.407670	1.000000	50.774582	37.467072	3.718658	0.923771	0.998921	0.923771	0.998920	0.923770	0.998920	0.923770	0.998920	0.923770	0.998919	0.923520	0.000363	0.937954	0.000088	0.926699	0.000074	1356621451.407822	1.000003	50.725169	36.919701	6.094952	0.911737	0.996862	0.911737	0.996860	0.911737	0.996857	0.911737	0.996854	0.913468	0.000132	0.903675	0.000092	0.923543	0.000054	0.911736	0.996855	
1356621452.407670	1.000000	50.771194	37.457367	3.704605	0.924372	0.998830	0.924372	0.998830	0.924372	0.998828	0.924372	0.998826	0.924372	0.998826	0.925684	0.000405	0.923664	0.000093	0.926087	0.000045	1356621452.407821	0.999999	50.772418	36.934483	6.038046	0.910996	0.996813	0.910996	0.996809	0.910995	0.996807	0.910995	0.996803	0.910328	0.000081	0.916704	0.000444	0.919630	0.000007	0.910996	0.996807	
1356621453.407670	1.000000	50.771347	37.465469	3.705109	0.923642	0.999013	0.923642	0.999012	0.923642	0.999009	0.923642	0.999009	0.923642	0.999010	0.925336	0.000336	0.923744	0.000066	0.922444	0.000086	1356621453.407816	0.999995	50.773234	36.964403	5.996780	0.911466	0.996705	0.911467	0.996698	0.911467	0.996697	0.911467	0.996695	0.915856	0.000116	0.913164	0.000090	0.896175	0.000055	0.911470	0.996696	
1356621454.407670	1.000000	50.772949	37.461777	3.715027	0.922797	0.998519	0.922797	0.998518	0.922797	0.998516	0.922797	0.998513	0.922797	0.998513	0.928889	0.000376	0.922685	0.000081	0.924423	0.000035	1356621454.407819	1.000003	50.780543	36.964378	6.050930	0.911516	0.997046	0.911515	0.997043	0.911515	0.997040	0.911514	0.997037	0.913031	0.000084	0.923047	0.000129	0.921369	0.000008	0.911507	0.997039	
1356621455.407670	1.000000	50.771179	37.455841	3.709229	0.923967	0.998779	0.923966	0.998191	0.923966	0.998777	0.923965	0.998777	0.923966	0.998493	0.923850	0.000349	0.927224	0.000077	0.925227	0.000084	1356621455.407818	0.999999	50.774691	36.945470	6.123190	0.911136	0.996822	0.911136	0.996820	0.911136	0.996816	0.911137	0.996814	0.885841	0.000133	0.909439	0.000091	0.890781	0.000056	0.911140	0.996815	
1356621456.407676	1.000006	50.768054	37.465338	3.728692	0.922950	0.998687	0.922951	0.998685	0.922950	0.998682	0.922951	0.998682	0.922951	0.998682	0.923389	0.000407	0.916797	0.000102	0.905865	0.000035	1356621456.407832	1.000014	50.775485	36.979292	5.963356	0.911284	0.996971	0.911284	0.996970	0.911284	0.996967	0.911284	0.996962	0.909343	0.000092	0.909103	0.000135	0.914643	0.000019	0.911280	0.996966	
1356621457.407670	0.999994	50.723905	37.437571	3.732780	0.923096	0.998847	0.923096	0.998845	0.923095	0.998845	0.923096	0.998844	0.923095	0.998843	0.926860	0.000364	0.909334	0.002295	0.929825	0.000102	1356621457.407818	0.999986	50.775800	36.982393	5.939109	0.911628	0.997001	0.911628	0.996997	0.911628	0.996994	0.911628	0.996990	0.906028	0.000138	0.917672	0.000415	0.907965	0.000053	0.911628	0.996992	
1356621458.407677	1.000007	27.259577	14.106592	2.442473	0.975751	0.260873	0.978994	0.258660	0.979067	0.258619	0.979065	0.258577	0.979069	0.258560	0.730473	0.000407	0.824260	0.000093	0.656054	0.000056	1356621458.408017	1.000199	34.466359	21.215564	1.993530	0.975429	0.258363	0.975429	0.258335	0.975432	0.258338	0.975433	0.258327	0.991745	0.000097	0.986401	0.000191	0.992446	0.000041	0.993663	0.999739	
1356621459.407676	0.999999	715795114.170939	715811121.867952	715795362.447070	0.999924	1.000721	0.999923	1.000730	0.999926	1.000738	0.999923	1.000715	0.999926	1.000733	0.999926	1.000717	0.999925	1.000727	0.999925	1.000725	1356621459.407779	0.999762	715933763.664202	715943613.228894	715981013.458170	0.999926	1.000730	0.999921	1.000720	3.897330	0.256758	0.999922	1.000714	0.999925	1.000728	0.999927	1.000722	0.999925	1.000729	0.999925	1.000724	
1356621460.407676	1.000000	0.000000	0.000000	0.000000	-nan	-nan	-nan	-nan	1.000008	inf	-nan	-nan	-nan	0.000000	-nan	-nan	-nan	-nan	-nan	-nan	1356621460.407760	0.999981	0.000000	0.000000	0.000000	-nan	-nan	-nan	-nan	1.345745	inf	-nan	-nan	-nan	-nan	-nan	-nan	-nan	-nan	-nan	-nan	
