ts_0	elapsed_0	pkg_0	pp0_0	dram_0	freq_ratio_0_0	c0_ratio_0_0	freq_ratio_0_1	c0_ratio_0_1	freq_ratio_0_2	c0_ratio_0_2	freq_ratio_0_3	c0_ratio_0_3	freq_ratio_0_4	c0_ratio_0_4	freq_ratio_0_5	c0_ratio_0_5	freq_ratio_0_6	c0_ratio_0_6	freq_ratio_0_7	c0_ratio_0_7	ts_1	elapsed_1	pkg_1	pp0_1	dram_1	freq_ratio_1_0	c0_ratio_1_0	freq_ratio_1_1	c0_ratio_1_1	freq_ratio_1_2	c0_ratio_1_2	freq_ratio_1_3	c0_ratio_1_3	freq_ratio_1_4	c0_ratio_1_4	freq_ratio_1_5	c0_ratio_1_5	freq_ratio_1_6	c0_ratio_1_6	freq_ratio_1_7	c0_ratio_1_7	
1352518474.609417	1.001721	36.790554	23.505158	3.624515	0.999517	0.014224	0.999818	0.842154	0.999824	0.008047	0.999917	0.006143	0.999783	0.145452	0.999734	0.003594	0.993399	0.004034	0.999954	0.004699	1352518474.609573	1.000438	40.172347	26.721253	5.216999	0.999832	0.842464	0.999930	0.499812	0.999956	0.841573	0.962016	0.003578	0.993592	0.001720	0.978646	0.002162	0.967178	0.003814	0.999063	0.162433	
1352518475.609766	1.000349	36.759554	23.437605	3.806670	0.999955	0.017027	1.000000	0.977272	0.999989	0.009537	1.000003	0.009139	1.000180	0.002483	0.999954	0.004424	0.999936	0.004991	0.999939	0.005628	1352518475.609941	1.000368	43.514377	29.959141	5.942484	1.000000	0.976950	1.000000	0.767691	1.000000	0.976784	1.000069	0.004033	1.000096	0.002080	1.000056	0.002099	1.000051	0.004329	0.999761	0.003938	
1352518476.609389	0.999623	37.196791	23.870143	3.791789	0.999942	0.014193	1.000000	0.991866	0.999935	0.010188	0.999904	0.009103	0.999898	0.002949	0.999921	0.004085	0.999936	0.005507	1.000046	0.004801	1352518476.609527	0.999586	43.241286	29.723026	5.789445	1.000000	0.991749	1.000000	0.775305	1.000000	0.991693	0.999846	0.004004	1.000038	0.001879	1.000044	0.001951	1.000050	0.004080	1.000180	0.003868	
1352518477.609388	0.999999	39.031577	25.702463	3.782062	0.999937	0.016514	1.000000	1.000000	0.999928	0.009299	0.999987	0.009169	1.000086	0.004200	0.999968	0.004284	0.999953	0.002644	1.000078	0.004307	1352518477.609489	0.999962	44.506204	30.987701	5.921047	1.000000	1.000000	1.000000	0.760307	1.000000	1.000000	1.000016	0.004120	1.000089	0.002017	1.000038	0.002021	0.999858	0.004087	0.999915	0.003890	
1352518478.609396	1.000008	38.778265	25.448433	3.805313	0.999956	0.014769	1.000000	0.971160	0.999942	0.011285	0.999913	0.007385	0.999667	0.004473	0.999989	0.004170	0.999919	0.002500	0.999969	0.003575	1352518478.609555	1.000066	43.822561	30.304120	5.934545	1.000000	0.970590	1.000000	0.766307	1.000000	0.970443	1.000104	0.004473	0.999933	0.001925	0.999942	0.001991	0.999886	0.004334	0.999865	0.003946	
1352518479.609568	1.000172	38.459880	25.132871	3.787328	0.999942	0.015859	1.000000	0.973546	0.999951	0.009779	0.999939	0.009783	1.000359	0.004389	0.999885	0.003328	0.999921	0.002644	0.999818	0.004146	1352518479.609706	1.000151	43.624245	30.106418	5.932836	1.000000	0.973103	0.999394	0.002464	1.000000	0.972983	1.000001	0.764814	1.000264	0.001931	1.000128	0.002209	1.000095	0.003972	1.000065	0.003715	
1352518480.609396	0.999828	39.360495	26.043265	3.781580	0.999973	0.015525	1.000000	0.983871	0.999886	0.009508	0.999989	0.009764	1.000105	0.003903	1.000153	0.002063	0.999973	0.002534	1.000181	0.004453	1352518480.609616	0.999910	43.514104	30.003170	5.942810	1.000000	0.983593	0.999813	0.002202	1.000000	0.983513	1.000000	0.761063	0.999897	0.001870	1.000054	0.001958	0.999898	0.003960	0.999920	0.003928	
1352518481.609573	1.000177	39.440441	26.095298	4.118443	0.999989	0.079361	1.000001	0.968634	1.000006	0.312683	1.000021	0.008797	1.000130	0.004125	1.000082	0.002074	0.999984	0.002375	1.000125	0.003976	1352518481.609692	1.000076	41.473744	27.936001	5.921776	0.999999	0.968114	0.999997	0.402367	0.999999	0.967989	0.999360	0.002644	0.999535	0.002112	0.999823	0.002236	0.999729	0.004186	0.999714	0.004149	
1352518482.609391	0.999818	41.787890	28.402139	4.460864	1.000000	0.470295	1.000000	0.993063	0.999994	0.311216	1.000058	0.008679	0.999897	0.005729	0.999880	0.001954	0.999899	0.001979	0.999889	0.005192	1352518482.609560	0.999868	40.044672	26.489049	5.901033	1.000000	0.992972	1.000193	0.002049	1.000000	0.992934	0.999784	0.002461	1.000298	0.002159	1.000000	0.002512	1.000032	0.004371	1.000075	0.004139	
1352518483.609388	0.999997	40.725987	27.335946	4.446654	0.999998	0.478951	1.000000	0.987429	1.000007	0.153408	0.999991	0.159144	0.999988	0.005553	1.000029	0.001906	0.999988	0.002050	0.999930	0.005336	1352518483.609544	0.999984	40.613793	27.056981	5.917773	1.000000	0.987259	0.999953	0.002632	1.000000	0.987197	1.000107	0.002367	1.000081	0.002296	0.999072	0.002449	1.000030	0.004236	1.000000	0.004176	
1352518484.609389	1.000001	41.694708	28.328983	4.505840	0.999996	0.056409	1.000000	0.986991	0.999999	0.526306	0.999999	0.212221	1.000063	0.004635	0.999934	0.001931	0.999920	0.002002	1.000075	0.005392	1352518484.609494	0.999950	40.848435	27.298577	5.897314	1.000000	0.986793	0.999948	0.005042	1.000000	0.986713	0.999987	0.002241	1.000118	0.002139	1.000986	0.002626	0.999964	0.004451	1.000005	0.004122	
1352518485.609394	1.000005	42.737243	29.344259	4.507012	1.000000	0.619288	1.000000	0.922799	0.999991	0.197168	0.999954	0.006481	1.000033	0.004891	0.999875	0.001870	0.999892	0.002074	0.999952	0.005234	1352518485.609503	1.000009	41.585622	28.023901	5.915748	1.000000	0.946614	0.999722	0.005639	1.000000	0.946316	0.999604	0.003083	1.000069	0.002306	0.999925	0.002455	0.999766	0.004341	0.999608	0.004145	
1352518486.609390	0.999996	41.526169	28.127861	4.574481	1.000000	0.999991	0.999998	0.679481	0.999987	0.037070	1.000012	0.078100	0.999847	0.005701	0.999661	0.002076	0.999952	0.004284	1.000027	0.005335	1352518486.609522	1.000019	42.559079	29.006740	5.909571	1.000000	0.999998	1.000072	0.005795	1.000000	1.000000	1.000203	0.005298	0.999996	0.002182	0.999955	0.002344	1.000056	0.004780	1.000262	0.004104	
1352518487.609387	0.999997	40.963765	27.559595	4.649551	1.000000	0.999961	1.000001	0.761699	0.999927	0.009501	0.999939	0.023768	1.000064	0.009942	1.000059	0.007457	0.999970	0.005098	0.999985	0.006998	1352518487.609503	0.999981	42.484544	28.927538	5.912543	1.000000	0.999967	1.000049	0.008116	1.000000	1.000000	1.000040	0.007378	1.000049	0.008316	1.000057	0.006304	1.000040	0.008074	1.000053	0.007229	
1352518488.609389	1.000002	41.941067	28.540564	4.543235	1.000000	0.977528	1.000000	0.776615	0.999921	0.004233	0.999955	0.005458	0.999969	0.006673	0.999929	0.005355	0.999890	0.001933	0.999968	0.003559	1352518488.609575	1.000072	41.642570	28.077965	5.899172	1.000000	0.977334	0.999797	0.006519	1.000000	0.977211	0.999881	0.004383	0.999952	0.005677	1.000017	0.002464	0.999891	0.004270	0.999906	0.004762	
1352518489.609386	0.999997	42.403711	29.002562	4.494063	1.000000	0.972800	1.000000	0.772276	1.000002	0.008278	1.000008	0.005044	1.000069	0.006116	0.999986	0.005048	0.999876	0.002043	1.000063	0.003603	1352518489.609487	0.999912	42.029973	28.463350	5.866742	1.000000	0.972658	1.000042	0.007527	1.000000	0.972505	0.999770	0.004599	0.999768	0.004133	0.999857	0.002440	0.999716	0.004547	0.999718	0.004272	
1352518490.609385	0.999999	42.413111	29.023892	4.565388	1.000000	1.000000	1.000000	0.772113	1.000071	0.006340	0.999920	0.007305	0.999940	0.005759	0.999820	0.004160	0.999921	0.002023	0.999792	0.003582	1352518490.609469	0.999982	41.317603	27.775765	5.889525	1.000000	1.000000	0.999882	0.006143	1.000000	1.000000	1.000107	0.007065	1.000178	0.004445	1.000166	0.002552	1.000164	0.004510	1.000281	0.004001	
1352518491.609385	1.000000	42.375961	28.969162	4.587738	1.000000	0.992139	1.000000	0.778222	0.999795	0.006428	0.999956	0.008043	0.999976	0.004772	1.000017	0.003633	0.999898	0.001988	1.000083	0.003670	1352518491.609574	1.000105	42.628707	29.071825	5.912206	1.000000	0.992050	0.999998	0.005219	1.000000	0.992008	0.999997	0.007254	1.000092	0.004198	0.999999	0.002564	0.999992	0.004052	0.999899	0.004092	
1352518492.609386	1.000001	42.354131	28.951907	4.540233	1.000000	0.972190	1.000000	0.777415	0.999926	0.006377	1.000014	0.007274	1.000085	0.005289	1.000031	0.003650	0.999869	0.001978	1.000100	0.003599	1352518492.609495	0.999921	42.203175	28.647189	5.905495	1.000000	0.972088	0.999697	0.005956	1.000000	0.971979	0.999809	0.006220	0.999763	0.004109	0.999933	0.002529	0.999873	0.004317	0.999816	0.004091	
1352518493.609385	0.999999	43.032588	29.630491	4.521336	1.000000	0.999975	1.000000	0.771336	0.999968	0.007745	0.999870	0.005413	0.999943	0.005386	0.999858	0.003608	0.999939	0.002046	0.999885	0.003776	1352518493.609480	0.999985	41.769091	28.218792	5.879742	1.000000	0.999980	1.000219	0.006462	1.000000	1.000000	1.000030	0.006319	1.000290	0.004581	1.000083	0.002500	1.000116	0.004327	1.000177	0.004517	
1352518494.609383	0.999998	715787100.208947	715815791.911453	715770065.666721	0.999983	1.000515	0.999981	1.000518	0.999983	1.000523	0.999983	1.000515	0.999983	1.000518	0.999986	1.000513	0.999983	1.000519	0.999983	1.000515	1352518494.609477	0.999997	715819376.684965	715769470.992902	715769795.031870	0.999983	1.000515	0.999980	1.000518	3.893507	0.256968	0.999983	1.000515	0.999983	1.000518	0.999986	1.000513	0.999983	1.000518	0.999983	1.000515	
1352518495.609380	0.999997	0.000000	0.000000	0.000000	-nan	-nan	-nan	-nan	0.000000	inf	-nan	-nan	-nan	0.000000	-nan	-nan	-nan	-nan	-nan	-nan	1352518495.609452	0.999975	0.000000	0.000000	0.000000	-nan	-nan	-nan	-nan	0.000000	inf	-nan	-nan	-nan	-nan	-nan	-nan	-nan	-nan	-nan	-nan	
