ts_0	elapsed_0	pkg_0	pp0_0	dram_0	freq_ratio_0_0	c0_ratio_0_0	freq_ratio_0_1	c0_ratio_0_1	freq_ratio_0_2	c0_ratio_0_2	freq_ratio_0_3	c0_ratio_0_3	freq_ratio_0_4	c0_ratio_0_4	freq_ratio_0_5	c0_ratio_0_5	freq_ratio_0_6	c0_ratio_0_6	freq_ratio_0_7	c0_ratio_0_7	ts_1	elapsed_1	pkg_1	pp0_1	dram_1	freq_ratio_1_0	c0_ratio_1_0	freq_ratio_1_1	c0_ratio_1_1	freq_ratio_1_2	c0_ratio_1_2	freq_ratio_1_3	c0_ratio_1_3	freq_ratio_1_4	c0_ratio_1_4	freq_ratio_1_5	c0_ratio_1_5	freq_ratio_1_6	c0_ratio_1_6	freq_ratio_1_7	c0_ratio_1_7	
1356747234.754313	1.001997	51.832724	38.340929	6.903191	1.157135	0.664061	1.154829	0.664598	1.154786	0.670934	1.154409	0.668792	1.154548	0.668136	1.154517	0.668675	1.154629	0.668608	1.155095	0.671236	1356747234.754475	1.000410	53.005867	39.330841	8.105502	0.780972	0.883525	0.780934	0.883577	0.780856	0.882839	0.780769	0.882597	0.780541	0.881627	0.779650	0.878173	0.779685	0.878250	0.780983	0.884266	
1356747235.754308	0.999995	50.797984	37.314136	7.136510	0.854523	0.996750	0.854523	0.996747	0.854523	0.996745	0.854523	0.996742	0.854523	0.996747	0.854524	0.996745	0.850776	0.001131	0.976446	0.000014	1356747235.754439	0.999964	50.866501	37.171535	8.587925	0.716871	0.996318	0.716871	0.996325	0.716871	0.996317	0.716870	0.996313	0.716870	0.996313	0.716870	0.996307	0.716870	0.996306	0.716870	0.996307	
1356747236.754307	0.999999	50.803912	37.312551	7.178458	0.853045	0.996603	0.853044	0.996751	0.853044	0.996600	0.853044	0.996591	0.853040	0.997247	0.853044	0.996582	0.853782	0.005039	0.845635	0.000054	1356747236.754452	1.000013	50.863560	37.152970	8.736000	0.716425	0.996169	0.716425	0.996168	0.716426	0.996162	0.716426	0.996159	0.716426	0.996159	0.716426	0.996157	0.716427	0.996152	0.716427	0.996153	
1356747237.754307	1.000000	50.748672	37.263458	7.184586	0.852113	0.996803	0.852101	0.996872	0.852112	0.996813	0.852112	0.996827	0.852092	0.996897	0.852112	0.996806	0.838235	0.009196	0.819704	0.003913	1356747237.754441	0.999989	50.862710	37.148341	8.768071	0.717130	0.996348	0.717130	0.996344	0.717130	0.996342	0.717130	0.996343	0.717130	0.996336	0.717130	0.996337	0.717130	0.996333	0.717130	0.996333	
1356747238.754307	1.000000	50.800797	37.301804	7.163910	0.849141	0.998109	0.849142	0.998109	0.849142	0.998105	0.849142	0.998105	0.849141	0.998104	0.849142	0.998102	0.850809	0.000588	0.849371	0.003213	1356747238.754436	0.999995	50.862666	37.147067	8.716871	0.718229	0.996316	0.718229	0.996311	0.718229	0.996309	0.718229	0.996307	0.718229	0.996308	0.718229	0.996302	0.718229	0.996300	0.718229	0.996301	
1356747239.754307	1.000000	50.803528	37.304428	7.186890	0.852730	0.997037	0.852730	0.997035	0.852730	0.997032	0.852730	0.997028	0.852730	0.997026	0.852730	0.997025	0.850267	0.000548	0.848720	0.000009	1356747239.754436	1.000000	50.864166	37.149704	8.688187	0.719671	0.996603	0.719671	0.996600	0.719671	0.996598	0.719671	0.996596	0.719671	0.996595	0.719671	0.996593	0.719671	0.996589	0.719671	0.996590	
1356747240.754307	1.000000	50.815948	37.319290	7.192795	0.834781	0.996448	0.834780	0.996445	0.834779	0.996444	0.834779	0.996441	0.834778	0.996434	0.834778	0.996433	0.836059	0.000585	0.835417	0.003931	1356747240.754413	0.999977	50.864217	37.146953	8.859089	0.720047	0.996535	0.720047	0.996540	0.720047	0.996530	0.720047	0.996526	0.720047	0.996533	0.720047	0.996531	0.720047	0.996521	0.720047	0.996520	
1356747241.754307	1.000000	50.797943	37.292374	7.155960	0.850615	0.997583	0.850615	0.997582	0.850616	0.997580	0.850616	0.997577	0.850616	0.997577	0.850616	0.997575	0.849250	0.000572	0.833801	0.000331	1356747241.754435	1.000022	50.863173	37.135691	8.782415	0.719915	0.996605	0.719915	0.996605	0.719915	0.996604	0.719915	0.996598	0.719915	0.996598	0.719915	0.996593	0.719915	0.996594	0.719915	0.996591	
1356747242.754307	1.000000	50.802582	37.301590	7.157486	0.851872	0.997376	0.851872	0.997376	0.851871	0.997364	0.851872	0.997371	0.851872	0.997360	0.851871	0.997358	0.849707	0.000584	0.847373	0.001054	1356747242.754440	1.000005	50.861043	37.143125	8.692904	0.719834	0.996612	0.719834	0.996608	0.719834	0.996606	0.719834	0.996607	0.719834	0.996605	0.719834	0.996602	0.719834	0.996602	0.719834	0.996600	
1356747243.754307	1.000000	50.802414	37.296326	7.157516	0.852193	0.997450	0.852192	0.997451	0.852193	0.997443	0.852193	0.997441	0.852192	0.997441	0.852192	0.997438	0.853377	0.000581	0.841217	0.000035	1356747243.754438	0.999998	50.866506	37.148630	8.746416	0.719424	0.996501	0.719424	0.996497	0.719424	0.996495	0.719424	0.996494	0.719423	0.996493	0.719423	0.996490	0.719423	0.996484	0.719423	0.996485	
1356747244.754307	1.000000	50.810760	37.316254	7.152237	0.833492	0.996617	0.833492	0.996617	0.833491	0.996614	0.833491	0.996613	0.833491	0.996610	0.833490	0.996611	0.838697	0.000564	0.834624	0.003949	1356747244.754430	0.999992	50.864289	37.175320	8.577966	0.719600	0.996480	0.719600	0.996476	0.719600	0.996474	0.719600	0.996470	0.719600	0.996469	0.719600	0.996467	0.719600	0.996468	0.719600	0.996470	
1356747245.754307	1.000000	50.802658	37.283493	7.190094	0.844032	0.997860	0.844033	0.997856	0.844033	0.997855	0.844033	0.997856	0.844033	0.997851	0.844034	0.997851	0.845295	0.000533	0.827988	0.000399	1356747245.754423	0.999993	50.860322	37.105908	8.986253	0.719233	0.996459	0.719233	0.996455	0.719233	0.996454	0.719234	0.996448	0.719234	0.996448	0.719234	0.996446	0.719234	0.996446	0.719234	0.996445	
1356747246.754307	1.000000	50.814987	37.311432	7.164948	0.833343	0.996641	0.833343	0.996644	0.833343	0.996639	0.833343	0.996637	0.833343	0.996636	0.833343	0.996633	0.836732	0.000588	0.835610	0.003833	1356747246.754408	0.999985	50.867219	37.156305	8.676461	0.719573	0.996566	0.719573	0.996563	0.719573	0.996561	0.719573	0.996558	0.719573	0.996556	0.719573	0.996553	0.719573	0.996552	0.719573	0.996550	
1356747247.754307	1.000000	50.802521	37.295578	7.171753	0.848528	0.997302	0.848528	0.997302	0.848528	0.997299	0.848528	0.997296	0.848528	0.997295	0.848528	0.997295	0.852387	0.000531	0.836315	0.000808	1356747247.754428	1.000020	50.860691	37.137913	8.878927	0.719961	0.996890	0.719961	0.996887	0.719961	0.996887	0.719961	0.996884	0.719961	0.996881	0.719961	0.996879	0.719961	0.996878	0.719961	0.996876	
1356747248.754307	1.000000	50.806442	37.295563	7.185287	0.845619	0.997525	0.845620	0.997893	0.845619	0.997890	0.845620	0.997889	0.845620	0.997887	0.845619	0.997521	0.851585	0.000565	0.845563	0.002019	1356747248.754438	1.000010	50.862009	37.133082	8.836536	0.719480	0.996375	0.719480	0.996347	0.719480	0.996348	0.719484	0.996713	0.719481	0.996394	0.719480	0.996344	0.719484	0.996707	0.719484	0.996705	
1356747249.754307	1.000000	50.805847	37.296829	7.178162	0.850146	0.997786	0.850147	0.997077	0.850146	0.997780	0.850148	0.997025	0.850145	0.997777	0.850148	0.997042	0.845845	0.000532	0.848600	0.003514	1356747249.754439	1.000001	50.863843	37.140681	8.789848	0.719144	0.996402	0.719144	0.996400	0.719144	0.996400	0.719144	0.996395	0.719144	0.996394	0.719144	0.996393	0.719135	0.995650	0.719143	0.996388	
1356747250.754307	1.000000	50.752441	37.251205	7.142273	0.850684	0.998073	0.850685	0.998072	0.850684	0.998071	0.850684	0.998069	0.850684	0.998069	0.850685	0.998067	0.852980	0.000733	0.847623	0.000414	1356747250.754438	0.999999	50.864520	37.136510	8.709862	0.719317	0.996637	0.719317	0.996634	0.719317	0.996632	0.719317	0.996629	0.719317	0.996614	0.719317	0.996615	0.719317	0.996612	0.719317	0.996609	
1356747251.754307	1.000000	50.797592	37.288498	7.165421	0.850433	0.997890	0.850433	0.997889	0.850433	0.997885	0.850433	0.997885	0.850433	0.997883	0.850433	0.997881	0.855001	0.000518	0.862770	0.000009	1356747251.754432	0.999994	50.862287	37.151146	8.628668	0.719204	0.996612	0.719204	0.996610	0.719204	0.996609	0.719204	0.996606	0.719204	0.996615	0.719205	0.996614	0.719205	0.996609	0.719204	0.996608	
1356747252.754307	1.000000	50.807495	37.295334	7.163895	0.847862	0.997490	0.847851	0.997577	0.847861	0.997520	0.847860	0.997516	0.847860	0.997531	0.847860	0.997487	0.843432	0.000564	0.843879	0.001447	1356747252.754445	1.000013	50.866078	37.142244	8.731361	0.719084	0.996323	0.719080	0.996463	0.719080	0.996462	0.719079	0.996456	0.719082	0.996339	0.719082	0.996322	0.719083	0.996295	0.719079	0.996452	
1356747253.754307	1.000000	50.802612	37.298523	7.180191	0.850719	0.997802	0.850720	0.997800	0.850719	0.997796	0.850720	0.997796	0.850719	0.997796	0.850720	0.997794	0.847731	0.000531	0.848757	0.000015	1356747253.754438	0.999993	50.864075	37.154752	8.641188	0.719400	0.996568	0.719400	0.996565	0.719401	0.996565	0.719401	0.996562	0.719401	0.996565	0.719401	0.996565	0.719401	0.996553	0.719401	0.996551	
1356747254.754307	1.000000	50.814499	37.308975	7.165222	0.832148	0.996604	0.832148	0.996602	0.832148	0.996599	0.832147	0.996594	0.832147	0.996593	0.832147	0.996594	0.836867	0.000548	0.833629	0.003938	1356747254.754414	0.999976	50.862644	37.145548	8.788542	0.719427	0.996501	0.719427	0.996499	0.719426	0.996494	0.719427	0.996493	0.719426	0.996493	0.719427	0.996492	0.719426	0.996489	0.719427	0.996486	
1356747255.754307	1.000000	50.802795	37.280716	7.161469	0.846520	0.997923	0.846520	0.997924	0.846521	0.997928	0.846521	0.997918	0.846522	0.997917	0.846522	0.997916	0.842995	0.000513	0.847468	0.005138	1356747255.754433	1.000019	50.864356	37.112131	8.912733	0.719020	0.996454	0.719019	0.996454	0.719019	0.996453	0.719019	0.996450	0.719019	0.996448	0.719019	0.996446	0.719018	0.996442	0.719018	0.996442	
1356747256.754307	1.000000	50.802582	37.281357	7.157593	0.851138	0.997361	0.851139	0.997361	0.851138	0.997356	0.851138	0.997355	0.851138	0.997353	0.851138	0.997355	0.850909	0.001262	0.846566	0.000356	1356747256.754433	1.000000	50.862381	37.134186	8.758972	0.719213	0.996659	0.719214	0.996655	0.719214	0.996655	0.719214	0.996652	0.719214	0.996652	0.719214	0.996649	0.719215	0.996650	0.719215	0.996646	
1356747257.754308	1.000001	50.802610	37.282710	7.193642	0.849832	0.997739	0.849832	0.997737	0.849833	0.997736	0.849833	0.997734	0.849833	0.997733	0.849833	0.997732	0.850100	0.005299	0.848249	0.000009	1356747257.754447	1.000014	50.863832	37.132931	8.762465	0.719050	0.996575	0.719050	0.996573	0.719050	0.996567	0.719050	0.996570	0.719050	0.996569	0.719050	0.996565	0.719050	0.996563	0.719050	0.996559	
1356747258.754307	0.999999	50.800036	37.277517	7.199546	0.849412	0.997837	0.849412	0.997838	0.849411	0.997833	0.849411	0.997830	0.849411	0.997828	0.849412	0.997828	0.850438	0.005108	0.847756	0.000063	1356747258.754432	0.999985	50.866517	37.130395	8.729608	0.719041	0.996603	0.719040	0.996598	0.719040	0.996597	0.719040	0.996596	0.719040	0.996591	0.719040	0.996589	0.719039	0.996589	0.719039	0.996585	
1356747259.754307	1.000000	50.804749	37.290634	7.166153	0.849633	0.997729	0.849633	0.997727	0.849633	0.997723	0.849632	0.997722	0.849632	0.997722	0.849632	0.997719	0.850596	0.005520	0.880046	0.000015	1356747259.754445	1.000013	50.860356	37.151704	8.555659	0.718924	0.996645	0.718924	0.996641	0.718925	0.996639	0.718925	0.996637	0.718925	0.996634	0.718926	0.996632	0.718926	0.996617	0.718926	0.996615	
1356747260.754307	1.000000	50.806061	37.284790	7.201767	0.849715	0.997787	0.849715	0.997784	0.849715	0.997783	0.849714	0.997781	0.849715	0.997780	0.849714	0.997777	0.852608	0.005708	0.850464	0.001716	1356747260.754432	0.999987	50.812449	37.103590	8.625022	0.718997	0.996761	0.718997	0.996759	0.718997	0.996757	0.718997	0.996754	0.718996	0.996751	0.718996	0.996750	0.718996	0.996759	0.718996	0.996759	
1356747261.754307	1.000000	50.805893	37.292770	7.196747	0.852573	0.997116	0.852572	0.997115	0.852573	0.997114	0.852573	0.997112	0.852573	0.997106	0.852573	0.997114	0.857160	0.000771	0.847540	0.000524	1356747261.754433	1.000001	50.866864	37.173701	8.414161	0.719079	0.996543	0.719079	0.996541	0.719079	0.996538	0.719079	0.996537	0.719079	0.996534	0.719079	0.996530	0.719079	0.996528	0.719079	0.996527	
1356747262.754307	1.000000	50.800705	37.278183	7.208252	0.849418	0.997547	0.850647	0.940474	0.849418	0.997549	0.849418	0.997548	0.849418	0.997537	0.849418	0.997542	0.815067	0.009290	0.825837	0.061412	1356747262.754416	0.999983	50.863028	37.140033	8.674067	0.719077	0.996586	0.719077	0.996590	0.719077	0.996582	0.719077	0.996579	0.719073	0.996360	0.719077	0.996576	0.719077	0.996582	0.719077	0.996580	
1356747263.754307	1.000000	50.801392	37.289017	7.195724	0.852455	0.997015	0.871045	0.000019	0.852457	0.996571	0.852454	0.997022	0.852454	0.997010	0.852454	0.997008	0.853904	0.000501	0.852455	0.997009	1356747263.754442	1.000026	50.862677	37.159740	8.633626	0.718782	0.996746	0.718781	0.996743	0.718781	0.996743	0.718781	0.996741	0.718781	0.996740	0.718781	0.996738	0.718780	0.996734	0.718780	0.996734	
1356747264.754307	1.000000	50.753769	37.259949	7.159714	0.847233	0.997496	0.850504	0.005269	0.847233	0.997496	0.847233	0.997492	0.847233	0.997491	0.847232	0.997490	0.850210	0.000906	0.847232	0.997489	1356747264.754431	0.999989	50.867059	37.169048	8.574496	0.718413	0.996576	0.718413	0.996573	0.718413	0.996570	0.718413	0.996568	0.718413	0.996566	0.718413	0.996563	0.718413	0.996560	0.718413	0.996560	
1356747265.754306	0.999999	34.730380	21.316182	5.617330	0.871678	0.520789	0.873490	0.002925	0.871687	0.520762	0.871689	0.520721	0.871684	0.520679	0.871703	0.520599	0.743000	0.000669	0.871672	0.520620	1356747265.754730	1.000299	40.854958	27.501589	5.460648	0.739068	0.519817	0.739049	0.519905	0.739051	0.519807	0.739052	0.519777	0.739086	0.519925	0.739053	0.519741	0.739054	0.519700	0.863848	0.998034	
1356747266.754304	0.999998	17.149767	3.823219	3.786918	0.537947	0.000108	0.709383	0.000121	0.646042	0.000061	0.661704	0.000021	0.539450	0.000024	0.662091	0.000021	0.537991	0.000761	0.760004	0.000064	1356747266.754665	0.999935	29.286666	16.189805	2.713296	0.999394	0.000109	1.000023	0.000017	0.998154	0.000019	0.999727	0.000042	0.994619	0.000131	1.000551	0.000017	0.997419	0.000011	1.000000	1.000000	
1356747267.754315	1.000011	18.740914	5.392138	4.593593	0.718922	0.004478	0.729396	0.000066	0.791879	0.000028	0.764517	0.000077	0.705261	0.000094	0.714921	0.000064	0.570660	0.000583	0.675565	0.000019	1356747267.754558	0.999893	29.367081	16.236830	3.534451	1.000257	0.000091	0.999994	0.000062	1.000089	0.000074	1.000253	0.000021	1.005693	0.000122	1.000628	0.000057	1.000456	0.000049	1.000000	1.000000	
1356747268.754307	0.999992	24.775897	11.335755	6.676781	0.882785	0.010018	0.884490	0.000137	0.733422	0.000061	1.014429	0.000013	1.001890	0.000053	1.004494	0.000013	0.877975	0.000281	0.923410	0.000057	1356747268.754692	1.000134	29.541467	16.322932	5.714200	1.000109	0.000364	1.000965	0.000011	1.002446	0.000011	0.999440	0.000044	0.999993	0.000113	0.999511	0.000011	0.997834	0.000011	1.000000	1.000000	
1356747269.754312	1.000005	715766099.583673	715763967.674761	715810711.583119	0.999873	1.000410	0.999872	1.000412	0.999881	1.000402	0.999874	1.000405	0.999874	1.000408	0.999876	1.000402	0.999874	1.000407	0.999873	1.000402	1356747269.754403	0.999711	716031758.726988	716023476.091987	715976602.881623	0.999871	1.000394	0.999869	1.000398	3.901129	0.256407	0.999874	1.000405	0.999872	1.000401	0.999877	1.000405	0.999874	1.000407	0.999875	1.000415	
1356747270.754305	0.999993	0.000000	0.000000	0.000000	-nan	-nan	-nan	-nan	1521721318096.843750	inf	-nan	-nan	-nan	0.000000	-nan	-nan	-nan	-nan	-nan	-nan	1356747270.754390	0.999987	0.000000	0.000000	0.000000	-nan	-nan	-nan	-nan	1.345745	inf	-nan	-nan	-nan	-nan	-nan	-nan	-nan	-nan	-nan	-nan	
