ts_0	elapsed_0	pkg_0	pp0_0	dram_0	freq_ratio_0_0	c0_ratio_0_0	freq_ratio_0_1	c0_ratio_0_1	freq_ratio_0_2	c0_ratio_0_2	freq_ratio_0_3	c0_ratio_0_3	freq_ratio_0_4	c0_ratio_0_4	freq_ratio_0_5	c0_ratio_0_5	freq_ratio_0_6	c0_ratio_0_6	freq_ratio_0_7	c0_ratio_0_7	ts_1	elapsed_1	pkg_1	pp0_1	dram_1	freq_ratio_1_0	c0_ratio_1_0	freq_ratio_1_1	c0_ratio_1_1	freq_ratio_1_2	c0_ratio_1_2	freq_ratio_1_3	c0_ratio_1_3	freq_ratio_1_4	c0_ratio_1_4	freq_ratio_1_5	c0_ratio_1_5	freq_ratio_1_6	c0_ratio_1_6	freq_ratio_1_7	c0_ratio_1_7	
1356722410.244119	1.002067	64.033211	50.409334	6.529319	1.154590	0.251250	1.153375	0.247841	1.153771	0.249644	1.153619	0.247221	1.153404	0.245760	1.154886	0.249646	1.154545	0.248177	1.154221	0.246725	1356722410.244189	1.000327	64.813836	51.009178	6.524309	0.999977	0.896772	1.000002	0.896457	0.999980	0.896212	1.000001	0.896065	0.999978	0.895938	1.000001	0.891623	0.999979	0.892786	0.999880	0.965430	
1356722411.244123	1.000004	69.645256	55.843112	7.046907	0.999993	0.965069	1.000000	0.964017	1.000000	0.963906	1.000000	0.963978	1.000000	0.964047	1.000000	0.964023	1.000000	0.964004	1.000000	0.963923	1356722411.244183	0.999994	69.835972	55.765866	8.575582	1.000000	0.963906	1.000000	0.963887	1.000000	0.963901	1.000000	0.963897	1.000000	0.963895	1.000000	0.963876	1.000000	0.964012	1.000000	1.000000	
1356722412.244113	0.999990	70.806694	57.087074	7.064036	1.000000	0.986581	1.000000	0.986030	1.000000	0.985993	1.000000	0.986028	1.000000	0.986044	1.000000	0.986042	1.000000	0.986027	0.999999	0.986011	1356722412.244181	0.999998	70.654996	56.681993	8.439256	1.000000	0.986008	1.000000	0.985989	1.000000	0.986006	1.000000	0.986005	1.000000	0.986003	1.000000	0.985987	1.000000	0.986035	1.000000	1.000000	
1356722413.244114	1.000001	70.560510	56.797599	7.089639	1.000000	0.983981	1.000000	0.983276	1.000000	0.983239	1.000000	0.983272	1.000000	0.983306	0.999999	0.983305	1.000000	0.983287	1.000001	0.983242	1356722413.244187	1.000006	70.821020	56.740690	8.547801	1.000000	0.983229	1.000000	0.983210	1.000000	0.983225	1.000000	0.983223	1.000000	0.983221	1.000000	0.983204	1.000000	0.983306	1.000000	1.000000	
1356722414.244114	1.000000	70.253082	56.511551	7.072372	1.000000	0.979006	1.000000	0.978115	1.000001	0.978001	1.000000	0.978092	1.000000	0.978141	1.000001	0.978119	1.000000	0.978100	1.000000	0.978039	1356722414.244173	0.999986	70.792988	56.721272	8.560622	1.000000	0.978026	1.000000	0.977988	1.000000	0.978006	1.000000	0.978003	1.000000	0.977999	1.000000	0.977966	1.000000	0.978114	1.000000	1.000000	
1356722415.244115	1.000001	70.132151	56.414100	6.963052	1.000000	0.995129	1.000000	0.994944	1.000000	0.994907	1.000000	0.994926	1.000000	0.994942	1.000000	0.994954	1.000000	0.994939	1.000000	0.994904	1356722415.244176	1.000003	70.734873	56.710090	8.075323	1.000000	0.994900	1.000000	0.994899	1.000000	0.994898	1.000000	0.994897	1.000000	0.994896	1.000000	0.994895	1.000000	0.994940	1.000000	1.000000	
1356722416.244114	0.999999	69.646383	55.896995	7.048682	0.999714	0.969822	1.000000	0.968329	1.000000	0.968251	1.000000	0.968306	1.000000	0.968340	1.000000	0.968321	1.000000	0.968321	1.000000	0.968268	1356722416.244173	0.999997	70.339161	56.265387	8.519359	1.000000	0.968267	1.000000	0.968245	1.000000	0.968263	1.000000	0.968240	1.000000	0.968239	1.000000	0.968238	1.000000	0.968330	1.000000	1.000000	
1356722417.244113	0.999999	70.286307	56.557610	7.055152	0.999999	0.979911	0.999999	0.979087	0.999999	0.979009	1.000000	0.979067	0.999999	0.979080	1.000000	0.979080	0.999999	0.979080	0.999999	0.979009	1356722417.244189	1.000016	70.809477	56.757959	8.551408	1.000000	0.978991	1.000000	0.978987	1.000000	0.978986	1.000000	0.978984	1.000000	0.979021	1.000000	0.978983	1.000000	0.979081	1.000000	1.000000	
1356722418.244113	1.000000	70.108185	56.355637	7.058609	1.000000	0.973173	1.000000	0.972054	1.000000	0.971929	1.000000	0.972033	1.000000	0.972062	1.000000	0.972063	1.000000	0.972037	1.000001	0.971958	1356722418.244179	0.999990	70.690283	56.623278	8.576807	1.000000	0.971929	1.000000	0.971925	1.000000	0.971925	1.000000	0.971922	1.000000	0.971939	1.000000	0.971901	1.000000	0.972053	1.000000	1.000000	
1356722419.244113	1.000000	70.390854	56.610062	7.076492	1.000000	0.967089	1.000000	0.965753	1.000000	0.965669	1.000000	0.982744	1.000000	0.982542	1.000000	0.965737	1.000000	0.982490	1.000000	0.982691	1356722419.244181	1.000002	70.777728	56.684233	8.641936	1.000000	0.965680	1.000000	0.965650	1.000000	0.965663	1.000000	0.965610	1.000000	0.965627	1.000000	0.982643	1.000000	0.982751	1.000000	0.999769	
1356722420.244120	1.000007	70.844191	57.103487	7.085248	1.000000	0.991227	1.000001	0.990893	1.000000	0.990817	1.000000	0.990873	1.000001	0.990888	1.000000	0.990885	1.000001	0.990883	1.000000	0.990815	1356722420.244179	0.999998	71.294341	57.269702	8.524858	1.000000	0.990804	1.000000	0.990803	1.000000	0.990801	1.000000	0.990800	1.000000	0.990798	1.000000	0.990794	1.000000	0.990888	1.000000	1.000000	
1356722421.244113	0.999993	70.338926	56.558893	7.071811	0.999999	0.975074	1.000000	0.974059	1.000000	0.973965	1.000000	0.974039	1.000000	0.974052	1.000000	0.974050	1.000000	0.974048	1.000000	0.973994	1356722421.244181	1.000002	70.846621	56.784758	8.594436	1.000000	0.973974	1.000000	0.973972	1.000000	0.973969	1.000000	0.973967	1.000000	0.973964	1.000000	0.973961	1.000000	0.974050	1.000000	1.000000	
1356722422.244113	1.000000	70.397064	56.654358	7.073593	1.000000	0.978748	1.000000	0.977916	1.000000	0.977807	1.000000	0.977872	1.000000	0.977939	1.000000	0.977916	1.000000	0.977899	0.999999	0.977836	1356722422.244179	0.999998	70.993513	56.976351	8.454484	1.000000	0.977825	1.000000	0.977790	1.000000	0.977821	1.000000	0.977787	1.000000	0.977782	1.000000	0.977779	1.000000	0.977918	1.000000	1.000000	
1356722423.244113	1.000000	70.337311	56.553070	7.055481	1.000000	0.974072	1.000000	0.973036	1.000000	0.972841	1.000000	0.973013	1.000000	0.973024	1.000001	0.973020	1.000000	0.973017	1.000001	0.972900	1356722423.244181	1.000002	70.877932	56.823927	8.563613	1.000000	0.972854	1.000000	0.972854	1.000000	0.972850	1.000000	0.972844	1.000000	0.972860	1.000000	0.972835	1.000000	0.973022	1.000000	1.000000	
1356722424.244123	1.000010	71.016882	57.233909	7.064764	1.000000	0.990492	1.000000	0.990095	1.000001	0.990034	1.000000	0.990092	1.000000	0.990125	1.000000	0.990123	1.000000	0.990106	1.000000	0.990058	1356722424.244182	1.000001	71.464486	57.415656	8.568031	1.000000	0.990048	1.000000	0.990031	1.000000	0.990046	1.000000	0.990044	1.000000	0.990040	1.000000	0.990023	1.000000	0.990114	1.000000	1.000000	
1356722425.244113	0.999990	70.768302	57.033301	7.095057	1.000000	0.984511	1.000000	0.983835	1.000000	0.983749	1.000000	0.983832	1.000000	0.983848	1.000000	0.983843	1.000000	0.983826	1.000000	0.983783	1356722425.244172	0.999990	71.178905	57.200921	8.459618	1.000000	0.983768	1.000000	0.983750	1.000000	0.983767	1.000000	0.983765	1.000000	0.983762	1.000000	0.983743	1.000000	0.983834	1.000000	1.000000	
1356722426.244113	1.000000	70.794373	57.018967	7.059418	1.000000	0.981751	1.000000	0.980987	0.999999	0.980891	0.999999	0.980968	1.000000	0.980982	0.999999	0.980981	0.999999	0.980979	0.999999	0.980919	1356722426.244190	1.000018	71.191796	57.150177	8.525086	1.000000	0.980894	1.000000	0.980894	1.000000	0.980890	1.000000	0.980888	1.000000	0.980907	1.000000	0.980886	1.000000	0.980984	1.000000	1.000000	
1356722427.244113	1.000000	70.274292	56.469376	7.074600	1.000000	0.969017	1.000000	0.967754	1.000000	0.967625	1.000001	0.967728	1.000000	0.967779	1.000000	0.967777	1.000001	0.967742	1.000001	0.967686	1356722427.244180	0.999990	70.780372	56.700611	8.606226	1.000000	0.967659	1.000000	0.967616	1.000000	0.967657	1.000000	0.967653	1.000000	0.967650	1.000000	0.967609	1.000000	0.967763	1.000000	1.000000	
1356722428.244113	1.000000	70.540604	56.762650	7.073593	1.000000	0.974421	1.000000	0.973428	1.000000	0.973292	0.999999	0.973403	1.000000	0.973419	1.000000	0.973414	1.000000	0.973413	1.000000	0.973320	1356722428.244178	0.999998	71.010969	56.972322	8.470063	1.000000	0.973294	1.000000	0.973291	1.000000	0.973286	1.000000	0.973284	1.000000	0.973279	1.000000	0.973277	1.000000	0.973426	1.000000	1.000000	
1356722429.244113	1.000000	71.379288	57.583786	7.084549	1.000000	0.993429	1.000000	0.993145	1.000000	0.993108	1.000001	0.993144	1.000000	0.993161	1.000000	0.993159	1.000001	0.993141	1.000000	0.993129	1356722429.244176	0.999998	71.708404	57.643573	8.520570	1.000000	0.993124	1.000000	0.993106	1.000000	0.993123	1.000000	0.993123	1.000000	0.993121	1.000000	0.993104	1.000000	0.993152	1.000000	1.000000	
1356722430.244113	1.000000	70.353516	56.588684	7.083145	1.000000	0.969977	0.999999	0.968824	1.000000	0.968744	1.000000	0.968820	0.999999	0.968835	1.000000	0.968832	1.000000	0.968815	1.000000	0.968767	1356722430.244182	1.000006	70.734899	56.713377	8.509013	1.000000	0.968756	1.000000	0.968737	1.000000	0.968754	1.000000	0.968751	1.000000	0.968749	1.000000	0.968731	1.000000	0.968831	1.000000	1.000000	
1356722431.244113	1.000000	70.734161	56.938217	7.032547	1.000000	0.972906	1.000000	0.971800	1.000000	0.971673	1.000000	0.971778	1.000000	0.971827	1.000000	0.971793	1.000000	0.971785	1.000000	0.971729	1356722431.244182	1.000000	71.096222	57.030960	8.540833	1.000000	0.971708	1.000000	0.971672	1.000000	0.971704	1.000000	0.971667	1.000000	0.971664	1.000000	0.971661	1.000000	0.971807	1.000000	1.000000	
1356722432.244118	1.000005	71.071711	57.249149	7.072718	1.000000	0.981285	1.000001	0.980542	1.000001	0.980430	1.000000	0.980522	1.000001	0.980568	1.000000	0.980531	1.000000	0.980530	1.000001	0.980461	1356722432.244178	0.999996	71.393905	57.298099	8.630192	1.000000	0.980457	1.000000	0.980416	1.000000	0.980454	1.000000	0.980411	1.000000	0.980408	1.000000	0.980405	1.000000	0.980551	1.000000	1.000000	
1356722433.244126	1.000008	71.087803	57.316766	7.058353	1.000000	0.982673	1.000000	0.981984	1.000000	0.981944	1.000000	0.981982	1.000000	0.982018	1.000000	0.981997	1.000000	0.981979	1.000000	0.981965	1356722433.244186	1.000008	71.310152	57.302590	8.507667	1.000000	0.981959	1.000000	0.981941	1.000000	0.981958	1.000000	0.981957	1.000000	0.981956	1.000000	0.981939	1.000000	0.981990	1.000000	1.000000	
1356722434.244113	0.999987	70.851652	57.003341	7.016373	0.999999	0.972738	0.999999	0.971525	0.999999	0.971447	0.999999	0.971518	1.000000	0.971569	1.000000	0.971579	1.000000	0.971531	0.999999	0.971465	1356722434.244182	0.999996	71.124159	57.001513	8.691533	1.000000	0.971452	1.000000	0.971415	1.000000	0.971448	1.000000	0.971443	1.000000	0.971441	1.000000	0.971407	1.000000	0.971550	1.000000	1.000000	
1356722435.244113	1.000000	70.708466	56.893875	7.067703	0.999999	0.969676	0.999999	0.968419	0.999997	0.968301	1.000000	0.968396	1.000000	0.968443	1.000000	0.968444	1.000000	0.968406	1.000000	0.968340	1356722435.244197	1.000015	71.073441	56.991454	8.580087	1.000000	0.968327	1.000000	0.968291	1.000000	0.968323	1.000000	0.968322	1.000000	0.968317	1.000000	0.968283	1.000000	0.968432	1.000000	1.000000	
1356722436.244120	1.000007	71.809913	57.911617	7.044812	1.000001	0.993546	1.000001	0.993315	1.000003	0.993236	1.000001	0.993278	1.000001	0.993308	1.000000	0.993307	1.000000	0.993306	1.000000	0.993233	1356722436.244180	0.999983	71.981245	57.799990	8.779079	1.000000	0.993232	1.000000	0.993229	1.000000	0.993228	1.000000	0.993226	1.000000	0.993224	1.000000	0.993221	1.000000	0.993302	1.000000	1.000000	
1356722437.244127	1.000007	71.224605	57.444473	7.048627	1.000000	0.982969	1.000000	0.982267	1.000000	0.982185	1.000000	0.982244	1.000000	0.982300	1.000000	0.982274	1.000000	0.982257	1.000000	0.982204	1356722437.244186	1.000006	71.431200	57.399759	8.533152	1.000000	0.982206	1.000000	0.982184	1.000000	0.982203	1.000000	0.982196	1.000000	0.982196	1.000000	0.982182	1.000000	0.982265	1.000000	1.000000	
1356722438.244114	0.999987	71.099748	57.261157	7.077897	0.999999	0.976671	0.999999	0.975659	0.999999	0.975578	1.000000	0.975656	0.999999	0.975690	0.999999	0.975672	1.000000	0.975652	1.000000	0.975624	1356722438.244193	1.000007	71.281413	57.174455	8.654695	1.000000	0.975613	1.000000	0.975575	1.000000	0.975611	1.000000	0.975589	1.000000	0.975587	1.000000	0.975571	1.000000	0.975669	1.000000	1.000000	
1356722439.244113	0.999999	70.818976	56.975381	7.074439	1.000001	0.965869	1.000000	0.964523	1.000000	0.964379	1.000000	0.964482	1.000000	0.964545	1.000000	0.964523	1.000000	0.964522	1.000000	0.964398	1356722439.244182	0.999989	71.031068	56.919859	8.607898	1.000000	0.964388	1.000000	0.964362	1.000000	0.964380	1.000000	0.964355	1.000000	0.964351	1.000000	0.964346	1.000000	0.964526	1.000000	1.000000	
1356722440.244114	1.000001	71.840126	58.021490	7.091287	1.000000	0.993596	1.000000	0.993350	1.000000	0.993272	1.000000	0.993347	1.000000	0.993378	1.000000	0.993377	1.000000	0.993342	1.000001	0.993314	1356722440.244173	0.999991	71.912028	57.831441	8.574632	1.000000	0.993305	1.000000	0.993269	1.000000	0.993303	1.000000	0.993302	1.000000	0.993299	1.000000	0.993267	1.000000	0.993362	1.000000	1.000000	
1356722441.244121	1.000007	70.878157	57.058016	7.083188	1.000000	0.970196	1.000000	0.969053	1.000000	0.968975	1.000000	0.969048	1.000000	0.969102	1.000000	0.969065	1.000000	0.969042	1.000000	0.969016	1356722441.244182	1.000009	71.021680	56.945560	8.564101	1.000000	0.969006	1.000000	0.968968	1.000000	0.969004	1.000000	0.968981	1.000000	0.968980	1.000000	0.968960	1.000000	0.969064	1.000000	1.000000	
1356722442.244114	0.999993	71.359777	57.543321	7.063510	1.000000	0.970156	1.000000	0.969062	1.000000	0.988631	1.000000	0.969039	1.000000	0.988585	1.000000	0.988718	1.000000	0.988565	1.000000	0.969001	1356722442.244172	0.999990	71.690156	57.619794	8.541483	1.000000	0.988638	1.000000	0.968972	1.000000	0.988635	1.000000	0.988633	1.000000	0.988631	1.000000	0.988612	1.000000	0.988709	1.000000	1.000000	
1356722443.244113	0.999999	71.126639	57.320321	7.031684	0.999999	0.972277	1.000000	0.971191	1.000000	0.971080	1.000000	0.971140	1.000000	0.971186	0.999999	0.971183	1.000000	0.971181	0.999999	0.971079	1356722443.244181	1.000009	71.074689	57.029848	8.526229	1.000000	0.971064	1.000000	0.971062	1.000000	0.971056	1.000000	0.971056	1.000000	0.971051	1.000000	0.971049	1.000000	0.971177	1.000000	1.000000	
1356722444.244113	1.000000	71.119400	57.281815	7.057053	1.000000	0.970498	1.000000	0.969287	1.000000	0.969173	1.000000	0.969282	1.000000	0.969334	1.000000	0.969327	1.000000	0.969274	1.000000	0.969232	1356722444.244180	0.999999	71.208610	57.089364	8.650979	1.000000	0.969217	1.000000	0.969161	1.000000	0.969214	1.000000	0.969212	1.000000	0.969208	1.000000	0.969158	1.000000	0.969305	1.000000	1.000000	
1356722445.244128	1.000015	72.327512	58.490638	7.061829	1.000000	0.999760	1.000001	0.999756	1.000000	0.999718	1.000000	0.999753	1.000000	0.999771	1.000001	0.999768	1.000000	0.999752	1.000000	0.999736	1356722445.244187	1.000007	72.210240	58.100474	8.671434	1.000000	0.999731	1.000000	0.999713	1.000000	0.999730	1.000000	0.999729	1.000000	0.999728	1.000000	0.999712	1.000000	0.999762	1.000000	1.000000	
1356722446.244123	0.999995	71.479316	57.632323	7.064168	1.000000	0.967472	1.000000	0.984499	1.000000	0.984423	1.000000	0.966174	1.000000	0.984528	1.000000	0.984526	1.000000	0.984491	1.000000	0.966143	1356722446.244183	0.999996	71.569229	57.461369	8.514561	1.000000	0.984453	1.000000	0.984417	1.000000	0.984450	1.000000	0.984447	1.000000	0.966127	1.000000	0.984415	1.000000	0.984513	1.000000	1.000000	
1356722447.244113	0.999990	70.801933	57.007819	7.089579	1.000000	0.962434	0.999999	0.960969	0.999999	0.960833	0.999999	0.960932	0.999999	0.960993	1.000000	0.960973	0.999999	0.960968	1.000000	0.960847	1356722447.244182	0.999999	70.699225	56.658379	8.506279	1.000000	0.960838	1.000000	0.960821	1.000000	0.960831	1.000000	0.960813	1.000000	0.960807	1.000000	0.960790	1.000000	0.960977	1.000000	1.000000	
1356722448.244113	1.000000	72.066971	58.252899	7.061584	1.000000	0.990332	1.000000	0.989958	1.000000	0.989878	1.000000	0.989939	1.000000	0.989971	1.000000	0.989967	1.000000	0.989948	1.000000	0.989897	1356722448.244181	0.999999	71.875847	57.805628	8.538125	1.000000	0.989888	1.000000	0.989871	1.000000	0.989886	1.000000	0.989884	1.000000	0.989881	1.000000	0.989865	1.000000	0.989954	1.000000	1.000000	
1356722449.244116	1.000003	72.326070	58.503649	7.065530	1.000000	1.000000	1.000000	1.000000	1.000000	1.000000	1.000001	1.000000	1.000000	1.000000	1.000000	1.000000	1.000001	1.000000	1.000001	1.000000	1356722449.244174	0.999993	72.133220	58.061513	8.584028	1.000000	1.000000	1.000000	1.000000	1.000000	1.000000	1.000000	1.000000	1.000000	1.000000	1.000000	1.000000	1.000000	1.000000	1.000000	1.000000	
1356722450.244113	0.999997	71.243278	57.412730	7.092887	1.000000	0.972983	0.999999	0.971939	0.999999	0.971836	1.000000	0.971901	1.000000	0.971947	1.000000	0.971945	0.999999	0.971941	0.999999	0.971833	1356722450.244182	1.000008	71.190402	57.107142	8.550575	1.000000	0.971823	1.000000	0.971821	1.000000	0.971817	1.000000	0.971814	1.000000	0.971810	1.000000	0.971807	1.000000	0.971938	1.000000	1.000000	
1356722451.244113	1.000000	71.949127	58.144943	7.072968	1.000000	0.987567	1.000000	0.987067	1.000000	0.986978	1.000000	0.987063	1.000000	0.987079	1.000000	0.987076	1.000000	0.987059	1.000000	0.987013	1356722451.244182	1.000000	71.742981	57.692169	8.449905	1.000000	0.986995	1.000000	0.986978	1.000000	0.986992	1.000000	0.986991	1.000000	0.986989	1.000000	0.986971	1.000000	0.987075	1.000000	1.000000	
1356722452.244121	1.000008	71.974377	58.086489	7.057804	1.000000	0.988876	1.000001	0.988480	1.000001	0.988403	1.000000	0.988462	1.000000	0.988495	1.000001	0.988473	1.000001	0.988474	1.000000	0.988422	1356722452.244180	0.999998	71.897522	57.737232	8.682832	1.000000	0.988419	1.000000	0.988398	1.000000	0.988416	1.000000	0.988394	1.000000	0.988392	1.000000	0.988376	1.000000	0.988478	1.000000	1.000000	
1356722453.244122	1.000001	71.525658	57.726401	7.080331	1.000000	0.983792	1.000000	0.983154	1.000000	0.983075	1.000000	0.983149	1.000000	0.983203	1.000000	0.983163	1.000000	0.983145	1.000000	0.983110	1356722453.244182	1.000002	71.482438	57.451749	8.416015	1.000000	0.983102	1.000000	0.983069	1.000000	0.983101	1.000000	0.983083	1.000000	0.983081	1.000000	0.983063	1.000000	0.983163	1.000000	1.000000	
1356722454.244113	0.999991	70.649261	56.833401	7.062213	0.999999	0.961483	0.999999	0.959966	1.000000	0.959850	1.000000	0.959944	1.000000	0.959992	0.999999	0.959971	1.000000	0.959954	0.999999	0.959891	1356722454.244181	0.999999	70.776114	56.698250	8.530434	1.000000	0.959881	1.000000	0.959842	1.000000	0.959858	1.000000	0.959855	1.000000	0.959849	1.000000	0.959832	1.000000	0.959967	1.000000	1.000000	
1356722455.244113	1.000000	70.895004	57.082565	7.053604	1.000000	0.964271	1.000000	0.962884	0.999999	0.962767	1.000000	0.962877	1.000000	0.962927	1.000000	0.962889	1.000000	0.962871	1.000000	0.962824	1356722455.244180	0.999999	70.856040	56.804467	8.446007	1.000000	0.962815	1.000000	0.962757	1.000000	0.962811	1.000000	0.962771	1.000000	0.962767	1.000000	0.962748	1.000000	0.962894	1.000000	1.000000	
1356722456.244113	1.000000	72.166046	58.308487	7.041977	1.000000	0.994501	1.000001	0.994296	1.000001	0.994219	1.000001	0.994275	1.000001	0.994306	1.000000	0.994306	1.000000	0.994286	1.000001	0.994236	1356722456.244173	0.999993	71.972315	57.876087	8.585844	1.000000	0.994232	1.000000	0.994213	1.000000	0.994228	1.000000	0.994227	1.000000	0.994224	1.000000	0.994206	1.000000	0.994298	1.000000	1.000000	
1356722457.244127	1.000014	71.777494	57.916620	7.071434	1.000000	0.986792	1.000000	0.986274	1.000000	0.986236	1.000000	0.986271	1.000000	0.986308	1.000000	0.986286	1.000000	0.986269	1.000000	0.986254	1356722457.244188	1.000015	71.627083	57.508963	8.635689	1.000000	0.986250	1.000000	0.986232	1.000000	0.986249	1.000000	0.986248	1.000000	0.986246	1.000000	0.986231	1.000000	0.986277	1.000000	1.000000	
1356722458.244113	0.999986	71.370068	57.495132	7.075707	1.000000	0.976573	1.000000	0.975583	1.000000	0.975467	1.000000	0.975575	1.000000	0.975638	1.000000	0.975607	1.000000	0.975568	1.000000	0.975525	1356722458.244173	0.999985	71.239290	57.111362	8.677300	1.000000	0.975515	1.000000	0.975458	1.000000	0.975492	1.000000	0.975490	1.000000	0.975485	1.000000	0.975450	1.000000	0.975603	1.000000	1.000000	
1356722459.244113	1.000000	71.627548	57.729599	7.070023	0.999999	0.975987	1.000000	0.975023	1.000000	0.974905	1.000000	0.975016	1.000000	0.975070	0.999999	0.975029	1.000000	0.975012	1.000000	0.974965	1356722459.244181	1.000008	71.495362	57.337731	8.680395	1.000000	0.974958	1.000000	0.974901	1.000000	0.974953	1.000000	0.974915	1.000000	0.974911	1.000000	0.974892	1.000000	0.975042	1.000000	1.000000	
1356722460.244113	1.000000	71.660828	57.820633	7.073837	1.000000	0.980201	1.000000	0.979413	1.000000	0.979300	1.000000	0.979407	1.000000	0.979459	1.000000	0.979458	1.000000	0.979404	1.000000	0.979360	1356722460.244181	1.000000	71.515076	57.436050	8.500717	1.000000	0.979344	1.000000	0.979287	1.000000	0.979340	1.000000	0.979338	1.000000	0.979334	1.000000	0.979285	1.000000	0.979438	1.000000	1.000000	
1356722461.244113	1.000000	72.052872	58.204651	7.093109	1.000000	0.989936	1.000000	0.989568	1.000000	0.989487	1.000000	0.989564	1.000000	0.989598	1.000000	0.989576	1.000000	0.989560	0.999999	0.989526	1356722461.244181	1.000000	71.816544	57.728256	8.616531	1.000000	0.989520	1.000000	0.989480	1.000000	0.989518	1.000000	0.989495	1.000000	0.989492	1.000000	0.989475	1.000000	0.989576	1.000000	1.000000	
1356722462.244114	1.000001	71.588448	57.749319	7.061913	1.000000	0.978180	1.000001	0.977381	1.000000	0.977304	1.000000	0.977360	1.000000	0.977416	1.000000	0.977393	1.000000	0.977376	1.000000	0.977326	1356722462.244177	0.999996	71.375717	57.309070	8.536671	1.000000	0.977314	1.000000	0.977297	1.000000	0.977312	1.000000	0.977309	1.000000	0.977307	1.000000	0.977291	1.000000	0.977382	1.000000	1.000000	
1356722463.244114	1.000000	72.047348	58.131042	7.067596	1.000000	0.988981	1.000000	0.988532	1.000000	0.988494	1.000000	0.988530	1.000000	0.988567	1.000000	0.988546	1.000000	0.988528	1.000000	0.988514	1356722463.244175	0.999998	71.763137	57.595721	8.742158	1.000000	0.988509	1.000000	0.988491	1.000000	0.988509	1.000000	0.988508	1.000000	0.988505	1.000000	0.988489	1.000000	0.988539	1.000000	1.000000	
1356722464.244117	1.000003	71.820349	57.966556	7.072534	1.000000	0.984623	1.000000	0.983997	1.000000	0.983925	1.000000	0.983993	1.000000	0.984025	1.000000	0.984024	1.000000	0.983991	1.000000	0.983959	1356722464.244177	1.000002	71.552400	57.467160	8.586470	1.000000	0.983950	1.000000	0.983915	1.000000	0.983949	1.000000	0.983947	1.000000	0.983946	1.000000	0.983913	1.000000	0.984013	1.000000	1.000000	
1356722465.244113	0.999996	70.875989	57.041705	7.075651	1.000000	0.960750	1.000000	0.959216	1.000000	0.959054	1.000000	0.959194	1.000000	0.959260	1.000000	0.959254	1.000000	0.959201	1.000000	0.959128	1356722465.244179	1.000002	70.744006	56.665053	8.503112	1.000000	0.959107	1.000000	0.959055	1.000000	0.959102	1.000000	0.959099	1.000000	0.959095	1.000000	0.959045	1.000000	0.959232	1.000000	1.000000	
1356722466.244114	1.000001	72.505500	58.649572	7.055016	1.000000	0.995952	1.000000	0.995788	1.000000	0.995749	1.000000	0.995785	1.000000	0.995803	1.000000	0.995801	1.000000	0.995783	1.000000	0.995768	1356722466.244173	0.999994	72.232196	58.147212	8.586172	1.000000	0.995764	1.000000	0.995747	1.000000	0.995763	1.000000	0.995762	1.000000	0.995761	1.000000	0.995745	1.000000	0.995792	1.000000	1.000000	
1356722467.244118	1.000004	71.267289	57.384380	7.060823	0.999999	0.972173	1.000000	0.971198	1.000000	0.971108	1.000000	0.971182	1.000000	0.971232	1.000000	0.971179	1.000000	0.971181	1.000000	0.971151	1356722467.244178	1.000005	71.180521	57.060399	8.622592	1.000000	0.971147	1.000000	0.971107	1.000000	0.971143	1.000000	0.971109	1.000000	0.971107	1.000000	0.971102	1.000000	0.971197	1.000000	1.000000	
1356722468.244113	0.999995	71.413779	57.548796	7.047551	1.000000	0.972075	1.000000	0.971005	1.000000	0.970888	1.000000	0.970980	1.000000	0.971030	1.000000	0.971009	1.000000	0.970992	1.000000	0.970927	1356722468.244177	0.999999	71.157279	57.050180	8.576195	1.000000	0.970914	1.000000	0.970875	1.000000	0.970910	1.000000	0.970889	1.000000	0.970884	1.000000	0.970865	1.000000	0.971008	1.000000	1.000000	
1356722469.244113	1.000000	71.995651	58.173859	6.997162	0.999999	0.986188	0.999999	0.985651	1.000000	0.985578	1.000000	0.985633	1.000000	0.985665	1.000000	0.985663	1.000000	0.985643	1.000000	0.985594	1356722469.244182	1.000005	71.947577	57.810761	8.684405	1.000000	0.985587	1.000000	0.985570	1.000000	0.985585	1.000000	0.985583	1.000000	0.985581	1.000000	0.985564	1.000000	0.985656	1.000000	1.000000	
1356722470.244113	1.000000	71.420624	57.588913	6.998001	1.000001	0.974650	1.000001	0.973746	1.000000	0.973654	1.000000	0.973695	1.000000	0.973750	1.000000	0.973709	1.000000	0.973707	1.000000	0.973660	1356722470.244178	0.999996	71.166090	57.054903	8.595753	1.000000	0.973651	1.000000	0.973631	1.000000	0.973647	1.000000	0.973629	1.000000	0.973626	1.000000	0.973624	1.000000	0.973716	1.000000	1.000000	
1356722471.244116	1.000003	71.132470	57.328497	6.918802	1.000000	0.971197	1.000000	0.970048	1.000001	0.969989	1.000001	0.970044	1.000001	0.970097	1.000000	0.970076	1.000001	0.970059	1.000000	0.970007	1356722471.244176	0.999998	71.146696	57.048769	8.598466	1.000000	0.969998	1.000000	0.969976	1.000000	0.969994	1.000000	0.969993	1.000000	0.969991	1.000000	0.969969	1.000000	0.970066	1.000000	1.000000	
1356722472.244113	0.999997	71.392235	57.610484	6.951071	1.000000	0.977318	0.999999	0.976363	0.999999	0.976253	1.000000	0.976358	0.999999	0.976407	0.999999	0.976403	0.999999	0.976353	0.999999	0.976307	1356722472.244189	1.000013	71.343486	57.265133	8.566736	1.000000	0.976295	1.000000	0.976243	1.000000	0.976289	1.000000	0.976288	0.999999	0.976286	1.000000	0.976238	0.999999	0.976386	1.000000	1.000000	
1356722473.244113	1.000000	71.308426	57.476501	6.985306	1.000000	0.976484	1.000001	0.975628	1.000000	0.975511	1.000000	0.975622	1.000001	0.975618	1.000000	0.975614	1.000001	0.975612	1.000000	0.975508	1356722473.244182	0.999993	71.418783	57.267867	8.693603	1.000000	0.975492	1.000000	0.975490	1.000000	0.975487	1.000000	0.975485	1.000000	0.975481	1.000000	0.975476	1.000000	0.975621	1.000000	1.000000	
1356722474.244119	1.000006	72.286617	58.468325	6.993733	1.000000	0.998783	1.000000	0.998753	1.000001	0.998713	1.000000	0.998751	1.000000	0.998749	1.000001	0.998750	1.000000	0.998748	1.000000	0.998712	1356722474.244178	0.999996	72.306567	58.150748	8.797490	1.000000	0.998712	1.000000	0.998711	1.000000	0.998710	1.000000	0.998709	1.000000	0.998707	1.000000	0.998707	1.000000	0.998753	1.000000	1.000000	
1356722475.244129	1.000010	71.452089	57.719561	6.841561	1.000000	0.981569	1.000000	0.980828	1.000000	0.980748	1.000000	0.980825	1.000000	0.980879	1.000000	0.980821	1.000000	0.980817	1.000000	0.980788	1356722475.244189	1.000011	71.247052	57.244840	8.355713	1.000000	0.980784	1.000000	0.980752	1.000000	0.980783	1.000000	0.980733	1.000000	0.980746	1.000000	0.980729	1.000000	0.980834	1.000000	1.000000	
1356722476.244113	0.999984	71.954259	58.149641	6.963292	0.999999	0.990042	1.000000	0.989674	1.000000	0.989596	0.999999	0.989655	1.000000	0.989688	1.000000	0.989668	1.000000	0.989666	1.000000	0.989616	1356722476.244182	0.999993	71.745110	57.636095	8.588408	1.000000	0.989614	1.000000	0.989597	1.000000	0.989612	1.000000	0.989593	1.000000	0.989591	1.000000	0.989575	1.000000	0.989678	1.000000	1.000000	
1356722477.244113	1.000000	71.962769	58.171371	6.965134	1.000000	0.985723	1.000000	0.985141	1.000000	0.985067	1.000000	0.985122	1.000000	0.985153	1.000000	0.985152	1.000000	0.985132	1.000000	0.985085	1356722477.244179	0.999997	71.663278	57.566127	8.610134	1.000000	0.985079	1.000000	0.985058	1.000000	0.985074	1.000000	0.985072	1.000000	0.985072	1.000000	0.985055	1.000000	0.985145	1.000000	1.000000	
1356722478.244126	1.000013	71.597267	57.789464	6.993545	1.000000	0.982437	1.000000	0.981793	1.000000	0.981719	1.000001	0.981774	1.000000	0.981827	1.000001	0.981804	1.000000	0.981787	1.000000	0.981736	1356722478.244186	1.000007	71.486093	57.360413	8.630540	1.000000	0.981722	1.000000	0.981704	1.000000	0.981722	1.000000	0.981719	1.000000	0.981717	1.000000	0.981699	1.000000	0.981800	1.000000	1.000000	
1356722479.244120	0.999994	71.041912	57.239004	7.032116	1.000000	0.970587	1.000000	0.969465	1.000000	0.969346	1.000000	0.969445	1.000000	0.969479	1.000000	0.969453	1.000000	0.969450	1.000000	0.969345	1356722479.244179	0.999993	71.054172	56.925687	8.703490	1.000000	0.969333	1.000000	0.969330	1.000000	0.969328	1.000000	0.969324	1.000000	0.969320	1.000000	0.969318	1.000000	0.969457	1.000000	1.000000	
1356722480.244113	0.999993	71.342336	57.580598	6.935015	1.000000	0.982107	0.999999	0.981383	1.000000	0.981297	0.999999	0.981378	0.999999	0.981396	1.000000	0.981392	1.000000	0.981374	0.999999	0.981331	1356722480.244189	1.000010	71.454256	57.386571	8.480628	1.000000	0.981313	1.000000	0.981293	1.000000	0.981309	1.000000	0.981309	1.000000	0.981307	1.000000	0.981286	1.000000	0.981385	1.000000	1.000000	
1356722481.244113	1.000000	71.959900	58.157135	6.990723	1.000000	0.989919	1.000000	0.989507	1.000000	0.989432	1.000000	0.989503	1.000000	0.989519	1.000000	0.989498	1.000000	0.989497	1.000000	0.989450	1356722481.244179	0.999990	71.987675	57.855529	8.649211	1.000000	0.989439	1.000000	0.989420	1.000000	0.989437	1.000000	0.989416	1.000000	0.989413	1.000000	0.989410	1.000000	0.989509	1.000000	1.000000	
1356722482.244125	1.000012	71.675369	57.879879	7.000557	1.000000	0.988650	1.000001	0.988190	1.000001	0.988162	1.000000	0.988171	1.000000	0.988200	1.000000	0.988186	1.000000	0.988186	1.000000	0.988151	1356722482.244184	1.000005	71.802634	57.682847	8.595233	1.000000	0.988148	1.000000	0.988146	1.000000	0.988145	1.000000	0.988143	1.000000	0.988143	1.000000	0.988140	1.000000	0.988185	1.000000	1.000000	
1356722483.244113	0.999988	71.335277	57.573623	6.943702	1.000000	0.985469	1.000000	0.984884	1.000000	0.984854	1.000000	0.984882	1.000000	0.984916	1.000000	0.984880	1.000000	0.984877	1.000000	0.984827	1356722483.244173	0.999989	71.555060	57.481114	8.541643	1.000000	0.984827	1.000000	0.984805	1.000000	0.984809	1.000000	0.984787	1.000000	0.984801	1.000000	0.984783	1.000000	0.984891	1.000000	1.000000	
1356722484.244114	1.000001	70.635110	56.884055	6.931527	0.999999	0.969597	1.000000	0.968425	0.999999	0.968351	1.000000	0.968419	0.999999	0.968451	0.999999	0.968415	1.000000	0.968412	0.999999	0.968346	1356722484.244182	1.000009	70.975736	56.901309	8.561751	1.000000	0.968338	1.000000	0.968300	1.000000	0.968335	1.000000	0.968295	1.000000	0.968291	1.000000	0.968289	1.000000	0.968434	1.000000	1.000000	
1356722485.244113	0.999999	71.477149	57.745950	6.952155	1.000000	0.984504	1.000000	0.983986	1.000000	0.983884	1.000000	0.983939	1.000000	0.983952	1.000000	0.983951	1.000000	0.983947	1.000000	0.983882	1356722485.244182	1.000000	71.570389	57.540070	8.415833	1.000000	0.983875	1.000000	0.983871	1.000000	0.983870	1.000000	0.983868	1.000000	0.983865	1.000000	0.983861	1.000000	0.983949	1.000000	1.000000	
1356722486.244121	1.000008	71.538361	57.738576	7.037739	1.000000	0.984831	1.000000	0.984197	1.000000	0.984158	1.000000	0.984194	1.000000	0.984206	1.000000	0.984192	1.000000	0.984191	1.000000	0.984157	1356722486.244182	1.000000	71.683868	57.552246	8.687607	1.000000	0.984153	1.000000	0.984152	1.000000	0.984151	1.000000	0.984150	1.000000	0.984149	1.000000	0.984147	1.000000	0.984194	1.000000	1.000000	
1356722487.244127	1.000006	71.363863	57.597450	6.930455	1.000000	0.988078	1.000000	0.987593	1.000000	0.987536	1.000000	0.987589	1.000000	0.987642	1.000000	0.987621	1.000000	0.987603	1.000000	0.987556	1356722487.244189	1.000007	71.163464	57.095797	8.600237	1.000000	0.969350	1.000000	0.987525	1.000000	0.969327	1.000000	0.987538	1.000000	0.969321	1.000000	0.969303	1.000000	0.987609	1.000000	0.999493	
1356722488.244114	0.999987	70.536112	56.749447	6.952163	1.000000	0.963555	1.000000	0.962117	1.000000	0.961945	1.000000	0.962090	1.000000	0.962120	1.000000	0.962102	1.000000	0.962082	0.999999	0.961979	1356722488.244184	0.999995	70.875782	56.770319	8.558499	1.000000	0.961967	1.000000	0.961930	1.000000	0.961945	1.000000	0.961940	1.000000	0.961936	1.000000	0.961887	1.000000	0.962098	1.000000	1.000000	
1356722489.244113	0.999999	71.898064	58.146402	6.968345	1.000000	0.994908	1.000000	0.994706	1.000000	0.994667	1.000000	0.994703	0.999999	0.994720	0.999999	0.994702	1.000000	0.994700	1.000000	0.994686	1356722489.244182	0.999998	71.982941	57.922947	8.463807	1.000000	0.994683	1.000000	0.994663	1.000000	0.994682	1.000000	0.994662	1.000000	0.994660	1.000000	0.994659	1.000000	0.994712	1.000000	1.000000	
1356722490.244124	1.000011	71.547860	57.758552	6.999038	1.000000	0.987775	1.000000	0.987256	1.000000	0.987220	1.000000	0.987255	1.000001	0.987285	1.000001	0.987271	1.000000	0.987254	1.000000	0.987238	1356722490.244189	1.000007	71.697960	57.586760	8.614717	1.000000	0.987233	1.000000	0.987216	1.000000	0.987232	1.000000	0.987231	1.000000	0.987229	1.000000	0.987215	1.000000	0.987264	1.000000	1.000000	
1356722491.244118	0.999994	70.893703	57.125218	6.984859	1.000000	0.973741	1.000000	0.972778	1.000000	0.972642	1.000000	0.972754	1.000000	0.972785	1.000000	0.972764	1.000000	0.972745	1.000000	0.972660	1356722491.244179	0.999990	71.115748	57.033088	8.546060	1.000000	0.972649	1.000000	0.972629	1.000000	0.972644	1.000000	0.972638	1.000000	0.972635	1.000000	0.972619	1.000000	0.972763	1.000000	1.000000	
1356722492.244113	0.999995	715788460.852703	715788525.598327	715795183.602762	0.999953	1.000912	0.999951	1.000919	0.999961	1.000914	0.999954	1.000917	0.999954	1.000919	0.999955	1.000911	0.999953	1.000918	0.999954	1.000918	1356722492.244639	1.000460	715491239.611055	715480091.319284	715457240.474294	0.999953	1.000915	0.999951	1.000915	3.895523	0.256931	0.999953	1.000913	0.999954	1.000921	0.999956	1.000913	0.999953	1.000918	0.999954	1.000918	
1356722493.244113	1.000000	0.000000	0.000000	0.000000	-nan	-nan	-nan	-nan	0.000000	inf	-nan	-nan	-nan	0.000000	0.000000	inf	-nan	-nan	-nan	-nan	1356722493.244190	0.999551	0.000000	0.000000	0.000000	-nan	-nan	-nan	-nan	0.000000	inf	-nan	-nan	-nan	-nan	-nan	-nan	-nan	-nan	-nan	-nan	
1356722494.244182	1.000069	0.000000	0.000000	0.000000	-nan	-nan	-nan	-nan	-nan	-nan	-nan	-nan	-nan	0.000000	-nan	-nan	-nan	-nan	-nan	-nan	1356722494.244266	1.000076	0.000000	0.000000	0.000000	-nan	-nan	-nan	-nan	-nan	-nan	-nan	-nan	-nan	-nan	-nan	-nan	-nan	-nan	-nan	-nan	
