ts_0	elapsed_0	pkg_0	pp0_0	dram_0	freq_ratio_0_0	c0_ratio_0_0	freq_ratio_0_1	c0_ratio_0_1	freq_ratio_0_2	c0_ratio_0_2	freq_ratio_0_3	c0_ratio_0_3	freq_ratio_0_4	c0_ratio_0_4	freq_ratio_0_5	c0_ratio_0_5	freq_ratio_0_6	c0_ratio_0_6	freq_ratio_0_7	c0_ratio_0_7	ts_1	elapsed_1	pkg_1	pp0_1	dram_1	freq_ratio_1_0	c0_ratio_1_0	freq_ratio_1_1	c0_ratio_1_1	freq_ratio_1_2	c0_ratio_1_2	freq_ratio_1_3	c0_ratio_1_3	freq_ratio_1_4	c0_ratio_1_4	freq_ratio_1_5	c0_ratio_1_5	freq_ratio_1_6	c0_ratio_1_6	freq_ratio_1_7	c0_ratio_1_7	
1356713188.334409	0.016096	38.458585	25.149899	5.632895	1.153592	0.463036	1.153188	0.458158	1.153035	0.458875	1.153835	0.460922	1.153625	0.458437	1.153997	0.459328	1.153924	0.458581	1.153967	0.458123	1356713188.334830	0.015088	33.454270	19.372732	3.824790	0.761739	0.014165	1.280801	0.000949	1.265532	0.000858	1.268143	0.002039	1.263268	0.001542	0.995927	0.002595	0.735369	0.007861	1.253595	0.000942	
1356713188.336171	0.001762	41.543708	26.275507	6.997564	1.257477	0.019881	1.261491	0.574016	1.247341	0.002984	1.249814	0.003382	1.238262	0.009115	1.254921	0.013957	1.235627	0.012700	1.263975	0.014872	1356713188.336375	0.001545	21.659259	13.007407	2.469136	1.122239	0.019608	1.263615	0.004720	1.274891	0.004059	1.272517	0.004216	1.276519	0.010533	1.303935	0.004373	1.306395	0.004228	1.298200	0.005057	
1356713188.345138	0.008967	40.367136	26.905185	5.474289	1.262430	0.003468	1.257517	0.886970	1.259392	0.001758	1.241877	0.000635	1.238918	0.001625	1.248759	0.000631	1.255308	0.000545	1.251366	0.000546	1356713188.345550	0.009175	32.370034	19.278331	3.898241	0.625756	0.007974	1.268460	0.000781	1.268162	0.000710	1.271013	0.001668	1.270470	0.000713	0.635934	0.003269	0.692946	0.005043	1.265300	0.000706	
1356713191.321134	2.975996	47.788438	34.497661	6.116629	1.234591	0.000649	1.269063	0.998603	1.269080	0.976560	1.177560	0.000037	1.193864	0.000057	1.175622	0.000043	1.221471	0.000153	1.188772	0.000036	1356713191.321503	2.975953	49.619482	36.335462	1.958329	1.230764	0.023688	1.263643	0.996915	1.231130	0.000058	1.231695	0.000053	1.233639	0.000082	1.240611	0.000033	1.239109	0.000040	1.263636	0.996709	
1356713191.333959	0.012825	47.879833	34.229625	6.180845	1.231179	0.019991	1.234149	0.988117	1.234090	0.988101	1.219395	0.002527	1.218416	0.001844	1.345212	0.001027	1.212160	0.001114	1.229666	0.001119	1356713191.334282	0.012779	48.772253	35.001250	6.046680	1.253865	0.003657	1.233341	0.989770	1.229779	0.000892	1.236193	0.001589	1.261644	0.000821	1.232851	0.001683	1.231970	0.002513	1.230089	0.898097	
1356713194.290878	2.956919	45.123705	31.826552	6.110252	1.268484	0.161152	1.267776	0.495303	1.268445	0.995403	1.231243	0.002202	1.236301	0.000034	1.252033	0.000045	1.244737	0.000154	1.248695	0.000041	1356713194.291078	2.956796	52.209365	38.929731	2.734102	1.230763	0.340909	1.250165	0.999119	1.229668	0.000054	1.229232	0.000062	1.230778	0.000194	1.231212	0.000621	1.230756	0.000031	1.250159	0.998685	
1356713194.301047	0.010169	45.179030	31.917472	5.996061	1.267483	0.990463	1.230603	0.007439	1.267444	0.989386	1.231078	0.003887	1.206963	0.001614	1.195367	0.000692	1.230530	0.000707	1.228608	0.000710	1356713194.301267	0.010189	46.280794	32.810183	3.845751	1.247688	0.004976	1.267570	0.985980	1.223685	0.000578	1.231054	0.001515	1.225620	0.000500	1.224536	0.009275	1.250346	0.003315	1.267041	0.840382	
1356713197.293203	2.992156	45.444475	32.136843	6.116660	1.267926	0.679822	1.250059	0.005523	1.268330	0.996159	1.229981	0.000061	1.230644	0.000042	1.232383	0.000036	1.234617	0.000138	1.232752	0.000031	1356713197.293535	2.992268	51.766230	38.489845	3.795493	1.244500	0.492574	1.256574	0.997130	1.230822	0.166393	1.230618	0.000633	1.230986	0.000086	1.230684	0.002120	1.230725	0.000033	1.259722	0.654236	
1356713197.305050	0.011847	47.755927	34.100704	6.190058	1.230264	0.994580	1.227302	0.008822	1.231344	0.994517	1.226833	0.003359	1.226081	0.001360	1.265581	0.000564	0.952465	0.000753	1.265110	0.000582	1356713197.305391	0.011856	47.495495	33.783784	6.084942	1.250945	0.003441	1.268285	0.994613	1.268311	0.887689	1.230874	0.001268	1.224004	0.000503	1.233084	0.001225	1.251704	0.002148	1.229187	0.000433	
1356713200.268089	2.963039	47.971066	34.655947	6.116006	1.267467	0.993886	1.217499	0.005319	1.267466	0.993872	1.161646	0.000920	1.160698	0.000943	1.158165	0.000857	1.167633	0.001093	1.157209	0.000816	1356713200.268352	2.962961	49.975788	36.701095	3.035550	1.209942	0.002858	1.251530	0.998919	1.251524	0.998458	1.160132	0.000828	1.171842	0.000964	1.159023	0.000750	1.156483	0.000709	1.158700	0.000742	
1356713200.280610	0.012521	47.884533	33.899271	5.832473	1.263870	0.991368	1.240689	0.003749	1.263876	0.993076	1.208969	0.001330	1.240187	0.002073	1.230696	0.000549	1.227187	0.005669	1.291762	0.001788	1356713200.280939	0.012587	44.985718	32.052127	4.444141	1.229601	0.001525	1.268157	0.993220	1.268341	0.895397	1.230814	0.002053	1.230843	0.001720	1.229680	0.001193	1.252843	0.001910	1.230328	0.000470	
1356713203.249700	2.969090	46.441274	33.128325	6.116343	1.268682	0.833367	1.232015	0.000954	1.268771	0.996369	1.229152	0.000057	1.233551	0.000062	1.231488	0.000063	1.241580	0.002902	1.230591	0.000028	1356713203.250032	2.969093	50.728821	37.453885	2.839202	1.230769	0.163635	1.260013	0.999171	1.260009	0.998651	1.230820	0.000047	1.231563	0.000225	1.230807	0.000028	1.230482	0.000037	1.230873	0.000053	
1356713203.263515	0.013815	44.358415	31.642137	5.740163	1.234599	0.990643	1.232089	0.008814	1.234624	0.990627	1.217713	0.004066	1.246500	0.000492	1.208650	0.001178	1.223981	0.003927	1.234996	0.000512	1356713203.263848	0.013816	47.686621	33.990716	5.779427	1.230797	0.002011	1.268407	0.995330	1.268476	0.898458	1.228573	0.001199	1.225485	0.000375	1.223636	0.000430	1.230448	0.001804	1.258930	0.001576	
1356713206.229220	2.965705	46.708137	33.386234	6.121179	1.267276	0.857701	1.230895	0.002442	1.267542	0.996464	1.226874	0.000045	1.231261	0.000058	1.228840	0.000026	1.230844	0.000109	1.230739	0.000042	1356713206.229418	2.965570	50.197330	36.920495	2.605736	1.237905	0.138963	1.264704	0.973882	1.264802	0.995689	1.230793	0.000622	1.230843	0.000084	1.230907	0.000053	1.231105	0.000042	1.230864	0.000039	
1356713206.244974	0.015754	40.893866	27.216732	6.586255	1.264167	0.014156	1.230708	0.004783	1.267983	0.990574	1.230488	0.003420	1.277678	0.000437	1.225293	0.001071	1.237830	0.001714	1.271786	0.000438	1356713206.245225	0.015807	45.295887	32.480249	4.039880	1.268819	0.998639	1.260902	0.001956	1.268783	0.914395	1.222950	0.000372	1.200725	0.000404	1.197775	0.000344	1.228334	0.000375	1.262512	0.001983	
1356713209.205240	2.960266	41.775881	28.476470	6.124095	1.268352	0.334661	1.242477	0.000373	1.269049	0.980730	1.252761	0.000037	1.245750	0.000060	1.231337	0.000987	1.232157	0.003463	1.255832	0.000028	1356713209.205701	2.960476	54.602520	41.319003	3.600897	1.230774	0.664530	1.243617	0.999434	1.243615	0.999115	1.228391	0.000046	1.230837	0.000480	1.228810	0.000030	1.228012	0.000039	1.230616	0.000042	
1356713209.215985	0.010745	31.270081	18.699565	6.217094	1.265603	0.012873	1.269740	0.006866	1.273309	0.000765	1.238592	0.005245	1.311081	0.000635	1.252533	0.002445	1.266996	0.008707	1.286362	0.000674	1356713209.216424	0.010723	50.286731	37.600854	5.595162	1.232380	0.992116	1.232393	0.992110	1.230354	0.888351	1.230838	0.000559	1.230430	0.000546	1.232550	0.000542	1.231593	0.000551	1.231243	0.001992	
1356713212.162324	2.946339	46.019513	32.705451	6.113316	1.269075	0.792753	1.166014	0.000310	1.269171	0.996687	1.244927	0.000040	1.235806	0.000052	1.234881	0.000022	1.263572	0.001144	1.202205	0.000038	1356713212.162679	2.946255	50.940156	37.664403	2.317872	1.230755	0.207127	1.258691	0.993797	1.258705	0.995914	1.074442	0.000071	1.233254	0.000083	1.230614	0.000044	1.235270	0.000036	1.230663	0.000027	
1356713212.175115	0.012791	32.117505	18.391545	6.682846	1.127444	0.009971	1.269089	0.005604	1.262136	0.000556	1.151619	0.004517	1.228554	0.000598	1.255266	0.001265	1.072031	0.002157	0.692694	0.000739	1356713212.175555	0.012876	42.291005	28.655779	5.204755	1.273766	0.000698	1.252150	0.000382	1.268550	0.892895	1.247977	0.000443	1.246981	0.000443	1.248590	0.000442	1.246276	0.000446	1.263435	0.001602	
1356713215.129232	2.954117	47.680871	34.363606	6.105407	1.269160	0.999039	1.230603	0.000318	1.269159	0.999050	1.229933	0.000037	1.230708	0.000061	1.231598	0.000047	1.231097	0.000121	1.233096	0.000028	1356713215.129428	2.953873	48.926426	35.662450	1.771444	1.230927	0.000087	1.269155	0.999492	1.269155	0.999145	1.230839	0.000603	1.230059	0.000202	1.231901	0.000028	1.231796	0.000048	1.232127	0.000037	
1356713215.141156	0.011924	46.265091	32.666067	6.124488	1.267489	0.990982	1.230762	0.006189	1.267461	0.990982	1.231258	0.004662	1.235470	0.000594	1.241879	0.001370	1.232750	0.002158	1.245958	0.000608	1356713215.141357	0.011929	47.441660	33.866251	4.108566	1.230527	0.002643	1.263293	0.985761	1.262395	0.856915	1.230721	0.030610	1.242745	0.003602	1.228083	0.000490	1.220993	0.000500	1.261602	0.002463	
1356713218.071575	2.930419	47.819686	34.502084	6.119181	1.268927	0.996832	1.230067	0.000329	1.268927	0.996828	1.227520	0.000058	1.229054	0.000058	1.227789	0.000036	1.230697	0.002109	1.229872	0.000041	1356713218.071780	2.930423	49.349730	36.080426	2.683863	1.230719	0.001091	1.269072	0.998425	1.269073	0.997916	1.230852	0.000067	1.230828	0.000226	1.230842	0.000044	1.234604	0.000031	1.222948	0.000024	
1356713218.082155	0.010580	47.798089	33.727781	6.331350	1.266000	0.979854	1.231022	0.008453	1.265996	0.977891	1.230862	0.005143	1.198013	0.000663	1.239991	0.001557	1.232589	0.011574	1.230711	0.000665	1356713218.082422	0.010642	44.178869	31.420737	5.095797	1.230062	0.001033	1.268426	0.995971	1.268293	0.851190	1.231629	0.000551	1.229791	0.000479	1.232901	0.000548	1.255519	0.001744	1.262491	0.002006	
1356713221.054296	2.972141	41.558518	28.244316	6.120645	1.268793	0.996872	1.266831	0.003317	1.267472	0.241318	1.236344	0.000064	1.255569	0.000131	1.237196	0.000102	1.255602	0.005955	1.246984	0.000037	1356713221.054752	2.972330	55.318072	42.031920	5.807409	1.230775	0.755758	1.240141	0.999793	1.240137	0.999382	1.224566	0.000063	1.229338	0.000080	1.221946	0.000036	1.228789	0.000110	1.231844	0.000152	
1356713221.065511	0.011215	38.287889	25.086248	5.479028	1.268045	0.987063	1.256044	0.009932	1.237474	0.000619	1.237672	0.003504	1.316262	0.000572	1.276856	0.002890	1.262524	0.012603	1.269795	0.000619	1356713221.065947	0.011195	52.721116	39.366372	5.941348	1.232830	0.986097	1.232837	0.986064	1.230366	0.862104	1.221778	0.001980	1.230308	0.000528	1.229842	0.000526	1.227902	0.000470	1.207082	0.001368	
1356713224.022618	2.957107	43.174055	29.872629	6.124657	1.266755	0.640523	1.239792	0.004597	1.267221	0.793804	1.246501	0.000068	1.236367	0.000056	1.253358	0.000054	1.262487	0.002206	1.251066	0.000040	1356713224.022824	2.956877	53.726109	40.446282	4.384342	1.230780	0.555217	1.247852	0.999720	1.247850	0.999257	1.231256	0.000204	1.230792	0.000197	1.222054	0.000042	1.227468	0.000035	1.229119	0.000068	
1356713224.032724	0.010106	40.921770	27.615363	6.080211	1.269571	0.013091	1.230655	0.008066	1.266675	0.985172	1.229789	0.003265	1.232619	0.000679	1.230812	0.003155	1.230565	0.008736	1.230434	0.001648	1356713224.032961	0.010137	52.659485	39.291406	5.912602	1.233514	0.991228	1.233508	0.991222	1.230327	0.874134	1.231071	0.002372	1.223343	0.000505	1.228427	0.000503	1.221089	0.000585	1.225115	0.000578	
1356713227.006675	2.973951	47.334394	34.020404	6.093344	1.261475	0.899851	1.229073	0.049837	1.262215	0.983480	1.154094	0.001018	1.165777	0.000969	1.159269	0.000843	1.194966	0.001358	1.157553	0.000735	1356713227.007131	2.974170	49.640099	36.369939	2.120897	1.229942	0.085194	1.260134	0.932516	1.260714	0.996169	1.192107	0.001386	1.168009	0.000857	1.151135	0.000722	1.162665	0.000733	1.214253	0.003277	
1356713227.018096	0.011421	32.056781	19.205478	4.867169	1.266911	0.013563	1.252312	0.006933	1.274137	0.000611	1.244604	0.001466	1.259742	0.001863	1.254586	0.003625	1.270486	0.000615	1.269006	0.003626	1356713227.018537	0.011406	37.052843	24.009365	4.370569	1.268736	0.000943	1.270724	0.000497	1.265392	0.858493	1.268868	0.000499	1.259819	0.002223	0.737127	0.004403	1.264238	0.000506	1.244393	0.000501	
1356713229.976811	2.958715	52.423116	39.107129	6.117100	1.230671	0.612348	1.240536	0.993697	1.240577	0.993665	1.225925	0.000345	1.227086	0.000032	1.237115	0.000044	1.175036	0.000114	1.233295	0.000036	1356713229.977292	2.958755	43.765176	30.485567	2.854919	1.268981	0.381575	1.255382	0.000030	1.269136	0.998387	1.250974	0.000061	1.258772	0.000184	1.057950	0.000055	1.255812	0.000024	1.259260	0.004151	
1356713229.989737	0.012926	32.789730	19.310019	6.180906	1.149756	0.011232	1.269312	0.005596	1.265391	0.000544	1.261863	0.001281	1.269319	0.001952	1.231018	0.003236	1.269639	0.000545	1.247435	0.001249	1356713229.990169	0.012877	38.472283	24.924570	5.648732	1.269953	0.000818	1.268731	0.000435	1.265937	0.869498	1.270163	0.000436	0.675081	0.003467	0.695823	0.004011	1.271934	0.000422	1.267970	0.000423	
1356713232.964732	2.974995	48.001689	34.701485	6.114733	1.215435	0.001693	1.268792	0.996682	1.268813	0.996665	1.219509	0.000129	1.230365	0.000038	1.147325	0.000040	1.172993	0.000109	1.235270	0.000022	1356713232.965019	2.974850	49.475506	36.204275	2.070207	1.269187	0.998619	1.232923	0.000039	1.269194	0.999182	1.234659	0.000054	1.231262	0.000144	1.044814	0.000055	1.237912	0.000047	1.119712	0.000090	
1356713232.977210	0.012478	29.548809	16.510843	6.899287	0.807582	0.018722	1.233527	0.005903	1.283572	0.000583	1.262132	0.001262	1.269507	0.002005	1.248393	0.003326	1.270127	0.000553	1.254357	0.001290	1356713232.977679	0.012660	36.781318	23.954802	4.334162	1.265805	0.000846	1.268281	0.000446	1.266177	0.873938	1.268005	0.000445	1.263719	0.003179	0.698047	0.004176	1.269419	0.000449	1.271711	0.000444	
1356713235.954217	2.977007	47.957837	34.658104	6.120964	1.230712	0.003625	1.268569	0.995285	1.268568	0.995312	1.227066	0.000157	1.233044	0.000026	1.207205	0.000044	1.232145	0.000102	1.235142	0.000031	1356713235.954417	2.976738	49.581343	36.309785	2.517179	1.269158	0.999482	1.239376	0.000035	1.269158	0.999169	1.230839	0.000587	1.230953	0.000215	1.235291	0.000055	1.231688	0.000025	1.231288	0.000062	
1356713235.968392	0.014175	41.450264	28.157029	6.503986	0.984218	0.013935	1.238746	0.637543	1.238520	0.631318	1.233951	0.002794	1.262051	0.001773	1.308267	0.002860	1.207472	0.000504	1.256631	0.001150	1356713235.968841	0.014424	43.003422	29.896428	3.870742	1.268423	0.621799	1.245432	0.000398	1.266355	0.888914	1.248832	0.000398	1.252320	0.001829	0.748848	0.004077	1.248663	0.000403	1.252017	0.000345	
1356713238.946641	2.978249	47.905496	34.604629	6.112212	1.230731	0.001834	1.268248	0.997249	1.268248	0.997256	1.232803	0.000128	1.232607	0.000036	1.231903	0.000052	1.232025	0.000115	1.233981	0.000021	1356713238.946961	2.978120	49.528073	36.254425	2.100914	1.269185	0.999500	1.236895	0.000037	1.269184	0.999152	1.231535	0.000053	1.230903	0.000262	1.239244	0.000031	1.231710	0.000041	1.233645	0.000071	
1356713238.963548	0.016907	47.299874	33.809090	5.819413	1.230547	0.008471	1.230311	0.994734	1.230304	0.994733	1.207578	0.002476	1.244496	0.000994	1.219269	0.002560	1.196482	0.000425	1.208421	0.000978	1356713238.963876	0.016915	45.048163	32.288215	4.327287	1.268755	0.997455	1.228609	0.000311	1.268753	0.917595	1.229488	0.000347	1.252414	0.001423	1.250448	0.001819	1.231862	0.000306	1.231492	0.000306	
1356713241.940476	2.976928	47.805174	34.497820	6.129404	1.230615	0.000458	1.268119	0.999082	1.268119	0.999081	1.232285	0.000131	1.228332	0.000031	1.230543	0.000031	1.230731	0.000102	1.230745	0.000036	1356713241.940656	2.976780	49.657698	36.381134	1.734858	1.269197	0.999718	1.235648	0.000040	1.269199	0.999337	1.230845	0.000061	1.229046	0.000123	1.231704	0.000050	1.224542	0.000027	1.230106	0.000057	
1356713241.952169	0.011693	48.582008	34.835658	6.302912	1.232365	0.014547	1.235141	0.983316	1.235137	0.982348	1.205270	0.003185	1.222956	0.001473	1.215350	0.003681	1.265099	0.000589	1.209977	0.001402	1356713241.952507	0.011851	47.910838	34.183033	3.941175	1.268358	0.994562	1.229962	0.000515	1.268329	0.884268	1.230805	0.000495	1.248277	0.003139	1.251678	0.002607	1.229501	0.000478	1.236687	0.000470	
1356713244.894416	2.942247	45.577217	32.279572	6.124158	1.232571	0.002707	1.266495	0.707666	1.267276	0.995093	1.258830	0.003417	1.247526	0.000035	1.239482	0.000049	1.239781	0.000110	1.238639	0.000021	1356713244.894618	2.942111	51.914053	38.635715	3.686508	1.258139	0.999703	1.230788	0.287619	1.258144	0.999295	1.226590	0.000044	1.229725	0.000208	1.231633	0.000044	1.234448	0.000045	1.230826	0.000079	
1356713244.907053	0.012637	43.662434	29.870611	6.321152	1.265269	0.011311	1.230807	0.007917	1.266438	0.977869	1.224683	0.009468	1.244559	0.001767	1.230746	0.003044	1.198433	0.000565	1.220352	0.001330	1356713244.907397	0.012779	54.446389	40.668221	6.133846	1.233922	0.990156	1.233925	0.990154	1.230314	0.848223	1.235111	0.032696	1.221871	0.002445	1.218949	0.002411	1.233407	0.001112	1.225355	0.000403	
1356713247.873411	2.966358	43.912073	30.606667	6.117979	1.268516	0.543981	1.242706	0.003934	1.268484	0.996230	1.252228	0.000142	1.231333	0.000028	1.226667	0.000149	1.246398	0.000094	1.251716	0.000034	1356713247.873734	2.966337	52.586092	39.309773	2.809171	1.230763	0.452385	1.251806	0.999798	1.230414	0.000707	1.251796	0.999131	1.231932	0.000096	1.239704	0.000064	1.224976	0.000021	1.231816	0.000062	
1356713247.883997	0.010586	48.852233	36.157744	5.813202	1.231834	0.988853	1.237743	0.025052	1.231956	0.989812	1.230024	0.001433	1.231216	0.000549	1.230404	0.836353	1.236046	0.000548	1.230728	0.001374	1356713247.884293	0.010559	37.158960	24.258671	4.002890	1.283204	0.001236	1.268298	0.989911	1.258305	0.002538	1.256748	0.000668	1.259972	0.002323	1.243327	0.001558	1.243348	0.001553	1.300818	0.000630	
1356713247.886387	0.002390	61.548284	44.718276	7.738228	1.240822	0.963478	1.226420	0.376059	1.240813	0.963397	1.233916	0.002445	1.232164	0.006817	1.231155	0.009682	1.230043	0.006251	1.230617	0.002119	1356713247.886682	0.002389	50.950898	34.152495	7.741317	1.252582	0.005119	1.265863	0.963457	1.265749	0.002602	1.274116	0.007383	1.268423	0.002591	1.261241	0.024378	1.241042	0.002682	1.254866	0.013455	
