ts_0	elapsed_0	pkg_0	pp0_0	dram_0	freq_ratio_0_0	c0_ratio_0_0	freq_ratio_0_1	c0_ratio_0_1	freq_ratio_0_2	c0_ratio_0_2	freq_ratio_0_3	c0_ratio_0_3	freq_ratio_0_4	c0_ratio_0_4	freq_ratio_0_5	c0_ratio_0_5	freq_ratio_0_6	c0_ratio_0_6	freq_ratio_0_7	c0_ratio_0_7	ts_1	elapsed_1	pkg_1	pp0_1	dram_1	freq_ratio_1_0	c0_ratio_1_0	freq_ratio_1_1	c0_ratio_1_1	freq_ratio_1_2	c0_ratio_1_2	freq_ratio_1_3	c0_ratio_1_3	freq_ratio_1_4	c0_ratio_1_4	freq_ratio_1_5	c0_ratio_1_5	freq_ratio_1_6	c0_ratio_1_6	freq_ratio_1_7	c0_ratio_1_7	
1352522007.278753	1.001504	38.202738	24.994956	4.781962	0.999867	0.644975	0.999599	0.571732	0.999868	0.461435	0.999975	0.034869	0.997943	0.006759	0.995408	0.006287	0.999972	0.004140	0.999981	0.002305	1352522007.278912	1.000410	31.703628	18.501583	4.117300	0.999828	0.544425	0.991775	0.011110	0.986152	0.010046	0.993746	0.002473	0.995678	0.002276	0.998272	0.002685	0.995971	0.004398	0.997235	0.025126	
1352522008.278751	0.999998	40.606065	27.388343	5.127329	0.999999	0.749244	0.999950	0.604048	0.999999	0.747454	1.000052	0.007988	1.000101	0.006491	0.997667	0.005843	0.999979	0.004252	0.999930	0.002646	1352522008.278847	0.999935	32.409367	19.200346	4.270740	0.999982	0.748095	0.999857	0.008895	0.997672	0.012005	0.999986	0.002459	0.999963	0.002734	1.000070	0.002942	0.999868	0.005584	0.997049	0.004593	
1352522009.278753	1.000002	42.457500	29.234792	5.234762	1.000000	0.837359	0.999966	0.639555	1.000000	0.835980	0.999903	0.009147	1.000012	0.006185	0.999950	0.006017	0.999909	0.004050	0.999987	0.002394	1352522009.278881	1.000034	32.744443	19.533758	4.288443	0.999984	0.836477	0.996576	0.008912	1.000012	0.010235	0.999909	0.002636	0.999951	0.002446	0.998587	0.002760	1.000129	0.005176	0.997243	0.004838	
1352522010.278752	0.999999	39.458549	26.242472	4.704869	1.000000	0.546558	0.999984	0.681381	1.000001	0.544045	0.999984	0.006074	0.999936	0.007207	0.997666	0.005173	0.999961	0.003752	0.999959	0.002410	1352522010.278861	0.999980	31.714594	18.505452	3.928210	0.999794	0.545093	0.990629	0.008828	0.991047	0.006049	0.997747	0.003786	0.998748	0.002467	0.989723	0.002663	0.986227	0.004568	0.989451	0.004037	
1352522011.278756	1.000004	41.583297	28.362113	5.246561	0.999999	0.856387	0.999999	0.606563	0.999999	0.855327	0.999895	0.005383	1.000063	0.006454	1.000008	0.006664	0.999946	0.004380	1.000000	0.002469	1352522011.278882	1.000021	35.250908	22.053996	4.257220	1.000000	0.855589	0.997962	0.008796	0.999963	0.009077	0.999964	0.004173	0.999894	0.002397	0.999873	0.002715	0.999987	0.004730	1.000063	0.004209	
1352522012.278752	0.999996	40.747556	27.525075	5.234854	1.000000	0.808054	0.999903	0.622023	1.000001	0.806817	0.999999	0.019687	1.000016	0.007482	0.999961	0.006394	0.999962	0.004039	0.999933	0.002470	1352522012.278851	0.999969	32.889768	19.677871	4.196938	0.999983	0.807335	0.997152	0.010858	0.999978	0.010734	0.996420	0.004271	1.000004	0.002648	0.999932	0.002968	0.999154	0.005003	0.999920	0.004328	
1352522013.278756	1.000004	41.346588	28.124962	5.124644	1.000000	0.765965	0.999999	0.541801	1.000000	0.763899	1.000110	0.009460	1.000013	0.008015	0.999974	0.009559	0.999995	0.093915	0.999972	0.005735	1352522013.278848	0.999997	34.786119	21.573996	4.283033	0.999945	0.765103	0.997111	0.011751	0.993117	0.010904	0.996533	0.007495	0.999984	0.005680	0.999364	0.006425	0.995427	0.007326	0.995423	0.007193	
1352522014.278755	0.999999	39.523460	26.316355	5.050847	0.999978	0.648125	0.999808	0.633123	1.000000	0.645147	0.999859	0.009430	0.999985	0.004552	0.999958	0.005814	0.999932	0.004198	0.999976	0.002487	1352522014.278864	1.000016	34.989569	21.778659	4.204034	0.999980	0.645996	0.996498	0.005404	0.998226	0.009748	0.997969	0.006778	0.999012	0.004156	0.999995	0.006773	0.998334	0.004583	0.999997	0.004413	
1352522015.278754	0.999999	40.034981	26.809382	5.015004	1.000000	0.669806	0.999759	0.537298	1.000000	0.666831	1.000026	0.010010	0.999999	0.099233	0.997511	0.005342	0.997657	0.004279	0.999727	0.002679	1352522015.278828	0.999964	32.561551	19.350260	4.214873	0.999840	0.667926	0.989640	0.006768	0.993373	0.003002	0.979111	0.006210	0.992904	0.005014	0.986192	0.007674	0.987363	0.005687	0.989862	0.005073	
1352522016.278752	0.999998	41.140368	27.915657	5.036570	1.000000	0.723473	0.999891	0.611549	1.000000	0.721303	0.998820	0.012224	0.999954	0.008215	0.999878	0.004563	0.999802	0.003969	1.000131	0.002533	1352522016.278852	1.000024	32.118825	18.922732	4.198141	0.999961	0.722040	0.998253	0.008041	0.999969	0.003381	0.993475	0.004519	0.996913	0.005275	0.998240	0.007816	0.996564	0.005297	0.998879	0.005388	
1352522017.278756	1.000004	40.146856	26.925245	5.184259	0.999999	0.776942	0.999999	0.526890	0.999999	0.775039	1.000010	0.012087	1.000046	0.006374	1.000044	0.003896	1.000094	0.004538	0.999927	0.002595	1352522017.278855	1.000003	33.133381	19.922057	4.232897	0.999984	0.776579	0.999524	0.086797	0.999923	0.002950	0.996523	0.004366	0.998114	0.009436	0.997491	0.007286	0.999339	0.005597	1.000023	0.005584	
1352522018.278756	1.000000	40.496033	27.274521	5.261444	1.000000	0.821286	0.999922	0.622121	1.000000	0.820192	0.999870	0.008078	0.999980	0.006603	0.997008	0.005658	0.999978	0.004011	0.999907	0.002604	1352522018.278879	1.000024	34.489770	21.278556	4.269383	0.999965	0.820594	0.999939	0.010212	0.999996	0.003340	0.996433	0.004796	0.997106	0.004810	0.996906	0.006889	0.999981	0.005141	0.998334	0.004586	
1352522019.278756	1.000000	40.371918	27.148300	5.115814	1.000000	0.712410	0.999907	0.638130	1.000000	0.710297	0.999989	0.009031	0.998007	0.006867	0.999956	0.005643	0.999947	0.003911	0.999918	0.002537	1352522019.278917	1.000038	33.537761	20.326683	4.144038	0.999947	0.711416	0.993454	0.007604	0.996356	0.005588	0.991756	0.004225	0.996038	0.004557	0.997223	0.007193	0.996905	0.005243	0.995898	0.005071	
1352522020.278751	0.999995	40.381428	27.170989	5.128871	1.000000	0.750420	0.999946	0.598013	1.000000	0.736752	0.999956	0.006553	1.000000	0.024403	0.999925	0.005785	0.999929	0.004171	1.000023	0.002694	1352522020.278947	1.000030	35.202342	21.991740	4.219188	0.999981	0.737434	0.998355	0.008632	0.999995	0.004948	0.996149	0.004602	0.996229	0.004494	0.999860	0.007124	0.999309	0.005110	1.000021	0.005035	
1352522021.278761	1.000010	41.298354	28.075891	5.048945	0.999999	0.682739	0.999941	0.639439	0.999999	0.678694	0.999977	0.007641	0.997805	0.007675	0.999850	0.003958	0.999847	0.003918	1.000021	0.002604	1352522021.278857	0.999910	33.764509	20.552094	4.130956	0.999938	0.680178	0.991770	0.009036	0.995816	0.007699	0.996370	0.004853	0.992372	0.004585	1.000309	0.002837	1.000015	0.004924	0.989416	0.004649	
1352522022.278751	0.999990	39.034693	25.815261	4.813708	1.000000	0.561359	0.999793	0.654785	1.000002	0.558039	1.000029	0.006552	0.998209	0.007327	1.000011	0.004068	1.000045	0.004037	0.999950	0.002463	1352522022.278863	1.000006	33.167054	19.970096	4.081366	0.999907	0.559864	0.993637	0.009006	0.992643	0.006326	0.988539	0.005309	0.994912	0.004227	0.998489	0.002892	0.993198	0.004809	0.994855	0.004448	
1352522023.278771	1.000020	40.573711	27.348283	5.200198	1.000000	0.828073	0.999999	0.622133	1.000000	0.826745	1.000045	0.006742	1.000002	0.007565	0.999940	0.004348	0.999969	0.004731	0.999984	0.002577	1352522023.278899	1.000036	34.338531	21.126818	4.240768	1.000000	0.827235	0.999962	0.009206	0.999962	0.009283	1.000058	0.004330	0.999983	0.004467	0.999964	0.002962	0.999989	0.005171	0.999964	0.004796	
1352522024.278774	1.000003	41.445718	28.221318	5.188888	1.000000	0.815221	0.999921	0.623049	1.000000	0.813879	1.000136	0.004634	1.000016	0.006377	0.999935	0.004031	0.996612	0.004026	0.999991	0.002531	1352522024.278906	1.000007	34.742664	21.530933	4.261811	1.000000	0.814609	0.999922	0.010459	0.999977	0.011693	0.999893	0.004463	0.999936	0.004397	0.999916	0.002943	0.999803	0.006285	0.999354	0.004656	
1352522025.278758	0.999984	41.921599	28.695832	5.144278	1.000000	0.805536	0.999922	0.632277	1.000000	0.804136	0.999990	0.005238	0.999963	0.005902	0.999888	0.003879	0.999901	0.003757	0.999921	0.002655	1352522025.278901	0.999995	34.424489	21.212875	4.171789	0.999961	0.804680	0.996003	0.008827	0.999903	0.010739	0.996415	0.005121	0.999827	0.004376	0.999833	0.002895	1.000072	0.006635	1.000464	0.004843	
1352522026.278766	1.000008	41.600981	28.388106	5.151615	1.000000	0.795077	0.999982	0.620307	1.000000	0.793554	0.999954	0.006509	1.000036	0.004482	1.000096	0.004124	1.000068	0.003947	0.999989	0.002513	1352522026.278882	0.999981	34.690649	21.477842	4.298346	0.999984	0.794252	0.998281	0.008634	0.998818	0.011829	0.999976	0.004337	0.996107	0.004176	1.000141	0.002925	0.998024	0.007108	0.999971	0.004678	
1352522027.278771	1.000005	39.250643	26.028251	5.148961	1.000000	0.740367	0.999779	0.624045	1.000000	0.738486	0.999605	0.005218	1.000016	0.006981	0.999723	0.004666	0.999915	0.004940	0.999799	0.002645	1352522027.278917	1.000035	34.825745	21.627385	4.286654	1.000000	0.739507	0.998194	0.009431	0.998170	0.009435	0.997831	0.004545	0.997011	0.005309	0.999921	0.002935	0.997543	0.006989	1.000086	0.004797	
1352522028.278753	0.999982	40.567315	27.342896	5.157914	1.000000	0.736393	0.999983	0.634195	1.000000	0.734277	0.999956	0.003918	1.000038	0.006488	1.000042	0.006096	0.999973	0.004467	1.000181	0.002652	1352522028.278840	0.999923	33.969596	20.755840	4.270181	0.999957	0.735108	0.997099	0.008958	0.996563	0.011215	1.000100	0.004672	0.996342	0.004490	1.000066	0.003070	0.997979	0.007683	0.999957	0.005370	
1352522029.278756	1.000003	40.852428	27.629553	5.159682	0.999999	0.801118	0.999887	0.626538	1.000000	0.799751	0.999875	0.004736	1.000034	0.006063	0.997740	0.005855	0.999920	0.004059	0.999874	0.002476	1352522029.278891	1.000051	34.524514	21.312984	4.222242	1.000000	0.800349	0.999934	0.008862	0.999923	0.010102	0.999818	0.004284	0.999959	0.004454	0.999953	0.002867	0.999918	0.006931	0.999866	0.004351	
1352522030.279362	1.000606	40.713301	27.503198	5.205646	0.999999	0.706542	0.999996	0.086092	0.999998	0.703978	1.000001	0.528423	0.999927	0.006029	0.999939	0.006198	1.000058	0.004107	0.999967	0.003790	1352522030.279527	1.000636	33.687296	20.486435	4.240467	1.000000	0.704676	0.999963	0.009675	0.999954	0.009515	0.999893	0.004428	1.000039	0.005409	1.000114	0.002941	1.000005	0.006954	1.000141	0.004526	
1352522031.278759	0.999397	41.650327	28.418686	5.141757	1.000000	0.727159	0.999942	0.645688	1.000001	0.724496	0.999832	0.006836	1.000066	0.005796	0.999767	0.005596	0.999962	0.003922	0.999898	0.002604	1352522031.278866	0.999339	34.759071	21.536694	4.257819	0.999999	0.725558	0.999920	0.009395	0.999934	0.007755	1.000109	0.004446	0.999784	0.004745	0.999957	0.002914	0.999927	0.007236	0.999896	0.004645	
1352522032.278753	0.999994	41.216310	28.008529	5.143891	1.000000	0.751436	0.999890	0.625743	1.000000	0.749642	1.000191	0.004468	0.999854	0.006023	0.998587	0.005566	0.996264	0.004051	0.999948	0.002594	1352522032.278838	0.999972	34.374784	21.175701	4.212505	0.999983	0.750285	0.996317	0.009662	0.998350	0.008170	0.999947	0.004547	1.000165	0.004515	0.999998	0.002976	0.997757	0.007690	0.997204	0.004711	
1352522033.278755	1.000002	40.034576	26.813288	5.207235	1.000000	0.885104	0.999859	0.191772	1.000000	0.884379	0.999868	0.008049	1.000137	0.004532	1.000002	0.407111	1.000059	0.004556	1.000017	0.002491	1352522033.278903	1.000065	35.648177	22.438725	4.230132	0.999969	0.884682	0.998658	0.009895	0.993883	0.008727	0.994022	0.004339	0.998196	0.004209	0.999893	0.002717	0.994164	0.006561	0.993752	0.003950	
1352522034.278755	1.000000	39.359436	26.142258	4.931274	0.999999	0.591881	0.990767	0.018172	1.000000	0.588909	0.994978	0.006213	0.996959	0.004384	0.999836	0.619018	0.999950	0.003642	0.999968	0.002461	1352522034.278913	1.000010	34.553960	21.343262	4.241565	0.999907	0.590232	0.990759	0.009042	0.994398	0.011926	0.999929	0.004263	0.992805	0.004344	0.998339	0.002813	0.997441	0.006173	0.989039	0.004240	
1352522035.278759	1.000004	40.812502	27.590525	5.307504	1.000000	0.758624	0.999888	0.020106	1.000000	0.756853	1.000010	0.005085	1.000061	0.006444	1.000001	0.602261	0.999920	0.003831	0.999988	0.002763	1352522035.278907	0.999994	34.912668	21.701088	4.321666	1.000000	0.757631	1.000015	0.010688	0.999892	0.012425	0.999957	0.005139	0.999971	0.004412	1.000017	0.002938	0.999974	0.007144	1.000393	0.004362	
1352522036.278758	0.999999	41.171792	27.955120	5.268728	0.999999	0.840408	1.000005	0.018274	0.999999	0.839263	1.000041	0.005254	0.999939	0.006050	0.999999	0.583847	0.999881	0.004159	1.000009	0.002548	1352522036.278923	1.000016	34.347260	21.138014	4.339286	0.999983	0.840068	0.997367	0.011938	0.998914	0.010583	0.999929	0.004860	1.000038	0.004617	1.000022	0.003015	1.000007	0.005002	0.996285	0.004386	
1352522037.278918	1.000160	37.471621	24.256053	4.828909	0.999889	0.703848	0.999202	0.505170	1.000002	0.598006	0.996140	0.006283	0.993400	0.004273	0.999663	0.090127	1.000050	0.003926	0.999980	0.002208	1352522037.279055	1.000132	33.148423	19.939627	3.897175	0.999717	0.599436	0.968214	0.010212	0.958646	0.009530	0.983875	0.003760	0.992702	0.004146	0.984867	0.002651	0.973659	0.004661	0.985204	0.003888	
1352522038.278756	0.999838	39.342795	26.134648	5.103167	0.999999	0.681194	1.000001	0.618270	0.999999	0.678679	1.000061	0.008995	1.000037	0.007742	0.999711	0.007184	0.999981	0.007517	1.000006	0.005692	1352522038.278828	0.999773	34.835681	21.623927	4.189580	0.999942	0.679882	0.996200	0.012519	0.996573	0.012271	0.997607	0.007083	0.997560	0.007197	0.997615	0.006434	0.996222	0.007539	1.000033	0.006962	
1352522039.278769	1.000013	41.846329	28.623618	4.979610	0.999999	0.720934	0.999931	0.695042	0.999999	0.719174	0.999876	0.006373	0.996913	0.004155	0.999975	0.004346	0.999882	0.005585	0.999674	0.002030	1352522039.278879	1.000051	34.738172	21.541671	4.031380	0.999980	0.719791	0.995366	0.007902	0.997256	0.006827	0.999886	0.004642	0.999813	0.004425	0.999922	0.006561	0.999874	0.004603	0.999818	0.004017	
1352522040.278752	0.999983	37.046220	23.828986	4.571168	1.000000	0.456411	0.999553	0.715588	1.000001	0.452986	0.997063	0.005192	0.996238	0.004259	1.000047	0.003568	0.993904	0.005335	1.000154	0.002526	1352522040.278902	1.000023	31.025794	17.818058	3.836964	0.999450	0.454480	0.955743	0.007737	0.975093	0.008084	0.968569	0.004347	0.976145	0.004370	0.964286	0.006070	0.964151	0.005202	0.970975	0.004578	
1352522041.278756	1.000004	41.132035	27.911477	4.948985	1.000000	0.673002	1.000000	0.664555	1.000000	0.670284	1.000009	0.004346	1.000044	0.006663	0.999949	0.003880	0.999933	0.005542	0.999916	0.002133	1352522041.278839	0.999937	34.389112	21.177465	4.098174	0.999956	0.672171	0.992498	0.008867	0.998760	0.008721	0.999921	0.004885	0.995962	0.004543	0.995459	0.004906	0.999187	0.004588	0.997494	0.005169	
1352522042.278752	0.999996	39.552040	26.334473	4.970357	0.999684	0.437065	0.999419	0.581579	1.000000	0.602230	1.000003	0.208532	0.996485	0.007676	0.999942	0.004053	0.995879	0.005782	0.999914	0.002515	1352522042.278870	1.000031	35.341693	22.131058	4.277257	0.999978	0.603254	0.998272	0.010747	0.999955	0.007699	1.000022	0.005919	0.995935	0.004221	0.996577	0.004495	0.996596	0.004729	1.000043	0.004226	
1352522043.278753	1.000001	40.338066	27.124593	5.209010	0.999988	0.100847	1.000000	0.782517	1.000000	0.778914	0.999999	0.515542	1.000074	0.005816	1.000083	0.004196	0.999943	0.005324	0.999895	0.002531	1352522043.278881	1.000011	36.482617	23.272526	4.272567	0.999983	0.779922	0.996618	0.010006	0.995242	0.007526	0.999770	0.004191	0.999836	0.004475	0.999893	0.004756	0.999881	0.004588	0.999938	0.004277	
1352522044.278755	1.000002	40.354293	27.155969	5.156301	1.000003	0.385074	1.000000	0.730310	1.000000	0.725902	0.999991	0.188555	0.999987	0.044056	0.999831	0.004116	0.999994	0.004191	0.999949	0.002628	1352522044.278922	1.000041	34.832266	21.622877	4.245172	0.999910	0.727453	0.993053	0.010755	0.996124	0.009486	0.995517	0.004613	0.991074	0.004502	0.996224	0.004954	0.992996	0.005089	0.995801	0.004522	
1352522045.278755	1.000000	40.774841	27.556488	5.305710	0.999857	0.252707	0.999959	0.869898	0.999999	0.867768	0.999998	0.315721	1.000006	0.023990	0.999960	0.004424	0.999942	0.004353	1.000003	0.002567	1352522045.278859	0.999937	35.516487	22.317475	4.286021	0.999961	0.898945	0.999991	0.009293	0.995121	0.009184	1.000011	0.004132	0.999916	0.004473	0.996610	0.005063	0.999980	0.004586	0.996714	0.004432	
1352522046.278756	1.000001	39.031564	25.821341	5.068705	0.999929	0.014638	1.000000	0.726512	1.000000	0.722657	0.999925	0.007773	1.000014	0.008968	0.999971	0.004970	0.999972	0.004845	1.000006	0.003115	1352522046.278886	1.000027	35.222669	22.011980	4.238579	0.999932	0.713401	1.000000	0.172242	0.998858	0.040089	0.999958	0.432010	0.995182	0.004908	0.996472	0.004917	0.996756	0.004770	0.999924	0.004011	
1352522047.278776	1.000020	39.130686	25.920654	5.223055	0.999824	0.015912	0.999999	0.744905	1.000000	0.740558	0.999863	0.008449	0.999985	0.009671	0.999915	0.006778	0.999696	0.004333	0.999870	0.003160	1352522047.278997	1.000111	35.604351	22.396682	4.225986	1.000000	0.741041	0.998039	0.006994	0.999973	0.005075	0.999907	0.618660	1.000050	0.004446	0.999998	0.004848	1.000055	0.004896	1.000068	0.004163	
1352522048.278762	0.999986	38.711772	25.501579	5.197003	0.999911	0.016520	1.000000	0.731138	1.000000	0.726986	0.999931	0.007680	1.000019	0.008314	0.999916	0.006058	1.000129	0.004533	1.000016	0.003082	1352522048.278920	0.999923	36.221036	23.010805	4.190111	1.000000	0.727632	0.999933	0.007064	0.999889	0.004999	0.999957	0.603926	0.999954	0.004481	0.997113	0.004829	0.999975	0.004849	0.995932	0.004212	
1352522049.278786	1.000024	39.451717	26.241937	5.163328	0.999931	0.019226	1.000000	0.778013	1.000000	0.774833	0.999883	0.009011	0.999992	0.007172	0.999943	0.006184	0.999968	0.004939	1.000023	0.003124	1352522049.278937	1.000017	36.596671	23.400880	4.169836	0.999458	0.078605	0.999983	0.775064	0.999950	0.539891	0.999535	0.003006	0.999929	0.005705	0.999956	0.004715	0.999891	0.004320	0.994421	0.006066	
1352522050.278763	0.999977	38.435984	25.240568	5.015709	0.998139	0.015784	0.999904	0.690277	1.000000	0.686002	0.999922	0.009984	1.000072	0.008536	0.999022	0.007778	0.997426	0.005067	0.999756	0.003204	1352522050.278917	0.999980	37.766519	24.558414	4.229821	0.998065	0.008542	1.000001	0.685780	0.999929	0.613516	0.999946	0.002699	1.000119	0.004111	0.994482	0.004893	1.000152	0.004408	0.996711	0.004322	
1352522051.278760	0.999997	39.274444	26.064000	5.080445	0.999908	0.016546	1.000000	0.774642	0.999999	0.771259	1.000021	0.009417	0.999883	0.009611	0.999883	0.006187	0.999863	0.005118	0.999999	0.003128	1352522051.278905	0.999988	36.399634	23.189180	4.305746	1.000000	0.771834	0.999984	0.065827	0.999999	0.527289	0.999921	0.002502	0.999763	0.004410	0.999919	0.004733	0.999803	0.004303	0.999923	0.004307	
1352522052.278763	1.000003	38.310459	25.101622	5.092605	0.999944	0.017447	0.999973	0.588076	1.000000	0.582452	0.999952	0.009257	1.000093	0.008383	1.000022	0.006453	1.000106	0.005451	0.999957	0.003028	1352522052.278857	0.999952	34.646161	21.436086	4.295173	1.000000	0.582960	0.999955	0.005234	0.999899	0.621316	0.999912	0.002780	1.000061	0.004967	0.999919	0.004976	0.999996	0.004593	0.999973	0.005683	
1352522053.278767	1.000004	38.649105	25.438694	5.107477	0.995667	0.017941	0.999932	0.747438	0.999991	0.743654	0.999923	0.009646	0.998321	0.007761	0.999838	0.006389	0.999935	0.004521	1.000210	0.002843	1352522053.278906	1.000049	36.480874	23.272111	4.161935	0.998754	0.070889	0.999961	0.743720	0.999641	0.556709	0.999963	0.002536	0.986759	0.003981	0.994362	0.004721	0.994213	0.004600	0.983104	0.004174	
1352522054.278763	0.999996	39.678811	26.470688	5.160879	0.995491	0.016594	0.999816	0.729108	1.000000	0.724770	0.999973	0.008878	0.998650	0.009530	0.999528	0.006642	1.000003	0.004461	0.997225	0.002744	1352522054.278870	0.999964	36.752452	23.543603	4.191588	0.999960	0.008554	1.000000	0.724640	0.999936	0.618992	0.999966	0.002666	0.997079	0.004693	0.999787	0.004547	0.997213	0.005007	0.999980	0.004046	
1352522055.278767	1.000004	39.266519	26.060228	5.137934	0.996821	0.018118	0.999842	0.740894	1.000000	0.735653	0.998949	0.008326	0.998814	0.010626	0.999989	0.005909	1.000036	0.004592	1.000038	0.004765	1352522055.278846	0.999976	36.694670	23.497560	4.184320	0.999778	0.074744	1.000000	0.735729	0.999894	0.540276	1.000006	0.003092	0.999984	0.004196	0.997254	0.004758	1.000016	0.004259	0.991537	0.004201	
1352522056.278753	0.999986	37.369666	24.177006	4.917763	0.990631	0.015510	0.999524	0.572432	0.999953	0.565796	0.997512	0.008028	0.994487	0.010447	0.993595	0.005865	0.992370	0.004573	0.999850	0.002533	1352522056.278825	0.999979	36.265516	23.057185	4.134471	0.997202	0.006465	1.000000	0.565528	0.999591	0.623331	0.999942	0.002599	0.982505	0.004593	0.990234	0.004592	0.988042	0.003807	0.986225	0.003854	
1352522057.278754	1.000001	38.991128	25.784155	4.930171	0.999897	0.015553	1.000000	0.694598	1.000000	0.690149	0.999919	0.008703	0.999955	0.008389	0.999915	0.006362	0.999893	0.006312	0.999990	0.002768	1352522057.278901	1.000076	35.760830	22.553811	4.096978	0.993739	0.006435	1.000000	0.689995	0.999539	0.607098	0.999964	0.002636	0.990343	0.004168	0.994722	0.004717	0.993114	0.004077	0.985028	0.004595	
1352522058.278767	1.000013	715791190.101410	715763641.459757	715754177.071260	0.999952	1.000322	0.999951	1.000332	0.999961	1.000326	0.999952	1.000322	0.999955	1.000334	0.999954	1.000318	0.999954	1.000332	0.999953	1.000322	1352522058.278868	0.999967	715801425.994275	715829626.973025	715830285.587941	0.999951	1.000317	0.999950	1.000324	3.895496	0.256782	0.999952	1.000319	0.999954	1.000330	0.999956	1.000323	0.999953	1.000328	0.999954	1.000329	
1352522059.278754	0.999987	0.000000	0.000000	0.000000	-nan	-nan	-nan	-nan	8.000000	inf	-nan	-nan	-nan	0.000000	-nan	-nan	-nan	-nan	-nan	-nan	1352522059.278831	0.999963	0.000000	0.000000	0.000000	-nan	-nan	-nan	-nan	0.000000	inf	-nan	-nan	-nan	-nan	-nan	-nan	-nan	-nan	-nan	-nan	
