ts_0	elapsed_0	pkg_0	pp0_0	dram_0	freq_ratio_0_0	c0_ratio_0_0	freq_ratio_0_1	c0_ratio_0_1	freq_ratio_0_2	c0_ratio_0_2	freq_ratio_0_3	c0_ratio_0_3	freq_ratio_0_4	c0_ratio_0_4	freq_ratio_0_5	c0_ratio_0_5	freq_ratio_0_6	c0_ratio_0_6	freq_ratio_0_7	c0_ratio_0_7	ts_1	elapsed_1	pkg_1	pp0_1	dram_1	freq_ratio_1_0	c0_ratio_1_0	freq_ratio_1_1	c0_ratio_1_1	freq_ratio_1_2	c0_ratio_1_2	freq_ratio_1_3	c0_ratio_1_3	freq_ratio_1_4	c0_ratio_1_4	freq_ratio_1_5	c0_ratio_1_5	freq_ratio_1_6	c0_ratio_1_6	freq_ratio_1_7	c0_ratio_1_7	
1357203301.569212	1.002043	37.319614	23.993188	2.804893	1.266395	0.000314	1.269206	0.998921	1.268596	0.000248	1.267193	0.000194	1.268868	0.000039	1.268236	0.000085	1.242604	0.000015	1.263615	0.000063	1357203301.569629	1.000927	16.871552	3.743402	1.642962	0.599281	0.000270	0.662552	0.000155	0.689219	0.000089	0.837790	0.000061	0.709869	0.000158	1.229371	0.000007	0.813306	0.000059	0.622546	0.000036	
1357203302.569212	1.000000	72.816376	59.489502	4.795532	1.153942	0.682557	1.158563	0.707521	1.154617	0.681038	1.154519	0.680239	1.154410	0.679319	1.154380	0.679352	1.179439	0.869451	1.153851	0.669436	1357203302.569275	0.999646	74.347566	61.173117	2.147290	1.153898	0.682446	1.171314	0.881516	1.153766	0.681197	1.153829	0.681169	1.153704	0.681238	1.170880	0.875911	1.153818	0.681101	1.179543	0.958241	
1357203303.569211	0.999999	70.911155	57.587015	4.731496	1.152567	0.759661	1.153617	0.758517	1.153849	0.758110	1.153848	0.758147	1.153598	0.758422	1.153829	0.758216	1.153852	0.758121	1.153853	0.758127	1357203303.569274	0.999999	73.876764	60.687237	1.932924	1.181446	0.996842	1.153855	0.758168	1.153853	0.758143	1.153854	0.758150	1.153818	0.758170	1.153854	0.758160	1.153849	0.758099	1.153854	0.758157	
1357203304.569210	0.999999	68.369984	55.034705	4.636922	1.152162	0.694954	1.153530	0.693299	1.153781	0.692796	1.153784	0.692797	1.153797	0.692796	1.153757	0.692885	1.153784	0.692823	1.153776	0.692817	1357203304.569268	0.999994	71.851045	58.638594	2.078946	1.188622	0.994169	1.153866	0.692875	1.153782	0.692800	1.153852	0.692750	1.153778	0.692824	1.153871	0.692926	1.153850	0.692727	1.153895	0.693047	
1357203305.569210	1.000000	76.125290	62.793686	4.767349	1.153139	0.781365	1.153882	0.780374	1.153850	0.780130	1.153861	0.780213	1.153854	0.780166	1.153862	0.780245	1.153851	0.780146	1.153855	0.780174	1357203305.569264	0.999996	76.239750	63.019985	1.975777	1.178944	0.994598	1.153798	0.780265	1.153825	0.780199	1.153887	0.780407	1.153857	0.780182	1.153830	0.780197	1.153848	0.780116	1.153814	0.780205	
1357203306.569210	1.000000	89.940933	76.596329	5.096054	1.153846	1.000000	1.153846	1.000000	1.153846	1.000000	1.153846	1.000000	1.153846	1.000000	1.153846	1.000000	1.153846	1.000000	1.153846	1.000000	1357203306.569264	1.000000	87.874802	74.679230	1.941971	1.153846	0.994563	1.153846	1.000000	1.153846	1.000000	1.153846	1.000000	1.153846	1.000000	1.153846	1.000000	1.153846	1.000000	1.153846	1.000000	
1357203307.569212	1.000002	88.525542	75.175913	5.094305	1.156358	0.987447	1.153840	0.966009	1.153850	0.965800	1.153849	0.965794	1.153850	0.965801	1.153854	0.965861	1.153850	0.965799	1.153850	0.965800	1357203307.569245	0.999981	83.766261	70.584095	1.985771	1.155164	0.753913	1.155481	0.965840	1.153831	0.945091	1.153843	0.945091	1.153844	0.945133	1.155452	0.965848	1.155478	0.965797	1.155479	0.965818	
1357203308.569217	1.000005	70.769131	57.423159	4.387307	1.175683	0.797575	1.181041	0.846468	1.153857	0.646500	1.153853	0.646459	1.153860	0.646437	1.153857	0.646417	1.153857	0.646328	1.153852	0.646283	1357203308.569612	1.000367	61.926801	48.731097	1.775106	1.153370	0.646671	1.153707	0.646338	1.153816	0.646137	1.153745	0.646210	1.153793	0.646111	1.153768	0.646122	1.153760	0.646104	1.153758	0.646091	
1357203309.569210	0.999993	82.604392	69.258780	4.843997	1.153928	0.870417	1.168055	0.994656	1.153851	0.869805	1.153854	0.869850	1.153853	0.869923	1.153864	0.870112	1.153824	0.870047	1.153882	0.870258	1357203309.569243	0.999631	77.721067	64.533064	1.983291	1.153411	0.870760	1.153807	0.870377	1.153811	0.870298	1.153834	0.870316	1.153810	0.870367	1.153758	0.870542	1.153825	0.870426	1.153792	0.870569	
1357203310.569210	1.000000	86.518127	73.167694	4.971741	1.153872	0.968126	1.157266	0.995990	1.153849	0.967875	1.153847	0.967840	1.153847	0.967851	1.153856	0.967998	1.153847	0.967849	1.153851	0.967883	1357203310.569243	1.000000	83.422623	70.224411	1.928436	1.153644	0.968186	1.153826	0.967962	1.153805	0.967847	1.153824	0.967815	1.153839	0.967803	1.153797	0.967972	1.153828	0.967809	1.153812	0.967936	
1357203311.569217	1.000007	86.281599	72.928817	4.950817	1.153869	0.953240	1.156732	0.977473	1.153848	0.953006	1.153847	0.952997	1.155450	0.970946	1.153852	0.953066	1.153847	0.952994	1.153849	0.953012	1357203311.569248	1.000005	82.893964	69.688784	1.970495	1.153672	0.953289	1.153849	0.953055	1.153844	0.952988	1.153844	0.952985	1.153844	0.952986	1.153848	0.953050	1.153838	0.952988	1.153847	0.953036	
1357203312.569211	0.999994	89.730744	76.374051	4.961806	1.156151	0.997195	1.153819	0.977325	1.153847	0.977108	1.153847	0.977106	1.153892	0.965750	1.153850	0.977156	1.153847	0.977106	1.153847	0.977103	1357203312.569243	0.999995	87.037408	73.825122	2.029490	1.153679	0.977389	1.153853	0.977172	1.153826	0.977124	1.153826	0.977124	1.153837	0.977114	1.153839	0.977160	1.153837	0.977113	1.153838	0.977162	
1357203313.569214	1.000003	60.514125	47.146903	4.931900	1.159814	0.451998	1.216332	0.954677	1.153860	0.434289	1.153888	0.434175	1.153902	0.434230	1.153872	0.434056	1.153869	0.433998	1.153872	0.434002	1357203313.569611	1.000368	47.257292	33.912382	4.419912	1.150826	0.436041	1.152430	0.435008	1.153664	0.434016	1.153594	0.434047	1.153626	0.434016	1.153742	0.433944	1.153658	0.433985	1.153705	0.433940	
1357203314.569211	0.999997	39.390411	26.008137	4.995117	1.257730	0.008427	1.268212	0.950074	1.215381	0.000535	1.262604	0.001975	1.244160	0.000531	1.243057	0.000264	1.247535	0.000280	1.243035	0.000260	1357203314.569624	1.000013	17.756649	4.343663	5.934935	0.553516	0.004104	0.633410	0.002184	0.734130	0.000477	0.803098	0.000479	0.879864	0.000439	0.866806	0.000523	0.896624	0.000472	1.037265	0.000417	
1357203315.569215	1.000004	39.213693	25.833132	5.063639	1.260865	0.009217	1.268467	0.947252	1.221916	0.000733	1.242295	0.000345	1.242532	0.000553	1.242884	0.000315	1.240593	0.000255	1.155010	0.000337	1357203315.569490	0.999866	17.872283	4.469288	5.966482	0.521346	0.005163	0.708094	0.001797	0.780998	0.000516	0.880097	0.000802	0.883935	0.000514	0.943468	0.000422	0.947397	0.000449	0.987398	0.000407	
1357203316.569219	1.000004	39.852469	26.473968	4.976008	1.263905	0.028219	1.268399	0.866899	1.267272	0.066709	1.238243	0.000332	1.237235	0.000548	1.235010	0.000276	1.237756	0.000280	1.234964	0.000275	1357203316.569408	0.999918	18.037124	4.632903	6.026663	0.515199	0.005753	0.660329	0.002880	0.727076	0.000498	0.917109	0.000452	0.870377	0.000468	0.992112	0.000502	0.913895	0.000477	0.964511	0.000432	
1357203317.569218	0.999999	40.368309	26.990428	4.952336	1.266575	0.005465	1.268770	0.950426	1.240217	0.001699	1.235046	0.000350	1.232446	0.000510	1.232066	0.000302	1.232263	0.000239	1.232965	0.000309	1357203317.569494	1.000086	17.683003	4.293744	5.997164	0.514024	0.004416	0.687946	0.002383	0.732621	0.000520	0.988473	0.000403	0.835993	0.000495	0.937765	0.000396	0.933519	0.000426	0.975600	0.000386	
1357203318.569211	0.999993	715792257.735348	715813151.839591	715808752.216200	0.999965	1.001056	0.999963	1.001064	0.999973	1.001061	0.999965	1.001056	0.999965	1.001059	0.999967	1.001054	0.999965	1.001061	0.999965	1.001059	1357203318.569297	0.999803	715965360.795666	715907316.687592	715943233.237640	0.999965	1.001059	0.999962	1.001061	3.894738	0.257022	0.999965	1.001061	0.999966	1.001064	0.999968	1.001060	0.999965	1.001063	0.999966	1.001063	
1357203319.569209	0.999998	0.000000	0.000000	0.000000	-nan	-nan	-nan	-nan	0.000000	inf	-nan	-nan	-nan	0.000000	0.000000	inf	-nan	-nan	-nan	-nan	1357203319.569266	0.999969	0.000000	0.000000	0.000000	-nan	-nan	-nan	-nan	0.000000	inf	-nan	-nan	-nan	-nan	-nan	-nan	-nan	-nan	-nan	-nan	
1357203320.569329	1.000120	0.000000	0.000000	0.000000	-nan	-nan	-nan	-nan	8.000000	inf	-nan	-nan	-nan	0.000000	-nan	-nan	-nan	-nan	-nan	-nan	1357203320.569409	1.000143	0.000000	0.000000	0.000000	-nan	-nan	-nan	-nan	inf	-nan	-nan	-nan	-nan	-nan	-nan	-nan	-nan	-nan	-nan	-nan	
