ts_0	elapsed_0	pkg_0	pp0_0	dram_0	freq_ratio_0_0	c0_ratio_0_0	freq_ratio_0_1	c0_ratio_0_1	freq_ratio_0_2	c0_ratio_0_2	freq_ratio_0_3	c0_ratio_0_3	freq_ratio_0_4	c0_ratio_0_4	freq_ratio_0_5	c0_ratio_0_5	freq_ratio_0_6	c0_ratio_0_6	freq_ratio_0_7	c0_ratio_0_7	ts_1	elapsed_1	pkg_1	pp0_1	dram_1	freq_ratio_1_0	c0_ratio_1_0	freq_ratio_1_1	c0_ratio_1_1	freq_ratio_1_2	c0_ratio_1_2	freq_ratio_1_3	c0_ratio_1_3	freq_ratio_1_4	c0_ratio_1_4	freq_ratio_1_5	c0_ratio_1_5	freq_ratio_1_6	c0_ratio_1_6	freq_ratio_1_7	c0_ratio_1_7	
1356746390.654153	0.089623	37.503504	24.182216	3.207610	1.153524	0.652917	1.153680	0.656036	1.153617	0.653877	1.153703	0.653751	1.153701	0.653411	1.153751	0.653629	1.153735	0.653023	1.153749	0.653062	1356746390.654567	0.088768	22.122733	8.989772	1.893253	0.785956	0.002180	0.876785	0.000881	0.869360	0.001083	0.794140	0.000743	0.836349	0.001511	1.267388	0.000271	0.746120	0.000448	1.013096	0.000944	
1356746390.656375	0.002222	32.412017	20.278112	2.430901	1.261550	0.394623	0.752021	0.051670	1.240660	0.010016	1.244415	0.006675	1.265490	0.002637	1.269063	0.002558	1.269143	0.009790	1.269290	0.008752	1356746390.656784	0.002217	31.748790	13.840628	2.147328	0.460481	0.012694	1.262624	0.003154	1.256727	0.003184	1.219361	0.003295	0.761328	0.004658	0.634387	0.014763	0.600178	0.018593	0.641889	0.014835	
1356746390.686989	0.030614	38.235818	24.631756	2.933242	1.268994	0.943001	0.916981	0.011919	1.249855	0.000195	1.236016	0.000663	1.260774	0.000634	1.264475	0.000676	1.242737	0.000165	1.247784	0.000189	1356746390.687201	0.030417	17.436486	4.367399	2.163132	0.478564	0.004715	0.599979	0.001316	0.670720	0.002504	0.647714	0.001053	1.267210	0.000242	0.564292	0.000568	1.303728	0.000234	1.296476	0.000234	
1356746415.128045	24.441056	57.900201	44.098832	6.447235	1.230261	0.941141	1.230641	0.292843	1.230343	0.941010	1.230340	0.938342	1.178363	0.000680	1.161301	0.000172	1.166517	0.000143	1.153396	0.000324	1356746415.128495	24.441294	53.904289	40.367183	4.831286	1.242669	0.941164	1.230747	0.649371	1.226457	0.002032	1.198041	0.000313	1.175659	0.000207	1.172626	0.000130	1.173642	0.000126	1.244221	0.999759	
1356746415.244937	0.116892	19.414434	6.030827	5.187817	0.527014	0.016250	0.636363	0.001177	1.270905	0.000055	1.194740	0.000059	1.269634	0.000270	1.271739	0.000128	1.270179	0.000055	0.939239	0.000710	1356746415.245262	0.116767	37.350713	24.066449	3.923848	1.268434	0.000092	1.269777	0.000048	1.269347	0.000048	1.268111	0.000167	1.267930	0.000049	1.278170	0.000048	0.743171	0.000440	1.268685	0.987954	
1356746415.385912	0.140975	18.278617	4.889415	4.899589	0.541046	0.017286	0.635209	0.001259	1.269980	0.000046	0.744332	0.000069	0.673569	0.000713	1.267740	0.000046	0.625751	0.000223	0.554850	0.000397	1356746415.386219	0.140957	37.413484	24.149238	3.608232	1.269034	0.000075	1.269156	0.000039	1.258122	0.000223	0.631324	0.000326	1.268296	0.000194	0.619948	0.000328	1.269993	0.000040	1.268974	0.992529	
1356746415.492555	0.106643	19.796527	6.400959	5.076011	0.574923	0.015818	0.581783	0.001530	1.267637	0.000061	0.786526	0.000098	1.267222	0.000296	1.268791	0.000143	1.268219	0.000060	1.269230	0.000421	1356746415.492788	0.106569	37.432547	24.125481	3.800341	1.268932	0.000100	1.269583	0.000052	1.268803	0.000052	1.268996	0.000137	1.272715	0.000053	1.268920	0.000052	0.819698	0.000570	1.268884	0.990328	
1356746415.599310	0.106755	18.986044	5.593245	5.072826	0.502999	0.014636	0.659480	0.001521	0.572178	0.000246	0.927745	0.000164	0.655049	0.001097	1.269251	0.000122	0.573948	0.000430	0.708438	0.000194	1356746415.599696	0.106908	37.256605	23.987743	3.867646	1.269506	0.000271	1.269086	0.000104	1.262243	0.000476	0.762300	0.000528	1.269010	0.000106	0.657956	0.000466	1.267881	0.000104	1.268841	0.982687	
1356746415.695160	0.095850	22.433526	8.919189	5.126858	0.611821	0.020298	0.738886	0.001235	0.698265	0.000103	0.655005	0.000125	1.258142	0.000335	1.270166	0.000157	1.270124	0.000068	1.166231	0.000484	1356746415.695440	0.095744	37.641012	24.213378	4.141252	1.260177	0.000123	1.268037	0.000059	1.269210	0.000059	1.268994	0.000149	1.269056	0.000059	1.269102	0.000059	0.693337	0.000561	1.268876	0.987655	
1356746415.805416	0.110256	20.971986	7.635072	5.276280	0.573216	0.016628	0.687071	0.001327	1.267118	0.000059	1.266893	0.000059	0.730728	0.001169	1.268339	0.000060	0.618987	0.000302	1.269754	0.000058	1356746415.805764	0.110324	37.221856	24.004080	3.809860	1.279815	0.000098	1.269965	0.000051	1.257866	0.000276	1.256711	0.000224	1.269346	0.000051	0.605178	0.000424	1.273770	0.000050	1.268911	0.989528	
1356746415.910748	0.105332	19.388004	5.952602	5.185693	0.536731	0.019027	0.653753	0.001346	0.727545	0.000106	0.726392	0.000105	0.739390	0.000718	1.080749	0.000297	0.728375	0.000108	0.618024	0.001516	1356746415.911103	0.105339	37.506337	24.169769	4.161512	1.268474	0.000154	1.267601	0.000053	1.269410	0.000053	1.269520	0.000140	1.268894	0.000054	0.595316	0.000377	0.880171	0.000655	1.268679	0.989579	
1356746416.021900	0.111152	24.125627	10.665729	5.099079	0.655529	0.013731	0.718417	0.003596	0.704436	0.000084	0.693245	0.000089	1.108575	0.001878	1.219553	0.001221	1.094781	0.000286	0.726507	0.000606	1356746416.022216	0.111113	37.557611	24.197235	3.916282	1.269801	0.000095	1.271106	0.000050	0.895792	0.000745	1.254331	0.000778	1.260638	0.000061	1.272438	0.000140	0.737638	0.000991	1.269013	0.986199	
1356746416.120340	0.098440	21.978934	8.551066	4.996311	0.563358	0.014988	0.693125	0.003393	1.271587	0.000066	0.683579	0.000128	1.047441	0.001233	1.254573	0.000249	0.999702	0.000197	1.260356	0.001600	1356746416.120704	0.098488	37.473300	24.151154	3.711045	1.268920	0.000108	1.270049	0.000056	1.264240	0.000653	1.263239	0.000602	1.280327	0.000058	1.268235	0.000235	0.794103	0.000660	1.268858	0.987222	
1356746416.220956	0.100616	22.144024	8.741321	5.132114	0.584419	0.019711	0.511824	0.001660	0.723542	0.000112	0.669674	0.000115	0.785204	0.000408	1.270664	0.000064	1.269447	0.000156	0.722563	0.000103	1356746416.221310	0.100606	37.331614	24.020248	4.154816	1.268761	0.000105	1.269083	0.000056	0.777243	0.000652	1.245096	0.000146	1.267598	0.000057	0.616064	0.000413	1.263125	0.000056	1.268809	0.985716	
1356746416.312074	0.091118	18.966374	5.641449	5.174398	0.529075	0.017838	0.584629	0.001610	0.705237	0.000102	1.268191	0.000071	0.729294	0.000635	1.268882	0.000165	1.268069	0.000071	0.824982	0.001405	1356746416.312545	0.091235	37.472079	24.121568	4.241725	1.270900	0.000116	1.267816	0.000062	1.501397	0.000064	1.242901	0.000189	1.270090	0.000063	1.263789	0.000063	0.786767	0.000575	1.268844	0.987512	
1356746416.416901	0.104827	21.333819	7.827000	5.024354	0.549075	0.016515	0.549006	0.001499	0.769678	0.000160	0.772436	0.000161	1.269520	0.000262	1.271001	0.000061	1.268780	0.000146	1.270090	0.000062	1356746416.417367	0.104822	37.368937	24.090598	4.071847	1.268739	0.000136	1.267395	0.000101	0.773163	0.000616	1.245949	0.000140	1.269112	0.000287	1.270788	0.000200	1.265515	0.000054	1.269160	0.989452	
1356746416.530292	0.113391	20.912405	7.585463	5.241962	0.513990	0.014355	0.590586	0.001311	1.269923	0.000057	1.143066	0.000063	0.702165	0.000527	1.160765	0.000147	1.270042	0.000057	1.269672	0.000376	1356746416.530615	0.113248	37.502081	24.171807	3.685345	1.267470	0.000094	1.273876	0.000049	1.263386	0.000049	1.269451	0.000127	1.269952	0.000050	1.264991	0.000049	0.761762	0.000478	1.268927	0.990905	
1356746416.621948	0.091656	21.068576	7.551152	5.143700	0.567022	0.022482	0.625281	0.001854	0.968475	0.000185	1.337924	0.000142	0.858184	0.000522	1.415929	0.000133	1.269256	0.000242	1.265176	0.000139	1356746416.622414	0.091799	37.298663	24.009745	4.105456	1.269844	0.000232	1.127934	0.000138	0.802215	0.000754	1.251846	0.000221	1.267866	0.000124	0.725196	0.000559	1.288577	0.000347	1.268731	0.986753	
1356746416.706182	0.084234	28.729470	15.692819	4.887544	0.956153	0.008268	1.268754	0.000840	1.273778	0.000077	1.271744	0.000076	1.258066	0.000398	1.247040	0.000183	1.249986	0.000082	1.237082	0.000521	1356746416.706608	0.084194	37.457765	24.097753	4.179433	1.267010	0.000127	1.631451	0.000058	1.269443	0.000066	1.245737	0.000173	1.271130	0.000067	1.264346	0.000067	1.266078	0.000368	1.268794	0.982817	
1356746416.792684	0.086502	30.038102	16.216087	5.047980	0.951032	0.008927	1.269342	0.000830	1.242764	0.000076	1.265698	0.000075	1.269651	0.000300	1.271679	0.000075	1.278336	0.000178	1.270808	0.000074	1356746416.793113	0.086505	37.429526	24.111568	3.660666	1.269595	0.000122	1.269417	0.000064	1.269224	0.000446	1.269658	0.000164	1.267834	0.000066	1.270454	0.000252	1.269540	0.000065	1.269162	0.984872	
1356746416.906777	0.114093	27.274236	13.919911	4.650001	0.742334	0.007615	0.629217	0.001284	1.291898	0.000057	1.270716	0.000056	1.287197	0.000289	1.269567	0.000136	1.245464	0.000058	0.910882	0.001164	1356746416.907214	0.114101	37.301216	24.062419	3.144141	1.268768	0.000093	1.267850	0.000049	1.268910	0.000049	1.244943	0.000128	1.261460	0.000058	1.269824	0.000050	1.266811	0.000272	1.268915	0.987525	
1356746417.012829	0.106052	29.716906	16.247690	5.050489	0.954010	0.006810	1.269150	0.000681	1.270074	0.000061	1.271394	0.000060	1.269332	0.000318	1.270731	0.000061	1.257141	0.000147	1.240426	0.000062	1356746417.013257	0.106043	37.525681	24.158947	3.650548	1.269530	0.000099	1.270612	0.000052	0.790154	0.000576	1.243951	0.000147	1.278139	0.000054	0.579984	0.000418	1.269426	0.000054	1.268905	0.985866	
1356746417.118901	0.106072	25.983340	12.635346	4.965237	0.757099	0.014392	1.138258	0.004632	1.254010	0.000561	1.263164	0.000414	0.939549	0.000948	1.268678	0.000440	1.268342	0.000364	1.271055	0.000870	1356746417.119165	0.105908	37.389019	24.125382	3.702753	1.260328	0.000674	1.256541	0.000417	1.256608	0.000405	1.246015	0.000205	1.269365	0.000321	1.267410	0.000568	0.937826	0.000820	1.268582	0.987426	
1356746417.225765	0.106864	18.924707	5.558699	5.023676	0.543745	0.014873	0.581848	0.002855	1.270082	0.000061	1.267093	0.000060	0.735566	0.000459	1.269558	0.000061	1.269152	0.000143	0.684751	0.000429	1356746417.226075	0.106910	37.624030	24.238084	4.036422	1.270182	0.000100	1.268827	0.000053	1.267537	0.000356	1.239639	0.000221	1.270847	0.000054	1.273330	0.000195	0.626028	0.000445	1.269161	0.987555	
1356746417.325423	0.099658	21.207323	7.678389	5.131532	0.541160	0.018260	0.660932	0.001298	1.269562	0.000257	0.772798	0.000107	0.806493	0.000657	0.632130	0.000304	1.262526	0.000065	0.802316	0.000878	1356746417.325654	0.099579	37.446585	24.141989	4.113536	1.267862	0.000107	1.269310	0.000056	1.268923	0.000056	1.270226	0.000056	1.266941	0.000057	1.269099	0.000252	1.271853	0.000156	1.269172	0.986765	
1356746417.432997	0.107574	19.397675	5.994211	5.311655	0.529402	0.016479	0.649287	0.001273	1.270349	0.000060	1.269386	0.000060	1.268971	0.000155	1.265306	0.000060	0.636564	0.000274	1.279952	0.000059	1356746417.433265	0.107611	37.439928	24.137205	3.949866	1.269274	0.000099	1.268822	0.000052	1.264413	0.000375	1.238775	0.000250	1.269249	0.000425	1.275383	0.000053	0.628035	0.000424	1.269161	0.987638	
1356746417.541063	0.108066	21.030274	7.683891	5.099955	0.597622	0.025423	0.770283	0.001032	1.075089	0.000278	0.727045	0.000103	0.839048	0.000582	1.270867	0.000138	1.282480	0.000059	0.759828	0.000548	1356746417.541423	0.108158	37.178993	23.952880	4.046274	1.271538	0.000098	1.269207	0.000052	1.268824	0.000052	1.274685	0.000052	1.268012	0.000053	1.269501	0.000231	0.577152	0.000367	1.268965	0.989227	
1356746417.641617	0.100554	18.636532	5.219194	5.333915	0.492972	0.016308	0.564011	0.001707	0.553086	0.000237	0.552227	0.000241	0.751084	0.000390	1.267128	0.000127	1.265781	0.000212	1.267409	0.000127	1356746417.642078	0.100655	37.318856	24.025961	4.007712	1.269096	0.000212	1.269173	0.000113	0.828802	0.000703	1.245423	0.000290	1.269426	0.000112	1.266015	0.000122	1.260211	0.000305	1.269094	0.985649	
1356746417.744036	0.102419	18.441999	5.034769	4.948358	0.482547	0.015603	0.515739	0.001614	1.269699	0.000246	1.270191	0.000063	0.897129	0.000556	1.271053	0.000146	1.251976	0.000064	1.269943	0.000371	1356746417.744325	0.102247	37.486983	24.136009	4.062613	1.268495	0.000103	1.268244	0.000054	1.261146	0.000065	1.266881	0.000055	1.268962	0.000056	0.588589	0.000547	0.583190	0.000374	1.269029	0.986664	
1356746417.844412	0.100376	20.560076	7.141430	5.046491	0.507997	0.017143	0.551717	0.001577	1.270530	0.000064	1.253340	0.000067	0.636677	0.000320	1.247687	0.000065	1.004455	0.000189	1.264974	0.000064	1356746417.844887	0.100562	37.312090	24.011304	4.181058	1.268188	0.000105	1.269906	0.000055	0.750863	0.000651	1.240271	0.000233	1.267736	0.000056	1.269712	0.000055	1.257450	0.000243	1.269153	0.986923	
1356746417.951027	0.106615	19.767215	6.371719	5.031397	0.507227	0.015078	0.752460	0.001076	1.268810	0.000239	1.286458	0.000060	0.539080	0.000894	1.278923	0.000141	0.735648	0.000105	0.667012	0.001638	1356746417.951363	0.106476	37.452768	24.138238	3.849232	1.267127	0.000145	1.262152	0.000063	1.269021	0.000052	1.268620	0.000053	1.269985	0.000054	0.621623	0.000469	1.267834	0.000146	1.269175	0.987059	
1356746418.063978	0.112951	19.467442	6.114267	4.928294	0.507731	0.012989	0.624982	0.001256	0.732638	0.000099	0.775034	0.000093	1.269431	0.000148	1.270423	0.000057	0.964668	0.000162	0.597496	0.000823	1356746418.064287	0.112924	37.326735	24.068069	3.807262	1.270434	0.000094	1.278251	0.000049	1.266290	0.000555	1.263693	0.000586	1.269098	0.000050	1.269512	0.000050	0.594936	0.000421	1.269165	0.991182	
1356746418.191002	0.127024	19.681931	6.229698	4.965620	0.523178	0.015687	0.641941	0.001591	1.072435	0.000226	0.727216	0.000087	0.635596	0.000631	0.544945	0.000278	1.269445	0.000051	0.867370	0.000484	1356746418.191463	0.127176	37.514896	24.179777	3.463270	1.269212	0.000092	1.268148	0.000045	1.270776	0.000045	1.274246	0.000045	1.270442	0.000045	0.594236	0.000390	1.270465	0.000122	1.269184	0.990779	
1356746418.292510	0.101508	19.188801	5.784961	5.038015	0.520712	0.017191	0.748027	0.001128	1.263332	0.000064	0.693630	0.000097	1.269096	0.000165	0.697721	0.000096	0.627717	0.000302	0.574363	0.000507	1356746418.292962	0.101499	37.443002	24.130603	3.799398	1.268478	0.000104	1.271168	0.000055	1.264579	0.000477	1.239802	0.000231	1.268923	0.000056	1.262433	0.000055	1.260352	0.000235	1.269153	0.988547	
1356746418.401339	0.108829	20.296209	6.927718	5.114818	0.559884	0.018864	0.611295	0.001288	1.269872	0.000233	1.268035	0.000059	0.809681	0.000592	1.268483	0.000137	0.997606	0.000077	1.268679	0.000503	1356746418.401589	0.108627	37.440593	24.143051	3.955059	1.268951	0.000132	1.268769	0.000092	1.269327	0.000051	1.269440	0.000051	1.268939	0.000274	1.270616	0.000228	1.271746	0.000143	1.269177	0.989525	
1356746418.507797	0.106458	21.478385	8.065413	4.819095	0.594612	0.020808	0.621936	0.001610	1.268700	0.000061	1.269558	0.000097	0.648953	0.000795	1.266550	0.000062	1.431561	0.000140	1.270841	0.000234	1356746418.508274	0.106685	37.324954	24.037205	3.685082	1.272770	0.000099	1.268894	0.000052	0.757885	0.000679	1.239808	0.000228	1.269080	0.000054	1.269004	0.000053	1.263537	0.000200	1.268879	0.988927	
1356746418.624923	0.117126	20.326946	6.993905	5.095643	0.517263	0.016683	0.730005	0.001111	1.091563	0.000282	1.273417	0.000109	0.660420	0.000376	1.268836	0.000183	1.269390	0.000184	1.269371	0.000259	1356746418.625338	0.117064	37.540344	24.184081	3.818738	1.267478	0.000182	1.269017	0.000097	1.264377	0.000104	1.270248	0.000096	1.268980	0.000097	1.269346	0.000293	1.269545	0.000246	1.268881	0.987765	
1356746418.732391	0.107468	21.573713	8.165252	5.125787	0.602262	0.021594	1.193356	0.000690	0.736827	0.000098	1.244921	0.000063	0.732629	0.000642	1.269683	0.000060	1.242869	0.000062	1.268898	0.000227	1356746418.732815	0.107477	37.413631	24.104545	4.052468	1.270419	0.000098	1.269639	0.000052	1.265266	0.000369	1.240410	0.000218	1.270106	0.000053	1.264426	0.000052	1.265411	0.000199	1.269158	0.988366	
1356746418.836155	0.103764	31.850300	18.351888	4.967442	1.156992	0.004823	1.267924	0.000678	1.237589	0.000218	1.287661	0.000061	1.271571	0.000244	1.247194	0.000148	1.204191	0.000235	1.241701	0.000233	1356746418.836585	0.103770	37.288816	24.017186	3.335406	1.268304	0.000102	1.268990	0.000054	1.262926	0.000054	1.270586	0.000054	1.269116	0.000055	1.268877	0.000197	1.265144	0.000148	1.268870	0.985506	
1356746418.950493	0.114338	28.355920	15.044206	4.871851	0.813711	0.008035	1.266894	0.000640	1.268855	0.000057	1.268061	0.000056	0.932558	0.000816	1.270199	0.000056	1.559556	0.000053	0.989729	0.000871	1356746418.950945	0.114360	37.435239	24.117700	3.493667	1.267358	0.000092	1.269440	0.000049	0.548078	0.000746	1.239678	0.000207	1.269765	0.000050	1.269695	0.000049	1.265714	0.000186	1.269166	0.990206	
1356746419.062159	0.111666	30.358121	16.970021	4.898922	0.948273	0.005639	0.627664	0.001252	0.919181	0.000278	0.757620	0.000541	1.258371	0.000376	1.259934	0.000435	1.258758	0.000417	1.268921	0.000703	1356746419.062589	0.111644	37.370110	24.086395	3.538206	1.268140	0.000368	1.269138	0.000315	1.270036	0.000321	1.267913	0.000051	1.268995	0.000289	1.269196	0.000610	1.270094	0.000573	1.268904	0.985786	
1356746419.168486	0.106327	20.325620	6.896423	5.046891	0.622435	0.020204	0.696358	0.001462	1.247696	0.000433	0.883890	0.000188	0.788831	0.000726	1.270776	0.000066	0.703412	0.000117	1.068497	0.000274	1356746419.168909	0.106320	37.500173	24.167521	3.809821	1.232136	0.000181	1.225592	0.000121	1.251605	0.000442	1.229085	0.000286	1.266716	0.000054	1.275831	0.000053	1.257726	0.000202	1.269120	0.986641	
1356746419.277823	0.109337	22.097363	8.659670	5.133057	0.569300	0.021301	0.545716	0.001507	1.261582	0.000209	0.721174	0.000093	0.536138	0.000317	1.268532	0.000143	1.083796	0.000282	0.756771	0.000622	1356746419.278131	0.109222	37.204829	23.985715	3.720469	1.271066	0.000096	1.268125	0.000051	0.579395	0.000348	1.270881	0.000051	1.271606	0.000052	1.267808	0.000236	1.269929	0.000141	1.269027	0.989179	
1356746419.279819	0.001996	26.083134	13.087434	5.007167	0.503747	0.023736	0.533980	0.079823	1.279175	0.007780	1.269222	0.003335	1.268882	0.019990	1.269036	0.003238	0.757775	0.005455	1.273244	0.007245	1356746419.280284	0.002153	32.276412	19.972536	3.522481	1.273412	0.004861	1.270101	0.002558	1.269196	0.007121	1.205436	0.020119	1.267025	0.002654	1.275178	0.002632	1.245633	0.006797	1.232265	0.480710	
