ts_0	elapsed_0	pkg_0	pp0_0	dram_0	freq_ratio_0_0	c0_ratio_0_0	freq_ratio_0_1	c0_ratio_0_1	freq_ratio_0_2	c0_ratio_0_2	freq_ratio_0_3	c0_ratio_0_3	freq_ratio_0_4	c0_ratio_0_4	freq_ratio_0_5	c0_ratio_0_5	freq_ratio_0_6	c0_ratio_0_6	freq_ratio_0_7	c0_ratio_0_7	ts_1	elapsed_1	pkg_1	pp0_1	dram_1	freq_ratio_1_0	c0_ratio_1_0	freq_ratio_1_1	c0_ratio_1_1	freq_ratio_1_2	c0_ratio_1_2	freq_ratio_1_3	c0_ratio_1_3	freq_ratio_1_4	c0_ratio_1_4	freq_ratio_1_5	c0_ratio_1_5	freq_ratio_1_6	c0_ratio_1_6	freq_ratio_1_7	c0_ratio_1_7	
1356746391.600595	1.011119	55.683429	42.280393	5.787894	1.230894	0.900786	1.233637	0.978212	1.230769	0.897557	1.244174	0.003074	1.248460	0.000175	1.236957	0.000110	1.239535	0.000158	1.229782	0.000161	1356746391.600918	1.000759	55.016095	41.343686	7.394809	1.224847	0.009397	1.230745	0.907220	0.896877	0.000145	1.230686	0.901376	0.729890	0.000182	1.147612	0.000103	0.912974	0.000235	1.230748	0.910998	
1356746392.600591	0.999996	58.076178	44.609815	6.040003	1.230764	0.999933	1.230764	0.999933	1.230763	0.999933	1.229059	0.000323	1.205253	0.000018	1.218866	0.000011	1.239692	0.000011	1.231710	0.000111	1356746392.600909	0.999991	57.765919	44.023043	8.041546	1.216279	0.000023	1.230763	0.999931	1.216568	0.000017	1.230763	0.999931	1.229959	0.000010	1.229158	0.000010	1.230703	0.000048	1.230763	0.999932	
1356746393.600590	0.999999	58.115107	44.648038	6.047079	1.230766	0.999786	1.230765	0.999766	1.230766	0.999766	1.230786	0.000299	1.231359	0.000057	1.215393	0.000040	1.232079	0.000043	1.230800	0.000123	1356746393.600910	1.000001	57.849417	44.151676	8.063957	1.230937	0.000047	1.230765	0.999954	1.230676	0.000043	1.230765	0.999954	1.230938	0.000041	1.230844	0.000038	1.230723	0.000323	1.230765	0.999956	
1356746394.600590	1.000000	58.332855	44.858017	6.042892	1.230764	0.999934	1.230763	0.999934	1.230764	0.999934	1.229919	0.000382	1.224262	0.000018	1.221704	0.000012	1.228148	0.000017	1.230603	0.000116	1356746394.600909	0.999999	57.946573	44.223004	8.012871	1.205857	0.000100	1.230755	0.999847	1.201393	0.000036	1.230757	0.999865	1.228232	0.000039	1.199707	0.000024	1.223766	0.000090	1.230756	0.999843	
1356746395.600590	1.000000	58.122238	44.735428	6.019867	1.230759	0.999921	1.230760	0.999921	1.230759	0.999920	1.228264	0.000307	1.211483	0.000080	1.231003	0.000241	1.230581	0.000235	1.231200	0.000101	1356746395.600905	0.999996	57.981284	44.261517	8.056170	1.227205	0.000078	1.230763	0.999935	1.227923	0.000060	1.230762	0.999913	1.188899	0.000039	1.230934	0.000037	1.222646	0.000087	1.230763	0.999935	
1356746396.600591	1.000001	58.169210	44.689868	6.027430	1.230761	0.999904	1.230761	0.999904	1.230761	0.999905	1.230376	0.000333	1.217515	0.000033	1.234723	0.000007	1.243168	0.000007	1.230862	0.000181	1356746396.600917	1.000012	58.002101	44.314413	8.056712	1.215752	0.000018	1.230763	0.999934	1.222997	0.000036	1.230763	0.999933	1.336903	0.000017	1.230130	0.000010	1.230343	0.000037	1.230763	0.999933	
1356746397.600590	0.999999	58.061228	44.619855	6.014410	1.230764	0.999931	1.230764	0.999931	1.230764	0.999931	1.230467	0.000275	1.228666	0.000045	1.221994	0.000043	1.224358	0.000065	1.228054	0.000102	1356746397.600904	0.999987	58.052443	44.326860	8.022795	1.222085	0.000059	1.230763	0.999934	1.229155	0.000056	1.230763	0.999934	1.169618	0.000040	1.211814	0.000047	1.220758	0.000063	1.230763	0.999935	
1356746398.600590	1.000000	58.123367	44.691269	6.049194	1.230764	0.999935	1.230763	0.999936	1.230763	0.999935	1.230046	0.000325	1.230776	0.001791	1.261112	0.000019	1.248073	0.000020	1.232547	0.000152	1356746398.600910	1.000006	58.055928	44.354686	8.050764	1.226785	0.000056	1.230763	0.999926	1.227322	0.000061	1.230763	0.999927	1.367817	0.000017	1.259969	0.000017	1.232820	0.000290	1.230763	0.999924	
1356746399.600590	1.000000	58.214111	44.770645	6.023376	1.230530	0.999746	1.230530	0.999746	1.230530	0.999745	1.166243	0.003616	1.157940	0.002789	1.155919	0.002439	1.157012	0.002572	1.158953	0.002532	1356746399.600905	0.999995	58.084733	44.364327	8.028284	1.157125	0.002560	1.230536	0.999717	1.157092	0.002508	1.230536	0.999716	1.163147	0.002924	1.157688	0.002622	1.157542	0.002588	1.230536	0.999717	
1356746400.600590	1.000000	58.100235	44.667664	6.029755	1.230763	0.999932	1.230763	0.999932	1.230764	0.999933	1.229634	0.000311	1.212742	0.000018	1.233058	0.000245	1.252536	0.000028	1.230681	0.000145	1356746400.600913	1.000008	58.023074	44.313163	8.060619	1.216684	0.000023	1.230763	0.999926	1.222796	0.000034	1.230763	0.999925	1.232304	0.000010	1.231456	0.000009	1.230311	0.000030	1.230763	0.999935	
1356746401.600590	1.000000	58.505295	45.072525	6.025360	1.230628	0.998730	1.230629	0.998728	1.230629	0.998728	1.228172	0.022891	1.197891	0.001713	1.233395	0.000035	1.231081	0.000071	1.232286	0.000101	1356746401.600900	0.999987	58.091338	44.388689	8.111480	1.214386	0.000207	1.230709	0.999304	1.227982	0.003699	1.230709	0.999301	1.218196	0.000538	1.226869	0.000035	1.228593	0.000058	1.230709	0.999300	
1356746402.600590	1.000000	58.103897	44.670609	6.042801	1.230763	0.999932	1.230763	0.999933	1.230763	0.999932	1.230654	0.000316	1.207505	0.000016	1.225520	0.000011	1.222896	0.000011	1.229351	0.000128	1356746402.600905	1.000005	58.036010	44.325080	8.042318	1.214234	0.000019	1.230763	0.999933	1.220313	0.000034	1.230763	0.999933	0.989700	0.000007	1.243797	0.000010	1.214494	0.000030	1.230763	0.999934	
1356746403.600590	1.000000	58.735550	45.302368	6.043350	1.230755	0.999890	1.230755	0.999889	1.230756	0.999890	1.230632	0.055071	1.221278	0.000763	1.232638	0.000042	1.233398	0.000043	1.231181	0.000122	1356746403.600909	1.000004	58.059472	44.353611	8.064298	1.230452	0.000048	1.230766	0.999955	1.230658	0.000074	1.230765	0.999954	1.272344	0.000042	1.230765	0.000039	1.232714	0.000317	1.230765	0.999956	
1356746404.600590	1.000000	58.090378	44.655121	6.030777	1.230764	0.999935	1.230764	0.999935	1.230763	0.999935	1.229561	0.000246	1.227966	0.000114	1.218793	0.000011	1.227823	0.000011	1.231379	0.000110	1356746404.600905	0.999996	58.057151	44.349698	8.056216	1.216864	0.000023	1.230763	0.999935	1.222576	0.000036	1.230763	0.999935	1.231882	0.000010	1.231944	0.000009	1.230701	0.000048	1.230763	0.999926	
1356746405.600590	1.000000	58.104874	44.665512	6.004349	1.230765	0.999952	1.230765	0.999952	1.230765	0.999952	1.230930	0.000198	1.230281	0.000135	1.231635	0.000040	1.229479	0.000043	1.229719	0.000100	1356746405.600902	0.999997	58.078793	44.362427	8.058268	1.230723	0.000043	1.230765	0.999957	1.230286	0.000068	1.230765	0.999957	1.229869	0.000048	1.229813	0.000036	1.230996	0.000056	1.230765	0.999956	
1356746406.600590	1.000000	58.078796	44.646011	6.032471	1.230763	0.999933	1.230763	0.999932	1.230763	0.999932	1.229282	0.000265	1.227503	0.000091	1.245901	0.000011	1.235465	0.000011	1.230828	0.000114	1356746406.600908	1.000006	58.108113	44.376383	8.039106	1.218486	0.000022	1.230764	0.999934	1.222481	0.000034	1.230763	0.999934	1.235020	0.000010	1.231998	0.000010	1.230527	0.000030	1.230763	0.999934	
1356746407.600590	1.000000	58.117859	44.678207	6.017746	1.230765	0.999955	1.230766	0.999955	1.230766	0.999955	1.230914	0.000208	1.231797	0.000192	1.226879	0.000038	1.229007	0.000040	1.230658	0.000101	1356746407.600907	0.999999	58.129633	44.414898	8.046730	1.230821	0.000044	1.230765	0.999956	1.231167	0.000066	1.230765	0.999956	1.230563	0.000043	1.230950	0.000036	1.219344	0.000057	1.230765	0.999954	
1356746408.600590	1.000000	58.166214	44.728638	6.057373	1.230764	0.999935	1.230763	0.999935	1.230763	0.999935	1.229046	0.000229	1.230525	0.001804	1.232021	0.000011	1.233058	0.000011	1.231099	0.000126	1356746408.600905	0.999998	58.153752	44.447762	8.052902	1.216696	0.000023	1.230763	0.999924	1.222279	0.000035	1.230763	0.999923	1.231444	0.000010	1.231055	0.000010	1.233227	0.000279	1.230763	0.999924	
1356746409.600590	1.000000	58.177948	44.736725	6.029724	1.230765	0.999957	1.230765	0.999957	1.230765	0.999957	1.231661	0.000200	1.230730	0.000129	1.217852	0.000039	1.217273	0.000046	1.228031	0.000101	1356746409.600910	1.000005	58.104995	44.402259	8.070272	1.228460	0.000042	1.230765	0.999955	1.232865	0.000059	1.230767	0.999978	1.212389	0.000040	1.216079	0.000036	1.230218	0.000069	1.230765	0.999955	
1356746410.600590	1.000000	58.166626	44.718994	6.051208	1.230763	0.999934	1.230763	0.999934	1.230764	0.999933	1.228999	0.000260	1.227725	0.000111	1.258874	0.000019	1.264934	0.000019	1.232624	0.000132	1356746410.600910	1.000000	58.015717	44.283096	8.061340	1.223165	0.000032	1.230763	0.999932	1.221556	0.000047	1.230762	0.999901	1.271542	0.000018	1.260632	0.000017	1.230736	0.000042	1.230763	0.999921	
1356746411.600590	1.000000	58.183548	44.734512	6.053040	1.230765	0.999955	1.230765	0.999954	1.230765	0.999954	1.230792	0.000217	1.231044	0.000118	1.229322	0.000039	1.230549	0.000039	1.231087	0.000102	1356746411.600910	1.000000	58.091858	44.362701	8.059021	1.230588	0.000056	1.230765	0.999953	1.231244	0.000056	1.230767	0.999965	1.228093	0.000038	1.223563	0.000037	1.230719	0.000057	1.230767	0.999978	
1356746412.600590	1.000000	58.164764	44.720871	6.033157	1.230761	0.999910	1.230761	0.999909	1.230761	0.999910	1.229393	0.000234	1.227064	0.000091	1.220637	0.000041	1.204919	0.000054	1.230272	0.000108	1356746412.600903	0.999993	58.087178	44.358476	8.025736	1.223800	0.000035	1.230765	0.999956	1.215769	0.000034	1.230764	0.999945	1.192706	0.000010	1.232400	0.000010	1.208644	0.000030	1.230763	0.999935	
1356746413.600590	1.000000	58.184479	44.733170	6.024521	1.230765	0.999956	1.230765	0.999956	1.230765	0.999956	1.230390	0.000208	1.231080	0.000127	1.230866	0.000038	1.230751	0.000042	1.233217	0.000118	1356746413.600904	1.000001	58.122122	44.379779	8.058342	1.230529	0.000039	1.230765	0.999956	1.230652	0.000059	1.230765	0.999956	1.237855	0.000038	1.230895	0.000036	1.232855	0.000302	1.230765	0.999954	
1356746414.600590	1.000000	29.152176	15.830490	3.878616	1.229470	0.298502	1.230756	0.297772	1.230671	0.297805	0.709556	0.000273	0.714628	0.000164	0.763480	0.000017	0.784648	0.000017	0.641381	0.000245	1356746414.600949	1.000045	43.460246	30.138916	3.371903	1.241371	0.000021	1.230759	0.297453	1.230403	0.000033	1.230767	0.297378	1.255576	0.000009	1.262753	0.000014	1.256352	0.000067	1.257789	0.999905	
1356746415.600591	1.000001	23.443413	10.149435	4.147014	0.628975	0.008370	0.753817	0.000666	0.827408	0.000069	0.783509	0.000108	0.882038	0.000360	0.832050	0.000105	0.941624	0.000189	0.791520	0.000268	1356746415.600938	0.999989	37.558777	24.328956	3.226873	1.150782	0.000243	1.245829	0.000113	0.945180	0.000264	1.267217	0.000040	0.910155	0.000250	1.262157	0.000104	0.935982	0.000201	1.269187	0.992896	
1356746416.600596	1.000005	23.918353	10.603585	5.491641	0.604578	0.013939	0.706426	0.001162	0.875440	0.000146	0.776123	0.000210	0.937954	0.000359	1.038159	0.000086	1.140777	0.000221	0.733337	0.000367	1356746416.601067	1.000129	37.493821	24.230304	4.499267	1.174591	0.000310	1.272249	0.000155	0.942646	0.000327	1.263390	0.000096	0.811017	0.000296	0.898406	0.000167	0.740637	0.000269	1.269129	0.988382	
1356746417.600598	1.000002	25.114988	11.800301	5.684987	0.678602	0.011499	0.770398	0.001242	1.064480	0.000094	0.843063	0.000169	0.964913	0.000470	0.938360	0.000155	1.115447	0.000188	0.764380	0.000401	1356746417.601034	0.999967	37.476285	24.215122	4.497981	1.033346	0.000408	1.256813	0.000221	0.986147	0.000266	1.268861	0.000066	1.251319	0.000189	0.831513	0.000280	0.864416	0.000291	1.268965	0.986043	
1356746418.600596	0.999998	27.617637	14.309369	5.347987	0.788532	0.009674	0.947471	0.000902	1.025419	0.000128	1.145813	0.001967	1.016812	0.000464	1.271353	0.000127	1.268228	0.000105	0.858670	0.000369	1356746418.601027	0.999993	37.515015	24.261459	4.195647	1.011130	0.000354	1.027893	0.000294	0.945330	0.000269	1.261469	0.000096	1.120881	0.000152	1.253341	0.000101	1.263575	0.000459	1.269052	0.989078	
1356746419.600597	1.000001	715767964.954883	715810084.591289	715822342.692651	0.999908	1.000630	0.999909	1.000651	0.999918	1.000640	0.999905	1.000621	0.999911	1.000646	0.999911	1.000632	0.999910	1.000646	0.999909	1.000638	1356746419.600682	0.999655	716031005.946214	716052356.318506	716044823.029063	0.999910	1.000642	0.999905	1.000636	3.898504	0.256653	0.999908	1.000633	0.999910	1.000644	0.999914	1.000645	0.999910	1.000646	0.999911	1.000648	
1356746420.600691	1.000094	0.000000	0.000000	0.000000	-nan	-nan	-nan	-nan	0.000000	inf	-nan	-nan	-nan	0.000000	-nan	-nan	-nan	-nan	-nan	-nan	1356746420.600755	1.000073	0.000000	0.000000	0.000000	-nan	-nan	-nan	-nan	0.000000	inf	-nan	-nan	-nan	-nan	-nan	-nan	-nan	-nan	-nan	-nan	
