ts_0	elapsed_0	pkg_0	pp0_0	dram_0	freq_ratio_0_0	c0_ratio_0_0	freq_ratio_0_1	c0_ratio_0_1	freq_ratio_0_2	c0_ratio_0_2	freq_ratio_0_3	c0_ratio_0_3	freq_ratio_0_4	c0_ratio_0_4	freq_ratio_0_5	c0_ratio_0_5	freq_ratio_0_6	c0_ratio_0_6	freq_ratio_0_7	c0_ratio_0_7	ts_1	elapsed_1	pkg_1	pp0_1	dram_1	freq_ratio_1_0	c0_ratio_1_0	freq_ratio_1_1	c0_ratio_1_1	freq_ratio_1_2	c0_ratio_1_2	freq_ratio_1_3	c0_ratio_1_3	freq_ratio_1_4	c0_ratio_1_4	freq_ratio_1_5	c0_ratio_1_5	freq_ratio_1_6	c0_ratio_1_6	freq_ratio_1_7	c0_ratio_1_7	
1356626549.512521	1.001762	49.651319	36.290033	4.584757	1.154358	0.630055	1.154375	0.630217	1.153701	0.628871	1.154041	0.630412	1.153896	0.627259	1.156957	0.645892	1.155044	0.633961	1.154140	0.627905	1356626549.512737	1.000491	41.978187	28.837010	1.616455	0.999884	0.788995	0.999948	0.951183	1.000001	0.709485	1.000677	0.000281	1.004406	0.000077	1.004391	0.000084	1.008646	0.000031	0.999910	0.951831	
1356626550.512500	0.999979	55.738199	42.350742	4.920773	1.000000	0.990759	1.000000	0.990479	1.000000	0.990494	1.000000	0.990504	1.000000	1.000000	1.000001	0.990590	1.000310	0.000495	1.007028	0.000013	1356626550.512617	0.999880	45.506358	32.345661	1.652328	1.000001	0.990681	1.000000	1.000000	1.000001	0.990713	1.000584	0.000067	1.003955	0.000019	1.000556	0.000019	1.002526	0.000055	1.000000	1.000000	
1356626551.512499	0.999999	55.945671	42.556544	4.965962	1.000000	1.000000	1.000000	1.000000	1.000000	1.000000	1.000000	1.000000	1.000000	1.000000	1.000000	1.000000	1.001334	0.000457	0.999265	0.000047	1356626551.512617	1.000000	45.554657	32.393906	1.628967	1.000000	1.000000	1.000000	1.000000	1.000000	1.000000	1.000317	0.000047	1.000265	0.000054	0.999921	0.000058	1.000900	0.000018	1.000000	1.000000	
1356626552.512499	1.000000	55.954407	42.562134	4.965805	1.000000	1.000000	1.000000	1.000000	1.000000	1.000000	1.000000	1.000000	1.000000	1.000000	1.000000	1.000000	0.999987	0.000499	1.003145	0.000013	1356626552.512609	0.999992	45.579105	32.413944	1.623762	1.000000	1.000000	1.000000	1.000000	1.000000	1.000000	0.999777	0.000064	0.997934	0.000012	1.000322	0.000012	0.999985	0.000053	1.000000	1.000000	
1356626553.512499	1.000000	55.799179	42.400101	4.952957	1.000000	1.000000	1.000000	1.000000	1.000000	1.000000	1.000000	1.000000	1.000000	1.000000	1.000000	1.000000	0.999999	0.000484	0.999825	0.000088	1356626553.512614	1.000005	45.532639	32.361715	1.659614	1.000000	1.000000	1.000000	1.000000	1.000000	1.000000	0.999815	0.000044	1.000005	0.000082	1.000059	0.000053	1.000300	0.000018	1.000000	1.000000	
1356626554.512499	1.000000	55.957764	42.560135	4.965866	1.000000	1.000000	1.000000	1.000000	1.000000	1.000000	1.000000	1.000000	1.000000	1.000000	1.000000	1.000000	0.999976	0.002975	1.000092	0.000013	1356626554.512612	0.999998	45.612697	32.447022	1.622409	1.000000	1.000000	1.000000	1.000000	1.000000	1.000000	0.997620	0.000060	0.981448	0.000007	1.001428	0.000019	0.997127	0.000053	1.000000	1.000000	
1356626555.512499	1.000000	55.885941	42.486969	4.960800	1.000000	1.000000	1.000000	1.000000	1.000000	1.000000	1.000000	1.000000	1.000000	1.000000	1.000000	1.000000	1.000138	0.000451	1.000074	0.000047	1356626555.512611	0.999999	45.597639	32.428437	1.638384	1.000000	1.000000	1.000000	1.000000	1.000000	1.000000	1.003012	0.000037	1.003034	0.000043	0.998761	0.000045	1.012686	0.000011	1.000000	1.000000	
1356626556.512499	1.000000	54.894608	41.501114	4.967865	0.999853	0.976459	0.999999	0.976130	1.000000	0.976116	1.000000	0.976098	1.000000	0.976083	1.000000	0.976083	0.999920	0.000489	0.999701	0.000013	1356626556.512616	1.000005	45.215060	32.039329	1.679511	1.000000	0.976091	1.000000	0.976123	1.000000	0.976122	1.000046	0.000066	1.001362	0.000012	1.001804	0.000012	0.999814	0.000060	1.000000	1.000000	
1356626557.512499	1.000000	55.893631	42.486725	4.965714	1.000000	1.000000	1.000000	1.000000	1.000000	1.000000	1.000000	1.000000	1.000000	1.000000	1.000000	1.000000	1.000013	0.000472	0.987059	0.000052	1356626557.512611	0.999995	45.623962	32.468424	1.623559	1.000000	1.000000	1.000000	1.000000	1.000000	1.000000	0.999355	0.000037	0.988484	0.000046	0.991102	0.000061	1.000936	0.000011	1.000000	1.000000	
1356626558.512499	1.000000	55.935608	42.529785	4.950592	1.000000	1.000000	1.000000	1.000000	1.000000	1.000000	1.000000	1.000000	1.000000	1.000000	1.000000	1.000000	0.999544	0.000679	1.004454	0.000149	1356626558.512591	0.999980	45.615309	32.446405	1.633852	1.000000	1.000000	1.000000	1.000000	1.000000	1.000000	1.000499	0.000089	1.005834	0.000092	1.006388	0.000084	1.000200	0.000075	1.000000	1.000000	
1356626559.512499	1.000000	55.801392	42.398621	4.953232	1.000000	1.000000	1.000000	1.000000	1.000000	1.000000	1.000000	1.000000	1.000000	1.000000	1.000000	1.000000	1.000251	0.000919	1.000022	0.000209	1356626559.512607	1.000016	45.563069	32.388231	1.659229	1.000000	1.000000	1.000000	1.000000	1.000000	1.000000	0.999664	0.000061	0.999995	0.000084	1.000116	0.000060	0.997111	0.000012	1.000000	1.000000	
1356626560.512499	1.000000	55.290024	41.887192	4.950302	1.000000	1.000000	0.999999	0.829517	1.000000	1.000000	1.000000	1.000000	1.000000	1.000000	1.000000	1.000000	0.999874	0.004095	0.999723	0.002798	1356626560.512618	1.000011	47.678264	34.507892	1.618696	1.000000	1.000000	1.000000	1.000000	1.000000	1.000000	1.000003	0.173559	0.999792	0.002852	1.000195	0.002561	0.999792	0.002518	1.000000	1.000000	
1356626561.512499	1.000000	50.339188	36.932220	4.965500	1.000000	1.000000	0.999991	0.000042	1.000000	1.000000	1.000000	1.000000	1.000000	1.000000	1.000000	1.000000	0.999995	0.000449	1.010386	0.000074	1356626561.512642	1.000024	51.560511	38.390006	1.627189	1.000000	1.000000	1.000000	1.000000	1.000000	1.000000	1.000000	1.000000	1.010688	0.000054	0.990139	0.000049	1.083703	0.000006	1.000000	1.000000	
1356626562.512500	1.000001	49.330199	35.919659	4.963374	1.000000	1.000000	0.997786	0.000067	1.000000	0.955635	1.000000	0.955604	1.000000	0.955603	0.999999	0.955602	0.999889	0.000485	1.000334	0.000033	1356626562.512648	1.000006	50.541355	37.365973	1.699529	1.000000	0.955607	1.000000	0.955642	1.000000	0.955641	1.000000	0.955639	1.000470	0.000012	0.996731	0.000012	0.999491	0.000064	0.999982	0.998884	
1356626563.512499	0.999999	50.194079	36.803624	4.955876	0.999926	0.994386	1.001860	0.000080	0.999964	0.994312	0.999979	0.994284	0.999991	0.994264	0.999980	0.994284	1.000104	0.000432	0.999923	0.000070	1356626563.512642	0.999994	51.548998	38.371933	1.630259	1.000000	0.994303	1.000000	0.994338	1.000000	0.994336	1.000000	0.994336	0.999938	0.000100	1.000160	0.000065	1.003626	0.000012	1.000000	1.000000	
1356626564.512499	1.000000	715791693.471771	715765381.789520	715796290.251556	0.999925	1.000284	0.999923	1.000286	0.999934	1.000285	0.999926	1.000283	0.999926	1.000288	0.999925	1.000269	0.999925	1.000283	0.999926	1.000285	1356626564.512598	0.999956	715829570.211127	715844089.268777	715829070.856216	0.999925	1.000280	0.999920	1.000276	3.897493	0.256631	0.999925	1.000283	0.999926	1.000287	0.999928	1.000283	0.999926	1.000287	0.999926	1.000286	
1356626565.512499	1.000000	0.000000	0.000000	0.000000	-nan	-nan	-nan	-nan	1521673115770.974609	inf	-nan	-nan	-nan	0.000000	-nan	-nan	-nan	-nan	-nan	-nan	1356626565.512593	0.999995	0.000000	0.000000	0.000000	-nan	-nan	-nan	-nan	1.345745	inf	-nan	-nan	-nan	-nan	-nan	-nan	-nan	-nan	-nan	-nan	
