ts_0	elapsed_0	pkg_0	pp0_0	dram_0	freq_ratio_0_0	c0_ratio_0_0	freq_ratio_0_1	c0_ratio_0_1	freq_ratio_0_2	c0_ratio_0_2	freq_ratio_0_3	c0_ratio_0_3	freq_ratio_0_4	c0_ratio_0_4	freq_ratio_0_5	c0_ratio_0_5	freq_ratio_0_6	c0_ratio_0_6	freq_ratio_0_7	c0_ratio_0_7	ts_1	elapsed_1	pkg_1	pp0_1	dram_1	freq_ratio_1_0	c0_ratio_1_0	freq_ratio_1_1	c0_ratio_1_1	freq_ratio_1_2	c0_ratio_1_2	freq_ratio_1_3	c0_ratio_1_3	freq_ratio_1_4	c0_ratio_1_4	freq_ratio_1_5	c0_ratio_1_5	freq_ratio_1_6	c0_ratio_1_6	freq_ratio_1_7	c0_ratio_1_7	
1356746120.078833	1.013668	54.900074	41.413390	5.850064	1.264898	0.075948	1.230519	0.909409	1.230674	0.908846	1.229287	0.004547	1.230719	0.907772	1.183405	0.000103	1.192141	0.000099	1.161583	0.000084	1356746120.079095	1.000700	55.786435	42.104911	7.529779	1.230489	0.921408	1.230751	0.920727	0.965073	0.000249	0.918616	0.000259	1.054599	0.000054	0.850246	0.000152	0.978158	0.000098	1.230609	0.921814	
1356746121.078828	0.999995	56.960734	43.454884	6.049301	1.230186	0.005872	1.230762	0.999910	1.230761	0.999910	1.230263	0.002655	1.230763	0.999910	1.218761	0.000011	1.236402	0.000011	1.229086	0.000011	1356746121.079076	0.999981	58.449906	44.729338	8.055375	1.230763	0.999927	1.230763	0.999927	1.226750	0.000091	1.213659	0.000018	1.229892	0.000042	1.230860	0.000033	1.229346	0.000040	1.230763	0.999933	
1356746122.078827	0.999999	57.081353	43.566539	6.043387	1.230743	0.008254	1.230767	0.999978	1.230768	0.999978	1.224667	0.000042	1.230766	0.999978	1.229876	0.000048	1.230534	0.000045	1.232271	0.000036	1356746122.079076	1.000000	58.509109	44.780243	8.042908	1.230765	0.999954	1.230765	0.999954	1.231285	0.000064	1.231303	0.000036	1.234890	0.000009	1.231180	0.000029	1.235322	0.000010	1.230765	0.999956	
1356746123.078827	1.000000	56.550125	43.025925	6.017136	1.188318	0.005669	1.230526	0.999845	1.230526	0.999845	1.154521	0.002683	1.230526	0.999844	1.154648	0.002591	1.155655	0.002627	1.155325	0.002628	1356746123.079076	1.000000	58.652695	44.912109	8.050964	1.230542	0.999760	1.230541	0.999767	1.158236	0.002584	1.157467	0.002599	1.156711	0.002491	1.157024	0.002354	1.163350	0.002690	1.230541	0.999773	
1356746124.078827	1.000000	56.509995	43.000824	6.031311	1.230035	0.000380	1.230767	0.999661	1.230778	0.999958	1.229311	0.000036	1.230767	0.999663	1.229093	0.000039	1.230727	0.002975	1.234273	0.000037	1356746124.079074	0.999998	58.598516	44.856958	8.033753	1.230765	0.999954	1.230765	0.999954	1.230687	0.000049	1.231264	0.000034	1.230484	0.000010	1.230622	0.000029	1.229059	0.000009	1.230765	0.999955	
1356746125.078827	1.000000	56.923248	43.403488	6.040466	1.229853	0.000824	1.230765	0.999955	1.230765	0.999955	1.217997	0.000018	1.230766	0.999955	1.232038	0.000011	1.230732	0.006961	1.206644	0.000011	1356746125.079104	1.000030	58.619134	44.893671	8.044207	1.230763	0.999927	1.230763	0.999927	1.226709	0.000079	1.213462	0.000018	1.231083	0.000037	1.230540	0.000035	1.230201	0.000039	1.230763	0.999933	
1356746126.078827	1.000000	56.675766	43.146500	6.023697	1.230745	0.002179	1.230759	0.999887	1.230758	0.999887	1.230288	0.001478	1.230757	0.999886	1.212492	0.000074	1.229713	0.002512	1.207550	0.000060	1356746126.079082	0.999978	58.633259	44.883934	8.013222	1.230763	0.999932	1.230763	0.999932	1.227363	0.000063	1.214626	0.000038	1.210170	0.000010	1.219389	0.000058	1.196390	0.000016	1.230763	0.999929	
1356746127.078827	1.000000	56.373077	42.858688	6.050659	1.229399	0.000606	1.230763	0.999935	1.230763	0.999935	1.233994	0.000039	1.230763	0.999936	1.251046	0.000031	1.242379	0.000020	1.255847	0.000020	1356746127.079076	0.999994	58.677840	44.978418	8.084124	1.230756	0.999833	1.230756	0.999833	1.229042	0.000676	1.242843	0.000025	1.210779	0.000066	1.220404	0.000116	1.228336	0.000141	1.230756	0.999845	
1356746128.078827	1.000000	56.384430	42.868210	6.027954	1.230730	0.000405	1.230764	0.999934	1.230764	0.999934	1.224370	0.000062	1.230763	0.999934	1.228232	0.000039	1.220291	0.000055	1.230414	0.000053	1356746128.079078	1.000002	58.965067	45.241323	8.064819	1.230763	0.999933	1.230763	0.999933	1.230445	0.002097	1.230394	0.000046	1.236539	0.000006	1.230402	0.002484	1.220711	0.000005	1.230763	0.999934	
1356746129.078828	1.000001	56.348884	42.835561	6.033579	1.229616	0.000590	1.230765	0.999957	1.230765	0.999957	1.232430	0.000018	1.230766	0.999957	1.261692	0.000011	1.220193	0.000011	1.226660	0.000011	1356746129.079077	0.999999	59.002238	45.271924	8.084953	1.230759	0.999890	1.230759	0.999890	1.230493	0.004531	1.215111	0.000017	1.229969	0.000039	1.221704	0.000202	1.230890	0.000041	1.230759	0.999891	
1356746130.078827	0.999999	56.389229	42.874888	6.028845	1.230890	0.000665	1.230735	0.999418	1.230736	0.999421	1.230981	0.000071	1.230751	0.999841	1.225444	0.000048	1.232599	0.000041	1.237920	0.000040	1356746130.079078	1.000001	58.771093	45.038119	8.063499	1.230766	0.999495	1.230765	0.999524	1.230778	0.001614	1.230596	0.000038	1.231134	0.000010	1.230629	0.000029	1.234261	0.000010	1.230780	0.999935	
1356746131.078827	1.000000	60.674667	47.169174	6.042938	1.230720	0.451414	1.230744	0.999716	1.230743	0.999715	1.187170	0.000133	1.230744	0.999705	1.213809	0.000011	1.214678	0.000011	1.188699	0.000011	1356746131.078985	0.999907	55.420894	41.704500	8.085957	1.230757	0.548572	1.230764	0.999930	1.230677	0.003418	1.213950	0.000017	1.231268	0.000034	1.229974	0.000032	1.230653	0.000064	1.230767	0.999978	
1356746132.078827	1.000000	65.983109	52.477722	6.036774	1.230712	0.999411	1.230712	0.999410	1.230712	0.999409	1.192261	0.000382	1.230711	0.999408	1.190441	0.000040	1.191424	0.000041	1.192743	0.000040	1356746132.078987	1.000002	50.107128	36.408790	8.088028	1.230188	0.000047	1.269195	0.999674	1.230764	0.000187	1.230848	0.000037	1.231835	0.000010	1.231652	0.000029	1.231946	0.000010	1.269195	0.999674	
1356746133.078827	1.000000	57.338104	43.842072	6.048599	1.230664	0.094009	1.230758	0.999913	1.230758	0.999912	1.226494	0.000350	1.230759	0.999923	1.238636	0.000011	1.211554	0.000011	1.210705	0.000011	1356746133.079074	1.000087	57.806173	44.089349	8.022678	1.230768	0.906335	1.234341	0.999800	1.229761	0.000338	1.213151	0.000018	1.230551	0.000036	1.211229	0.000034	1.231833	0.000037	1.234337	0.999753	
1356746134.078827	1.000000	56.356979	42.874786	6.016785	1.221469	0.000050	1.230768	0.999978	1.230767	0.999978	1.230072	0.000394	1.230767	0.999978	1.224922	0.000046	1.231676	0.000039	1.229560	0.000039	1356746134.079146	1.000072	58.670733	44.939635	8.047135	1.230765	0.999953	1.230765	0.999953	1.230403	0.000130	1.230815	0.000037	1.227452	0.000010	1.243622	0.000047	1.220335	0.000009	1.230765	0.999957	
1356746135.078827	1.000000	56.468643	42.974487	6.036392	1.230278	0.000497	1.230763	0.999934	1.230763	0.999934	1.230852	0.000363	1.230764	0.999934	1.230980	0.000011	1.229107	0.000011	1.234961	0.000011	1356746135.079144	0.999998	58.708288	44.987970	8.092438	1.230763	0.999927	1.230763	0.999927	1.229281	0.000201	1.213347	0.000018	1.231429	0.000037	1.231998	0.000035	1.231406	0.000063	1.230763	0.999933	
1356746136.078827	1.000000	56.440521	42.939804	6.046112	1.230706	0.001671	1.230766	0.999954	1.230766	0.999955	1.229997	0.000378	1.230765	0.999954	1.232119	0.000039	1.230827	0.000039	1.231562	0.000038	1356746136.079079	0.999935	58.643343	44.923426	8.079215	1.230765	0.999955	1.230765	0.999955	1.229475	0.000131	1.227621	0.000056	1.213818	0.000010	1.224994	0.000029	1.211638	0.000010	1.230765	0.999954	
1356746137.078827	1.000000	56.451996	42.937210	6.001648	1.228948	0.000262	1.230759	0.999885	1.230759	0.999885	1.230748	0.000411	1.230759	0.999885	1.196643	0.000047	1.211098	0.000038	1.198857	0.000026	1356746137.079150	1.000071	58.705058	44.959925	8.071890	1.230759	0.999880	1.230760	0.999880	1.229182	0.000258	1.212789	0.000088	1.235552	0.000036	1.234608	0.000044	1.232015	0.000056	1.230759	0.999890	
1356746138.078829	1.000002	56.384490	42.879053	5.991138	1.222661	0.000042	1.230773	0.999913	1.230763	0.999646	1.230552	0.000374	1.230773	0.999912	1.218252	0.000047	1.215517	0.000043	1.217048	0.000043	1356746138.079154	1.000004	58.596778	44.861513	8.060850	1.230701	0.999495	1.230765	0.999340	1.230250	0.000073	1.230712	0.000058	1.230739	0.000010	1.229406	0.000029	1.232348	0.000010	1.230709	0.999479	
1356746139.078827	0.999998	56.391831	42.889639	6.030895	1.230436	0.000264	1.230764	0.999932	1.230763	0.999933	1.229746	0.000380	1.230764	0.999932	1.264109	0.000019	1.250882	0.000019	1.256052	0.000019	1356746139.079151	0.999997	58.481047	44.750215	8.086924	1.230763	0.999926	1.230763	0.999926	1.228683	0.000156	1.223546	0.000046	1.230613	0.000052	1.231572	0.000046	1.230567	0.000062	1.230763	0.999933	
1356746140.078827	1.000000	56.434891	42.919846	5.989563	1.230202	0.000297	1.230765	0.999954	1.230765	0.999954	1.230618	0.000375	1.230765	0.999954	1.229551	0.000039	1.232777	0.000038	1.229639	0.000038	1356746140.079083	0.999932	58.454701	44.704118	8.071929	1.230765	0.999955	1.230765	0.999954	1.231030	0.000070	1.231073	0.000056	1.231938	0.000006	1.231038	0.000030	1.225678	0.000005	1.230765	0.999954	
1356746141.078827	1.000000	56.459503	42.950424	6.002411	1.229152	0.000277	1.230765	0.999957	1.230765	0.999957	1.230194	0.000368	1.230765	0.999957	1.233725	0.000011	1.231462	0.000011	1.230698	0.000011	1356746141.079080	0.999997	58.393980	44.652665	8.021326	1.230763	0.999927	1.230764	0.999927	1.228429	0.000143	1.222043	0.000034	1.231145	0.000039	1.229666	0.000034	1.231368	0.000042	1.230763	0.999933	
1356746142.078827	1.000000	56.423309	42.916916	5.993820	1.228974	0.000049	1.230767	0.999978	1.230767	0.999978	1.230649	0.000390	1.230768	0.999979	1.230777	0.000045	1.230610	0.000038	1.231650	0.000038	1356746142.079078	0.999998	58.376134	44.641076	8.082016	1.230765	0.999955	1.230765	0.999955	1.230768	0.000129	1.230349	0.000055	1.228987	0.000010	1.232192	0.000028	1.228809	0.000009	1.230765	0.999957	
1356746143.078827	1.000000	56.398254	42.892426	6.007782	1.227032	0.000275	1.230765	0.999956	1.230766	0.999955	1.230015	0.000348	1.230765	0.999955	1.227950	0.000011	1.231654	0.000011	1.233454	0.000011	1356746143.079151	1.000073	58.314914	44.568526	8.057426	1.230763	0.999704	1.230770	0.999908	1.228443	0.000142	1.221605	0.000034	1.230803	0.000036	1.230104	0.000034	1.231071	0.000043	1.230770	0.999909	
1356746144.078827	1.000000	56.415161	42.916321	5.975662	1.246004	0.000029	1.230766	0.999955	1.230766	0.999955	1.231403	0.000393	1.230765	0.999955	1.229344	0.000039	1.230538	0.000038	1.230992	0.000037	1356746144.079075	0.999924	58.296197	44.561662	8.070453	1.230765	0.999952	1.230765	0.999952	1.230707	0.000072	1.231181	0.000054	1.231528	0.000009	1.230166	0.000029	1.230756	0.000009	1.230765	0.999956	
1356746145.078827	1.000000	56.418198	42.901520	5.988373	1.229644	0.000494	1.230765	0.999957	1.230765	0.999957	1.229191	0.000362	1.230766	0.999957	1.234941	0.000011	1.230540	0.000011	1.230775	0.000011	1356746145.079079	1.000004	58.325874	44.563754	8.076322	1.230763	0.999930	1.230763	0.999934	1.228475	0.000145	1.221826	0.000034	1.230021	0.000037	1.231590	0.000034	1.213322	0.000038	1.230763	0.999934	
1356746146.078827	1.000000	56.473358	42.969223	6.020370	1.230646	0.002332	1.230767	0.999976	1.230767	0.999976	1.231395	0.000377	1.230767	0.999976	1.231913	0.000040	1.230295	0.000038	1.230765	0.000038	1356746146.079077	0.999998	58.330174	44.581369	8.023300	1.230765	0.999955	1.230765	0.999956	1.228084	0.000070	1.227458	0.000055	1.215312	0.000010	1.223731	0.000029	1.220367	0.000011	1.230765	0.999956	
1356746147.078827	1.000000	56.472031	42.973465	6.024704	1.224727	0.000337	1.230739	0.999650	1.230739	0.999650	1.228021	0.000546	1.230739	0.999649	1.209053	0.000126	1.210023	0.000095	1.209457	0.000172	1356746147.079081	1.000004	58.372276	44.642260	8.038862	1.230751	0.999797	1.230751	0.999797	1.227964	0.000395	1.209399	0.000178	1.233894	0.000057	1.219921	0.000088	1.233667	0.000262	1.230751	0.999802	
1356746148.078827	1.000000	57.438232	43.954468	6.028061	1.168458	0.003828	1.221311	0.999563	1.221310	0.999563	1.186334	0.005601	1.221310	0.999561	1.154703	0.002905	1.154903	0.002870	1.154437	0.002733	1356746148.079074	0.999993	63.400692	49.678810	8.063776	1.189389	0.999852	1.189389	0.999852	1.155852	0.002785	1.155430	0.002754	1.155377	0.002766	1.154904	0.002742	1.159489	0.002557	1.189382	0.999873	
1356746149.078827	1.000000	56.663727	43.162811	6.008118	1.229906	0.000470	1.230765	0.999957	1.230766	0.999957	1.230671	0.003336	1.230765	0.999957	1.229774	0.000011	1.246294	0.000011	1.211759	0.000011	1356746149.079079	1.000005	58.406797	44.664800	8.049276	1.230759	0.999944	1.230760	0.999944	1.223655	0.000062	1.206764	0.000018	1.243626	0.000033	1.228011	0.000033	1.244443	0.000033	1.230763	0.999924	
1356746150.078827	1.000000	56.549866	43.045029	6.040482	1.228916	0.000326	1.230765	0.999954	1.230766	0.999954	1.230594	0.001391	1.230766	0.999954	1.214620	0.000041	1.214483	0.000041	1.216177	0.000042	1356746150.079011	0.999932	58.412340	44.672118	8.052259	1.230765	0.999949	1.230765	0.999956	1.230123	0.000032	1.218166	0.000040	1.223490	0.000009	1.229909	0.000029	1.231840	0.000010	1.230765	0.999954	
1356746151.078827	1.000000	56.532883	43.040314	6.036743	1.223940	0.000345	1.230761	0.999912	1.230761	0.999911	1.229787	0.001273	1.230761	0.999911	1.265558	0.000019	1.250768	0.000019	1.247544	0.000019	1356746151.079087	1.000076	58.359346	44.634514	8.039824	1.230763	0.999938	1.230763	0.999928	1.226251	0.000073	1.238466	0.000026	1.231712	0.000055	1.228418	0.000047	1.228601	0.000056	1.230764	0.999945	
1356746152.078827	1.000000	56.505402	43.007584	6.022644	1.224235	0.000191	1.230762	0.999909	1.230762	0.999909	1.230510	0.001408	1.230761	0.999908	1.222697	0.000050	1.231239	0.000051	1.230745	0.000040	1356746152.079081	0.999994	58.357632	44.615729	8.053912	1.230761	0.999912	1.230761	0.999912	1.230797	0.000102	1.226011	0.000056	1.203742	0.000015	1.220211	0.000054	1.218382	0.000036	1.230761	0.999897	
1356746153.078827	1.000000	56.548431	43.049149	6.048676	1.229843	0.001599	1.230718	0.999776	1.230718	0.999777	1.230694	0.001201	1.230746	0.999741	1.228358	0.000011	1.226513	0.000011	1.219714	0.000011	1356746153.079076	0.999995	58.321062	44.568018	8.060847	1.230763	0.999782	1.230763	0.999773	1.225216	0.000059	1.214795	0.000017	1.231904	0.000040	1.231673	0.000034	1.229959	0.000042	1.230767	0.999911	
1356746154.078829	1.000002	57.027067	43.533898	6.036045	1.230626	0.006663	1.230752	0.999416	1.230741	0.999103	1.229350	0.000386	1.230733	0.998832	1.230514	0.000042	1.230719	0.000037	1.233606	0.000038	1356746154.079083	1.000007	58.276269	44.540662	8.043813	1.230774	0.999232	1.230765	0.998957	1.230917	0.000031	1.230429	0.000036	1.231304	0.000010	1.229256	0.000027	1.232190	0.000010	1.230706	0.999382	
1356746155.078827	0.999998	56.642961	43.142981	5.994854	1.230161	0.003199	1.230707	0.999776	1.230707	0.999775	1.229451	0.000367	1.230742	0.999731	1.233644	0.000011	1.230980	0.000011	1.231318	0.000011	1356746155.079077	0.999994	58.306210	44.554358	8.040575	1.230763	0.999822	1.230763	0.999821	1.225222	0.000061	1.212779	0.000017	1.230112	0.000036	1.231366	0.000035	1.231189	0.000057	1.230765	0.999909	
1356746156.078827	1.000000	56.511993	43.022507	6.043137	1.230286	0.001707	1.230766	0.999955	1.230766	0.999954	1.230481	0.001390	1.230765	0.999954	1.229031	0.000040	1.230433	0.000039	1.229863	0.000039	1356746156.079074	0.999997	58.345655	44.617478	8.069880	1.230765	0.999952	1.230765	0.999952	1.226088	0.000032	1.225681	0.000037	1.212902	0.000010	1.224812	0.000030	1.213951	0.000009	1.230765	0.999953	
1356746157.078827	1.000000	56.590302	43.099182	6.042267	1.227716	0.000472	1.230763	0.999935	1.230763	0.999934	1.230639	0.002766	1.230763	0.999935	1.237336	0.000011	1.232969	0.000011	1.238282	0.000011	1356746157.079080	1.000006	58.433398	44.704690	8.052808	1.230763	0.999926	1.230763	0.999931	1.228702	0.000078	1.225704	0.000017	1.235147	0.000037	1.234900	0.000035	1.235336	0.000038	1.230763	0.999933	
1356746158.078827	1.000000	53.545654	40.055008	6.031586	1.219039	0.000089	1.230763	0.602725	1.245642	0.997498	1.230756	0.003503	1.245642	0.997495	1.229737	0.000044	1.230007	0.000038	1.228658	0.000039	1356746158.079028	0.999948	62.460629	48.707839	8.063240	1.230760	0.999889	1.230760	0.999888	1.230756	0.397339	1.218284	0.000050	1.208839	0.000010	1.228189	0.000030	1.206726	0.000010	1.230760	0.999919	
1356746159.078828	1.000001	49.037459	35.513836	6.052225	1.230701	0.001597	1.219739	0.000019	1.268778	0.995276	1.230560	0.002350	1.268776	0.995564	1.231689	0.000011	1.233139	0.000011	1.232430	0.000011	1356746159.079035	1.000007	68.629424	54.860125	7.985907	1.230726	0.999635	1.230753	0.999538	1.230753	0.999537	1.193434	0.000038	1.192128	0.000037	1.191360	0.000037	1.190955	0.000054	1.230754	0.999586	
1356746160.078827	0.999999	52.670384	39.160728	6.040411	1.230769	0.461408	1.230803	0.003232	1.249083	0.997242	1.230724	0.000382	1.249083	0.997239	1.227924	0.000040	1.233119	0.000039	1.230853	0.000039	1356746160.079136	1.000101	63.984361	50.246675	8.058115	1.230752	0.540496	1.230760	0.999935	1.230760	0.999934	1.207702	0.000051	1.221189	0.000009	1.197015	0.000031	1.224345	0.000009	1.230760	0.999902	
1356746161.078827	1.000000	56.773849	43.278336	6.046265	1.230763	0.999935	1.229842	0.000595	1.230764	0.999935	1.230079	0.000359	1.230763	0.999936	1.258906	0.000011	1.220263	0.000011	1.229449	0.000011	1356746161.079067	0.999931	58.490496	44.802342	8.076881	1.222675	0.000042	1.230764	0.999934	1.230763	0.999934	1.223476	0.000038	1.230684	0.000037	1.232082	0.000033	1.230328	0.000038	1.230763	0.999933	
1356746162.078827	1.000000	56.661713	43.161865	6.057449	1.230762	0.999906	1.229844	0.001645	1.230761	0.999906	1.229983	0.000397	1.230762	0.999906	1.212906	0.000047	1.218755	0.000039	1.219809	0.000040	1356746162.079070	1.000003	58.516130	44.816283	8.055242	1.228642	0.000049	1.230765	0.999956	1.230765	0.999955	1.220948	0.000051	1.232100	0.000010	1.228233	0.000030	1.232141	0.000010	1.230765	0.999956	
1356746163.078827	1.000000	56.698761	43.202133	6.053513	1.230763	0.999934	1.214970	0.000049	1.230763	0.999934	1.230284	0.002419	1.230763	0.999934	1.264489	0.000019	1.255624	0.000019	1.254092	0.000019	1356746163.079071	1.000001	58.536657	44.844928	8.060692	1.227835	0.000056	1.230763	0.999934	1.230763	0.999934	1.233844	0.000052	1.229370	0.000053	1.216590	0.000048	1.230812	0.000063	1.230765	0.999954	
1356746164.078834	1.000007	43.509465	30.088980	5.214411	1.230738	0.692292	1.222029	0.000094	1.230754	0.692202	1.187218	0.002720	1.230754	0.692128	1.102949	0.000043	1.234585	0.000038	1.234204	0.000039	1356746164.079209	1.000138	51.074370	37.614116	5.482703	1.237284	0.000049	1.230766	0.691928	1.230766	0.691904	1.251881	0.000062	1.258932	0.000006	1.247632	0.000047	1.244316	0.000007	1.242619	0.999924	
1356746165.078827	0.999993	17.111248	3.782772	3.173713	0.918970	0.000669	0.779019	0.000126	0.920259	0.000016	0.515463	0.000730	0.922408	0.000016	0.550132	0.000024	0.716182	0.000022	0.714559	0.000022	1356746165.079110	0.999901	37.592205	24.400989	1.916556	1.260161	0.000068	1.224029	0.000012	1.258481	0.000051	1.260020	0.000057	1.269158	0.000061	1.269003	0.000054	1.270053	0.000069	1.269221	0.999914	
1356746166.078830	1.000003	18.451710	5.140411	3.710453	0.773693	0.006065	0.708344	0.000543	0.750146	0.000103	0.602587	0.000794	0.813210	0.000102	0.887596	0.000127	0.724370	0.000114	0.962159	0.000098	1356746166.079265	1.000155	37.513885	24.310457	2.616874	1.267913	0.000086	1.268161	0.000079	0.760095	0.000125	1.262580	0.000136	1.254150	0.000058	0.747339	0.000198	0.869217	0.000086	1.269169	0.995553	
1356746167.078886	1.000056	27.528823	14.160645	6.213183	0.744216	0.014228	0.905082	0.002930	1.144373	0.000232	1.009164	0.000735	1.159087	0.000227	1.219297	0.000660	1.044801	0.000445	1.252269	0.000359	1356746167.079351	1.000086	37.345434	24.023994	5.760429	1.267346	0.000374	1.264509	0.000169	0.803589	0.000865	1.153542	0.000623	1.083832	0.000664	0.941541	0.000836	0.999112	0.000716	1.268654	0.964050	
1356746168.078828	0.999942	715841564.379910	715807096.837308	715840262.294157	0.999911	1.000647	0.999910	1.000659	0.999913	1.000662	0.999911	1.000646	0.999912	1.000655	0.999914	1.000646	0.999913	1.000659	0.999911	1.000651	1356746168.078920	0.999569	716105691.178097	716102374.774191	716123922.607676	0.999911	1.000647	0.999910	1.000654	3.898283	0.256674	0.999909	1.000641	0.999913	1.000662	0.999913	1.000644	0.999911	1.000655	0.999913	1.000657	
1356746169.078969	1.000141	0.000000	0.000000	0.000000	-nan	-nan	-nan	-nan	1.000008	inf	-nan	-nan	-nan	0.000000	-nan	-nan	-nan	-nan	-nan	-nan	1356746169.079032	1.000112	0.000000	0.000000	0.000000	-nan	-nan	-nan	-nan	1.345745	inf	-nan	-nan	-nan	-nan	-nan	-nan	-nan	-nan	-nan	-nan	
