ts_0	elapsed_0	pkg_0	pp0_0	dram_0	freq_ratio_0_0	c0_ratio_0_0	freq_ratio_0_1	c0_ratio_0_1	freq_ratio_0_2	c0_ratio_0_2	freq_ratio_0_3	c0_ratio_0_3	freq_ratio_0_4	c0_ratio_0_4	freq_ratio_0_5	c0_ratio_0_5	freq_ratio_0_6	c0_ratio_0_6	freq_ratio_0_7	c0_ratio_0_7	ts_1	elapsed_1	pkg_1	pp0_1	dram_1	freq_ratio_1_0	c0_ratio_1_0	freq_ratio_1_1	c0_ratio_1_1	freq_ratio_1_2	c0_ratio_1_2	freq_ratio_1_3	c0_ratio_1_3	freq_ratio_1_4	c0_ratio_1_4	freq_ratio_1_5	c0_ratio_1_5	freq_ratio_1_6	c0_ratio_1_6	freq_ratio_1_7	c0_ratio_1_7	
1357209059.813153	1.001621	68.403613	54.716404	5.214554	1.156185	0.609551	1.154157	0.595772	1.154654	0.602451	1.154744	0.603592	1.154647	0.601105	1.154861	0.603215	1.154671	0.600717	1.154652	0.601568	1357209059.813226	1.000336	70.775205	57.027931	5.323071	0.999982	0.932215	0.999991	0.932087	0.999992	0.931852	0.999982	0.931792	1.000001	0.931455	1.000001	0.931465	1.000001	0.915213	0.999994	0.932849	
1357209060.813148	0.999995	74.982523	61.191377	5.836638	1.000000	1.000001	1.000000	1.000000	1.000000	1.000000	1.000001	1.000000	1.000000	1.000000	1.000000	1.000000	1.000000	1.000000	1.000001	1.000000	1357209060.813207	0.999981	76.522456	62.618382	6.435700	1.000000	1.000000	1.000000	1.000000	1.000000	1.000000	1.000000	1.000000	1.000000	1.000000	1.000000	1.000000	1.000000	1.000000	1.000000	1.000000	
1357209061.813147	0.999999	75.237132	61.401807	5.817144	1.000000	1.000000	1.000000	1.000000	1.000000	1.000000	1.000000	1.000000	1.000000	1.000000	1.000000	1.000000	1.000000	1.000001	1.000000	1.000000	1357209061.813204	0.999997	76.729822	62.769283	6.712805	1.000000	1.000000	1.000000	1.000000	1.000000	1.000000	1.000000	1.000000	1.000000	1.000000	1.000000	1.000000	1.000000	1.000000	1.000000	1.000000	
1357209062.813147	1.000000	75.241730	61.383118	5.816223	1.000000	1.000000	1.000000	1.000000	1.000000	1.000000	1.000000	1.000000	1.000000	1.000000	1.000000	1.000000	1.000000	1.000000	1.000000	1.000000	1357209062.813204	1.000000	76.856857	62.869354	6.801453	1.000000	1.000000	1.000000	1.000000	1.000000	1.000000	1.000000	1.000000	1.000000	1.000000	1.000000	1.000000	1.000000	1.000000	1.000000	1.000000	
1357209063.813147	1.000000	75.208542	61.353867	5.805283	0.999969	0.999860	0.999969	0.999856	0.999957	0.999884	0.999970	0.999859	0.999988	0.999825	0.999970	0.999858	0.999971	0.999857	0.999971	0.999856	1357209063.813211	1.000007	76.899065	62.909065	6.825102	1.000000	0.999916	1.000000	0.999868	1.000000	1.000000	1.000000	0.999883	1.000000	0.999847	1.000000	1.000000	1.000000	0.999899	1.000000	0.999928	
1357209064.813147	1.000000	74.990097	61.119827	5.819321	1.000000	0.999660	1.000000	0.999655	0.999999	0.999733	1.000000	0.999683	1.000000	0.999682	1.000001	1.000000	1.000000	0.999680	1.000000	0.999680	1357209064.813212	1.000001	76.903003	62.928071	6.718713	1.000000	0.999705	1.000000	1.000000	1.000000	0.999689	1.000000	0.999655	1.000000	0.999679	1.000000	0.999947	1.000000	1.000000	1.000000	0.999715	
1357209065.813147	1.000000	74.871689	61.029556	5.804886	1.000000	0.999843	1.000000	0.999857	1.000000	0.999842	1.000000	0.999840	1.000000	0.999808	0.999999	0.999839	1.000000	0.999825	1.000000	0.999824	1357209065.813212	1.000000	76.965500	63.014786	6.541702	1.000000	0.999860	1.000000	0.999824	1.000000	1.000000	1.000000	1.000000	1.000000	0.999805	1.000000	1.000000	1.000000	1.000000	1.000000	1.000000	
1357209066.813147	1.000000	74.958832	61.099152	5.815552	1.000000	0.999564	1.000000	0.999584	1.000000	0.999606	1.000000	0.999563	1.000000	0.999561	1.000000	0.999561	1.000001	0.999560	1.000000	0.999559	1357209066.813210	0.999998	77.089182	63.123503	6.589643	1.000000	1.000000	1.000000	1.000000	1.000000	1.000000	1.000000	1.000000	1.000000	0.999569	1.000000	1.000000	1.000000	1.000000	1.000000	0.999622	
1357209067.813147	1.000000	75.019272	61.116333	5.795547	1.000000	0.999102	1.000000	0.999140	1.000000	0.999688	1.000000	0.999132	1.000000	0.999129	1.000000	0.999097	1.000000	0.999126	1.000000	0.999125	1357209067.813208	0.999998	77.103754	63.087462	6.815412	1.000000	0.999472	1.000000	0.999176	1.000000	0.999489	1.000000	0.999099	1.000000	0.999490	1.000000	0.999490	1.000000	0.999456	1.000000	0.999522	
1357209068.813147	1.000000	75.054123	61.173828	5.792816	1.000000	1.000000	1.000000	1.000000	1.000000	1.000000	1.000000	1.000000	1.000000	1.000000	1.000000	1.000000	1.000000	1.000000	1.000000	0.999398	1357209068.813205	0.999997	77.094416	63.117688	6.733404	1.000000	1.000000	1.000000	1.000000	1.000000	1.000000	1.000000	1.000000	1.000000	1.000000	1.000000	1.000000	1.000000	1.000000	1.000000	1.000000	
1357209069.813147	1.000000	75.091888	61.173462	5.799103	0.999999	0.999573	1.000000	1.000000	1.000000	0.999675	1.000000	1.000000	1.000000	0.999572	1.000000	1.000000	0.999999	0.999571	1.000000	1.000000	1357209069.813211	1.000006	77.105711	63.087133	6.771261	1.000000	0.999594	1.000000	1.000000	1.000000	0.999611	1.000000	0.999571	1.000000	0.999575	1.000000	0.999615	1.000000	1.000000	1.000000	0.999620	
1357209070.813147	1.000000	75.161041	61.273956	5.824234	1.000000	1.000000	1.000000	1.000000	1.000000	1.000000	1.000000	1.000000	1.000000	1.000000	1.000000	1.000000	1.000000	1.000000	1.000000	1.000000	1357209070.813208	0.999997	77.145518	63.151075	6.700231	1.000000	1.000000	1.000000	1.000000	1.000000	1.000000	1.000000	1.000000	1.000000	1.000000	1.000000	1.000000	1.000000	1.000000	1.000000	1.000000	
1357209071.813153	1.000006	33.463134	20.071658	2.936811	0.999897	0.272514	0.999812	0.272421	1.000000	0.271989	0.999897	0.272147	0.999931	0.272079	0.999931	0.271946	0.999932	0.271964	0.999553	0.273120	1357209071.813309	1.000101	42.077930	28.734873	2.586927	0.999997	0.272088	0.999996	0.271914	0.999996	0.271996	0.999997	0.272034	0.999997	0.272155	0.999996	0.272051	0.999998	0.271895	1.000000	1.000000	
1357209072.813149	0.999996	18.769272	5.486457	2.992627	0.676789	0.009087	0.734792	0.000193	1.012610	0.000043	1.034891	0.000007	1.074936	0.000007	1.064493	0.000007	0.661312	0.000011	0.603897	0.000305	1357209072.813537	1.000228	29.057983	15.824976	2.717764	0.999563	0.000062	1.009511	0.000059	1.094289	0.000006	1.093922	0.000006	1.006065	0.000080	1.003573	0.000136	1.002213	0.000007	1.000000	1.000000	
1357209073.813147	0.999998	21.336802	8.043930	3.895271	0.676721	0.013843	0.762969	0.000229	0.801525	0.000020	0.934890	0.000070	0.950515	0.000082	0.930900	0.000057	0.934763	0.000054	0.865497	0.000119	1357209073.813560	1.000023	29.002663	15.747213	3.627419	1.000328	0.000059	0.999973	0.000043	0.999860	0.000058	0.991290	0.000061	0.998609	0.000055	1.000053	0.000094	0.999930	0.000050	1.000000	1.000000	
1357209074.813148	1.000001	20.408016	7.132424	3.887295	0.622124	0.015357	0.716752	0.000182	0.860716	0.000063	1.020116	0.000008	0.650898	0.000010	0.650568	0.000010	0.996156	0.000008	0.690076	0.000134	1357209074.813452	0.999892	28.972627	15.720631	3.651289	0.999701	0.000041	0.999978	0.000089	0.999803	0.000012	1.000264	0.002088	1.000938	0.000120	0.999910	0.000133	1.000892	0.000012	1.000000	1.000000	
1357209075.813148	1.000000	18.607559	5.317780	3.929947	0.562847	0.018532	0.711541	0.000240	0.999984	0.000024	0.922462	0.000073	0.929451	0.000078	0.852102	0.000066	0.852526	0.000064	0.606080	0.000096	1357209075.813541	1.000089	28.950611	15.704978	3.746218	0.999868	0.000087	0.999977	0.000084	0.999976	0.000063	0.999871	0.000078	0.999904	0.000056	1.000121	0.000396	0.999051	0.000046	1.000000	1.000000	
1357209076.813149	1.000001	22.905969	9.617987	3.802624	0.762550	0.009889	0.999997	0.000129	0.917240	0.000067	0.689106	0.000010	1.002223	0.000008	0.648640	0.000010	0.650254	0.000010	0.788590	0.000116	1357209076.813386	0.999845	28.898308	15.667849	3.423260	0.999991	0.000041	0.999961	0.000079	0.999867	0.000012	0.999439	0.000012	0.999969	0.000101	1.000003	0.000136	1.000194	0.000012	1.000000	1.000000	
1357209077.813151	1.000002	20.453742	7.164369	3.839516	0.629916	0.015436	0.687917	0.000218	1.001611	0.000017	0.787266	0.000078	0.788800	0.000083	0.756876	0.000069	0.762318	0.000071	0.999933	0.000058	1357209077.813386	1.000000	28.920517	15.674164	3.580032	0.999916	0.000059	1.000027	0.000043	1.000028	0.000054	1.000032	0.000060	1.000146	0.000056	0.999525	0.000080	1.000381	0.000047	1.000000	1.000000	
1357209078.813148	0.999997	21.795493	8.506893	3.766674	0.690401	0.012123	0.878126	0.000171	0.764688	0.000069	0.999407	0.000008	1.001244	0.000008	0.999854	0.000008	1.011991	0.000008	0.789365	0.000167	1357209078.813386	1.000000	28.912338	15.668823	3.442413	0.999943	0.000041	0.999939	0.000082	0.999740	0.000012	0.999706	0.000012	0.999905	0.000122	1.000213	0.000163	0.998519	0.000012	1.000000	1.000000	
1357209079.813160	1.000012	22.173991	8.887971	3.793366	0.729519	0.010793	0.673342	0.000231	0.673833	0.000067	0.741436	0.000080	0.922846	0.000069	0.843895	0.000061	0.851617	0.000065	0.722485	0.000082	1357209079.813599	1.000213	28.885665	15.646647	3.524564	1.000093	0.000058	1.000107	0.000043	0.999947	0.000058	0.998367	0.000060	0.999912	0.000057	0.999637	0.000080	0.999663	0.000047	1.000000	1.000000	
1357209080.813147	0.999987	20.306831	7.021973	3.901891	0.608614	0.014205	0.724143	0.000201	0.736418	0.000084	1.014436	0.000008	0.705297	0.000011	0.651186	0.000010	0.652977	0.000010	0.693999	0.000131	1357209080.813510	0.999911	28.902137	15.655704	3.673224	0.999933	0.000040	0.999946	0.000099	1.000032	0.000012	1.008196	0.000012	1.000046	0.000109	1.000060	0.000443	1.002199	0.000011	1.000000	1.000000	
1357209081.813151	1.000004	20.521828	7.240815	3.858963	0.640728	0.016752	0.714042	0.000199	1.008789	0.000016	0.775315	0.000080	0.877195	0.000072	0.900524	0.000061	0.891646	0.000057	1.000179	0.000063	1357209081.813390	0.999880	28.883560	15.638014	3.627831	1.000006	0.000060	0.999927	0.000064	1.000062	0.000075	1.000060	0.000077	1.000064	0.000055	0.999653	0.000092	0.999230	0.000046	1.000000	1.000000	
1357209082.813147	0.999996	23.411335	10.127437	3.741074	0.833891	0.009338	0.899596	0.000152	0.990383	0.000054	0.999865	0.000009	1.000681	0.000008	1.002290	0.000009	1.006266	0.000009	0.999939	0.000089	1357209082.813438	1.000048	28.884327	15.646269	3.432300	0.998877	0.000061	0.999982	0.000066	0.999934	0.000012	1.000328	0.000012	0.999996	0.000088	0.999956	0.000104	1.004904	0.000012	1.000000	1.000000	
1357209083.813159	1.000012	23.230375	9.960742	3.764619	0.799034	0.011781	0.840974	0.000220	1.013731	0.000037	0.813121	0.000093	1.005232	0.000078	1.006672	0.000076	1.008030	0.000067	0.863775	0.000149	1357209083.813385	0.999947	28.892139	15.651448	3.391247	1.000575	0.000090	0.999980	0.000057	0.999789	0.000071	0.993237	0.000081	0.999915	0.000109	1.000359	0.000107	0.999966	0.000080	1.000000	1.000000	
1357209084.813149	0.999990	22.115700	8.834058	3.719565	0.729312	0.013212	0.886796	0.000139	1.000127	0.000067	1.008315	0.000008	0.993458	0.000008	0.998702	0.000008	0.995404	0.000008	0.712282	0.000123	1357209084.813389	1.000004	28.894124	15.655347	3.360368	1.000309	0.000041	0.990208	0.000065	0.996560	0.000007	1.000267	0.002016	1.000082	0.000099	0.999809	0.000129	0.991915	0.000007	1.000000	1.000000	
1357209085.813154	1.000005	20.510945	7.230631	3.857021	0.640059	0.015209	0.622356	0.000312	0.813127	0.000022	0.693986	0.000087	0.868713	0.000070	0.926785	0.000057	0.997469	0.000055	0.602255	0.000099	1357209085.813617	1.000228	28.891410	15.654193	3.622435	1.000072	0.000059	1.000599	0.001063	1.000490	0.000059	1.000070	0.000061	0.999867	0.000055	0.996832	0.000380	1.000720	0.000051	1.000000	1.000000	
1357209086.813147	0.999993	19.708983	6.433913	3.856487	0.610431	0.016827	0.658311	0.000197	0.940072	0.000057	0.645963	0.000010	0.657444	0.000010	0.648134	0.000010	1.019727	0.000008	0.821980	0.000107	1357209086.813416	0.999799	28.873509	15.645341	3.634871	1.000092	0.000063	0.999971	0.000067	0.996979	0.000012	0.999178	0.000012	0.999679	0.000108	1.011376	0.000104	0.999562	0.000012	1.000000	1.000000	
1357209087.813151	1.000004	22.149294	8.874460	3.766342	0.721938	0.011081	0.958324	0.000376	0.992348	0.000021	0.775486	0.000083	0.997835	0.000065	1.000552	0.000053	0.980313	0.000057	0.658035	0.000090	1357209087.813514	1.000098	28.889854	15.657203	3.494988	0.999973	0.000087	0.999972	0.000068	1.000412	0.000080	0.999833	0.000065	1.000717	0.000055	1.000031	0.000099	1.000105	0.000066	1.000000	1.000000	
1357209088.813147	0.999996	23.850484	10.568356	3.739090	0.849636	0.009700	0.999857	0.000165	0.729149	0.000078	1.010812	0.000008	1.009151	0.000008	1.001306	0.000008	0.706423	0.000010	1.000160	0.000135	1357209088.813397	0.999883	28.892436	15.652940	3.395585	0.999658	0.000061	0.999965	0.000099	0.999934	0.000012	1.000165	0.000012	0.999892	0.000092	1.000155	0.000132	0.998128	0.000012	1.000000	1.000000	
1357209089.813147	1.000000	22.197861	8.916138	3.792267	0.729838	0.011344	0.904779	0.000161	0.971666	0.000016	1.000019	0.000060	1.001208	0.000063	1.000179	0.000054	0.999951	0.000055	0.764024	0.000083	1357209089.813565	1.000168	28.884412	15.647471	3.465635	1.000189	0.000080	0.999883	0.000043	0.999971	0.000054	0.999498	0.000058	1.000122	0.000076	0.999766	0.000104	0.999457	0.000047	1.000000	1.000000	
1357209090.813152	1.000005	18.921918	5.645251	3.919261	0.570390	0.017602	0.645457	0.000201	0.794642	0.000063	0.994291	0.000008	0.826226	0.000010	0.980831	0.000008	0.991758	0.000008	0.616032	0.000135	1357209090.813561	0.999996	28.877848	15.642260	3.712723	0.999953	0.000041	0.999928	0.000107	0.999872	0.000012	1.003606	0.000012	0.999895	0.000088	0.999978	0.000393	1.000990	0.000012	1.000000	1.000000	
1357209091.813164	1.000012	22.135188	8.860170	3.757127	0.708823	0.012071	0.747395	0.000193	0.801968	0.000018	0.983376	0.000059	1.000678	0.000060	0.849825	0.000059	0.887988	0.000058	0.788947	0.000075	1357209091.813617	1.000056	28.858338	15.625574	3.439855	1.000094	0.000062	1.000117	0.000063	0.999830	0.000055	0.999786	0.000058	0.998018	0.000056	0.997596	0.000081	0.999863	0.000059	1.000000	1.000000	
1357209092.813150	0.999986	21.642425	8.377437	3.800530	0.680691	0.013437	0.716889	0.000181	0.913565	0.000062	0.692416	0.000010	1.005448	0.000008	0.998631	0.000008	0.614850	0.000012	0.703720	0.000123	1357209092.813496	0.999879	28.860673	15.621155	3.513045	0.999758	0.000046	0.999982	0.000066	0.997818	0.000012	1.001165	0.000012	1.001479	0.000085	1.001717	0.000113	1.003302	0.000011	1.000000	1.000000	
1357209093.813147	0.999997	18.904218	5.619860	3.907635	0.575017	0.017301	0.624599	0.000287	1.002468	0.000016	0.912964	0.000068	0.915754	0.000071	0.895864	0.000058	0.916451	0.000055	0.584007	0.000179	1357209093.813505	1.000009	28.851454	15.614971	3.723126	1.000036	0.000085	0.999970	0.000064	1.000417	0.000074	0.989962	0.000056	0.999903	0.000075	1.000000	0.000079	1.000349	0.000044	1.000000	1.000000	
1357209094.813154	1.000007	21.896699	8.613985	3.780980	0.706739	0.012443	0.708442	0.000184	0.906044	0.000065	0.999059	0.000009	0.996628	0.000009	1.001292	0.000009	0.697245	0.000011	0.993877	0.000085	1357209094.813413	0.999908	28.850250	15.640050	3.512897	0.998370	0.000062	0.999996	0.000095	0.999869	0.000012	1.000265	0.002069	1.000014	0.000111	0.999997	0.000110	0.999463	0.000012	1.000000	1.000000	
1357209095.813148	0.999994	20.940143	7.663834	3.822975	0.674220	0.011996	0.753451	0.000214	1.018060	0.000032	0.784216	0.000102	0.757617	0.000114	0.636608	0.000103	0.773533	0.000086	0.847643	0.000346	1357209095.813621	1.000208	28.849257	15.602698	3.537747	1.001097	0.000094	0.999963	0.000094	0.999536	0.000073	0.999900	0.000115	1.000000	0.000340	0.999953	0.000412	0.999917	0.000060	1.000000	1.000000	
1357209096.813155	1.000007	20.876900	7.627740	3.811268	0.699714	0.016671	0.979428	0.003396	0.996683	0.002541	0.999976	0.002581	0.998622	0.002393	1.000010	0.002224	0.998538	0.002356	0.994775	0.003560	1357209096.813448	0.999827	28.955665	15.717763	3.606749	0.999842	0.002512	0.999997	0.002535	0.999998	0.002552	1.000002	0.002498	1.000000	0.002738	1.000007	0.002430	0.999988	0.002413	1.000000	1.000000	
1357209097.813150	0.999995	23.876386	10.634086	3.695865	0.882965	0.009146	0.804242	0.000183	1.002509	0.000016	0.758159	0.000065	0.998896	0.000077	0.996610	0.000043	0.998110	0.000047	0.643617	0.000056	1357209097.813398	0.999950	28.855876	15.622532	3.443394	1.004701	0.000078	0.999981	0.000062	0.999949	0.000046	0.999310	0.000071	1.000007	0.000059	0.999892	0.000079	0.999469	0.000041	1.000000	1.000000	
1357209098.813147	0.999997	22.635370	9.393813	3.781872	0.750435	0.012011	0.851775	0.000227	0.838773	0.000064	1.005354	0.000008	0.677860	0.000056	1.020470	0.000008	1.014769	0.000008	0.857265	0.000128	1357209098.813414	1.000016	28.834210	15.602076	3.448752	1.000044	0.000061	0.999974	0.000088	1.001344	0.000012	1.003192	0.000012	0.999968	0.000121	0.999997	0.000130	1.004220	0.000015	1.000000	1.000000	
1357209099.813147	1.000000	21.961182	8.707123	3.776566	0.710722	0.011941	0.819221	0.000190	0.997458	0.000016	0.998706	0.000065	0.830278	0.000091	0.999436	0.000054	0.999548	0.000054	0.700759	0.000052	1357209099.813418	1.000004	28.839574	15.609800	3.498811	1.000270	0.000058	1.000018	0.000043	1.000104	0.000055	0.999794	0.000081	1.000009	0.000329	0.999990	0.000079	1.000000	0.000066	1.000000	1.000000	
1357209100.813152	1.000005	21.403747	8.165853	3.842998	0.680388	0.012850	0.707413	0.000183	0.747215	0.000071	1.008856	0.000008	0.700567	0.000055	0.997519	0.000008	0.996978	0.000008	0.641223	0.000101	1357209100.813503	1.000085	28.834612	15.607543	3.607512	0.999782	0.000041	1.000014	0.000108	0.999967	0.000012	1.001324	0.000012	0.999823	0.000100	0.998747	0.000453	0.998169	0.000012	1.000000	1.000000	
1357209101.813150	0.999998	21.995235	8.745149	3.817848	0.707307	0.012926	0.901856	0.000168	1.001435	0.000016	0.921117	0.000068	0.769266	0.000095	0.904756	0.000058	0.903681	0.000058	0.698099	0.000053	1357209101.813569	1.000066	28.840899	15.610221	3.631917	1.000012	0.000065	0.999915	0.000064	1.000007	0.000055	0.999975	0.000077	1.000027	0.000057	1.005484	0.000105	1.000503	0.000047	1.000000	1.000000	
1357209102.813156	1.000006	20.207857	6.944447	3.834770	0.614148	0.016311	0.718207	0.000186	0.999173	0.000055	0.899432	0.000009	0.642598	0.000059	0.666054	0.000012	0.495960	0.000014	0.792811	0.000086	1357209102.813637	1.000068	28.845361	15.613288	3.589417	0.999958	0.000064	0.999989	0.000102	0.999839	0.000012	0.999776	0.000012	0.998960	0.000090	0.998659	0.000113	0.864892	0.000013	1.000000	1.000000	
1357209103.813147	0.999991	22.158709	8.902928	3.769062	0.716984	0.011681	0.770231	0.000221	1.004269	0.000016	0.867234	0.000073	0.800168	0.000098	0.937056	0.000059	0.879108	0.000063	0.645744	0.000124	1357209103.813554	0.999917	28.838437	15.611464	3.490768	0.999841	0.000058	0.999872	0.000063	0.999980	0.000076	0.993096	0.000079	1.001375	0.000075	1.001181	0.000100	1.025897	0.000066	1.000000	1.000000	
1357209104.813147	1.000000	18.643112	5.366562	3.939041	0.560060	0.019040	0.598055	0.000227	0.735301	0.000079	0.999660	0.000008	0.640902	0.000061	1.007671	0.000008	0.655996	0.000010	0.757996	0.000088	1357209104.813404	0.999850	28.819843	15.600438	3.734752	1.000009	0.000041	0.999976	0.000065	0.999244	0.000012	1.000264	0.002044	0.999951	0.000086	1.000275	0.000157	1.004052	0.000012	1.000000	1.000000	
1357209105.813149	1.000002	21.709706	8.446746	3.804757	0.694967	0.013075	0.679431	0.000217	0.937780	0.000018	0.762563	0.000081	0.805037	0.000091	0.748015	0.000070	0.596364	0.000085	0.675876	0.000056	1357209105.813561	1.000157	28.828753	15.598227	3.480670	1.000067	0.000069	0.998954	0.000088	0.999590	0.000063	1.000030	0.000078	0.999404	0.000054	0.999915	0.000405	0.999551	0.000046	1.000000	1.000000	
1357209106.813147	0.999998	21.102595	7.834854	3.780601	0.667538	0.014254	0.794361	0.000172	0.911358	0.000057	1.023960	0.000009	0.619124	0.000062	1.004535	0.000009	1.009659	0.000009	0.991731	0.000065	1357209106.813618	1.000057	28.821310	15.596874	3.558498	0.998934	0.000096	1.001117	0.000087	1.002436	0.000012	0.999580	0.000012	1.000367	0.000095	0.998942	0.000109	0.994426	0.000012	1.000000	1.000000	
1357209107.813153	1.000006	18.502423	5.248946	3.918190	0.560276	0.017995	0.602254	0.000343	0.758197	0.000077	0.773793	0.000097	0.802238	0.000108	0.617778	0.000108	0.603583	0.000112	0.691604	0.000110	1357209107.813507	0.999889	28.820585	15.589974	3.718324	1.000717	0.000127	0.999954	0.000058	0.998824	0.000086	0.998780	0.000076	0.999911	0.000074	1.000925	0.000119	1.000591	0.000072	1.000000	1.000000	
1357209108.813147	0.999994	18.372866	5.089828	3.923531	0.558005	0.018850	0.683020	0.000295	0.829148	0.000060	1.006071	0.000008	0.949988	0.000044	0.650320	0.000010	0.649196	0.000010	0.611674	0.000191	1357209108.813542	1.000035	28.801466	15.572712	3.718467	0.999876	0.000096	0.999991	0.000128	1.013953	0.000007	1.013202	0.000007	1.000060	0.000097	0.999992	0.000093	1.006750	0.000006	1.000000	1.000000	
1357209109.813147	1.000000	19.310181	6.034409	3.874649	0.588505	0.016314	0.769304	0.000217	0.823496	0.000018	0.740341	0.000081	0.786722	0.000089	0.694562	0.000072	0.684626	0.000074	0.651399	0.000057	1357209109.813398	0.999856	28.818176	15.585924	3.646262	1.000018	0.000127	0.999991	0.000043	0.999941	0.000059	0.999869	0.000062	0.999873	0.000055	1.000522	0.000047	0.999583	0.000052	1.000000	1.000000	
1357209110.813153	1.000006	715785793.254555	715768466.148482	715802655.279889	0.999878	1.000502	0.999879	1.000523	0.999888	1.000512	0.999880	1.000510	0.999880	1.000516	0.999882	1.000508	0.999881	1.000516	0.999880	1.000513	1357209110.813259	0.999861	715918721.601541	715887457.365310	715913038.510348	0.999877	1.000500	0.999878	1.000514	3.900602	0.256473	0.999878	1.000504	0.999880	1.000512	0.999884	1.000514	0.999880	1.000513	0.999881	1.000516	
1357209111.813296	1.000143	0.000000	0.000000	0.000000	-nan	-nan	-nan	-nan	8.000000	inf	-nan	-nan	-nan	0.000000	-nan	-nan	-nan	-nan	-nan	-nan	1357209111.813375	1.000116	0.000000	0.000000	0.000000	-nan	-nan	-nan	-nan	0.000000	inf	-nan	-nan	-nan	-nan	-nan	-nan	-nan	-nan	-nan	-nan	
