ts_0	elapsed_0	pkg_0	pp0_0	dram_0	freq_ratio_0_0	c0_ratio_0_0	freq_ratio_0_1	c0_ratio_0_1	freq_ratio_0_2	c0_ratio_0_2	freq_ratio_0_3	c0_ratio_0_3	freq_ratio_0_4	c0_ratio_0_4	freq_ratio_0_5	c0_ratio_0_5	freq_ratio_0_6	c0_ratio_0_6	freq_ratio_0_7	c0_ratio_0_7	ts_1	elapsed_1	pkg_1	pp0_1	dram_1	freq_ratio_1_0	c0_ratio_1_0	freq_ratio_1_1	c0_ratio_1_1	freq_ratio_1_2	c0_ratio_1_2	freq_ratio_1_3	c0_ratio_1_3	freq_ratio_1_4	c0_ratio_1_4	freq_ratio_1_5	c0_ratio_1_5	freq_ratio_1_6	c0_ratio_1_6	freq_ratio_1_7	c0_ratio_1_7	
1353402746.071129	1.001685	39.045555	25.886575	4.459695	1.160058	0.515604	1.156006	0.497421	1.157170	0.506468	1.155729	0.503747	1.154334	0.491215	1.156035	0.500077	1.156407	0.497746	1.154964	0.492570	1353402746.071254	1.000376	42.547861	29.467253	2.510439	0.999928	0.257440	0.999828	0.497802	1.000001	0.497297	1.000001	0.496541	1.000001	0.496646	0.999964	0.496592	1.000141	0.001647	0.999726	0.797996	
1353402747.071125	0.999996	57.834570	44.695646	5.908074	1.000000	1.000000	1.000000	1.000000	1.000000	1.000000	1.000000	1.000000	1.000000	1.000000	1.000000	1.000000	1.000390	0.000436	1.014450	0.000029	1353402747.071244	0.999990	55.958293	42.881365	2.450830	0.999996	0.002300	1.000000	1.000000	1.000000	1.000000	1.000000	1.000000	1.000000	1.000000	1.000000	1.000000	0.999961	0.004227	1.000000	1.000000	
1353402748.071125	1.000000	53.599030	40.453873	5.900055	1.000000	1.000000	1.000000	0.860456	1.000000	0.860468	1.000000	0.860434	1.000000	0.860433	1.000000	0.860471	0.999722	0.000431	1.001865	0.000052	1353402748.071246	1.000002	53.433126	40.338790	2.582179	0.999916	0.000193	1.000000	0.998748	1.000000	1.000000	1.000000	0.860465	1.000000	0.860435	1.000000	0.860465	0.999966	0.004372	1.000000	1.000000	
1353402749.071124	0.999999	53.125997	39.980370	5.791250	0.998792	0.867522	1.000001	0.865463	1.000000	0.864348	0.999963	0.864352	0.999982	0.864374	0.999983	0.864070	0.985660	0.002534	0.999999	0.002096	1353402749.071246	1.000000	53.039993	39.951248	2.467545	1.000002	0.004114	1.000000	0.864361	1.000000	0.864364	1.000000	0.864186	1.000000	0.864212	1.000000	0.864339	0.999858	0.004418	1.000000	1.000000	
1353402750.071124	1.000000	53.972122	40.832031	5.585281	1.000000	0.871815	1.000000	0.870873	0.999999	0.870847	0.999999	0.870845	1.000000	0.870843	1.000000	0.870874	1.000045	0.002346	1.000131	0.000088	1353402750.071244	0.999998	52.753686	39.655181	2.456410	0.999907	0.000186	1.000000	0.870879	1.000000	0.870875	1.000000	0.870851	1.000000	0.870853	1.000000	0.870849	0.996853	0.000036	1.000000	1.000000	
1353402751.071124	1.000000	57.919373	44.767426	5.833786	1.000000	1.000000	1.000000	1.000000	1.000001	1.000000	1.000000	1.000000	1.000000	1.000000	1.000000	1.000000	0.999933	0.001387	0.998581	0.000024	1353402751.071248	1.000004	56.136598	43.047128	2.107749	1.000023	0.000291	1.000000	1.000000	1.000000	1.000000	1.000000	1.000000	1.000000	1.000000	1.000000	1.000000	1.001454	0.000429	1.000000	1.000000	
1353402752.071124	1.000000	52.953964	39.795074	5.561584	0.999778	0.861764	0.999964	0.860564	0.999965	0.860564	0.999984	0.860535	0.999985	0.860534	0.999946	0.860592	1.000122	0.000361	1.000096	0.000181	1353402752.071247	0.999999	51.933094	38.843100	2.183916	0.999693	0.000185	1.000000	0.860629	1.000000	0.860628	1.000000	0.860628	1.000000	0.860562	1.000000	0.860625	1.000250	0.000054	1.000000	1.000000	
1353402753.071124	1.000000	53.825531	40.665848	5.833359	0.999262	0.890382	1.000000	0.888551	1.000000	0.888502	1.000000	0.888555	1.000000	0.888550	1.000000	0.888589	0.982874	0.000377	0.998332	0.000014	1353402753.071245	0.999998	53.239176	40.144348	2.169621	1.000199	0.000246	1.000000	0.888551	1.000000	0.888549	1.000000	0.888549	1.000000	0.888514	1.000000	0.888538	0.999817	0.000095	1.000000	1.000000	
1353402754.071130	1.000006	715808617.225691	715764598.473384	715776686.433515	0.999938	1.000364	0.999939	1.000380	0.999940	1.000378	0.999941	1.000372	0.999943	1.000384	0.999944	1.000373	0.999942	1.000379	0.999943	1.000381	1353402754.071231	0.999986	715798065.568797	715810411.452592	715814477.008514	0.999940	1.000370	0.999936	1.000367	3.896377	0.256731	0.999941	1.000373	0.999943	1.000382	0.999944	1.000373	0.999942	1.000381	0.999943	1.000383	
1353402755.071130	1.000000	0.000000	0.000000	0.000000	-nan	-nan	-nan	-nan	1.000008	inf	-nan	-nan	-nan	0.000000	-nan	-nan	-nan	-nan	-nan	-nan	1353402755.071203	0.999972	0.000000	0.000000	0.000000	-nan	-nan	-nan	-nan	1.345745	inf	-nan	-nan	-nan	-nan	-nan	-nan	-nan	-nan	-nan	-nan	
