ts_0	elapsed_0	pkg_0	pp0_0	dram_0	freq_ratio_0_0	c0_ratio_0_0	freq_ratio_0_1	c0_ratio_0_1	freq_ratio_0_2	c0_ratio_0_2	freq_ratio_0_3	c0_ratio_0_3	freq_ratio_0_4	c0_ratio_0_4	freq_ratio_0_5	c0_ratio_0_5	freq_ratio_0_6	c0_ratio_0_6	freq_ratio_0_7	c0_ratio_0_7	ts_1	elapsed_1	pkg_1	pp0_1	dram_1	freq_ratio_1_0	c0_ratio_1_0	freq_ratio_1_1	c0_ratio_1_1	freq_ratio_1_2	c0_ratio_1_2	freq_ratio_1_3	c0_ratio_1_3	freq_ratio_1_4	c0_ratio_1_4	freq_ratio_1_5	c0_ratio_1_5	freq_ratio_1_6	c0_ratio_1_6	freq_ratio_1_7	c0_ratio_1_7	
1356625060.811959	1.001642	40.877536	27.255631	7.825895	1.154370	0.257122	1.154022	0.254531	1.153566	0.252964	1.155333	0.257980	1.154122	0.253645	1.155043	0.256282	1.155251	0.256887	1.154059	0.252753	1356625060.812161	1.000456	41.570822	28.178707	5.715609	0.999977	0.943752	1.000001	0.942687	1.002095	0.000221	1.005435	0.000059	0.631754	0.000051	1.000240	0.004815	1.016096	0.000031	0.999767	0.944647	
1356625061.811954	0.999995	42.778733	29.135522	8.147212	1.000000	1.000000	1.000000	1.000000	1.000001	1.000000	1.000025	0.006421	0.999822	0.002984	1.000032	0.003761	0.999789	0.002838	1.000073	0.002883	1356625061.812106	0.999945	45.414672	32.009865	5.971810	1.000000	1.000000	1.000000	1.000000	0.999829	0.003005	0.999830	0.003052	0.999834	0.002888	0.999992	0.003416	0.999804	0.002805	1.000000	1.000000	
1356625062.811954	1.000000	41.567490	27.919479	8.146301	1.000000	1.000000	1.000000	1.000000	1.000000	1.000000	0.999943	0.000337	1.038877	0.000016	0.999512	0.000198	1.092970	0.000007	0.983874	0.000008	1356625062.812141	1.000035	42.629259	29.212752	5.977864	1.000000	1.000000	1.000000	1.000000	1.008651	0.000057	1.030854	0.000016	1.075955	0.000006	0.999805	0.000067	1.080493	0.000006	1.000000	1.000000	
1356625063.811954	1.000000	41.636887	27.993851	8.171402	1.000000	1.000000	1.000000	1.000000	1.000000	1.000000	0.999994	0.001147	0.998031	0.000056	0.999788	0.003755	1.000391	0.000132	0.999879	0.000054	1356625063.812127	0.999986	42.587589	29.176390	5.969429	1.000000	1.000000	1.000000	1.000000	0.998631	0.000011	1.000392	0.000051	1.000032	0.000048	1.000272	0.000057	1.000605	0.000050	1.000000	1.000000	
1356625064.811954	1.000000	41.629074	27.945847	8.122940	1.000000	1.000000	1.000000	1.000000	1.000000	1.000000	1.000090	0.000383	1.003199	0.000021	1.000771	0.001100	0.988036	0.000013	1.006719	0.000013	1356625064.812141	1.000014	42.742410	29.302582	5.977440	1.000000	1.000000	1.000000	1.000000	1.000025	0.000157	1.000931	0.000021	0.999858	0.000011	0.999967	0.002968	0.995396	0.000012	1.000000	1.000000	
1356625065.811954	1.000000	41.611282	27.942642	8.170578	1.000000	1.000000	1.000000	1.000000	1.000000	1.000000	1.000038	0.000365	1.001165	0.000047	0.999955	0.000145	0.999302	0.000071	0.999363	0.000047	1356625065.812139	0.999998	42.949697	29.513301	5.967251	1.000000	1.000000	1.000000	1.000000	0.998919	0.000011	0.999667	0.000044	0.999991	0.000044	0.999990	0.007266	1.001241	0.000043	1.000000	1.000000	
1356625066.811954	1.000000	41.635559	27.972794	8.159012	1.000000	1.000000	1.000000	1.000000	1.000000	1.000000	0.999920	0.001857	0.993568	0.000021	0.999844	0.000217	0.996725	0.000014	0.994370	0.000013	1356625066.812145	1.000006	42.924671	29.489814	5.969447	1.000000	1.000000	1.000000	1.000000	1.000621	0.000055	0.998697	0.000021	0.999829	0.000011	0.999985	0.005974	0.996893	0.000012	1.000000	1.000000	
1356625067.811954	1.000000	41.675003	27.992249	8.118561	1.000000	1.000000	1.000000	1.000000	1.000000	1.000000	1.000052	0.003314	0.989483	0.000050	0.999933	0.000166	0.994205	0.000053	0.989638	0.000049	1356625067.812145	1.000000	42.697998	29.251450	5.944443	1.000000	1.000000	1.000000	1.000000	0.998887	0.000012	1.000793	0.000045	0.999792	0.000045	0.999670	0.000057	1.001102	0.000044	1.000000	1.000000	
1356625068.811954	1.000000	41.585037	27.897522	8.157410	1.000000	1.000000	1.000000	1.000000	1.000000	1.000000	0.999980	0.000322	0.995975	0.000025	0.999816	0.000178	0.994049	0.000014	1.000108	0.000014	1356625068.812143	0.999998	42.693960	29.243632	5.971645	1.000000	1.000000	1.000000	1.000000	0.996807	0.000161	0.999552	0.000021	1.000070	0.000011	1.000651	0.000065	0.997415	0.000012	1.000000	1.000000	
1356625069.811954	1.000000	41.648270	27.980804	8.129013	1.000000	1.000000	1.000000	1.000000	1.000000	1.000000	0.999940	0.002826	1.012892	0.000060	0.999935	0.000159	1.006294	0.000072	1.008776	0.000059	1356625069.812142	0.999999	42.724635	29.283689	5.971884	1.000000	1.000000	1.000000	1.000000	1.024626	0.000021	1.000251	0.000058	1.000052	0.000059	0.999541	0.001227	0.999973	0.000057	1.000000	1.000000	
1356625070.811954	1.000000	41.718506	28.047394	8.133026	1.000000	1.000000	1.000000	1.000000	1.000000	1.000000	0.999983	0.004951	0.999363	0.000021	0.996502	0.000168	1.003437	0.000013	1.001775	0.000013	1356625070.812143	1.000001	42.729299	29.284320	5.976114	1.000000	1.000000	1.000000	1.000000	0.999767	0.000053	0.999420	0.000015	1.001334	0.000007	1.000247	0.002035	1.001890	0.000007	1.000000	1.000000	
1356625071.811954	1.000000	41.767197	28.113815	8.182861	1.000000	1.000000	1.000000	1.000000	1.000000	1.000000	0.999988	0.004300	1.001067	0.000046	0.999928	0.003564	1.001798	0.000049	1.002129	0.000044	1356625071.812133	0.999990	42.688584	29.265949	5.983962	1.000000	1.000000	1.000000	1.000000	1.001300	0.000011	1.000095	0.000048	0.999638	0.000048	1.000011	0.000358	0.999857	0.000049	1.000000	1.000000	
1356625072.811954	1.000000	41.723984	28.091782	8.156509	1.000000	1.000000	1.000000	1.000000	1.000000	0.999999	1.000028	0.000382	0.993708	0.000021	1.000124	0.006112	1.001432	0.000013	0.994219	0.000013	1356625072.812144	1.000011	42.708424	29.275497	5.987834	1.000000	1.000000	1.000000	1.000000	0.999948	0.000074	0.999710	0.000020	0.999387	0.000012	1.000432	0.000062	0.999328	0.000012	1.000000	1.000000	
1356625073.811954	1.000000	41.793762	28.122253	8.157608	1.000000	1.000000	1.000000	1.000000	1.000000	1.000000	0.999985	0.000333	0.987277	0.000045	0.999996	0.005738	0.999476	0.000051	0.998556	0.000044	1356625073.812148	1.000004	42.722376	29.273288	5.966742	1.000000	1.000000	1.000000	1.000000	1.001773	0.000011	0.999413	0.000042	0.999865	0.000043	0.999630	0.000055	1.000353	0.000044	1.000000	1.000000	
1356625074.811954	1.000000	41.716476	28.044540	8.162567	1.000000	1.000000	1.000000	1.000000	1.000000	1.000000	0.999934	0.000343	0.999607	0.000024	0.999978	0.003645	0.992231	0.000013	1.002887	0.000013	1356625074.812143	0.999995	42.896714	29.445826	5.961501	1.000000	1.000000	1.000000	1.000000	0.999513	0.000055	1.000352	0.000020	0.999294	0.000012	0.999987	0.004023	0.999745	0.000012	1.000000	1.000000	
1356625075.811954	1.000000	41.586929	27.928543	8.138016	1.000000	1.000000	1.000000	1.000000	1.000000	1.000000	1.000055	0.000373	1.005078	0.000135	0.994334	0.000148	1.002686	0.000048	0.968048	0.000048	1356625075.812140	0.999997	42.902980	29.462570	5.994449	1.000000	1.000000	1.000000	1.000000	1.000015	0.000261	1.000351	0.000044	1.000843	0.000044	0.999984	0.004032	1.000430	0.000045	1.000000	1.000000	
1356625076.811954	1.000000	41.598755	27.939758	8.168442	1.000000	1.000000	1.000000	1.000000	1.000000	0.999999	0.999385	0.000341	0.996299	0.000022	1.004363	0.000177	0.995350	0.000013	0.997422	0.000014	1356625076.812141	1.000001	42.694677	29.254611	5.977625	1.000000	1.000000	1.000000	1.000000	0.999890	0.000095	0.999773	0.000034	1.000064	0.000012	1.000010	0.000362	0.997305	0.000012	1.000000	1.000000	
1356625077.811954	1.000000	41.670792	27.976105	8.134338	1.000000	1.000000	1.000000	1.000000	1.000000	1.000000	1.000145	0.001313	1.000767	0.000079	1.000357	0.000167	0.997261	0.000052	1.035252	0.000045	1356625077.812142	1.000001	42.721837	29.258898	5.964075	1.000000	1.000000	1.000000	1.000000	1.000661	0.000012	0.999738	0.000049	0.999895	0.000044	1.000701	0.000056	1.000035	0.000045	1.000000	1.000000	
1356625078.811954	1.000000	41.618637	27.963867	8.132126	1.000000	1.000000	1.000000	1.000000	1.000000	1.000000	1.000077	0.000314	0.997593	0.000021	1.000115	0.000174	1.014541	0.000013	1.000300	0.000013	1356625078.812140	0.999998	42.713430	29.276286	5.982998	1.000000	1.000000	1.000000	1.000000	1.000154	0.000063	1.000779	0.000021	0.999860	0.000011	0.999131	0.000065	1.001088	0.000012	1.000000	1.000000	
1356625079.811954	1.000000	41.638504	27.979462	8.154068	1.000000	1.000000	1.000000	1.000000	1.000000	1.000000	1.000007	0.001504	0.993302	0.000077	0.994960	0.000149	0.987674	0.000051	0.986959	0.000047	1356625079.812139	0.999999	42.695841	29.255552	5.975622	1.000000	1.000000	1.000000	1.000000	0.998968	0.000011	0.984930	0.000043	1.000071	0.000043	0.991640	0.000081	0.999728	0.000044	1.000000	1.000000	
1356625080.811954	1.000000	41.625015	27.957031	8.151657	1.000000	1.000000	1.000000	1.000000	1.000000	1.000000	1.000054	0.000317	0.999949	0.000023	1.001865	0.000175	0.998960	0.000014	1.000393	0.000230	1356625080.812145	1.000006	42.676412	29.238763	5.973735	1.000000	1.000000	1.000000	1.000000	0.998167	0.000298	1.002783	0.000232	0.999483	0.000012	1.000364	0.002023	0.999174	0.000012	1.000000	1.000000	
1356625081.811954	1.000000	41.655487	27.997086	8.146271	1.000000	1.000000	1.000000	1.000000	1.000000	1.000000	0.999936	0.001182	1.006664	0.000075	1.000678	0.000472	1.001052	0.000097	1.005624	0.000084	1356625081.812142	0.999997	42.752925	29.305221	5.975681	1.000000	1.000000	1.000000	1.000000	1.002402	0.000234	0.999930	0.000104	0.999599	0.000060	0.999983	0.000394	1.000305	0.000084	1.000000	1.000000	
1356625082.811954	1.000000	41.616043	27.976212	8.172989	1.000000	1.000000	1.000000	1.000000	1.000000	1.000000	1.000147	0.000347	0.999032	0.000022	1.000267	0.000207	1.009715	0.000038	1.001149	0.000026	1356625082.812143	1.000001	42.728505	29.295947	5.966227	1.000000	1.000000	1.000000	1.000000	0.999586	0.000075	1.000108	0.000107	1.001351	0.000006	0.999753	0.000078	0.998335	0.000007	1.000000	1.000000	
1356625083.811954	1.000000	41.592880	27.948135	8.153992	1.000000	1.000000	1.000000	1.000000	1.000000	1.000000	0.999956	0.000322	1.002334	0.000047	1.000112	0.000148	1.002274	0.000048	0.998950	0.000047	1356625083.812143	1.000000	42.753433	29.308578	5.972382	1.000000	1.000000	1.000000	1.000000	0.999659	0.000011	0.999872	0.000085	1.000445	0.000049	1.000630	0.000059	0.999857	0.000049	1.000000	1.000000	
1356625084.811954	1.000000	41.623657	27.978638	8.139740	1.000000	1.000000	1.000000	1.000000	1.000000	0.999999	0.999984	0.000355	0.994926	0.000030	0.996096	0.000185	0.999931	0.000022	1.003274	0.000013	1356625084.812143	1.000000	42.759201	29.318466	5.990479	1.000000	1.000000	1.000000	1.000000	1.000252	0.000090	1.000270	0.000021	0.999613	0.000021	0.999741	0.000125	0.998955	0.000011	1.000000	1.000000	
1356625085.811954	1.000000	41.626663	27.944809	8.149521	1.000000	1.000000	1.000000	1.000000	1.000000	1.000000	0.999993	0.000350	0.999661	0.000046	1.001643	0.000149	1.000156	0.000047	0.998870	0.000047	1356625085.812146	1.000003	42.710653	29.251923	5.972897	1.000000	1.000000	1.000000	1.000000	0.998603	0.000012	0.999876	0.000090	0.999914	0.000045	0.987526	0.000058	0.999865	0.000046	1.000000	1.000000	
1356625086.811954	1.000000	41.695114	28.043503	8.168793	1.000000	1.000000	1.000000	1.000000	1.000000	1.000000	1.000000	0.003202	1.000058	0.002821	1.000147	0.003415	0.999998	0.002904	1.000027	0.002756	1356625086.812145	0.999999	43.174556	29.734724	5.996939	1.000000	1.000000	1.000000	1.000000	0.999997	0.003378	1.000000	0.002824	1.000003	0.002802	1.000217	0.003269	1.000006	0.002695	1.000000	1.000000	
1356625087.811954	1.000000	41.776505	28.119324	8.162628	1.000000	1.000000	1.000000	1.000000	1.000000	1.000000	0.999978	0.004220	0.999386	0.000144	0.999891	0.000311	0.998850	0.000058	0.999865	0.000057	1356625087.812141	0.999996	42.775808	29.328808	5.983163	1.000000	1.000000	1.000000	1.000000	0.999950	0.000069	0.999915	0.000099	0.999895	0.000099	0.999926	0.000239	1.000175	0.000051	1.000000	1.000000	
1356625088.811954	1.000000	41.627747	27.978867	8.120956	1.000000	1.000000	1.000000	1.000000	1.000000	1.000000	1.000016	0.000320	1.000642	0.000022	0.999978	0.000178	1.010580	0.000013	0.988825	0.000013	1356625088.812142	1.000001	42.735631	29.294680	5.972590	1.000000	1.000000	1.000000	1.000000	1.000153	0.000066	1.000529	0.000022	1.000386	0.000012	0.999795	0.000066	0.996138	0.000012	1.000000	1.000000	
1356625089.811954	1.000000	41.713303	28.071869	8.153473	1.000000	1.000000	1.000000	1.000000	1.000000	1.000000	0.999786	0.001147	1.000066	0.000047	1.000008	0.003756	0.998743	0.000050	1.003817	0.000047	1356625089.812141	0.999999	42.694560	29.269620	5.981131	1.000000	1.000000	1.000000	1.000000	0.999587	0.000011	0.999941	0.000046	1.000186	0.000046	0.991252	0.000079	1.000580	0.000045	1.000000	1.000000	
1356625090.811954	1.000000	41.819870	28.160599	8.143951	1.000000	1.000000	1.000000	1.000000	1.000000	1.000000	1.000680	0.000344	1.002404	0.000021	0.999954	0.006339	0.991517	0.000013	0.998208	0.000013	1356625090.812142	1.000001	42.752294	29.308917	5.978235	1.000000	1.000000	1.000000	1.000000	1.000034	0.000057	1.000000	0.000021	0.999508	0.000011	1.000344	0.002032	1.003096	0.000011	1.000000	1.000000	
1356625091.811954	1.000000	41.746689	28.107300	8.188110	1.000000	1.000000	1.000000	1.000000	1.000000	1.000000	0.999671	0.000350	0.987152	0.000046	0.999926	0.005743	0.987607	0.000048	0.991154	0.000046	1356625091.812140	0.999998	42.735265	29.307093	5.991283	1.000000	1.000000	1.000000	1.000000	0.999718	0.000012	1.000101	0.000042	0.999115	0.000043	0.999987	0.000349	0.999410	0.000044	1.000000	1.000000	
1356625092.811954	1.000000	41.749298	28.089706	8.165787	1.000000	1.000000	1.000000	1.000000	1.000000	1.000000	1.000286	0.000361	1.003439	0.000023	0.999940	0.005910	1.005018	0.000014	0.997860	0.000070	1356625092.812141	1.000001	42.746679	29.297641	5.964884	1.000000	1.000000	1.000000	1.000000	0.992343	0.000072	1.000077	0.000020	1.003325	0.000012	0.999951	0.000063	1.000796	0.000011	1.000000	1.000000	
1356625093.811954	1.000000	41.695328	28.027328	8.105148	1.000000	1.000000	1.000000	1.000000	1.000000	1.000000	0.999962	0.000341	1.007715	0.000063	1.000250	0.002566	1.011454	0.000065	0.979824	0.000060	1356625093.812139	0.999998	42.739583	29.292964	5.985439	1.000000	1.000000	1.000000	1.000000	1.025152	0.000022	1.000054	0.000107	0.999949	0.000060	1.000241	0.000070	0.999863	0.000059	1.000000	1.000000	
1356625094.811954	1.000000	41.643356	27.974182	8.151917	1.000000	1.000000	1.000000	1.000000	1.000000	1.000000	0.999955	0.000345	0.998208	0.000022	0.997006	0.000182	0.972067	0.000013	1.143185	0.000012	1356625094.812141	1.000002	42.718501	29.271993	5.980045	1.000000	1.000000	1.000000	1.000000	1.000055	0.000056	0.999123	0.000015	0.999836	0.000007	0.999589	0.000094	1.000054	0.000007	1.000000	1.000000	
1356625095.811954	1.000000	41.639923	27.981949	8.180145	1.000000	1.000000	1.000000	1.000000	1.000000	1.000000	0.999948	0.000339	1.000522	0.000047	1.003805	0.000148	1.007597	0.000047	0.999505	0.000048	1356625095.812141	1.000000	42.746643	29.303986	5.995941	1.000000	1.000000	1.000000	1.000000	0.998830	0.000012	0.999872	0.000094	0.999749	0.000049	1.000896	0.000059	1.000119	0.000049	1.000000	1.000000	
1356625096.811954	1.000000	41.657623	27.976303	8.156647	1.000000	1.000000	1.000000	1.000000	1.000000	1.000000	0.999896	0.000314	1.001180	0.000022	1.000214	0.000177	0.997553	0.000013	1.002004	0.000013	1356625096.812139	0.999998	42.742452	29.287562	5.975979	1.000000	1.000000	1.000000	1.000000	0.999793	0.000078	1.000554	0.000022	1.001326	0.000012	0.999901	0.000361	0.995942	0.000011	1.000000	1.000000	
1356625097.811954	1.000000	41.592163	27.950180	8.194992	1.000000	1.000000	1.000000	1.000000	1.000000	1.000000	1.000143	0.000342	0.998858	0.000048	1.000081	0.000170	0.997362	0.000049	1.000230	0.000047	1356625097.812143	1.000004	42.755259	29.318027	5.976554	1.000000	1.000000	1.000000	1.000000	1.002477	0.000012	0.999928	0.000091	0.999477	0.000045	1.000211	0.000090	1.000757	0.000044	1.000000	1.000000	
1356625098.811954	1.000000	41.633667	27.993652	8.193848	1.000000	1.000000	1.000000	1.000000	1.000000	1.000000	0.999986	0.000314	1.001837	0.000022	0.999843	0.000180	1.009072	0.000014	0.986365	0.000013	1356625098.812141	0.999998	42.738271	29.306208	5.982693	1.000000	1.000000	1.000000	1.000000	0.999317	0.000056	0.999298	0.000021	1.002251	0.000012	0.999706	0.000066	0.999303	0.000011	1.000000	1.000000	
1356625099.811954	1.000000	41.654083	27.979446	8.166153	1.000000	1.000000	1.000000	1.000000	1.000000	1.000000	1.000030	0.000342	0.999495	0.000087	0.999852	0.000148	1.001702	0.000046	0.970749	0.000048	1356625099.812140	0.999999	42.723445	29.287198	5.952871	1.000000	1.000000	1.000000	1.000000	1.000288	0.000134	1.000020	0.000174	0.999768	0.000045	0.991700	0.000081	0.999844	0.000045	1.000000	1.000000	
1356625100.811954	1.000000	41.649460	27.992081	8.145874	1.000000	1.000000	1.000000	1.000000	1.000000	1.000000	0.999889	0.000326	1.004075	0.000018	1.000043	0.000177	0.995979	0.000013	1.002908	0.000014	1356625100.812141	1.000001	42.746084	29.305972	5.979197	1.000000	1.000000	1.000000	1.000000	0.999992	0.002072	1.000641	0.000017	1.000711	0.000012	1.005029	0.000129	1.003292	0.000012	1.000000	1.000000	
1356625101.811954	1.000000	41.661270	27.997604	8.148544	1.000000	1.000000	1.000000	1.000000	1.000000	1.000000	1.000028	0.000342	0.999742	0.000051	0.999584	0.000150	0.999724	0.000049	1.034078	0.000045	1356625101.812144	1.000003	42.760610	29.315354	5.993283	1.000000	1.000000	1.000000	1.000000	0.998240	0.000011	0.999918	0.000094	0.999794	0.000045	1.000113	0.000351	0.999319	0.000044	1.000000	1.000000	
1356625102.811954	1.000000	41.624374	27.962723	8.158340	1.000000	1.000000	1.000000	1.000000	1.000000	1.000000	0.999995	0.000351	0.999621	0.000021	1.000234	0.000198	1.000485	0.000013	0.880974	0.000015	1356625102.812139	0.999995	42.750946	29.297464	5.974487	1.000000	1.000000	1.000000	1.000000	1.000100	0.000058	0.999844	0.000020	0.996988	0.000011	0.999787	0.000065	1.001127	0.000012	1.000000	1.000000	
1356625103.811954	1.000000	41.657822	27.984161	8.156570	1.000000	1.000000	1.000000	0.999999	1.000000	1.000000	0.999533	0.000319	0.989232	0.000048	1.000326	0.000148	0.986691	0.000048	1.023637	0.000047	1356625103.812146	1.000007	42.749384	29.295436	5.991627	1.000000	1.000000	1.000000	1.000000	1.000316	0.000012	1.000034	0.000092	1.000875	0.000044	1.000040	0.000057	0.999363	0.000045	1.000000	1.000000	
1356625104.811954	1.000000	41.592606	27.934845	8.147049	1.000000	1.000000	1.000000	1.000001	1.000000	1.000000	1.000366	0.000322	1.001001	0.000024	0.996992	0.000176	0.988496	0.000014	1.011355	0.000014	1356625104.812145	0.999999	42.742289	29.297712	5.976370	1.000000	1.000000	1.000000	1.000000	0.991941	0.000087	0.999500	0.000020	0.999674	0.000012	0.999636	0.000092	1.002448	0.000012	1.000000	1.000000	
1356625105.811954	1.000000	41.634903	27.970291	8.182709	1.000000	1.000000	1.000000	1.000000	1.000000	1.000000	1.000081	0.000370	1.007880	0.000060	1.000121	0.000162	1.010418	0.000062	1.007874	0.000060	1356625105.812143	0.999998	42.767751	29.316310	5.981487	1.000000	1.000000	1.000000	1.000000	1.034277	0.000021	1.000044	0.000106	1.000045	0.000060	1.000235	0.000072	0.999823	0.000059	1.000000	1.000000	
1356625106.811954	1.000000	41.638306	27.986847	8.169846	1.000000	1.000000	1.000000	1.000000	1.000000	1.000000	0.999526	0.000319	0.999404	0.000021	0.998212	0.000176	1.009358	0.000013	0.997988	0.000013	1356625106.812140	0.999997	42.706279	29.281249	5.962207	1.000000	1.000000	1.000000	1.000000	0.999734	0.000057	1.000182	0.000017	0.998885	0.000007	1.000132	0.000363	0.998678	0.000007	1.000000	1.000000	
1356625107.811954	1.000000	41.636429	27.995789	8.211151	1.000000	1.000000	1.000000	1.000000	1.000000	1.000000	1.000326	0.000341	1.000855	0.000046	1.000925	0.000171	0.998113	0.000048	0.998607	0.000046	1356625107.812141	1.000001	42.739614	29.304980	5.989496	1.000000	1.000000	1.000000	1.000000	0.999778	0.000012	0.999694	0.000096	1.000094	0.000049	0.999263	0.000058	1.000740	0.000050	1.000000	1.000000	
1356625108.811954	1.000000	41.656723	27.980484	8.148529	1.000000	1.000000	1.000000	1.000000	1.000000	1.000000	0.999626	0.000308	0.997711	0.000021	1.004132	0.000175	0.994417	0.000013	0.895180	0.000014	1356625108.812140	0.999999	42.766627	29.309217	5.984030	1.000000	1.000000	1.000000	1.000000	0.990764	0.000065	1.001464	0.000022	0.997326	0.000012	0.999797	0.000064	0.994138	0.000011	1.000000	1.000000	
1356625109.811954	1.000000	41.624161	27.970047	8.185822	1.000000	1.000000	1.000000	1.000000	1.000000	1.000000	1.000168	0.000341	1.000217	0.000046	0.999510	0.000147	1.003962	0.000046	1.034133	0.000045	1356625109.812140	1.000000	42.755966	29.313522	5.991928	1.000000	1.000000	1.000000	1.000000	1.005008	0.000012	0.999739	0.000092	1.000350	0.000045	1.000388	0.000080	1.000832	0.000044	1.000000	1.000000	
1356625110.811954	1.000000	41.639755	27.995041	8.192337	1.000000	1.000000	1.000000	1.000000	1.000000	1.000000	1.000180	0.000328	0.998726	0.000021	0.995483	0.000176	0.997287	0.000014	0.896609	0.000015	1356625110.812141	1.000001	42.758229	29.322695	5.985407	1.000000	1.000000	1.000000	1.000000	1.000258	0.002034	1.000957	0.000021	1.001002	0.000012	0.999766	0.000069	1.002686	0.000011	1.000000	1.000000	
1356625111.811954	1.000000	42.784790	29.137863	8.159790	1.000000	1.000000	1.000000	1.000000	1.000000	1.000000	0.999988	0.003186	0.999859	0.002943	1.000224	0.003513	1.000008	0.002756	1.000448	0.002627	1356625111.812097	0.999956	42.847212	29.399170	5.976811	1.000000	1.000000	1.000000	1.000000	1.000002	0.002889	0.999990	0.002876	0.999998	0.002856	1.000003	0.003366	0.999981	0.002902	1.000000	1.000000	
1356625112.811954	1.000000	41.653534	27.976334	8.172394	1.000000	1.000000	1.000000	1.000000	1.000000	1.000000	1.000095	0.000345	1.030833	0.000016	0.999775	0.000200	0.998964	0.000008	1.052719	0.000007	1356625112.812145	1.000048	42.774211	29.315993	5.968220	1.000000	1.000000	1.000000	1.000000	0.999979	0.000110	1.000506	0.000015	1.001422	0.000007	1.000318	0.000064	0.999784	0.000007	1.000000	1.000000	
1356625113.811954	1.000000	41.649429	27.981247	8.155655	1.000000	1.000000	1.000000	1.000000	1.000000	1.000000	0.999892	0.000326	0.999830	0.000052	0.997366	0.000150	0.999971	0.000053	0.997229	0.000053	1356625113.812140	0.999995	42.775559	29.321314	5.978546	1.000000	1.000000	1.000000	1.000000	0.999968	0.000012	1.000369	0.000049	0.999976	0.000049	0.999337	0.000058	0.999928	0.000048	1.000000	1.000000	
1356625114.811961	1.000007	35.675260	22.128692	7.200908	0.999980	0.673216	0.999999	0.673149	0.999991	0.873152	0.953590	0.000336	0.794451	0.000026	1.000337	0.000177	0.703653	0.000019	0.580271	0.000022	1356625114.812406	1.000266	38.256041	24.883989	4.619804	0.999999	0.672853	0.999999	0.672817	0.994823	0.000108	0.999275	0.000020	0.999640	0.000012	1.000229	0.000136	1.002868	0.000011	1.000000	1.000000	
1356625115.811953	0.999992	17.057603	3.789597	3.025873	0.545654	0.000114	1.076230	0.000008	0.831747	0.000011	0.547825	0.000557	0.702440	0.000068	0.586745	0.000257	0.694866	0.000069	0.653881	0.000071	1356625115.812351	0.999945	28.942771	15.748289	1.641478	0.998744	0.000076	0.999945	0.000007	0.999235	0.000012	1.000100	0.000066	0.999970	0.000065	0.993469	0.000087	0.999847	0.000070	1.000000	1.000000	
1356625116.811960	1.000007	17.041752	3.786427	3.165216	0.627969	0.000943	0.686920	0.000087	0.733498	0.000083	0.543140	0.000359	0.559792	0.000399	0.634440	0.000316	0.461824	0.000027	0.559608	0.000023	1356625116.812437	1.000086	28.942562	15.753969	1.676095	0.999893	0.000097	0.993590	0.000081	1.000033	0.000672	1.000144	0.000019	1.000032	0.000012	1.001148	0.000459	1.002041	0.000012	1.000000	1.000000	
1356625117.811953	0.999993	16.962321	3.711039	3.109961	0.524752	0.000488	0.516925	0.000044	0.589123	0.000040	0.564541	0.000276	0.654336	0.000099	0.582054	0.000333	0.639381	0.000100	0.650795	0.000096	1356625117.812301	0.999864	28.929087	15.744052	1.648372	1.000924	0.000108	1.012864	0.000040	1.007118	0.000077	0.999942	0.000100	0.999963	0.000104	0.999927	0.000131	1.000030	0.000103	1.000000	1.000000	
1356625118.811954	1.000001	715774332.492511	715775113.705633	715804981.519480	0.999952	1.000895	0.999950	1.000900	0.999953	1.000907	0.999952	1.000894	0.999953	1.000901	0.999955	1.000893	0.999952	1.000898	0.999953	1.000900	1356625118.812061	0.999760	715995496.054203	715981659.821499	715965250.289475	0.999952	1.000895	0.999950	1.000901	3.895621	0.256918	0.999953	1.000897	0.999953	1.000901	0.999955	1.000893	0.999952	1.000898	0.999953	1.000898	
1356625119.812079	1.000125	0.000000	0.000000	0.000000	-nan	-nan	-nan	-nan	1.000008	inf	-nan	-nan	-nan	0.000000	-nan	-nan	-nan	-nan	-nan	-nan	1356625119.812167	1.000106	0.000000	0.000000	0.000000	-nan	-nan	-nan	-nan	1.345745	inf	-nan	-nan	-nan	-nan	-nan	-nan	-nan	-nan	-nan	-nan	
