ts_0	elapsed_0	pkg_0	pp0_0	dram_0	freq_ratio_0_0	c0_ratio_0_0	freq_ratio_0_1	c0_ratio_0_1	freq_ratio_0_2	c0_ratio_0_2	freq_ratio_0_3	c0_ratio_0_3	freq_ratio_0_4	c0_ratio_0_4	freq_ratio_0_5	c0_ratio_0_5	freq_ratio_0_6	c0_ratio_0_6	freq_ratio_0_7	c0_ratio_0_7	ts_1	elapsed_1	pkg_1	pp0_1	dram_1	freq_ratio_1_0	c0_ratio_1_0	freq_ratio_1_1	c0_ratio_1_1	freq_ratio_1_2	c0_ratio_1_2	freq_ratio_1_3	c0_ratio_1_3	freq_ratio_1_4	c0_ratio_1_4	freq_ratio_1_5	c0_ratio_1_5	freq_ratio_1_6	c0_ratio_1_6	freq_ratio_1_7	c0_ratio_1_7	
1356625941.140010	1.001831	44.576916	31.208953	4.394937	1.154366	0.630097	1.154385	0.630253	1.153710	0.628907	1.154048	0.630461	1.153901	0.627314	1.156960	0.645954	1.155048	0.634023	1.154143	0.627966	1356625941.140385	1.000629	45.812312	32.679093	1.592169	0.999932	0.797647	0.999968	0.797200	1.000000	0.796937	1.000000	0.796664	1.004661	0.000096	0.850662	0.000139	1.008021	0.000032	0.999754	0.938952	
1356625942.140002	0.999992	43.962713	30.588474	4.322774	0.999640	0.788369	1.000001	0.786771	0.999996	0.786804	1.000000	0.786830	0.999999	0.786854	0.890223	0.000363	0.997266	0.000181	0.637376	0.000010	1356625942.140149	0.999764	46.183188	33.018948	1.643332	1.000001	0.787073	1.000001	0.787098	1.000001	0.787080	1.000001	0.787116	0.996887	0.000007	1.000116	0.000046	0.999916	0.000064	1.000000	1.000000	
1356625943.140001	0.999999	46.946029	33.558076	4.777470	0.999872	0.911203	1.000000	0.910533	1.000000	0.910528	1.000000	0.910500	1.000000	0.910499	0.950377	0.000366	1.003811	0.000199	1.003869	0.000054	1356625943.140145	0.999996	48.472105	35.308722	1.660956	0.998562	0.910333	0.998562	0.910331	0.998561	0.910287	0.998561	0.910301	0.975995	0.000190	0.978199	0.000199	0.964066	0.000114	0.998690	0.999797	
1356625944.140003	1.000002	44.632056	31.241563	4.571341	0.999759	0.834409	1.000000	0.833596	0.999999	0.833567	1.000000	0.833499	1.000000	0.833485	0.970484	0.002747	0.997554	0.000234	0.976637	0.000009	1356625944.140253	1.000108	46.977592	33.809581	1.648183	0.994545	0.832669	0.994545	0.832636	0.994545	0.832570	0.994545	0.832560	0.961820	0.000405	0.968020	0.000460	0.962245	0.000450	0.995456	0.999277	
1356625945.140001	0.999998	45.579127	32.204743	4.620462	0.999831	0.857359	1.000000	0.856276	1.000001	0.856304	1.000001	0.856265	1.000000	0.856306	0.968851	0.000502	0.953918	0.000627	0.989889	0.000071	1356625945.140147	0.999894	47.677620	34.507247	1.691967	1.000001	0.856509	1.000001	0.856530	1.000001	0.856465	1.000001	0.856519	0.998968	0.000321	1.001285	0.000088	1.024663	0.000006	1.000000	1.000000	
1356625946.140001	1.000000	49.829346	36.441528	4.935181	1.000000	1.000000	1.000000	1.000000	1.000000	1.000000	1.000000	1.000000	1.000000	1.000000	1.000222	0.000257	0.999524	0.000331	1.022939	0.000028	1356625946.140153	1.000006	50.866961	37.702565	1.616705	0.998901	0.999797	0.998901	0.999797	0.998901	0.999797	0.998901	0.999797	0.973072	0.000135	0.977508	0.000181	0.980124	0.000201	0.998901	0.999796	
1356625947.140001	1.000000	49.441101	36.052521	4.923141	1.000000	0.979742	1.000000	0.979288	1.000000	0.979286	1.000000	0.979253	1.000000	0.979250	1.000408	0.000547	0.999959	0.000255	1.001106	0.000057	1356625947.140145	0.999992	50.163340	36.995020	1.640837	0.992530	0.978075	0.992530	0.978106	0.992530	0.978026	0.992530	0.978058	0.963898	0.000700	0.965907	0.000707	0.961976	0.000634	0.992685	0.998782	
1356625948.140001	1.000000	48.008224	34.619843	4.792297	0.999800	0.918175	1.000000	0.917361	1.000000	0.917357	1.000000	0.917323	1.000000	0.917322	0.998983	0.000223	0.940529	0.000289	1.003504	0.000009	1356625948.140150	1.000005	49.098952	35.942645	1.645011	0.994221	0.916489	0.994221	0.916485	0.994221	0.916439	0.994221	0.916454	0.962049	0.000458	0.962115	0.000472	0.972109	0.000601	0.994699	0.999122	
1356625949.140001	1.000000	49.882065	36.492386	4.949112	1.000000	1.000000	1.000000	1.000000	1.000000	1.000000	1.000000	1.000000	1.000000	1.000000	0.999964	0.000553	1.000239	0.000623	0.999603	0.000070	1356625949.140143	0.999993	50.607238	37.434081	1.613643	0.990234	0.998409	0.990234	0.998407	0.990234	0.998406	0.990234	0.998405	0.966105	0.000986	0.968086	0.001000	0.962824	0.000858	0.990230	0.998407	
1356625950.140001	1.000000	49.835846	36.445114	4.947983	1.000000	0.999999	1.000000	1.000000	1.000000	1.000000	0.999999	1.000000	1.000000	1.000000	1.000121	0.000239	0.999750	0.000607	1.002861	0.000009	1356625950.140150	1.000007	50.518541	37.343080	1.616673	0.987072	0.998028	0.987072	0.998026	0.987072	0.998024	0.987072	0.998022	0.961614	0.001145	0.961567	0.001094	0.961637	0.001141	0.987076	0.998023	
1356625951.140001	1.000000	45.712158	32.320282	4.608643	0.999736	0.855648	1.000000	0.854050	1.000000	0.854047	1.000001	0.853989	1.000000	0.853987	1.002022	0.000250	1.000020	0.000289	0.999615	0.000052	1356625951.140141	0.999991	47.559360	34.379782	1.657440	0.993973	0.853272	0.993973	0.853265	0.993972	0.853176	0.993973	0.853202	0.962322	0.000521	0.962303	0.000511	0.962314	0.000450	0.994853	0.999210	
1356625952.140001	1.000000	49.873032	36.479904	4.947174	1.000000	1.000000	1.000000	1.000000	1.000000	1.000000	1.000000	1.000000	1.000000	1.000000	0.997864	0.000235	0.999965	0.000294	0.999678	0.000008	1356625952.140144	1.000003	50.880747	37.707174	1.616343	0.998269	0.999709	0.998269	0.999709	0.998269	0.999709	0.998269	0.999709	0.963054	0.000162	0.963358	0.000156	0.963249	0.000223	0.998269	0.999708	
1356625953.140001	1.000000	49.806854	36.413376	4.944077	1.000000	0.993408	1.000000	0.993253	1.000000	0.993252	1.000000	0.993222	1.000000	0.993219	1.000039	0.000278	0.999941	0.000279	0.999727	0.000055	1356625953.140145	1.000001	50.529249	37.351618	1.634947	0.988839	0.991574	0.988839	0.991569	0.988839	0.991527	0.988839	0.991561	0.963251	0.001023	0.963376	0.000978	0.961748	0.000936	0.988911	0.998311	
1356625954.140001	1.000000	48.454620	35.070572	4.747162	0.999956	0.935537	1.000000	0.934903	1.000000	0.934898	1.000000	0.934865	1.000000	0.934864	0.999992	0.002255	1.000460	0.000323	1.005641	0.000009	1356625954.140144	0.999999	49.467103	36.287556	1.633226	0.990521	0.933514	0.990521	0.933500	0.990521	0.933453	0.990521	0.933467	0.961483	0.000761	0.964330	0.000786	0.964121	0.000787	0.991143	0.998593	
1356625955.140001	1.000000	47.406235	34.013718	4.727798	0.999793	0.882168	1.000000	0.881344	1.000000	0.881344	1.000000	0.881314	1.000000	0.881312	0.999906	0.000275	0.999730	0.000586	0.998192	0.000072	1356625955.140145	1.000001	49.681090	36.502422	1.630904	0.992486	0.998096	0.991479	0.880171	0.991480	0.880170	0.992492	0.998816	0.965300	0.000701	0.964644	0.000658	0.961966	0.000611	0.992488	0.998817	
1356625956.140001	1.000000	49.905899	36.508682	4.934174	1.000000	1.000000	1.000000	1.000000	1.000000	1.000000	1.000000	1.000000	0.999999	1.000000	0.999988	0.000218	1.000035	0.000287	1.011378	0.000008	1356625956.140147	1.000002	50.429896	37.264745	1.611661	0.983609	0.997934	0.983610	0.997934	0.983610	0.997932	0.983610	0.997931	0.961601	0.001266	0.961585	0.001213	0.961664	0.001280	0.983613	0.997932	
1356625957.140001	1.000000	47.521301	34.120026	4.781052	0.999914	0.903744	1.000000	0.902501	1.000000	0.902498	1.000000	0.902428	1.000001	0.902427	1.000042	0.000287	0.999953	0.000284	0.987781	0.000054	1356625957.140150	1.000003	48.578661	35.394040	1.671046	0.989943	0.901176	0.989943	0.901173	0.989942	0.901091	0.989942	0.901100	0.961430	0.000867	0.963898	0.000834	0.962018	0.000746	0.990925	0.998665	
1356625958.140001	1.000000	715807883.206802	715773471.727905	715798117.373413	0.999925	1.000284	0.999923	1.000286	0.999934	1.000284	0.999926	1.000283	0.999926	1.000288	0.999925	1.000269	0.999925	1.000283	0.999926	1.000285	1356625958.140090	0.999940	715857729.227399	715864284.786413	715841495.752785	0.999925	1.000280	0.999920	1.000276	3.897493	0.256631	0.999925	1.000283	0.999926	1.000287	0.999928	1.000283	0.999926	1.000287	0.999926	1.000286	
1356625959.140000	0.999999	0.000000	0.000000	0.000000	-nan	-nan	-nan	-nan	0.000000	inf	-nan	-nan	-nan	0.000000	-nan	-nan	-nan	-nan	-nan	-nan	1356625959.140077	0.999987	0.000000	0.000000	0.000000	-nan	-nan	-nan	-nan	0.000000	inf	-nan	-nan	-nan	-nan	-nan	-nan	-nan	-nan	-nan	-nan	
