ts_0	elapsed_0	pkg_0	pp0_0	dram_0	freq_ratio_0_0	c0_ratio_0_0	freq_ratio_0_1	c0_ratio_0_1	freq_ratio_0_2	c0_ratio_0_2	freq_ratio_0_3	c0_ratio_0_3	freq_ratio_0_4	c0_ratio_0_4	freq_ratio_0_5	c0_ratio_0_5	freq_ratio_0_6	c0_ratio_0_6	freq_ratio_0_7	c0_ratio_0_7	ts_1	elapsed_1	pkg_1	pp0_1	dram_1	freq_ratio_1_0	c0_ratio_1_0	freq_ratio_1_1	c0_ratio_1_1	freq_ratio_1_2	c0_ratio_1_2	freq_ratio_1_3	c0_ratio_1_3	freq_ratio_1_4	c0_ratio_1_4	freq_ratio_1_5	c0_ratio_1_5	freq_ratio_1_6	c0_ratio_1_6	freq_ratio_1_7	c0_ratio_1_7	
1357204258.603323	1.001684	44.572571	31.365243	3.777285	1.151551	0.233104	1.151679	0.233578	1.151362	0.233221	1.152882	0.231989	1.152677	0.229587	1.154049	0.232581	1.153140	0.228890	1.154055	0.231282	1357204258.603585	1.000511	50.619843	37.368633	1.897987	0.949258	0.799854	0.949252	0.799053	0.957190	0.949865	0.949263	0.799426	0.952949	0.861967	0.909453	0.000910	0.926183	0.000160	0.956398	0.930731	
1357204259.603319	0.999996	44.986724	31.796760	3.810883	0.999670	0.926173	1.000001	0.874884	1.000001	0.874917	1.000001	0.874910	0.999041	0.000368	1.000314	0.000594	1.009554	0.000085	1.000023	0.000169	1357204259.603495	0.999910	50.256303	36.988997	2.099401	0.918140	0.873346	0.918139	0.873373	0.922554	0.923162	0.918137	0.873376	0.922550	0.923158	0.934630	0.000149	0.928051	0.000030	0.928370	0.998261	
1357204260.603318	0.999999	46.947753	33.742479	3.804294	1.000000	0.961795	1.000000	0.961330	1.000000	0.961329	1.000000	0.961316	1.001290	0.000516	0.999977	0.000197	0.987379	0.000014	0.999836	0.000059	1357204260.603485	0.999990	50.611606	37.365486	1.849475	0.899077	0.958984	0.899077	0.958979	0.899077	0.958976	0.899074	0.958950	0.899077	0.958972	0.892133	0.000082	0.891884	0.000085	0.902907	0.997633	
1357204261.603317	0.999999	45.894651	32.684540	3.726291	1.000000	0.946105	1.000000	0.945294	1.000000	0.862333	1.000000	0.862229	0.999973	0.000394	0.999828	0.000134	0.986317	0.000049	1.000049	0.000182	1357204261.603498	1.000013	50.730734	37.516705	1.839591	0.892510	0.997816	0.892510	0.997814	0.892510	0.997813	0.892510	0.997816	0.892510	0.997810	0.884290	0.000060	0.885129	0.000012	0.892510	0.997809	
1357204262.603318	1.000001	47.275025	34.059874	3.803692	0.999904	0.974302	1.000000	0.973771	1.000000	0.973772	1.000000	0.973756	1.000401	0.000473	1.000172	0.000175	1.002513	0.000241	0.999974	0.000058	1357204262.603490	0.999992	50.696670	37.471709	1.850631	0.896206	0.971727	0.896206	0.971725	0.896206	0.971722	0.896203	0.971693	0.896205	0.971704	0.900338	0.000095	0.899209	0.000096	0.898831	0.997939	
1357204263.603318	1.000000	45.990601	32.772217	3.732071	1.000000	0.954188	1.000000	0.954143	1.000000	0.865149	1.000000	0.865187	1.000080	0.000431	0.998266	0.000135	0.997930	0.000057	0.999947	0.000109	1357204263.603486	0.999996	50.780815	37.554763	1.809471	0.893370	0.997568	0.893370	0.997567	0.893370	0.997564	0.893370	0.997561	0.893370	0.997560	0.951978	0.000062	0.887087	0.000013	0.893370	0.997561	
1357204264.603318	1.000000	47.084686	33.866486	3.802856	0.999878	0.968280	1.000000	0.967772	1.000000	0.967772	1.000000	0.967755	0.999568	0.000546	0.999986	0.000511	1.008545	0.000014	0.999952	0.000088	1357204264.603489	1.000003	50.658931	37.429053	1.874292	0.897651	0.965706	0.897651	0.965704	0.897649	0.965688	0.897648	0.965676	0.897649	0.965688	0.980016	0.000078	0.971647	0.000059	0.900869	0.997917	
1357204265.603318	1.000000	45.758530	32.539215	3.741043	1.000000	0.949938	1.000000	0.948643	0.999999	0.853764	1.000000	0.853422	0.999941	0.000381	1.000130	0.000137	1.000000	0.000051	1.000000	0.000141	1357204265.603492	1.000003	50.784175	37.552603	1.851572	0.893306	0.997807	0.893306	0.997806	0.893306	0.997804	0.893306	0.997803	0.893306	0.997801	0.873699	0.000062	0.887357	0.000020	0.893306	0.997801	
1357204266.603318	1.000000	46.837234	33.613678	3.797058	0.999858	0.951572	1.000000	0.950864	1.000001	0.950863	1.000000	0.950848	1.000068	0.000428	1.000003	0.005109	0.999944	0.000014	1.000255	0.000061	1357204266.603486	0.999994	50.518200	37.289117	1.804530	0.900146	0.949041	0.900146	0.949038	0.900144	0.949022	0.900143	0.949006	0.900144	0.949017	0.936437	0.000128	0.892642	0.000076	0.904994	0.998159	
1357204267.603318	1.000000	46.133255	32.903961	3.726456	1.000000	0.936368	0.999981	0.937983	0.999999	0.874321	1.000000	0.874280	0.998155	0.003634	1.000053	0.003109	1.000007	0.002885	1.000003	0.002830	1357204267.603495	1.000009	50.782056	37.551372	1.821105	0.890482	0.997974	0.890482	0.997972	0.890482	0.997970	0.890482	0.997968	0.890482	0.997967	0.832114	0.002858	0.829365	0.002774	0.890482	0.997968	
1357204268.603318	1.000000	45.129272	31.902985	3.752762	0.999867	0.916316	1.000000	0.916224	1.000001	0.836531	1.000000	0.836395	0.999750	0.000462	0.998982	0.000174	1.012688	0.000017	1.002981	0.000059	1357204268.603496	1.000001	50.648862	37.407694	2.010740	0.903218	0.965215	0.903218	0.965212	0.903218	0.965209	0.903216	0.965185	0.903218	0.965206	0.902925	0.000112	0.895481	0.000076	0.906327	0.998254	
1357204269.603318	1.000000	47.320923	34.105804	3.800018	0.999789	0.977954	1.000000	0.977430	1.000000	0.977414	1.000000	0.977413	0.999775	0.000395	0.999938	0.000467	0.984230	0.000053	0.998975	0.000213	1357204269.603490	0.999994	50.720273	37.488383	1.810283	0.895240	0.975601	0.895240	0.975598	0.895240	0.975596	0.895238	0.975575	0.895238	0.975572	0.893251	0.000072	0.933908	0.000024	0.897537	0.998158	
1357204270.603318	1.000000	46.148117	32.921570	3.739471	1.000000	0.956411	1.000000	0.957589	0.999999	0.869888	1.000000	0.869885	1.000314	0.000607	0.999981	0.000166	1.001112	0.000015	1.000397	0.000058	1357204270.603497	1.000007	50.781021	37.549789	1.833255	0.892107	0.998259	0.892107	0.998258	0.892107	0.998256	0.892107	0.998255	0.892107	0.998254	0.884545	0.000069	0.877433	0.000066	0.892107	0.998255	
1357204271.603317	0.999999	47.464096	34.230517	3.808262	0.999903	0.980458	1.000000	0.980146	1.000001	0.980143	1.000000	0.980130	1.000046	0.000451	1.001317	0.000150	0.999258	0.000070	0.999829	0.000113	1357204271.603493	0.999996	50.683143	37.463927	1.792366	0.894796	0.978051	0.894796	0.978049	0.894795	0.978032	0.894794	0.978030	0.894794	0.978026	0.893042	0.000110	0.912335	0.000048	0.896792	0.997887	
1357204272.603318	1.000001	46.271578	33.040603	3.740002	1.000000	0.958849	1.000000	0.958148	1.000000	0.878291	1.000000	0.878257	0.999994	0.000633	0.998689	0.000172	1.001293	0.000483	1.000282	0.000057	1357204272.603493	1.000000	50.781082	37.549133	1.778122	0.892201	0.997751	0.892201	0.997749	0.892200	0.997748	0.892200	0.997746	0.892200	0.997744	0.921548	0.000058	0.947947	0.000058	0.892200	0.997745	
1357204273.603318	1.000000	47.716476	34.486145	3.795654	0.999873	0.992069	1.000000	0.991755	1.000000	0.991754	1.000000	0.991739	0.999512	0.000489	1.000166	0.000135	1.001596	0.000055	0.999989	0.000143	1357204273.603493	1.000000	50.774124	37.542389	1.813309	0.892135	0.989867	0.892135	0.989864	0.892133	0.989849	0.892132	0.989831	0.892133	0.989843	0.892662	0.000103	0.919161	0.000023	0.892945	0.998092	
1357204274.603317	0.999999	46.419722	33.187562	3.773197	1.000000	0.966958	1.000000	0.967946	0.999999	0.880901	1.000000	0.880902	1.000034	0.000463	1.000059	0.000492	0.997573	0.000021	0.999982	0.000087	1357204274.603492	0.999999	50.785510	37.552145	1.830339	0.891592	0.998426	0.891592	0.998426	0.891592	0.998424	0.891592	0.998423	0.891592	0.998422	0.885075	0.000068	0.884466	0.000071	0.891592	0.998423	
1357204275.603318	1.000001	47.790970	34.554532	3.796276	0.999921	0.993082	1.000000	0.992850	1.000000	0.992849	1.000000	0.992834	0.999918	0.000576	0.999719	0.000136	0.987408	0.000050	0.999983	0.000091	1357204275.603494	1.000002	50.774180	37.542302	1.779644	0.891495	0.991316	0.891495	0.991314	0.891494	0.991298	0.891492	0.991283	0.891494	0.991296	0.891367	0.000087	0.909724	0.000024	0.892169	0.998450	
1357204276.603318	1.000000	26.586594	13.344620	3.788162	0.984544	0.236904	1.000001	0.222706	1.000005	0.055933	0.999996	0.055895	0.999947	0.000469	0.975559	0.002171	0.652199	0.000026	1.001161	0.000056	1357204276.603594	1.000100	34.807085	21.472342	4.168712	0.927258	0.255208	0.927251	0.255157	0.927252	0.255145	0.927263	0.255167	0.927264	0.255161	0.971694	0.000105	0.976303	0.000082	0.981341	0.999364	
1357204277.603322	1.000004	22.314317	9.088846	3.903686	0.660957	0.019856	0.748201	0.000087	0.803100	0.000048	0.716408	0.000082	0.798480	0.000175	0.816350	0.000202	0.967362	0.000514	0.847834	0.000114	1357204277.603694	1.000100	29.288303	15.966133	4.270371	1.014086	0.000071	1.000701	0.000051	1.002835	0.000053	1.000357	0.000022	0.995522	0.000011	1.000022	0.000036	0.997857	0.000012	1.000000	1.000000	
1357204278.603317	0.999995	21.835574	8.616407	3.921666	0.640782	0.021731	0.626509	0.000129	0.668307	0.000165	0.997990	0.000013	0.709850	0.000278	0.820551	0.000199	0.584246	0.000022	0.930635	0.000059	1357204278.603773	1.000079	29.286919	15.939752	4.464949	1.000357	0.000084	0.999979	0.000094	0.999815	0.000052	0.999949	0.000084	1.001097	0.000046	1.000082	0.000066	1.000198	0.000049	1.000000	1.000000	
1357204279.603317	1.000000	21.485657	8.286133	3.918335	0.612115	0.020359	0.728448	0.000281	0.715900	0.000188	0.615107	0.000297	0.643055	0.000340	0.730659	0.000594	0.922433	0.000051	0.660068	0.000169	1357204279.603585	0.999812	29.280548	15.931998	4.185617	0.999070	0.000082	0.964797	0.000136	1.000042	0.000109	1.000044	0.000088	0.999968	0.000012	1.000192	0.000036	0.999526	0.000012	1.000000	1.000000	
1357204280.603318	1.000001	22.280588	9.066947	3.910992	0.658839	0.019604	1.001475	0.000008	0.699621	0.000061	0.990962	0.000013	0.895577	0.000180	0.753533	0.000206	1.002260	0.000013	0.780042	0.000072	1357204280.603576	0.999991	29.238424	15.890098	4.394525	1.000832	0.000070	1.369784	0.000013	0.999016	0.000007	0.999746	0.000064	0.999870	0.000045	0.999687	0.000042	1.000288	0.000051	1.000000	1.000000	
1357204281.603318	1.000000	24.456848	11.242462	3.746841	0.826770	0.014170	0.991873	0.000069	0.999081	0.000023	0.755809	0.000075	0.791102	0.000179	0.882480	0.000142	0.985906	0.000047	0.830683	0.000108	1357204281.603571	0.999995	29.266534	15.907901	3.974645	0.999870	0.000050	1.000044	0.000070	0.999935	0.000060	1.000261	0.000021	1.000352	0.000012	1.000042	0.000036	0.999120	0.000019	1.000000	1.000000	
1357204282.603317	0.999999	22.488577	9.273492	3.851414	0.658518	0.018826	0.852383	0.000110	0.899915	0.000616	0.712121	0.000020	0.688380	0.000239	0.691781	0.000227	0.572814	0.000025	0.552007	0.000098	1357204282.603784	1.000213	29.249662	15.896625	4.235808	0.998367	0.000054	1.000449	0.000012	0.999386	0.000051	0.986091	0.000048	0.986757	0.000047	1.000009	0.000043	0.988893	0.000047	1.000000	1.000000	
1357204283.603318	1.000001	22.538904	9.312506	3.824505	0.688238	0.018933	0.805219	0.000079	0.907594	0.000037	0.803892	0.000090	0.768815	0.000202	0.670111	0.000207	0.758967	0.000079	0.890853	0.000115	1357204283.603568	0.999784	29.263233	15.895249	4.412376	1.001085	0.000086	0.999786	0.000072	1.000497	0.000075	1.017222	0.000037	1.029134	0.000021	0.999940	0.000083	1.024991	0.000021	1.000000	1.000000	
1357204284.603317	0.999999	25.386804	12.169628	3.680591	0.895025	0.011656	1.002909	0.000013	0.930936	0.000457	1.015539	0.000013	1.001210	0.000171	0.931252	0.000263	0.983959	0.000013	1.000180	0.000083	1357204284.603574	1.000006	29.241967	15.893246	3.920799	1.000048	0.000048	1.000030	0.000013	0.999777	0.000049	0.984340	0.000048	1.000293	0.000045	1.000333	0.000049	0.868185	0.000052	1.000000	1.000000	
1357204285.603323	1.000006	24.174844	10.958522	3.837547	0.792546	0.015962	0.795509	0.000078	1.000629	0.000023	0.662083	0.000081	0.998457	0.000139	0.871940	0.000145	0.734945	0.000062	1.002754	0.000086	1357204285.603579	1.000005	29.265005	15.896542	4.216257	1.000043	0.000063	0.999684	0.000081	0.999671	0.000074	1.000944	0.000798	0.998910	0.000011	0.999430	0.000037	1.609967	0.000011	1.000000	1.000000	
1357204286.603317	0.999994	22.372356	9.160791	3.878807	0.694501	0.021707	0.999199	0.000013	1.004047	0.000050	0.706796	0.000018	0.714430	0.000238	0.967721	0.002194	0.692150	0.000019	0.738620	0.000075	1357204286.603641	1.000062	29.263765	15.885063	4.786980	0.999591	0.000051	1.003579	0.000012	1.002599	0.000011	1.000210	0.000038	0.999983	0.000047	1.000097	0.000044	1.000032	0.000049	1.000000	1.000000	
1357204287.603324	1.000007	715820344.673116	715818466.318778	715766934.800364	0.999955	1.000986	0.999952	1.000988	0.999962	1.000986	0.999954	1.000988	0.999955	1.000993	0.999957	1.000984	0.999955	1.000994	0.999954	1.000989	1357204287.603430	0.999789	715961971.848113	715962841.010679	715932317.036934	0.999955	1.000987	0.999952	1.000988	3.895492	0.256951	0.999954	1.000987	0.999955	1.000993	0.999957	1.000986	0.999954	1.000990	0.999955	1.000988	
1357204288.603324	1.000000	0.000000	0.000000	0.000000	-nan	-nan	-nan	-nan	0.000000	inf	-nan	-nan	-nan	0.000000	-nan	-nan	-nan	-nan	-nan	-nan	1357204288.603395	0.999965	0.000000	0.000000	0.000000	-nan	-nan	-nan	-nan	0.000000	inf	-nan	-nan	-nan	-nan	-nan	-nan	-nan	-nan	-nan	-nan	
