ts_0	elapsed_0	pkg_0	pp0_0	dram_0	freq_ratio_0_0	c0_ratio_0_0	freq_ratio_0_1	c0_ratio_0_1	freq_ratio_0_2	c0_ratio_0_2	freq_ratio_0_3	c0_ratio_0_3	freq_ratio_0_4	c0_ratio_0_4	freq_ratio_0_5	c0_ratio_0_5	freq_ratio_0_6	c0_ratio_0_6	freq_ratio_0_7	c0_ratio_0_7	ts_1	elapsed_1	pkg_1	pp0_1	dram_1	freq_ratio_1_0	c0_ratio_1_0	freq_ratio_1_1	c0_ratio_1_1	freq_ratio_1_2	c0_ratio_1_2	freq_ratio_1_3	c0_ratio_1_3	freq_ratio_1_4	c0_ratio_1_4	freq_ratio_1_5	c0_ratio_1_5	freq_ratio_1_6	c0_ratio_1_6	freq_ratio_1_7	c0_ratio_1_7	
1354697180.854323	1.001946	29.790722	16.510260	4.893691	1.156114	0.331956	1.154053	0.325525	1.154977	0.325597	1.156717	0.332151	1.154378	0.321405	1.157315	0.333042	1.154434	0.320189	1.157082	0.332067	1354697180.854553	1.000489	51.631079	38.338385	1.621537	0.989575	0.977317	0.989648	0.976981	0.989665	0.976940	0.989646	0.976918	0.965618	0.000449	0.968444	0.000406	0.919039	0.000393	0.989526	0.977844	
1354697181.854314	0.999991	32.366458	19.077123	4.962814	1.000000	0.440129	1.000354	0.000474	1.000000	1.000000	0.995457	0.000134	0.997827	0.000085	1.000419	0.000213	1.000558	0.000247	0.997119	0.000115	1354697181.854535	0.999982	49.949517	36.634902	1.654479	0.961478	0.559822	0.978381	0.999887	0.978381	0.999887	0.978381	0.999887	0.963194	0.000860	0.961383	0.000823	0.961497	0.000967	0.978384	0.999887	
1354697182.854313	0.999999	35.620105	22.315329	4.973271	1.000001	1.000000	0.999822	0.000427	1.000000	1.000000	0.999679	0.000014	0.985685	0.000015	0.999903	0.000131	0.999691	0.000035	0.998702	0.000014	1354697182.854527	0.999992	46.876662	33.560575	1.585508	0.997789	0.000018	1.000000	1.000000	1.000000	1.000000	1.000000	1.000000	1.000008	0.000051	1.000366	0.000053	1.004204	0.000012	1.000000	1.000000	
1354697183.854313	1.000000	35.693283	22.385376	4.977966	1.000000	1.000000	1.000080	0.000421	1.000000	1.000000	1.007110	0.000072	1.009902	0.000073	1.000027	0.000203	1.000194	0.000127	1.003683	0.000084	1354697183.854528	1.000001	46.872117	33.554533	1.642714	1.000967	0.000101	1.000000	1.000000	1.000000	1.000000	1.000000	1.000000	1.000058	0.000127	0.999757	0.000132	0.999621	0.000102	1.000000	1.000000	
1354697184.854313	1.000000	35.683609	22.372467	4.978012	1.000000	1.000000	0.999666	0.000426	1.000001	1.000000	1.000089	0.000052	0.985098	0.000013	0.999914	0.000130	0.999437	0.000034	1.018225	0.000013	1354697184.854529	1.000001	46.932801	33.613188	1.591872	1.000857	0.000018	1.000000	1.000000	1.000000	1.000000	1.000000	1.000000	0.999880	0.000052	1.000664	0.000046	1.006014	0.000006	1.000000	1.000000	
1354697185.854313	1.000000	38.417526	25.103760	4.962570	1.000000	1.000000	1.000002	0.471103	1.000000	1.000000	0.996436	0.000179	1.003438	0.000057	1.000184	0.000437	1.000026	0.002207	0.993862	0.000047	1354697185.854507	0.999978	44.106177	30.787693	1.657660	0.999948	0.000163	0.999999	0.528954	1.000000	1.000000	1.000000	1.000000	1.000067	0.000097	0.999669	0.000099	0.999903	0.000147	1.000000	1.000000	
1354697186.854313	1.000000	41.422440	28.097198	4.957870	1.000000	1.000000	1.000000	1.000000	1.000000	1.000000	0.999974	0.000327	0.985082	0.000013	0.999288	0.000129	0.998986	0.000033	1.014492	0.000013	1354697186.854507	1.000000	40.854431	27.539490	1.587845	0.999245	0.000018	0.999805	0.000012	1.000000	1.000000	1.000000	1.000000	0.999985	0.000051	1.000722	0.000046	1.000419	0.000056	1.000000	1.000000	
1354697187.854313	1.000000	41.364456	28.033875	4.963333	1.000000	1.000000	1.000000	1.000000	1.000000	0.977842	0.999967	0.000387	1.003704	0.000054	0.997504	0.000174	1.000096	0.000076	0.998504	0.000139	1354697187.854505	0.999998	40.845461	27.530463	1.619937	1.000021	0.000093	1.000005	0.000077	1.000000	1.000000	1.000000	1.000000	1.000008	0.000097	0.999768	0.000091	0.999659	0.000059	1.000000	1.000000	
1354697188.854313	1.000000	45.060471	31.726166	4.957260	1.000000	1.000000	1.000000	1.000000	1.000000	1.000000	0.999979	0.003168	0.999759	0.002749	1.000148	0.002804	0.999873	0.002911	0.999843	0.002626	1354697188.854444	0.999939	44.306202	30.988281	1.599112	0.999991	0.002732	0.999785	0.002665	1.000000	1.000000	1.000000	1.000000	0.999998	0.003525	1.000004	0.002618	0.999802	0.002633	1.000000	1.000000	
1354697189.854313	1.000000	41.525879	28.205826	4.968262	1.000000	1.000000	1.000000	1.000000	1.000000	1.000000	1.000014	0.000353	1.009362	0.000050	1.000172	0.000136	1.004691	0.000078	1.015932	0.000043	1354697189.854498	1.000054	40.877802	27.561290	1.639819	1.000158	0.000073	1.008519	0.000066	1.000000	1.000000	1.000000	1.000000	1.000052	0.000103	0.999580	0.000092	1.002926	0.000157	1.000000	1.000000	
1354697190.854313	1.000000	41.563416	28.227829	4.973206	1.000000	1.000000	1.000000	1.000000	1.000000	1.000000	0.999379	0.000372	0.982860	0.000014	0.999492	0.000448	1.003429	0.000033	0.980240	0.000014	1354697190.854506	1.000008	40.863133	27.546759	1.588046	0.999994	0.000063	1.000041	0.000019	1.000000	1.000000	1.000000	1.000000	1.000016	0.000048	1.001250	0.000046	1.003495	0.000018	1.000000	1.000000	
1354697191.854313	1.000000	41.526276	28.189728	4.958313	1.000000	1.000000	1.000000	1.000000	1.000000	1.000000	1.001004	0.000369	1.004210	0.000055	0.997699	0.000139	0.997458	0.000074	1.003257	0.000092	1354697191.854503	0.999997	40.840398	27.537881	1.633153	1.000015	0.000076	0.999979	0.000072	1.000000	1.000000	1.000000	1.000000	0.999971	0.000105	0.999614	0.000092	0.999933	0.000104	1.000000	1.000000	
1354697192.854313	1.000000	41.499512	28.164291	4.952866	1.000000	1.000000	1.000000	1.000000	1.000000	1.000000	0.999504	0.000336	0.999068	0.000013	1.004238	0.000125	1.002849	0.000033	0.871340	0.000015	1354697192.854504	1.000001	40.860770	27.545582	1.592909	0.999721	0.000018	0.999901	0.000012	1.000000	1.000000	1.000000	1.000000	1.000270	0.000056	0.999744	0.000060	1.001475	0.000012	1.000000	1.000000	
1354697193.854313	1.000000	41.411346	28.075150	4.962906	1.000000	0.986756	1.000000	1.000000	1.000000	0.986750	0.999991	0.000385	0.994447	0.000056	0.996933	0.000166	0.999767	0.000071	1.026041	0.000046	1354697193.854512	1.000008	40.874562	27.557928	1.628115	0.998881	0.000089	0.999979	0.000075	1.000000	1.000000	1.000000	1.000000	0.999760	0.000096	1.000252	0.000092	0.991812	0.000083	1.000000	1.000000	
1354697194.854313	1.000000	41.531189	28.195419	4.972809	1.000000	1.000000	1.000000	1.000000	1.000000	1.000000	1.000206	0.000548	0.993951	0.000039	0.994077	0.000127	1.000403	0.000033	1.009118	0.000014	1354697194.854507	0.999995	40.880057	27.563218	1.593880	0.999990	0.000281	0.999940	0.000148	1.000000	1.000000	1.000000	1.000000	1.000059	0.000098	1.000550	0.000053	0.999882	0.000186	1.000000	1.000000	
1354697195.854313	1.000000	41.700546	28.363266	4.973236	1.000000	1.000000	1.000000	1.000000	1.000000	1.000000	0.999668	0.000404	1.009808	0.000076	1.001681	0.000684	1.000000	0.002042	0.981749	0.000081	1354697195.854504	0.999997	40.918599	27.602152	1.641134	1.000635	0.000152	0.999987	0.000087	1.000000	1.000000	1.000000	1.000000	1.000036	0.000140	0.999720	0.000111	1.001913	0.000331	1.000000	1.000000	
1354697196.854313	1.000000	41.552582	28.215836	4.953094	1.000000	1.000000	1.000000	1.000000	1.000000	1.000000	0.999966	0.000351	0.985413	0.000013	1.000493	0.000396	0.999557	0.000033	1.143352	0.000013	1354697196.854498	0.999994	40.933426	27.616101	1.592646	0.999435	0.000018	0.999870	0.000012	1.000000	1.000000	1.000000	1.000000	0.999898	0.000049	1.000513	0.000047	1.000626	0.000053	1.000000	1.000000	
1354697197.854313	1.000000	41.536987	28.198990	4.967911	1.000000	1.000000	1.000000	1.000000	1.000000	1.000000	0.999994	0.000382	1.000013	0.000057	1.000705	0.000133	0.999713	0.000074	1.000120	0.000048	1354697197.854499	1.000001	40.917441	27.599492	1.617751	1.000048	0.000080	1.000000	0.000070	1.000000	1.000000	1.000000	1.000000	1.000016	0.000096	1.000063	0.000091	0.999466	0.000077	1.000000	1.000000	
1354697198.854313	1.000000	41.550873	28.208389	4.968155	1.000000	1.000000	1.000000	1.000000	1.000000	1.000000	1.000008	0.000347	0.999066	0.000013	0.998801	0.000156	1.000031	0.000038	1.000028	0.000014	1354697198.854497	0.999998	40.904726	27.589439	1.588214	0.999979	0.000018	1.000033	0.000012	1.000000	1.000000	1.000000	1.000000	0.999991	0.000129	0.999734	0.000045	1.004192	0.000012	1.000000	1.000000	
1354697199.854315	1.000002	41.532071	28.186531	4.958288	1.000000	0.997669	1.000000	0.997662	1.000000	1.000000	0.999953	0.000371	1.003930	0.000054	1.000602	0.000140	1.000286	0.000073	0.998889	0.000065	1354697199.854520	1.000023	40.900751	27.586405	1.623452	0.999742	0.000076	0.999901	0.000059	1.000000	0.997709	1.000000	1.000000	1.000034	0.000102	1.000000	0.000089	0.999495	0.000065	1.000000	0.999608	
1354697200.854313	0.999998	41.614536	28.270669	4.957971	1.000000	1.000000	1.000000	1.000000	1.000000	1.000000	0.999998	0.000339	0.983458	0.000013	0.999756	0.000436	0.999930	0.000033	1.003945	0.000014	1354697200.854499	0.999979	40.906116	27.590697	1.588092	1.000024	0.000063	0.999917	0.000019	1.000000	1.000000	1.000000	1.000000	0.999523	0.000061	1.000051	0.000053	1.000322	0.000018	1.000000	1.000000	
1354697201.854313	1.000000	41.520264	28.187897	4.973358	1.000000	1.000000	1.000000	1.000000	1.000000	1.000000	0.999988	0.000379	1.003882	0.000056	1.000058	0.000132	1.000116	0.000070	0.999153	0.000046	1354697201.854498	0.999999	40.810952	27.510677	1.625963	0.999990	0.000076	1.000019	0.000061	1.000000	1.000000	1.000000	1.000000	1.000342	0.000095	0.999987	0.000089	0.999735	0.000110	1.000000	1.000000	
1354697202.854313	1.000000	41.579575	28.231003	4.963272	1.000000	1.000000	1.000000	1.000000	1.000000	1.000000	0.999976	0.000348	0.985279	0.000013	0.999830	0.000127	0.998853	0.000033	1.003885	0.000013	1354697202.854497	0.999999	40.861749	27.545925	1.592943	0.999312	0.000018	0.999705	0.000012	1.000000	1.000000	1.000000	1.000000	0.999772	0.000054	0.999993	0.000052	1.004674	0.000011	1.000000	1.000000	
1354697203.854313	1.000000	41.567505	28.220978	4.968384	1.000000	1.000000	1.000000	1.000000	1.000000	1.000000	1.000001	0.000414	0.999751	0.000056	1.000136	0.000162	1.000249	0.000077	0.999893	0.000093	1354697203.854498	1.000001	40.871513	27.556920	1.635924	1.000061	0.000082	1.000065	0.000071	1.000000	1.000000	1.000000	1.000000	1.000067	0.000110	0.999882	0.000088	0.999299	0.000067	1.000000	1.000000	
1354697204.854320	1.000007	715807696.126460	715800731.917196	715802736.330583	0.999952	1.000623	0.999951	1.000632	0.999961	1.000629	0.999951	1.000623	0.999954	1.000636	0.999954	1.000620	0.999954	1.000637	0.999951	1.000623	1354697204.854414	0.999916	715822117.560708	715850326.440985	715864559.209727	0.999952	1.000626	0.999950	1.000630	3.895530	0.256857	0.999951	1.000623	0.999953	1.000635	0.999955	1.000623	0.999951	1.000626	0.999954	1.000634	
1354697205.854399	1.000079	0.000000	0.000000	0.000000	-nan	-nan	-nan	-nan	0.000000	inf	-nan	-nan	-nan	0.000000	-nan	-nan	-nan	-nan	-nan	-nan	1354697205.854477	1.000063	0.000000	0.000000	0.000000	-nan	-nan	-nan	-nan	0.000000	inf	-nan	-nan	-nan	-nan	-nan	-nan	-nan	-nan	-nan	-nan	
1354697206.854538	1.000139	0.000000	0.000000	0.000000	-nan	-nan	-nan	-nan	0.000000	inf	-nan	-nan	-nan	0.000000	-nan	-nan	-nan	-nan	-nan	-nan	1354697206.854618	1.000141	0.000000	0.000000	0.000000	-nan	-nan	-nan	-nan	inf	-nan	-nan	-nan	-nan	-nan	-nan	-nan	-nan	-nan	-nan	-nan	
