ts_0	elapsed_0	pkg_0	pp0_0	dram_0	freq_ratio_0_0	c0_ratio_0_0	freq_ratio_0_1	c0_ratio_0_1	freq_ratio_0_2	c0_ratio_0_2	freq_ratio_0_3	c0_ratio_0_3	freq_ratio_0_4	c0_ratio_0_4	freq_ratio_0_5	c0_ratio_0_5	freq_ratio_0_6	c0_ratio_0_6	freq_ratio_0_7	c0_ratio_0_7	ts_1	elapsed_1	pkg_1	pp0_1	dram_1	freq_ratio_1_0	c0_ratio_1_0	freq_ratio_1_1	c0_ratio_1_1	freq_ratio_1_2	c0_ratio_1_2	freq_ratio_1_3	c0_ratio_1_3	freq_ratio_1_4	c0_ratio_1_4	freq_ratio_1_5	c0_ratio_1_5	freq_ratio_1_6	c0_ratio_1_6	freq_ratio_1_7	c0_ratio_1_7	
1352521460.686457	1.001731	62.118720	48.797524	5.407007	0.994942	0.969251	0.994570	0.923983	0.994623	0.907897	0.994598	0.907783	0.994572	0.907349	0.994594	0.907518	0.994595	0.907788	0.994487	0.889987	1352521460.686535	1.000348	46.201371	32.939004	4.363746	0.999778	0.909498	0.999956	0.909197	0.999938	0.842503	0.999974	0.824671	0.967185	0.002468	0.981543	0.001850	0.970956	0.001892	0.999893	0.727206	
1352521461.686465	1.000008	64.242674	50.853882	5.961347	0.974932	0.972829	0.974922	0.972429	0.974934	0.972219	0.974914	0.972058	0.974916	0.972091	0.974912	0.971914	0.974917	0.972070	0.974930	0.971868	1352521461.686524	0.999989	53.911907	40.580630	5.300351	1.000000	0.973339	1.000000	0.973246	1.000000	0.973249	1.000000	0.973252	1.000002	0.499121	0.999882	0.002880	0.999861	0.002817	0.999891	0.643896	
1352521462.686478	1.000013	60.739011	47.349751	5.633105	0.996732	0.798813	0.996718	0.797278	0.996750	0.795909	0.996745	0.794794	0.996745	0.794766	0.996741	0.793673	0.996743	0.794249	0.996743	0.794223	1352521462.686551	1.000027	51.784509	38.458818	4.755594	1.000000	0.809823	1.000000	0.793845	1.000000	0.793794	1.000000	0.793761	1.000000	0.793857	0.999936	0.002844	1.000088	0.002582	0.999883	0.702076	
1352521463.686460	0.999982	63.315997	49.894126	5.962814	0.987632	0.887738	0.987617	0.886641	0.987601	0.885473	0.987597	0.885184	0.987589	0.884617	0.987588	0.884511	0.987598	0.885277	0.987592	0.884792	1352521463.686518	0.999967	53.422671	40.075858	5.339562	1.000000	0.885663	1.000000	0.885134	1.000000	0.885153	1.000000	0.885127	1.000000	0.885179	1.000006	0.003740	0.999826	0.003680	1.000000	0.609708	
1352521464.686463	1.000003	62.968418	49.562484	5.877622	0.993314	0.871265	0.993311	0.870772	0.993300	0.869322	0.993297	0.868979	0.993295	0.868652	0.993291	0.868218	0.993300	0.869277	0.993297	0.868919	1352521464.686536	1.000018	52.645757	39.326277	5.276212	1.000000	0.868976	1.000000	0.868449	1.000000	0.868486	1.000000	0.868468	1.000000	0.868501	1.000088	0.005554	1.000139	0.003048	1.000000	0.589144	
1352521465.686460	0.999997	59.131592	45.729512	5.921634	1.000002	0.087304	1.000001	0.829285	1.000001	0.826862	1.000001	0.825412	1.000001	0.825485	1.000001	0.825412	1.000001	0.825512	1.000001	0.825551	1352521465.686513	0.999977	57.382127	44.073671	5.245207	0.999999	0.758924	0.999999	0.800952	0.999999	0.825507	1.000000	0.825437	0.999999	0.825470	1.000000	0.800678	0.999996	0.079426	0.999996	0.442196	
1352521466.686457	0.999997	57.764568	44.378082	5.635165	0.998774	0.028766	0.999999	0.815720	0.999995	0.813949	0.999999	0.812711	1.000000	0.812710	0.999995	0.812688	0.999999	0.812714	0.999990	0.812690	1352521466.686521	1.000008	56.775739	43.477721	4.823874	1.000000	0.813144	0.999753	0.634387	1.000000	0.812565	0.999999	0.812563	0.999999	0.812680	0.999999	0.812626	0.999411	0.047378	0.999998	0.812510	
1352521467.686461	1.000004	59.952150	46.536082	5.894462	0.999893	0.031492	1.000000	0.858915	1.000000	0.856394	1.000000	0.855306	1.000000	0.855360	1.000000	0.855300	1.000000	0.855382	1.000000	0.855368	1352521467.686531	1.000010	58.780524	45.476077	5.171106	1.000000	0.855968	1.000004	0.637870	1.000001	0.855461	1.000001	0.855449	1.000001	0.855474	1.000001	0.855555	1.000046	0.008794	1.000003	0.855659	
1352521468.686458	0.999997	61.313392	47.897213	5.899539	0.999947	0.032772	1.000000	0.918310	1.000000	0.916537	1.000000	0.916014	1.000000	0.916024	1.000000	0.915987	1.000000	0.916030	1.000000	0.916035	1352521468.686550	1.000019	60.182659	46.861945	5.155602	1.000000	0.916416	1.000000	0.636648	1.000000	0.915987	1.000000	0.915998	1.000000	0.916004	1.000000	0.915974	0.999978	0.009253	1.000000	0.916026	
1352521469.686455	0.999997	55.986563	42.592493	5.471987	0.997713	0.030792	0.999822	0.732630	0.999988	0.729995	0.999994	0.729221	1.000000	0.729268	1.000000	0.729222	1.000000	0.729291	0.999995	0.729136	1352521469.686516	0.999966	55.671393	42.367564	4.908645	1.000000	0.729690	0.999717	0.659094	1.000000	0.729212	1.000000	0.729185	1.000000	0.729210	1.000000	0.729214	0.991337	0.008637	1.000000	0.729250	
1352521470.686462	1.000007	61.362414	47.942646	6.002568	0.999932	0.034785	1.000000	0.907900	0.999999	0.905638	1.000000	0.905385	0.999999	0.905395	0.999999	0.905365	1.000000	0.905404	0.999999	0.905034	1352521470.686539	1.000023	60.316262	46.986519	5.394667	1.000000	0.849551	0.999999	0.531342	1.000000	0.905384	1.000000	0.905367	1.000000	0.905385	1.000000	0.905362	1.000002	0.143690	1.000000	0.905408	
1352521471.686454	0.999992	61.334756	47.899314	5.999408	0.999955	0.035814	1.000000	0.905869	1.000000	0.904004	1.000000	0.903389	1.000001	0.903595	1.000001	0.903372	1.000000	0.903430	1.000001	0.903367	1352521471.686511	0.999972	60.389075	47.055634	5.390104	1.000000	0.697180	0.999999	0.630239	0.999999	0.899224	1.000000	0.903379	1.000000	0.903395	1.000000	0.903373	1.000000	0.196340	1.000000	0.903496	
1352521472.686458	1.000004	61.821924	48.385943	5.984671	0.999939	0.037881	1.000000	0.923276	1.000000	0.921726	1.000000	0.921236	1.000000	0.921234	1.000000	0.921211	1.000000	0.921254	1.000000	0.921094	1352521472.686549	1.000038	61.154817	47.820224	5.366145	1.000000	0.823534	0.999997	0.411636	1.000001	0.876931	1.000000	0.921213	1.000000	0.921260	1.000000	0.921259	0.999998	0.348118	1.000000	0.921240	
1352521473.686462	1.000004	61.223812	47.817235	5.902106	0.999942	0.031919	1.000000	0.922589	1.000000	0.920501	0.999999	0.920444	1.000000	0.920438	1.000000	0.920440	0.999999	0.920469	1.000000	0.920236	1352521473.686532	0.999983	59.911933	46.611842	5.301588	1.000000	0.818386	1.000000	0.417832	1.000000	0.920462	1.000000	0.920451	1.000000	0.920452	1.000000	0.920432	0.999998	0.262583	1.000000	0.920536	
1352521474.686463	1.000001	61.028735	47.592636	5.989908	0.999945	0.037608	1.000000	0.888388	1.000000	0.885790	1.000000	0.885341	1.000000	0.885366	1.000000	0.885343	1.000001	0.885371	1.000000	0.885389	1352521474.686531	0.999999	60.178616	46.842162	5.389562	0.999999	0.669526	0.999999	0.554840	1.000000	0.885314	1.000000	0.885322	1.000000	0.885393	1.000000	0.887598	0.999997	0.278326	1.000000	0.885340	
1352521475.686466	1.000003	60.514186	47.093284	5.942807	0.999946	0.034284	1.000000	0.885320	1.000000	0.882482	1.000000	0.882108	1.000000	0.882139	0.999999	0.882168	1.000000	0.882224	0.999999	0.882178	1352521475.686538	1.000007	59.806151	46.478484	5.176173	1.000000	0.675768	1.000000	0.762653	1.000000	0.862055	1.000000	0.882182	1.000000	0.882151	1.000000	0.882158	0.999993	0.108872	1.000000	0.882247	
1352521476.686462	0.999996	62.241509	48.806350	5.972528	0.999942	0.034720	1.000000	0.939949	0.999999	0.938131	1.000000	0.938103	1.000000	0.938123	1.000000	0.938094	1.000000	0.938120	1.000000	0.938124	1352521476.686534	0.999996	61.475454	48.136273	5.360114	1.000000	0.793202	0.999999	0.688188	1.000000	0.685420	1.000000	0.938099	1.000000	0.938089	1.000000	0.938093	0.999998	0.344094	1.000000	0.938109	
1352521477.686457	0.999995	61.149003	47.712901	5.999023	0.999946	0.035692	1.000000	0.899559	1.000001	0.897265	1.000001	0.896701	1.000000	0.896733	1.000001	0.896692	1.000000	0.896860	1.000001	0.896857	1352521477.686515	0.999981	60.552272	47.211685	5.393490	0.999999	0.640532	1.000002	0.554023	1.000000	0.896741	1.000000	0.896737	1.000000	0.896722	1.000000	0.896689	0.999994	0.317806	1.000000	0.896814	
1352521478.686459	1.000002	60.916891	47.496308	5.960484	0.999989	0.034969	1.000000	0.894401	1.000000	0.891491	1.000000	0.891292	1.000001	0.891251	1.000000	0.891280	1.000000	0.891310	1.000000	0.891304	1352521478.686521	1.000006	60.332892	47.005884	5.246368	0.999994	0.203974	0.999998	0.845909	0.999999	0.891273	0.999999	0.891280	0.999999	0.891291	0.999999	0.891216	0.999996	0.473436	0.999999	0.891301	
1352521479.686457	0.999998	62.038982	48.602815	5.981884	0.999942	0.034949	1.000000	0.931664	1.000000	0.929847	1.000000	0.929698	1.000000	0.929731	1.000000	0.929753	1.000000	0.929771	1.000000	0.929673	1352521479.686519	0.999998	61.652904	48.316788	5.334101	0.999999	0.524024	0.999999	0.577581	1.000000	0.929782	1.000000	0.929729	1.000000	0.929716	1.000000	0.929691	1.000001	0.458246	1.000000	0.929801	
1352521480.686458	1.000001	59.444752	46.036699	5.947321	0.999943	0.031715	1.000000	0.836630	1.000000	0.832984	1.000000	0.832486	1.000000	0.832497	1.000000	0.832469	1.000000	0.832509	1.000000	0.832505	1352521480.686516	0.999997	59.184433	45.855748	5.262254	0.999999	0.416733	0.999997	0.706190	1.000000	0.832453	1.000000	0.832474	1.000000	0.832474	1.000001	0.832446	0.999994	0.341843	1.000000	0.832488	
1352521481.686460	1.000002	61.967152	48.555083	5.929661	0.999907	0.032820	1.000000	0.950720	0.999999	0.948129	0.999999	0.948143	1.000000	0.948166	1.000000	0.948151	0.999999	0.948167	1.000000	0.947890	1352521481.686537	1.000021	60.956088	47.644417	5.218381	1.000000	0.908592	1.000003	0.639746	1.000000	0.683941	1.000001	0.948149	1.000001	0.948144	1.000001	0.948134	1.000008	0.281694	1.000001	0.948164	
1352521482.686464	1.000004	60.818616	47.389716	6.002860	0.999931	0.030802	1.000000	0.885331	1.000000	0.882461	1.000000	0.882399	1.000000	0.882416	1.000000	0.882381	1.000000	0.882416	1.000000	0.882421	1352521482.686554	1.000017	60.120107	46.783479	5.334016	1.000002	0.570226	0.999999	0.689528	1.000000	0.882359	1.000000	0.882389	1.000000	0.882392	1.000000	0.882368	0.999991	0.252706	1.000000	0.882417	
1352521483.686459	0.999995	61.850301	48.418272	6.008987	0.999919	0.035741	1.000000	0.925873	1.000000	0.923982	1.000000	0.923935	1.000000	0.923958	0.999999	0.923926	1.000000	0.924014	1.000000	0.923961	1352521483.686545	0.999991	61.140813	47.803015	5.370975	0.999999	0.848311	1.000000	0.415030	1.000000	0.923987	1.000000	0.923935	1.000000	0.923991	1.000000	0.923928	0.999999	0.282278	1.000000	0.924004	
1352521484.686472	1.000013	61.096809	47.669770	5.970213	0.999975	0.032720	1.000000	0.901124	1.000000	0.898365	1.000000	0.898451	1.000000	0.898446	1.000001	0.898446	1.000000	0.898476	1.000000	0.898345	1352521484.686536	0.999991	60.494460	47.157578	5.294237	0.999999	0.644340	0.999997	0.714437	1.000000	0.898444	1.000000	0.898448	1.000000	0.898463	1.000000	0.900672	1.000001	0.177752	1.000000	0.898458	
1352521485.686509	1.000037	715799654.093868	715764513.607050	715739960.528505	0.999952	1.000322	0.999951	1.000332	0.999953	1.000333	0.999952	1.000322	0.999955	1.000334	0.999954	1.000318	0.999954	1.000332	0.999953	1.000322	1352521485.686610	1.000074	715749194.802012	715769801.854679	715756255.468179	0.999951	1.000317	0.999950	1.000324	3.895495	0.256782	0.999952	1.000319	0.999954	1.000329	0.999956	1.000323	0.999953	1.000328	0.999954	1.000329	
1352521486.686544	1.000035	0.000000	0.000000	0.000000	-nan	-nan	-nan	-nan	1.000008	inf	-nan	-nan	-nan	0.000000	-nan	-nan	-nan	-nan	-nan	-nan	1352521486.686627	1.000017	0.000000	0.000000	0.000000	-nan	-nan	-nan	-nan	1.345745	inf	-nan	-nan	-nan	-nan	-nan	-nan	-nan	-nan	-nan	-nan	
