ts_0	elapsed_0	pkg_0	pp0_0	dram_0	freq_ratio_0_0	c0_ratio_0_0	freq_ratio_0_1	c0_ratio_0_1	freq_ratio_0_2	c0_ratio_0_2	freq_ratio_0_3	c0_ratio_0_3	freq_ratio_0_4	c0_ratio_0_4	freq_ratio_0_5	c0_ratio_0_5	freq_ratio_0_6	c0_ratio_0_6	freq_ratio_0_7	c0_ratio_0_7	ts_1	elapsed_1	pkg_1	pp0_1	dram_1	freq_ratio_1_0	c0_ratio_1_0	freq_ratio_1_1	c0_ratio_1_1	freq_ratio_1_2	c0_ratio_1_2	freq_ratio_1_3	c0_ratio_1_3	freq_ratio_1_4	c0_ratio_1_4	freq_ratio_1_5	c0_ratio_1_5	freq_ratio_1_6	c0_ratio_1_6	freq_ratio_1_7	c0_ratio_1_7	
1354689044.597432	1.001561	44.026706	30.722263	3.822418	1.157414	0.571849	1.153511	0.560686	1.153455	0.566535	1.155108	0.574188	1.155544	0.572843	1.153900	0.565749	1.154387	0.563847	1.154290	0.565011	1354689044.597617	1.000377	52.349576	38.799370	5.503129	0.797973	0.846552	0.799608	0.853593	0.797743	0.845706	0.797911	0.846085	0.797690	0.845188	0.797660	0.845185	0.825890	0.982171	0.797835	0.846834	
1354689045.597430	0.999998	48.749101	35.440467	3.745048	1.000000	1.000000	1.000001	1.000000	1.000000	1.000000	1.000163	0.000400	1.000832	0.000174	1.001771	0.000062	1.011804	0.000013	1.000000	1.000000	1354689045.597614	0.999997	50.854528	37.275308	5.924991	0.736336	0.996162	0.736340	0.996140	0.736345	0.996094	0.736345	0.996090	0.736345	0.996085	0.736345	0.996085	0.736345	0.996080	0.736335	0.996148	
1354689046.597428	0.999998	50.215809	36.891153	3.768821	0.970219	0.998307	0.999980	0.533314	0.970218	0.998304	0.940334	0.498303	0.999438	0.002724	0.999469	0.002859	0.936455	0.467944	0.970214	0.998303	1354689046.597593	0.999979	50.841063	37.247928	6.112402	0.761265	0.996431	0.736206	0.500878	0.761266	0.996427	0.761266	0.996427	0.761266	0.996426	0.761267	0.996423	0.761267	0.996423	0.761267	0.996420	
1354689047.597428	1.000000	50.761612	37.433273	3.718353	0.933693	0.996123	0.936064	0.000512	0.933693	0.996117	0.933692	0.996189	0.932592	0.000140	0.942097	0.000150	0.933693	0.996141	0.933693	0.996084	1354689047.597582	0.999989	50.828820	37.202007	6.368936	0.787523	0.995962	0.769165	0.000249	0.787526	0.996113	0.787526	0.996108	0.787522	0.995918	0.787522	0.995915	0.787523	0.995939	0.787526	0.996101	
1354689048.597430	1.000002	50.764842	37.433141	3.742486	0.933417	0.996003	0.934443	0.000574	0.933416	0.995998	0.933412	0.996288	0.945286	0.000111	0.940401	0.000139	0.933414	0.995984	0.933412	0.996276	1354689048.597595	1.000013	50.781790	37.167329	6.309106	0.787267	0.995813	0.770347	0.000208	0.787275	0.995768	0.787276	0.995750	0.787276	0.995746	0.787276	0.995742	0.787276	0.995738	0.787264	0.995813	
1354689049.597428	0.999998	50.764806	37.426951	3.733009	0.933480	0.996401	0.937743	0.000425	0.933482	0.996397	0.933483	0.996404	0.930131	0.000211	0.932705	0.000114	0.933483	0.996407	0.933482	0.996405	1354689049.597577	0.999982	50.827920	37.199243	6.303396	0.787426	0.996077	0.778148	0.000247	0.787426	0.996077	0.787426	0.996073	0.787426	0.996074	0.787426	0.996068	0.787426	0.996067	0.787425	0.996071	
1354689050.597428	1.000000	50.763794	37.417114	3.737213	0.933376	0.996363	0.927250	0.000510	0.933375	0.996360	0.933374	0.996357	0.942206	0.000068	0.935979	0.000097	0.933371	0.996356	0.933371	0.996356	1354689050.597577	1.000000	50.832962	37.183243	6.512863	0.787245	0.995936	0.779246	0.000583	0.787245	0.995937	0.787245	0.995934	0.787245	0.995929	0.787245	0.995927	0.787245	0.995922	0.787245	0.995922	
1354689051.597428	1.000000	50.765244	37.419174	3.741302	0.933161	0.996407	0.938618	0.000513	0.933162	0.996403	0.933161	0.996401	0.930740	0.000146	0.929774	0.000156	0.933162	0.996401	0.933162	0.996401	1354689051.597571	0.999994	50.834196	37.192223	6.371925	0.787291	0.995930	0.775797	0.000218	0.787289	0.995928	0.787289	0.995925	0.787289	0.995922	0.787288	0.995919	0.787288	0.995920	0.787288	0.995918	
1354689052.597428	1.000000	50.764633	37.423355	3.740936	0.933557	0.996427	0.930531	0.000516	0.933556	0.996423	0.933557	0.996419	0.945289	0.000081	0.937637	0.000116	0.933556	0.996423	0.933556	0.996419	1354689052.597580	1.000009	50.827359	37.196242	6.343601	0.787706	0.995983	0.798068	0.000206	0.787708	0.995982	0.787708	0.995979	0.787708	0.995977	0.787708	0.995975	0.787709	0.995972	0.787709	0.995970	
1354689053.597428	1.000000	50.762817	37.412979	3.759674	0.933804	0.996490	0.931158	0.000506	0.933804	0.996500	0.933803	0.996495	0.929862	0.000211	0.938210	0.000121	0.933804	0.996492	0.933805	0.996487	1354689053.597589	1.000009	50.833203	37.175292	6.546541	0.786973	0.995969	0.784447	0.000235	0.786974	0.995968	0.786974	0.995963	0.786973	0.995964	0.786973	0.995961	0.786973	0.995960	0.786973	0.995956	
1354689054.597428	1.000000	50.764359	37.423386	3.740723	0.933447	0.996073	0.926532	0.000527	0.933468	0.996014	0.933441	0.996072	0.869425	0.000104	0.898310	0.000129	0.933448	0.996053	0.933459	0.996029	1354689054.597589	1.000000	50.833298	37.203735	6.271011	0.787297	0.995656	0.764345	0.002798	0.787295	0.995599	0.787296	0.995641	0.787295	0.995611	0.787295	0.995608	0.787294	0.995590	0.787303	0.996002	
1354689055.597428	1.000000	50.714218	37.375076	3.737061	0.933197	0.996268	0.937815	0.000498	0.933197	0.996265	0.933197	0.996263	0.933314	0.000141	0.941998	0.000157	0.933197	0.996263	0.933196	0.996258	1354689055.597569	0.999980	50.833080	37.174649	6.486092	0.786464	0.995943	0.783186	0.001129	0.786463	0.995940	0.786463	0.995938	0.786463	0.995934	0.786463	0.995931	0.786463	0.995928	0.786463	0.995926	
1354689056.597438	1.000010	50.761790	37.406974	3.821953	0.933339	0.996442	0.936006	0.000518	0.933339	0.996440	0.933339	0.996435	0.940064	0.000090	0.934832	0.000118	0.933339	0.996437	0.933340	0.996435	1354689056.597587	1.000018	50.830771	37.175864	6.456428	0.786574	0.995782	0.780283	0.000202	0.786574	0.995784	0.786574	0.995780	0.786574	0.995776	0.786574	0.995774	0.786574	0.995769	0.786574	0.995767	
1354689057.597428	0.999990	50.765126	37.415475	3.754463	0.933413	0.995994	0.938131	0.000414	0.933413	0.996015	0.933409	0.996359	0.945215	0.000149	0.925900	0.000098	0.933413	0.995988	0.933409	0.996356	1354689057.597578	0.999991	50.828769	37.190706	6.298092	0.787151	0.996053	0.790042	0.000217	0.787152	0.996051	0.787152	0.996049	0.787158	0.995745	0.787158	0.995745	0.787153	0.996045	0.787153	0.996043	
1354689058.597428	1.000000	50.759842	37.407440	3.727661	0.933247	0.996408	0.932533	0.000802	0.933248	0.996403	0.933249	0.996401	0.933749	0.000137	0.936765	0.000117	0.933252	0.996401	0.933252	0.996397	1354689058.597575	0.999997	50.829351	37.180032	6.471211	0.786973	0.995989	0.791760	0.000357	0.786971	0.995985	0.786971	0.995983	0.786971	0.995978	0.786971	0.995977	0.786971	0.995972	0.786971	0.995976	
1354689059.597428	1.000000	50.765259	37.415375	3.740860	0.932965	0.996492	0.930552	0.000512	0.932965	0.996491	0.932965	0.996489	0.936184	0.000138	0.946190	0.000148	0.932966	0.996489	0.932966	0.996485	1354689059.597579	1.000004	50.835381	37.196749	6.328313	0.787196	0.995976	0.780641	0.000299	0.787196	0.995976	0.787196	0.995973	0.787196	0.995971	0.787196	0.995968	0.787196	0.995965	0.787196	0.995959	
1354689060.597428	1.000000	50.769073	37.417694	3.732178	0.932984	0.996525	0.926319	0.000443	0.932983	0.996523	0.932983	0.996519	0.947289	0.000035	0.928442	0.000064	0.932980	0.996519	0.932980	0.996518	1354689060.597575	0.999996	50.831261	37.182234	6.441615	0.787414	0.995923	0.789592	0.000564	0.787412	0.996059	0.787423	0.995438	0.787412	0.996054	0.787412	0.996050	0.787412	0.996047	0.787412	0.996051	
1354689061.597428	1.000000	50.759750	37.414719	3.733307	0.932532	0.996322	0.939912	0.000453	0.932530	0.996319	0.932531	0.996315	0.930049	0.000141	0.941617	0.000137	0.932531	0.996318	0.932531	0.996313	1354689061.597579	1.000004	50.780388	37.161898	6.307607	0.787518	0.996076	0.781039	0.000483	0.787518	0.996075	0.787518	0.996073	0.787518	0.996069	0.787518	0.996067	0.787518	0.996065	0.787518	0.996062	
1354689062.597428	1.000000	50.765656	37.411667	3.736389	0.933319	0.996412	0.934250	0.000511	0.933319	0.996415	0.933319	0.996407	0.938743	0.000068	0.933654	0.000097	0.933319	0.996408	0.933319	0.996405	1354689062.597577	0.999998	50.830694	37.176234	6.356305	0.787581	0.996056	0.787086	0.000195	0.787582	0.996053	0.787581	0.996052	0.787581	0.996049	0.787581	0.996046	0.787581	0.996045	0.787581	0.996044	
1354689063.597428	1.000000	50.763000	37.413025	3.762436	0.933064	0.996394	0.931309	0.000545	0.933065	0.996390	0.933065	0.996387	0.931148	0.000132	0.927572	0.000148	0.933064	0.996385	0.933064	0.996384	1354689063.597580	1.000003	50.829615	37.179862	6.342754	0.787445	0.995995	0.790623	0.000216	0.787447	0.995993	0.787447	0.995994	0.787447	0.995992	0.787447	0.995988	0.787448	0.995986	0.787448	0.995983	
1354689064.597428	1.000000	50.765732	37.419754	3.738602	0.932791	0.996560	0.936570	0.000489	0.932791	0.996556	0.932791	0.996553	0.949125	0.000092	0.946561	0.000126	0.932791	0.996555	0.932791	0.996551	1354689064.597572	0.999992	50.831314	37.187512	6.322134	0.787102	0.996081	0.747350	0.006620	0.787102	0.996079	0.787102	0.996076	0.787102	0.996076	0.787102	0.996072	0.787102	0.996070	0.787102	0.996067	
1354689065.597428	1.000000	50.764603	37.418259	3.740417	0.932656	0.996480	0.930841	0.000515	0.932657	0.996479	0.932657	0.996475	0.933685	0.000128	0.934395	0.000127	0.932656	0.996475	0.932657	0.996472	1354689065.597576	1.000004	50.833687	37.193468	6.239568	0.787239	0.995903	0.795674	0.000580	0.787238	0.995901	0.787237	0.995896	0.787237	0.995896	0.787237	0.995890	0.787237	0.995888	0.787237	0.995884	
1354689066.597428	1.000000	50.763107	37.409317	3.742325	0.932896	0.996336	0.924364	0.000579	0.932896	0.996327	0.932877	0.996386	0.896315	0.000125	0.902700	0.000147	0.932896	0.996326	0.932896	0.996323	1354689066.597597	1.000021	50.826036	37.164778	6.382389	0.787296	0.995431	0.790414	0.000227	0.787298	0.995391	0.787287	0.995997	0.787282	0.995741	0.787298	0.995383	0.787288	0.995990	0.787288	0.995989	
1354689067.597428	1.000000	50.714874	37.382538	3.725159	0.932518	0.996506	0.933945	0.000529	0.932518	0.996504	0.932508	0.996171	0.942102	0.000136	0.933162	0.000175	0.932507	0.996139	0.932518	0.996497	1354689067.597578	0.999981	50.835702	37.197578	6.220227	0.787254	0.996063	0.792361	0.000223	0.787253	0.996062	0.787253	0.996059	0.787252	0.996056	0.787252	0.996055	0.787252	0.996052	0.787252	0.996057	
1354689068.597428	1.000000	50.763062	37.419296	3.731918	0.931605	0.996403	0.927008	0.000834	0.931607	0.996402	0.931608	0.996410	0.928465	0.000139	0.941138	0.000111	0.931610	0.996406	0.931610	0.996406	1354689068.597575	0.999997	50.828435	37.198190	6.185474	0.787877	0.996148	0.796928	0.000427	0.787877	0.996145	0.787877	0.996143	0.787876	0.996142	0.787877	0.996139	0.787877	0.996136	0.787876	0.996134	
1354689069.597428	1.000000	50.763336	37.413147	3.730469	0.932586	0.996490	0.927510	0.000476	0.932586	0.996491	0.932586	0.996487	0.953779	0.000108	0.933628	0.000105	0.932586	0.996485	0.932586	0.996482	1354689069.597578	1.000003	50.828944	37.181037	6.323604	0.787394	0.995907	0.791223	0.000252	0.787395	0.995904	0.787396	0.995903	0.787396	0.995900	0.787396	0.995897	0.787396	0.995894	0.787396	0.995892	
1354689070.597428	1.000000	50.766525	37.412323	3.741989	0.933170	0.996584	0.931764	0.000435	0.933168	0.996579	0.933168	0.996578	0.941692	0.000025	0.932590	0.000054	0.933165	0.996580	0.933165	0.996575	1354689070.597568	0.999990	50.835150	37.171393	6.458362	0.786398	0.995833	0.777046	0.000560	0.786398	0.995830	0.786398	0.995826	0.786398	0.995824	0.786398	0.995820	0.786398	0.995818	0.786398	0.995814	
1354689071.597428	1.000000	50.771057	37.424332	3.745544	0.921220	0.996389	0.833156	0.003698	0.921220	0.996388	0.921220	0.996386	0.827168	0.003328	0.821647	0.003570	0.921221	0.996383	0.921221	0.996377	1354689071.597556	0.999988	50.827388	37.185349	6.236586	0.786469	0.995852	0.764345	0.004188	0.786468	0.995851	0.786468	0.995848	0.786468	0.995845	0.786468	0.995842	0.786467	0.995838	0.786467	0.995836	
1354689072.597428	1.000000	50.763626	37.414490	3.728760	0.932106	0.996520	0.931172	0.000473	0.932106	0.996521	0.932095	0.996515	0.950274	0.000056	0.933256	0.000086	0.932105	0.996515	0.932105	0.996512	1354689072.597586	1.000030	50.836394	37.196881	6.236522	0.786799	0.996014	0.780272	0.000193	0.786799	0.996013	0.786798	0.996012	0.786798	0.996008	0.786798	0.996004	0.786798	0.996001	0.786798	0.995998	
1354689073.597428	1.000000	50.763840	37.417847	3.734161	0.931890	0.996357	0.928130	0.001104	0.931889	0.996342	0.931900	0.996348	0.927330	0.000580	0.929406	0.000166	0.931890	0.996340	0.931890	0.996335	1354689073.597582	0.999996	50.830452	37.197523	6.191599	0.786741	0.995939	0.783521	0.000322	0.786743	0.995939	0.786743	0.995933	0.786743	0.995933	0.786743	0.995928	0.786744	0.995926	0.786744	0.995922	
1354689074.597428	1.000000	50.765350	37.407166	3.810776	0.932675	0.996308	0.930258	0.000522	0.932676	0.996307	0.932676	0.996305	0.931828	0.000144	0.931673	0.000141	0.932676	0.996306	0.932676	0.996303	1354689074.597579	0.999997	50.829854	37.159737	6.446217	0.786407	0.995817	0.778446	0.002681	0.786406	0.995816	0.786406	0.995812	0.786405	0.995808	0.786405	0.995808	0.786405	0.995804	0.786405	0.995802	
1354689075.597428	1.000000	50.761032	37.411819	3.737213	0.932348	0.996396	0.927879	0.000473	0.932348	0.996393	0.932347	0.996391	0.925590	0.000117	0.924745	0.000110	0.932347	0.996391	0.932348	0.996389	1354689075.597574	0.999995	50.782054	37.155887	6.257203	0.786742	0.995940	0.777576	0.000552	0.786744	0.995944	0.786744	0.995942	0.786744	0.995937	0.786744	0.995933	0.786744	0.995932	0.786744	0.995930	
1354689076.597427	0.999999	715779389.067487	715819912.942132	715803677.117353	0.999916	1.000399	0.999917	1.000412	1.378506	0.725663	0.999917	1.000397	0.999917	1.000400	0.999921	1.000402	0.999919	1.000409	0.999919	1.000405	1354689076.597519	0.999945	715803619.096034	715838276.065303	715817437.941636	0.999919	1.000408	0.999916	1.000402	3.897974	0.256628	0.999918	1.000399	0.999919	1.000408	0.999920	1.000397	0.999918	1.000405	0.999920	1.000410	
1354689077.597426	0.999999	0.000000	0.000000	0.000000	-nan	-nan	-nan	-nan	0.000000	inf	-nan	-nan	-nan	0.000000	0.000000	inf	-nan	-nan	-nan	-nan	1354689077.597502	0.999983	0.000000	0.000000	0.000000	-nan	-nan	-nan	-nan	0.000000	inf	-nan	-nan	-nan	-nan	-nan	-nan	-nan	-nan	-nan	-nan	
1354689078.597427	1.000001	0.000000	0.000000	0.000000	-nan	-nan	-nan	-nan	1.345745	inf	-nan	-nan	-nan	0.000000	-nan	-nan	-nan	-nan	-nan	-nan	1354689078.597497	0.999995	0.000000	0.000000	0.000000	-nan	-nan	-nan	-nan	inf	-nan	-nan	-nan	-nan	-nan	-nan	-nan	-nan	-nan	-nan	-nan	
1354689079.597429	1.000002	0.000000	0.000000	0.000000	-nan	-nan	-nan	-nan	0.000000	inf	-nan	-nan	-nan	0.000000	-nan	-nan	-nan	-nan	-nan	-nan	1354689079.597509	1.000012	0.000000	0.000000	0.000000	-nan	-nan	-nan	-nan	inf	-nan	-nan	-nan	-nan	-nan	-nan	-nan	-nan	-nan	-nan	-nan	
1354689080.597427	0.999998	0.000000	0.000000	0.000000	-nan	-nan	-nan	-nan	1.169725	inf	-nan	-nan	-nan	0.000000	-nan	-nan	-nan	-nan	-nan	-nan	1354689080.597502	0.999993	0.000000	0.000000	0.000000	-nan	-nan	-nan	-nan	inf	-nan	-nan	-nan	-nan	-nan	-nan	-nan	-nan	-nan	-nan	-nan	
