ts_0	elapsed_0	pkg_0	pp0_0	dram_0	freq_ratio_0_0	c0_ratio_0_0	freq_ratio_0_1	c0_ratio_0_1	freq_ratio_0_2	c0_ratio_0_2	freq_ratio_0_3	c0_ratio_0_3	freq_ratio_0_4	c0_ratio_0_4	freq_ratio_0_5	c0_ratio_0_5	freq_ratio_0_6	c0_ratio_0_6	freq_ratio_0_7	c0_ratio_0_7	ts_1	elapsed_1	pkg_1	pp0_1	dram_1	freq_ratio_1_0	c0_ratio_1_0	freq_ratio_1_1	c0_ratio_1_1	freq_ratio_1_2	c0_ratio_1_2	freq_ratio_1_3	c0_ratio_1_3	freq_ratio_1_4	c0_ratio_1_4	freq_ratio_1_5	c0_ratio_1_5	freq_ratio_1_6	c0_ratio_1_6	freq_ratio_1_7	c0_ratio_1_7	
1356707793.441009	1.001783	54.679551	41.436971	6.274458	1.200295	0.645025	1.197734	0.610576	1.195886	0.591717	1.195840	0.590981	1.175778	0.375402	1.169467	0.271647	1.187462	0.122324	1.179231	0.094480	1356707793.441058	1.000514	62.042297	48.655028	4.684619	1.153504	0.593226	1.153811	0.592919	1.153738	0.592486	1.153790	0.592118	1.153810	0.592076	1.153860	0.591774	1.153812	0.563931	1.197610	0.694229	
1356707794.441000	0.999991	73.785153	60.463881	6.534453	1.163148	0.830801	1.159950	0.808079	1.155584	0.846326	1.154613	0.835464	1.154613	0.835459	1.155585	0.846325	1.179578	0.246003	1.154257	0.754761	1356707794.441058	1.000000	67.689270	54.152634	6.124756	1.153596	0.836564	1.154239	0.847256	1.154251	0.847225	1.154306	0.846949	1.154273	0.846987	1.154294	0.846948	1.154289	0.847080	0.894427	0.001666	
1356707795.440998	0.999998	76.884088	63.552291	6.666730	1.160182	0.926110	1.157136	0.894299	1.154116	0.913360	1.154111	0.913208	1.154111	0.913200	1.154116	0.913349	1.159948	0.052599	1.154112	0.913342	1356707795.441035	0.999977	72.407022	58.822025	6.978050	1.153583	0.914200	1.153667	0.914252	1.153655	0.914201	1.153747	0.913878	1.153760	0.913803	1.153757	0.913801	1.153750	0.914038	1.059949	0.003808	
1356707796.440994	0.999996	77.938228	64.579806	6.678433	1.158940	0.963260	1.157141	0.566428	1.154450	0.924744	1.154450	0.924739	1.154450	0.924733	1.154454	0.924767	1.157545	0.353243	1.154456	0.924767	1356707796.441033	0.999998	72.917635	59.291632	7.101484	1.153683	0.926393	1.153761	0.926334	1.153771	0.926219	1.153842	0.925767	1.153779	0.925893	1.153824	0.925777	1.153830	0.926132	1.058307	0.002173	
1356707797.440997	1.000003	77.171498	63.769273	6.775507	1.154417	0.902433	1.164762	0.866283	1.154167	0.906550	1.154164	0.906447	1.154164	0.906442	1.154167	0.906540	1.154277	0.095146	1.154166	0.906531	1356707797.441037	1.000004	72.189206	58.531745	7.210206	1.153616	0.907357	1.153754	0.907327	1.153728	0.907336	1.153779	0.907045	1.153779	0.907035	1.153756	0.907046	1.153785	0.907124	1.069072	0.001837	
1356707798.440994	0.999997	76.971659	63.577056	6.757482	1.154155	0.903405	1.164981	0.914096	1.154067	0.902627	1.154066	0.902580	1.154067	0.902621	1.154069	0.902641	1.154554	0.041719	1.154070	0.902646	1356707798.441038	1.000001	71.740135	58.106466	7.087533	1.153653	0.903214	1.153674	0.903190	1.153726	0.903071	1.153815	0.902711	1.153830	0.902697	1.153829	0.902692	1.153797	0.902921	1.004084	0.001668	
1356707799.440994	1.000000	78.981186	65.571777	6.746628	1.158738	0.773971	1.154783	0.811663	1.154138	0.944847	1.154133	0.944702	1.154133	0.944695	1.154138	0.944838	1.157507	0.317745	1.154137	0.944837	1356707799.441034	0.999996	74.175044	60.524827	7.147475	1.153694	0.945617	1.153741	0.945642	1.153729	0.945652	1.153842	0.945376	1.153831	0.945315	1.153826	0.945315	1.153804	0.945416	1.039361	0.001732	
1356707800.440995	1.000001	75.748539	62.357576	6.841638	1.158700	0.882370	1.168850	0.760449	1.158602	0.881432	1.158600	0.881325	1.158602	0.881409	1.158604	0.881428	1.154504	0.059927	1.158605	0.881427	1356707800.441034	1.000000	72.758469	59.132889	7.189117	1.153711	0.882769	1.153799	0.882714	1.153761	0.882632	1.153808	0.882234	1.153732	0.882332	1.153819	0.882215	1.153828	0.882487	1.153129	0.139611	
1356707801.441000	1.000005	76.482558	63.070348	6.772656	1.162902	0.898150	1.161051	0.713970	1.154186	0.874039	1.154186	0.874000	1.154184	0.873970	1.154183	0.873985	1.155142	0.220962	1.154184	0.873984	1356707801.441037	1.000003	70.855814	57.207220	7.217125	1.153628	0.875023	1.153774	0.874937	1.153781	0.874918	1.153816	0.874516	1.153824	0.874481	1.153801	0.874487	1.153843	0.874676	1.039124	0.001940	
1356707802.440999	0.999999	77.817015	64.395432	6.790808	1.155104	0.875742	1.162933	0.753261	1.154243	0.916347	1.154240	0.916246	1.154239	0.916241	1.154243	0.916339	1.158864	0.246438	1.154242	0.916335	1356707802.441068	1.000031	72.892852	59.234126	7.243245	1.153677	0.917327	1.153774	0.917314	1.153785	0.917278	1.153837	0.917075	1.153832	0.917078	1.153826	0.917078	1.153803	0.917181	1.031988	0.001722	
1356707803.441003	1.000004	76.809412	63.430361	6.763126	1.154558	0.900027	1.167949	0.743389	1.154481	0.899380	1.154475	0.899189	1.154477	0.899323	1.154475	0.899291	1.153993	0.213181	1.154475	0.899291	1356707803.441063	0.999995	71.593864	57.960572	7.098409	1.153600	0.900859	1.153684	0.900779	1.153661	0.900791	1.153729	0.900658	1.153774	0.900598	1.153763	0.900600	1.153771	0.900573	0.988561	0.001838	
1356707804.440995	0.999992	77.229706	63.817915	6.808908	1.158492	0.894643	1.162738	0.760336	1.154165	0.893461	1.154158	0.893256	1.154158	0.893254	1.154164	0.893455	1.156387	0.197389	1.154164	0.893449	1356707804.441035	0.999972	71.810933	58.164113	7.225559	1.153683	0.894103	1.153776	0.894153	1.153753	0.894150	1.153772	0.893939	1.153768	0.893940	1.153783	0.893917	1.153821	0.893938	1.018388	0.001581	
1356707805.440997	1.000002	77.719349	64.316375	6.739489	1.154231	0.915646	1.161955	0.861990	1.154168	0.914951	1.154166	0.914896	1.154162	0.914890	1.154168	0.914939	1.154124	0.094748	1.154168	0.914931	1356707805.441061	1.000026	72.470498	58.827268	7.066040	1.153548	0.915989	1.153679	0.915843	1.153690	0.915833	1.153802	0.915314	1.153788	0.915306	1.153822	0.915268	1.153808	0.915604	1.068037	0.003371	
1356707806.441007	1.000010	77.834212	64.436428	6.783807	1.157684	0.923322	1.157784	0.640456	1.154304	0.918525	1.154302	0.918470	1.154306	0.918466	1.154307	0.918545	1.160627	0.313031	1.154306	0.918534	1356707806.441059	0.999998	72.415025	58.764349	7.158430	1.153574	0.919891	1.153620	0.919845	1.153666	0.919751	1.153784	0.919380	1.153803	0.919371	1.153803	0.919368	1.153770	0.919595	1.052935	0.002028	
1356707807.440998	0.999991	77.112088	63.688611	6.845582	1.156783	0.860375	1.164987	0.786928	1.154215	0.889572	1.154212	0.889475	1.154212	0.889461	1.154213	0.889524	1.156434	0.202977	1.154212	0.889523	1356707807.441059	1.000000	71.406387	57.740829	7.091278	1.153618	0.890550	1.153732	0.890552	1.153735	0.890500	1.153775	0.890127	1.153793	0.890112	1.153797	0.890096	1.153816	0.890343	0.987759	0.001608	
1356707808.440998	1.000000	78.091812	64.680725	6.824753	1.154366	0.919889	1.163348	0.826954	1.154276	0.923223	1.154276	0.923225	1.154276	0.923219	1.154276	0.923216	1.154098	0.136857	1.154279	0.923287	1356707808.441051	0.999992	72.845470	59.198051	7.116879	1.153724	0.924507	1.153846	0.924516	1.153834	0.924368	1.153831	0.924067	1.153813	0.924076	1.153823	0.924067	1.153825	0.924289	1.029026	0.001684	
1356707809.440995	0.999997	77.529705	64.122101	6.756491	1.154287	0.884910	1.162660	0.859429	1.154166	0.905290	1.154163	0.905221	1.154163	0.905221	1.154164	0.905266	1.171771	0.119183	1.154164	0.905261	1356707809.441054	1.000003	71.922232	58.265002	7.224984	1.153731	0.906185	1.153858	0.906047	1.153813	0.906091	1.153824	0.905685	1.153821	0.905688	1.153826	0.905679	1.153817	0.905902	0.961378	0.001769	
1356707810.441001	1.000006	77.375531	63.951004	6.909734	1.154206	0.909282	1.163952	0.785631	1.154046	0.911081	1.154043	0.910976	1.154044	0.911012	1.154045	0.911057	1.161162	0.174506	1.154047	0.911084	1356707810.441060	1.000006	71.880919	58.199757	7.154529	1.153663	0.911771	1.153781	0.911745	1.153786	0.911652	1.153820	0.911298	1.153820	0.911289	1.153820	0.911286	1.153819	0.911529	0.990613	0.001624	
1356707811.440994	0.999993	76.272943	62.895485	6.764115	1.158307	0.853846	1.162701	0.734777	1.154223	0.873011	1.154220	0.872893	1.154220	0.872883	1.154221	0.872960	1.167492	0.241933	1.154220	0.872956	1356707811.441051	0.999991	70.410199	56.769695	7.167317	1.153511	0.873895	1.153686	0.873849	1.153676	0.873832	1.153704	0.873529	1.153730	0.873487	1.153742	0.873476	1.153741	0.873640	1.017393	0.001886	
1356707812.440995	1.000001	77.856783	64.451706	6.777932	1.154118	0.905654	1.162400	0.938257	1.154033	0.915901	1.154033	0.915893	1.154033	0.915885	1.154035	0.915901	1.154711	0.032681	1.154035	0.915903	1356707812.441055	1.000004	73.208077	59.561343	7.208467	1.153721	0.916565	1.153813	0.916073	1.153832	0.916416	1.153846	0.916017	1.153841	0.916010	1.153857	0.915994	1.153853	0.916243	1.057396	0.001544	
1356707813.440995	1.000000	77.441528	64.054840	6.708679	1.155319	0.782488	1.162496	0.896403	1.154020	0.900485	1.154015	0.900335	1.154017	0.900374	1.154020	0.900472	1.163540	0.183567	1.154020	0.900465	1356707813.441029	0.999974	71.714754	58.088622	7.136858	1.153529	0.901204	1.153660	0.901150	1.153658	0.901117	1.153751	0.900857	1.153755	0.900836	1.153742	0.900840	1.153708	0.900957	1.046554	0.001581	
1356707814.440995	1.000000	77.316544	63.900040	6.822693	1.154373	0.845763	1.165520	0.827690	1.154244	0.891269	1.154240	0.891168	1.154240	0.891163	1.154246	0.891285	1.162834	0.176127	1.154246	0.891278	1356707814.441047	1.000018	71.278465	57.619758	7.210168	1.153524	0.892207	1.153620	0.892096	1.153626	0.892037	1.153746	0.891764	1.153759	0.891749	1.153760	0.891746	1.153774	0.891847	1.025307	0.001416	
1356707815.440999	1.000004	77.289451	63.901612	6.707172	1.159553	0.899858	1.159127	0.746042	1.154224	0.904030	1.154220	0.903925	1.154220	0.903919	1.154224	0.904015	1.160200	0.217344	1.154224	0.904016	1356707815.441055	1.000008	72.410882	58.789578	7.027012	1.153734	0.904793	1.153786	0.904881	1.153793	0.904848	1.153834	0.904481	1.153827	0.904483	1.153821	0.904481	1.153816	0.904732	1.138123	0.003051	
1356707816.440995	0.999996	78.476606	65.062703	6.820020	1.154402	0.874475	1.158637	0.771633	1.154249	0.925436	1.154245	0.925318	1.154245	0.925313	1.154250	0.925442	1.165048	0.240159	1.154247	0.925444	1356707816.441030	0.999975	73.016064	59.358923	7.213651	1.153683	0.926341	1.153705	0.926471	1.153760	0.926358	1.153826	0.925938	1.153825	0.925942	1.153825	0.925938	1.153809	0.926250	1.120314	0.001418	
1356707817.440995	1.000000	78.856827	65.433197	6.773514	1.154347	0.940536	1.160174	0.820009	1.154164	0.940601	1.154163	0.940588	1.154163	0.940584	1.154163	0.940581	1.153964	0.145919	1.154166	0.940578	1356707817.441055	1.000025	74.749838	61.089596	7.099722	1.153773	0.941456	1.153817	0.941375	1.153831	0.941328	1.153840	0.940987	1.153829	0.940994	1.153841	0.940982	1.153858	0.941251	1.155962	0.004174	
1356707818.440994	0.999999	78.640883	65.226243	6.780387	1.154095	0.936450	1.160943	0.937290	1.154046	0.935969	1.154044	0.935916	1.154044	0.935912	1.154045	0.935958	1.154845	0.022077	1.154045	0.935959	1356707818.441051	0.999996	73.595559	59.937194	7.177672	1.153702	0.936629	1.153831	0.936574	1.153806	0.936457	1.153802	0.936301	1.153830	0.936249	1.153785	0.936274	1.153805	0.936368	1.022511	0.002914	
1356707819.440995	1.000001	78.710420	65.306182	6.804101	1.157828	0.794386	1.157949	0.824610	1.154201	0.931618	1.154197	0.931454	1.154197	0.931470	1.154203	0.931631	1.156695	0.274035	1.154203	0.931625	1356707819.441052	1.000001	73.518912	59.867237	7.199029	1.153660	0.932648	1.153746	0.932520	1.153737	0.932486	1.153752	0.932309	1.153761	0.932291	1.153781	0.932276	1.153784	0.932269	1.091808	0.003968	
1356707820.440994	0.999999	76.925061	63.518463	6.791404	1.154112	0.890553	1.166218	0.937682	1.154010	0.889619	1.154008	0.889567	1.154010	0.889601	1.154010	0.889604	1.154893	0.021574	1.154012	0.889628	1356707820.441050	0.999998	71.520156	57.876438	7.004652	1.153687	0.890406	1.153886	0.890210	1.153844	0.890124	1.153830	0.889736	1.153832	0.889724	1.153837	0.889720	1.153836	0.890009	1.056992	0.003234	
1356707821.441000	1.000006	75.630287	62.251429	6.608023	1.156652	0.877798	1.170270	0.738700	1.154185	0.858741	1.154180	0.858592	1.154179	0.858575	1.154182	0.858706	1.154141	0.208983	1.154182	0.858698	1356707821.441061	1.000011	69.423860	55.842008	6.227394	1.153558	0.859612	1.153718	0.859397	1.153711	0.859353	1.153743	0.859008	1.153745	0.858999	1.153759	0.858985	1.153798	0.859159	1.052061	0.001826	
1356707822.441001	1.000001	78.333193	64.947066	6.751458	1.156937	0.947547	1.157737	0.683699	1.154279	0.932499	1.154276	0.932396	1.154276	0.932392	1.154279	0.932486	1.160358	0.261540	1.154279	0.932485	1356707822.441063	1.000002	73.840527	60.203849	7.047853	1.153794	0.933637	1.153865	0.933619	1.153845	0.933553	1.153836	0.933428	1.153829	0.933397	1.153835	0.933389	1.153822	0.933452	1.065274	0.001612	
1356707823.441579	1.000578	77.015473	63.589577	6.792492	1.154359	0.885392	1.168672	0.797450	1.154242	0.884376	1.154240	0.884286	1.154242	0.884365	1.154239	0.884331	1.154211	0.162436	1.154239	0.884311	1356707823.441638	1.000575	70.817338	57.163981	7.037930	1.153581	0.885673	1.153751	0.885484	1.153766	0.885429	1.153831	0.884973	1.153832	0.884960	1.153840	0.884950	1.153833	0.885187	0.984639	0.001850	
1356707824.441008	0.999429	79.590827	66.194597	6.774498	1.154158	0.961340	1.156729	0.894447	1.154131	0.960964	1.154129	0.960912	1.154129	0.960908	1.154131	0.960950	1.153999	0.065148	1.154131	0.960948	1356707824.441068	0.999430	75.570439	61.917346	7.073903	1.153785	0.961803	1.153801	0.961775	1.153813	0.961733	1.153814	0.961450	1.153815	0.961439	1.153816	0.961439	1.153839	0.961655	1.143844	0.001571	
1356707825.440995	0.999987	77.736478	64.336354	6.722744	1.155314	0.761286	1.159986	0.865656	1.154752	0.902837	1.154749	0.902755	1.154749	0.902773	1.154750	0.902812	1.165774	0.214194	1.154750	0.902806	1356707825.441051	0.999983	71.401889	57.780412	6.887415	1.153570	0.903710	1.153645	0.903581	1.153684	0.903523	1.153805	0.903090	1.153781	0.903105	1.153794	0.903091	1.153803	0.903325	1.054493	0.003747	
1356707826.441022	1.000027	78.189971	64.792947	6.776414	1.156797	0.920938	1.159809	0.847992	1.154179	0.922401	1.154177	0.922340	1.154177	0.922333	1.154178	0.922380	1.154581	0.115687	1.154178	0.922374	1356707826.441083	1.000032	73.459994	59.826793	6.943275	1.153717	0.923332	1.153770	0.923268	1.153790	0.923203	1.153781	0.922804	1.153794	0.922791	1.153787	0.922795	1.153840	0.923086	1.094181	0.001542	
1356707827.441006	0.999984	78.282241	64.883422	6.773866	1.154847	0.906385	1.159644	0.716396	1.154182	0.915056	1.154178	0.914902	1.154177	0.914886	1.154178	0.914957	1.168643	0.271603	1.154178	0.914957	1356707827.441041	0.999958	72.562096	58.922349	7.087120	1.153631	0.916243	1.153762	0.916089	1.153714	0.916080	1.153751	0.915864	1.153729	0.915873	1.153763	0.915843	1.153808	0.915891	1.023875	0.001746	
1356707828.440998	0.999992	77.308671	63.910903	6.702859	1.159473	0.731185	1.162062	0.776764	1.154210	0.886668	1.154207	0.886574	1.154207	0.886565	1.154212	0.886682	1.158536	0.342297	1.154212	0.886681	1356707828.441036	0.999995	71.036992	57.406782	6.813190	1.153623	0.887498	1.153751	0.887445	1.153745	0.887410	1.153792	0.887150	1.153808	0.887132	1.153808	0.887128	1.153813	0.887282	1.002848	0.001346	
1356707829.440995	0.999997	77.164470	63.738097	6.893744	1.154404	0.889571	1.168847	0.681804	1.154254	0.888303	1.154251	0.888188	1.154249	0.888179	1.154251	0.888257	1.158842	0.279448	1.154251	0.888254	1356707829.441031	0.999995	71.462730	57.792343	7.261328	1.153630	0.889404	1.153733	0.889359	1.153738	0.889343	1.153782	0.889001	1.153815	0.888974	1.153802	0.888978	1.153815	0.889136	1.017574	0.000967	
1356707830.441004	1.000009	78.891100	65.475435	6.804397	1.154193	0.948142	1.160168	0.844662	1.154138	0.947609	1.154138	0.947606	1.154138	0.947601	1.154138	0.947592	1.153959	0.115680	1.154138	0.947594	1356707830.441064	1.000033	74.411828	60.761139	6.900347	1.153730	0.948561	1.153793	0.948511	1.153780	0.948485	1.153840	0.948162	1.153845	0.948154	1.153834	0.948159	1.153821	0.948398	1.097523	0.000866	
1356707831.440999	0.999995	78.858534	65.432045	6.816471	1.154177	0.938951	1.159454	0.842897	1.154107	0.938226	1.154107	0.938190	1.154107	0.938188	1.154107	0.938222	1.162776	0.116415	1.154107	0.938215	1356707831.441068	1.000004	73.623878	59.951783	7.114504	1.153692	0.938951	1.153784	0.939020	1.153768	0.938921	1.153794	0.938569	1.153806	0.938556	1.153808	0.938551	1.153815	0.938779	1.042174	0.001225	
1356707832.440998	0.999999	77.755796	64.336304	6.799247	1.154358	0.845812	1.166453	0.810429	1.154170	0.897741	1.154165	0.897623	1.154166	0.897664	1.154170	0.897738	1.155312	0.200103	1.154169	0.897733	1356707832.441054	0.999986	71.670884	58.010368	7.264186	1.153648	0.898524	1.153783	0.898429	1.153735	0.898443	1.153809	0.898184	1.153793	0.898194	1.153820	0.898172	1.153787	0.898252	1.033492	0.000979	
1356707833.440995	0.999997	78.409896	65.004474	6.764196	1.154205	0.934171	1.162139	0.798237	1.154150	0.933630	1.154151	0.933629	1.154151	0.933625	1.154148	0.933594	1.153978	0.162259	1.154148	0.933593	1356707833.441050	0.999996	73.415703	59.776793	6.943845	1.153674	0.934581	1.153765	0.934494	1.153771	0.934477	1.153808	0.934223	1.153792	0.934238	1.153802	0.934229	1.153810	0.934369	1.071927	0.001043	
1356707834.440995	1.000000	77.824249	64.404678	6.829239	1.155298	0.905202	1.161800	0.767746	1.154063	0.909506	1.154059	0.909404	1.154059	0.909403	1.154064	0.909524	1.165179	0.196474	1.154065	0.909517	1356707834.441033	0.999983	72.320713	58.656495	7.186248	1.153707	0.910102	1.153783	0.910127	1.153804	0.910066	1.153823	0.909788	1.153813	0.909792	1.153824	0.909782	1.153821	0.909908	1.048446	0.001084	
1356707835.441002	1.000007	77.667645	64.259001	6.870085	1.154215	0.903671	1.161705	0.737841	1.154068	0.902333	1.154069	0.902334	1.154068	0.902329	1.154066	0.902298	1.169129	0.243266	1.154065	0.902298	1356707835.441059	1.000026	71.925514	58.260907	7.178555	1.153655	0.903075	1.153755	0.903104	1.153782	0.903057	1.153799	0.902671	1.153811	0.902652	1.153800	0.902653	1.153803	0.902891	1.143312	0.002198	
1356707836.440996	0.999994	78.913648	65.484536	6.842158	1.154001	0.935925	1.160065	0.920316	1.153938	0.935220	1.153938	0.935213	1.153938	0.935208	1.153940	0.935222	1.154374	0.040091	1.153941	0.935217	1356707836.441050	0.999991	74.114884	60.442335	7.205311	1.153764	0.935815	1.153836	0.935707	1.153828	0.935694	1.153831	0.935234	1.153824	0.935235	1.153819	0.935231	1.153843	0.935586	1.122752	0.000673	
1356707837.440996	1.000000	77.932266	64.506805	6.823685	1.154061	0.910858	1.164184	0.868910	1.153963	0.909928	1.153963	0.909878	1.153963	0.909922	1.153961	0.909887	1.154099	0.094340	1.153960	0.909881	1356707837.441050	1.000000	72.257370	58.588409	7.269653	1.153621	0.910481	1.153733	0.910396	1.153730	0.910358	1.153808	0.909947	1.153800	0.909942	1.153811	0.909938	1.153809	0.910209	1.126157	0.000440	
1356707838.441000	1.000004	77.624304	64.208114	6.828814	1.154106	0.902080	1.164229	0.919027	1.154012	0.901156	1.154012	0.901150	1.154012	0.901143	1.154014	0.901160	1.154481	0.043760	1.154014	0.901151	1356707838.441059	1.000009	71.936741	58.276373	7.184231	1.153764	0.901803	1.153874	0.901752	1.153863	0.901705	1.153816	0.901220	1.153828	0.901211	1.153833	0.901197	1.153842	0.901663	1.166452	0.000415	
1356707839.440994	0.999994	78.063362	64.654499	6.683786	1.154236	0.918940	1.164284	0.801566	1.154144	0.918096	1.154143	0.918058	1.154144	0.918101	1.154140	0.918064	1.153995	0.171777	1.154140	0.918059	1356707839.441048	0.999989	72.715641	59.069907	7.130602	1.153630	0.918796	1.153733	0.918719	1.153720	0.918663	1.153770	0.918426	1.153783	0.918400	1.153780	0.918407	1.153804	0.918486	1.145923	0.000423	
1356707840.440996	1.000002	78.829104	65.377805	6.829851	1.154023	0.935049	1.161637	0.889458	1.153972	0.934554	1.153971	0.934501	1.153972	0.934549	1.153972	0.934544	1.154043	0.071125	1.153972	0.934541	1356707840.441053	1.000005	73.833889	60.135502	7.270944	1.153737	0.934970	1.153777	0.934937	1.153804	0.934898	1.153846	0.934647	1.153828	0.934652	1.153840	0.934647	1.153817	0.934803	1.160123	0.000427	
1356707841.441001	1.000005	78.068014	64.659939	6.832287	1.154065	0.921831	1.161898	0.939278	1.153996	0.921148	1.153994	0.921052	1.153991	0.921033	1.153993	0.921102	1.174663	0.021820	1.153992	0.921096	1356707841.441057	1.000004	72.315243	58.667563	7.164842	1.153709	0.921578	1.153805	0.921643	1.153782	0.921642	1.153802	0.921280	1.153809	0.921274	1.153799	0.921278	1.153803	0.921422	1.144661	0.000684	
1356707842.440995	0.999994	77.676885	64.248842	6.804774	1.157008	0.772760	1.161757	0.754409	1.154817	0.915477	1.154815	0.915422	1.154815	0.915408	1.154817	0.915464	1.159287	0.223518	1.154819	0.915445	1356707842.441136	1.000079	73.372353	59.705951	7.161254	1.153696	0.917035	1.153779	0.917033	1.153753	0.916976	1.153792	0.916729	1.153795	0.916734	1.153790	0.916732	1.153802	0.916897	1.153799	0.132451	
1356707843.441001	1.000006	73.775592	60.362601	6.857610	1.163537	0.011090	1.168258	0.946960	1.161069	0.913919	1.161064	0.913742	1.161064	0.913721	1.161066	0.913845	1.167828	0.001674	1.161065	0.913851	1356707843.441063	0.999927	80.822287	67.156373	7.079786	1.153656	0.928175	1.153589	0.928349	1.153614	0.928304	1.153739	0.927984	1.153773	0.927926	1.153780	0.927919	1.153728	0.928097	1.153513	0.928506	
1356707844.440994	0.999993	74.371196	60.966990	6.908663	1.158276	0.010355	1.165493	0.946700	1.160273	0.937519	1.160267	0.937391	1.160267	0.937383	1.160275	0.937502	1.152539	0.001637	1.160272	0.937472	1356707844.441058	0.999995	82.417969	68.738595	7.165151	1.153733	0.949087	1.153713	0.949226	1.153737	0.949185	1.153794	0.948927	1.153806	0.948916	1.153818	0.948894	1.153770	0.949015	1.153645	0.949348	
1356707845.441003	1.000009	72.443542	59.036986	6.825408	1.167947	0.009985	1.170752	0.943259	1.158793	0.873589	1.158785	0.873428	1.158784	0.873412	1.158787	0.873472	1.174995	0.001759	1.158790	0.873512	1356707845.441066	1.000008	78.363409	64.697931	7.164828	1.153610	0.882960	1.153837	0.882894	1.153833	0.882875	1.153819	0.882646	1.153814	0.882605	1.153831	0.882591	1.153816	0.882649	1.153636	0.883203	
1356707846.441002	0.999999	74.772929	61.387555	6.814826	1.188702	0.695508	1.185597	0.890641	1.162653	0.317130	1.180947	0.944975	1.180947	0.945005	1.180954	0.945171	1.164778	0.001460	1.180953	0.945159	1356707846.441088	1.000022	82.720018	69.082469	7.182216	1.153707	0.950657	1.153737	0.950788	1.153779	0.950733	1.153787	0.950648	1.153792	0.950594	1.153792	0.950574	1.153832	0.950542	1.153644	0.951020	
1356707847.441003	1.000001	73.067542	59.693714	6.661111	1.188706	0.886561	1.200008	0.689876	1.179520	0.092134	1.188670	0.885540	1.188667	0.885528	1.188676	0.885748	1.193069	0.160953	1.188676	0.885738	1356707847.441163	1.000075	78.694743	65.083872	7.010826	1.153758	0.887646	1.153662	0.888945	1.153681	0.888910	1.153686	0.888911	1.153687	0.888887	1.153730	0.888847	1.153759	0.888759	1.153613	0.889124	
1356707848.440996	0.999993	73.938332	60.501609	7.172169	1.183812	0.940135	1.153922	0.022541	1.183766	0.939124	1.183765	0.939114	1.183768	0.939103	1.183777	0.939377	1.155291	0.059582	1.183774	0.939353	1356707848.441054	0.999891	82.389073	68.750518	6.933678	1.154596	0.936626	1.158963	0.887191	1.153851	0.942874	1.153846	0.942874	1.153848	0.942817	1.153837	0.942820	1.153837	0.942802	1.153831	0.942892	
1356707849.441006	1.000010	78.829624	65.419648	6.787453	1.157484	0.873572	1.156534	0.861196	1.154138	0.825801	1.154235	0.935686	1.154235	0.935682	1.154238	0.935756	1.156713	0.271524	1.154238	0.935751	1356707849.441045	0.999991	74.184479	60.603134	7.105808	1.153716	0.937010	1.035173	0.001272	1.153809	0.936873	1.153784	0.936641	1.153820	0.936602	1.153836	0.936583	1.153844	0.936700	1.153850	0.936837	
1356707850.441000	0.999994	79.549302	66.133344	6.816035	1.154328	0.930575	1.158110	0.688803	1.154207	0.962215	1.154206	0.962163	1.154207	0.962206	1.154222	0.962444	1.156232	0.301745	1.154219	0.962418	1356707850.441056	1.000011	75.878913	62.156789	7.130720	1.153646	0.963571	1.127625	0.002165	1.153755	0.963444	1.153746	0.963447	1.153759	0.963436	1.153748	0.963441	1.153778	0.963352	1.153753	0.963509	
1356707851.440995	0.999995	78.261058	64.873128	6.645450	1.157445	0.910219	1.160176	0.814925	1.154211	0.920895	1.154210	0.920854	1.154211	0.920896	1.154224	0.921109	1.153977	0.161729	1.154224	0.921102	1356707851.441051	0.999995	73.845508	60.219601	7.061086	1.153661	0.922092	1.090546	0.001523	1.153747	0.922002	1.153753	0.921998	1.153761	0.921983	1.153757	0.921983	1.153808	0.921856	1.153759	0.922053	
1356707852.440995	1.000000	77.961380	64.524139	6.823944	1.156132	0.747104	1.160333	0.709131	1.154213	0.900224	1.154213	0.900220	1.154213	0.900214	1.154232	0.900513	1.164533	0.404316	1.154229	0.900483	1356707852.441049	0.999998	72.360368	58.676259	7.176253	1.153661	0.901470	1.052962	0.001454	1.153735	0.901359	1.153774	0.901259	1.153790	0.901243	1.153791	0.901240	1.153784	0.901138	1.153756	0.901423	
1356707853.440999	1.000004	77.843709	64.446913	6.724918	1.158037	0.767203	1.157142	0.730110	1.154210	0.904741	1.154208	0.904685	1.154209	0.904722	1.154226	0.905011	1.165943	0.369870	1.154226	0.905003	1356707853.441041	0.999992	72.943035	59.302055	7.024181	1.153491	0.906049	1.038606	0.001253	1.153642	0.905879	1.153664	0.905825	1.153685	0.905766	1.153697	0.905747	1.153737	0.905702	1.153644	0.905885	
1356707854.440994	0.999995	79.173965	65.808527	6.658771	1.154631	0.718927	1.159335	0.898271	1.154065	0.935197	1.154064	0.935151	1.154065	0.935187	1.154082	0.935428	1.157051	0.280176	1.154079	0.935399	1356707854.441045	1.000004	74.038900	60.434066	6.928866	1.153680	0.936061	1.058111	0.001191	1.153782	0.935893	1.153783	0.935891	1.153806	0.935879	1.153786	0.935891	1.153813	0.935755	1.153769	0.935930	
1356707855.441008	1.000014	74.161768	60.771072	6.637663	1.161174	0.863598	1.166930	0.777312	1.154853	0.829177	1.154848	0.829058	1.154848	0.829117	1.154867	0.829406	1.154528	0.116958	1.154867	0.829411	1356707855.441068	1.000023	67.570643	53.949449	6.532733	1.153457	0.830495	1.061058	0.003157	1.153638	0.830278	1.153678	0.830271	1.153698	0.830211	1.153737	0.830206	1.153775	0.830014	1.153697	0.830325	
1356707856.440994	0.999986	76.538125	63.148120	6.693942	1.154181	0.885168	1.167317	0.902518	1.154075	0.884171	1.154072	0.884086	1.154075	0.884164	1.154096	0.884470	1.154384	0.057737	1.154094	0.884444	1356707856.441050	0.999982	70.816711	57.202454	6.794799	1.153498	0.885153	1.035034	0.001394	1.153679	0.884940	1.153680	0.884936	1.153710	0.884906	1.153717	0.884897	1.153768	0.884783	1.153699	0.884940	
1356707857.440999	1.000005	76.673887	63.292621	6.751614	1.154469	0.858606	1.166590	0.733562	1.154217	0.888985	1.154215	0.888932	1.154217	0.888972	1.154237	0.889328	1.159881	0.258145	1.154236	0.889313	1356707857.441058	1.000008	71.432710	57.826802	6.671363	1.153405	0.890315	1.012227	0.001094	1.153632	0.890052	1.153627	0.890063	1.153645	0.890044	1.153669	0.890016	1.153749	0.889862	1.153643	0.890111	
1356707858.441005	1.000006	75.976934	62.609780	6.686026	1.154217	0.872279	1.167900	0.959006	1.154087	0.871146	1.154082	0.871035	1.154085	0.871120	1.154106	0.871423	1.159256	0.002690	1.154103	0.871394	1356707858.441065	1.000007	70.264895	56.681081	6.641006	1.153545	0.872252	0.972302	0.001479	1.153729	0.872029	1.153764	0.872009	1.153740	0.872013	1.153750	0.872005	1.153814	0.871831	1.153761	0.872003	
1356707859.440994	0.999989	77.239006	63.844511	6.756895	1.158959	0.854373	1.160840	0.889333	1.153993	0.888180	1.153991	0.888124	1.153998	0.888230	1.154010	0.888432	1.159732	0.104544	1.154009	0.888429	1356707859.441051	0.999986	71.707643	58.077355	7.118676	1.153620	0.888970	1.004969	0.001213	1.153724	0.888840	1.153722	0.888786	1.153740	0.888767	1.153771	0.888727	1.153822	0.888604	1.153704	0.888884	
1356707860.440995	1.000001	78.571855	65.203429	6.615838	1.157446	0.824132	1.155353	0.859236	1.155028	0.832477	1.154216	0.935751	1.154217	0.935787	1.154229	0.935996	1.157310	0.319996	1.154229	0.935992	1356707860.441050	0.999999	73.726999	60.145855	6.369498	1.153690	0.936911	1.027227	0.001180	1.153789	0.936735	1.153798	0.936665	1.153794	0.936659	1.153813	0.936638	1.153830	0.936595	1.153794	0.936755	
1356707861.440997	1.000002	74.827570	61.427083	6.595706	1.165338	0.931668	1.159934	0.716546	1.154192	0.844798	1.154190	0.844747	1.154191	0.844785	1.154206	0.844990	1.167255	0.160297	1.154205	0.844982	1356707861.441053	1.000003	68.697861	55.075070	6.653162	1.153644	0.845836	1.055209	0.001538	1.153780	0.845698	1.153787	0.845691	1.153810	0.845667	1.153799	0.845667	1.153798	0.845515	1.153745	0.845871	
1356707862.440995	0.999998	76.254799	62.867368	6.650098	1.154423	0.877389	1.170390	0.760186	1.154290	0.876221	1.154287	0.876123	1.154290	0.876207	1.154311	0.876506	1.156107	0.203776	1.154310	0.876488	1356707862.441052	0.999999	70.331671	56.727898	6.646872	1.153565	0.877712	0.943037	0.001150	1.153693	0.877555	1.153719	0.877536	1.153730	0.877514	1.153767	0.877488	1.153783	0.877319	1.153714	0.877624	
1356707863.440994	0.999999	78.703643	65.311937	6.746909	1.154138	0.941681	1.160839	0.860342	1.154084	0.941161	1.154081	0.941062	1.154084	0.941149	1.154095	0.941317	1.154056	0.103524	1.154095	0.941314	1356707863.441055	1.000003	74.608945	60.982508	6.976388	1.153669	0.942016	1.091062	0.001085	1.153738	0.941904	1.153753	0.941895	1.153755	0.941888	1.153739	0.941898	1.153798	0.941782	1.153759	0.941903	
1356707864.440994	1.000000	77.266281	63.865952	6.741074	1.157947	0.925555	1.160253	0.781765	1.154246	0.900456	1.154245	0.900405	1.154246	0.900446	1.154266	0.900793	1.162788	0.155397	1.154266	0.900789	1356707864.441051	0.999996	71.825395	58.191459	7.074720	1.153585	0.901788	1.020924	0.001200	1.153735	0.901622	1.153768	0.901586	1.153763	0.901584	1.153760	0.901583	1.153788	0.901447	1.153743	0.901678	
1356707865.441001	1.000007	75.515805	62.134580	6.608826	1.154082	0.857450	1.169934	0.959647	1.153948	0.856328	1.153937	0.856208	1.153936	0.856187	1.153952	0.856438	1.168994	0.002926	1.153952	0.856435	1356707865.441057	1.000006	69.047577	55.429296	6.846166	1.153637	0.856769	1.038076	0.003222	1.153744	0.856645	1.153767	0.856624	1.153781	0.856607	1.153772	0.856605	1.153827	0.856408	1.153772	0.856771	
1356707866.440998	0.999997	78.062345	64.681841	6.667410	1.153988	0.921928	1.162615	0.940961	1.153918	0.921279	1.153917	0.921230	1.153918	0.921263	1.153929	0.921427	1.154951	0.019833	1.153928	0.921425	1356707866.441033	0.999976	72.866470	59.256691	6.858136	1.153612	0.921781	1.026125	0.001441	1.153733	0.921632	1.153718	0.921651	1.153780	0.921592	1.153758	0.921606	1.153795	0.921513	1.153729	0.921668	
1356707867.441013	1.000015	76.991184	63.580176	6.735861	1.154510	0.893650	1.165139	0.736251	1.154291	0.891420	1.154290	0.891377	1.154288	0.891359	1.154307	0.891681	1.164091	0.226758	1.154307	0.891681	1356707867.441082	1.000049	71.358159	57.737429	6.766178	1.153489	0.893080	1.099276	0.005011	1.153661	0.892864	1.153692	0.892770	1.153707	0.892742	1.153733	0.892711	1.153804	0.892578	1.153675	0.892875	
1356707868.441000	0.999987	76.039602	62.657072	6.588404	1.157798	0.891768	1.165364	0.852201	1.154188	0.876159	1.154184	0.876060	1.154188	0.876150	1.154209	0.876431	1.154244	0.096257	1.154207	0.876421	1356707868.441038	0.999956	71.209684	57.611931	6.525160	1.153642	0.877483	1.026820	0.001291	1.153767	0.877227	1.153774	0.877102	1.153788	0.877082	1.153777	0.877096	1.153826	0.877023	1.153786	0.877214	
1356707869.441001	1.000001	76.950931	63.567765	6.708658	1.154388	0.887783	1.170241	0.701684	1.154237	0.886350	1.154235	0.886288	1.154236	0.886326	1.154265	0.886781	1.155553	0.256744	1.154264	0.886781	1356707869.441056	1.000018	71.498615	57.886737	7.106776	1.153516	0.888083	1.009760	0.001511	1.153682	0.887723	1.153685	0.887711	1.153742	0.887657	1.153745	0.887650	1.153760	0.887558	1.153706	0.887700	
1356707870.440995	0.999994	73.512020	60.119697	6.548638	1.163579	0.817432	1.164899	0.704892	1.154184	0.811671	1.154184	0.811664	1.154184	0.811657	1.154203	0.811935	1.167812	0.235098	1.154206	0.811968	1356707870.441049	0.999993	67.497522	53.888907	6.677704	1.153624	0.812863	1.060041	0.001635	1.153763	0.812646	1.153794	0.812609	1.153807	0.812599	1.153797	0.812598	1.153791	0.812405	1.153700	0.812862	
1356707871.440994	0.999999	76.717313	63.337646	6.663977	1.154132	0.891810	1.165809	0.958979	1.153990	0.890562	1.153991	0.890561	1.153990	0.890548	1.154005	0.890795	1.164478	0.002317	1.154005	0.890788	1356707871.441054	1.000005	71.458291	57.859436	6.657346	1.153636	0.891193	1.013621	0.001570	1.153738	0.891023	1.153743	0.891019	1.153751	0.891001	1.153769	0.890989	1.153781	0.890827	1.153765	0.891134	
1356707872.441001	1.000007	78.495780	65.104820	6.693511	1.154442	0.921144	1.171750	0.428792	1.154345	0.920181	1.154345	0.920182	1.154345	0.920178	1.154360	0.920449	1.154517	0.532482	1.154359	0.920445	1356707872.441063	1.000009	73.075769	59.461192	6.729050	1.153641	0.921582	1.058323	0.001380	1.153756	0.921378	1.153738	0.921392	1.153757	0.921371	1.153769	0.921304	1.153803	0.921261	1.153739	0.921456	
1356707873.441022	1.000021	77.505240	64.101484	6.741207	1.160225	0.937586	1.165031	0.500572	1.154453	0.891570	1.154447	0.891503	1.154444	0.891477	1.154455	0.891681	1.165874	0.457379	1.154455	0.891677	1356707873.441077	1.000014	73.765655	60.130899	6.996362	1.155544	0.939504	1.087446	0.001460	1.153720	0.892946	1.155639	0.939390	1.153783	0.892864	1.155697	0.939326	1.155700	0.939302	1.155659	0.939375	
1356707874.440995	0.999973	77.558562	64.155934	6.731993	1.157601	0.901564	1.162928	0.683022	1.154358	0.899421	1.154356	0.899370	1.154358	0.899408	1.154376	0.899689	1.155350	0.273705	1.154375	0.899682	1356707874.441052	0.999975	72.389477	58.750723	7.126933	1.153626	0.901020	1.039924	0.001660	1.153719	0.900848	1.153723	0.900790	1.153742	0.900774	1.153733	0.900772	1.153778	0.900705	1.153734	0.900898	
1356707875.440995	1.000000	78.179306	64.778183	6.649124	1.157051	0.852784	1.156720	0.790416	1.154117	0.923545	1.154111	0.923443	1.154112	0.923499	1.154123	0.923655	1.156045	0.216865	1.154123	0.923650	1356707875.441050	0.999998	73.447192	59.814033	6.853468	1.153709	0.924389	1.098896	0.003424	1.153784	0.924245	1.153790	0.924238	1.153818	0.924212	1.153816	0.924210	1.153827	0.924093	1.153803	0.924241	
1356707876.440995	1.000000	77.792633	64.393692	6.699692	1.156442	0.915540	1.162850	0.751975	1.154248	0.913810	1.154247	0.913764	1.154248	0.913802	1.154265	0.914084	1.154108	0.208361	1.154265	0.914079	1356707876.441051	1.000001	72.379081	58.752797	6.776834	1.153614	0.915112	0.996099	0.001589	1.153735	0.914950	1.153759	0.914933	1.153766	0.914922	1.153768	0.914917	1.153790	0.914782	1.153759	0.914997	
1356707877.440997	1.000002	78.424167	65.027647	6.729846	1.155213	0.852577	1.160434	0.840141	1.154182	0.928496	1.154182	0.928500	1.154179	0.928481	1.154194	0.928693	1.157249	0.195040	1.154194	0.928687	1356707877.441061	1.000010	73.526333	59.880901	6.907646	1.153703	0.929547	1.027341	0.001296	1.153778	0.929465	1.153805	0.929418	1.153787	0.929401	1.153794	0.929392	1.153818	0.929309	1.153774	0.929479	
1356707878.441007	1.000010	78.211177	64.837257	6.636408	1.159955	0.810432	1.156981	0.781553	1.154175	0.912760	1.154174	0.912708	1.154178	0.912741	1.154190	0.912972	1.158267	0.283213	1.154190	0.912971	1356707878.441065	1.000004	72.119031	58.525825	6.652469	1.153695	0.913760	1.059084	0.001616	1.153796	0.913647	1.153814	0.913638	1.153798	0.913643	1.153814	0.913618	1.153834	0.913449	1.153779	0.913814	
1356707879.441820	1.000813	78.157999	64.743704	6.743114	1.156342	0.912236	1.157293	0.902102	1.154003	0.919729	1.154004	0.919692	1.154001	0.919683	1.154024	0.920031	1.189436	0.061704	1.154024	0.920024	1356707879.441875	1.000810	73.157211	59.510945	7.103606	1.153633	0.920553	0.979973	0.001552	1.153769	0.920308	1.153781	0.920264	1.153794	0.920208	1.153785	0.920207	1.153819	0.920086	1.153729	0.920386	
1356707880.440994	0.999174	74.291520	60.896088	6.614624	1.157305	0.824688	1.166902	0.822416	1.154079	0.827008	1.154069	0.826861	1.154072	0.826945	1.154091	0.827179	1.175758	0.114689	1.154090	0.827175	1356707880.441053	0.999178	67.405708	53.789381	6.814348	1.153561	0.827675	0.979269	0.002526	1.153718	0.827508	1.153751	0.827438	1.153774	0.827404	1.153741	0.827439	1.153803	0.827311	1.153701	0.827612	
1356707881.440998	1.000004	76.571726	63.154605	6.762149	1.154416	0.872635	1.170561	0.800705	1.154272	0.871308	1.154271	0.871261	1.154271	0.871274	1.154294	0.871645	1.154072	0.178278	1.154293	0.871639	1356707881.441051	0.999998	70.108441	56.468690	6.894987	1.153482	0.872875	0.954110	0.002315	1.153655	0.872647	1.153681	0.872630	1.153708	0.872596	1.153705	0.872593	1.153767	0.872431	1.153696	0.872653	
1356707882.441003	1.000005	76.399520	63.009984	6.579145	1.162193	0.938138	1.161224	0.478613	1.154401	0.874029	1.154399	0.873966	1.154400	0.874008	1.154423	0.874373	1.159469	0.417258	1.154422	0.874366	1356707882.441073	1.000022	71.104245	57.486456	6.889085	1.153616	0.875613	1.074980	0.001272	1.153746	0.875456	1.153750	0.875445	1.153754	0.875438	1.153782	0.875406	1.153798	0.875214	1.153740	0.875526	
1356707883.440995	0.999992	78.154503	64.755652	6.752435	1.163696	0.738415	1.156581	0.625486	1.154292	0.901462	1.154290	0.901447	1.154290	0.901424	1.154305	0.901691	1.156692	0.496110	1.154305	0.901683	1356707883.441054	0.999981	71.612847	57.979789	6.980495	1.153544	0.902803	0.980571	0.001481	1.153713	0.902613	1.153750	0.902496	1.153788	0.902451	1.153783	0.902450	1.153799	0.902449	1.153714	0.902689	
1356707884.440999	1.000004	77.337348	63.933304	6.739719	1.154525	0.895468	1.167133	0.687603	1.154435	0.894447	1.154434	0.894404	1.154435	0.894438	1.154450	0.894658	1.159956	0.291794	1.154450	0.894659	1356707884.441057	1.000003	71.369759	57.732182	7.100411	1.153653	0.896105	0.960570	0.001539	1.153771	0.895959	1.153773	0.895954	1.153786	0.895940	1.153788	0.895927	1.153805	0.895761	1.153770	0.896104	
1356707885.440994	0.999995	76.333863	62.966685	6.510027	1.154257	0.881741	1.166928	0.884156	1.154154	0.880872	1.154142	0.880701	1.154143	0.880758	1.154155	0.880916	1.154362	0.064601	1.154154	0.880914	1356707885.441050	0.999993	70.159863	56.569880	6.722794	1.153575	0.881663	1.091409	0.003054	1.153682	0.881550	1.153686	0.881546	1.153726	0.881503	1.153752	0.881471	1.153818	0.881365	1.153717	0.881514	
1356707886.440998	1.000004	78.024311	64.621015	6.728153	1.155306	0.794840	1.161406	0.818069	1.154058	0.912501	1.154057	0.912453	1.154058	0.912494	1.154072	0.912711	1.161631	0.260510	1.154071	0.912710	1356707886.441056	1.000006	72.494639	58.858673	6.853261	1.153694	0.913403	1.062274	0.001617	1.153788	0.913280	1.153810	0.913149	1.153806	0.913146	1.153812	0.913139	1.153825	0.913044	1.153822	0.913255	
1356707887.440994	0.999996	76.576116	63.160534	6.581997	1.154066	0.870373	1.163614	0.959316	1.153950	0.869210	1.153948	0.869176	1.153948	0.869178	1.153964	0.869423	1.161424	0.002803	1.153964	0.869419	1356707887.441052	0.999996	71.177535	57.535740	6.784467	1.153702	0.869819	1.067003	0.000749	1.153807	0.869675	1.153806	0.869671	1.153819	0.869660	1.153827	0.869646	1.153802	0.869482	1.153784	0.869746	
1356707888.440994	1.000000	77.065063	63.689850	6.729752	1.154159	0.893531	1.165542	0.808765	1.154013	0.892206	1.154010	0.892115	1.154013	0.892208	1.154033	0.892498	1.161683	0.154365	1.154033	0.892493	1356707888.441050	0.999998	71.165419	57.561160	6.874418	1.153563	0.892958	1.044492	0.000752	1.153729	0.892754	1.153728	0.892751	1.153752	0.892718	1.153744	0.892716	1.153765	0.892553	1.153717	0.892858	
1356707889.440994	1.000000	77.634369	64.222412	6.726807	1.156753	0.926971	1.162814	0.810712	1.154121	0.905562	1.154119	0.905541	1.154119	0.905527	1.154132	0.905726	1.155234	0.128023	1.154132	0.905723	1356707889.441052	1.000002	71.893494	58.244472	7.091448	1.153712	0.906340	1.020320	0.000700	1.153791	0.906207	1.153808	0.906194	1.153813	0.906131	1.153807	0.906131	1.153805	0.906035	1.153816	0.906331	
1356707890.440994	1.000000	75.110352	61.727448	6.584946	1.154175	0.844214	1.171535	0.930442	1.154041	0.843064	1.154037	0.843025	1.154037	0.843014	1.154055	0.843282	1.155429	0.023485	1.154055	0.843279	1356707890.441049	0.999997	68.117734	54.501344	6.866614	1.153579	0.843717	1.026357	0.000827	1.153720	0.843569	1.153731	0.843560	1.153713	0.843568	1.153738	0.843550	1.153781	0.843407	1.153674	0.843703	
1356707891.440994	1.000000	79.151520	65.719498	6.789429	1.154436	0.949032	1.157150	0.918033	1.154022	0.951604	1.154022	0.951601	1.154022	0.951600	1.154035	0.951810	1.188308	0.044733	1.154034	0.951809	1356707891.441050	1.000001	74.438238	60.762973	6.948144	1.153716	0.952373	1.103602	0.000963	1.153798	0.952243	1.153805	0.952173	1.153814	0.952154	1.153814	0.952153	1.153842	0.952139	1.153819	0.952206	
1356707892.440994	1.000000	76.601242	63.207214	6.663589	1.154118	0.878981	1.167752	0.941026	1.154014	0.877997	1.154015	0.877998	1.154014	0.877986	1.154033	0.878301	1.154870	0.024008	1.154033	0.878299	1356707892.441053	1.000003	70.298824	56.668739	6.856073	1.153581	0.878820	1.120062	0.004517	1.153727	0.878666	1.153723	0.878664	1.153737	0.878644	1.153721	0.878653	1.153785	0.878489	1.153710	0.878812	
1356707893.440995	1.000001	78.490556	65.093642	6.712182	1.154274	0.844775	1.159498	0.806506	1.154072	0.919458	1.154071	0.919352	1.154073	0.919438	1.154090	0.919716	1.169226	0.231861	1.154089	0.919713	1356707893.441048	0.999995	73.174912	59.540261	6.927510	1.153575	0.920276	1.111934	0.000486	1.153664	0.920162	1.153701	0.920121	1.153687	0.920128	1.153712	0.920105	1.153771	0.919963	1.153694	0.920206	
1356707894.440994	0.999999	78.764342	65.381303	6.727408	1.155636	0.889356	1.157416	0.752415	1.156484	0.846009	1.154276	0.927659	1.154279	0.927745	1.154293	0.928000	1.157876	0.328854	1.154292	0.927995	1356707894.441049	1.000001	73.463706	59.838566	7.118920	1.153518	0.929051	1.107603	0.000456	1.153634	0.928913	1.153647	0.928893	1.153685	0.928848	1.153705	0.928824	1.153746	0.928746	1.153635	0.928923	
1356707895.440994	1.000000	76.986099	63.604584	6.653214	1.158516	0.907036	1.164629	0.796035	1.155295	0.865385	1.156956	0.905723	1.156959	0.905801	1.155306	0.865479	1.154113	0.137587	1.156972	0.905997	1356707895.441049	1.000000	70.256927	56.644516	6.783081	1.153598	0.866299	1.140084	0.002227	1.153705	0.866160	1.153732	0.866145	1.153715	0.866156	1.153743	0.866135	1.153798	0.865989	1.158847	0.906575	
1356707896.440994	1.000000	77.286331	63.920151	6.593979	1.154447	0.896886	1.170654	0.577981	1.154330	0.895782	1.154327	0.895687	1.154330	0.895776	1.154350	0.896096	1.156945	0.381895	1.154349	0.896092	1356707896.441049	1.000000	71.190628	57.594528	6.644821	1.153447	0.897253	1.123702	0.000711	1.153615	0.897049	1.153630	0.897038	1.153656	0.896997	1.153664	0.896992	1.153756	0.896894	1.153660	0.897015	
1356707897.440994	1.000000	77.217087	63.823196	6.701996	1.157191	0.915877	1.163961	0.674797	1.154179	0.899326	1.154179	0.899322	1.154179	0.899317	1.154192	0.899514	1.157456	0.272371	1.154192	0.899508	1356707897.441050	1.000001	71.847969	58.228933	6.738794	1.153687	0.900495	1.053670	0.000422	1.153799	0.900343	1.153788	0.900293	1.153793	0.900277	1.153810	0.900263	1.153816	0.900113	1.153810	0.900443	
1356707898.440995	1.000001	78.702211	65.307387	6.709115	1.154516	0.928558	1.161030	0.677787	1.154238	0.934187	1.154237	0.934130	1.154238	0.934177	1.154254	0.934414	1.156164	0.289803	1.154253	0.934410	1356707898.441052	1.000002	73.889538	60.259803	7.032717	1.153704	0.935496	1.162902	0.000448	1.153799	0.935347	1.153809	0.935332	1.153811	0.935335	1.153804	0.935331	1.153824	0.935144	1.153806	0.935343	
1356707899.440995	1.000000	78.294449	64.903427	6.670013	1.158440	0.809979	1.165781	0.815434	1.154182	0.887988	1.157717	0.931416	1.157718	0.931458	1.154185	0.887998	1.153969	0.268959	1.154185	0.887984	1356707899.441052	1.000000	73.440613	59.814972	7.023010	1.153658	0.932705	1.074449	0.000437	1.153776	0.932553	1.153773	0.932554	1.153802	0.932523	1.153803	0.932521	1.153807	0.932412	1.153774	0.932566	
1356707900.440994	0.999999	78.109663	64.712220	6.701773	1.156871	0.945268	1.158930	0.664376	1.154522	0.925469	1.154522	0.925462	1.154522	0.925455	1.154540	0.925773	1.159201	0.271255	1.154539	0.925771	1356707900.441051	0.999999	73.421487	59.794201	6.770819	1.153565	0.926904	1.165432	0.000511	1.153702	0.926748	1.153711	0.926741	1.153718	0.926729	1.153726	0.926663	1.153790	0.926587	1.153706	0.926747	
1356707901.440995	1.000001	77.264239	63.877014	6.730020	1.154348	0.900279	1.166560	0.769761	1.154150	0.900867	1.154149	0.900859	1.154149	0.900854	1.154163	0.901059	1.154037	0.193183	1.154162	0.901056	1356707901.441051	1.000000	71.739777	58.105850	6.966476	1.153708	0.901881	1.130194	0.000700	1.153807	0.901759	1.153803	0.901698	1.153824	0.901674	1.153825	0.901670	1.153825	0.901530	1.153779	0.901886	
1356707902.441002	1.000007	77.847057	64.449689	6.706176	1.159246	0.937432	1.165669	0.766110	1.154159	0.900886	1.154146	0.900695	1.154147	0.900733	1.154174	0.901185	1.155727	0.198554	1.154177	0.901183	1356707902.441060	1.000009	72.920894	59.286679	7.018125	1.156899	0.943001	1.113346	0.000444	1.153711	0.901784	1.153723	0.901770	1.153747	0.901734	1.157121	0.943074	1.157173	0.942989	1.153703	0.901787	
1356707903.440994	0.999992	77.037871	63.644452	6.744180	1.159209	0.901433	1.163400	0.671230	1.154219	0.894627	1.154218	0.894574	1.154219	0.894611	1.154255	0.895115	1.154282	0.282556	1.154251	0.895105	1356707903.441047	0.999987	71.449133	57.833080	6.992722	1.153597	0.896285	1.120620	0.000491	1.153738	0.895963	1.153797	0.895841	1.153822	0.895805	1.153782	0.895830	1.153801	0.895778	1.153734	0.895982	
1356707904.441014	1.000020	715752088.104666	715774015.418240	715779930.381552	0.999949	1.000885	0.999947	1.000887	0.999949	1.000894	0.999949	1.000884	0.999950	1.000891	0.999951	1.000880	0.999949	1.000885	0.999950	1.000889	1356707904.441106	1.000059	715735259.046472	715750484.518613	715737635.882179	0.999949	1.000884	0.999946	1.000885	3.895829	0.256902	0.999949	1.000883	0.999950	1.000891	0.999951	1.000881	0.999950	1.000892	0.999949	1.000882	
1356707905.441057	1.000043	0.000000	0.000000	0.000000	-nan	-nan	-nan	-nan	1.000008	inf	-nan	-nan	-nan	0.000000	-nan	-nan	-nan	-nan	-nan	-nan	1356707905.441119	1.000013	0.000000	0.000000	0.000000	-nan	-nan	-nan	-nan	1.345745	inf	-nan	-nan	-nan	-nan	-nan	-nan	-nan	-nan	-nan	-nan	
