ts_0	elapsed_0	pkg_0	pp0_0	dram_0	freq_ratio_0_0	c0_ratio_0_0	freq_ratio_0_1	c0_ratio_0_1	freq_ratio_0_2	c0_ratio_0_2	freq_ratio_0_3	c0_ratio_0_3	freq_ratio_0_4	c0_ratio_0_4	freq_ratio_0_5	c0_ratio_0_5	freq_ratio_0_6	c0_ratio_0_6	freq_ratio_0_7	c0_ratio_0_7	ts_1	elapsed_1	pkg_1	pp0_1	dram_1	freq_ratio_1_0	c0_ratio_1_0	freq_ratio_1_1	c0_ratio_1_1	freq_ratio_1_2	c0_ratio_1_2	freq_ratio_1_3	c0_ratio_1_3	freq_ratio_1_4	c0_ratio_1_4	freq_ratio_1_5	c0_ratio_1_5	freq_ratio_1_6	c0_ratio_1_6	freq_ratio_1_7	c0_ratio_1_7	
1354690597.524220	1.026796	55.379866	41.715292	7.957382	1.158084	0.649336	1.154879	0.651739	1.155012	0.658784	1.154416	0.655919	1.154652	0.655858	1.154591	0.656411	1.154679	0.655989	1.155420	0.660494	1354690597.524358	1.000396	56.249102	42.620649	7.980436	0.999982	0.977375	1.000001	0.977173	1.000001	0.976723	1.000001	0.976642	1.001010	0.000452	0.782963	0.000122	1.006971	0.000069	0.999983	0.977856	
1354690598.524215	0.999995	56.858653	43.168322	8.122050	1.000000	1.000000	1.000001	1.000000	1.000017	0.007569	1.000000	1.000000	1.026063	0.000038	0.989195	0.000013	1.000001	1.000000	1.000000	1.000000	1354690598.524341	0.999983	57.105611	43.442187	8.131592	1.000000	1.000000	1.000000	1.000000	1.000000	1.000000	1.000000	1.000000	1.000605	0.000117	1.001561	0.000035	0.998012	0.000012	1.000000	1.000000	
1354690599.524215	1.000000	56.942368	43.243210	8.083878	1.000000	1.000000	1.000000	1.000000	0.999954	0.008383	1.000000	1.000000	1.001298	0.000052	1.003671	0.000046	1.000000	1.000000	1.000000	1.000000	1354690599.524354	1.000013	57.199064	43.508783	8.278959	1.000000	1.000000	1.000000	1.000000	1.000000	1.000000	1.000000	1.000000	0.999954	0.002116	0.997536	0.000041	1.000090	0.000043	1.000000	1.000000	
1354690600.524215	1.000000	56.698395	42.983337	8.179764	1.000000	1.000000	1.000000	1.000000	0.999981	0.004748	1.000000	1.000000	1.000305	0.000224	1.001318	0.000050	1.000000	1.000000	1.000000	1.000000	1354690600.524355	1.000001	57.203376	43.508183	8.228660	1.000000	1.000000	1.000000	1.000000	1.000000	1.000000	1.000000	1.000000	1.000172	0.000235	1.001187	0.000035	1.000676	0.000012	1.000000	1.000000	
1354690601.524215	1.000000	56.807281	43.107590	8.137482	1.000000	1.000000	1.000000	1.000000	0.999988	0.005378	1.000000	1.000000	0.999826	0.000095	0.999266	0.000126	1.000000	1.000000	1.000000	1.000000	1354690601.524348	0.999993	57.234740	43.565929	8.236278	1.000000	1.000000	1.000000	1.000000	1.000000	1.000000	1.000000	1.000000	0.999950	0.000116	1.000285	0.000042	1.000244	0.000044	1.000000	1.000000	
1354690602.524215	1.000000	56.960938	43.263794	8.070679	1.000000	1.000000	1.000000	1.000000	0.999974	0.007815	1.000000	1.000000	1.000508	0.000112	0.998831	0.000019	1.000000	1.000000	1.000000	1.000000	1354690602.524349	1.000001	57.186698	43.523686	8.108650	1.000000	1.000000	1.000000	1.000000	1.000000	1.000000	1.000000	1.000000	1.000115	0.000395	0.999902	0.000036	0.999493	0.000012	1.000000	1.000000	
1354690603.524215	1.000000	57.083069	43.381989	8.160172	1.000000	1.000000	1.000000	1.000000	0.999990	0.008791	1.000000	1.000000	0.997034	0.000212	1.001565	0.000047	1.000000	1.000000	1.000000	1.000000	1354690603.524349	1.000000	57.228287	43.559799	8.134918	1.000000	1.000000	1.000000	1.000000	1.000000	1.000000	1.000000	1.000000	0.999550	0.000105	0.999844	0.000042	0.999766	0.000043	1.000000	1.000000	
1354690604.524215	1.000000	57.399353	43.680862	8.159912	1.000000	1.000000	1.000000	1.000000	0.999974	0.008387	1.000000	1.000000	0.999555	0.000237	0.994083	0.000013	1.000000	1.000000	1.000000	1.000000	1354690604.524352	1.000003	57.235693	43.558306	8.196096	1.000000	1.000000	1.000000	1.000000	1.000000	1.000000	1.000000	1.000000	1.000060	0.000083	1.000502	0.000036	1.002210	0.000012	1.000000	1.000000	
1354690605.524215	1.000000	56.901489	43.155014	8.209717	1.000000	1.000000	1.000000	0.999832	0.999991	0.004806	1.000000	1.000000	1.000379	0.000272	0.997538	0.000181	1.000000	1.000000	0.999999	0.999596	1354690605.524351	0.999999	57.303140	43.596233	8.333535	1.000000	1.000000	1.000000	1.000000	1.000000	1.000000	1.000000	0.999592	1.000000	0.000121	0.999127	0.000043	0.999983	0.000045	1.000000	1.000000	
1354690606.524215	1.000000	56.942398	43.205902	8.181717	1.000000	1.000000	1.000000	1.000000	1.000029	0.001859	1.000000	1.000000	0.999982	0.004527	0.996345	0.000014	1.000000	1.000000	1.000000	1.000000	1354690606.524350	0.999999	57.259271	43.572780	8.279579	1.000000	1.000000	1.000000	1.000000	1.000000	1.000000	1.000000	1.000000	1.000071	0.000087	0.999780	0.000035	0.999968	0.000012	1.000000	1.000000	
1354690607.524215	1.000000	56.915604	43.184937	8.170319	1.000000	1.000000	1.000000	1.000000	0.999959	0.003000	1.000000	1.000000	0.999748	0.000679	1.000175	0.002942	1.000000	1.000000	1.000000	1.000000	1354690607.524351	1.000001	57.280478	43.598042	8.214790	1.000000	0.999774	1.000000	0.999469	1.000000	0.999473	1.000000	1.000000	0.999921	0.000425	1.000307	0.000063	0.999556	0.000058	1.000000	1.000000	
1354690608.524215	1.000000	56.824677	43.109879	8.138351	1.000000	0.999542	1.000000	0.999550	0.999973	0.003917	0.999999	0.999520	1.000611	0.000257	1.000242	0.000013	1.000000	0.999551	1.000000	0.999551	1354690608.524355	1.000004	57.256680	43.607749	8.179731	1.000000	0.999578	1.000000	0.999515	1.000000	0.999557	1.000000	1.000000	1.000347	0.000084	1.000415	0.000035	0.999838	0.000012	1.000000	0.999587	
1354690609.524215	1.000000	57.043350	43.304657	8.197739	1.000000	1.000000	1.000001	1.000000	0.999998	0.007012	1.000001	1.000000	1.000161	0.000331	0.998011	0.000074	1.000000	0.999999	1.000000	1.000000	1354690609.524349	0.999994	57.391043	43.680100	8.350453	1.000000	1.000000	1.000000	1.000000	1.000000	1.000000	1.000000	1.000000	1.000003	0.002096	0.999815	0.000042	1.000237	0.000046	1.000000	1.000000	
1354690610.524215	1.000000	57.253738	43.528839	8.142563	1.000000	1.000000	1.000000	1.000000	0.999981	0.008533	1.000000	1.000000	0.999998	0.002870	0.999765	0.002409	1.000000	1.000001	1.000000	1.000000	1354690610.524306	0.999957	57.369268	43.699385	8.287297	1.000000	1.000000	1.000000	1.000000	1.000000	1.000000	1.000000	1.000000	0.999987	0.000461	0.999987	0.003887	0.997975	0.000012	1.000000	1.000000	
1354690611.524215	1.000000	57.994781	44.282837	8.169724	1.000000	0.999555	0.999977	0.999604	0.999864	0.000236	1.000000	0.999555	0.999962	0.000246	1.000150	0.004063	0.999978	0.999606	0.999986	0.999591	1354690611.524329	1.000023	57.277833	43.626931	8.266092	1.000000	0.999643	1.000000	0.999564	1.000000	0.999621	1.000000	1.000000	0.999935	0.000089	1.000486	0.000066	1.000190	0.000045	1.000000	1.000000	
1354690612.524215	1.000000	57.911682	44.188858	8.167099	1.000000	1.000000	1.000000	1.000000	1.000130	0.000229	1.000000	1.000000	1.000068	0.000302	1.000015	0.004241	1.000000	1.000000	1.000001	1.000000	1354690612.524349	1.000020	57.344570	43.686823	8.146047	1.000000	1.000000	1.000000	1.000000	1.000000	1.000000	1.000000	1.000000	1.000066	0.000357	0.999531	0.000058	0.999448	0.000012	1.000000	1.000000	
1354690613.524215	1.000000	56.943741	43.205276	8.206741	1.000000	1.000000	1.000000	1.000000	0.999917	0.000242	1.000000	0.999999	0.999944	0.004302	0.998189	0.000050	1.000000	1.000000	1.000000	1.000000	1354690613.524355	1.000006	57.332544	43.642257	8.287747	1.000000	1.000000	1.000000	1.000000	1.000000	1.000000	1.000000	1.000000	0.999841	0.000090	1.000101	0.000069	1.000497	0.000046	1.000000	1.000000	
1354690614.524215	1.000000	57.080734	43.377075	8.119034	1.000000	1.000000	1.000000	1.000000	0.999935	0.000272	1.000000	1.000001	1.000040	0.006164	1.008073	0.000013	1.000000	1.000000	1.000000	1.000000	1354690614.524347	0.999992	57.307853	43.673938	8.177389	1.000000	1.000000	1.000000	1.000000	1.000000	1.000000	1.000000	1.000000	0.999894	0.000091	1.000688	0.000057	1.000389	0.000012	1.000000	1.000000	
1354690615.524215	1.000000	57.118881	43.400833	8.134766	1.000000	1.000000	1.000000	1.000000	1.000301	0.000265	1.000000	1.000000	0.999953	0.006249	0.996966	0.000045	1.000000	1.000000	1.000000	1.000000	1354690615.524349	1.000002	57.350705	43.698907	8.252166	1.000000	1.000000	1.000000	1.000000	1.000000	1.000000	1.000000	1.000000	0.999648	0.000092	0.999241	0.000066	0.999636	0.000042	1.000000	1.000000	
1354690616.524215	1.000000	715764863.675446	715774932.018814	715778271.152939	0.999904	1.000327	0.999903	1.000327	0.999905	1.000326	0.999906	1.000321	0.999906	1.000323	0.999908	1.000318	0.999905	1.000323	0.999904	1.000316	1354690616.524307	0.999958	715836389.939779	715808406.174011	715810120.865881	0.999903	1.000312	0.999901	1.000315	3.898929	0.256538	0.999906	1.000321	0.999904	1.000317	0.999908	1.000320	0.999905	1.000322	0.999907	1.000330	
1354690617.524286	1.000071	0.000000	0.000000	0.000000	-nan	-nan	-nan	-nan	1.000008	inf	-nan	-nan	-nan	0.000000	-nan	-nan	-nan	-nan	-nan	-nan	1354690617.524365	1.000058	0.000000	0.000000	0.000000	-nan	-nan	-nan	-nan	1.345745	inf	-nan	-nan	-nan	-nan	-nan	-nan	-nan	-nan	-nan	-nan	
