ts_0	elapsed_0	pkg_0	pp0_0	dram_0	freq_ratio_0_0	c0_ratio_0_0	freq_ratio_0_1	c0_ratio_0_1	freq_ratio_0_2	c0_ratio_0_2	freq_ratio_0_3	c0_ratio_0_3	freq_ratio_0_4	c0_ratio_0_4	freq_ratio_0_5	c0_ratio_0_5	freq_ratio_0_6	c0_ratio_0_6	freq_ratio_0_7	c0_ratio_0_7	ts_1	elapsed_1	pkg_1	pp0_1	dram_1	freq_ratio_1_0	c0_ratio_1_0	freq_ratio_1_1	c0_ratio_1_1	freq_ratio_1_2	c0_ratio_1_2	freq_ratio_1_3	c0_ratio_1_3	freq_ratio_1_4	c0_ratio_1_4	freq_ratio_1_5	c0_ratio_1_5	freq_ratio_1_6	c0_ratio_1_6	freq_ratio_1_7	c0_ratio_1_7	
1354695934.117336	1.002098	44.295096	31.092069	2.447243	1.159747	0.345648	1.156339	0.332158	1.156931	0.335938	1.159405	0.346947	1.156905	0.334888	1.159540	0.346507	1.156806	0.333223	1.159949	0.348112	1354695934.117722	1.000652	56.003200	42.780469	1.581427	0.999929	0.798428	0.999906	0.798287	1.000000	0.797921	1.000000	0.797624	1.000000	0.797567	0.999975	0.749523	1.002350	0.000113	0.999836	0.951291	
1354695935.117316	0.999980	48.333610	35.128954	2.598105	0.999601	0.900340	1.000000	0.899224	1.000001	0.899252	1.000001	0.899296	1.000001	0.899286	0.883238	0.000322	1.001225	0.000015	0.975224	0.000145	1354695935.117460	0.999738	60.854095	47.628782	1.607309	1.000001	0.899526	1.000000	0.899554	1.000001	0.899570	1.000000	0.899580	1.000001	0.899607	1.000001	0.899678	1.000129	0.000054	1.000000	1.000000	
1354695936.117330	1.000014	51.726125	38.510277	2.739769	1.000000	1.000000	1.000000	1.000000	1.000000	1.000000	1.000000	1.000000	1.000000	1.000000	1.000248	0.000722	1.009423	0.000065	1.000099	0.000168	1354695936.117468	1.000008	64.467861	51.233914	1.613619	1.000000	1.000000	1.000000	1.000000	1.000000	1.000000	1.000000	1.000000	1.000000	1.000000	1.000000	1.000000	1.000049	0.000135	1.000000	1.000000	
1354695937.117315	0.999985	51.804871	38.581176	2.767284	1.000000	1.000000	1.000000	1.000000	1.000000	1.000000	1.000000	1.000000	1.000000	1.000000	0.999255	0.000268	1.002207	0.000013	0.999789	0.000139	1354695937.117467	0.999999	64.596741	51.388889	1.622804	1.000000	1.000000	1.000000	1.000000	1.000000	1.000000	1.000000	1.000000	1.000000	1.000000	1.000000	1.000000	0.999876	0.000437	1.000000	1.000000	
1354695938.117316	1.000001	51.435711	38.219751	2.761548	1.000000	1.000000	1.000000	0.962583	1.000000	1.000000	1.000000	0.999953	1.000000	1.000000	1.000014	0.000338	0.999135	0.000052	0.999776	0.000150	1354695938.117459	0.999992	63.618298	50.411404	1.620832	1.000000	0.962578	1.000000	0.962578	1.000000	0.962576	1.000000	1.000000	1.000000	0.962575	1.000000	1.000000	0.999999	0.002834	1.000000	0.999732	
1354695939.117315	0.999999	51.947758	38.705878	2.733783	1.000000	1.000000	1.000000	1.000000	1.000000	1.000000	1.000000	1.000000	1.000000	1.000000	0.999987	0.000349	1.001580	0.000035	1.000337	0.000132	1354695939.117465	1.000006	64.665951	51.468138	1.611502	1.000000	1.000000	1.000000	1.000000	1.000000	1.000000	1.000000	1.000000	1.000000	1.000000	1.000000	1.000000	1.000003	0.000139	1.000000	1.000000	
1354695940.117315	1.000000	51.840393	38.596481	2.761353	1.000000	1.000000	1.000000	1.000000	1.000000	1.000000	1.000000	1.000000	1.000000	1.000000	0.999991	0.000581	0.999767	0.000053	0.999934	0.000139	1354695940.117463	0.999998	64.588243	51.384543	1.631839	1.000000	1.000000	1.000000	1.000000	1.000000	1.000000	1.000000	1.000000	1.000000	1.000000	1.000000	1.000000	1.000013	0.000405	1.000000	1.000000	
1354695941.117315	1.000000	51.139938	37.899612	2.687500	1.000000	0.969726	1.000000	0.969427	1.000000	0.969426	1.000000	0.969424	1.000000	0.969387	0.999823	0.000545	0.999985	0.000051	1.000016	0.000168	1354695941.117464	1.000001	63.595658	50.409803	1.601088	1.000000	0.969429	1.000000	0.969413	1.000000	0.969412	1.000000	0.969391	1.000000	0.969390	1.000000	0.969411	1.000194	0.000117	1.000000	1.000000	
1354695942.117315	1.000000	51.770157	38.524307	2.767197	1.000000	1.000000	1.000000	1.000000	1.000000	1.000000	1.000000	1.000000	1.000000	1.000000	0.999950	0.000473	1.000000	0.000054	0.999989	0.000143	1354695942.117460	0.999996	64.567217	51.364695	1.626395	1.000000	1.000000	1.000000	1.000000	1.000000	1.000000	1.000000	1.000000	1.000000	1.000000	1.000000	1.000000	0.999985	0.000471	1.000000	1.000000	
1354695943.117315	1.000000	51.973907	38.725861	2.736465	1.000000	1.000000	1.000000	1.000000	1.000000	1.000000	1.000000	1.000000	1.000000	1.000000	1.000206	0.000577	1.000546	0.000013	0.999883	0.000132	1354695943.117456	0.999996	64.807712	51.609126	1.613150	1.000000	1.000000	1.000000	1.000000	1.000000	1.000000	1.000000	1.000000	1.000000	1.000000	1.000000	1.000000	0.999589	0.000090	1.000000	1.000000	
1354695944.117315	1.000000	51.191086	37.943619	2.735474	0.999908	0.974193	0.999981	0.973776	0.999961	0.973792	0.999950	0.973809	0.999992	0.973718	0.999987	0.001245	0.999985	0.000203	1.000066	0.000315	1354695944.117456	1.000000	63.774658	50.569336	1.650101	1.000000	0.973810	1.000000	0.973808	1.000000	0.973755	1.000000	0.973754	1.000000	0.973743	1.000000	0.973742	1.000046	0.000267	1.000000	1.000000	
1354695945.117315	1.000000	52.207443	38.956146	2.789612	1.000000	1.000000	1.000000	1.000000	1.000000	1.000000	1.000000	1.000000	1.000000	1.000000	1.000036	0.003363	0.999834	0.002787	0.999844	0.002665	1354695945.117392	0.999936	64.740251	51.531674	1.638639	1.000000	1.000000	1.000000	1.000000	1.000000	1.000000	1.000000	1.000000	1.000000	1.000000	1.000000	1.000000	0.999997	0.003988	1.000000	1.000000	
1354695946.117315	1.000000	52.062469	38.814850	2.736465	1.000000	1.000000	1.000000	1.000000	1.000000	1.000000	1.000000	1.000000	1.000000	1.000000	0.999736	0.000642	0.995147	0.000042	1.002617	0.000145	1354695946.117460	1.000068	64.804496	51.600299	1.612729	1.000000	1.000000	1.000000	1.000000	1.000000	1.000000	1.000000	1.000000	1.000000	1.000000	1.000000	1.000000	1.000115	0.000167	1.000000	1.000000	
1354695947.117315	1.000000	715820750.370056	715816269.252579	715794962.680603	0.999949	1.000610	0.999949	1.000625	0.999951	1.000627	0.999948	1.000609	0.999951	1.000623	0.999951	1.000607	0.999951	1.000624	0.999948	1.000608	1354695947.117428	0.999968	715828052.018309	715806718.425487	715810069.095340	0.999950	1.000617	0.999947	1.000614	3.895603	0.256850	0.999947	1.000604	0.999950	1.000620	0.999952	1.000611	0.999950	1.000617	0.999950	1.000616	
1354695948.117314	0.999999	0.000000	0.000000	0.000000	-nan	-nan	-nan	-nan	1.000008	inf	-nan	-nan	-nan	0.000000	-nan	-nan	-nan	-nan	-nan	-nan	1354695948.117399	0.999971	0.000000	0.000000	0.000000	-nan	-nan	-nan	-nan	1.345745	inf	-nan	-nan	-nan	-nan	-nan	-nan	-nan	-nan	-nan	-nan	
