ts_0	elapsed_0	pkg_0	pp0_0	dram_0	freq_ratio_0_0	c0_ratio_0_0	freq_ratio_0_1	c0_ratio_0_1	freq_ratio_0_2	c0_ratio_0_2	freq_ratio_0_3	c0_ratio_0_3	freq_ratio_0_4	c0_ratio_0_4	freq_ratio_0_5	c0_ratio_0_5	freq_ratio_0_6	c0_ratio_0_6	freq_ratio_0_7	c0_ratio_0_7	ts_1	elapsed_1	pkg_1	pp0_1	dram_1	freq_ratio_1_0	c0_ratio_1_0	freq_ratio_1_1	c0_ratio_1_1	freq_ratio_1_2	c0_ratio_1_2	freq_ratio_1_3	c0_ratio_1_3	freq_ratio_1_4	c0_ratio_1_4	freq_ratio_1_5	c0_ratio_1_5	freq_ratio_1_6	c0_ratio_1_6	freq_ratio_1_7	c0_ratio_1_7	
1354691446.136192	1.001666	45.463257	32.001539	3.704308	1.153201	0.383663	1.152433	0.378291	1.152613	0.382177	1.155599	0.393966	1.152371	0.382358	1.153455	0.381217	1.153094	0.377762	1.153641	0.382447	1354691446.136352	1.000370	55.732872	41.875237	5.400971	0.999977	0.996173	0.999963	0.800122	1.000000	0.799148	1.000000	0.798765	1.000001	0.797920	1.000077	0.000130	0.994944	0.000030	0.999896	0.799670	
1354691447.136187	0.999995	49.854574	36.368621	3.753620	1.000000	1.000000	1.000000	1.000000	1.000000	1.000000	1.000000	1.000000	1.000030	0.005399	1.009065	0.000120	0.985517	0.000013	0.996766	0.000013	1354691447.136362	1.000010	62.754697	48.687562	6.692636	1.000000	1.000000	1.000000	1.000000	1.000000	1.000000	1.000000	1.000000	1.000000	1.000000	0.999683	0.000080	1.003405	0.000042	1.000000	1.000000	
1354691448.136191	1.000004	50.742775	37.259111	3.760620	1.000000	1.000000	1.000000	1.000000	1.000000	1.000000	1.000000	1.000000	1.000000	0.007467	0.999770	0.003231	0.999867	0.002979	1.000007	0.002791	1354691448.136306	0.999944	62.900222	48.794757	6.939293	1.000000	1.000000	1.000000	1.000000	1.000000	1.000000	1.000000	1.000000	1.000000	1.000000	0.999992	0.004010	1.000011	0.002681	1.000000	1.000000	
1354691449.136187	0.999996	49.736820	36.265360	3.761429	1.000000	1.000000	1.000000	1.000000	1.000000	1.000000	1.000000	1.000000	0.999942	0.000371	1.006194	0.000106	1.069084	0.000007	1.002546	0.000008	1354691449.136355	1.000049	62.881769	48.806105	6.817994	1.000000	1.000000	1.000000	1.000000	1.000000	1.000000	1.000000	1.000000	1.000000	1.000000	1.000329	0.000084	0.998918	0.000042	1.000000	1.000000	
1354691450.136186	0.999999	49.893663	36.427601	3.750141	1.000000	1.000000	1.000000	1.000000	1.000000	1.000000	1.000000	1.000000	0.999507	0.000401	1.000989	0.000134	0.999847	0.003471	0.991085	0.000055	1354691450.136334	0.999979	62.847190	48.793382	6.574845	1.000000	1.000000	1.000000	1.000000	1.000000	1.000000	1.000000	1.000000	1.000000	1.000000	1.000073	0.000407	1.002690	0.000012	1.000000	1.000000	
1354691451.136186	1.000000	50.034088	36.559067	3.734818	1.000000	1.000000	1.000000	1.000000	1.000000	1.000000	1.000000	0.999682	1.000359	0.000379	0.999912	0.000105	0.999995	0.006644	1.000082	0.000014	1354691451.136360	1.000026	62.909528	48.843274	6.764152	1.000000	1.000000	1.000000	1.000000	1.000000	1.000000	1.000000	1.000000	1.000000	1.000000	0.999613	0.000079	0.988317	0.000046	1.000000	1.000000	
1354691452.136187	1.000001	49.969130	36.493160	3.753704	1.000000	1.000000	1.000000	1.000000	1.000000	1.000000	1.000000	1.000000	0.999908	0.000489	0.999438	0.000158	1.000094	0.003518	1.007969	0.000062	1354691452.136353	0.999993	62.717444	48.702729	6.354185	1.000000	1.000000	1.000000	1.000000	1.000000	1.000000	1.000000	1.000000	1.000000	1.000000	1.000228	0.000112	1.024179	0.000022	1.000000	1.000000	
1354691453.136187	1.000000	49.871735	36.402191	3.750122	1.000000	1.000000	1.000000	1.000000	1.000000	1.000000	1.000000	1.000000	0.999885	0.000388	1.000294	0.000131	1.009150	0.000013	0.988553	0.000013	1354691453.136354	1.000001	62.811723	48.775954	6.656228	1.000000	1.000000	1.000000	1.000000	1.000000	1.000000	1.000000	1.000000	1.000000	1.000000	0.999602	0.000083	1.000861	0.000047	1.000000	1.000000	
1354691454.136187	1.000000	50.161224	36.683762	3.749863	1.000000	1.000000	1.000000	1.000000	1.000000	1.000000	1.000000	1.000000	1.000005	0.002541	0.999560	0.000133	0.999972	0.003305	1.001730	0.000052	1354691454.136361	1.000007	62.785500	48.748778	6.497575	1.000000	1.000000	1.000000	1.000000	1.000000	1.000000	1.000000	1.000000	1.000000	1.000000	0.998850	0.000099	0.985287	0.000012	1.000000	1.000000	
1354691455.136187	1.000000	53.342117	39.879257	3.753906	1.000000	1.000000	1.000000	1.000000	1.000000	1.000001	1.000000	1.000000	1.000001	0.527131	0.998145	0.000273	0.999969	0.002899	0.994049	0.000013	1354691455.136329	0.999968	59.534357	45.543462	6.452843	1.000000	1.000000	1.000000	1.000000	1.000000	1.000000	0.999999	0.472879	1.000000	1.000000	1.000016	0.003954	1.003504	0.000042	1.000000	1.000000	
1354691456.136187	1.000000	56.201492	42.737579	3.753723	1.000000	1.000000	1.000000	1.000000	1.000000	1.000000	1.000000	1.000000	1.000000	1.000000	1.000007	0.000517	1.000428	0.000067	1.001802	0.000046	1354691456.136328	0.999999	56.451363	42.421046	6.538931	1.000000	1.000000	1.000000	1.000000	1.000000	1.000000	0.999952	0.000040	1.000000	1.000000	0.999984	0.006444	1.000129	0.000012	1.000000	1.000000	
1354691457.136187	1.000000	56.269257	42.795105	3.746292	1.000000	1.000000	1.000000	1.000000	1.000000	1.000000	1.000000	1.000000	1.000000	1.000000	0.999864	0.000466	0.992906	0.000013	0.976506	0.000013	1354691457.136335	1.000007	56.297478	42.280836	6.461412	1.000000	1.000000	1.000000	1.000000	1.000000	1.000000	0.999713	0.000020	1.000000	1.000000	0.999986	0.003688	0.999716	0.000045	1.000000	1.000000	
1354691458.136186	0.999999	56.323235	42.836375	3.765018	1.000000	1.000000	1.000000	1.000000	1.000000	1.000000	1.000000	1.000000	1.000000	1.000000	0.999941	0.000497	1.004327	0.000047	1.008003	0.000048	1354691458.136324	0.999989	56.397469	42.343726	6.578243	1.000000	1.000000	1.000000	1.000000	1.000000	1.000000	0.999551	0.000042	1.000000	1.000000	0.999989	0.005031	1.001261	0.000012	1.000000	1.000000	
1354691459.136186	1.000000	56.337997	42.848618	3.750000	1.000000	1.000000	1.000000	1.000000	1.000000	1.000000	1.000000	1.000000	1.000000	1.000000	0.999984	0.000457	1.008150	0.000013	0.988619	0.000013	1354691459.136330	1.000006	56.317245	42.278480	6.630774	1.000000	1.000000	1.000000	1.000000	1.000000	1.000000	1.001454	0.000020	1.000000	1.000000	0.999990	0.005024	1.000037	0.000042	1.000000	1.000000	
1354691460.136187	1.000001	56.514289	43.042226	3.742382	1.000000	1.000000	1.000000	1.000000	1.000000	1.000000	1.000000	1.000000	1.000000	1.000000	0.999962	0.003267	0.991788	0.000098	1.001478	0.000045	1354691460.136323	0.999993	56.111197	42.136476	6.222165	1.000000	1.000000	1.000000	1.000000	1.000000	1.000000	0.999650	0.000045	1.000000	1.000000	0.999971	0.002530	0.999480	0.000012	1.000000	1.000000	
1354691461.136187	1.000000	56.551910	43.084915	3.750061	1.000000	1.000000	1.000000	1.000000	1.000000	1.000000	1.000000	1.000000	1.000000	1.000000	1.000189	0.003370	1.000043	0.000214	0.996739	0.000013	1354691461.136302	0.999979	56.047730	42.071806	6.223336	1.000000	1.000000	1.000000	1.000000	1.000000	1.000000	1.000114	0.000020	1.000000	1.000000	0.999929	0.000093	1.000123	0.000044	1.000000	1.000000	
1354691462.136186	0.999999	56.670357	43.183803	3.750095	1.000000	1.000000	1.000000	1.000000	1.000000	1.000000	1.000000	1.000000	1.000000	1.000000	0.999771	0.003411	1.000046	0.002543	0.991109	0.000045	1354691462.136325	1.000023	56.135098	42.080076	6.916849	1.000000	1.000000	1.000000	1.000000	1.000000	1.000000	0.999498	0.000042	1.000000	1.000000	0.999533	0.000088	0.999521	0.000012	1.000000	1.000000	
1354691463.136187	1.000001	56.600471	43.134053	3.731167	1.000000	1.000000	1.000000	1.000000	1.000000	1.000000	1.000000	1.000000	1.000000	1.000000	0.998353	0.000242	0.999977	0.005199	0.990794	0.000014	1354691463.136327	1.000002	56.037567	42.063808	6.152134	1.000000	1.000000	1.000000	1.000000	1.000000	1.000000	1.001375	0.000020	1.000000	1.000000	1.000765	0.000077	0.987861	0.000043	1.000000	1.000000	
1354691464.136186	0.999999	57.437952	43.958645	3.750034	1.000000	1.000000	1.000000	1.000000	1.000000	1.000000	1.000000	1.000000	1.000000	1.000000	1.000191	0.002483	0.999940	0.002939	1.000165	0.002755	1354691464.136305	0.999978	56.074899	42.085655	6.328126	1.000000	1.000000	1.000000	1.000000	1.000000	1.000000	0.998611	0.000091	1.000000	1.000000	0.998721	0.000106	1.016091	0.000022	1.000000	1.000000	
1354691465.136187	1.000001	59.300267	45.818804	3.749981	1.000000	1.000000	1.000000	1.000000	1.000000	1.000000	1.000000	1.000000	0.999999	1.000000	0.999951	0.004990	0.999627	0.000211	0.999884	0.002118	1354691465.136312	1.000007	56.107949	42.114440	6.402193	1.000000	1.000000	1.000000	1.000000	1.000000	1.000000	1.006435	0.000019	1.000000	1.000000	1.000305	0.000432	1.004160	0.000044	1.000000	1.000000	
1354691466.136186	0.999999	56.699502	43.214061	3.746158	1.000000	1.000000	1.000000	1.000000	1.000000	1.000000	1.000000	1.000000	1.000000	1.000000	1.000039	0.002154	1.000263	0.000431	1.005447	0.000057	1354691466.136325	1.000013	56.074124	42.084867	6.354592	1.000000	1.000000	1.000000	1.000000	1.000000	1.000000	0.999285	0.000045	1.000000	1.000000	0.999987	0.000089	0.998984	0.000011	1.000000	1.000000	
1354691467.136187	1.000001	56.400062	42.914540	3.746075	1.000000	1.000000	1.000000	1.000000	1.000000	1.000000	1.000000	1.000000	1.000000	1.000000	0.999801	0.000271	1.000024	0.000276	1.002679	0.000027	1354691467.136328	1.000003	56.067850	42.062171	6.421718	1.000000	1.000000	1.000000	1.000000	1.000000	1.000000	1.001125	0.000020	1.000000	1.000000	0.999843	0.000081	0.999952	0.000056	1.000000	1.000000	
1354691468.136187	1.000000	56.720139	43.238190	3.734772	1.000000	1.000000	1.000000	1.000000	1.000000	1.000000	1.000000	1.000000	1.000000	1.000000	1.000015	0.000356	0.999989	0.004187	1.001550	0.000065	1354691468.136330	1.000002	56.038940	42.065441	6.363879	1.000000	1.000000	1.000000	1.000000	1.000000	1.000000	0.999951	0.000047	1.000000	1.000000	1.000111	0.000125	0.999630	0.000020	1.000000	1.000000	
1354691469.136187	1.000000	56.853592	43.377518	3.749908	1.000000	1.000000	1.000000	1.000000	1.000000	1.000000	1.000000	1.000000	1.000000	1.000000	0.999998	0.000236	0.999972	0.007108	0.998320	0.000012	1354691469.136328	0.999998	56.050369	42.110050	6.089993	1.000000	1.000000	1.000000	1.000000	1.000000	1.000000	0.999771	0.000020	1.000000	1.000000	0.999707	0.000095	0.999900	0.000043	1.000000	1.000000	
1354691470.136186	0.999999	56.622414	43.147777	3.761524	1.000000	1.000000	1.000000	1.000000	1.000000	1.000000	1.000000	1.000000	1.000000	1.000000	1.000023	0.000265	0.999999	0.003716	0.999011	0.000045	1354691470.136329	1.000001	56.046715	42.099646	6.152231	1.000000	1.000000	1.000000	1.000000	1.000000	1.000000	1.000262	0.000043	1.000000	1.000000	1.000047	0.000383	1.001939	0.000012	1.000000	1.000000	
1354691471.136187	1.000001	56.431984	42.939366	3.757595	1.000000	1.000000	0.999998	0.999999	0.999999	1.000000	1.000000	1.000000	1.000000	1.000000	1.000100	0.000538	0.999830	0.000454	0.998426	0.000068	1354691471.136334	1.000005	56.084375	42.070468	6.530958	1.000000	1.000000	1.000000	1.000000	1.000000	1.000000	0.999206	0.000020	1.000000	1.000000	0.999911	0.000083	0.999768	0.000139	1.000000	1.000000	
1354691472.136187	1.000000	56.465851	42.988922	3.757446	1.000000	1.000000	1.000002	1.000000	1.000001	1.000000	1.000000	1.000000	1.000000	1.000000	0.999950	0.001849	1.000419	0.000283	1.004246	0.000044	1354691472.136328	0.999994	56.135756	42.107520	6.511452	1.000000	1.000000	1.000000	1.000000	1.000000	1.000000	0.999990	0.000762	1.000000	1.000000	0.999913	0.000093	1.000676	0.000040	1.000000	1.000000	
1354691473.136190	1.000003	56.829322	43.342609	3.756870	1.000000	1.000000	1.000000	0.999522	1.000000	0.999521	1.000000	1.000000	1.000000	0.999495	0.999990	0.006537	1.000002	0.003141	0.999995	0.002838	1354691473.136334	1.000006	56.449035	42.472083	6.227471	1.000000	0.999565	1.000000	0.999524	1.000000	0.999524	1.000003	0.002700	1.000000	0.999526	1.000003	0.003989	0.999990	0.002815	1.000000	0.999564	
1354691474.136187	0.999997	56.476265	42.983669	3.749874	1.000000	1.000000	1.000000	1.000000	1.000000	1.000000	1.000000	1.000000	1.000000	1.000000	1.000017	0.002213	0.999655	0.000271	0.995595	0.000133	1354691474.136326	0.999992	56.149793	42.128317	6.517005	1.000000	1.000000	1.000000	1.000000	1.000000	1.000000	0.995857	0.000039	1.000000	1.000000	0.998268	0.000093	0.999668	0.000038	1.000000	1.000000	
1354691475.136187	1.000000	56.474319	42.975876	3.749954	1.000000	1.000000	1.000000	1.000000	1.000000	1.000000	1.000000	1.000000	1.000000	1.000000	0.999851	0.000163	1.000897	0.000242	1.001154	0.000014	1354691475.136333	1.000007	56.084375	42.082320	6.501572	1.000000	1.000000	1.000000	1.000000	1.000000	1.000000	1.007170	0.000021	1.000000	1.000000	1.000374	0.000382	0.992386	0.000063	1.000000	1.000000	
1354691476.136187	1.000000	56.454544	42.972214	3.750076	1.000000	0.999999	1.000000	1.000000	1.000000	1.000000	1.000000	1.000000	1.000000	1.000000	0.999947	0.000217	0.999161	0.000328	1.001592	0.000228	1354691476.136332	0.999999	56.058846	42.072550	6.240530	1.000000	1.000000	1.000000	1.000000	1.000000	1.000000	0.999521	0.000068	1.000000	1.000000	1.000163	0.000104	1.009807	0.000051	1.000000	1.000000	
1354691477.136187	1.000000	56.461304	42.982285	3.757629	1.000000	1.000001	1.000000	1.000000	1.000000	1.000000	1.000000	1.000000	1.000000	1.000000	0.999743	0.000190	1.000288	0.000259	1.025818	0.000013	1354691477.136324	0.999992	56.114758	42.150152	6.108341	1.000000	1.000000	1.000000	1.000000	1.000000	1.000000	1.002619	0.000020	1.000000	1.000000	0.999828	0.000081	1.000149	0.000065	1.000000	1.000000	
1354691478.136186	0.999999	56.480324	42.996058	3.750049	1.000000	1.000000	1.000000	1.000000	1.000000	1.000000	1.000000	1.000000	1.000000	1.000000	0.999980	0.000230	0.999402	0.000295	0.998537	0.000092	1354691478.136324	1.000000	56.060883	42.123154	6.077774	1.000000	1.000000	1.000000	1.000000	1.000000	1.000000	0.999832	0.000051	1.000000	1.000000	1.000223	0.000125	0.999633	0.000038	1.000000	1.000000	
1354691479.136187	1.000001	56.449333	42.959569	3.757656	1.000000	1.000000	1.000000	1.000000	0.999999	1.000000	1.000000	1.000000	1.000000	1.000000	0.999489	0.000176	1.000577	0.000260	1.000391	0.000013	1354691479.136327	1.000003	56.089472	42.109306	6.269939	1.000000	1.000000	1.000000	1.000000	1.000000	1.000000	0.999548	0.000020	1.000000	1.000000	0.999590	0.000081	1.000204	0.000062	1.000000	1.000000	
1354691480.136191	1.000004	56.388199	42.903177	3.753677	1.000000	1.000000	1.000000	1.000001	1.000000	1.000000	1.000000	1.000000	1.000000	1.000000	1.000440	0.000206	1.000033	0.000288	0.999878	0.000123	1354691480.136327	1.000000	56.096848	42.093140	6.410812	1.000000	0.999662	1.000000	0.999644	1.000000	0.999626	0.999820	0.000052	1.000000	0.999665	1.000056	0.000387	1.000104	0.000037	1.000000	0.999660	
1354691481.136195	1.000004	715792627.628270	715787459.241488	715794684.237030	0.999945	1.000574	0.999944	1.000582	0.999946	1.000583	0.999943	1.000565	0.999946	1.000578	0.999948	1.000574	0.999946	1.000582	0.999945	1.000576	1354691481.136291	0.999964	715837862.429942	715831003.312659	715838334.218381	0.999945	1.000573	0.999943	1.000576	3.896122	0.256802	0.999944	1.000570	0.999946	1.000579	0.999948	1.000575	0.999945	1.000580	0.999946	1.000580	
1354691482.136281	1.000086	0.000000	0.000000	0.000000	-nan	-nan	-nan	-nan	1.000008	inf	-nan	-nan	-nan	0.000000	-nan	-nan	-nan	-nan	-nan	-nan	1354691482.136359	1.000068	0.000000	0.000000	0.000000	-nan	-nan	-nan	-nan	1.345745	inf	-nan	-nan	-nan	-nan	-nan	-nan	-nan	-nan	-nan	-nan	
