ts_0	elapsed_0	pkg_0	pp0_0	dram_0	freq_ratio_0_0	c0_ratio_0_0	freq_ratio_0_1	c0_ratio_0_1	freq_ratio_0_2	c0_ratio_0_2	freq_ratio_0_3	c0_ratio_0_3	freq_ratio_0_4	c0_ratio_0_4	freq_ratio_0_5	c0_ratio_0_5	freq_ratio_0_6	c0_ratio_0_6	freq_ratio_0_7	c0_ratio_0_7	ts_1	elapsed_1	pkg_1	pp0_1	dram_1	freq_ratio_1_0	c0_ratio_1_0	freq_ratio_1_1	c0_ratio_1_1	freq_ratio_1_2	c0_ratio_1_2	freq_ratio_1_3	c0_ratio_1_3	freq_ratio_1_4	c0_ratio_1_4	freq_ratio_1_5	c0_ratio_1_5	freq_ratio_1_6	c0_ratio_1_6	freq_ratio_1_7	c0_ratio_1_7	
1352519051.512593	1.021005	47.811653	34.394415	3.831118	0.999965	0.737567	0.999572	0.448935	0.999986	0.908927	0.999969	0.733546	1.000001	0.718658	1.000001	0.678163	0.998389	0.022419	1.000020	0.021615	1352519051.512668	1.000328	53.532944	40.146085	4.480448	0.999656	0.749444	0.999925	0.748593	0.999825	0.741151	0.999906	0.748445	0.999908	0.740555	0.999938	0.740517	0.999892	0.740840	0.999897	0.749859	
1352519052.512591	0.999998	55.442931	41.933063	4.565728	1.000000	0.963386	0.999999	0.410909	1.000000	0.962997	1.000000	0.962913	1.000000	0.962987	1.000000	0.962952	0.999971	0.036896	0.999986	0.038945	1352519052.512646	0.999978	64.599851	51.081641	5.786611	1.000000	0.963131	1.000000	0.963007	1.000000	0.963030	1.000000	0.962966	1.000000	0.962941	1.000000	0.962968	1.000000	0.963045	1.000000	0.963046	
1352519053.512590	0.999999	56.336098	42.790889	4.529316	1.000000	0.988560	0.999999	0.430904	1.000000	0.988459	1.000000	0.988420	1.000000	0.988445	1.000000	0.988430	0.999943	0.031604	0.999981	0.033603	1352519053.512660	1.000014	65.077820	51.552223	5.705105	1.000000	0.988419	1.000000	0.988448	1.000000	0.988456	1.000000	0.988446	1.000000	0.988453	1.000000	0.988463	1.000000	0.988427	1.000000	0.988474	
1352519054.512589	0.999999	58.705073	45.162595	4.617695	1.000000	0.954301	1.000000	0.580138	1.000000	0.951891	1.000000	0.951808	1.000000	0.951834	1.000000	0.951815	1.000001	0.099980	1.000001	0.604371	1352519054.512631	0.999971	60.276122	46.685455	5.867526	1.000000	0.952035	1.000000	0.951869	1.000000	0.951868	1.000000	0.951862	1.000000	0.951875	0.999996	0.116999	1.000000	0.951894	1.000000	0.951892	
1352519055.512590	1.000001	59.332204	45.785265	4.526027	1.000000	0.965783	0.999999	0.377349	1.000000	0.965071	1.000000	0.965010	1.000000	0.965085	1.000000	0.965046	0.999987	0.084681	1.000000	0.965069	1352519055.512646	1.000015	59.640233	46.055461	5.834202	1.000000	0.965119	1.000000	0.965068	1.000000	0.965106	1.000000	0.965086	1.000000	0.965078	0.999936	0.003642	1.000000	0.965079	1.000000	0.965094	
1352519056.512590	1.000000	59.602493	46.031128	4.638428	1.000000	0.837636	1.000000	0.620716	1.000000	0.851753	1.000000	0.962934	1.000000	0.962957	1.000000	0.962879	0.999984	0.073155	1.000000	0.962962	1352519056.512633	0.999987	59.834052	46.243114	5.961504	1.000000	0.963079	1.000000	0.962985	1.000000	0.962985	1.000000	0.962978	1.000000	0.962927	0.999972	0.004389	1.000000	0.963025	1.000000	0.962970	
1352519057.512591	1.000001	59.313557	45.771227	4.505947	1.000000	0.973892	0.999999	0.338745	0.999995	0.973305	1.000000	0.973285	1.000000	0.973331	1.000000	0.973299	0.999990	0.083947	1.000000	0.973313	1352519057.512649	1.000016	59.749641	46.202662	5.799758	1.000000	0.973398	1.000000	0.973326	1.000000	0.973345	1.000000	0.973323	1.000000	0.973336	0.999969	0.003739	1.000000	0.973355	1.000000	0.973345	
1352519058.512589	0.999998	58.646779	45.102198	4.495996	1.000000	0.931972	0.999999	0.379095	1.000005	0.930365	1.000000	0.930348	1.000000	0.930374	1.000000	0.930296	0.999984	0.059931	1.000000	0.930381	1352519058.512645	0.999996	58.820063	45.279236	5.743065	1.000000	0.930595	1.000000	0.930420	1.000000	0.930420	1.000000	0.930385	1.000000	0.930366	0.999966	0.003602	1.000000	0.930426	1.000000	0.930440	
1352519059.512589	1.000000	58.359802	44.818573	4.520523	1.000000	0.932005	0.999999	0.467274	1.000000	0.828362	1.000000	0.926809	1.000000	0.926844	1.000000	0.926834	0.999976	0.065774	1.000000	0.926856	1352519059.512643	0.999998	58.682851	45.139155	5.739650	1.000000	0.927115	1.000000	0.926895	1.000000	0.926887	1.000000	0.926884	1.000000	0.926887	1.000047	0.003479	1.000000	0.926958	1.000000	0.926925	
1352519060.512601	1.000012	59.358362	45.800144	4.568305	1.000000	0.963406	0.999999	0.385183	1.000000	0.962516	1.000000	0.962446	1.000000	0.962510	1.000000	0.962467	0.999985	0.068658	1.000000	0.962505	1352519060.512666	1.000023	59.642342	46.092542	5.850696	1.000000	0.962660	1.000000	0.962505	1.000000	0.962522	1.000000	0.962524	1.000000	0.962500	0.999902	0.003611	1.000000	0.962578	1.000000	0.962545	
1352519061.512612	1.000011	59.743852	46.186688	4.536236	1.000001	0.486761	0.999999	0.848999	1.000000	0.826713	1.000000	0.971204	1.000000	0.971232	1.000000	0.971209	0.999998	0.243592	1.000000	0.971239	1352519061.512666	1.000000	59.878677	46.333054	5.822968	1.000000	0.971345	1.000000	0.971263	1.000000	0.971236	1.000000	0.971256	1.000000	0.971270	0.999955	0.004119	1.000000	0.971278	1.000000	0.971280	
1352519062.512590	0.999978	58.404235	44.869392	4.376988	0.999998	0.547812	0.999959	0.637597	1.000000	0.904325	1.000000	0.901784	1.000000	0.901832	1.000000	0.901772	0.999994	0.261660	1.000000	0.901837	1352519062.512655	0.999989	57.956431	44.438369	5.295010	0.999943	0.902074	1.000000	0.901837	0.999981	0.901893	1.000000	0.901852	0.999989	0.901867	0.999949	0.003340	1.000000	0.901889	1.000000	0.901893	
1352519063.512590	1.000000	59.506958	45.947556	4.519135	1.000000	0.962649	0.999999	0.356140	1.000000	0.961814	1.000000	0.961767	1.000000	0.961789	1.000000	0.961799	0.999982	0.081982	1.000000	0.961818	1352519063.512655	1.000000	59.604706	46.058151	5.815979	1.000000	0.961956	1.000000	0.961835	1.000000	0.961845	1.000000	0.961807	1.000000	0.961843	0.999897	0.003519	1.000000	0.961850	1.000000	0.961853	
1352519064.512599	1.000009	59.239042	45.698866	4.386969	1.000000	0.948327	0.999999	0.542928	1.000000	0.947398	1.000000	0.947287	1.000000	0.947340	1.000000	0.947295	0.999978	0.036630	1.000000	0.947340	1352519064.512668	1.000013	58.874503	45.360993	5.231773	0.999984	0.947515	1.000000	0.947346	1.000000	0.947378	1.000000	0.947362	1.000000	0.947366	0.999951	0.003189	1.000000	0.947411	1.000000	0.947410	
1352519065.512589	0.999990	59.566820	46.006427	4.557159	1.000000	0.959717	0.999999	0.409727	1.000000	0.958685	1.000000	0.958619	1.000000	0.958663	1.000000	0.958645	0.999993	0.061764	1.000000	0.958654	1352519065.512648	0.999980	59.589328	46.049201	5.863475	1.000000	0.958777	1.000000	0.958676	1.000000	0.958689	1.000000	0.958687	1.000000	0.958683	0.999961	0.003665	1.000000	0.958697	1.000000	0.958705	
1352519066.512593	1.000004	715779982.791505	715768869.367921	715804000.170524	0.999954	1.000331	0.999953	1.000341	0.999956	1.000346	0.999951	1.000317	0.999955	1.000337	0.999957	1.000330	0.999956	1.000340	0.999954	1.000332	1352519066.512687	1.000039	715749086.094893	715743166.442016	715757984.578179	0.999954	1.000331	0.999951	1.000333	3.895416	0.256789	0.999954	1.000330	0.999955	1.000338	0.999957	1.000331	0.999954	1.000332	0.999956	1.000343	
1352519067.512588	0.999995	0.000000	0.000000	0.000000	-nan	-nan	-nan	-nan	1.000008	inf	-nan	-nan	-nan	0.000000	-nan	-nan	-nan	-nan	-nan	-nan	1352519067.512660	0.999973	0.000000	0.000000	0.000000	-nan	-nan	-nan	-nan	1.345745	inf	-nan	-nan	-nan	-nan	-nan	-nan	-nan	-nan	-nan	-nan	
1352519068.512585	0.999997	0.000000	0.000000	0.000000	-nan	-nan	-nan	-nan	14929445738.899021	inf	-nan	-nan	-nan	0.000000	0.000000	inf	-nan	-nan	-nan	-nan	1352519068.512664	1.000004	0.000000	0.000000	0.000000	-nan	-nan	-nan	-nan	inf	-nan	-nan	-nan	-nan	-nan	-nan	-nan	-nan	-nan	-nan	-nan	
