ts_0	elapsed_0	pkg_0	pp0_0	dram_0	freq_ratio_0_0	c0_ratio_0_0	freq_ratio_0_1	c0_ratio_0_1	freq_ratio_0_2	c0_ratio_0_2	freq_ratio_0_3	c0_ratio_0_3	freq_ratio_0_4	c0_ratio_0_4	freq_ratio_0_5	c0_ratio_0_5	freq_ratio_0_6	c0_ratio_0_6	freq_ratio_0_7	c0_ratio_0_7	ts_1	elapsed_1	pkg_1	pp0_1	dram_1	freq_ratio_1_0	c0_ratio_1_0	freq_ratio_1_1	c0_ratio_1_1	freq_ratio_1_2	c0_ratio_1_2	freq_ratio_1_3	c0_ratio_1_3	freq_ratio_1_4	c0_ratio_1_4	freq_ratio_1_5	c0_ratio_1_5	freq_ratio_1_6	c0_ratio_1_6	freq_ratio_1_7	c0_ratio_1_7	
1352518620.235427	1.011943	40.737166	27.527544	5.823983	0.999861	0.825662	0.999818	0.826119	1.000000	0.824643	0.999348	0.012646	0.999085	0.010533	0.997382	0.009429	0.998589	0.008291	0.997842	0.002900	1352518620.235541	1.000338	37.409152	24.245358	5.896063	0.999493	0.943540	1.000003	0.833755	0.999869	0.002210	0.999992	0.002158	1.000018	0.002231	0.999770	0.002136	0.999949	0.002186	1.000003	0.472883	
1352518621.235425	0.999998	43.585761	30.349484	6.050427	1.000000	0.954799	1.000000	0.954903	1.000000	0.954233	0.999993	0.015590	1.000030	0.012110	0.999952	0.014013	0.999971	0.008565	1.000106	0.005683	1352518621.235545	1.000004	37.873000	24.676963	6.240865	1.000000	0.954342	1.000000	0.954192	0.999895	0.002810	0.999836	0.002588	0.999857	0.002597	1.000035	0.002433	0.999962	0.002698	1.000000	0.534653	
1352518622.235433	1.000008	44.002481	30.782969	6.056256	1.000000	0.939039	1.000001	0.939218	1.000000	0.938289	0.999919	0.015245	0.999969	0.013385	0.999981	0.013374	1.000007	0.007412	0.999973	0.003232	1352518622.235541	0.999996	38.785603	25.597043	6.284297	1.000000	0.938458	1.000000	0.938228	0.999886	0.002832	1.000112	0.002328	1.000123	0.002380	0.999918	0.002472	0.999955	0.002772	1.000000	0.521454	
1352518623.235433	1.000000	45.472656	32.255783	6.039169	1.000000	0.958460	1.000000	0.958500	1.000000	0.957901	0.999945	0.013099	1.000071	0.013501	0.999957	0.012088	0.999833	0.007372	0.999977	0.002796	1352518623.235555	1.000014	38.223446	25.020873	6.269443	1.000000	0.958022	1.000000	0.957860	1.000050	0.004479	0.999952	0.002608	1.000028	0.002601	0.999920	0.002440	0.999924	0.002694	1.000000	0.531562	
1352518624.235490	1.000057	41.838329	28.638703	5.894073	0.999925	0.805437	0.999918	0.921745	0.999956	0.921019	0.998904	0.010898	1.000005	0.012203	0.999342	0.011378	1.000173	0.005964	1.000126	0.002642	1352518624.235563	1.000008	39.803480	26.614103	5.684356	1.000000	0.921124	1.000000	0.920990	1.000000	0.678199	0.997967	0.070571	0.999938	0.001876	0.999947	0.002076	0.999994	0.002328	0.999696	0.004284	
1352518625.235428	0.999938	41.047588	27.820084	6.036599	0.999945	0.017244	0.999999	0.956612	0.999999	0.955990	0.999934	0.012973	0.999990	0.011731	0.999933	0.012030	0.999741	0.005026	0.999883	0.002683	1352518625.235565	1.000002	42.777476	29.565724	6.307712	1.000000	0.956101	1.000000	0.955970	1.000000	0.955970	1.000000	0.531491	1.000112	0.002485	0.999938	0.002371	1.000087	0.002663	0.999869	0.002414	
1352518626.235429	1.000001	39.552605	26.303976	6.033899	0.999936	0.020904	1.000001	0.948602	1.000001	0.947797	0.999952	0.011632	1.000013	0.013571	1.000008	0.009849	1.000173	0.005666	0.999839	0.003219	1352518626.235526	0.999961	42.623066	29.407079	6.335331	1.000000	0.947957	1.000000	0.947763	1.000000	0.947769	1.000000	0.525212	0.999777	0.002545	0.999966	0.002441	1.000101	0.002759	0.999909	0.002590	
1352518627.235425	0.999996	39.939798	26.701784	6.055185	0.999957	0.018588	1.000000	0.969275	0.999999	0.968833	0.999934	0.012272	1.000051	0.011897	0.999963	0.010546	0.999876	0.005723	0.999751	0.003053	1352518627.235551	1.000025	42.938302	29.726825	6.260067	1.000000	0.968927	1.000000	0.968807	1.000000	0.968818	1.000000	0.520000	0.999773	0.002653	0.999978	0.002381	1.000066	0.002729	0.999874	0.002404	
1352518628.235427	1.000002	38.708850	25.458448	6.062992	0.999921	0.019997	1.000000	0.951384	1.000001	0.950649	0.999929	0.014376	0.999939	0.014478	0.999931	0.008124	0.999949	0.005830	1.000039	0.003334	1352518628.235553	1.000002	42.271358	29.064260	6.298755	1.000000	0.950773	1.000000	0.950546	1.000000	0.950578	1.000000	0.542798	1.000070	0.003070	0.999971	0.002541	1.000057	0.002778	0.999701	0.002805	
1352518629.236271	1.000844	40.782032	27.550173	6.070591	0.999952	0.017780	1.000001	0.951894	1.000000	0.951153	0.999973	0.010152	1.000107	0.010783	1.000031	0.008696	1.000179	0.004440	1.000057	0.002501	1352518629.236413	1.000860	43.141366	29.931794	5.921711	1.000000	0.951293	1.000000	0.951119	1.000000	0.951136	1.000000	0.580526	1.000038	0.002155	0.999982	0.002160	1.000064	0.002443	1.000106	0.002477	
1352518630.235428	0.999157	40.517419	27.275848	6.037912	0.999950	0.019120	1.000000	0.975839	1.000000	0.975461	0.999955	0.013948	0.999977	0.012385	0.999993	0.011055	0.999913	0.004902	0.999664	0.003321	1352518630.235540	0.999127	44.435616	31.212982	6.319345	1.000000	0.975534	1.000000	0.975449	1.000000	0.975446	1.000000	0.522626	0.999944	0.001879	0.999836	0.002461	1.000069	0.002807	0.999754	0.002614	
1352518631.235429	1.000001	39.068994	25.825781	6.036386	0.999919	0.020700	1.000000	0.948194	1.000000	0.947465	0.999939	0.013184	1.000041	0.012085	0.999976	0.008417	1.000049	0.005640	1.000073	0.005483	1352518631.235541	1.000001	43.803272	30.580553	6.315668	1.000000	0.947582	1.000000	0.947396	1.000000	0.947394	1.000000	0.504717	0.999908	0.002247	1.000099	0.002398	1.000090	0.002700	1.000038	0.002409	
1352518632.235440	1.000011	38.618183	25.389874	6.037394	0.999956	0.019720	1.000000	0.930819	1.000000	0.929828	0.999894	0.014177	1.000016	0.012921	0.999967	0.009110	1.000003	0.005735	0.999969	0.003067	1352518632.235576	1.000035	43.051790	29.836296	6.311699	1.000000	0.930006	1.000000	0.929790	1.000000	0.929820	1.000000	0.518153	0.999895	0.002031	0.999965	0.002397	1.000072	0.002731	0.999889	0.002691	
1352518633.235426	0.999986	41.565923	28.324922	6.038873	0.999954	0.022504	1.000000	0.974585	1.000000	0.974222	0.999967	0.015476	0.999995	0.012704	0.999973	0.008376	1.000012	0.007345	0.999984	0.005494	1352518633.235523	0.999947	43.423273	30.221418	6.237009	1.000000	0.974301	1.000000	0.974203	1.000000	0.974217	1.000000	0.517071	1.000003	0.002485	0.999963	0.002285	1.000004	0.005974	0.999908	0.002986	
1352518634.235435	1.000009	40.797955	27.552485	6.022971	0.999932	0.019461	1.000000	0.939211	1.000000	0.938285	0.999975	0.011668	1.000017	0.011227	0.999988	0.007598	0.999931	0.006187	0.999782	0.005076	1352518634.235549	1.000026	43.370714	30.147715	6.283177	1.000000	0.938400	1.000000	0.938183	1.000000	0.938199	1.000000	0.535329	0.999884	0.002500	0.999953	0.002400	1.000025	0.002446	0.999856	0.002580	
1352518635.235425	0.999990	41.355288	28.118064	6.036147	0.999930	0.018177	1.000000	0.938515	1.000000	0.937680	0.999961	0.011975	1.000056	0.009367	1.000006	0.007856	1.000032	0.007088	1.000192	0.004373	1352518635.235501	0.999952	42.204278	28.989960	6.228173	1.000000	0.941266	1.000000	0.937640	1.000000	0.937616	1.000000	0.477547	0.999963	0.002424	0.999984	0.002208	1.000104	0.002506	0.999932	0.002215	
1352518636.235438	1.000013	715759631.724617	715812135.257511	715772941.079998	0.999985	1.000018	0.999983	1.000021	0.999985	1.000026	0.999986	1.000019	0.999985	1.000021	0.999988	1.000016	0.999986	1.000021	0.999986	1.000019	1352518636.235538	1.000037	715773971.971888	715765227.377273	715740781.765704	0.999985	1.000018	0.999983	1.000021	3.893338	0.256852	0.999986	1.000019	0.999986	1.000021	0.999988	1.000016	0.999986	1.000021	0.999986	1.000019	
1352518637.235424	0.999986	0.000000	0.000000	0.000000	-nan	-nan	-nan	-nan	0.000000	inf	-nan	-nan	-nan	0.000000	-nan	-nan	-nan	-nan	-nan	-nan	1352518637.235496	0.999958	0.000000	0.000000	0.000000	-nan	-nan	-nan	-nan	0.000000	inf	-nan	-nan	-nan	-nan	-nan	-nan	-nan	-nan	-nan	-nan	
