ts_0	elapsed_0	pkg_0	pp0_0	dram_0	freq_ratio_0_0	c0_ratio_0_0	freq_ratio_0_1	c0_ratio_0_1	freq_ratio_0_2	c0_ratio_0_2	freq_ratio_0_3	c0_ratio_0_3	freq_ratio_0_4	c0_ratio_0_4	freq_ratio_0_5	c0_ratio_0_5	freq_ratio_0_6	c0_ratio_0_6	freq_ratio_0_7	c0_ratio_0_7	ts_1	elapsed_1	pkg_1	pp0_1	dram_1	freq_ratio_1_0	c0_ratio_1_0	freq_ratio_1_1	c0_ratio_1_1	freq_ratio_1_2	c0_ratio_1_2	freq_ratio_1_3	c0_ratio_1_3	freq_ratio_1_4	c0_ratio_1_4	freq_ratio_1_5	c0_ratio_1_5	freq_ratio_1_6	c0_ratio_1_6	freq_ratio_1_7	c0_ratio_1_7	
1352516923.599078	1.001829	67.277027	53.855483	6.160958	1.165002	0.719814	1.163258	0.869162	1.163330	0.868531	1.163326	0.868029	1.162964	0.863157	1.162833	0.859218	1.154354	0.306543	1.154091	0.108235	1352516923.599113	1.000229	72.335189	58.943769	5.841894	1.154792	0.879664	1.161491	0.936909	1.153849	0.869823	1.153893	0.870093	1.153847	0.869529	1.153870	0.869734	1.153854	0.869909	1.158670	0.354964	
1352516924.599072	0.999994	73.381892	59.898169	6.237906	1.154132	0.900617	1.155109	0.554982	1.154222	0.948954	1.154222	0.948955	1.154226	0.949033	1.154222	0.948963	1.154220	0.948839	1.154069	0.024078	1352516924.599104	0.999991	74.922142	61.415046	7.079074	1.153860	0.949977	1.153853	0.949858	1.153856	0.949921	1.153857	0.949937	1.153852	0.949802	1.153852	0.949807	1.153853	0.949813	1.156214	0.005179	
1352516925.599079	1.000007	73.354580	59.906965	6.179675	1.154380	0.951843	1.156210	0.649897	1.154348	0.951095	1.154348	0.951113	1.154348	0.951120	1.154346	0.951046	1.154345	0.951024	1.155027	0.017099	1352516925.599119	1.000015	74.455486	60.992690	6.039307	1.153856	0.952423	1.153850	0.952349	1.153850	0.952379	1.153850	0.952369	1.153849	0.952309	1.153850	0.952313	1.153849	0.952337	1.154913	0.004687	
1352516926.599076	0.999997	73.161512	59.652483	6.208470	1.156191	0.951466	1.153852	0.374764	1.156190	0.950196	1.156190	0.950173	1.156190	0.950170	1.156190	0.950148	1.156190	0.950135	1.153852	0.056062	1352516926.599125	1.000006	74.890102	61.364045	7.029865	1.153846	0.954503	1.153846	0.954363	1.153846	0.954393	1.153846	0.954386	1.153846	0.954361	1.153846	0.954368	1.153846	0.954374	1.153800	0.005548	
1352516927.599075	0.999999	73.321481	59.808819	6.215185	1.157397	0.958876	1.153846	0.393799	1.157399	0.958273	1.157399	0.958269	1.157399	0.958294	1.157399	0.958270	1.157399	0.958215	1.153829	0.038392	1352516927.599110	0.999985	75.742455	62.213581	7.070236	1.153846	0.965148	1.153847	0.965090	1.153846	0.965070	1.153848	0.965116	1.153846	0.965015	1.153846	0.965018	1.153847	0.965029	1.153971	0.004964	
1352516928.599075	1.000000	72.717010	59.222809	6.199768	1.158029	0.941888	1.154568	0.385006	1.158005	0.940809	1.158005	0.940823	1.158006	0.940849	1.158004	0.940829	1.158004	0.940754	1.154276	0.041326	1352516928.599111	1.000001	75.033330	61.508471	6.992974	1.153848	0.947970	1.153851	0.947866	1.153852	0.947920	1.153851	0.947911	1.153851	0.947860	1.153846	0.947814	1.153847	0.947819	1.154085	0.005056	
1352516929.599075	1.000000	73.424561	59.917557	6.228271	1.156455	0.952707	1.153864	0.390458	1.156455	0.950671	1.156455	0.950732	1.156455	0.950695	1.156455	0.950670	1.156455	0.950692	1.153899	0.060845	1352516929.599111	1.000000	75.095184	61.573303	6.932480	1.153852	0.955837	1.153850	0.955705	1.153850	0.955708	1.153850	0.955739	1.153848	0.955623	1.153848	0.955628	1.153849	0.955709	1.154102	0.004554	
1352516930.599077	1.000002	72.566085	59.060205	6.218967	1.156795	0.946598	1.153854	0.255280	1.156798	0.945683	1.156798	0.945675	1.156797	0.945695	1.156797	0.945674	1.156798	0.945606	1.153835	0.042830	1352516930.599120	1.000009	75.665879	62.176195	7.014371	1.153847	0.950708	1.153846	0.950598	1.153847	0.950629	1.153847	0.950599	1.153846	0.950606	1.153846	0.950605	1.153846	0.950619	1.154125	0.122249	
1352516931.599086	1.000009	71.414606	57.908197	6.166845	1.153908	0.942034	1.154518	0.019435	1.153889	0.940717	1.153889	0.940739	1.153888	0.940732	1.153889	0.940704	1.153889	0.940701	1.154464	0.019380	1352516931.599137	1.000017	76.541109	63.052506	6.966786	1.153851	0.940905	1.153850	0.940775	1.153848	0.940791	1.153849	0.940806	1.153848	0.940721	1.153848	0.940713	1.153848	0.940723	1.154774	0.391788	
1352516932.599076	0.999990	69.698681	56.197111	6.188142	1.157267	0.950710	1.157927	0.024165	1.154121	0.858290	1.154123	0.858049	1.154097	0.857396	1.154106	0.857269	1.154100	0.857103	1.181182	0.110832	1352516932.599262	1.000125	77.232600	63.763045	6.927052	1.153853	0.950587	1.153849	0.950428	1.153850	0.950479	1.153850	0.950468	1.153849	0.950403	1.153850	0.950448	1.153848	0.950410	1.154575	0.455464	
1352516933.599086	1.000010	60.183189	46.723989	6.109299	1.159728	0.952319	1.154536	0.234411	1.155712	0.652338	1.154226	0.241248	1.154039	0.235979	1.156718	0.008916	1.157468	0.007358	1.159727	0.951457	1352516933.599142	0.999880	79.788728	66.374507	6.412314	1.153846	0.959555	1.153847	0.959393	1.153846	0.959411	1.153846	0.959398	1.153846	0.959378	1.153846	0.959368	1.153846	0.959378	1.153849	0.842167	
1352516934.599084	0.999998	72.255967	58.758855	6.116696	1.154372	0.962674	1.154372	0.962679	1.154373	0.962176	1.154373	0.962156	1.154373	0.962123	1.153775	0.016833	1.153812	0.018807	1.154373	0.962168	1352516934.599148	1.000006	77.448269	63.971893	6.895528	1.153846	0.963061	1.153846	0.962935	1.153846	0.962954	1.153846	0.962951	1.153846	0.962930	1.153846	0.962937	1.153846	0.962944	1.153844	0.413576	
1352516935.599075	0.999991	71.811335	58.326548	6.094477	1.153869	0.942371	1.153860	0.941964	1.153848	0.941193	1.153848	0.941166	1.153848	0.941165	1.153896	0.015348	1.154406	0.017733	1.153848	0.941192	1352516935.599135	0.999987	76.604871	63.127659	6.894927	1.153850	0.941365	1.153848	0.941205	1.153848	0.941222	1.153848	0.941208	1.153848	0.941176	1.153848	0.941167	1.153848	0.941177	1.154339	0.394234	
1352516936.599084	1.000009	73.113214	59.609522	6.086798	1.153984	0.987424	1.153984	0.987440	1.153985	0.987219	1.153985	0.987251	1.153985	0.987248	1.153835	0.019072	1.153818	0.016947	1.153984	0.987256	1352516936.599148	1.000013	78.065932	64.590416	6.869936	1.153846	0.987633	1.153846	0.987599	1.153846	0.987605	1.153846	0.987602	1.153846	0.987593	1.153846	0.987594	1.153846	0.987597	1.153844	0.393314	
1352516937.599078	0.999994	715766910.691826	715776560.304792	715780643.376920	0.999993	1.000581	0.999990	1.000584	0.999993	1.000590	0.999993	1.000579	0.999993	1.000584	0.999995	1.000578	0.999993	1.000584	0.999993	1.000581	1352516937.599178	1.000030	715768193.707056	715791385.886048	715786072.204717	0.999993	1.000581	0.999990	1.000584	3.892782	0.257036	0.999992	1.000578	0.999993	1.000585	0.999995	1.000577	0.999993	1.000584	0.999993	1.000581	
1352516938.599068	0.999990	0.000000	0.000000	0.000000	-nan	-nan	-nan	-nan	0.000000	inf	-nan	-nan	-nan	0.000000	-nan	-nan	-nan	-nan	-nan	-nan	1352516938.599132	0.999954	0.000000	0.000000	0.000000	-nan	-nan	-nan	-nan	0.000000	inf	-nan	-nan	-nan	-nan	-nan	-nan	-nan	-nan	-nan	-nan	
