ts_0	elapsed_0	pkg_0	pp0_0	dram_0	freq_ratio_0_0	c0_ratio_0_0	freq_ratio_0_1	c0_ratio_0_1	freq_ratio_0_2	c0_ratio_0_2	freq_ratio_0_3	c0_ratio_0_3	freq_ratio_0_4	c0_ratio_0_4	freq_ratio_0_5	c0_ratio_0_5	freq_ratio_0_6	c0_ratio_0_6	freq_ratio_0_7	c0_ratio_0_7	ts_1	elapsed_1	pkg_1	pp0_1	dram_1	freq_ratio_1_0	c0_ratio_1_0	freq_ratio_1_1	c0_ratio_1_1	freq_ratio_1_2	c0_ratio_1_2	freq_ratio_1_3	c0_ratio_1_3	freq_ratio_1_4	c0_ratio_1_4	freq_ratio_1_5	c0_ratio_1_5	freq_ratio_1_6	c0_ratio_1_6	freq_ratio_1_7	c0_ratio_1_7	
1354696137.604382	1.016996	37.080567	23.865067	3.267630	1.157643	0.571380	1.154060	0.557314	1.154590	0.562949	1.154584	0.560881	1.154882	0.562311	1.154918	0.562314	1.155108	0.563778	1.154388	0.558568	1354696137.604557	1.000439	40.571273	27.562670	2.679046	0.999959	0.670762	0.999916	0.690990	1.015287	0.000032	1.002203	0.000135	0.624374	0.000051	1.006296	0.000069	1.000002	0.618695	0.999838	0.912712	
1354696138.604373	0.999991	43.522092	30.302826	3.777439	0.999716	0.906907	0.999982	0.906000	0.999962	0.906041	1.000000	0.905958	1.000114	0.000366	1.001770	0.000058	1.002345	0.000045	1.000881	0.000140	1354696138.604547	0.999990	45.894792	32.879861	2.401101	1.000000	0.905971	1.000000	0.906009	1.000109	0.000110	0.999989	0.000500	1.000015	0.000052	1.000978	0.000011	1.000000	0.906008	1.000000	1.000000	
1354696139.604373	1.000000	45.626724	32.390503	3.794601	1.000000	1.000001	1.000000	1.000000	1.000000	1.000000	1.000000	1.000000	0.999966	0.000374	1.000578	0.000013	1.002299	0.000013	0.999865	0.000128	1354696139.604549	1.000002	47.535081	34.532603	2.184581	1.000000	1.000000	1.000000	1.000000	1.000000	0.000076	0.999821	0.000056	0.999326	0.000012	1.000513	0.000055	1.000000	1.000000	1.000000	1.000000	
1354696140.604383	1.000010	45.097373	31.860719	3.792290	0.999921	0.982676	1.000000	0.982423	1.000000	0.982422	1.000000	0.982388	1.000038	0.000345	0.997470	0.000047	0.999271	0.000046	0.999620	0.000158	1354696140.604554	1.000005	47.291618	34.303844	2.167836	1.000000	0.982385	1.000000	0.982421	0.999685	0.000126	1.000020	0.000118	1.000141	0.000058	0.997114	0.000012	1.000000	0.982421	1.000000	1.000000	
1354696141.604372	0.999989	45.995805	32.762810	3.734813	1.000000	0.913289	1.000000	0.912639	1.000000	0.912626	1.000000	0.912600	1.000049	0.003251	0.999812	0.002930	0.999752	0.002637	1.000016	0.003035	1354696141.604503	0.999949	47.056676	34.070830	2.348737	1.000000	0.912598	1.000000	0.912631	1.000009	0.004099	1.000000	0.002891	0.999792	0.002803	0.999999	0.002875	1.000000	0.912628	1.000000	1.000000	
1354696142.604378	1.000006	45.173147	31.944466	3.790764	0.999996	0.993977	1.000000	0.993945	1.000000	0.993945	1.000000	0.993918	0.999650	0.000421	1.009434	0.000069	1.012378	0.000055	0.996183	0.000139	1354696142.604546	1.000043	47.201618	34.209652	2.231029	1.000000	0.993913	1.000000	0.993951	0.995325	0.000145	0.999981	0.000120	1.000971	0.000065	0.999549	0.000011	1.000000	0.993936	1.000000	1.000000	
1354696143.604373	0.999995	44.539148	31.312642	3.783283	1.000000	0.963358	1.000000	0.963051	1.000000	0.963050	1.000000	0.963022	0.999994	0.000486	1.000885	0.000008	1.001233	0.000008	1.003824	0.000144	1354696143.604539	0.999993	46.546785	33.550571	2.482759	1.000000	0.963035	1.000000	0.963054	1.005860	0.000110	0.999998	0.000481	1.018991	0.000027	1.000606	0.000070	1.000000	0.963039	1.000000	1.000000	
1354696144.604373	1.000000	45.252686	32.032227	3.794922	1.000000	1.000000	1.000000	1.000000	1.000000	1.000000	1.000000	1.000000	1.000014	0.000357	0.998642	0.000047	0.998230	0.000052	0.999290	0.000157	1354696144.604551	1.000012	47.081806	34.096975	2.249058	1.000000	1.000000	1.000000	1.000000	1.000029	0.000135	0.999995	0.002233	0.999904	0.000060	0.999454	0.000018	1.000000	1.000000	1.000000	1.000000	
1354696145.604372	0.999999	45.354230	32.141953	3.786716	1.000000	1.000000	1.000000	1.000000	1.000000	1.000000	1.000000	1.000000	1.000263	0.000409	1.004369	0.000013	1.006707	0.000013	1.000910	0.000128	1354696145.604541	0.999990	47.180465	34.181266	2.230537	1.000000	1.000000	1.000000	1.000000	1.000430	0.000077	1.000013	0.000058	1.000419	0.000012	0.999612	0.000055	1.000000	1.000000	1.000000	1.000000	
1354696146.604373	1.000001	45.277850	32.083054	3.779782	1.000000	1.000000	1.000000	1.000000	1.000000	1.000000	1.000000	1.000000	0.999991	0.000333	1.000167	0.000051	0.996707	0.000048	0.999772	0.000144	1354696146.604536	0.999995	47.165352	34.164935	2.161891	1.000000	1.000000	1.000000	1.000000	1.000048	0.000128	0.999928	0.000102	1.000103	0.000049	0.999322	0.000012	1.000000	1.000000	1.000000	1.000000	
1354696147.604380	1.000007	715778321.686874	715818289.079357	715793434.799513	0.999916	1.000400	0.999917	1.000415	0.999919	1.000415	0.999919	1.000410	0.999919	1.000411	0.999921	1.000406	0.999918	1.000409	0.999920	1.000412	1354696147.604477	0.999941	715858972.253602	715865512.310464	715806004.156315	0.999918	1.000405	0.999916	1.000408	3.897924	0.256633	0.999919	1.000407	0.999919	1.000411	0.999922	1.000410	0.999919	1.000411	0.999921	1.000422	
1354696148.604474	1.000094	0.000000	0.000000	0.000000	-nan	-nan	-nan	-nan	1.000008	inf	-nan	-nan	-nan	0.000000	-nan	-nan	-nan	-nan	-nan	-nan	1354696148.604551	1.000074	0.000000	0.000000	0.000000	-nan	-nan	-nan	-nan	1.345745	inf	-nan	-nan	-nan	-nan	-nan	-nan	-nan	-nan	-nan	-nan	
