ts_0	elapsed_0	pkg_0	pp0_0	dram_0	freq_ratio_0_0	c0_ratio_0_0	freq_ratio_0_1	c0_ratio_0_1	freq_ratio_0_2	c0_ratio_0_2	freq_ratio_0_3	c0_ratio_0_3	freq_ratio_0_4	c0_ratio_0_4	freq_ratio_0_5	c0_ratio_0_5	freq_ratio_0_6	c0_ratio_0_6	freq_ratio_0_7	c0_ratio_0_7	ts_1	elapsed_1	pkg_1	pp0_1	dram_1	freq_ratio_1_0	c0_ratio_1_0	freq_ratio_1_1	c0_ratio_1_1	freq_ratio_1_2	c0_ratio_1_2	freq_ratio_1_3	c0_ratio_1_3	freq_ratio_1_4	c0_ratio_1_4	freq_ratio_1_5	c0_ratio_1_5	freq_ratio_1_6	c0_ratio_1_6	freq_ratio_1_7	c0_ratio_1_7	
1356624961.606233	1.001991	55.490667	41.842867	8.007083	1.155265	0.260195	1.156360	0.262131	1.154884	0.256907	1.156576	0.262460	1.154271	0.254057	1.157255	0.264645	1.156173	0.260823	1.155420	0.257575	1356624961.606387	1.000399	54.455256	40.856176	7.994200	0.999983	0.974647	0.999982	0.974205	1.000001	0.973900	0.999980	0.974014	1.008929	0.000031	1.002197	0.000114	0.619088	0.000052	0.999978	0.975059	
1356624962.606229	0.999996	56.135481	42.438313	8.147036	1.000000	1.000000	1.000000	1.000000	1.000000	1.000000	1.000000	1.000000	1.000000	1.000000	0.999683	0.000455	0.998386	0.000052	1.000805	0.000064	1356624962.606379	0.999992	55.167409	41.526841	8.207021	1.000000	1.000000	1.000000	1.000000	1.000000	1.000000	1.000000	1.000000	1.001049	0.000056	0.999987	0.000315	1.000331	0.000071	1.000000	1.000000	
1356624963.606228	0.999999	56.023491	42.379908	8.144447	1.000000	1.000000	0.999999	0.999999	1.000000	1.000000	1.000000	1.000000	1.000000	1.000000	1.000417	0.000446	1.006288	0.000013	1.000993	0.000039	1356624963.606376	0.999997	55.175632	41.569846	8.156596	1.000000	1.000000	1.000000	1.000000	1.000000	1.000000	1.000000	1.000000	0.996661	0.000012	0.999429	0.000062	0.997721	0.000013	1.000000	1.000000	
1356624964.606228	1.000000	56.020432	42.370697	8.169769	1.000000	1.000000	1.000000	1.000000	1.000000	1.000000	1.000000	1.000000	1.000000	1.000000	0.999828	0.000429	0.999570	0.000048	0.999440	0.000065	1356624964.606377	1.000001	55.242730	41.630225	8.210991	1.000000	1.000000	1.000000	1.000000	1.000000	1.000000	1.000000	1.000000	1.000368	0.000047	1.000080	0.000381	1.000176	0.000053	1.000000	1.000000	
1356624965.606228	1.000000	56.077911	42.374969	8.209152	1.000000	1.000000	1.000000	1.000000	0.999999	1.000000	1.000000	1.000000	1.000001	1.000000	1.000297	0.000487	1.001471	0.000014	1.000318	0.000038	1356624965.606374	0.999997	55.323566	41.675773	8.224574	1.000000	1.000000	1.000000	1.000000	1.000000	1.000000	1.000000	1.000000	0.998527	0.000012	1.000538	0.000063	0.998459	0.000012	1.000000	1.000000	
1356624966.606228	1.000000	56.033081	42.404526	8.190002	0.999999	1.000000	1.000000	1.000000	1.000000	1.000000	1.000000	1.000000	1.000000	1.000000	1.001333	0.000433	1.000310	0.000046	1.000190	0.000063	1356624966.606374	1.000000	55.260712	41.661438	8.240570	1.000000	1.000000	1.000000	1.000000	1.000000	1.000000	1.000000	1.000000	1.000588	0.000047	0.999675	0.000095	1.000752	0.000064	1.000000	1.000000	
1356624967.606228	1.000000	56.001755	42.358734	8.160675	1.000000	1.000000	1.000000	1.000000	1.000000	1.000000	1.000000	1.000000	1.000000	0.999433	0.998484	0.000496	0.999779	0.000103	1.001231	0.000046	1356624967.606378	1.000004	55.295094	41.673919	8.214231	1.000000	1.000000	1.000000	1.000000	1.000000	1.000000	1.000000	1.000000	1.000047	0.000025	0.999978	0.002056	0.999719	0.000041	1.000000	1.000000	
1356624968.606228	1.000000	56.387619	42.765778	8.114670	1.000000	1.000000	1.000000	1.000000	1.000000	1.000000	1.000001	1.000000	1.000000	1.000000	0.999982	0.003389	1.000007	0.003226	0.999938	0.002920	1356624968.606381	1.000003	55.749430	42.157203	8.211141	1.000000	1.000000	1.000000	1.000000	1.000000	1.000000	1.000000	1.000000	0.999802	0.002705	1.000003	0.003860	0.999981	0.002694	1.000000	1.000000	
1356624969.606228	1.000000	56.060013	42.431595	8.110580	1.000000	1.000000	1.000000	1.000000	1.000000	1.000000	1.000000	1.000000	1.000000	1.000000	0.999992	0.000505	0.995679	0.000009	1.003475	0.000038	1356624969.606377	0.999996	55.305659	41.707032	8.241443	1.000000	1.000000	1.000000	1.000000	1.000000	1.000000	1.000000	1.000000	1.077104	0.000007	1.000058	0.000357	1.004454	0.000007	1.000000	1.000000	
1356624970.606228	1.000000	56.131042	42.442902	8.175140	1.000000	1.000000	1.000001	1.000000	1.000000	0.999999	1.000000	1.000000	1.000000	1.000000	1.000178	0.000432	0.990919	0.000051	0.999298	0.000062	1356624970.606379	1.000002	55.310945	41.683468	8.218719	1.000000	1.000000	1.000000	1.000000	1.000000	1.000000	1.000000	1.000000	1.000128	0.000054	0.999840	0.000087	0.999832	0.000101	1.000000	1.000000	
1356624971.606228	1.000000	56.132599	42.418182	8.248032	1.000000	1.000000	1.000000	1.000000	1.000000	1.000000	1.000000	1.000000	1.000000	1.000000	0.999930	0.000444	0.993561	0.000015	0.986345	0.000037	1356624971.606375	0.999996	55.340404	41.678804	8.200274	1.000000	1.000000	1.000000	1.000000	1.000000	1.000000	1.000000	1.000000	1.002036	0.000012	1.000431	0.000060	1.000957	0.000012	1.000000	1.000000	
1356624972.606228	1.000000	56.137589	42.464035	8.171402	1.000000	1.000000	1.000000	1.000000	1.000000	1.000000	1.000000	1.000000	1.000000	1.000000	0.999990	0.000498	1.007965	0.000082	1.004822	0.000112	1356624972.606372	0.999997	55.371571	41.741111	8.219157	1.000000	1.000000	1.000000	1.000000	1.000000	1.000000	1.000000	1.000000	0.999611	0.000071	0.999818	0.000130	1.000278	0.000089	1.000000	1.000000	
1356624973.606228	1.000000	56.125610	42.445328	8.145050	1.000000	1.000000	1.000000	1.000000	1.000000	1.000000	1.000000	1.000000	1.000001	1.000000	1.000451	0.000454	0.992767	0.000009	1.005019	0.000037	1356624973.606372	1.000000	55.331085	41.697739	8.213745	1.000000	1.000000	1.000000	1.000000	1.000000	1.000000	1.000000	1.000000	1.001507	0.000007	1.000160	0.000060	0.999567	0.000007	1.000000	1.000000	
1356624974.606228	1.000000	56.109619	42.450806	8.161697	1.000000	0.999503	1.000000	0.999516	1.000000	1.000000	1.000000	1.000000	0.999999	1.000000	0.999501	0.000434	1.000993	0.000053	0.995560	0.000062	1356624974.606378	1.000006	55.311987	41.694377	8.246426	1.000000	1.000000	1.000000	1.000000	1.000000	1.000000	1.000000	1.000000	0.999737	0.000053	0.999964	0.000381	1.000358	0.000061	1.000000	1.000000	
1356624975.606228	1.000000	56.150574	42.427261	8.217148	1.000000	1.000000	1.000000	1.000000	1.000001	1.000000	1.000000	1.000000	1.000000	1.000000	1.000318	0.000438	0.997311	0.000013	1.001894	0.000037	1356624975.606374	0.999996	55.355388	41.690568	8.227786	1.000000	1.000000	1.000000	1.000000	1.000000	1.000000	1.000000	1.000000	0.995920	0.000012	0.999596	0.000059	0.993079	0.000012	1.000000	1.000000	
1356624976.606228	1.000000	56.195450	42.536606	8.081512	1.000000	1.000000	1.000000	1.000000	1.000000	1.000000	1.000000	1.000000	1.000000	1.000000	1.001112	0.000431	0.999748	0.000049	0.999801	0.000079	1356624976.606375	1.000001	55.329095	41.709311	8.193275	1.000000	1.000000	1.000000	1.000000	1.000000	1.000000	1.000000	1.000000	1.001063	0.000046	1.000571	0.000090	1.001036	0.000051	1.000000	1.000000	
1356624977.606228	1.000000	56.167160	42.480774	8.193497	1.000000	1.000000	0.999999	1.000000	1.000000	1.000000	1.000000	1.000000	1.000000	1.000000	0.998495	0.000446	0.999179	0.000014	1.000351	0.000038	1356624977.606379	1.000004	55.385258	41.735106	8.202268	1.000000	1.000000	1.000000	1.000000	1.000000	1.000000	1.000000	1.000000	1.000280	0.000012	0.999983	0.002093	0.999810	0.000012	1.000000	1.000000	
1356624978.606228	1.000000	56.197525	42.501190	8.149536	1.000001	1.000000	1.000001	1.000000	1.000000	1.000000	1.000000	1.000000	1.000000	1.000000	1.000066	0.000435	1.000222	0.000047	0.999913	0.000062	1356624978.606371	0.999992	55.355719	41.708651	8.234747	1.000000	1.000000	1.000000	1.000000	1.000000	1.000000	1.000000	1.000000	1.000291	0.000048	1.000053	0.000123	0.999721	0.000058	1.000000	1.000000	
1356624979.606228	1.000000	56.130005	42.480026	8.176056	1.000000	1.000000	1.000000	1.000000	1.000000	1.000000	1.000000	1.000000	1.000000	1.000000	0.999906	0.000468	0.992076	0.000014	0.999835	0.000037	1356624979.606371	1.000000	55.339615	41.723495	8.175827	1.000000	1.000000	1.000000	1.000000	1.000000	1.000000	1.000000	1.000000	0.994915	0.000012	0.999967	0.000351	0.997916	0.000012	1.000000	1.000000	
1356624980.606229	1.000001	56.195183	42.498250	8.207069	1.000000	0.999918	1.000000	1.000000	1.000000	1.000000	1.000000	0.999917	1.000000	0.999916	1.000065	0.000415	1.002734	0.000049	1.000932	0.000074	1356624980.606378	1.000007	55.373412	41.726091	8.208699	1.000000	0.999941	1.000000	0.999921	1.000000	0.999960	1.000000	0.999919	1.001046	0.000046	1.000320	0.000088	1.001064	0.000049	1.000000	0.999983	
1356624981.606228	0.999999	56.194313	42.510020	8.213021	1.000000	1.000000	1.000000	1.000000	1.000000	1.000000	1.000000	1.000000	1.000000	1.000000	1.001490	0.000445	0.997966	0.000014	0.999085	0.000037	1356624981.606374	0.999996	55.330272	41.703889	8.217105	1.000000	1.000000	1.000000	1.000000	1.000000	1.000000	1.000000	1.000000	0.999968	0.000012	0.999325	0.000061	0.999548	0.000012	1.000000	1.000000	
1356624982.606228	1.000000	56.197235	42.512131	8.116119	1.000000	1.000000	1.000000	1.000000	1.000000	0.999586	1.000000	1.000000	1.000000	0.999567	0.998561	0.000458	0.989412	0.000047	1.001295	0.000062	1356624982.606372	0.999998	55.305434	41.668964	8.200867	1.000000	0.999587	1.000000	0.999558	1.000000	1.000000	1.000000	0.999573	0.999370	0.000048	1.000132	0.000114	0.998859	0.000055	1.000000	1.000000	
1356624983.606228	1.000000	56.207565	42.508560	8.260239	1.000000	1.000000	1.000000	0.999999	1.000000	0.999999	1.000000	1.000000	1.000000	1.000000	0.999905	0.000438	1.005579	0.000015	0.976237	0.000038	1356624983.606379	1.000007	55.358596	41.708604	8.154424	1.000000	1.000000	1.000000	1.000000	1.000000	1.000000	1.000000	1.000000	1.003425	0.000012	1.000491	0.000060	1.002222	0.000012	1.000000	1.000000	
1356624984.606228	1.000000	56.176224	42.480789	8.189163	1.000000	1.000000	1.000000	1.000000	1.000000	1.000001	1.000000	0.999999	1.000000	1.000000	1.000299	0.000450	1.003996	0.000092	1.006824	0.000120	1356624984.606375	0.999996	55.379512	41.735811	8.204532	1.000000	1.000000	1.000000	1.000000	1.000000	1.000000	1.000000	1.000000	0.999721	0.000095	1.000037	0.000409	1.000224	0.000065	1.000000	1.000000	
1356624985.606229	1.000001	56.179085	42.497900	8.134300	1.000000	0.999643	1.000000	0.999638	1.000000	1.000000	1.000000	1.000001	1.000000	0.999640	0.999686	0.000453	0.999463	0.000014	0.998884	0.000038	1356624985.606379	1.000004	55.340031	41.706939	8.233502	1.000000	0.999669	1.000000	0.999650	1.000000	0.999674	1.000000	0.999649	1.002807	0.000007	0.999175	0.000061	0.997144	0.000007	1.000000	0.999678	
1356624986.606228	0.999999	56.201515	42.497355	8.152016	1.000000	1.000000	1.000000	1.000000	1.000000	1.000000	1.000000	1.000000	1.000001	1.000000	1.001501	0.000464	1.001650	0.000046	1.000309	0.000096	1356624986.606373	0.999994	55.377588	41.718053	8.213291	1.000000	1.000000	1.000000	1.000000	1.000000	1.000000	1.000000	1.000000	1.000176	0.000051	1.000287	0.000093	1.000247	0.000092	1.000000	1.000000	
1356624987.606228	1.000000	56.238983	42.522141	8.110489	1.000000	1.000000	1.000000	1.000001	1.000000	1.000000	1.000001	1.000001	1.000000	1.000000	0.999562	0.001415	0.998365	0.000115	0.999936	0.000175	1356624987.606373	1.000000	55.392715	41.732697	8.199066	1.000000	1.000000	1.000000	1.000000	1.000000	1.000000	1.000000	1.000000	0.999433	0.000046	1.000001	0.002162	0.999966	0.000184	1.000000	1.000000	
1356624988.606228	1.000000	56.136490	42.494263	8.053467	0.999975	0.999609	0.999988	0.999580	0.999975	0.999603	0.999989	0.999582	0.999976	0.999607	1.000225	0.000392	1.001353	0.000054	1.002584	0.000066	1356624988.606372	0.999999	55.350150	41.743387	8.212456	1.000000	0.999645	1.000000	0.999620	1.000000	0.999660	1.000000	1.000000	0.999969	0.000049	0.999844	0.000084	1.000515	0.000073	1.000000	1.000000	
1356624989.606228	1.000000	56.151917	42.418701	8.232224	1.000000	1.000000	0.999999	1.000000	1.000000	1.000000	1.000000	1.000000	1.000000	1.000000	0.999642	0.000420	1.000513	0.000014	0.994251	0.000039	1356624989.606376	1.000004	55.381245	41.709639	8.195493	1.000000	1.000000	1.000000	1.000000	1.000000	1.000000	1.000000	1.000000	1.000619	0.000012	0.999884	0.000356	0.998046	0.000033	1.000000	1.000000	
1356624990.606228	1.000000	56.141815	42.479233	8.193039	1.000000	1.000000	1.000000	1.000000	1.000000	1.000000	1.000000	1.000000	1.000000	1.000000	1.000224	0.000406	1.002034	0.000047	1.000196	0.000063	1356624990.606377	1.000001	55.284081	41.678519	8.217659	1.000000	1.000000	1.000000	1.000000	1.000000	1.000000	1.000000	1.000000	1.000181	0.000047	1.000283	0.000091	1.000420	0.000076	1.000000	1.000000	
1356624991.606228	1.000000	56.114197	42.478699	8.114502	1.000000	0.999663	1.000000	0.999659	1.000000	0.999697	1.000001	1.000000	1.000000	1.000000	1.001597	0.000431	1.015567	0.000013	1.006946	0.000037	1356624991.606373	0.999996	55.332500	41.733079	8.177203	1.000000	0.999727	1.000000	0.999700	1.000000	0.999699	1.000000	0.999670	0.997115	0.000012	0.999699	0.000060	1.000198	0.000033	1.000000	0.999729	
1356624992.606228	1.000000	56.172501	42.466125	8.144623	1.000000	1.000000	1.000000	1.000000	1.000000	1.000000	0.999999	1.000000	1.000000	1.000000	0.998601	0.000431	0.995730	0.000049	0.996304	0.000068	1356624992.606373	1.000000	55.386322	41.738541	8.183441	1.000000	1.000000	1.000000	1.000000	1.000000	1.000000	1.000000	1.000000	1.000224	0.000046	1.000033	0.000127	1.000038	0.000071	1.000000	1.000000	
1356624993.606228	1.000000	57.061096	43.317062	8.197342	1.000000	1.000000	1.000000	1.000000	1.000000	1.000001	1.000000	1.000000	1.000000	1.000000	0.999952	0.003586	0.999876	0.003304	1.000041	0.003035	1356624993.606351	0.999978	55.903280	42.227580	8.193829	1.000000	1.000000	1.000000	1.000000	1.000000	1.000000	1.000000	1.000000	0.999833	0.002973	1.000008	0.004002	0.999994	0.002999	1.000000	1.000000	
1356624994.606235	1.000007	24.675748	11.500958	4.347367	0.999808	0.235904	0.999921	0.235845	0.999926	0.235833	1.000001	0.235772	1.000003	0.235753	0.637936	0.000635	0.725935	0.000057	0.657614	0.000116	1356624994.606599	1.000248	33.797101	20.505826	3.033824	0.999997	0.235683	0.999998	0.235666	0.999998	0.235663	0.999998	0.235611	1.008811	0.000059	0.999980	0.000452	0.999907	0.000095	1.000000	1.000000	
1356624995.606228	0.999993	17.101147	3.979596	3.497598	0.779830	0.000357	0.663138	0.000107	0.708997	0.000066	0.736546	0.000079	0.690064	0.000078	0.545788	0.000693	0.683134	0.000022	0.604746	0.000059	1356624995.606684	1.000085	28.640156	15.373356	2.712095	1.000400	0.000027	0.992591	0.000069	0.999981	0.000021	0.993146	0.000076	0.999968	0.000012	0.999592	0.000094	1.000223	0.000047	1.000000	1.000000	
1356624996.606227	0.999999	17.105271	3.970753	3.576496	0.554348	0.000098	0.664057	0.000066	0.675415	0.000094	0.519070	0.000040	0.518703	0.000041	0.550791	0.000723	0.677511	0.000095	0.591633	0.000131	1356624996.606547	0.999863	28.653708	15.384098	2.709997	1.000916	0.000095	1.012769	0.000040	1.000009	0.000082	1.012644	0.000041	0.999908	0.000096	1.000133	0.000148	0.999870	0.000136	1.000000	1.000000	
1356624997.606228	1.000001	17.905470	4.747722	3.665890	0.673674	0.001482	0.812438	0.000027	0.999718	0.000051	0.997360	0.000070	0.999742	0.000060	0.610326	0.000512	0.656373	0.000024	0.654055	0.000058	1356624997.606608	1.000061	28.642203	15.371880	2.776060	1.000416	0.000033	1.000012	0.000100	1.000067	0.000104	0.999990	0.000074	1.001459	0.000007	1.000002	0.002176	1.001000	0.000039	1.000000	1.000000	
1356624998.606228	1.000000	715775587.710907	715804356.897644	715802025.219498	0.999951	1.000891	0.999948	1.000891	0.999952	1.000903	0.999951	1.000888	0.999953	1.000901	0.999952	1.000883	0.999951	1.000893	0.999952	1.000894	1356624998.606343	0.999735	715994916.121491	715973796.443827	715984468.412420	0.999952	1.000892	0.999948	1.000890	3.895599	0.256920	0.999950	1.000885	0.999951	1.000894	0.999954	1.000890	0.999951	1.000893	0.999952	1.000894	
1356624999.606370	1.000142	0.000000	0.000000	0.000000	-nan	-nan	-nan	-nan	1.000008	inf	-nan	-nan	-nan	0.000000	-nan	-nan	-nan	-nan	-nan	-nan	1356624999.606451	1.000108	0.000000	0.000000	0.000000	-nan	-nan	-nan	-nan	1.345745	inf	-nan	-nan	-nan	-nan	-nan	-nan	-nan	-nan	-nan	-nan	
