ts_0	elapsed_0	pkg_0	pp0_0	dram_0	freq_ratio_0_0	c0_ratio_0_0	freq_ratio_0_1	c0_ratio_0_1	freq_ratio_0_2	c0_ratio_0_2	freq_ratio_0_3	c0_ratio_0_3	freq_ratio_0_4	c0_ratio_0_4	freq_ratio_0_5	c0_ratio_0_5	freq_ratio_0_6	c0_ratio_0_6	freq_ratio_0_7	c0_ratio_0_7	ts_1	elapsed_1	pkg_1	pp0_1	dram_1	freq_ratio_1_0	c0_ratio_1_0	freq_ratio_1_1	c0_ratio_1_1	freq_ratio_1_2	c0_ratio_1_2	freq_ratio_1_3	c0_ratio_1_3	freq_ratio_1_4	c0_ratio_1_4	freq_ratio_1_5	c0_ratio_1_5	freq_ratio_1_6	c0_ratio_1_6	freq_ratio_1_7	c0_ratio_1_7	
1356626192.642482	1.001956	66.239760	53.021855	2.637907	1.157576	0.406475	1.155391	0.396318	1.155624	0.398658	1.157392	0.406897	1.155757	0.397550	1.157525	0.406455	1.155739	0.396170	1.157812	0.407525	1356626192.642553	1.000326	63.178582	49.981360	1.587846	0.977783	0.974326	0.977823	0.973637	0.977802	0.973653	0.969432	0.706401	0.976071	0.902428	0.969401	0.706374	0.976886	0.910817	0.978273	0.975690	
1356626193.642475	0.999993	61.997163	48.773988	2.697986	0.973433	0.983268	0.973424	0.982943	0.973424	0.982949	0.973424	0.982965	0.966721	0.784130	0.966716	0.783687	0.971107	0.902498	0.966734	0.783985	1356626193.642547	0.999994	61.520661	48.303205	1.583994	0.958524	0.783761	0.958574	0.784713	0.958517	0.783637	0.966931	0.983052	0.966931	0.983053	0.958530	0.783903	0.966041	0.982639	0.959660	0.827209	
1356626194.642475	1.000000	64.047119	50.851868	2.649139	0.956430	0.959963	0.956504	0.959733	0.956484	0.959770	0.956484	0.959766	0.956504	0.959727	0.956504	0.959723	0.956472	0.959785	0.956514	0.959701	1356626194.642551	1.000004	64.256926	51.032615	1.590249	0.943468	0.959738	0.943468	0.959734	0.943465	0.959693	0.943465	0.959679	0.943465	0.959678	0.943466	0.959689	0.943468	0.959725	0.945584	0.997043	
1356626195.642474	0.999999	63.282012	50.081392	2.679721	0.960676	0.920878	0.960662	0.920555	0.960662	0.920553	0.960662	0.920551	0.960663	0.920550	0.960663	0.920547	0.963394	0.989265	0.960663	0.920543	1356626195.642544	0.999993	64.683995	51.453954	1.587322	0.937019	0.996587	0.937019	0.996585	0.937019	0.996584	0.937019	0.996580	0.937019	0.996578	0.937019	0.996576	0.937019	0.996575	0.937019	0.996574	
1356626196.642474	1.000000	64.640732	51.432541	2.702667	0.951517	0.996774	0.951517	0.996772	0.951517	0.996769	0.951518	0.996756	0.951517	0.996755	0.951518	0.996753	0.951518	0.996752	0.951518	0.996749	1356626196.642559	1.000015	64.688756	51.457326	1.584540	0.936705	0.996364	0.936704	0.996361	0.936704	0.996359	0.936704	0.996356	0.936704	0.996353	0.936704	0.996352	0.936704	0.996349	0.936703	0.996347	
1356626197.642481	1.000007	64.657909	51.443294	2.721661	0.950038	0.996648	0.950037	0.996646	0.950038	0.996645	0.950037	0.996654	0.950038	0.996651	0.950037	0.996650	0.950037	0.996648	0.950037	0.996647	1356626197.642546	0.999987	64.686838	51.453937	1.587423	0.936193	0.996467	0.936193	0.996464	0.936193	0.996462	0.936192	0.996459	0.936193	0.996457	0.936193	0.996455	0.936193	0.996454	0.936193	0.996452	
1356626198.642474	0.999993	64.666173	51.451589	2.700336	0.949810	0.996756	0.949810	0.996752	0.949809	0.996752	0.949809	0.996749	0.949810	0.996748	0.949810	0.996745	0.949810	0.996743	0.949810	0.996741	1356626198.642540	0.999994	64.623768	51.411638	1.586100	0.935583	0.996601	0.935583	0.996599	0.935583	0.996597	0.935583	0.996595	0.935583	0.996592	0.935583	0.996590	0.935583	0.996590	0.935583	0.996586	
1356626199.642474	1.000000	63.914276	50.695694	2.625534	0.957698	0.953723	0.957852	0.953335	0.957824	0.953386	0.957824	0.953386	0.957853	0.953328	0.957842	0.953349	0.957825	0.953378	0.957863	0.953306	1356626199.642544	1.000004	64.153686	50.940971	1.590661	0.943777	0.953112	0.943778	0.953112	0.943776	0.953074	0.943774	0.953050	0.943774	0.953048	0.943775	0.953064	0.943777	0.953098	0.946253	0.996997	
1356626200.642474	1.000000	64.657608	51.436600	2.704010	0.947862	0.996523	0.947862	0.996522	0.947862	0.996519	0.947863	0.996516	0.947863	0.996514	0.947863	0.996513	0.947863	0.996511	0.947863	0.996509	1356626200.642538	0.999994	64.683613	51.478044	1.584680	0.935678	0.996661	0.935678	0.996660	0.935678	0.996658	0.935679	0.996656	0.935679	0.996653	0.935679	0.996652	0.935679	0.996648	0.935679	0.996646	
1356626201.642475	1.000001	64.661575	51.436001	2.712583	0.947369	0.996527	0.947369	0.996523	0.947369	0.996521	0.947369	0.996519	0.947368	0.996517	0.947368	0.996515	0.947368	0.996515	0.947369	0.996511	1356626201.642540	1.000002	64.688491	51.488717	1.587613	0.935220	0.996485	0.935220	0.996482	0.935220	0.996479	0.935220	0.996476	0.935220	0.996474	0.935220	0.996473	0.935219	0.996471	0.935219	0.996468	
1356626202.642474	0.999999	64.607667	51.394046	2.694934	0.946491	0.996434	0.946491	0.996432	0.946491	0.996428	0.946491	0.996428	0.946491	0.996426	0.946491	0.996422	0.946491	0.996422	0.946491	0.996419	1356626202.642540	1.000000	64.690460	51.494324	1.586105	0.934950	0.996503	0.934950	0.996502	0.934950	0.996500	0.934950	0.996499	0.934950	0.996497	0.934950	0.996494	0.934950	0.996493	0.934950	0.996492	
1356626203.642474	1.000000	64.633865	51.401703	2.711960	0.947056	0.990473	0.947050	0.990360	0.947052	0.990394	0.947053	0.990407	0.947051	0.990371	0.947051	0.990367	0.947053	0.990398	0.947050	0.990349	1356626203.642542	1.000002	64.667800	51.473489	1.589383	0.936285	0.990726	0.936284	0.990711	0.936283	0.990687	0.936282	0.990668	0.936283	0.990683	0.936283	0.990681	0.936285	0.990714	0.936671	0.996757	
1356626204.642474	1.000000	63.866837	50.631271	2.627945	0.954286	0.949656	0.954364	0.949369	0.954348	0.949398	0.954348	0.949394	0.954365	0.949361	0.954365	0.949349	0.954337	0.949411	0.954374	0.949330	1356626204.642544	1.000002	64.085831	50.891154	1.584241	0.942874	0.949697	0.942873	0.949681	0.942872	0.949656	0.942871	0.949631	0.942871	0.949628	0.942872	0.949651	0.942874	0.949687	0.945604	0.997342	
1356626205.642474	1.000000	64.661774	51.417480	2.715744	0.945571	0.996272	0.945571	0.996270	0.945571	0.996267	0.945571	0.996267	0.945571	0.996265	0.945572	0.996263	0.945572	0.996262	0.945572	0.996259	1356626205.642538	0.999994	64.689030	51.493334	1.589243	0.935169	0.996702	0.935169	0.996698	0.935169	0.996697	0.935169	0.996695	0.935169	0.996694	0.935169	0.996694	0.935169	0.996692	0.935169	0.996690	
1356626206.642474	1.000000	64.675659	51.434128	2.705322	0.944825	0.996410	0.944825	0.996407	0.944825	0.996406	0.944824	0.996403	0.944824	0.996402	0.944824	0.996398	0.944824	0.996396	0.944823	0.996394	1356626206.642543	1.000005	64.691662	51.497636	1.589378	0.933273	0.996670	0.933273	0.996667	0.933273	0.996666	0.933273	0.996664	0.933273	0.996662	0.933273	0.996661	0.933272	0.996658	0.933272	0.996658	
1356626207.642474	1.000000	64.667740	51.422668	2.703247	0.944059	0.996189	0.944059	0.996186	0.944059	0.996181	0.944059	0.996180	0.944059	0.996178	0.944060	0.996178	0.944060	0.996177	0.944060	0.996176	1356626207.642539	0.999996	64.693057	51.498927	1.587973	0.933246	0.996719	0.933246	0.996717	0.933246	0.996713	0.933246	0.996711	0.933246	0.996710	0.933246	0.996709	0.933246	0.996707	0.933246	0.996707	
1356626208.642474	1.000000	64.510788	51.266251	2.686340	0.948307	0.980031	0.948345	0.979810	0.948347	0.979845	0.948347	0.979859	0.948345	0.979820	0.948345	0.979831	0.948346	0.979854	0.948344	0.979816	1356626208.642543	1.000004	64.580396	51.385671	1.581186	0.937522	0.980244	0.937521	0.980227	0.937519	0.980200	0.937519	0.980201	0.937519	0.980195	0.937519	0.980193	0.937522	0.980231	0.938571	0.996978	
1356626209.642474	1.000000	62.717026	49.473969	2.612061	0.945860	0.934302	0.946076	0.933719	0.946079	0.933754	0.946079	0.933749	0.946077	0.933706	0.946079	0.933721	0.946081	0.933756	0.946079	0.933716	1356626209.642539	0.999996	63.093792	49.912083	1.584769	0.937089	0.934508	0.937088	0.934492	0.937087	0.934468	0.937087	0.934466	0.937087	0.934462	0.937088	0.934459	0.937091	0.934498	0.941055	0.997343	
1356626210.642474	1.000000	65.432663	52.188965	2.692337	0.952033	0.996711	0.952033	0.996708	0.952032	0.996705	0.952032	0.996702	0.952031	0.996701	0.952031	0.996700	0.952030	0.996700	0.952030	0.996698	1356626210.642540	1.000001	65.299010	52.103374	1.586150	0.939424	0.997240	0.939423	0.997239	0.939423	0.997236	0.939423	0.997235	0.939422	0.997232	0.939422	0.997230	0.939422	0.997228	0.939422	0.997227	
1356626211.642474	1.000000	64.666306	51.415771	2.692307	0.944757	0.996197	0.944757	0.996195	0.944758	0.996194	0.944758	0.996191	0.944758	0.996189	0.944758	0.996185	0.944758	0.996180	0.944759	0.996178	1356626211.642549	1.000009	64.686304	51.490500	1.584245	0.932280	0.997205	0.932280	0.997204	0.932279	0.997202	0.932280	0.997199	0.932280	0.997198	0.932279	0.997197	0.932280	0.997196	0.932279	0.997194	
1356626212.642474	1.000000	64.603928	51.352142	2.697891	0.942190	0.996125	0.942190	0.996124	0.942190	0.996121	0.942191	0.996119	0.942191	0.996119	0.942191	0.996116	0.942191	0.996114	0.942192	0.996111	1356626212.642536	0.999987	64.666467	51.472355	1.583944	0.930309	0.997171	0.930309	0.997168	0.930309	0.997167	0.930309	0.997166	0.930310	0.997163	0.930310	0.997162	0.930310	0.997162	0.930310	0.997159	
1356626213.642481	1.000007	715763640.066583	715815083.750766	715815599.299829	0.999923	1.000715	0.999923	1.000730	0.999933	1.000724	0.999923	1.000714	0.999925	1.000728	0.999925	1.000712	0.999926	1.000730	0.999923	1.000714	1356626213.642588	1.000052	715745272.073746	715787866.373324	715771725.017085	0.999925	1.000721	0.999921	1.000718	3.897380	0.256753	0.999922	1.000710	0.999925	1.000725	0.999926	1.000716	0.999924	1.000723	0.999924	1.000721	
1356626214.642480	0.999999	0.000000	0.000000	0.000000	-nan	-nan	-nan	-nan	0.000000	inf	-nan	-nan	-nan	0.000000	0.000000	inf	-nan	-nan	-nan	-nan	1356626214.642550	0.999962	0.000000	0.000000	0.000000	-nan	-nan	-nan	-nan	0.000000	inf	-nan	-nan	-nan	-nan	-nan	-nan	-nan	-nan	-nan	-nan	
