ts_0	elapsed_0	pkg_0	pp0_0	dram_0	freq_ratio_0_0	c0_ratio_0_0	freq_ratio_0_1	c0_ratio_0_1	freq_ratio_0_2	c0_ratio_0_2	freq_ratio_0_3	c0_ratio_0_3	freq_ratio_0_4	c0_ratio_0_4	freq_ratio_0_5	c0_ratio_0_5	freq_ratio_0_6	c0_ratio_0_6	freq_ratio_0_7	c0_ratio_0_7	ts_1	elapsed_1	pkg_1	pp0_1	dram_1	freq_ratio_1_0	c0_ratio_1_0	freq_ratio_1_1	c0_ratio_1_1	freq_ratio_1_2	c0_ratio_1_2	freq_ratio_1_3	c0_ratio_1_3	freq_ratio_1_4	c0_ratio_1_4	freq_ratio_1_5	c0_ratio_1_5	freq_ratio_1_6	c0_ratio_1_6	freq_ratio_1_7	c0_ratio_1_7	
1356751732.776686	1.002282	35.395275	22.077749	5.851302	1.156123	0.484211	1.154204	0.469205	1.154826	0.476352	1.157633	0.491171	1.154392	0.472799	1.156062	0.479970	1.155196	0.473157	1.155675	0.477718	1356751732.776906	1.000451	48.582409	34.971179	7.174864	0.999955	0.997871	0.999983	0.941296	0.999980	0.941118	0.995026	0.000118	0.650935	0.000048	0.997638	0.000063	0.663672	0.000046	0.999943	0.942019	
1356751733.776683	0.999997	36.530646	23.200649	6.068516	1.000000	1.000000	1.002331	0.000422	1.000000	1.000000	1.005988	0.000013	0.999262	0.000097	1.000291	0.000048	0.999841	0.000080	0.999557	0.000160	1356751733.776896	0.999990	50.018888	36.280087	7.902255	1.000000	1.000000	1.000000	1.000000	1.000000	1.000000	1.001684	0.000318	0.999818	0.000046	1.001612	0.000096	0.997989	0.000045	1.000000	1.000000	
1356751734.776682	0.999999	36.588017	23.270530	6.085806	1.000000	1.000000	0.999494	0.000390	1.000000	1.000000	0.999484	0.000071	0.998814	0.000022	0.989762	0.000014	0.998459	0.000009	1.000150	0.000367	1356751734.776900	1.000004	50.031062	36.351339	7.613372	1.000000	1.000000	1.000000	1.000000	1.000000	1.000000	1.000545	0.000051	0.996052	0.000012	0.998612	0.000038	1.004496	0.000013	1.000000	1.000000	
1356751735.776682	1.000000	36.584946	23.257462	6.082184	1.000000	1.000000	1.000257	0.000423	1.000001	1.000000	0.994588	0.000013	1.001317	0.000051	1.001800	0.000050	0.999752	0.000059	0.999883	0.000352	1356751735.776896	0.999996	50.094212	36.375010	7.814119	1.000000	1.000000	1.000000	1.000000	1.000000	1.000000	0.999138	0.000012	1.001026	0.000045	1.000246	0.000063	0.999889	0.000048	1.000000	1.000000	
1356751736.776682	1.000000	36.587540	23.259094	6.094330	1.000000	1.000000	0.999752	0.000389	1.000000	1.000000	0.994212	0.000074	0.995452	0.000022	1.001255	0.000014	1.000114	0.000014	0.999343	0.000150	1356751736.776896	1.000000	50.091019	36.386093	8.010025	1.000000	1.000000	1.000000	1.000000	1.000000	1.000000	0.999941	0.000059	1.000390	0.000011	0.999402	0.000037	0.975971	0.000013	1.000000	1.000000	
1356751737.776682	1.000000	36.620850	23.294739	6.083710	1.000000	1.000000	0.999952	0.000448	1.000000	1.000000	1.016290	0.000030	1.000172	0.000132	0.989678	0.000048	0.995100	0.000098	0.997014	0.000132	1356751737.776904	1.000008	50.101538	36.422251	7.769880	1.000000	1.000000	1.000000	1.000000	1.000000	1.000000	1.000663	0.000012	0.988699	0.000045	0.994223	0.000085	0.995028	0.000045	1.000000	1.000000	
1356751738.776682	1.000000	36.585068	23.274658	6.072037	1.000000	1.000000	0.999974	0.000356	1.000000	1.000000	0.999783	0.000073	1.001598	0.000016	1.018643	0.000024	1.000232	0.002217	1.002697	0.000178	1356751738.776896	0.999992	50.086740	36.433538	7.825305	1.000000	0.999892	1.000000	1.000000	1.000000	0.999894	0.999933	0.000379	1.023253	0.000022	1.009272	0.000052	1.024782	0.000022	1.000000	1.000000	
1356751739.776683	1.000001	36.607860	23.277108	6.089441	1.000000	1.000000	1.000001	0.000436	0.999999	1.000000	1.000993	0.000013	0.999577	0.000048	1.001376	0.000048	0.999163	0.000040	1.000815	0.000128	1356751739.776912	1.000016	50.193214	36.501004	7.887127	1.000000	1.000000	1.000000	1.000000	1.000000	1.000000	1.001590	0.000012	1.000234	0.000044	0.998219	0.000064	1.001708	0.000046	1.000000	1.000000	
1356751740.776682	0.999999	36.624119	23.296882	6.078894	1.000000	1.000000	0.999962	0.000385	1.000000	1.000000	1.000159	0.000061	1.005755	0.000021	1.005993	0.000013	1.002633	0.000013	0.999702	0.000404	1356751740.776901	0.999989	50.213655	36.542210	7.732232	1.000000	1.000000	1.000000	1.000000	1.000000	1.000000	0.989764	0.000054	1.001035	0.000012	1.002827	0.000037	0.994591	0.000012	1.000000	1.000000	
1356751741.776682	1.000000	36.621887	23.290070	6.082031	1.000000	1.000000	0.999829	0.000433	1.000000	1.000001	0.998752	0.000013	0.998957	0.000127	0.997775	0.000046	0.999673	0.000055	1.000018	0.000130	1356751741.776895	0.999994	50.241983	36.547642	7.998110	1.000000	1.000000	1.000000	1.000000	1.000000	1.000000	1.002065	0.000276	0.999774	0.000044	1.000075	0.000113	1.000339	0.000046	1.000000	1.000000	
1356751742.776682	1.000000	36.617676	23.293976	6.072540	1.000000	1.000000	1.000360	0.000375	1.000000	1.000000	1.000897	0.000062	0.999618	0.000021	0.995038	0.000013	0.998653	0.000013	1.000091	0.000140	1356751742.776897	1.000002	50.192012	36.528052	7.932755	1.000000	1.000000	1.000000	1.000000	1.000000	1.000000	0.988291	0.000048	0.995711	0.000012	1.000000	0.000037	0.999193	0.000013	1.000000	1.000000	
1356751743.776682	1.000000	36.614990	23.287766	6.078140	1.000000	1.000000	0.999782	0.000415	1.000000	1.000000	0.995461	0.000013	1.000744	0.000048	1.001901	0.000048	1.000000	0.000076	1.000015	0.000150	1356751743.776893	0.999996	50.222753	36.552471	7.978655	1.000000	1.000000	1.000000	1.000000	1.000000	1.000000	1.001714	0.000319	1.000814	0.000046	0.999685	0.000062	0.997379	0.000047	1.000000	1.000000	
1356751744.776682	1.000000	43.155457	29.830322	6.084641	1.000000	1.000000	1.000000	0.999709	1.000000	0.999999	0.998215	0.000380	0.998109	0.000022	1.014248	0.000013	0.997119	0.000009	0.999924	0.000132	1356751744.776876	0.999983	43.467563	29.794801	7.860942	0.996087	0.000163	1.000000	1.000000	1.000000	1.000000	0.999211	0.000048	0.997334	0.000012	0.997625	0.000038	1.011358	0.000011	1.000000	1.000000	
1356751745.776682	1.000000	43.164490	29.835861	6.089600	1.000000	1.000000	1.000000	1.000000	1.000000	1.000000	1.001863	0.000363	1.001158	0.000075	0.995725	0.000046	1.001174	0.000053	0.999928	0.000124	1356751745.776875	0.999999	43.423809	29.742262	7.902717	1.000146	0.000048	1.000000	1.000000	1.000000	1.000000	1.005959	0.000012	1.001126	0.000045	1.002150	0.000068	0.998826	0.000045	1.000000	1.000000	
1356751746.776682	1.000000	43.199814	29.874725	6.093216	1.000000	1.000000	1.000000	1.000000	1.000001	1.000001	0.999991	0.000399	0.997521	0.000017	0.998786	0.000013	0.997414	0.000014	1.000542	0.000132	1356751746.776873	0.999998	43.404074	29.753673	7.623519	0.999677	0.000027	1.000000	1.000000	1.000000	1.000000	0.999210	0.000057	0.999611	0.000011	0.999682	0.000036	1.003662	0.000013	1.000000	1.000000	
1356751747.776682	1.000000	43.088470	29.770493	6.077957	1.000000	1.000000	1.000000	1.000000	0.999999	0.999999	1.000137	0.000381	0.999389	0.000052	1.000499	0.000046	0.986266	0.000050	0.999388	0.000123	1356751747.776874	1.000001	43.338490	29.682177	7.861870	1.000030	0.000052	1.000000	1.000000	1.000000	1.000000	0.999804	0.000012	0.999607	0.000045	0.999842	0.000061	1.000391	0.000045	1.000000	1.000000	
1356751748.776682	1.000000	43.142944	29.809418	6.086395	1.000000	1.000000	1.000000	1.000000	1.000000	1.000000	0.999775	0.000375	0.999966	0.000023	1.000604	0.000013	1.000337	0.002023	0.999823	0.000152	1356751748.776876	1.000002	43.412576	29.753468	7.614548	1.000262	0.000028	1.000000	1.000000	1.000000	1.000000	0.999998	0.000364	1.002000	0.000012	0.994336	0.000038	0.998574	0.000013	1.000000	1.000000	
1356751749.776682	1.000000	45.676437	32.333008	6.081909	1.000000	1.000000	1.000000	1.000000	1.000000	1.000000	0.999827	0.003955	0.999915	0.002737	0.999833	0.002763	0.999745	0.002653	0.999807	0.002733	1356751749.776858	0.999982	48.131445	34.442205	7.947179	0.999979	0.002710	1.000000	1.000000	1.000000	1.000000	0.999824	0.002846	1.000161	0.002741	0.999896	0.002692	0.999832	0.002669	1.000000	1.000000	
1356751750.776683	1.000001	43.149327	29.815828	6.084970	1.000000	1.000000	1.000000	1.000000	1.000000	1.000000	1.000218	0.000425	1.014571	0.000017	1.020091	0.000022	1.028850	0.000023	1.003565	0.000150	1356751750.776879	1.000021	43.411687	29.753419	7.830723	1.001337	0.000038	1.000000	1.000000	1.000000	1.000000	1.008053	0.000063	0.977558	0.000021	1.006905	0.000052	1.024855	0.000021	1.000000	1.000000	
1356751751.776682	0.999999	43.077998	29.737760	6.097265	1.000000	1.000000	0.999999	0.999999	1.000000	1.000000	1.000119	0.000377	1.000386	0.000049	1.000071	0.000049	0.999572	0.000055	1.001085	0.000124	1356751751.776877	0.999998	43.393103	29.718929	7.898269	0.999684	0.000051	1.000000	1.000000	1.000000	1.000000	0.998841	0.000011	1.000105	0.000044	1.001012	0.000063	0.998014	0.000045	1.000000	1.000000	
1356751752.776682	1.000000	43.072601	29.731445	6.084305	1.000000	1.000000	1.000001	1.000000	1.000000	1.000000	0.999945	0.000412	0.997512	0.000022	1.000319	0.000013	1.002765	0.000013	0.999878	0.000133	1356751752.776877	1.000000	43.390182	29.714951	7.906647	1.000323	0.000027	1.000000	1.000000	1.000000	1.000000	0.990894	0.000061	0.999356	0.000012	1.001229	0.000036	0.998523	0.000013	1.000000	1.000000	
1356751753.776682	1.000000	43.053268	29.713516	6.080185	1.000000	1.000000	1.000000	1.000000	1.000000	1.000000	0.999912	0.000373	1.000449	0.000084	1.002579	0.000048	0.999894	0.000076	0.999032	0.000145	1356751753.776878	1.000001	43.396000	29.735857	7.738106	1.000068	0.000068	1.000000	1.000000	1.000000	1.000000	1.001571	0.000344	1.000169	0.000046	0.978536	0.000068	1.000473	0.000046	1.000000	1.000000	
1356751754.776682	1.000000	43.028961	29.680374	6.082458	1.000000	1.000000	1.000000	1.000000	1.000001	1.000001	1.000368	0.000403	0.998402	0.000017	0.994104	0.000013	1.003030	0.000009	1.001541	0.000135	1356751754.776866	0.999988	43.396010	29.697284	7.862063	0.999445	0.000022	1.000000	1.000000	1.000000	1.000000	1.000402	0.000048	1.001094	0.000011	1.040472	0.000037	0.998998	0.000012	1.000000	1.000000	
1356751755.776682	1.000000	43.055664	29.716507	6.079605	1.000000	1.000000	1.000000	1.000000	0.999999	1.000000	0.999649	0.000371	1.000648	0.000066	0.998881	0.000049	0.999359	0.000054	0.998938	0.000124	1356751755.776876	1.000010	43.392281	29.735054	7.812696	1.000189	0.000055	1.000000	1.000000	1.000000	1.000000	1.000464	0.000011	0.999213	0.000044	0.999338	0.000062	0.999695	0.000045	1.000000	1.000000	
1356751756.776682	1.000000	42.980240	29.643021	6.083710	1.000000	1.000000	1.000000	1.000000	1.000000	1.000000	0.999977	0.000395	0.999392	0.000018	0.997482	0.000013	0.999886	0.000014	0.999558	0.000131	1356751756.776887	1.000011	43.408673	29.720804	7.872640	0.999986	0.000027	1.000000	1.000000	1.000000	1.000000	0.999864	0.000108	1.001997	0.000012	0.998182	0.000037	1.009080	0.000012	1.000000	1.000000	
1356751757.776682	1.000000	42.932587	29.582260	6.072144	1.000000	1.000000	1.000000	1.000000	1.000000	1.000000	1.000007	0.000388	0.999625	0.000047	1.005018	0.000047	0.987820	0.000051	1.001694	0.000123	1356751757.776882	0.999995	43.416370	29.740551	7.757714	1.000128	0.000066	1.000000	1.000000	1.000000	1.000000	1.000000	0.000012	0.999753	0.000045	0.999355	0.000089	0.998251	0.000046	1.000000	1.000000	
1356751758.776683	1.000001	42.988103	29.641695	6.104563	1.000000	1.000000	1.000000	1.000000	1.000000	1.000000	1.000159	0.003045	1.000039	0.000069	0.994606	0.000038	1.002079	0.000295	0.999225	0.000286	1356751758.776876	0.999994	43.423461	29.767572	7.597488	0.999594	0.000054	1.000000	1.000000	1.000000	1.000000	0.999970	0.000404	1.000226	0.000053	1.000140	0.000242	0.999617	0.000075	1.000000	1.000000	
1356751759.776683	1.000000	40.269592	26.951172	5.700546	1.000000	0.867366	0.999999	0.867322	1.000000	0.867258	0.986285	0.000380	1.000501	0.000047	1.000519	0.000048	1.001052	0.000043	1.000059	0.000124	1356751759.777059	1.000183	41.081223	27.527690	6.436108	1.000016	0.000048	0.999999	0.866967	0.999999	0.866937	1.000818	0.000007	0.999940	0.000045	1.001369	0.000076	1.002032	0.000048	1.000000	1.000000	
1356751760.776682	0.999999	17.148088	3.939030	2.720797	0.845255	0.000288	0.819200	0.000018	0.724468	0.000070	0.547539	0.000658	0.814772	0.000029	0.705064	0.000019	0.714690	0.000019	0.606183	0.000225	1356751760.777040	0.999981	28.844315	15.667184	1.638032	1.000081	0.000028	0.999969	0.000063	0.999957	0.000018	0.999877	0.000069	1.000071	0.000011	1.000183	0.000059	0.999807	0.000012	1.000000	1.000000	
1356751761.776684	1.000002	19.672692	6.431186	4.078102	0.644198	0.007723	0.771607	0.000149	0.614112	0.000046	0.679882	0.000442	0.732682	0.000119	0.788694	0.000085	0.743284	0.000072	0.627486	0.000199	1356751761.776943	0.999903	28.876337	15.658731	3.151795	0.998985	0.000102	1.000137	0.000062	0.990948	0.000059	1.002190	0.000019	0.992262	0.000066	0.995557	0.000114	0.992383	0.000067	1.000000	1.000000	
1356751762.776688	1.000004	19.261870	5.986731	5.925849	0.583425	0.016315	0.658426	0.000061	0.728954	0.000079	0.598870	0.000363	1.005685	0.000030	0.921748	0.000050	1.014645	0.000027	0.606785	0.000260	1356751762.777151	1.000208	28.916565	15.668740	5.365980	1.002383	0.000042	0.999826	0.000060	1.015629	0.000031	0.993767	0.000096	1.025098	0.000021	1.007345	0.000065	1.023642	0.000020	1.000000	1.000000	
1356751763.776685	0.999997	20.768390	7.490776	5.500490	0.630453	0.013752	0.700920	0.000123	0.754978	0.000015	0.706590	0.000237	0.720560	0.000065	0.700278	0.000064	0.860637	0.000135	0.651208	0.000226	1356751763.776935	0.999784	28.917684	15.663982	4.769417	0.999740	0.000053	1.000054	0.000086	1.000058	0.000047	1.001489	0.000381	0.999842	0.000046	1.000368	0.000084	1.000479	0.000080	1.000000	1.000000	
1356751764.776684	0.999999	20.338108	7.076484	5.303701	0.613533	0.012159	0.808280	0.000027	0.711930	0.000077	0.612118	0.000325	0.817647	0.000027	0.699565	0.000018	0.652521	0.000013	0.689886	0.000189	1356751764.777067	1.000132	28.892836	15.651451	4.433252	1.000663	0.000027	0.999965	0.000044	1.001848	0.000020	0.999721	0.000048	0.999838	0.000012	0.999957	0.000036	0.999241	0.000012	1.000000	1.000000	
1356751765.776682	0.999998	21.442744	8.168167	5.293467	0.641355	0.012853	0.998965	0.000046	0.754390	0.000015	0.801866	0.000199	0.746575	0.000065	0.695196	0.000068	0.750504	0.000077	0.859473	0.000153	1356751765.776945	0.999878	28.885743	15.644244	4.458949	0.999755	0.000052	0.999897	0.000041	0.999967	0.000046	1.000142	0.000011	0.999943	0.000054	1.000000	0.000075	0.999916	0.000046	1.000000	1.000000	
1356751766.776683	1.000001	715809674.779500	715791909.549922	715800783.755280	0.999908	1.000630	0.999909	1.000651	0.999910	1.000648	0.999905	1.000622	0.999911	1.000647	0.999911	1.000633	0.999910	1.000646	0.999909	1.000638	1356751766.776775	0.999830	715945937.551140	715907237.004169	715901006.836400	0.999910	1.000643	0.999905	1.000636	3.898506	0.256653	0.999908	1.000634	0.999910	1.000645	0.999914	1.000646	0.999910	1.000647	0.999911	1.000649	
1356751767.776811	1.000128	0.000000	0.000000	0.000000	-nan	-nan	-nan	-nan	1.000008	inf	-nan	-nan	-nan	0.000000	-nan	-nan	-nan	-nan	-nan	-nan	1356751767.776889	1.000114	0.000000	0.000000	0.000000	-nan	-nan	-nan	-nan	1.345745	inf	-nan	-nan	-nan	-nan	-nan	-nan	-nan	-nan	-nan	-nan	
