ts_0	elapsed_0	pkg_0	pp0_0	dram_0	freq_ratio_0_0	c0_ratio_0_0	freq_ratio_0_1	c0_ratio_0_1	freq_ratio_0_2	c0_ratio_0_2	freq_ratio_0_3	c0_ratio_0_3	freq_ratio_0_4	c0_ratio_0_4	freq_ratio_0_5	c0_ratio_0_5	freq_ratio_0_6	c0_ratio_0_6	freq_ratio_0_7	c0_ratio_0_7	ts_1	elapsed_1	pkg_1	pp0_1	dram_1	freq_ratio_1_0	c0_ratio_1_0	freq_ratio_1_1	c0_ratio_1_1	freq_ratio_1_2	c0_ratio_1_2	freq_ratio_1_3	c0_ratio_1_3	freq_ratio_1_4	c0_ratio_1_4	freq_ratio_1_5	c0_ratio_1_5	freq_ratio_1_6	c0_ratio_1_6	freq_ratio_1_7	c0_ratio_1_7	
1354693627.916129	1.197986	17.187331	4.103988	2.606392	1.156311	0.308682	1.154194	0.300753	1.155037	0.301216	1.156554	0.307070	1.155166	0.301042	1.156588	0.306925	1.155416	0.301875	1.156357	0.305629	1354693627.916392	1.196839	20.232139	7.033361	1.634491	0.970159	0.000241	0.668091	0.000071	0.649745	0.000201	1.267574	0.160455	0.826753	0.000039	0.794911	0.000149	0.904975	0.000036	0.813733	0.000099	
1354693627.918795	0.002666	26.293686	11.721696	3.456984	0.506021	0.025656	0.564116	0.061432	1.091582	0.011562	0.556973	0.013130	0.742830	0.004206	0.980672	0.007534	1.272782	0.002524	1.300294	0.002452	1354693627.919178	0.002786	33.109114	18.989131	2.678306	1.272997	0.009616	0.616743	0.017836	1.251117	0.002098	1.220803	0.344990	1.243843	0.002162	0.577266	0.014496	1.259930	0.005260	0.572428	0.016813	
1354693627.947208	0.028413	17.236656	4.275331	3.789315	0.620906	0.004677	0.759979	0.004521	0.685630	0.000342	0.686686	0.000343	1.083317	0.000999	0.686801	0.000333	1.270941	0.000999	1.269602	0.000247	1354693627.947538	0.028360	36.952131	23.849752	3.505338	0.842520	0.002163	0.578560	0.001336	0.609808	0.001619	1.267565	0.936661	1.263650	0.000519	1.246875	0.000201	1.249620	0.000204	1.250596	0.000175	
1354693628.365460	0.418252	71.533118	58.421202	5.909109	1.180589	0.852262	1.181679	0.953650	1.171491	0.476410	1.181822	0.953245	1.170786	0.470868	1.181555	0.946666	1.178592	0.741382	1.183714	0.612072	1354693628.365717	0.418179	77.559730	64.294135	2.860126	1.173099	0.954279	1.154602	0.475879	1.154577	0.475512	1.173143	0.949212	1.173123	0.948269	1.173122	0.948093	1.173123	0.948096	1.173657	0.846575	
1354693628.867367	0.501907	69.508652	56.428872	5.944398	1.151753	0.767317	1.153702	0.764485	1.153814	0.764232	1.153743	0.764269	1.153828	0.764210	1.153782	0.764275	1.153816	0.764026	1.153817	0.763997	1354693628.867846	0.502129	74.952386	61.732677	2.402064	1.153868	0.764108	1.153790	0.763958	1.153847	0.763849	1.153849	0.763743	1.153852	0.763758	1.153847	0.763625	1.153848	0.763614	1.180771	0.996758	
1354693629.312238	0.444871	63.093434	49.962472	5.549705	1.152056	0.635056	1.153424	0.633003	1.153607	0.632735	1.153687	0.632629	1.153749	0.632592	1.153558	0.632808	1.153778	0.632831	1.153691	0.632751	1354693629.312534	0.444688	69.323837	56.055438	2.364747	1.153799	0.633020	1.153880	0.632952	1.153854	0.632783	1.153848	0.632733	1.153848	0.632736	1.153790	0.632909	1.153852	0.632742	1.195777	0.996749	
1354693629.759924	0.447686	56.191290	43.079227	4.927274	1.151573	0.531449	1.153828	0.529275	1.153799	0.529121	1.153858	0.528853	1.153857	0.528842	1.153734	0.529016	1.153853	0.528733	1.153868	0.528815	1354693629.760363	0.447829	64.710656	51.477496	2.372762	1.153914	0.530163	1.153783	0.529083	1.153852	0.528687	1.153852	0.528755	1.153777	0.528807	1.153851	0.528827	1.153780	0.528866	1.207784	0.994849	
1354693630.208333	0.448409	76.609548	63.517473	6.037036	1.153980	0.869292	1.153874	0.868441	1.153861	0.868336	1.153843	0.868188	1.153848	0.868175	1.153854	0.868273	1.153851	0.868207	1.153848	0.868164	1354693630.208791	0.448428	74.755790	61.466906	2.226848	1.168511	0.995440	1.154039	0.869737	1.153858	0.868270	1.153848	0.868143	1.153851	0.868032	1.153803	0.868064	1.153848	0.867884	1.153842	0.201841	
1354693630.651837	0.443504	70.948689	57.851504	5.695518	1.152896	0.770394	1.153876	0.768683	1.153851	0.768536	1.153794	0.768672	1.153852	0.768474	1.153860	0.768588	1.153853	0.768544	1.153849	0.768442	1354693630.652276	0.443485	75.570922	62.305133	2.485219	1.153791	0.768774	1.180163	0.996661	1.153870	0.768636	1.153848	0.768338	1.153848	0.768339	1.153848	0.768327	1.153850	0.768355	1.153790	0.768729	
1354693630.944408	0.292571	84.652774	71.542634	6.027766	1.153869	0.996988	1.153854	0.996881	1.153856	0.996987	1.153853	0.997313	1.153847	0.997249	1.153852	0.997733	1.153853	0.997833	1.153848	0.997995	1354693630.944469	0.292193	87.972858	74.672481	2.279892	1.153878	0.998491	1.153991	0.995182	1.153873	0.998762	1.153849	0.998441	1.153849	0.998757	1.153849	0.998858	1.153849	0.999164	1.153875	0.999707	
1354693631.201120	0.256712	76.694935	63.588264	5.997370	1.153845	0.804042	1.153884	0.802190	1.153844	0.801833	1.153853	0.801574	1.153855	0.801489	1.153858	0.801203	1.153847	0.801028	1.153848	0.800725	1354693631.201559	0.257090	80.094459	66.852928	2.396808	1.153713	0.800766	1.176169	0.993956	1.153845	0.800267	1.153845	0.800172	1.153845	0.799884	1.153845	0.799792	1.153848	0.799539	1.153713	0.799578	
1354693631.516619	0.315499	84.264215	71.134509	6.117511	1.153870	0.997234	1.153853	0.997116	1.153855	0.997214	1.153854	0.997509	1.153847	0.997454	1.153853	0.997906	1.153853	0.997997	1.153848	0.998152	1354693631.516679	0.315120	87.527648	74.245160	2.339226	1.153873	0.998598	1.153976	0.994909	1.153872	0.998901	1.153849	0.998582	1.153849	0.998874	1.153848	0.998961	1.153849	0.999249	1.153872	0.999756	
1354693631.759881	0.243262	85.078416	71.939948	6.109172	1.153904	0.961770	1.153879	0.961409	1.153845	0.960997	1.153851	0.960660	1.153853	0.960564	1.153855	0.960175	1.153847	0.960008	1.153847	0.959630	1354693631.760320	0.243641	87.774914	74.536129	2.344549	1.153755	0.959631	1.157693	0.993832	1.153845	0.959080	1.153846	0.958957	1.153845	0.958582	1.153846	0.958473	1.153848	0.958137	1.153728	0.958150	
1354693632.002781	0.242900	86.419248	73.259180	6.117715	1.153875	0.996374	1.153856	0.996229	1.153858	0.996366	1.153855	0.996750	1.153849	0.996673	1.153854	0.997261	1.153855	0.997378	1.153849	0.997569	1354693632.002842	0.242522	89.616396	76.312128	2.491707	1.153880	0.998141	1.154020	0.993141	1.153880	0.998525	1.153850	0.998126	1.153850	0.998508	1.153850	0.998615	1.153850	0.999005	1.153880	0.999675	
1354693632.247484	0.244703	86.937222	73.764381	6.122022	1.153846	1.000000	1.153846	1.000000	1.153843	0.999999	1.153823	1.000000	1.153845	1.000000	1.153846	0.999999	1.153846	1.000001	1.153844	1.000000	1354693632.247551	0.244709	89.576642	76.335656	2.441192	1.153846	1.000000	1.153846	0.995796	1.153846	1.000000	1.153846	1.000000	1.153846	1.000000	1.153846	1.000000	1.153846	1.000000	1.153846	1.000000	
1354693632.490537	0.243053	86.538159	73.436729	6.062948	1.153846	1.000000	1.153846	1.000000	1.153849	1.000000	1.153867	0.999999	1.153846	1.000000	1.153846	1.000000	1.153846	1.000000	1.153848	1.000000	1354693632.490599	0.243048	89.762427	76.486321	2.798462	1.153846	1.000000	1.153846	0.994651	1.153846	1.000000	1.153846	1.000000	1.153847	1.000000	1.153845	1.000000	1.153846	1.000000	1.153846	1.000000	
1354693632.736112	0.245575	86.978874	73.797067	6.102150	1.153846	1.000000	1.153846	1.000000	1.153845	0.999999	1.153849	1.000001	1.153846	1.000000	1.153847	1.000001	1.153846	1.000000	1.153845	1.000000	1354693632.736174	0.245575	89.604822	76.355660	2.384305	1.153846	1.000000	1.153846	0.994670	1.153846	1.000000	1.153846	1.000000	1.153846	1.000000	1.153846	1.000000	1.153846	1.000000	1.153846	1.000000	
1354693633.013609	0.277497	75.228663	62.090074	5.783665	1.153950	0.775039	1.153879	0.773691	1.153855	0.773215	1.153847	0.773063	1.153849	0.772793	1.153848	0.772699	1.153852	0.772465	1.153849	0.772339	1354693633.014050	0.277876	78.893793	65.603438	2.485877	1.154170	0.774652	1.179379	0.993878	1.153845	0.771940	1.153846	0.771858	1.153845	0.771602	1.153845	0.771508	1.153845	0.771254	1.153845	0.771157	
1354693633.440226	0.426617	73.140067	60.022035	5.710338	1.153999	0.789392	1.153878	0.788471	1.153857	0.788475	1.153853	0.788319	1.153861	0.788407	1.153853	0.788316	1.153857	0.788455	1.153849	0.788204	1354693633.440669	0.426619	76.903187	63.663292	2.203126	1.177796	0.994910	1.153947	0.790133	1.153872	0.788423	1.153848	0.788097	1.153848	0.788090	1.153848	0.788090	1.153848	0.788081	1.153872	0.788422	
1354693633.848836	0.408610	70.811764	57.663315	5.608120	1.152183	0.760411	1.153585	0.758453	1.153820	0.758110	1.153846	0.758212	1.153845	0.758125	1.153846	0.758334	1.153839	0.758291	1.153835	0.758299	1354693633.849159	0.408490	75.990865	62.713860	2.274792	1.153881	0.758576	1.181227	0.996356	1.153872	0.758516	1.153848	0.758216	1.153848	0.758213	1.153848	0.758215	1.153848	0.758195	1.153872	0.758509	
1354693634.252346	0.403510	69.868191	56.749326	5.550090	1.153928	0.748251	1.153813	0.747347	1.153795	0.747242	1.153849	0.746900	1.153849	0.746889	1.153749	0.747038	1.153853	0.746793	1.153854	0.746774	1354693634.252791	0.403632	75.402207	62.164705	2.101055	1.154043	0.748166	1.182360	0.995106	1.153848	0.746637	1.153848	0.746624	1.153848	0.746622	1.153853	0.746740	1.153853	0.746753	1.153865	0.746875	
1354693634.666576	0.414230	66.664053	53.537475	5.428006	1.151922	0.722336	1.153882	0.719321	1.153853	0.719154	1.153857	0.719176	1.153851	0.719055	1.153857	0.719191	1.153854	0.719148	1.153849	0.719035	1354693634.667021	0.414230	74.063180	60.805428	2.403066	1.185826	0.995102	1.154028	0.720959	1.153874	0.719242	1.153848	0.718926	1.153848	0.718922	1.153848	0.718924	1.153848	0.718924	1.153874	0.719246	
1354693635.006445	0.339869	76.466925	63.295625	5.808880	1.153682	0.836166	1.153882	0.835122	1.153860	0.834975	1.153855	0.834913	1.153848	0.834764	1.153854	0.834904	1.153858	0.834928	1.153849	0.834757	1354693635.006895	0.339874	80.351722	67.050734	2.172355	1.153881	0.835077	1.172348	0.996323	1.153875	0.835035	1.153848	0.834627	1.153848	0.834628	1.153848	0.834639	1.153848	0.834634	1.153875	0.835025	
1354693635.008788	0.002343	28.974865	17.714460	5.262237	1.262925	0.007075	1.269500	0.031164	1.236853	0.003142	1.254512	0.007145	1.254505	0.006677	1.242196	0.009868	1.267337	0.002905	1.267311	0.003003	1354693635.009218	0.002323	28.988197	17.532177	4.296007	1.219581	0.275145	1.123796	0.190126	1.254504	0.002628	1.254316	0.002550	1.244198	0.002670	1.243992	0.002284	1.254460	0.002751	1.254971	0.002724	
