ts_0	elapsed_0	pkg_0	pp0_0	dram_0	freq_ratio_0_0	c0_ratio_0_0	freq_ratio_0_1	c0_ratio_0_1	freq_ratio_0_2	c0_ratio_0_2	freq_ratio_0_3	c0_ratio_0_3	freq_ratio_0_4	c0_ratio_0_4	freq_ratio_0_5	c0_ratio_0_5	freq_ratio_0_6	c0_ratio_0_6	freq_ratio_0_7	c0_ratio_0_7	ts_1	elapsed_1	pkg_1	pp0_1	dram_1	freq_ratio_1_0	c0_ratio_1_0	freq_ratio_1_1	c0_ratio_1_1	freq_ratio_1_2	c0_ratio_1_2	freq_ratio_1_3	c0_ratio_1_3	freq_ratio_1_4	c0_ratio_1_4	freq_ratio_1_5	c0_ratio_1_5	freq_ratio_1_6	c0_ratio_1_6	freq_ratio_1_7	c0_ratio_1_7	
1354693219.555767	1.001989	47.983485	34.625211	4.958095	1.155769	0.005499	1.234442	0.616340	1.234671	0.616298	1.222526	0.435721	1.221717	0.394518	0.822495	0.000104	0.736286	0.000075	1.120990	0.000119	1354693219.556023	1.000743	56.707703	43.094831	5.734418	1.243343	0.551728	1.192403	0.224201	1.216987	0.624599	1.192815	0.010044	1.216972	0.624352	0.943975	0.000098	1.217236	0.614709	1.216930	0.625443	
1354693220.555689	0.999922	68.089720	54.662358	6.042097	1.192205	0.002462	1.223987	0.988972	1.223988	0.988957	1.223988	0.988950	1.223989	0.988939	1.192291	0.005645	1.195235	0.000042	1.189955	0.000039	1354693220.555917	0.999894	64.691815	50.884015	8.059434	1.192584	0.000036	1.193681	0.000010	1.230750	0.999824	1.192276	0.000069	1.230750	0.999823	1.195774	0.000010	1.230750	0.999822	1.230750	0.999823	
1354693221.555688	0.999999	68.298008	54.849158	6.083334	1.192296	0.003451	1.229359	0.988783	1.229360	0.988766	1.229359	0.988763	1.229360	0.988750	1.192290	0.004883	1.210896	0.000010	1.193537	0.000011	1354693221.555914	0.999997	64.788622	50.980627	8.072535	1.184699	0.000088	1.182758	0.000067	1.230746	0.999823	1.182752	0.000063	1.230746	0.999823	1.190844	0.000046	1.230746	0.999823	1.230746	0.999823	
1354693222.555688	1.000000	68.357910	54.879471	6.052475	1.192108	0.000404	1.229853	0.995519	1.229853	0.995512	1.229863	0.995833	1.229852	0.995507	1.191527	0.002631	1.184282	0.000037	1.188289	0.000047	1354693222.555917	1.000003	64.670133	50.789180	8.096655	1.192298	0.000052	1.192192	0.000010	1.229977	0.992692	1.192397	0.005103	1.229978	0.992688	1.199016	0.000009	1.229978	0.992678	1.229978	0.992683	
1354693223.555688	1.000000	68.547318	55.061859	6.062637	1.192348	0.004787	1.230457	0.999043	1.230459	0.999036	1.230476	0.999017	1.230478	0.999014	1.240755	0.000041	1.184641	0.000011	1.205037	0.000011	1354693223.555911	0.999994	64.836248	50.922484	8.188831	1.188293	0.000077	1.183144	0.000050	1.230382	0.995651	1.192027	0.003007	1.230377	0.995512	1.186478	0.000034	1.230378	0.995510	1.230382	0.995646	
1354693224.555688	1.000000	68.526062	55.026077	6.055038	1.192031	0.002158	1.230373	0.997532	1.230372	0.997529	1.230373	0.997528	1.230373	0.997525	1.189361	0.000141	1.193391	0.000039	1.186604	0.000115	1354693224.555911	1.000000	64.814041	50.875259	8.310242	1.192336	0.004473	1.210169	0.000010	1.230196	0.993690	1.192343	0.000295	1.230192	0.993665	1.210530	0.000010	1.230192	0.993658	1.230192	0.993653	
1354693225.555689	1.000001	68.485622	54.988107	6.039133	1.192592	0.000604	1.230706	0.999413	1.230706	0.999412	1.230706	0.999411	1.230706	0.999410	1.191615	0.000040	1.199868	0.000011	1.197416	0.000011	1354693225.555915	1.000004	65.113689	51.194861	8.168683	1.192131	0.003871	1.180821	0.000056	1.230062	0.994770	1.184579	0.000081	1.230066	0.994791	1.191173	0.000039	1.230066	0.994788	1.230066	0.994782	
1354693226.555688	0.999999	68.541432	55.058784	6.073324	1.191908	0.000458	1.230245	0.994629	1.230245	0.994625	1.230245	0.994618	1.230245	0.994613	1.192305	0.003622	1.182019	0.000039	1.181868	0.000039	1354693226.555837	0.999922	64.943555	51.073943	8.201964	1.192369	0.000086	1.193160	0.000010	1.230746	0.999778	1.192982	0.000075	1.230746	0.999777	1.192837	0.000009	1.230746	0.999778	1.230746	0.999777	
1354693227.555688	1.000000	68.596054	55.113190	6.024063	1.192380	0.000583	1.230449	0.996567	1.230450	0.996558	1.230450	0.996562	1.230450	0.996552	1.192025	0.002193	1.183854	0.000012	1.190917	0.000012	1354693227.555913	1.000076	64.802109	50.929919	8.124291	1.192102	0.003916	1.170936	0.000055	1.230285	0.994612	1.184521	0.000080	1.230285	0.994615	1.177665	0.000036	1.230285	0.994608	1.230285	0.994605	
1354693228.555688	1.000000	68.698547	55.196594	6.044342	1.192255	0.001028	1.230578	0.998499	1.230578	0.998498	1.230578	0.998496	1.230579	0.998495	1.218711	0.000021	1.202995	0.000054	1.200980	0.000053	1354693228.555916	1.000003	64.916852	50.995157	8.217473	1.192339	0.001736	1.222927	0.000017	1.230545	0.997498	1.192315	0.000125	1.230545	0.997497	1.224813	0.000018	1.230545	0.997496	1.230545	0.997497	
1354693229.555688	1.000000	68.756378	55.261551	6.051697	1.192199	0.000884	1.230671	0.999176	1.230672	0.999175	1.230672	0.999175	1.230672	0.999174	1.192069	0.000103	1.190717	0.000011	1.198401	0.000011	1354693229.555911	0.999995	64.962453	51.063107	8.157649	1.190332	0.000153	1.185929	0.000046	1.230728	0.999651	1.190761	0.000169	1.230728	0.999650	1.192309	0.000038	1.230728	0.999649	1.230728	0.999650	
1354693230.555688	1.000000	68.672302	55.173447	6.053802	1.192613	0.000395	1.230713	0.999411	1.230713	0.999410	1.230713	0.999410	1.230713	0.999409	1.196593	0.000011	1.192724	0.000038	1.192242	0.000040	1354693230.555916	1.000005	64.941905	51.010380	8.277974	1.192304	0.003660	1.193669	0.000010	1.230329	0.995079	1.191983	0.000054	1.230328	0.995083	1.188388	0.000010	1.230329	0.995074	1.230329	0.995069	
1354693231.555688	1.000000	68.609039	55.139801	6.047119	1.192557	0.000585	1.230721	0.999406	1.230705	0.998957	1.230705	0.998959	1.230705	0.998956	1.192469	0.000037	1.194134	0.000011	1.192076	0.000025	1354693231.555909	0.999993	64.847220	50.947313	8.175517	1.192248	0.005829	1.185487	0.000044	1.229991	0.992155	1.189052	0.000083	1.229991	0.992145	1.193597	0.000035	1.229991	0.992148	1.229992	0.992133	
1354693232.555688	1.000000	68.781860	55.308044	6.063080	1.192269	0.004108	1.229832	0.994654	1.229832	0.994656	1.229832	0.994645	1.229832	0.994636	1.193624	0.000025	1.190250	0.000041	1.192692	0.000038	1354693232.555908	0.999999	65.017915	51.169437	8.081047	1.192304	0.000107	1.190126	0.000010	1.230743	0.999757	1.192488	0.000079	1.230744	0.999757	1.186474	0.000010	1.230744	0.999757	1.230744	0.999756	
1354693233.555688	1.000000	68.607437	55.170456	6.083298	1.192310	0.004996	1.229090	0.989569	1.229090	0.989604	1.229090	0.989552	1.229090	0.989587	1.192301	0.004152	1.202771	0.000011	1.190930	0.000011	1354693233.555919	1.000011	64.928365	51.108952	8.058627	1.184750	0.000088	1.177986	0.000053	1.230744	0.999470	1.185648	0.000089	1.230755	0.999778	1.188706	0.000037	1.230744	0.999437	1.230755	0.999778	
1354693234.555688	1.000000	68.777649	55.318268	6.049210	1.192275	0.001525	1.229677	0.990666	1.229677	0.990656	1.229677	0.990654	1.229678	0.990639	1.192296	0.005415	1.190754	0.000037	1.191483	0.000038	1354693234.555911	0.999992	64.947792	51.100039	8.096028	1.192174	0.000067	1.207490	0.000010	1.230750	0.999845	1.192239	0.000084	1.230750	0.999845	1.201537	0.000017	1.230750	0.999845	1.230750	0.999845	
1354693235.555688	1.000000	68.938385	55.478119	6.049194	1.164075	0.003836	1.225433	0.994696	1.225433	0.994698	1.225434	0.994692	1.225433	0.994689	1.177661	0.006534	1.154191	0.002581	1.154563	0.002441	1354693235.555910	0.999999	65.297426	51.465824	8.111946	1.157214	0.002584	1.155782	0.002579	1.226265	0.999664	1.161900	0.003574	1.226265	0.999663	1.154185	0.002320	1.226265	0.999664	1.226265	0.999664	
1354693236.555688	1.000000	68.792725	55.341202	6.082581	1.192199	0.000386	1.230047	0.992046	1.230047	0.992035	1.230046	0.992029	1.230047	0.992017	1.192305	0.005703	1.200735	0.000035	1.189839	0.000034	1354693236.555912	1.000002	64.976759	51.156961	8.014618	1.192487	0.000037	1.192005	0.000027	1.230753	0.999866	1.192378	0.000057	1.230753	0.999867	1.191331	0.000030	1.230753	0.999867	1.230753	0.999866	
1354693237.555688	1.000000	68.808624	55.340698	6.058975	1.192429	0.000590	1.230446	0.997392	1.230447	0.997389	1.230447	0.997386	1.230447	0.997383	1.192346	0.001692	1.170813	0.000011	1.210160	0.000011	1354693237.555911	0.999999	64.974748	51.105609	8.128166	1.192185	0.002833	1.188055	0.000066	1.230449	0.996470	1.184258	0.000035	1.230449	0.996468	1.193083	0.000036	1.230449	0.996464	1.230449	0.996462	
1354693238.555695	1.000007	47.210932	33.828273	4.824811	1.050409	0.001487	1.221902	0.577904	1.221902	0.577826	1.221911	0.577793	1.221911	0.577772	1.233902	0.000011	1.183887	0.000039	1.185507	0.000038	1354693238.556080	1.000169	51.652112	38.136711	4.756124	1.224146	0.005999	1.200317	0.000026	1.230048	0.575103	1.196088	0.000058	1.230049	0.574796	1.199878	0.000028	1.230052	0.574861	1.246592	0.995253	
1354693239.555709	1.000014	715759459.987714	715763862.444020	715777049.458016	0.999978	1.000789	0.999976	1.000792	0.999986	1.000789	0.999978	1.000789	0.999978	1.000792	0.999981	1.000787	0.999978	1.000792	0.999978	1.000789	1354693239.555789	0.999709	715992124.222136	716019016.118605	716014536.351400	0.999978	1.000789	0.999976	1.000792	3.893850	0.257014	0.999978	1.000789	0.999978	1.000792	0.999981	1.000787	0.999978	1.000792	0.999978	1.000790	
1354693240.555768	1.000059	0.000000	0.000000	0.000000	-nan	-nan	-nan	-nan	8.000000	inf	-nan	-nan	-nan	0.000000	-nan	-nan	-nan	-nan	-nan	-nan	1354693240.555845	1.000056	0.000000	0.000000	0.000000	-nan	-nan	-nan	-nan	0.000000	inf	-nan	-nan	-nan	-nan	-nan	-nan	-nan	-nan	-nan	-nan	
