ts_0	elapsed_0	pkg_0	pp0_0	dram_0	freq_ratio_0_0	c0_ratio_0_0	freq_ratio_0_1	c0_ratio_0_1	freq_ratio_0_2	c0_ratio_0_2	freq_ratio_0_3	c0_ratio_0_3	freq_ratio_0_4	c0_ratio_0_4	freq_ratio_0_5	c0_ratio_0_5	freq_ratio_0_6	c0_ratio_0_6	freq_ratio_0_7	c0_ratio_0_7	ts_1	elapsed_1	pkg_1	pp0_1	dram_1	freq_ratio_1_0	c0_ratio_1_0	freq_ratio_1_1	c0_ratio_1_1	freq_ratio_1_2	c0_ratio_1_2	freq_ratio_1_3	c0_ratio_1_3	freq_ratio_1_4	c0_ratio_1_4	freq_ratio_1_5	c0_ratio_1_5	freq_ratio_1_6	c0_ratio_1_6	freq_ratio_1_7	c0_ratio_1_7	
1354689567.139315	1.001903	65.369342	51.610264	5.671641	1.157391	0.571867	1.153494	0.560686	1.153435	0.566546	1.155096	0.574169	1.155535	0.572814	1.153893	0.565716	1.154381	0.563812	1.154284	0.564976	1354689567.139393	1.000336	66.401522	52.645538	6.225356	0.931271	0.953387	0.931250	0.953121	0.931199	0.953193	0.931201	0.952949	0.931231	0.952710	0.931204	0.952662	0.931222	0.952661	0.931251	0.954226	
1354689568.139311	0.999996	64.718051	50.972222	5.842324	0.888840	0.996742	0.888840	0.996740	0.888840	0.996740	0.888840	0.996737	0.888840	0.996736	0.888840	0.996734	0.888840	0.996732	0.888840	0.996730	1354689568.139381	0.999988	64.716592	50.914425	6.721104	0.884616	0.997499	0.884616	0.997499	0.884617	0.997504	0.884616	0.997494	0.884617	0.997500	0.884617	0.997499	0.884616	0.997490	0.884616	0.997489	
1354689569.139310	0.999999	64.715104	50.891177	6.028631	0.887367	0.997208	0.887367	0.997205	0.887366	0.997204	0.887366	0.997201	0.887367	0.997201	0.887367	0.997199	0.887367	0.997197	0.887366	0.997195	1354689569.139377	0.999996	64.721866	50.824501	6.893689	0.883337	0.997064	0.883337	0.997066	0.883337	0.997063	0.883337	0.997057	0.883337	0.997055	0.883337	0.997055	0.883337	0.997050	0.883337	0.997050	
1354689570.139310	1.000000	64.715683	50.922287	5.923050	0.887328	0.997418	0.887328	0.997416	0.887328	0.997413	0.887328	0.997413	0.887328	0.997410	0.887328	0.997413	0.887327	0.997411	0.887328	0.997408	1354689570.139380	1.000003	64.717054	50.850108	6.864160	0.883217	0.997399	0.883216	0.997398	0.883217	0.997397	0.883216	0.997393	0.883216	0.997392	0.883216	0.997390	0.883216	0.997387	0.883216	0.997386	
1354689571.139310	1.000000	64.711655	50.912445	5.895218	0.887658	0.997468	0.887658	0.997464	0.887658	0.997464	0.887658	0.997461	0.887657	0.997462	0.887658	0.997459	0.887658	0.997458	0.887658	0.997457	1354689571.139374	0.999994	64.716053	50.851682	6.762583	0.883330	0.997499	0.883330	0.997497	0.883330	0.997496	0.883330	0.997493	0.883331	0.997490	0.883331	0.997488	0.883331	0.997487	0.883331	0.997486	
1354689572.139310	1.000000	64.721130	50.913498	5.844788	0.887578	0.997745	0.887578	0.997745	0.887578	0.997741	0.887577	0.997741	0.887577	0.997740	0.887577	0.997741	0.887577	0.997738	0.887577	0.997737	1354689572.139376	1.000002	64.719939	50.847437	6.801455	0.881694	0.996979	0.881694	0.996977	0.881694	0.996978	0.881694	0.996974	0.881694	0.996970	0.881693	0.996970	0.881693	0.996967	0.881693	0.996965	
1354689573.139310	1.000000	64.649353	50.817108	5.970551	0.886848	0.997627	0.886848	0.997625	0.886848	0.997625	0.886848	0.997623	0.886848	0.997621	0.886848	0.997618	0.886848	0.997617	0.886848	0.997616	1354689573.139372	0.999996	64.719195	50.812508	6.837888	0.883817	0.997450	0.883818	0.997448	0.883818	0.997447	0.883817	0.997443	0.883817	0.997442	0.883817	0.997442	0.883817	0.997438	0.883817	0.997437	
1354689574.139310	1.000000	64.785553	50.973602	5.854858	0.887191	0.997788	0.887191	0.997785	0.887191	0.997784	0.887191	0.997784	0.887191	0.997782	0.887191	0.997781	0.887191	0.997779	0.887191	0.997777	1354689574.139374	1.000002	64.721205	50.867502	6.812319	0.884226	0.997347	0.884225	0.997347	0.884226	0.997344	0.884226	0.997341	0.884226	0.997341	0.884226	0.997339	0.884225	0.997339	0.884225	0.997338	
1354689575.139310	1.000000	64.650024	50.865494	6.011444	0.887064	0.997862	0.887064	0.997858	0.887064	0.997857	0.887065	0.997857	0.887064	0.997857	0.887064	0.997855	0.887064	0.997855	0.887064	0.997855	1354689575.139376	1.000002	64.713057	50.861582	6.772891	0.884188	0.997484	0.884188	0.997484	0.884188	0.997483	0.884188	0.997482	0.884188	0.997480	0.884188	0.997479	0.884188	0.997474	0.884188	0.997475	
1354689576.139310	1.000000	64.716324	50.896805	5.868515	0.887135	0.997754	0.887135	0.997754	0.887135	0.997751	0.887135	0.997751	0.887135	0.997750	0.887135	0.997750	0.887135	0.997749	0.887135	0.997743	1354689576.139378	1.000002	64.720503	50.844080	6.754275	0.884747	0.997532	0.884747	0.997531	0.884747	0.997525	0.884747	0.997523	0.884747	0.997521	0.884747	0.997521	0.884747	0.997516	0.884747	0.997518	
1354689577.139310	1.000000	64.715820	50.929321	5.896057	0.886480	0.997580	0.886479	0.997579	0.886480	0.997587	0.886480	0.997578	0.886480	0.997584	0.886479	0.997574	0.886479	0.997581	0.886480	0.997579	1354689577.139373	0.999995	64.716861	50.874156	6.697772	0.884088	0.997250	0.884088	0.997248	0.884088	0.997247	0.884088	0.997246	0.884088	0.997245	0.884088	0.997242	0.884088	0.997241	0.884088	0.997239	
1354689578.139310	1.000000	64.718475	50.863922	5.958038	0.887359	0.997230	0.887359	0.997229	0.887360	0.997230	0.887359	0.997227	0.887359	0.997225	0.887359	0.997222	0.887359	0.997221	0.887359	0.997219	1354689578.139373	1.000000	64.655609	50.749496	6.900604	0.882974	0.997499	0.882974	0.997500	0.882974	0.997497	0.882974	0.997495	0.882974	0.997494	0.882974	0.997492	0.882974	0.997488	0.882974	0.997488	
1354689579.139310	1.000000	64.716049	50.879257	6.018799	0.887111	0.997226	0.887111	0.997224	0.887111	0.997222	0.887111	0.997220	0.887111	0.997221	0.887111	0.997216	0.887111	0.997216	0.887111	0.997215	1354689579.139375	1.000002	64.782027	50.876398	6.895251	0.883570	0.997496	0.883570	0.997497	0.883570	0.997493	0.883570	0.997491	0.883569	0.997491	0.883569	0.997490	0.883569	0.997485	0.883569	0.997484	
1354689580.139310	1.000000	64.712479	50.894638	5.932617	0.887775	0.997133	0.887775	0.997131	0.887775	0.997130	0.887775	0.997129	0.887775	0.997125	0.887775	0.997123	0.887775	0.997122	0.887775	0.997120	1354689580.139377	1.000002	64.653487	50.805033	6.795092	0.883048	0.997307	0.883048	0.997307	0.883048	0.997303	0.883048	0.997301	0.883049	0.997303	0.883049	0.997301	0.883049	0.997297	0.883049	0.997296	
1354689581.139310	1.000000	64.715775	50.934967	5.888107	0.887587	0.996722	0.887586	0.996722	0.887587	0.996721	0.887587	0.996718	0.887586	0.996712	0.887587	0.996713	0.887587	0.996713	0.887586	0.996710	1354689581.139374	0.999997	64.721072	50.900716	6.588308	0.883459	0.997272	0.883459	0.997270	0.883459	0.997270	0.883459	0.997267	0.883459	0.997267	0.883459	0.997267	0.883458	0.997264	0.883458	0.997261	
1354689582.139310	1.000000	64.717270	50.904907	6.012756	0.887750	0.996842	0.887750	0.996839	0.887750	0.996839	0.887750	0.996837	0.887750	0.996834	0.887750	0.996833	0.887750	0.996832	0.887749	0.996830	1354689582.139376	1.000002	64.715163	50.876627	6.776415	0.883642	0.997596	0.883643	0.997594	0.883643	0.997594	0.883643	0.997592	0.883643	0.997591	0.883643	0.997590	0.883643	0.997588	0.883643	0.997585	
1354689583.139310	1.000000	64.715164	50.923523	5.933624	0.887390	0.996782	0.887389	0.996779	0.887389	0.996775	0.887389	0.996774	0.887390	0.996773	0.887390	0.996770	0.887390	0.996768	0.887390	0.996764	1354689583.139375	0.999999	64.721589	50.911746	6.830664	0.883650	0.997404	0.883650	0.997402	0.883650	0.997401	0.883649	0.997397	0.883649	0.997396	0.883649	0.997395	0.883649	0.997394	0.883649	0.997394	
1354689584.139310	1.000000	64.720383	50.861664	6.053207	0.886836	0.997230	0.886837	0.996963	0.886836	0.996939	0.886836	0.997223	0.886836	0.996897	0.886836	0.996895	0.886835	0.997219	0.886834	0.997217	1354689584.139382	1.000007	64.717356	50.833633	6.920454	0.882592	0.996965	0.882592	0.996939	0.882592	0.996941	0.882592	0.996938	0.882592	0.996934	0.882592	0.996929	0.882592	0.996978	0.882592	0.997259	
1354689585.139310	1.000000	64.711990	50.873154	5.956863	0.887142	0.996487	0.887141	0.996519	0.887141	0.996969	0.887141	0.996967	0.887142	0.996475	0.887142	0.996965	0.887143	0.996456	0.887141	0.996960	1354689585.139382	1.000000	64.719910	50.862610	6.849686	0.883177	0.996931	0.883176	0.996898	0.883176	0.996912	0.883167	0.997379	0.883167	0.997385	0.883176	0.996897	0.883178	0.996954	0.883167	0.997380	
1354689586.139310	1.000000	64.716858	50.874603	6.036621	0.887453	0.997061	0.887454	0.997056	0.887453	0.997055	0.887453	0.997056	0.887454	0.997055	0.887453	0.997051	0.887453	0.997052	0.887454	0.997051	1354689586.139386	1.000004	64.716687	50.855110	6.868380	0.883299	0.997618	0.883298	0.997600	0.883298	0.997598	0.883298	0.997596	0.883298	0.997595	0.883298	0.997592	0.883298	0.997602	0.883298	0.997591	
1354689587.139310	1.000000	64.653488	50.852402	5.858246	0.887275	0.996403	0.887275	0.996438	0.887274	0.996907	0.887275	0.996389	0.887274	0.996904	0.887274	0.996905	0.887275	0.996392	0.887275	0.996387	1354689587.139378	0.999992	64.723974	50.893799	6.739694	0.883314	0.997422	0.883314	0.997422	0.883314	0.997420	0.883314	0.997419	0.883314	0.997417	0.883314	0.997416	0.883314	0.997414	0.883314	0.997414	
1354689588.139310	1.000000	64.711273	50.878464	5.852539	0.887400	0.997095	0.887400	0.997093	0.887400	0.997099	0.887401	0.997089	0.887401	0.997090	0.887401	0.997085	0.887401	0.997084	0.887401	0.997088	1354689588.139389	1.000011	64.714943	50.863975	6.878144	0.882245	0.997251	0.882245	0.997250	0.882245	0.997248	0.882245	0.997247	0.882245	0.997245	0.882245	0.997243	0.882245	0.997240	0.882245	0.997239	
1354689589.139310	1.000000	64.710754	50.920380	5.915604	0.886715	0.996816	0.886715	0.996817	0.886715	0.996812	0.886715	0.996810	0.886716	0.996811	0.886716	0.996810	0.886717	0.996806	0.886716	0.996808	1354689589.139380	0.999991	64.717719	50.916614	6.735703	0.883025	0.997413	0.883025	0.997409	0.883025	0.997407	0.883026	0.997406	0.883026	0.997402	0.883026	0.997405	0.883026	0.997401	0.883026	0.997400	
1354689590.139310	1.000000	64.723999	50.871323	6.081848	0.886878	0.997069	0.886877	0.997066	0.886877	0.997066	0.886876	0.997062	0.886876	0.997060	0.886875	0.997061	0.886874	0.997057	0.886874	0.997056	1354689590.139376	0.999996	64.724292	50.857170	6.819669	0.882689	0.997388	0.882688	0.997388	0.882688	0.997383	0.882688	0.997384	0.882688	0.997381	0.882688	0.997381	0.882688	0.997377	0.882687	0.997376	
1354689591.139310	1.000000	64.719604	50.892319	5.882477	0.887258	0.997314	0.887257	0.997312	0.887257	0.997308	0.887257	0.997307	0.887257	0.997306	0.887258	0.997307	0.887257	0.997302	0.887257	0.997301	1354689591.139375	0.999999	64.718262	50.878558	6.839606	0.883029	0.997378	0.883029	0.997375	0.883029	0.997376	0.883029	0.997375	0.883029	0.997372	0.883029	0.997372	0.883029	0.997369	0.883029	0.997366	
1354689592.139310	1.000000	64.712616	50.849121	6.109039	0.886813	0.997528	0.886813	0.997528	0.886813	0.997525	0.886813	0.997523	0.886813	0.997523	0.886813	0.997523	0.886813	0.997521	0.886813	0.997520	1354689592.139373	0.999998	64.718141	50.839636	6.920240	0.882207	0.997334	0.882207	0.997332	0.882206	0.997330	0.882207	0.997330	0.882206	0.997326	0.882206	0.997324	0.882207	0.997323	0.882206	0.997321	
1354689593.139310	1.000000	64.720245	50.899750	6.024902	0.886637	0.996980	0.886637	0.996977	0.886637	0.996974	0.886637	0.996974	0.886637	0.996972	0.886637	0.996971	0.886637	0.996967	0.886637	0.996967	1354689593.139375	1.000002	64.716353	50.888621	6.727175	0.883025	0.997279	0.883025	0.997277	0.883025	0.997275	0.883025	0.997273	0.883025	0.997271	0.883025	0.997271	0.883025	0.997267	0.883025	0.997265	
1354689594.139310	1.000000	64.714767	50.884583	5.869675	0.886385	0.997085	0.886385	0.997081	0.886385	0.997080	0.886385	0.997079	0.886385	0.997079	0.886385	0.997072	0.886385	0.997072	0.886385	0.997070	1354689594.139378	1.000003	64.719129	50.877665	6.795923	0.882837	0.997195	0.882837	0.997194	0.882837	0.997191	0.882837	0.997191	0.882837	0.997186	0.882836	0.997184	0.882836	0.997181	0.882836	0.997180	
1354689595.139310	1.000000	64.719223	50.821793	6.150192	0.885863	0.997370	0.885862	0.997368	0.885862	0.997367	0.885863	0.997364	0.885863	0.997362	0.885862	0.997361	0.885862	0.997358	0.885863	0.997350	1354689595.139375	0.999997	64.721346	50.805837	7.012275	0.881941	0.997482	0.881941	0.997481	0.881942	0.997480	0.881941	0.997480	0.881942	0.997477	0.881942	0.997477	0.881942	0.997474	0.881942	0.997472	
1354689596.139310	1.000000	64.710922	50.885925	5.952179	0.886789	0.997624	0.886789	0.997622	0.886789	0.997629	0.886789	0.997630	0.886789	0.997629	0.886789	0.997629	0.886788	0.997616	0.886788	0.997622	1354689596.139379	1.000004	64.650495	50.831520	6.710834	0.882447	0.997103	0.882447	0.997102	0.882447	0.997099	0.882447	0.997097	0.882447	0.997093	0.882447	0.997094	0.882447	0.997092	0.882447	0.997092	
1354689597.139310	1.000000	64.720001	50.870621	6.009171	0.886025	0.997615	0.886025	0.997619	0.886025	0.997612	0.886025	0.997611	0.886025	0.997611	0.886025	0.997610	0.886025	0.997607	0.886025	0.997606	1354689597.139375	0.999996	64.729449	50.868050	6.895353	0.882057	0.997070	0.882057	0.997068	0.882057	0.997063	0.882057	0.997063	0.882057	0.997062	0.882057	0.997061	0.882056	0.997057	0.882056	0.997055	
1354689598.139310	1.000000	64.716705	50.855179	6.081131	0.885914	0.997354	0.885914	0.997353	0.885914	0.997353	0.885914	0.997351	0.885914	0.997350	0.885914	0.997350	0.885914	0.997347	0.885914	0.997344	1354689598.139373	0.999998	64.715944	50.840597	6.872114	0.881996	0.997278	0.881996	0.997276	0.881997	0.997275	0.881997	0.997274	0.881997	0.997272	0.881997	0.997270	0.881997	0.997268	0.881997	0.997266	
1354689599.139310	1.000000	64.719543	50.897797	5.908020	0.886400	0.997713	0.886400	0.997710	0.886400	0.997713	0.886400	0.997708	0.886400	0.997708	0.886400	0.997704	0.886399	0.997704	0.886400	0.997702	1354689599.139376	1.000003	64.720457	50.890696	6.719767	0.882007	0.997013	0.882006	0.997007	0.882006	0.997009	0.882006	0.997007	0.882006	0.997005	0.882006	0.997003	0.882006	0.996998	0.882005	0.996997	
1354689600.139310	1.000000	64.716537	50.920410	5.858429	0.886278	0.997559	0.886278	0.997558	0.886278	0.997556	0.886277	0.997555	0.886278	0.997554	0.886278	0.997551	0.886278	0.997552	0.886278	0.997548	1354689600.139375	0.999999	64.719086	50.919131	6.722419	0.882506	0.997058	0.882506	0.997054	0.882505	0.997045	0.882506	0.997052	0.882506	0.997049	0.882506	0.997038	0.882506	0.997043	0.882506	0.997041	
1354689601.139310	1.000000	64.648865	50.823120	5.948669	0.885772	0.997339	0.885772	0.997336	0.885773	0.997335	0.885774	0.997330	0.885773	0.997332	0.885773	0.997327	0.885774	0.997324	0.885774	0.997324	1354689601.139378	1.000003	64.716337	50.867533	6.795832	0.882415	0.997179	0.882415	0.997178	0.882415	0.997177	0.882415	0.997174	0.882415	0.997170	0.882415	0.997166	0.882415	0.997167	0.882414	0.997165	
1354689602.139311	1.000001	64.720931	50.860303	5.990244	0.885640	0.997313	0.885640	0.997313	0.885640	0.997302	0.885639	0.997301	0.885639	0.997298	0.885639	0.997296	0.885639	0.997304	0.885638	0.997300	1354689602.139379	1.000001	64.720519	50.852567	6.887979	0.881556	0.996812	0.881556	0.996810	0.881556	0.996809	0.881556	0.996806	0.881556	0.996801	0.881556	0.996798	0.881556	0.996798	0.881556	0.996795	
1354689603.139312	1.000001	64.710204	50.898358	5.993418	0.890069	0.997338	0.890069	0.997336	0.890069	0.997334	0.890069	0.997332	0.890069	0.997330	0.890069	0.997329	0.890069	0.997327	0.890070	0.997326	1354689603.139380	1.000001	64.714797	50.904264	6.691781	0.886813	0.997076	0.886813	0.997074	0.886814	0.997070	0.886814	0.997069	0.886814	0.997067	0.886814	0.997064	0.886814	0.997063	0.886817	0.995481	
1354689604.139310	0.999998	64.719682	50.897100	5.923244	0.885957	0.997527	0.885957	0.997526	0.885957	0.997523	0.885957	0.997522	0.885957	0.997522	0.885958	0.997520	0.885957	0.997519	0.885957	0.997506	1354689604.139388	1.000008	64.720453	50.891464	6.730017	0.881921	0.996879	0.881921	0.996877	0.881921	0.996875	0.881921	0.996873	0.881921	0.996863	0.881921	0.996870	0.881920	0.996859	0.881920	0.996858	
1354689605.139310	1.000000	64.713989	50.856216	5.966202	0.885405	0.997591	0.885405	0.997591	0.885406	0.997590	0.885406	0.997590	0.885406	0.997588	0.885406	0.997586	0.885406	0.997584	0.885407	0.997595	1354689605.139379	0.999991	64.720542	50.851398	6.818101	0.881688	0.997199	0.881688	0.997205	0.881688	0.997194	0.881688	0.997191	0.881687	0.997187	0.881688	0.997191	0.881688	0.997186	0.881687	0.997186	
1354689606.139310	1.000000	64.718857	50.840469	6.020416	0.885429	0.997579	0.885429	0.997577	0.885428	0.997576	0.885429	0.997577	0.885428	0.997573	0.885428	0.997571	0.885428	0.997571	0.885427	0.997568	1354689606.139372	0.999993	64.722020	50.827515	6.881487	0.881477	0.997063	0.881477	0.997061	0.881477	0.997059	0.881477	0.997059	0.881477	0.997057	0.881477	0.997056	0.881477	0.997053	0.881477	0.997050	
1354689607.139312	1.000002	64.716033	50.859476	5.969822	0.884991	0.997455	0.884991	0.997450	0.884991	0.997451	0.884991	0.997449	0.884991	0.997445	0.884991	0.997445	0.884991	0.997431	0.884991	0.997430	1354689607.139391	1.000019	64.713091	50.845954	6.786598	0.881248	0.996491	0.881247	0.996462	0.881247	0.996464	0.881248	0.996508	0.881247	0.996459	0.881247	0.996457	0.881249	0.996944	0.881249	0.996944	
1354689608.139310	0.999998	64.719362	50.872061	5.974651	0.885679	0.997592	0.885679	0.997592	0.885679	0.997588	0.885679	0.997585	0.885680	0.997587	0.885679	0.997586	0.885679	0.997595	0.885679	0.997594	1354689608.139373	0.999982	64.725752	50.861108	6.828827	0.881715	0.997261	0.881715	0.997261	0.881715	0.997258	0.881715	0.997256	0.881715	0.997255	0.881715	0.997253	0.881715	0.997250	0.881715	0.997249	
1354689609.139310	1.000000	64.722458	50.882782	5.828613	0.885191	0.997146	0.885191	0.997142	0.885191	0.997141	0.885190	0.997139	0.885190	0.997137	0.885190	0.997133	0.885189	0.997133	0.885189	0.997131	1354689609.139382	1.000009	64.717233	50.858167	6.815795	0.882375	0.997527	0.882375	0.997524	0.882375	0.997519	0.882375	0.997519	0.882375	0.997518	0.882375	0.997518	0.882375	0.997517	0.882375	0.997516	
1354689610.139310	1.000000	64.716309	50.905670	5.835480	0.885650	0.997343	0.885650	0.997342	0.885651	0.997342	0.885651	0.997339	0.885651	0.997338	0.885651	0.997335	0.885651	0.997334	0.885651	0.997333	1354689610.139380	0.999998	64.657762	50.833349	6.795911	0.882203	0.997307	0.882203	0.997305	0.882203	0.997303	0.882203	0.997300	0.882203	0.997301	0.882203	0.997298	0.882203	0.997296	0.882203	0.997298	
1354689611.139310	1.000000	64.714218	50.896759	5.946091	0.885993	0.997810	0.885993	0.997808	0.885993	0.997807	0.885993	0.997804	0.885993	0.997803	0.885993	0.997802	0.885993	0.997802	0.885993	0.997798	1354689611.139378	0.999998	64.715410	50.876760	6.808317	0.881684	0.997127	0.881684	0.997123	0.881685	0.997121	0.881685	0.997117	0.881685	0.997117	0.881685	0.997113	0.881685	0.997115	0.881685	0.997111	
1354689612.139310	1.000000	64.717987	50.887939	6.022324	0.884798	0.997301	0.884797	0.997298	0.884798	0.997299	0.884797	0.997299	0.884797	0.997296	0.884798	0.997293	0.884798	0.997292	0.884797	0.997291	1354689612.139375	0.999997	64.722033	50.872548	6.760244	0.882060	0.997266	0.882060	0.997263	0.882060	0.997263	0.882060	0.997264	0.882060	0.997261	0.882059	0.997260	0.882059	0.997260	0.882059	0.997257	
1354689613.139316	1.000006	715818489.145732	715800698.081426	715796016.938063	0.999916	1.000399	0.999917	1.000412	1.286267	0.777701	0.999917	1.000397	0.999917	1.000401	0.999921	1.000402	0.999919	1.000409	0.999919	1.000405	1354689613.139412	1.000037	715780973.797838	715757306.110737	715748863.591629	0.999919	1.000408	0.999916	1.000402	3.897974	0.256628	0.999918	1.000399	0.999919	1.000408	0.999920	1.000397	0.999918	1.000405	0.999920	1.000410	
1354689614.139316	1.000000	0.000000	0.000000	0.000000	-nan	-nan	-nan	-nan	4.494462	inf	-nan	-nan	-nan	0.000000	0.000000	inf	-nan	-nan	-nan	-nan	1354689614.139389	0.999977	0.000000	0.000000	0.000000	-nan	-nan	-nan	-nan	1.345745	inf	-nan	-nan	-nan	-nan	-nan	-nan	-nan	-nan	-nan	-nan	
1354689615.139309	0.999993	0.000000	0.000000	0.000000	-nan	-nan	-nan	-nan	0.000000	inf	-nan	-nan	-nan	0.000000	-nan	-nan	-nan	-nan	-nan	-nan	1354689615.139389	1.000000	0.000000	0.000000	0.000000	-nan	-nan	-nan	-nan	inf	-nan	-nan	-nan	-nan	-nan	-nan	-nan	-nan	-nan	-nan	-nan	
1354689616.139374	1.000065	0.000000	0.000000	0.000000	-nan	-nan	-nan	-nan	-nan	-nan	-nan	-nan	-nan	0.000000	-nan	-nan	-nan	-nan	-nan	-nan	1354689616.139452	1.000063	0.000000	0.000000	0.000000	-nan	-nan	-nan	-nan	-nan	-nan	-nan	-nan	-nan	-nan	-nan	-nan	-nan	-nan	-nan	-nan	
