ts_0	elapsed_0	pkg_0	pp0_0	dram_0	freq_ratio_0_0	c0_ratio_0_0	freq_ratio_0_1	c0_ratio_0_1	freq_ratio_0_2	c0_ratio_0_2	freq_ratio_0_3	c0_ratio_0_3	freq_ratio_0_4	c0_ratio_0_4	freq_ratio_0_5	c0_ratio_0_5	freq_ratio_0_6	c0_ratio_0_6	freq_ratio_0_7	c0_ratio_0_7	ts_1	elapsed_1	pkg_1	pp0_1	dram_1	freq_ratio_1_0	c0_ratio_1_0	freq_ratio_1_1	c0_ratio_1_1	freq_ratio_1_2	c0_ratio_1_2	freq_ratio_1_3	c0_ratio_1_3	freq_ratio_1_4	c0_ratio_1_4	freq_ratio_1_5	c0_ratio_1_5	freq_ratio_1_6	c0_ratio_1_6	freq_ratio_1_7	c0_ratio_1_7	
1356749135.045641	1.001978	29.623840	16.215897	4.650104	1.153453	0.651693	1.153620	0.654785	1.153552	0.652673	1.153651	0.652446	1.153659	0.652037	1.153717	0.652240	1.153698	0.651634	1.153724	0.651638	1356749135.045879	1.000498	41.114929	27.551723	5.262561	1.000001	0.880230	1.000002	0.880194	1.005727	0.000091	1.004830	0.000090	1.002915	0.000087	1.003803	0.000070	1.004655	0.000078	0.999963	0.880643	
1356749136.045624	0.999983	29.764969	16.345278	4.926856	1.000063	0.000498	1.004142	0.000165	0.999984	0.999938	0.998458	0.000069	0.999993	0.000162	1.003382	0.000050	1.004129	0.000052	1.000399	0.000599	1356749136.045879	1.000000	43.408920	29.789307	5.821182	1.000000	0.999602	1.000000	0.999705	1.000019	0.000140	0.999752	0.000118	1.000114	0.000037	0.999142	0.000007	0.999988	0.000033	1.000000	1.000000	
1356749137.045624	1.000000	33.987854	20.550415	4.932068	1.000000	0.676298	0.998092	0.000275	1.000000	1.000000	0.998412	0.000013	1.001227	0.000040	0.990709	0.000013	0.983593	0.000013	0.998474	0.000149	1356749137.045833	0.999954	38.940635	25.316091	5.864863	0.999998	0.323672	1.000000	1.000000	1.000252	0.000047	1.004078	0.000007	0.999994	0.000067	1.000408	0.000050	1.000806	0.000043	1.000000	1.000000	
1356749138.045623	0.999999	36.060490	22.601676	4.926183	1.000000	1.000000	1.000134	0.000314	1.000000	1.000000	1.000006	0.000066	0.999758	0.000097	0.999874	0.000049	1.000750	0.000050	1.000047	0.000155	1356749138.045832	0.999999	36.771107	23.115394	6.043554	1.000769	0.000023	1.000000	1.000000	0.999991	0.000042	1.000055	0.000063	0.999937	0.000037	0.996175	0.000006	0.999060	0.000006	1.000000	1.000000	
1356749139.045623	1.000000	36.261337	22.819931	4.921646	1.000000	1.000000	0.999913	0.003482	1.000000	1.000000	1.000002	0.002718	1.000000	0.002718	1.000006	0.002789	0.999950	0.002742	1.000046	0.002871	1356749139.045833	1.000001	36.944957	23.324639	5.883478	0.999995	0.002768	1.000000	1.000000	0.999998	0.002625	0.999996	0.002652	0.999999	0.003892	0.999997	0.002764	0.999997	0.002661	1.000000	1.000000	
1356749140.045623	1.000000	36.101547	22.644531	4.907593	1.000000	1.000000	1.000335	0.000297	1.000000	1.000000	0.999366	0.000050	1.000165	0.000077	0.999434	0.000039	1.001587	0.000039	0.999481	0.000255	1356749140.045832	0.999999	36.719578	23.099143	5.987555	0.999600	0.000023	1.000000	1.000000	0.999837	0.000045	1.000027	0.000071	1.000273	0.000032	1.001050	0.000006	1.000700	0.000007	1.000000	1.000000	
1356749141.045623	1.000000	36.132797	22.674896	4.912613	1.000000	1.000000	1.000050	0.000372	1.000000	1.000000	1.015948	0.000013	1.000001	0.002143	1.000721	0.000013	1.003960	0.000014	0.999965	0.000450	1356749141.045833	1.000001	36.769099	23.136697	5.943171	0.999925	0.000062	1.000000	1.000000	0.999826	0.000046	0.969152	0.000006	1.000021	0.000072	0.999827	0.000051	0.999445	0.000076	1.000000	1.000000	
1356749142.045623	1.000000	36.080490	22.618591	4.916611	1.000000	1.000000	1.002374	0.000315	0.999999	0.999999	0.996009	0.000058	0.999877	0.000119	1.004499	0.000047	0.999910	0.000047	1.001505	0.000155	1356749142.045836	1.000003	36.765282	23.112950	6.056271	1.000401	0.000023	1.000000	1.000000	0.999317	0.000045	1.002550	0.000063	1.000404	0.000031	1.000925	0.000009	1.007063	0.000007	1.000000	0.999505	
1356749143.045623	1.000000	36.124100	22.666824	4.903091	1.000000	1.000000	0.997813	0.000349	1.000001	1.000000	1.004279	0.000013	0.999428	0.000039	0.982581	0.000013	1.013983	0.000013	0.998457	0.000145	1356749143.045838	1.000002	36.781653	23.164049	5.856159	0.998927	0.000058	1.000000	1.000000	1.000867	0.000042	1.002754	0.000007	0.999525	0.000070	0.999938	0.000050	0.999931	0.000051	1.000000	1.000000	
1356749144.045623	1.000000	36.107849	22.651794	4.923203	1.000000	1.000000	1.001795	0.000314	1.000000	1.000000	0.990288	0.000056	0.994399	0.000078	0.989471	0.000047	0.985820	0.000046	0.999780	0.000256	1356749144.045835	0.999997	36.777107	23.153545	5.885944	0.997083	0.000022	1.000000	1.000000	0.999784	0.000045	0.995046	0.000111	1.001059	0.000032	1.000435	0.000006	0.999752	0.000006	1.000000	1.000000	
1356749145.045624	1.000001	36.113323	22.652749	4.926921	1.000000	1.000000	0.998895	0.000359	1.000000	1.000000	1.019084	0.000028	1.008730	0.000053	1.018625	0.000028	1.017176	0.000029	1.000239	0.000160	1356749145.045832	0.999997	36.780677	23.139964	5.994159	1.001635	0.000074	1.000000	1.000000	0.984841	0.000044	1.003226	0.000007	0.991153	0.000071	0.990110	0.000050	0.990622	0.000051	1.000000	1.000000	
1356749146.045623	0.999999	36.158039	22.701148	4.908605	1.000000	1.000000	1.001236	0.000335	1.000000	1.000000	0.999746	0.000065	0.999977	0.000118	1.000034	0.000046	0.999891	0.000046	0.999971	0.000464	1356749146.045834	1.000002	36.777289	23.160799	5.857502	0.999983	0.000023	1.000000	1.000000	1.011226	0.000059	1.007524	0.000071	1.013300	0.000046	1.019294	0.000025	1.010419	0.000046	1.000000	1.000000	
1356749147.045623	1.000000	36.137360	22.675278	4.917557	1.000000	1.000000	0.998088	0.000355	1.000000	1.000000	0.999971	0.000013	1.000614	0.000039	0.997936	0.000013	0.995053	0.000013	1.001473	0.000145	1356749147.045838	1.000004	36.784397	23.141019	5.959326	1.000021	0.000056	1.000000	1.000000	1.000253	0.000043	0.999944	0.000007	1.000051	0.000069	1.000500	0.000049	0.998928	0.000040	1.000000	0.999711	
1356749148.045623	1.000000	36.115906	22.652191	4.912003	1.000000	1.000000	1.002221	0.000388	1.000000	1.000000	0.999937	0.000073	0.999609	0.000105	0.999718	0.000045	1.004218	0.000045	0.999438	0.000200	1356749148.045833	0.999995	36.779878	23.123590	6.017150	0.999994	0.000067	1.000000	1.000000	0.999455	0.000045	1.000015	0.000106	1.000086	0.000031	0.995631	0.000007	0.999788	0.000007	1.000000	1.000000	
1356749149.045623	1.000000	36.162354	22.706528	4.918472	1.000000	1.000000	0.998087	0.000411	1.000000	1.000000	0.997262	0.000008	0.999992	0.000100	1.001011	0.000013	0.988286	0.000013	0.999138	0.000146	1356749149.045832	0.999999	36.787541	23.168082	5.846838	0.999943	0.000088	1.000000	1.000000	1.000029	0.000120	0.996237	0.000007	0.990876	0.000072	1.000425	0.000049	0.999873	0.000052	1.000000	1.000000	
1356749150.045623	1.000000	36.125214	22.665482	4.917206	1.000000	1.000000	1.001584	0.000358	1.000000	0.999999	1.000302	0.000071	1.000262	0.000078	1.000122	0.000069	0.999798	0.000059	1.000108	0.000168	1356749150.045832	1.000000	36.779861	23.134140	5.985504	1.000120	0.000051	1.000000	1.000000	1.000112	0.000096	0.994052	0.000085	1.012108	0.000054	0.998695	0.000006	1.000594	0.000019	1.000000	1.000000	
1356749151.045623	1.000000	36.160645	22.696915	4.916733	1.000000	1.000000	0.999070	0.000417	1.000000	1.000000	0.999871	0.000033	0.999985	0.002041	0.996355	0.000009	1.000675	0.000020	0.999968	0.000476	1356749151.045836	1.000004	36.747303	23.099592	6.046728	0.999858	0.000076	1.000000	1.000000	1.000172	0.000054	1.009159	0.000043	0.999961	0.000070	0.999924	0.000076	1.000410	0.000071	1.000000	1.000000	
1356749152.045623	1.000000	36.121582	22.657944	4.921646	1.000000	1.000000	1.001095	0.000342	1.000000	1.000000	1.002820	0.000055	0.999814	0.000071	0.998516	0.000046	0.998573	0.000045	1.000021	0.000164	1356749152.045834	0.999998	36.781763	23.121748	6.054913	1.000018	0.000021	1.000000	1.000000	0.999946	0.000043	1.001706	0.000062	1.000275	0.000031	1.003345	0.000006	0.993237	0.000007	1.000000	1.000000	
1356749153.045624	1.000001	36.087643	22.643609	4.923274	1.000000	1.000000	0.998350	0.000360	1.000000	1.000000	0.986714	0.000013	1.005395	0.000038	1.006735	0.000013	1.005673	0.000013	1.000577	0.000146	1356749153.045836	1.000002	36.773291	23.147508	5.857502	0.999891	0.000092	1.000000	1.000000	0.999869	0.000056	1.002312	0.000007	0.999859	0.000071	0.999670	0.000049	1.001133	0.000050	1.000000	1.000000	
1356749154.045623	0.999999	36.098606	22.634711	4.916554	1.000000	1.000000	1.001931	0.000362	1.000000	0.999999	1.000522	0.000058	0.997993	0.000082	0.997348	0.000047	0.999975	0.000046	0.999557	0.000159	1356749154.045838	1.000002	36.764182	23.107469	6.054218	0.999547	0.000023	1.000000	1.000000	1.000026	0.000044	1.000306	0.000059	0.999963	0.000031	1.002970	0.000006	0.998934	0.000006	1.000000	1.000000	
1356749155.045623	1.000000	36.118744	22.659073	4.927231	1.000000	1.000000	0.998347	0.000335	1.000000	1.000000	0.998548	0.000013	1.000079	0.000039	1.015024	0.000013	1.000559	0.000013	1.000848	0.000145	1356749155.045837	0.999999	36.779805	23.131477	5.956655	0.999017	0.000057	1.000000	1.000000	1.000092	0.000042	0.998110	0.000007	1.000125	0.000068	0.999357	0.000047	0.999992	0.000049	1.000000	1.000000	
1356749156.045623	1.000000	36.117966	22.656845	4.917694	1.000000	1.000000	1.001908	0.000314	1.000000	1.000000	0.991131	0.000056	0.994674	0.000113	0.991460	0.000045	0.987789	0.000046	0.999780	0.000459	1356749156.045840	1.000003	36.779473	23.141438	5.983609	0.998211	0.000022	1.000000	1.000000	0.999892	0.000043	0.991920	0.000065	1.000086	0.000031	1.002648	0.000007	0.998586	0.000032	1.000000	1.000000	
1356749157.045623	1.000000	36.158188	22.699997	4.903091	1.000000	1.000000	0.998392	0.000413	1.000000	0.999999	1.017008	0.000028	1.010651	0.000053	1.010928	0.000028	1.019120	0.000028	0.999738	0.000159	1356749157.045830	0.999990	36.769625	23.148105	5.907270	1.001487	0.000072	1.000000	1.000000	0.985040	0.000044	0.961996	0.000007	0.990947	0.000069	0.990215	0.000050	0.989284	0.000041	1.000000	1.000000	
1356749158.045624	1.000001	36.138485	22.676034	4.897380	1.000000	1.000000	1.001547	0.000311	1.000000	1.000001	1.000290	0.000057	1.001827	0.000078	1.000268	0.000046	1.000220	0.000046	1.000013	0.000153	1356749158.045838	1.000008	36.777107	23.127330	5.994077	0.999832	0.000023	1.000000	1.000000	1.011254	0.000059	1.010853	0.000069	1.013895	0.000046	1.021011	0.000024	1.020998	0.000020	1.000000	1.000000	
1356749159.045623	0.999999	36.139668	22.680869	4.903325	1.000000	1.000000	0.998702	0.000372	1.000000	1.000000	1.001241	0.000013	0.997520	0.000038	0.996706	0.000013	0.999097	0.000013	0.999973	0.000145	1356749159.045836	0.999998	36.783777	23.159804	5.886059	1.000028	0.000055	1.000000	1.000000	0.999961	0.000040	1.001580	0.000006	0.999827	0.000067	0.999548	0.000048	1.000468	0.000049	1.000000	1.000000	
1356749160.045623	1.000000	36.145996	22.687515	4.918015	1.000000	1.000000	1.001664	0.000292	1.000000	1.000000	1.002394	0.000052	1.000231	0.000074	1.001156	0.000046	1.000356	0.000046	0.999971	0.000160	1356749160.045832	0.999996	36.773892	23.156145	5.907495	0.999883	0.000023	1.000000	1.000000	0.999920	0.000043	1.000364	0.000066	0.999838	0.000031	0.997248	0.000006	0.999730	0.000007	1.000000	1.000000	
1356749161.045624	1.000001	36.160854	22.700967	4.907466	1.000000	1.000000	0.999280	0.000696	1.000000	1.000000	0.999769	0.000068	0.999983	0.002066	1.000039	0.000049	0.999962	0.000051	0.999936	0.000466	1356749161.045835	1.000003	36.788536	23.150441	5.931958	0.999971	0.000158	1.000000	1.000000	0.993171	0.000097	0.992557	0.000020	1.000027	0.000070	1.000078	0.000065	1.000070	0.000216	1.000000	1.000000	
1356749162.045624	1.000000	36.102890	22.659088	4.918243	1.000000	1.000000	1.000664	0.000817	1.000001	1.000000	1.001144	0.000049	1.001193	0.000047	1.000223	0.000047	1.000118	0.000046	1.000132	0.000347	1356749162.045829	0.999994	36.746603	23.139130	5.861699	0.999882	0.000078	1.000000	1.000000	1.006082	0.000108	1.002553	0.000058	1.000061	0.000031	1.002798	0.000006	0.999406	0.000007	1.000000	1.000000	
1356749163.045623	0.999999	36.160862	22.708045	4.928594	1.000000	1.000000	0.997850	0.000333	1.000000	1.000000	0.985184	0.000013	0.997737	0.000024	0.999390	0.000013	1.000377	0.000013	0.999876	0.000177	1356749163.045835	1.000006	36.802866	23.190703	5.827617	0.999985	0.000075	1.000000	1.000000	0.999376	0.000041	0.996215	0.000007	0.999868	0.000067	1.000095	0.000048	1.000240	0.000053	1.000000	1.000000	
1356749164.045623	1.000000	42.222946	28.769943	4.927048	1.000000	1.000000	1.000241	0.003436	1.000000	1.000000	0.999897	0.002858	0.999848	0.002903	0.999836	0.002783	0.999823	0.002754	0.999992	0.002887	1356749164.045755	0.999920	43.076632	29.448190	5.884093	0.999990	0.002883	1.000000	1.000000	1.000008	0.002812	1.000009	0.002909	1.000002	0.003678	0.999835	0.002790	0.999852	0.002779	1.000000	1.000000	
1356749165.045623	1.000000	36.112701	22.664169	4.926407	1.000000	1.000000	0.998184	0.000356	1.000000	1.000000	1.025723	0.000012	1.033854	0.000012	1.033129	0.000012	1.036152	0.000012	1.000061	0.000145	1356749165.045831	1.000076	36.788721	23.127849	6.095209	1.000209	0.000076	1.000000	1.000000	0.999885	0.000047	0.999944	0.000007	1.000128	0.000069	1.008989	0.000049	1.007129	0.000053	1.000000	1.000000	
1356749166.045623	1.000000	36.142487	22.694168	4.912659	1.000000	1.000000	1.002004	0.000315	1.000000	1.000000	1.001712	0.000055	1.001465	0.000099	1.000423	0.000045	0.999023	0.000045	0.999991	0.000461	1356749166.045834	1.000003	36.795556	23.162297	5.910962	1.000077	0.000050	1.000000	1.000000	0.999921	0.000044	1.000068	0.000063	0.999684	0.000032	1.000559	0.000006	0.999989	0.000035	1.000000	1.000000	
1356749167.045623	1.000000	36.126740	22.682098	4.927689	1.000000	1.000000	0.997534	0.000345	1.000000	1.000000	0.998843	0.000013	0.990229	0.000013	1.002627	0.000013	1.005190	0.000013	0.999973	0.000145	1356749167.045839	1.000005	36.802703	23.171164	5.939820	0.999917	0.000075	1.000000	1.000000	1.000059	0.000072	0.993682	0.000007	1.000094	0.000070	0.999327	0.000049	0.999800	0.000043	1.000000	1.000000	
1356749168.045623	1.000000	36.136642	22.691330	4.917786	1.000000	1.000000	1.002020	0.000314	1.000000	1.000000	0.989578	0.000057	0.989558	0.000060	0.988311	0.000047	0.988867	0.000047	1.000061	0.000158	1356749168.045841	1.000002	36.796042	23.168260	5.892170	0.998282	0.000050	1.000000	1.000000	1.000044	0.000044	0.991135	0.000070	0.999817	0.000032	1.007138	0.000006	1.004168	0.000006	1.000000	1.000000	
1356749169.045623	1.000000	36.122650	22.670059	4.921448	1.000000	1.000000	0.998755	0.000358	1.000000	1.000000	1.018985	0.000028	1.002060	0.000310	1.017767	0.000028	1.018320	0.000028	1.000003	0.000606	1356749169.045835	0.999994	36.804800	23.145173	6.072851	1.000956	0.000091	1.000000	1.000000	0.988067	0.000045	0.999888	0.000007	0.991021	0.000071	0.989736	0.000051	0.990486	0.000053	1.000000	1.000000	
1356749170.045623	1.000000	36.127365	22.680237	4.922195	1.000000	1.000000	1.002074	0.000313	1.000000	1.000000	0.999647	0.000062	0.986247	0.000054	0.998514	0.000047	1.002124	0.000046	0.999964	0.000159	1356749170.045831	0.999996	36.795544	23.148028	6.020029	0.999870	0.000050	1.000000	1.000000	1.008731	0.000058	1.008747	0.000071	1.014085	0.000046	1.023005	0.000024	1.024723	0.000020	1.000000	1.000000	
1356749171.045623	1.000000	36.131287	22.679810	4.917511	1.000000	1.000000	0.999679	0.002342	1.000000	1.000000	0.998006	0.000013	1.006938	0.000102	1.004972	0.000013	0.991001	0.000013	0.999905	0.000445	1356749171.045838	1.000007	36.794317	23.154762	5.927999	0.999957	0.000107	1.000000	1.000000	1.000726	0.000044	0.978501	0.000007	1.000143	0.000070	0.999513	0.000049	0.999572	0.000072	1.000000	1.000000	
1356749172.045623	1.000000	36.118591	22.684143	4.913055	1.000000	1.000000	1.001605	0.000330	1.000000	1.000000	1.004152	0.000055	1.000317	0.000070	1.000643	0.000046	1.000436	0.000046	1.000103	0.000161	1356749172.045834	0.999996	36.804364	23.168505	5.922189	0.999886	0.000051	1.000000	1.000000	0.999825	0.000044	1.002359	0.000066	0.999513	0.000030	1.001365	0.000007	1.001544	0.000006	1.000000	1.000000	
1356749173.045623	1.000000	36.123245	22.673706	4.927948	1.000000	1.000000	0.998962	0.000320	1.000000	1.000000	0.984371	0.000013	1.005302	0.000013	1.000788	0.000013	0.999653	0.000013	1.000126	0.000147	1356749173.045834	1.000000	36.759094	23.145706	5.888031	0.999943	0.000074	1.000000	1.000000	1.000018	0.000044	1.003077	0.000007	1.000128	0.000072	0.999488	0.000050	1.000923	0.000052	1.000000	1.000000	
1356749174.045623	1.000000	36.133728	22.678223	4.933044	1.000000	1.000000	1.001464	0.000349	1.000000	1.000000	1.000796	0.000061	0.998866	0.000061	0.999248	0.000046	0.999673	0.000046	1.001285	0.000155	1356749174.045837	1.000003	36.806771	23.174184	5.966717	1.000233	0.000050	1.000000	1.000000	0.999886	0.000044	0.999981	0.000060	0.999776	0.000031	1.005596	0.000006	0.996667	0.000007	1.000000	1.000000	
1356749175.045623	1.000000	36.146774	22.687683	4.913040	1.000000	1.000000	0.998068	0.000377	1.000000	1.000000	1.008773	0.000013	0.999697	0.000032	1.002023	0.000013	1.000781	0.000013	0.998708	0.000177	1356749175.045843	1.000006	36.796015	23.168914	5.924861	0.999883	0.000073	1.000000	1.000000	0.999991	0.000041	1.001396	0.000007	1.000028	0.000068	0.999699	0.000047	1.000236	0.000049	1.000000	1.000000	
1356749176.045623	1.000000	36.141724	22.685928	4.928223	0.999987	0.999779	1.001559	0.000313	0.999979	0.999794	0.996451	0.000054	1.002106	0.000094	0.998746	0.000046	0.999957	0.000045	1.000062	0.000472	1356749176.045840	0.999997	36.809806	23.179942	5.872760	1.000162	0.000050	1.000000	1.000000	1.000104	0.000044	0.999863	0.000062	0.999547	0.000031	0.999256	0.000006	0.999765	0.000033	1.000000	0.999810	
1356749177.045623	1.000000	36.136765	22.675385	4.906876	1.000000	1.000000	0.998698	0.000359	1.000001	1.000001	1.006049	0.000013	0.991224	0.000013	1.003194	0.000013	1.000260	0.000013	0.999651	0.000145	1356749177.045832	0.999992	36.820413	23.162007	6.026660	1.000201	0.000073	1.000000	1.000000	0.999954	0.000042	0.996787	0.000006	1.000329	0.000069	1.000306	0.000049	0.998869	0.000042	1.000000	1.000000	
1356749178.045623	1.000000	36.141403	22.681427	4.922592	0.999987	0.999702	1.001306	0.000373	0.999979	0.999716	0.999126	0.000057	0.999175	0.000101	1.000210	0.000046	1.000228	0.000046	0.999874	0.000153	1356749178.045833	1.000001	36.789668	23.149636	5.906595	0.999603	0.000068	1.000000	1.000000	0.999842	0.000044	0.999801	0.000080	1.000087	0.000031	0.999187	0.000006	1.000915	0.000007	1.000000	0.999731	
1356749179.045623	1.000000	36.167618	22.710770	4.923065	1.000000	1.000000	0.998939	0.000317	1.000001	1.000001	0.999676	0.000013	0.996827	0.000013	0.998113	0.000013	0.996056	0.000013	1.000278	0.000146	1356749179.045837	1.000004	36.809314	23.178770	5.923407	1.000090	0.000073	1.000000	1.000000	1.000252	0.000040	1.000771	0.000007	0.990526	0.000070	1.000106	0.000047	1.000327	0.000048	1.000000	1.000000	
1356749180.045623	1.000000	36.137024	22.675095	4.921890	1.000000	1.000000	1.001090	0.000329	1.000000	1.000000	0.989937	0.000054	0.990713	0.000056	0.989082	0.000045	0.988405	0.000046	0.999947	0.000168	1356749180.045833	0.999996	36.816250	23.158755	6.036279	0.998815	0.000051	1.000000	1.000000	0.999851	0.000057	0.990148	0.000064	1.012758	0.000052	0.997634	0.000006	1.000812	0.000007	1.000000	1.000000	
1356749181.045623	1.000000	36.159592	22.697784	4.921753	1.000000	1.000000	0.999702	0.002313	1.000000	0.999999	1.021137	0.000028	1.008307	0.000068	1.022218	0.000028	1.019199	0.000029	0.999997	0.000478	1356749181.045840	1.000007	36.794225	23.135430	6.034291	1.000619	0.000092	1.000000	1.000000	0.987699	0.000042	0.987823	0.000007	0.991126	0.000071	0.990208	0.000050	0.993817	0.000074	1.000000	1.000000	
1356749182.045632	1.000009	28.572556	15.148209	4.278144	0.997530	0.540400	0.929116	0.000286	1.000000	0.536052	0.999484	0.000058	1.000158	0.000061	1.002050	0.000046	1.004781	0.000047	0.771513	0.000208	1356749182.045882	1.000042	33.172558	19.706189	4.439252	0.999715	0.000050	1.000000	1.000000	1.008665	0.000060	1.007085	0.000098	1.008108	0.000053	1.021039	0.000024	1.022702	0.000021	0.999998	0.535685	
1356749183.045624	0.999992	18.550169	5.182232	5.068248	0.560217	0.016348	0.623605	0.000221	0.640670	0.000024	0.714339	0.000018	0.710624	0.000018	0.694269	0.000018	0.985745	0.000013	0.631905	0.000233	1356749183.045941	1.000059	29.067609	15.810348	3.982264	0.999781	0.000074	1.000000	1.000000	1.000199	0.000041	1.002141	0.000007	1.002573	0.000072	0.999929	0.000049	0.999730	0.000050	1.014210	0.000052	
1356749184.045628	1.000004	21.228491	7.855544	4.816921	0.639157	0.012624	0.760619	0.000146	0.759811	0.000071	0.764015	0.000073	0.605058	0.000155	0.725859	0.000063	1.004161	0.000045	0.923782	0.000196	1356749184.045876	0.999935	29.002010	15.755100	3.649697	1.000170	0.000070	1.000000	1.000000	0.999977	0.000049	0.999955	0.000068	0.999977	0.000051	1.000928	0.000006	0.997644	0.000007	1.000663	0.000007	
1356749185.045624	0.999996	22.232710	8.859838	4.704716	0.658746	0.010037	0.687578	0.000212	1.000636	0.000013	0.712801	0.000018	0.703929	0.000018	0.917017	0.000014	0.985413	0.000013	0.821099	0.000176	1356749185.045974	1.000098	29.030008	15.778865	3.462765	1.000155	0.000114	1.000000	1.000000	0.999972	0.000041	1.003797	0.000007	0.999903	0.000088	0.999717	0.000049	1.000881	0.000049	1.000000	0.000057	
1356749186.045624	1.000000	18.360107	4.993362	5.030548	0.550560	0.016953	0.558192	0.000199	0.736607	0.000074	0.782864	0.000075	0.849029	0.000113	0.700464	0.000064	0.727979	0.000064	0.679779	0.000697	1356749186.046033	1.000059	29.062528	15.805786	4.005852	0.999897	0.000049	1.000000	1.000000	0.999973	0.000043	0.999957	0.000062	1.000037	0.000031	1.000438	0.000006	0.999684	0.000033	0.997965	0.000007	
1356749187.045624	1.000000	715791641.317566	715793172.213608	715792113.979584	0.999983	1.000060	0.999980	1.000062	0.999983	1.000067	0.999983	1.000060	0.999983	1.000062	0.999985	1.000057	0.999983	1.000062	0.999983	1.000060	1356749187.045717	0.999684	716029395.204721	716043374.733742	716008249.004305	0.999983	1.000059	0.999980	1.000062	3.893527	0.256849	0.999983	1.000060	0.999983	1.000062	0.999985	1.000057	0.999983	1.000062	0.999983	1.000060	
1356749188.045623	0.999999	0.000000	0.000000	0.000000	-nan	-nan	-nan	-nan	1.000008	inf	-nan	-nan	-nan	0.000000	-nan	-nan	-nan	-nan	-nan	-nan	1356749188.045692	0.999975	0.000000	0.000000	0.000000	-nan	-nan	-nan	-nan	1.345745	inf	-nan	-nan	-nan	-nan	-nan	-nan	-nan	-nan	-nan	-nan	
