ts_0	elapsed_0	pkg_0	pp0_0	dram_0	freq_ratio_0_0	c0_ratio_0_0	freq_ratio_0_1	c0_ratio_0_1	freq_ratio_0_2	c0_ratio_0_2	freq_ratio_0_3	c0_ratio_0_3	freq_ratio_0_4	c0_ratio_0_4	freq_ratio_0_5	c0_ratio_0_5	freq_ratio_0_6	c0_ratio_0_6	freq_ratio_0_7	c0_ratio_0_7	ts_1	elapsed_1	pkg_1	pp0_1	dram_1	freq_ratio_1_0	c0_ratio_1_0	freq_ratio_1_1	c0_ratio_1_1	freq_ratio_1_2	c0_ratio_1_2	freq_ratio_1_3	c0_ratio_1_3	freq_ratio_1_4	c0_ratio_1_4	freq_ratio_1_5	c0_ratio_1_5	freq_ratio_1_6	c0_ratio_1_6	freq_ratio_1_7	c0_ratio_1_7	
1353355795.448314	1.001647	64.196560	50.739979	5.842154	1.162069	0.297181	1.157625	0.277843	1.158552	0.280523	1.162058	0.294897	1.157592	0.280116	1.162445	0.296319	1.159624	0.284239	1.161228	0.290858	1353355795.448439	1.000376	51.129381	37.624160	5.109422	0.999982	0.956969	0.999926	0.957160	1.000001	0.956709	0.999983	0.956574	0.995252	0.000141	1.001626	0.000083	0.865326	0.000141	0.999886	0.958192	
1353355796.448305	0.999991	67.918050	54.371357	6.176524	0.999935	0.999089	0.999947	0.999068	0.999947	0.999066	0.999977	0.999017	0.999962	0.998725	1.000565	0.002827	0.999962	0.998718	0.999963	0.998727	1353355796.448426	0.999987	53.726504	40.135567	5.924104	1.000000	0.999120	1.000000	0.998830	1.000000	0.999042	1.000000	0.999090	1.001452	0.000275	0.999654	0.000012	1.000517	0.000022	1.000000	1.000000	
1353355797.448312	1.000007	68.059252	54.502095	6.186847	1.000000	1.000000	0.999999	0.999999	0.999999	1.000000	0.999999	1.000001	1.000000	1.000000	1.000108	0.002333	1.000000	1.000002	1.000000	1.000000	1353355797.448445	1.000019	53.814144	40.214168	5.920908	1.000000	1.000000	1.000000	1.000000	1.000000	1.000000	1.000000	1.000000	0.999094	0.000205	0.999579	0.000066	0.999828	0.000063	1.000000	1.000000	
1353355798.448307	0.999995	68.181921	54.620085	6.155136	1.000000	0.999554	1.000001	1.000000	1.000001	0.999999	1.000001	0.999558	1.000000	0.999515	0.999897	0.001967	1.000000	0.999485	1.000000	0.999529	1353355798.448428	0.999983	53.847103	40.241389	5.940240	1.000000	1.000000	1.000000	0.999571	1.000000	0.999558	1.000000	1.000000	0.999796	0.000303	0.998772	0.000019	0.999615	0.000016	1.000000	1.000000	
1353355799.448304	0.999997	68.183179	54.639436	6.175160	0.999957	0.999206	0.999859	0.999387	0.999884	0.999342	0.999957	0.999217	0.999925	0.999280	1.000033	0.002007	0.999923	0.999262	0.999927	0.999275	1353355799.448426	0.999998	53.864422	40.254578	5.934902	1.000000	0.999511	1.000000	0.999464	1.000000	0.999308	1.000000	1.000000	1.000187	0.000206	1.000661	0.000058	1.000012	0.000365	1.000000	1.000000	
1353355800.448306	1.000002	68.312080	54.766268	6.128269	0.999991	0.999394	0.999953	0.999503	0.999961	0.999643	0.999993	0.999312	0.999982	0.999264	0.999942	0.001943	0.999972	0.999308	0.999982	0.999275	1353355800.448406	0.999980	53.868999	40.258878	5.937161	1.000000	0.999544	1.000000	0.999440	1.000000	0.999352	1.000000	1.000000	0.999774	0.000265	1.001071	0.000018	0.997883	0.000012	1.000000	1.000000	
1353355801.448305	0.999999	68.283543	54.741767	6.237936	0.999908	0.998539	0.999946	0.998467	0.999954	0.998452	0.999980	0.998404	0.999970	0.998422	0.999987	0.008116	0.999968	0.998421	0.999971	0.998421	1353355801.448427	1.000021	53.988873	40.389564	5.963406	1.000000	0.998474	1.000000	0.998490	1.000000	0.998434	1.000000	0.998473	1.000126	0.005392	1.000004	0.018185	0.999915	0.006752	1.000000	1.000000	
1353355802.448316	1.000011	68.391263	54.852105	6.147546	1.000000	0.999406	1.000000	0.999455	1.000000	0.999452	1.000000	0.999212	1.000000	0.999158	0.999173	0.001975	1.000002	0.999187	1.000000	0.999155	1353355802.448439	1.000012	53.872984	40.260232	5.943655	1.000000	0.999487	1.000000	0.999297	1.000000	0.999226	1.000000	1.000000	0.998615	0.000305	0.980665	0.000008	1.028323	0.000020	1.000000	1.000000	
1353355803.448305	0.999989	68.435626	54.893745	6.197242	1.000000	0.999991	1.000000	1.000000	1.000000	0.999996	1.000000	0.999998	1.000000	0.999998	1.000689	0.002070	1.000000	1.000000	1.000000	1.000000	1353355803.448429	0.999990	54.247476	40.626078	5.957839	1.000000	1.000000	1.000000	1.000000	1.000000	1.000000	1.000000	0.999998	0.999997	0.059491	0.999039	0.000635	1.000239	0.000087	1.000000	1.000000	
1353355804.448315	1.000010	68.477647	54.936736	6.184905	0.999999	0.999809	1.000000	1.000001	1.000000	1.000002	1.000000	0.999808	1.000000	0.999618	0.998951	0.002019	1.000000	0.999649	1.000000	0.999647	1353355804.448436	1.000007	53.898202	40.281765	5.897313	1.000000	1.000000	1.000000	0.999818	1.000000	0.999804	1.000000	1.000000	1.000400	0.000279	1.010234	0.000065	1.000830	0.000007	1.000000	1.000000	
1353355805.448308	0.999993	715824874.137102	715791515.559105	715768243.749168	0.999965	1.000511	0.999966	1.000527	0.999968	1.000530	0.999965	1.000512	0.999968	1.000525	0.999968	1.000509	0.999967	1.000522	0.999966	1.000515	1353355805.448418	0.999982	715837472.151164	715783971.904619	715789873.813787	0.999967	1.000520	0.999963	1.000517	3.894490	0.256901	0.999965	1.000512	0.999968	1.000527	0.999968	1.000509	0.999967	1.000523	0.999966	1.000515	
1353355806.448378	1.000070	0.000000	0.000000	0.000000	-nan	-nan	-nan	-nan	1.000008	inf	-nan	-nan	-nan	0.000000	-nan	-nan	-nan	-nan	-nan	-nan	1353355806.448465	1.000047	0.000000	0.000000	0.000000	-nan	-nan	-nan	-nan	1.345745	inf	-nan	-nan	-nan	-nan	-nan	-nan	-nan	-nan	-nan	-nan	
