ts_0	elapsed_0	pkg_0	pp0_0	dram_0	freq_ratio_0_0	c0_ratio_0_0	freq_ratio_0_1	c0_ratio_0_1	freq_ratio_0_2	c0_ratio_0_2	freq_ratio_0_3	c0_ratio_0_3	freq_ratio_0_4	c0_ratio_0_4	freq_ratio_0_5	c0_ratio_0_5	freq_ratio_0_6	c0_ratio_0_6	freq_ratio_0_7	c0_ratio_0_7	ts_1	elapsed_1	pkg_1	pp0_1	dram_1	freq_ratio_1_0	c0_ratio_1_0	freq_ratio_1_1	c0_ratio_1_1	freq_ratio_1_2	c0_ratio_1_2	freq_ratio_1_3	c0_ratio_1_3	freq_ratio_1_4	c0_ratio_1_4	freq_ratio_1_5	c0_ratio_1_5	freq_ratio_1_6	c0_ratio_1_6	freq_ratio_1_7	c0_ratio_1_7	
1357207011.862982	1.001842	63.408743	49.780008	6.822211	1.154590	0.381376	1.155616	0.388724	1.155060	0.382783	1.156439	0.386536	1.155282	0.378960	1.156786	0.386162	1.155990	0.380740	1.156433	0.382871	1357207011.863094	1.000387	58.996504	45.423799	6.639444	0.999979	0.952453	0.999982	0.952072	1.000001	0.951671	0.999982	0.951747	1.000001	0.887142	0.780437	0.000083	1.004326	0.000082	0.999936	0.953004	
1357207012.862960	0.999978	64.722489	51.041967	7.200857	0.998249	0.005295	0.998949	0.999773	0.998949	0.999773	0.998948	0.999772	0.998948	0.999772	0.998949	0.999772	0.998950	0.999772	0.995773	0.001332	1357207012.863089	0.999995	61.425280	47.820186	6.933247	1.000000	1.000000	1.000000	1.000000	1.000000	1.000000	1.000000	1.000000	1.000000	1.000000	0.995005	0.000040	0.999963	0.002555	1.000000	1.000000	
1357207013.862959	0.999999	64.661576	50.997012	6.990668	0.983494	0.001130	0.996790	0.999320	0.996789	0.999320	0.996791	0.999319	0.996790	0.999318	0.996790	0.999317	0.996790	0.999316	0.985736	0.001060	1357207013.863075	0.999986	61.241172	47.694717	6.925329	1.000000	1.000000	1.000000	1.000000	1.000000	1.000000	1.000000	1.000000	1.000000	1.000000	1.015659	0.000012	1.000470	0.000061	1.000000	1.000000	
1357207014.862959	1.000000	64.653442	50.949097	7.106750	0.985143	0.000864	0.997475	0.999386	0.997475	0.999384	0.997475	0.999384	0.997475	0.999384	0.997476	0.999383	0.997475	0.999384	0.986394	0.001070	1357207014.863091	1.000016	61.396053	47.813766	6.978023	1.000000	1.000000	1.000000	1.000000	1.000000	1.000000	1.000000	1.000000	1.000000	1.000000	1.000023	0.000050	0.991089	0.000070	1.000000	1.000000	
1357207015.862959	1.000000	64.570572	50.883728	7.109512	0.995941	0.000850	0.999323	0.999841	0.999324	0.999842	0.999323	0.999842	0.999323	0.999841	0.999323	0.999841	0.999324	0.999841	0.966095	0.000088	1357207015.863091	1.000000	61.454041	47.895432	6.963120	1.000000	1.000000	1.000000	1.000000	1.000000	1.000000	1.000000	1.000000	1.000000	1.000000	1.000000	0.000012	1.006543	0.000095	1.000000	1.000000	
1357207016.862960	1.000001	64.669296	50.967710	7.016198	0.997307	0.004125	0.998533	0.999625	0.998532	0.999624	0.998532	0.999625	0.998532	0.999624	0.998532	0.999625	0.998531	0.999624	0.991510	0.000757	1357207016.863096	1.000005	61.489682	47.919957	6.918392	1.000000	1.000000	1.000000	1.000000	1.000000	1.000000	1.000000	1.000000	1.000000	1.000000	1.000032	0.000048	1.000550	0.000067	1.000000	1.000000	
1357207017.862959	0.999999	64.526948	50.832248	7.064857	0.994831	0.002090	0.997658	0.999558	0.997658	0.999556	0.997658	0.999557	0.997658	0.999143	0.997659	0.999557	0.997658	0.999099	0.988175	0.001159	1357207017.863089	0.999993	61.537977	47.972851	6.924227	1.000000	1.000000	1.000000	1.000000	1.000000	1.000000	1.000000	1.000000	1.000000	1.000000	0.998462	0.000012	0.999482	0.000062	1.000000	1.000000	
1357207018.862959	1.000000	64.610764	50.837952	7.350433	0.991498	0.000682	0.998823	0.999727	0.998823	0.999728	0.998823	0.999727	0.998823	0.999727	0.998823	0.999727	0.998823	0.999727	0.990203	0.000891	1357207018.863091	1.000002	61.549611	47.933106	7.007586	1.000000	1.000000	1.000000	1.000000	1.000000	1.000000	1.000000	1.000000	1.000000	1.000000	0.999506	0.000048	1.000304	0.000069	1.000000	1.000000	
1357207019.862960	1.000001	64.624282	50.853269	7.398766	0.999442	0.000811	0.999912	0.999977	0.999912	0.999977	0.999912	0.999978	0.999913	0.999977	0.999912	0.999977	0.999912	0.999977	0.993685	0.000024	1357207019.863084	0.999993	61.547362	47.924373	6.921206	1.000000	1.000000	1.000000	1.000000	1.000000	1.000000	1.000000	1.000000	1.000000	1.000000	1.000254	0.000012	0.999487	0.000062	1.000000	1.000000	
1357207020.862960	1.000000	64.683807	51.044861	6.649750	0.964435	0.002204	0.978740	0.997310	0.978740	0.997308	0.978740	0.997307	0.978739	0.997303	0.978740	0.997303	0.978739	0.997299	0.976925	0.002978	1357207020.863066	0.999982	61.552843	48.034413	6.674863	1.000000	1.000000	1.000000	1.000000	1.000000	1.000000	1.000000	1.000000	1.000000	1.000000	1.000008	0.000290	0.999976	0.000338	1.000000	1.000000	
1357207021.862960	1.000000	64.631088	50.913956	7.102859	0.993622	0.002636	0.998016	0.999546	0.998016	0.999546	0.998016	0.999545	0.998016	0.999545	0.998016	0.999544	0.998016	0.999545	0.961245	0.000243	1357207021.863084	1.000018	61.492675	47.926801	6.961164	1.000000	1.000000	1.000000	1.000000	1.000000	1.000000	1.000000	1.000000	1.000000	1.000000	0.999102	0.000007	1.000820	0.000060	1.000000	1.000000	
1357207022.862959	0.999999	64.643540	50.906955	7.250327	0.982647	0.003848	0.997734	0.999536	0.997735	0.999536	0.997735	0.999536	0.997736	0.999536	0.997735	0.999535	0.997735	0.999534	0.966096	0.000339	1357207022.863086	1.000002	61.465810	47.868180	6.953508	1.000000	1.000000	1.000000	1.000000	1.000000	1.000000	1.000000	1.000000	1.000000	1.000000	1.000279	0.000057	0.999787	0.000083	1.000000	1.000000	
1357207023.862960	1.000001	64.654022	50.926725	7.199700	0.994964	0.000864	0.999251	0.999807	0.999250	0.999807	0.999250	0.999807	0.999249	0.999806	0.999249	0.999806	0.999250	0.999806	0.964342	0.000104	1357207023.863091	1.000005	61.242278	47.629309	6.955821	1.000000	1.000000	1.000000	1.000000	1.000000	1.000000	1.000000	1.000000	1.000000	1.000000	1.001313	0.000012	1.000243	0.000062	1.000000	1.000000	
1357207024.862959	0.999999	64.578477	50.884646	7.203529	0.984425	0.000863	0.997473	0.999446	0.997473	0.999446	0.997474	0.999445	0.997474	0.999444	0.997474	0.999445	0.997474	0.999444	0.983813	0.000976	1357207024.863085	0.999994	61.166670	47.564355	6.952785	1.000000	1.000000	1.000000	1.000000	1.000000	1.000000	1.000000	1.000000	1.000000	1.000000	1.000424	0.000047	1.000026	0.000073	1.000000	1.000000	
1357207025.862959	1.000000	64.650070	50.944870	7.134552	0.993336	0.000886	0.998936	0.999751	0.998937	0.999751	0.998936	0.999750	0.998937	0.999750	0.998937	0.999750	0.998937	0.999750	0.963939	0.000130	1357207025.863083	0.999998	61.195750	47.593459	6.954908	1.000000	1.000000	1.000000	1.000000	1.000000	1.000000	1.000000	1.000000	1.000000	1.000000	0.998437	0.000025	0.999493	0.000062	1.000000	1.000000	
1357207026.862961	1.000002	64.677138	51.030191	6.872133	0.964078	0.002093	0.976551	0.997229	0.976549	0.997185	0.976549	0.997185	0.976552	0.997325	0.976549	0.997182	0.976552	0.997368	0.974831	0.003191	1357207026.863070	0.999987	61.203531	47.649764	6.850798	1.000000	0.999847	1.000000	0.999850	1.000000	0.999849	1.000000	0.999848	1.000000	0.999847	0.999550	0.000050	1.000485	0.000067	0.999985	0.999905	
1357207027.862959	0.999998	64.654069	50.948797	7.170363	0.988811	0.001427	0.996424	0.999420	0.996424	0.999420	0.996424	0.999419	0.996425	0.999418	0.996425	0.999417	0.996426	0.999417	0.964745	0.000382	1357207027.863088	1.000018	61.233417	47.634600	6.995801	1.000000	1.000000	1.000000	1.000000	1.000000	1.000000	1.000000	1.000000	1.000000	1.000000	1.000935	0.000012	0.999017	0.000061	1.000000	1.000000	
1357207028.862959	1.000000	64.678146	51.087830	6.521561	0.964855	0.002305	0.974971	0.997257	0.974971	0.997256	0.974971	0.997255	0.974971	0.997252	0.974970	0.997249	0.974970	0.997249	0.972023	0.003105	1357207028.863063	0.999975	61.146413	47.640643	6.702179	1.000000	1.000000	1.000000	1.000000	1.000000	1.000000	1.000000	1.000000	1.000000	1.000000	1.000073	0.000058	1.000127	0.000067	1.000000	1.000000	
1357207029.862959	1.000000	64.653824	51.023743	6.820755	0.973040	0.001452	0.991021	0.998428	0.991025	0.998898	0.991025	0.998896	0.991025	0.998896	0.991026	0.998894	0.991025	0.998895	0.963899	0.000906	1357207029.863087	1.000024	61.250051	47.711238	6.876284	1.000000	1.000000	1.000000	1.000000	1.000000	1.000000	1.000000	1.000000	1.000000	1.000000	1.001155	0.000024	1.000059	0.000092	1.000000	1.000000	
1357207030.862960	1.000001	64.663116	50.996564	6.926156	0.977801	0.001120	0.992874	0.998955	0.992875	0.998954	0.992875	0.998954	0.992875	0.998954	0.992875	0.998953	0.992875	0.998951	0.980195	0.001308	1357207030.863091	1.000004	61.204388	47.638006	6.854281	1.000000	1.000000	1.000000	1.000000	1.000000	1.000000	1.000000	1.000000	1.000000	1.000000	0.999717	0.000046	1.000132	0.000064	1.000000	1.000000	
1357207031.862959	0.999999	64.658311	51.002307	6.855979	0.988595	0.000937	0.998327	0.999493	0.998326	0.999491	0.998326	0.999603	0.998326	0.999602	0.998325	0.999601	0.998325	0.999493	0.962842	0.000198	1357207031.863092	1.000001	61.156482	47.613770	6.892800	1.000000	1.000000	1.000000	1.000000	1.000000	0.999893	1.000000	0.999892	1.000000	1.000000	0.996503	0.000012	1.000307	0.000062	1.000000	1.000000	
1357207032.862959	1.000000	64.669037	51.066513	6.608047	0.971798	0.004814	0.980871	0.997795	0.980871	0.997794	0.980872	0.997792	0.980872	0.997791	0.980872	0.997788	0.980872	0.997787	0.972657	0.002630	1357207032.863088	0.999996	61.245198	47.732661	6.799725	1.000000	1.000000	1.000000	1.000000	1.000000	1.000000	1.000000	1.000000	1.000000	1.000000	0.998559	0.000058	0.999770	0.000067	1.000000	1.000000	
1357207033.862960	1.000001	64.653961	50.957013	7.000100	0.952378	0.004013	0.997806	0.999560	0.997807	0.999560	0.997807	0.999559	0.997807	0.999559	0.997807	0.999559	0.997807	0.999559	0.944093	0.003267	1357207033.863090	1.000002	61.265966	47.677842	6.954256	1.000000	1.000000	1.000000	1.000000	1.000000	1.000000	1.000000	1.000000	1.000000	1.000000	1.000033	0.002539	1.000002	0.002616	1.000000	1.000000	
1357207034.862961	1.000001	64.663619	50.986951	7.029794	0.983511	0.000941	0.997245	0.999007	0.997244	0.999049	0.997243	0.999044	0.997244	0.999042	0.997245	0.999341	0.997244	0.999005	0.970521	0.000388	1357207034.863097	1.000007	61.220387	47.651557	6.963392	1.000000	0.999761	1.000000	0.999667	1.000000	0.999697	1.000000	0.999696	1.000000	0.999697	0.999810	0.000053	0.999995	0.000081	1.000000	0.999737	
1357207035.862959	0.999998	64.663530	50.987997	6.971739	0.987790	0.001057	0.997453	0.999386	0.997453	0.999384	0.997454	0.999384	0.997453	0.999383	0.997453	0.999383	0.997453	0.999383	0.970972	0.000368	1357207035.863086	0.999989	61.324113	47.754461	6.950149	1.000000	1.000000	1.000000	1.000000	1.000000	1.000000	1.000000	1.000000	1.000000	1.000000	1.004906	0.000012	0.999778	0.000097	1.000000	1.000000	
1357207036.862960	1.000001	64.657363	50.953595	7.107858	0.981345	0.000821	0.996942	0.999348	0.996943	0.999348	0.996943	0.999348	0.996943	0.999347	0.996942	0.999345	0.996942	0.999346	0.970137	0.000401	1357207036.863085	0.999999	61.608305	48.020386	6.971152	1.000000	1.000000	1.000000	1.000000	1.000000	1.000000	1.000000	1.000000	1.000000	1.000000	0.999977	0.004495	0.999702	0.000065	1.000000	1.000000	
1357207037.862960	1.000000	64.667297	50.954788	7.199585	0.990904	0.002424	0.996243	0.999225	0.996243	0.999225	0.996243	0.999223	0.996243	0.999223	0.996242	0.999223	0.996242	0.999222	0.973550	0.000592	1357207037.863095	1.000010	61.579950	47.983010	6.961112	1.000000	1.000000	1.000000	1.000000	1.000000	1.000000	1.000000	1.000000	1.000000	1.000000	0.999983	0.002285	1.000155	0.000276	1.000000	1.000000	
1357207038.862960	1.000000	64.654388	50.934143	7.028412	0.981431	0.001000	0.996244	0.999151	0.996244	0.999150	0.996245	0.999150	0.996244	0.999149	0.996245	0.999149	0.996245	0.999148	0.981822	0.001172	1357207038.863090	0.999995	61.474643	47.880733	6.902455	1.000000	1.000000	1.000000	1.000000	1.000000	1.000000	1.000000	1.000000	1.000000	1.000000	0.999988	0.003857	0.999687	0.000107	1.000000	1.000000	
1357207039.862959	0.999999	64.668610	50.968844	6.879935	0.979393	0.001297	0.995360	0.998930	0.995361	0.998929	0.995360	0.998928	0.995360	0.998928	0.995360	0.998927	0.995361	0.998927	0.985047	0.001640	1357207039.863086	0.999996	61.276493	47.686351	6.845502	1.000000	1.000000	1.000000	1.000000	1.000000	1.000000	1.000000	1.000000	1.000000	1.000000	0.999317	0.000031	1.000817	0.000060	1.000000	1.000000	
1357207040.862960	1.000001	47.996201	34.526670	5.500849	0.853070	0.001240	0.995741	0.655288	0.995740	0.655259	0.995740	0.655236	0.995740	0.655210	0.995746	0.655169	0.995746	0.655135	0.966775	0.001035	1357207040.863420	1.000334	49.668971	36.245339	5.406107	0.999999	0.655669	0.999999	0.655644	0.999999	0.655622	0.999999	0.655602	0.999999	0.655582	1.000489	0.000044	0.999627	0.000068	1.000000	1.000000	
1357207041.862960	1.000000	17.555084	4.399048	2.728287	0.617551	0.001582	0.711479	0.000068	0.813639	0.000019	0.688111	0.000074	0.819990	0.000020	1.023604	0.000008	0.531619	0.000016	0.618363	0.000098	1357207041.863285	0.999865	28.360257	15.218484	2.700316	0.999914	0.000076	1.000068	0.000068	0.999740	0.000070	0.999770	0.000067	0.998635	0.000007	0.997003	0.000012	1.000157	0.000091	1.000000	1.000000	
1357207042.862960	1.000000	19.780777	6.547653	4.390625	0.670272	0.015705	0.823184	0.000030	0.693898	0.000080	0.824793	0.000120	0.739557	0.000082	0.669865	0.000074	0.714818	0.000065	0.864863	0.000190	1357207042.863348	1.000063	28.450846	15.208668	4.289372	0.998987	0.000018	1.000162	0.000012	1.000254	0.000012	1.000341	0.000012	0.996542	0.000070	0.998853	0.000080	0.999501	0.000084	1.000000	1.000000	
1357207043.862960	1.000000	21.665619	8.441284	4.945755	0.619586	0.019177	1.000302	0.000103	0.806170	0.000028	1.003346	0.000049	0.818890	0.000027	0.564767	0.000020	0.711553	0.000018	0.571478	0.000103	1357207043.863348	1.000000	28.478806	15.184143	4.872910	1.000550	0.000061	0.999929	0.000055	1.000010	0.000075	0.999985	0.000076	1.019766	0.000012	1.014916	0.000006	1.000646	0.000060	1.000000	1.000000	
1357207044.862960	1.000000	20.094528	6.885056	4.987564	0.599145	0.018831	0.649738	0.000102	0.739406	0.000063	0.707279	0.000019	0.988977	0.000047	0.940660	0.000061	0.990311	0.000050	0.701835	0.000126	1357207044.863219	0.999871	28.476818	15.174580	4.870974	0.996972	0.000018	1.000032	0.000012	0.999936	0.000012	1.000033	0.000012	0.999974	0.000045	1.000707	0.000045	0.991894	0.000082	1.000000	1.000000	
1357207045.862960	1.000000	23.279175	10.055450	4.968735	0.744634	0.017244	0.642807	0.000193	1.013706	0.000038	0.693736	0.000107	0.710581	0.000053	1.011559	0.000029	1.016864	0.000029	0.691117	0.000088	1357207045.863390	1.000171	28.494442	15.157809	4.928921	0.999154	0.000063	0.991392	0.000057	0.990500	0.000058	0.992058	0.000062	1.000490	0.000012	0.997329	0.000012	1.006112	0.000106	1.000000	1.000000	
1357207046.862966	1.000006	22.526035	9.317114	4.768343	0.677545	0.015135	0.690725	0.000111	0.762962	0.000065	0.691398	0.000010	0.749867	0.000063	0.956634	0.000049	1.004609	0.000046	0.616138	0.000165	1357207046.863218	0.999828	28.477933	15.161496	4.819020	1.004034	0.000028	1.024710	0.000020	1.026610	0.000021	1.025694	0.000020	1.000089	0.000069	1.000095	0.000081	1.000085	0.000100	1.000000	1.000000	
1357207047.862960	0.999994	21.642844	8.436101	4.913695	0.633267	0.019487	0.675583	0.000160	0.790533	0.000027	0.851821	0.000120	0.809506	0.000028	0.718057	0.000018	0.688751	0.000019	0.785626	0.000077	1357207047.863298	1.000080	28.448115	15.137352	4.884527	0.999948	0.000082	0.999929	0.000054	0.999795	0.000053	0.999531	0.000055	0.999679	0.000012	1.000418	0.000012	0.999690	0.000073	1.000000	1.000000	
1357207048.862963	1.000003	21.927026	8.737018	4.956619	0.632391	0.016845	0.692738	0.000110	0.738511	0.000062	0.995473	0.000014	0.710963	0.000065	0.999651	0.000055	0.682837	0.000068	0.680425	0.000130	1357207048.863339	1.000041	28.467186	15.162968	4.868102	0.989713	0.000018	0.999904	0.000012	0.999372	0.000012	0.991094	0.000012	1.000009	0.000044	0.999502	0.000044	1.000528	0.000066	1.000000	1.000000	
1357207049.862964	1.000001	21.575770	8.372184	5.003886	0.647755	0.018936	0.895146	0.000122	0.860307	0.000027	0.938241	0.000060	0.893279	0.000029	0.999106	0.000013	0.844829	0.000015	0.608097	0.000096	1357207049.863329	0.999990	28.485622	15.170165	4.869250	1.002963	0.000062	0.999986	0.000055	1.000059	0.000071	1.001515	0.000068	0.999351	0.000012	0.999903	0.000012	0.999805	0.000059	1.000000	1.000000	
1357207050.862960	0.999996	20.559181	7.359573	5.022893	0.590529	0.019136	0.885024	0.000440	0.868779	0.000057	0.611580	0.000033	0.677212	0.000068	0.690953	0.000066	0.663473	0.000067	0.750349	0.000123	1357207050.863337	1.000008	28.530027	15.225035	4.876364	0.997781	0.000020	1.000230	0.000012	0.999670	0.000012	1.000392	0.000012	1.000101	0.000050	1.000478	0.000047	0.999773	0.000066	1.000000	1.000000	
1357207051.862960	1.000000	21.052277	7.848526	5.035889	0.617107	0.020287	0.766862	0.000145	0.852395	0.000025	0.720838	0.000077	0.843073	0.000023	0.772696	0.000015	0.768750	0.000014	0.844549	0.000112	1357207051.863198	0.999861	28.515621	15.210473	4.871756	1.000282	0.000060	0.999868	0.000053	0.999658	0.000065	0.999972	0.000056	1.001257	0.000012	0.999379	0.000012	1.000028	0.000069	1.000000	1.000000	
1357207052.862960	1.000000	21.360825	8.165146	4.980087	0.657472	0.021799	0.672709	0.000114	1.000788	0.000046	0.905190	0.000057	0.721901	0.000063	0.999569	0.000053	0.718536	0.000065	0.889578	0.000169	1357207052.863322	1.000124	28.532077	15.237826	4.868110	0.999216	0.000025	0.999870	0.000012	1.002101	0.000012	1.000094	0.000012	0.995927	0.000045	0.996857	0.000051	0.999542	0.000069	1.000000	1.000000	
1357207053.862966	1.000006	20.180467	6.988636	5.116425	0.588290	0.020418	0.617733	0.000182	0.999432	0.000021	0.783714	0.000073	0.804902	0.000028	0.696246	0.000019	0.580575	0.000020	0.643549	0.000096	1357207053.863207	0.999885	28.551743	15.256316	4.879528	1.000258	0.000063	0.999979	0.000056	0.999829	0.000058	0.999886	0.000054	1.013933	0.000012	1.012859	0.000012	1.000573	0.000073	1.000000	1.000000	
1357207054.862960	0.999994	715771667.776668	715828883.369363	715801939.314034	0.999925	1.000785	0.999921	1.000778	0.999932	1.000783	0.999923	1.000778	0.999925	1.000791	0.999926	1.000776	0.999925	1.000788	0.999924	1.000783	1357207054.863065	0.999858	715906972.174994	715905682.501256	715917031.693033	0.999923	1.000778	0.999922	1.000784	3.897396	0.256769	0.999921	1.000771	0.999924	1.000786	0.999927	1.000782	0.999925	1.000790	0.999923	1.000777	
1357207055.862959	0.999999	0.000000	0.000000	0.000000	-nan	-nan	-nan	-nan	0.000000	inf	-nan	-nan	-nan	0.000000	-nan	-nan	-nan	-nan	-nan	-nan	1357207055.863043	0.999978	0.000000	0.000000	0.000000	-nan	-nan	-nan	-nan	0.000000	inf	-nan	-nan	-nan	-nan	-nan	-nan	-nan	-nan	-nan	-nan	
