ts_0	elapsed_0	pkg_0	pp0_0	dram_0	freq_ratio_0_0	c0_ratio_0_0	freq_ratio_0_1	c0_ratio_0_1	freq_ratio_0_2	c0_ratio_0_2	freq_ratio_0_3	c0_ratio_0_3	freq_ratio_0_4	c0_ratio_0_4	freq_ratio_0_5	c0_ratio_0_5	freq_ratio_0_6	c0_ratio_0_6	freq_ratio_0_7	c0_ratio_0_7	ts_1	elapsed_1	pkg_1	pp0_1	dram_1	freq_ratio_1_0	c0_ratio_1_0	freq_ratio_1_1	c0_ratio_1_1	freq_ratio_1_2	c0_ratio_1_2	freq_ratio_1_3	c0_ratio_1_3	freq_ratio_1_4	c0_ratio_1_4	freq_ratio_1_5	c0_ratio_1_5	freq_ratio_1_6	c0_ratio_1_6	freq_ratio_1_7	c0_ratio_1_7	
1357205629.373601	1.001857	36.978829	23.847103	5.925306	1.154305	0.245379	1.155480	0.247221	1.153889	0.242456	1.155885	0.247021	1.153687	0.238918	1.156752	0.248681	1.155749	0.244907	1.155036	0.241798	1357205629.373979	1.000641	35.903175	22.625768	3.344307	0.999936	0.799210	1.002636	0.000174	0.679564	0.000062	1.000000	0.554075	0.814889	0.000102	1.013043	0.000032	0.779075	0.000077	0.999921	0.932327	
1357205630.373595	0.999994	38.342086	25.194974	6.095205	0.999817	0.871486	1.000000	0.870344	1.000000	0.870350	0.988965	0.000312	1.003751	0.000008	0.654897	0.000010	1.003149	0.000057	1.000411	0.000132	1357205630.373790	0.999811	38.579087	25.331175	3.276193	1.000001	0.870674	0.999970	0.000431	0.998247	0.000069	1.000001	0.870706	0.999991	0.000084	1.000600	0.000051	0.999816	0.000050	1.000000	1.000000	
1357205631.373595	1.000000	39.176559	26.026657	6.129120	0.999734	0.929349	1.000000	0.928589	1.000000	0.928587	0.983937	0.000389	1.000446	0.000086	1.000282	0.000135	1.001071	0.000008	1.000184	0.000096	1357205631.373787	0.999997	39.232833	25.972279	3.179972	1.000000	0.928594	0.999966	0.000137	1.000852	0.000017	1.000000	0.928593	1.000239	0.000045	0.999566	0.000007	0.998403	0.000007	1.000000	1.000000	
1357205632.373603	1.000008	38.038388	24.883282	6.066464	0.999548	0.870368	1.000000	0.868662	1.000000	0.868634	0.999969	0.000303	0.999811	0.000041	0.999216	0.000008	1.000194	0.000052	0.999905	0.000167	1357205632.373870	1.000083	38.433548	25.160510	3.391030	0.999999	0.868444	1.000073	0.000121	1.002120	0.000074	0.999999	0.868355	0.999612	0.000087	0.999970	0.000064	0.999970	0.000064	1.000000	1.000000	
1357205633.373595	0.999992	38.517539	25.362114	6.077686	0.999697	0.897144	1.000000	0.896170	1.000000	0.896197	0.999990	0.000373	0.999815	0.000063	0.999747	0.000053	0.997297	0.000008	1.000169	0.000098	1357205633.373790	0.999920	38.766564	25.496885	3.366587	1.000001	0.896401	0.999937	0.000135	0.990431	0.000016	1.000000	0.896481	1.000337	0.000043	0.999813	0.000006	1.000915	0.000007	1.000000	1.000000	
1357205634.373594	0.999999	38.251105	25.097390	6.097616	0.999719	0.863589	1.000000	0.862502	1.000000	0.862501	0.999975	0.000325	1.003000	0.000008	0.999804	0.000008	0.999923	0.000100	0.999947	0.000131	1357205634.373785	0.999995	38.476892	25.214543	3.264512	1.000000	0.862506	0.999987	0.000115	1.000312	0.000074	1.000000	0.862506	0.999811	0.000092	0.999884	0.000070	0.999730	0.000070	1.000000	1.000000	
1357205635.373595	1.000001	38.038080	24.881477	6.060785	0.999655	0.859678	1.000000	0.858484	1.000000	0.858498	0.982526	0.000356	0.999930	0.000072	0.999954	0.000051	1.000974	0.000008	0.999952	0.000097	1357205635.373786	1.000001	38.442422	25.176383	3.231549	1.000000	0.858497	0.999994	0.000461	0.999337	0.000018	1.000000	0.858496	1.000249	0.000059	1.000596	0.000007	1.001420	0.000006	1.000000	1.000000	
1357205636.373595	1.000000	35.876404	22.711853	5.975449	0.999207	0.750060	1.000000	0.747766	0.999976	0.747809	0.945488	0.000344	0.998802	0.000008	0.997696	0.000008	0.999883	0.000050	0.881902	0.000147	1357205636.373791	1.000005	37.051191	23.765002	3.615811	1.000000	0.747850	0.999989	0.000109	1.000219	0.000077	1.000000	0.747847	1.000008	0.000091	0.999967	0.000070	0.999995	0.000070	1.000000	1.000000	
1357205637.373595	1.000000	39.629044	26.470779	6.071625	0.999902	0.944868	1.000000	0.944361	1.000000	0.944360	0.986389	0.000385	0.999952	0.000089	1.000322	0.000053	0.998160	0.000008	0.999820	0.000130	1357205637.373783	0.999992	39.371367	26.103392	3.137065	1.000000	0.944366	0.999998	0.002127	0.997611	0.000017	1.000000	0.944353	1.000251	0.000057	1.000108	0.000007	0.999303	0.000007	1.000000	1.000000	
1357205638.373595	1.000000	40.493805	27.335434	6.119354	1.000000	1.000001	1.000000	1.000000	1.000000	1.000000	0.999995	0.000312	0.996528	0.000008	0.998055	0.000008	0.995910	0.000137	1.000098	0.000130	1357205638.373787	1.000004	39.929190	26.674010	3.041186	1.000000	1.000000	0.999965	0.000110	0.999952	0.000073	1.000000	1.000000	0.999556	0.000076	1.000014	0.000056	0.999994	0.000061	1.000000	1.000000	
1357205639.373595	1.000000	35.961609	22.797043	6.156342	0.998544	0.791568	1.000000	0.788543	0.999985	0.788577	0.936601	0.000357	0.993004	0.000068	0.990798	0.000053	0.990926	0.000009	0.853895	0.000113	1357205639.373789	1.000002	37.452138	24.163513	3.809746	1.000000	0.788609	1.000022	0.000140	1.000248	0.000017	1.000000	0.788608	1.000007	0.000058	1.000109	0.000007	1.001345	0.000007	1.000000	1.000000	
1357205640.373594	0.999999	39.566017	26.417429	6.107061	0.999924	0.944114	1.000000	0.943693	1.000000	0.943692	0.999578	0.000333	1.021857	0.000022	1.022440	0.000022	1.009873	0.000066	0.999609	0.000145	1357205640.373796	1.000007	39.361239	26.091952	3.183755	1.000000	0.943712	0.999980	0.000469	1.000582	0.000095	1.000000	0.943696	0.999984	0.000122	0.999961	0.000080	0.990205	0.000052	1.000000	1.000000	
1357205641.373594	1.000000	40.381927	27.216400	6.106934	1.000000	1.000000	1.000000	1.000000	1.000000	1.000000	0.999986	0.000377	1.000127	0.000058	1.000008	0.000048	1.000000	0.000008	1.000463	0.000145	1357205641.373787	0.999991	39.941707	26.672986	3.061841	1.000000	1.000000	0.999962	0.000174	0.994342	0.000018	1.000000	1.000000	0.987541	0.000050	1.000062	0.000006	1.012425	0.000040	1.000000	1.000000	
1357205642.373595	1.000001	36.030910	22.863656	6.129755	0.998391	0.799299	0.999978	0.796384	0.999983	0.796372	0.925625	0.000320	1.000012	0.000033	0.997609	0.000008	0.999871	0.000054	0.964644	0.000444	1357205642.373789	1.000002	37.556065	24.267333	3.789406	1.000000	0.796396	1.000015	0.000155	1.000017	0.000135	1.000000	0.796394	1.001220	0.000516	0.999905	0.000069	0.999987	0.000086	1.000000	1.000000	
1357205643.373595	1.000000	39.798889	26.638062	6.108353	0.999947	0.959120	1.000000	0.958801	1.000000	0.958815	0.956880	0.000383	0.999793	0.000065	0.996654	0.000051	0.996419	0.000008	0.999964	0.000096	1357205643.373784	0.999995	39.536331	26.261942	3.108246	1.000000	0.958814	1.000006	0.000372	1.003045	0.000018	1.000000	0.958813	0.999753	0.000058	1.001467	0.000007	1.000807	0.000007	1.000000	1.000000	
1357205644.373602	1.000007	31.714304	18.541956	5.822317	0.997424	0.477594	0.999967	0.472924	1.000000	0.472899	0.999997	0.003285	1.000005	0.002874	1.000055	0.002766	1.000007	0.002746	0.999955	0.002806	1357205644.373857	1.000073	33.861620	20.539654	4.697259	0.999999	0.472741	1.000002	0.002878	1.000042	0.002758	0.999999	0.472597	1.000000	0.003801	0.999992	0.002702	0.999997	0.002720	1.000000	1.000000	
1357205645.373596	0.999994	19.604273	6.442436	6.070761	0.572413	0.015742	0.998276	0.000017	0.735586	0.000061	0.684545	0.000220	0.918768	0.000066	0.895122	0.000057	0.982308	0.000009	0.598946	0.000166	1357205645.373968	1.000111	28.594052	15.274716	5.893022	1.000317	0.000060	0.999985	0.000438	0.999837	0.000017	1.000149	0.000062	0.999381	0.000045	0.994490	0.000006	1.005153	0.000007	1.000000	1.000000	
1357205646.373595	0.999999	20.649052	7.491996	5.836401	0.606469	0.011933	0.907375	0.000058	1.002374	0.000043	0.668822	0.000153	0.989107	0.000008	0.658062	0.000011	0.908954	0.000062	0.664383	0.000211	1357205646.373836	0.999868	28.587135	15.269259	5.698247	0.999833	0.000069	0.999870	0.000118	0.999970	0.000051	0.998485	0.000007	1.000357	0.000071	1.000751	0.000052	0.999267	0.000052	1.000000	1.000000	
1357205647.373595	1.000000	22.924301	9.766541	5.605972	0.726176	0.009947	1.000837	0.000017	0.926692	0.000054	0.894599	0.000175	0.830873	0.000103	0.929123	0.000055	0.995881	0.000008	0.844613	0.000138	1357205647.374031	1.000195	28.584025	15.269117	5.488798	1.000454	0.000023	1.000006	0.002122	0.999847	0.000015	1.000100	0.000073	0.999426	0.000051	0.994597	0.000006	1.004070	0.000006	1.000000	1.000000	
1357205648.373600	1.000005	21.313828	8.157277	5.832948	0.636982	0.010890	0.906566	0.000058	0.932165	0.000053	0.673449	0.000159	0.744948	0.000011	0.613380	0.000013	0.906739	0.000056	0.688626	0.000291	1357205648.373846	0.999815	28.585214	15.266557	5.712727	0.999808	0.000060	0.999913	0.000093	1.000005	0.000077	0.999134	0.000007	1.000313	0.000086	1.000582	0.000053	0.999502	0.000053	1.000000	1.000000	
1357205649.373599	0.999999	21.000356	7.844078	5.839269	0.634275	0.013391	0.848007	0.000020	0.915701	0.000054	0.864067	0.000182	0.916124	0.000074	0.971442	0.000057	0.973713	0.000008	0.737022	0.000129	1357205649.373970	1.000124	28.585827	15.268813	5.713769	1.000267	0.000032	1.000024	0.000145	0.999949	0.000030	1.000021	0.000091	0.999622	0.000030	0.994291	0.000006	0.983929	0.000008	1.000000	1.000000	
1357205650.373601	1.000002	20.660666	7.515550	5.949864	0.627174	0.013873	0.898986	0.000056	1.002933	0.000047	0.671806	0.000162	1.004254	0.000008	0.749559	0.000010	0.686227	0.000076	0.606937	0.000216	1357205650.373860	0.999890	28.573560	15.265380	5.792339	0.986226	0.000057	0.999979	0.000429	0.999929	0.000049	0.999893	0.000007	1.000107	0.000090	1.000449	0.000071	1.001862	0.000063	1.000000	1.000000	
1357205651.373596	0.999995	18.581224	5.423443	6.145188	0.564650	0.018273	1.000453	0.000019	0.690895	0.000067	0.684846	0.000223	0.703456	0.000087	0.702238	0.000071	0.996402	0.000009	0.585443	0.000166	1357205651.374020	1.000160	28.606294	15.276807	5.985523	1.029769	0.000022	0.999988	0.000099	0.997905	0.000016	0.992674	0.000067	0.995897	0.000032	0.982599	0.000007	0.997217	0.000007	1.000000	1.000000	
1357205652.373600	1.000004	18.452516	5.295496	6.209798	0.556176	0.019453	0.680359	0.000095	0.631422	0.000098	0.582692	0.000227	0.554752	0.000082	1.025736	0.000022	0.635034	0.000104	0.613182	0.000268	1357205652.373953	0.999933	28.551565	15.246612	6.007452	1.001465	0.000080	1.000051	0.000105	1.000486	0.000067	1.024143	0.000021	1.001565	0.000094	1.001285	0.000067	0.993057	0.000066	1.000000	1.000000	
1357205653.373603	1.000003	21.905465	8.749454	5.837674	0.686981	0.010514	1.007065	0.000015	1.002551	0.000044	0.904665	0.000161	0.794114	0.000077	0.735569	0.000063	0.684800	0.000010	0.732478	0.000130	1357205653.373962	1.000009	28.580689	15.264312	5.661692	0.999916	0.000027	1.000000	0.000133	0.999706	0.000016	0.999758	0.000056	0.999857	0.000032	1.006022	0.000006	1.023088	0.000021	1.000000	1.000000	
1357205654.373597	0.999994	22.571729	9.413890	5.712848	0.714074	0.009378	0.746713	0.000073	0.715243	0.000058	0.856879	0.000121	1.002626	0.000008	1.064833	0.000008	0.940171	0.000058	0.895861	0.000152	1357205654.373840	0.999878	28.578089	15.262926	5.639467	0.997735	0.000057	0.999993	0.000107	0.999957	0.000054	0.999891	0.000007	0.999832	0.000069	1.000295	0.000048	0.999929	0.000049	1.000000	1.000000	
1357205655.373595	0.999998	21.981075	8.839845	5.796505	0.670479	0.012077	0.999610	0.000017	1.000385	0.000045	0.818001	0.000188	0.999137	0.000063	1.000651	0.000054	0.989230	0.000008	0.840798	0.000114	1357205655.373955	1.000115	28.578183	15.264710	5.683475	0.999902	0.000024	0.999980	0.000465	1.000000	0.000016	1.000171	0.000059	1.000050	0.000031	0.997490	0.000007	1.001055	0.000006	1.000000	1.000000	
1357205656.373595	1.000000	17.789093	4.630051	6.312943	0.533681	0.016521	0.678080	0.000073	0.619175	0.000117	0.530537	0.000193	1.001219	0.000008	0.984756	0.000008	0.704257	0.000071	0.611839	0.000211	1357205656.373903	0.999948	28.589987	15.272797	6.013786	1.000925	0.000148	0.999998	0.000712	0.999934	0.000052	0.996916	0.000007	1.000158	0.000071	0.999985	0.000051	0.999993	0.000052	1.000000	1.000000	
1357205657.373595	1.000000	20.140045	6.984894	6.025055	0.610119	0.013207	1.000185	0.000229	0.799171	0.000096	0.652460	0.000267	0.770626	0.000158	0.870547	0.000173	0.815242	0.000024	0.929925	0.000312	1357205657.374004	1.000101	28.593072	15.280712	5.791895	0.999388	0.000023	1.000001	0.002373	0.999983	0.000045	1.000497	0.000065	1.000353	0.000030	0.999137	0.000039	0.999627	0.000073	1.000000	1.000000	
1357205658.373603	1.000008	19.850364	6.693748	6.050061	0.580773	0.014488	0.908688	0.000056	0.663974	0.000062	0.573483	0.000180	0.632994	0.000011	0.646234	0.000051	0.856260	0.000062	0.702148	0.000187	1357205658.373849	0.999845	28.584676	15.263230	5.910645	0.999949	0.000060	0.999831	0.000057	0.999985	0.000052	0.994999	0.000007	0.999645	0.000070	1.000598	0.000052	1.000349	0.000072	1.000000	1.000000	
1357205659.373595	0.999992	19.135516	5.980380	6.116871	0.566992	0.016368	1.000381	0.000017	0.725332	0.000061	0.627081	0.000242	0.770394	0.000080	0.654917	0.000102	1.010349	0.000008	0.591485	0.000167	1357205659.374014	1.000165	28.571580	15.255585	5.920959	1.000253	0.000023	0.994365	0.000097	0.999951	0.000016	1.000237	0.000059	1.000377	0.000030	0.994665	0.000006	1.001192	0.000006	1.000000	1.000000	
1357205660.373600	1.000005	17.979158	4.827262	6.265121	0.534720	0.016586	0.665990	0.000079	0.686555	0.000069	0.531529	0.000196	0.650530	0.000012	0.580719	0.000057	0.678838	0.000073	0.626325	0.000213	1357205660.374057	1.000043	28.584421	15.267991	5.984469	1.000443	0.000060	1.001457	0.000379	0.999957	0.000053	1.000434	0.000007	0.997737	0.000080	0.997723	0.000052	0.999343	0.000062	1.000000	1.000000	
1357205661.373595	0.999995	18.737460	5.587430	6.097275	0.592034	0.016956	0.816618	0.000020	0.661289	0.000065	0.639164	0.000239	0.659238	0.000091	0.629141	0.000105	0.993632	0.000008	0.562430	0.000174	1357205661.373906	0.999849	28.555365	15.249158	5.955473	0.999459	0.000041	1.000003	0.000111	0.999903	0.000016	0.999871	0.000063	1.004528	0.000037	1.024752	0.000006	1.003399	0.000007	1.000000	1.000000	
1357205662.373594	0.999999	20.227955	7.076652	6.066610	0.598676	0.012787	0.894136	0.000057	0.699938	0.000059	0.693373	0.000166	0.641681	0.000051	0.616897	0.000053	0.681229	0.000076	0.689229	0.000229	1357205662.373850	0.999944	28.578429	15.261109	5.836997	0.997964	0.000056	0.999926	0.000094	0.999969	0.000050	0.999562	0.000007	0.999960	0.000067	0.999889	0.000055	1.000018	0.000063	1.000000	1.000000	
1357205663.373599	1.000005	19.766121	6.626874	6.184478	0.591022	0.013872	0.792003	0.000079	0.988443	0.000045	0.628380	0.000256	0.779572	0.000102	0.731266	0.000108	0.582768	0.000057	0.615973	0.000176	1357205663.373901	1.000051	28.563591	15.249375	5.932635	1.000662	0.000023	0.993141	0.000080	0.993520	0.000016	0.989741	0.000061	1.000356	0.000044	0.999870	0.000024	1.000424	0.000006	1.000000	1.000000	
1357205664.373603	1.000004	18.627457	5.475228	6.188497	0.564036	0.017783	0.651524	0.000092	0.663696	0.000091	0.570850	0.000217	0.607383	0.000037	0.575911	0.000081	0.647879	0.000092	0.643544	0.000235	1357205664.373859	0.999958	28.573205	15.254699	6.026513	0.992874	0.000078	0.999452	0.000068	1.001568	0.000067	1.029817	0.000020	0.999836	0.000104	0.999971	0.000067	0.990509	0.000054	1.000000	1.000000	
1357205665.373595	0.999992	18.880936	5.734727	6.120258	0.572589	0.018582	0.999890	0.000018	0.701004	0.000064	0.603307	0.000249	0.760456	0.000075	0.681267	0.000100	0.656530	0.000012	0.628311	0.000162	1357205665.374057	1.000198	28.582174	15.267395	6.000583	1.030296	0.000021	1.001500	0.000391	0.999903	0.000016	0.998336	0.000068	0.998045	0.000038	0.990141	0.000007	1.025000	0.000020	1.000000	1.000000	
1357205666.373595	1.000000	22.189301	9.040039	5.756409	0.681074	0.011115	0.907807	0.000055	0.937385	0.000049	0.601434	0.000171	0.701843	0.000010	1.008862	0.000033	0.864481	0.000066	0.716341	0.000185	1357205666.373841	0.999784	28.586833	15.267061	5.623087	0.999843	0.000064	0.999760	0.000071	0.999957	0.000063	1.018142	0.000007	1.001061	0.000068	1.001188	0.000063	0.999858	0.000057	1.000000	1.000000	
1357205667.373600	1.000005	20.386739	7.235880	5.925950	0.621479	0.014057	0.996049	0.000016	0.916435	0.000048	0.723339	0.000209	0.999995	0.000082	0.800041	0.000084	0.651214	0.000012	0.588698	0.000202	1357205667.373983	1.000142	28.591045	15.274929	5.776126	1.000032	0.000024	1.000003	0.002067	0.997900	0.000016	1.000048	0.000072	0.999420	0.000045	0.994302	0.000007	1.001355	0.000007	1.000000	1.000000	
1357205668.373595	0.999995	21.474854	8.324108	5.753004	0.637589	0.011171	0.902279	0.000055	0.628176	0.000069	0.719033	0.000142	1.008946	0.000008	0.625152	0.000053	0.860688	0.000063	0.778576	0.000166	1357205668.373838	0.999855	28.580895	15.263504	5.693117	1.000000	0.000060	1.000073	0.000058	1.000623	0.000051	1.000758	0.000007	1.000529	0.000069	1.000939	0.000051	0.999957	0.000071	1.000000	1.000000	
1357205669.373602	1.000007	29.913642	16.756949	5.447213	0.999156	0.012598	1.000019	0.002956	0.999994	0.002407	0.999786	0.002995	1.000029	0.002484	1.000007	0.002693	0.999797	0.002469	1.000010	0.002559	1357205669.373829	0.999991	34.287359	20.968375	5.393115	0.999998	0.002610	0.999192	0.002834	0.999996	0.002611	0.999992	0.002483	0.999997	0.003783	0.999989	0.002558	0.999816	0.002540	1.000000	1.000000	
1357205670.373595	0.999993	18.956460	5.815561	6.150509	0.557618	0.016335	0.679422	0.000073	0.714450	0.000059	0.601440	0.000171	0.995906	0.000008	0.663226	0.000049	0.684830	0.000077	0.607728	0.000215	1357205670.373950	1.000121	28.594010	15.275951	5.936018	0.999874	0.000061	1.005301	0.000431	0.999352	0.000051	1.001313	0.000007	1.000222	0.000071	1.000157	0.000049	1.008981	0.000050	1.000000	1.000000	
1357205671.373595	1.000000	21.031204	7.879730	5.893692	0.643088	0.012325	1.002409	0.000017	1.000666	0.000049	0.758982	0.000202	0.915506	0.000068	0.787494	0.000087	0.687879	0.000010	0.626659	0.000189	1357205671.373838	0.999888	28.547098	15.241500	5.760197	1.000537	0.000022	0.999939	0.000082	1.001864	0.000017	0.999787	0.000062	0.999679	0.000050	0.999838	0.000007	1.000803	0.000006	1.000000	1.000000	
1357205672.373596	1.000001	21.938562	8.786262	5.735605	0.696187	0.010882	0.999662	0.000050	0.996784	0.000046	0.734261	0.000139	0.654243	0.000050	0.648455	0.000051	0.744633	0.000068	0.756438	0.000203	1357205672.373845	1.000007	28.577424	15.259157	5.628776	0.999954	0.000059	0.999962	0.000082	0.999963	0.000052	0.999781	0.000007	0.999991	0.000086	0.999985	0.000053	0.999983	0.000067	1.000000	1.000000	
1357205673.373595	0.999999	20.578328	7.426673	6.031027	0.910400	0.060804	1.000958	0.000015	1.003222	0.000044	0.744687	0.000204	0.999236	0.000072	0.788233	0.000087	0.996626	0.000008	0.595059	0.000165	1357205673.373872	1.000027	28.579598	15.261674	5.897836	0.999944	0.000041	0.993749	0.000090	0.999954	0.000017	1.000065	0.000060	1.000026	0.000030	0.998752	0.000006	0.999938	0.000006	1.000000	1.000000	
1357205674.373595	1.000000	20.615570	7.463974	5.991776	0.605192	0.014690	0.823924	0.000420	0.670939	0.000064	0.723796	0.000141	0.978688	0.000009	0.651369	0.000051	0.902202	0.000061	0.716490	0.000185	1357205674.373967	1.000095	28.576893	15.259233	5.857782	0.998530	0.000073	0.999990	0.000120	1.000023	0.000050	0.999016	0.000007	1.000162	0.000088	0.999463	0.000050	1.000662	0.000053	1.000000	1.000000	
1357205675.373600	1.000005	20.305349	7.153696	5.890641	0.609445	0.014965	1.005376	0.000019	0.916679	0.000047	0.792162	0.000196	0.919383	0.000072	0.798339	0.000085	1.003109	0.000009	0.643270	0.000150	1357205675.373851	0.999884	28.589547	15.269946	5.805941	0.999934	0.000024	1.000013	0.000384	0.999806	0.000016	0.991387	0.000060	0.999653	0.000044	1.003589	0.000007	0.994918	0.000006	1.000000	1.000000	
1357205676.373597	0.999997	19.756928	6.608297	6.017490	0.581861	0.015096	0.765466	0.000094	0.816861	0.000080	0.536342	0.000216	0.588447	0.000038	0.594972	0.000079	0.754665	0.000089	0.626384	0.000229	1357205676.373840	0.999989	28.575204	15.255187	5.852924	1.000900	0.000078	1.009097	0.000059	0.999962	0.000081	1.025466	0.000020	1.000000	0.000107	0.999948	0.000067	0.990390	0.000052	1.000000	1.000000	
1357205677.373602	1.000005	715820985.526018	715790779.402535	715791682.509906	0.999951	1.000971	0.999948	1.000971	0.999960	1.000974	0.999951	1.000969	0.999953	1.000981	0.999952	1.000964	0.999951	1.000974	0.999952	1.000975	1357205677.373706	0.999866	715896081.432237	715905422.649744	715870602.433405	0.999952	1.000972	0.999948	1.000969	3.895618	0.256940	0.999950	1.000966	0.999951	1.000975	0.999954	1.000971	0.999951	1.000974	0.999952	1.000973	
1357205678.373594	0.999992	0.000000	0.000000	0.000000	-nan	-nan	-nan	-nan	0.000000	inf	-nan	-nan	-nan	0.000000	-nan	-nan	-nan	-nan	-nan	-nan	1357205678.373677	0.999971	0.000000	0.000000	0.000000	-nan	-nan	-nan	-nan	0.000000	inf	-nan	-nan	-nan	-nan	-nan	-nan	-nan	-nan	-nan	-nan	
