ts_0	elapsed_0	pkg_0	pp0_0	dram_0	freq_ratio_0_0	c0_ratio_0_0	freq_ratio_0_1	c0_ratio_0_1	freq_ratio_0_2	c0_ratio_0_2	freq_ratio_0_3	c0_ratio_0_3	freq_ratio_0_4	c0_ratio_0_4	freq_ratio_0_5	c0_ratio_0_5	freq_ratio_0_6	c0_ratio_0_6	freq_ratio_0_7	c0_ratio_0_7	ts_1	elapsed_1	pkg_1	pp0_1	dram_1	freq_ratio_1_0	c0_ratio_1_0	freq_ratio_1_1	c0_ratio_1_1	freq_ratio_1_2	c0_ratio_1_2	freq_ratio_1_3	c0_ratio_1_3	freq_ratio_1_4	c0_ratio_1_4	freq_ratio_1_5	c0_ratio_1_5	freq_ratio_1_6	c0_ratio_1_6	freq_ratio_1_7	c0_ratio_1_7	
1353401996.772347	1.001670	33.317258	20.217064	4.442258	1.156253	0.415299	1.158364	0.426750	1.155041	0.409486	1.157644	0.422552	1.155085	0.406521	1.157342	0.423059	1.156725	0.413405	1.155876	0.415276	1353401996.772564	1.000474	41.107454	28.020837	2.749384	0.999975	0.772580	0.999954	0.772495	0.999976	0.772338	1.001616	0.000145	0.646190	0.000048	1.005064	0.000083	0.641367	0.000049	0.999898	0.773046	
1353401997.772326	0.999979	34.721203	21.601543	4.943188	1.000000	1.000000	0.999981	0.000308	1.000000	1.000000	1.001592	0.000075	1.012805	0.000038	0.999469	0.000014	0.996572	0.000143	0.992566	0.000062	1353401997.772537	0.999973	45.960192	32.869568	2.708386	1.000000	1.000000	1.000000	1.000000	1.000000	1.000000	1.000299	0.000111	0.984820	0.000043	1.002854	0.000011	0.993081	0.000067	1.000000	1.000000	
1353401998.772325	0.999999	34.763675	21.642980	4.977727	1.000000	1.000000	0.999994	0.000479	1.000000	1.000000	0.999443	0.000084	1.000682	0.000066	1.006321	0.000081	1.002946	0.000157	1.002079	0.000253	1353401998.772534	0.999997	46.043951	32.949901	2.724542	1.000000	1.000000	1.000000	1.000000	1.000000	1.000000	0.999898	0.000385	1.005453	0.000117	0.999779	0.000166	1.010836	0.000046	1.000000	1.000000	
1353401999.772325	1.000000	34.735764	21.614273	4.967926	1.000000	1.000000	0.999972	0.000333	1.000000	1.000000	1.000334	0.000093	0.996694	0.000016	0.999075	0.000008	1.000957	0.000107	1.000147	0.000068	1353401999.772536	1.000002	46.043293	32.945341	2.705760	1.000000	1.000000	1.000000	1.000000	1.000000	1.000000	1.000227	0.000103	0.999390	0.000044	1.003947	0.000006	0.999639	0.000065	1.000000	1.000000	
1353402000.772325	1.000000	34.779694	21.657990	4.973206	1.000000	1.000000	0.999514	0.000239	1.000000	1.000000	1.000548	0.000013	0.994515	0.000097	1.000150	0.000054	0.999589	0.000439	1.000036	0.000118	1353402000.772534	0.999998	46.094067	33.007158	2.717550	1.000000	1.000000	1.000000	1.000000	1.000000	1.000000	0.999757	0.000161	1.001435	0.000019	1.000024	0.000063	1.000280	0.000018	1.000000	1.000000	
1353402001.772325	1.000000	36.027359	22.905228	4.971481	1.000000	1.000000	1.000004	0.209601	1.000000	1.000000	0.999982	0.004747	1.001050	0.000521	0.999984	0.000268	1.001231	0.000116	0.999978	0.000071	1353402001.772516	0.999982	44.988552	31.886068	2.771336	0.999999	0.809261	1.000000	1.000000	1.000000	1.000000	0.998370	0.000096	0.996556	0.000045	0.995521	0.000018	0.997121	0.000052	1.000000	1.000000	
1353402002.772325	1.000000	40.456879	27.331039	4.962891	1.000000	1.000000	1.000000	1.000000	1.000000	1.000000	0.997761	0.000268	0.999732	0.000040	1.000289	0.000039	1.000083	0.000153	0.999819	0.000111	1353402002.772514	0.999998	40.256012	27.161932	2.711950	1.000229	0.000013	1.000000	1.000000	1.000000	1.000000	1.001569	0.000117	1.008642	0.000018	1.000415	0.000164	1.010129	0.000019	1.000000	1.000000	
1353402003.772325	1.000000	40.463699	27.349335	4.982513	1.000000	1.000000	1.000000	1.000000	1.000000	1.000000	1.000211	0.000430	0.999982	0.000326	0.999308	0.000013	0.999606	0.000105	1.000112	0.000076	1353402003.772509	0.999995	40.585637	27.492722	2.826217	1.000000	0.061082	1.000000	1.000000	1.000000	1.000000	0.999966	0.000263	1.000060	0.000045	1.000428	0.000018	0.999247	0.000059	1.000000	1.000000	
1353402004.772325	1.000000	40.447906	27.317459	4.962845	1.000000	1.000000	1.000000	1.000000	1.000000	1.000000	0.999902	0.000249	0.999837	0.000057	0.999923	0.000050	1.000185	0.000121	1.000091	0.000114	1353402004.772507	0.999998	40.209443	27.120138	2.709630	0.999528	0.000018	1.000000	1.000000	1.000000	1.000000	0.999997	0.000124	1.000161	0.000012	0.999616	0.000059	0.998009	0.000011	1.000000	1.000000	
1353402005.772325	1.000000	40.504089	27.371048	4.978027	1.000000	1.000000	1.000000	1.000000	1.000000	1.000000	0.999996	0.000293	0.993852	0.000021	0.999790	0.000013	1.000066	0.000397	0.999872	0.000060	1353402005.772516	1.000009	40.241396	27.152082	2.709631	0.999982	0.000107	1.000000	1.000000	1.000000	1.000000	0.999962	0.000130	0.999908	0.000046	1.001722	0.000018	1.000479	0.000059	1.000000	1.000000	
1353402006.772325	1.000000	40.502319	27.368912	4.963043	1.000000	0.994947	1.000000	1.000000	1.000000	1.000000	1.000040	0.000232	1.001947	0.000075	1.000262	0.000049	0.999961	0.000108	0.999988	0.000093	1353402006.772513	0.999997	40.213259	27.122872	2.712029	1.000142	0.000043	1.000000	0.994952	1.000000	1.000000	1.000003	0.000119	0.999698	0.000018	1.000107	0.000108	1.000753	0.000018	1.000000	1.000000	
1353402007.772325	1.000000	40.498383	27.365433	4.973221	1.000000	1.000000	1.000000	1.000000	1.000000	1.000000	0.999937	0.000396	0.999094	0.000021	0.999189	0.000013	0.999730	0.000126	0.999994	0.000060	1353402007.772506	0.999993	40.170871	27.080967	2.709812	0.999955	0.000068	1.000000	1.000000	1.000000	1.000000	0.999991	0.000084	0.999879	0.000051	0.999200	0.000018	0.999672	0.000046	1.000000	1.000000	
1353402008.772325	1.000000	40.507446	27.370605	4.977890	1.000000	1.000000	1.000000	1.000000	1.000000	1.000000	1.000032	0.000231	0.987805	0.000051	0.989362	0.000048	1.000109	0.000124	0.999862	0.000103	1353402008.772518	1.000012	40.187723	27.097120	2.707182	0.999314	0.000018	1.000000	1.000000	1.000000	1.000000	0.999995	0.000144	1.000533	0.000011	0.999985	0.000051	0.997533	0.000011	1.000000	1.000000	
1353402009.772325	1.000000	40.509216	27.373459	4.962967	1.000000	1.000000	1.000000	1.000000	1.000000	1.000000	0.999952	0.000306	1.017619	0.000038	0.999943	0.000014	0.994925	0.000101	0.989049	0.000060	1353402009.772509	0.999991	40.188978	27.098512	2.718012	0.998330	0.000070	1.000000	1.000000	1.000000	1.000000	1.000106	0.000087	0.988779	0.000046	1.000000	0.000012	0.990959	0.000051	1.000000	1.000000	
1353402010.772325	1.000000	40.540222	27.406448	4.967926	1.000000	1.000000	1.000000	1.000000	1.000000	1.000000	0.999993	0.000260	0.999030	0.000048	1.004378	0.000116	1.001161	0.000443	1.006292	0.000105	1353402010.772518	1.000009	40.180254	27.102461	2.709479	1.003303	0.000035	1.000000	1.000000	1.000000	1.000000	0.999924	0.000168	1.015192	0.000035	0.999684	0.000103	1.017139	0.000028	1.000000	1.000000	
1353402011.772325	1.000000	40.592514	27.460648	4.972687	1.000000	1.000000	1.000000	1.000000	1.000000	1.000000	0.999877	0.002294	0.990562	0.000022	0.984944	0.000013	0.998112	0.000110	0.996615	0.000060	1353402011.772516	0.999998	40.256623	27.167380	2.703985	1.000150	0.000077	1.000000	1.000000	1.000000	1.000000	1.000105	0.000095	0.999695	0.000044	1.000999	0.000019	1.000713	0.000057	1.000000	1.000000	
1353402012.772325	1.000000	40.579620	27.446976	4.962891	1.000000	1.000000	1.000000	1.000000	1.000000	1.000000	1.000496	0.000234	1.005434	0.000047	1.004548	0.000045	1.001415	0.000140	1.001974	0.000101	1353402012.772523	1.000007	40.210171	27.120769	2.709515	0.999357	0.000018	1.000000	1.000000	1.000000	1.000000	0.999883	0.000099	0.999929	0.000011	0.999625	0.000059	0.995216	0.000011	1.000000	1.000000	
1353402013.772325	1.000000	40.417496	27.294418	4.973129	1.000000	1.000000	1.000000	0.981742	1.000000	1.000000	0.999953	0.000288	0.997908	0.000021	0.999669	0.000013	0.999867	0.000101	0.999977	0.000067	1353402013.772514	0.999991	40.231123	27.141039	2.709436	1.000021	0.000073	1.000000	1.000000	1.000000	1.000000	1.000000	0.000125	1.000078	0.000045	0.999792	0.000011	1.001216	0.000052	1.000000	1.000000	
1353402014.772325	1.000000	40.497986	27.363556	4.972855	1.000000	1.000000	1.000000	1.000000	1.000000	1.000000	1.000013	0.000233	0.999228	0.000046	1.000024	0.000048	0.999812	0.000111	1.000017	0.000091	1353402014.772517	1.000003	40.233899	27.144554	2.709510	0.999850	0.000018	1.000000	1.000000	1.000000	1.000000	0.999996	0.000102	0.999479	0.000012	0.999909	0.000076	0.999135	0.000012	1.000000	1.000000	
1353402015.772325	1.000000	40.953430	27.819351	4.961838	1.000000	1.000000	1.000000	1.000000	1.000000	1.000000	0.999992	0.003069	1.000007	0.002667	0.999994	0.002643	0.999838	0.003179	1.000000	0.003245	1353402015.772496	0.999979	40.617933	27.527570	2.709591	0.999994	0.002657	1.000000	1.000000	1.000000	1.000000	0.999998	0.002712	0.999794	0.002742	1.000014	0.002620	0.999989	0.002600	1.000000	1.000000	
1353402016.772325	1.000000	40.549194	27.415512	4.958084	1.000000	1.000000	1.000000	1.000000	0.999999	1.000000	0.999969	0.000222	1.000260	0.000040	0.998908	0.000040	1.004813	0.000116	1.000064	0.000120	1353402016.772516	1.000020	40.213794	27.124487	2.707069	1.000813	0.000013	1.000000	1.000000	1.000000	1.000000	0.999939	0.000108	1.088995	0.000006	0.999967	0.000094	0.999241	0.000007	1.000000	1.000000	
1353402017.772325	1.000000	40.475769	27.340744	4.962814	1.000000	1.000000	1.000000	1.000000	1.000001	1.000000	1.000000	0.000316	0.999487	0.000022	1.002667	0.000013	0.999737	0.000132	0.999967	0.000059	1353402017.772515	0.999999	40.208733	27.118770	2.704318	1.000006	0.000069	1.000000	1.000000	1.000000	1.000000	1.000087	0.000089	1.000174	0.000051	1.001709	0.000006	1.000349	0.000056	1.000000	1.000000	
1353402018.772325	1.000000	40.513046	27.375977	4.978210	1.000000	1.000000	1.000000	1.000000	1.000000	1.000000	0.999991	0.000209	0.999927	0.000047	1.000334	0.000048	1.000148	0.000114	0.999803	0.000094	1353402018.772519	1.000004	40.214818	27.125088	2.709767	1.000323	0.000018	1.000000	1.000000	1.000000	1.000000	0.999692	0.000133	0.999006	0.000011	1.000005	0.000072	0.996124	0.000011	1.000000	1.000000	
1353402019.772325	1.000000	40.493057	27.357101	4.977814	1.000000	1.000000	1.000000	1.000000	1.000000	1.000000	1.000556	0.000305	1.002795	0.000022	0.999279	0.000013	0.994297	0.000102	1.000230	0.000059	1353402019.772514	0.999995	40.175799	27.099501	2.712507	0.999846	0.000075	1.000000	1.000000	1.000000	1.000000	1.000484	0.000088	0.999957	0.000045	0.999546	0.000012	1.000968	0.000051	1.000000	1.000000	
1353402020.772326	1.000001	715817017.065177	715825118.794648	715810448.983047	0.999951	1.000439	0.999947	1.000433	0.999960	1.000443	0.999950	1.000433	0.999953	1.000448	0.999953	1.000430	0.999951	1.000443	0.999951	1.000439	1353402020.772437	0.999923	715836442.139449	715818216.930291	715822316.361433	0.999952	1.000443	0.999948	1.000440	3.895615	0.256802	0.999950	1.000434	0.999952	1.000446	0.999953	1.000434	0.999951	1.000442	0.999951	1.000438	
1353402021.772325	0.999999	0.000000	0.000000	0.000000	-nan	-nan	-nan	-nan	1521681149279.886963	inf	-nan	-nan	-nan	0.000000	-nan	-nan	-nan	-nan	-nan	-nan	1353402021.772411	0.999974	0.000000	0.000000	0.000000	-nan	-nan	-nan	-nan	1.345745	inf	-nan	-nan	-nan	-nan	-nan	-nan	-nan	-nan	-nan	-nan	
1353402022.772396	1.000071	0.000000	0.000000	0.000000	-nan	-nan	-nan	-nan	0.000000	inf	-nan	-nan	-nan	0.000000	-nan	-nan	-nan	-nan	-nan	-nan	1353402022.772476	1.000065	0.000000	0.000000	0.000000	-nan	-nan	-nan	-nan	inf	-nan	-nan	-nan	-nan	-nan	-nan	-nan	-nan	-nan	-nan	-nan	
