ts_0	elapsed_0	pkg_0	pp0_0	dram_0	freq_ratio_0_0	c0_ratio_0_0	freq_ratio_0_1	c0_ratio_0_1	freq_ratio_0_2	c0_ratio_0_2	freq_ratio_0_3	c0_ratio_0_3	freq_ratio_0_4	c0_ratio_0_4	freq_ratio_0_5	c0_ratio_0_5	freq_ratio_0_6	c0_ratio_0_6	freq_ratio_0_7	c0_ratio_0_7	ts_1	elapsed_1	pkg_1	pp0_1	dram_1	freq_ratio_1_0	c0_ratio_1_0	freq_ratio_1_1	c0_ratio_1_1	freq_ratio_1_2	c0_ratio_1_2	freq_ratio_1_3	c0_ratio_1_3	freq_ratio_1_4	c0_ratio_1_4	freq_ratio_1_5	c0_ratio_1_5	freq_ratio_1_6	c0_ratio_1_6	freq_ratio_1_7	c0_ratio_1_7	
1354697284.171287	1.001803	50.577666	37.475632	4.799300	1.156395	0.306753	1.158215	0.317586	1.157045	0.308079	1.159064	0.315310	1.156978	0.305169	1.159422	0.315441	1.158021	0.308381	1.158694	0.311135	1354697284.171442	1.000412	52.808291	39.656010	1.672941	0.903226	0.924486	0.903248	0.924054	0.903229	0.923898	0.903201	0.923664	0.903196	0.923645	0.903150	0.923234	0.909526	0.000137	0.903187	0.925344	
1354697285.171282	0.999995	50.494638	37.387928	4.869577	0.971040	0.973143	0.971074	0.974273	0.971040	0.973139	0.971040	0.973143	0.967863	0.000791	0.971040	0.973136	0.957780	0.000369	0.963950	0.000459	1354697285.171432	0.999990	50.805150	37.641719	1.600190	0.847624	0.998439	0.847624	0.998439	0.847624	0.998437	0.847624	0.998435	0.847624	0.998434	0.847624	0.998433	0.845931	0.000105	0.847624	0.998433	
1354697286.171281	0.999999	49.907411	36.796162	4.852788	0.966714	0.967230	0.966708	0.967593	0.966714	0.967227	0.966714	0.967230	0.966907	0.000601	0.966716	0.967224	0.968643	0.000288	0.958450	0.000740	1354697286.171428	0.999996	50.803337	37.632996	1.632010	0.847236	0.998849	0.847236	0.998849	0.847236	0.998847	0.847236	0.998846	0.847236	0.998845	0.847236	0.998845	0.846338	0.000161	0.847236	0.998845	
1354697287.171281	1.000000	51.054214	37.935364	4.949707	0.970392	0.999041	0.970392	0.999041	0.970392	0.999040	0.970392	0.999040	0.965737	0.000751	0.970392	0.999039	0.960556	0.000285	0.961121	0.000455	1354697287.171425	0.999997	50.806584	37.636469	1.596105	0.847183	0.998560	0.847183	0.998560	0.847183	0.998558	0.847183	0.998557	0.847183	0.998556	0.847183	0.998556	0.845994	0.000104	0.847183	0.998554	
1354697288.171281	1.000000	50.213699	37.089386	4.838760	0.972385	0.961516	0.972365	0.961570	0.972384	0.961513	0.972384	0.961512	0.969505	0.000618	0.972382	0.961510	0.976731	0.000337	0.968608	0.000370	1354697288.171428	1.000003	50.800792	37.624868	1.617961	0.848387	0.997964	0.848387	0.997962	0.848387	0.997961	0.848387	0.997959	0.848387	0.997958	0.848387	0.997957	0.855671	0.000179	0.848388	0.997957	
1354697289.171281	1.000000	50.723877	37.596695	4.954697	0.965751	0.999066	0.965751	0.999065	0.965751	0.999064	0.965751	0.999063	0.962548	0.000789	0.965751	0.999062	0.958694	0.000295	0.961787	0.000421	1354697289.171466	1.000038	50.807110	37.631889	1.606522	0.848245	0.998174	0.848245	0.998172	0.848245	0.998171	0.848244	0.998169	0.848244	0.998168	0.848244	0.998167	0.846147	0.000105	0.848241	0.998167	
1354697290.171281	1.000000	50.034607	36.900711	4.816956	0.977028	0.953624	0.977008	0.954316	0.977028	0.953621	0.977028	0.953622	0.934289	0.000617	0.977028	0.953616	0.947769	0.000265	0.955681	0.000352	1354697290.171434	0.999968	50.804449	37.626446	1.633353	0.848195	0.997991	0.848195	0.997989	0.848195	0.997987	0.848195	0.997986	0.848195	0.997985	0.848195	0.997984	0.844926	0.000152	0.848197	0.997983	
1354697291.171281	1.000000	715824460.385986	715769554.610794	715788417.056351	0.999956	1.000635	0.999951	1.000627	0.999963	1.000633	0.999954	1.000627	0.999956	1.000639	0.999957	1.000624	0.999955	1.000636	0.999955	1.000631	1354697291.171375	0.999941	715860547.148257	715811746.221772	715843075.292217	0.999954	1.000627	0.999953	1.000633	3.895236	0.256880	0.999952	1.000619	0.999955	1.000634	0.999958	1.000629	0.999956	1.000637	0.999954	1.000627	
1354697292.171345	1.000064	0.000000	0.000000	0.000000	-nan	-nan	-nan	-nan	0.000000	inf	-nan	-nan	-nan	0.000000	-nan	-nan	-nan	-nan	-nan	-nan	1354697292.171439	1.000064	0.000000	0.000000	0.000000	-nan	-nan	-nan	-nan	0.000000	inf	-nan	-nan	-nan	-nan	-nan	-nan	-nan	-nan	-nan	-nan	
