ts_0	elapsed_0	pkg_0	pp0_0	dram_0	freq_ratio_0_0	c0_ratio_0_0	freq_ratio_0_1	c0_ratio_0_1	freq_ratio_0_2	c0_ratio_0_2	freq_ratio_0_3	c0_ratio_0_3	freq_ratio_0_4	c0_ratio_0_4	freq_ratio_0_5	c0_ratio_0_5	freq_ratio_0_6	c0_ratio_0_6	freq_ratio_0_7	c0_ratio_0_7	ts_1	elapsed_1	pkg_1	pp0_1	dram_1	freq_ratio_1_0	c0_ratio_1_0	freq_ratio_1_1	c0_ratio_1_1	freq_ratio_1_2	c0_ratio_1_2	freq_ratio_1_3	c0_ratio_1_3	freq_ratio_1_4	c0_ratio_1_4	freq_ratio_1_5	c0_ratio_1_5	freq_ratio_1_6	c0_ratio_1_6	freq_ratio_1_7	c0_ratio_1_7	
1353355850.468847	1.025415	35.738989	22.397341	5.954591	1.152267	0.271740	1.152477	0.272541	1.151821	0.270043	1.154085	0.276815	1.151245	0.267745	1.154025	0.276188	1.152276	0.269796	1.153324	0.273158	1353355850.469103	1.000474	50.763125	37.445936	5.820971	1.000001	0.984320	0.999965	0.997080	0.999986	0.983890	0.999393	0.001058	1.000000	0.981997	1.000359	0.000311	0.999542	0.000045	0.998067	0.000320	
1353355851.468845	0.999998	36.717431	23.346404	6.017361	0.999983	0.999929	0.999912	0.002756	0.999983	0.999894	1.000532	0.000139	0.998469	0.000083	0.992572	0.000071	0.998186	0.000098	1.004750	0.000157	1353355851.469090	0.999987	51.808205	38.466844	6.015719	1.000000	1.000000	1.000000	0.999857	1.000000	0.999996	1.001961	0.000250	1.000000	0.999958	0.999947	0.000350	1.000415	0.000132	1.012461	0.000043	
1353355852.468846	1.000001	36.779842	23.402291	6.023294	1.000000	0.999992	0.999992	0.002725	1.000000	0.999926	1.000499	0.000024	1.000034	0.002783	1.003948	0.000133	1.001172	0.000138	1.000182	0.000091	1353355852.469087	0.999997	51.991311	38.624540	6.011280	1.000000	1.000000	1.000000	0.999900	1.000000	0.999998	0.999979	0.000260	1.000000	1.000000	0.999996	0.000328	0.999048	0.000017	0.999526	0.000508	
1353355853.468846	1.000000	36.770615	23.392273	6.024521	0.999913	0.998451	1.000035	0.003149	0.999962	0.998349	0.999961	0.000118	1.002037	0.000056	0.999851	0.000057	0.999845	0.000107	1.000153	0.000591	1353355853.469086	0.999999	51.984379	38.614798	6.005072	1.000000	1.000000	1.000000	0.998292	1.000000	0.998636	0.999870	0.000222	1.000000	0.998390	0.999996	0.000304	1.000188	0.000096	1.012214	0.000018	
1353355854.468845	0.999999	42.652186	29.267667	6.043646	1.000000	0.999300	0.999981	0.004304	1.000000	0.999291	1.000000	0.840210	0.993199	0.000025	0.998803	0.000015	0.998719	0.000054	0.999019	0.000119	1353355854.469063	0.999977	45.979385	32.587187	6.094530	1.000000	1.000000	1.000000	0.999260	0.999996	0.159852	1.000005	0.001253	1.000000	0.999301	1.000003	0.000137	0.999232	0.000016	0.999877	0.000094	
1353355855.468844	0.999999	43.944897	30.553801	6.046087	1.000000	1.000000	0.999925	0.002727	1.000000	1.000000	1.000000	1.000000	1.000032	0.006120	0.999982	0.000064	0.999149	0.000089	0.999608	0.000140	1353355855.469060	0.999997	44.817567	31.425940	6.109867	1.000000	1.000000	1.000000	1.000000	0.999998	0.000196	1.000214	0.000216	1.000000	1.000000	1.000009	0.000126	1.000305	0.000092	1.000435	0.000016	
1353355856.468846	1.000002	43.946388	30.549868	6.029163	1.000001	0.999611	1.000039	0.002821	1.000000	0.999626	1.000000	1.000000	0.999852	0.004932	1.000210	0.000015	0.999842	0.000049	1.000407	0.000100	1353355856.469068	1.000008	44.831805	31.439397	6.104138	1.000000	1.000000	1.000000	0.999572	0.999811	0.000216	0.999951	0.000275	1.000000	0.999639	0.999987	0.000151	0.999481	0.000016	0.999987	0.000232	
1353355857.468845	0.999999	43.743572	30.356413	6.030020	0.999999	0.999993	0.999912	0.002568	1.000000	0.999991	0.999999	1.000000	1.000085	0.000199	1.000041	0.000085	1.000152	0.000081	0.999140	0.000171	1353355857.469063	0.999995	44.937466	31.542944	6.109741	1.000000	1.000000	1.000000	0.999962	1.000078	0.001393	1.000009	0.001281	1.000000	1.000000	1.000152	0.000111	0.999817	0.000088	1.000406	0.000016	
1353355858.468847	1.000002	43.930931	30.523852	6.051426	1.000000	0.999622	0.999990	0.005246	1.000000	0.999620	1.000001	1.000000	0.999835	0.000409	0.999572	0.000080	0.999979	0.000654	1.000228	0.000635	1353355858.469076	1.000013	44.883979	31.491942	6.110958	1.000000	1.000000	1.000000	0.999589	0.999919	0.001243	0.999959	0.000634	1.000000	0.999630	0.999841	0.000202	1.000142	0.000076	0.999928	0.000140	
1353355859.468873	1.000026	40.573637	27.171428	6.036617	1.000005	0.423383	1.000175	0.002262	1.000001	0.999762	1.000001	1.000001	1.000101	0.008127	1.008935	0.000052	1.008093	0.000080	1.002718	0.000159	1353355859.469040	0.999964	48.978021	35.603684	6.024906	0.999998	0.869662	0.999999	0.999734	1.000000	0.709402	0.994393	0.000094	0.999999	1.000000	0.994238	0.000120	0.994664	0.000097	0.914547	0.000008	
1353355860.468842	0.999969	44.315018	30.888897	6.034199	1.000000	1.000000	1.000071	0.006197	1.000000	0.999865	1.000000	1.000000	1.000004	0.001009	0.999907	0.000012	0.999840	0.000053	0.998711	0.000085	1353355860.469013	0.999973	44.412894	31.051847	5.989984	0.996325	0.000030	0.999984	0.999784	0.999966	0.999877	1.002888	0.000089	0.999966	0.999877	1.000800	0.000135	1.001147	0.000019	1.000007	0.000222	
1353355861.468843	1.000001	44.202274	30.772355	6.057474	1.000000	1.000000	0.999409	0.000737	1.000000	1.000000	1.000000	0.999998	0.999975	0.001885	0.988315	0.000061	0.992931	0.000089	1.000612	0.000161	1353355861.469016	1.000003	44.415039	31.057399	5.987134	0.999004	0.000060	1.000000	1.000000	1.000000	1.000000	0.995545	0.000049	1.000000	1.000000	0.999907	0.000129	1.000102	0.000090	1.008867	0.000021	
1353355862.468843	1.000000	44.278336	30.847137	6.035522	1.000000	1.000000	1.000314	0.001314	1.000000	0.998312	1.000000	0.998468	1.000008	0.004073	1.022551	0.000032	1.001931	0.000324	0.991221	0.000094	1353355862.469017	1.000001	44.410602	31.048341	5.993067	1.000135	0.000037	0.999968	0.998209	0.999948	0.998249	0.995684	0.000090	0.999932	0.998279	0.999917	0.000140	1.010373	0.000017	0.996181	0.000090	
1353355863.468843	1.000000	44.293213	30.857269	6.044510	1.000000	1.000000	1.000087	0.000516	1.000000	0.999603	1.000000	1.000000	1.000020	0.002778	0.999989	0.000103	0.999991	0.000475	1.001234	0.000684	1353355863.469012	0.999995	44.516092	31.154132	5.988845	1.000208	0.000318	0.999991	0.999560	0.999975	0.999590	1.001310	0.000332	0.999976	0.999588	0.999997	0.001195	0.998747	0.000161	1.003374	0.000081	
1353355864.468842	0.999999	44.297238	30.859847	6.032187	1.000000	1.000000	0.999789	0.000223	1.000000	0.999523	1.000000	0.999778	0.999999	0.002916	1.001293	0.000007	0.999294	0.000049	0.999978	0.000120	1353355864.469013	1.000001	44.464344	31.105348	5.997919	0.997168	0.000028	0.999971	0.999433	0.999962	0.999450	0.998062	0.000151	0.999946	0.999481	1.000006	0.000136	1.000772	0.000009	0.999223	0.000169	
1353355865.468846	1.000004	44.250126	30.810498	6.039206	1.000000	1.000000	0.999996	0.000210	1.000000	1.000000	1.000000	1.000000	1.000004	0.002666	0.999937	0.000067	1.000369	0.000078	0.999987	0.000147	1353355865.469019	1.000006	44.464930	31.100828	5.980937	1.000214	0.000137	1.000000	1.000000	1.000000	1.000000	1.001266	0.000061	1.000000	1.000000	1.000034	0.000124	0.999987	0.000092	1.007391	0.000018	
1353355866.468841	0.999995	715772753.074533	715818083.573588	715796008.723745	0.999969	1.000542	0.999967	1.000544	0.999977	1.000543	0.999968	1.000538	0.999970	1.000547	0.999971	1.000536	0.999969	1.000546	0.999969	1.000541	1353355866.468936	0.999917	715870184.813277	715835753.788669	715837269.454493	0.999968	1.000538	0.999966	1.000544	3.894461	0.256909	0.999968	1.000539	0.999969	1.000546	0.999971	1.000538	0.999969	1.000546	0.999969	1.000541	
1353355867.468838	0.999997	0.000000	0.000000	0.000000	-nan	-nan	-nan	-nan	8.000000	inf	-nan	-nan	-nan	0.000000	-nan	-nan	-nan	-nan	-nan	-nan	1353355867.468910	0.999974	0.000000	0.000000	0.000000	-nan	-nan	-nan	-nan	0.000000	inf	-nan	-nan	-nan	-nan	-nan	-nan	-nan	-nan	-nan	-nan	
