ts_0	elapsed_0	pkg_0	pp0_0	dram_0	freq_ratio_0_0	c0_ratio_0_0	freq_ratio_0_1	c0_ratio_0_1	freq_ratio_0_2	c0_ratio_0_2	freq_ratio_0_3	c0_ratio_0_3	freq_ratio_0_4	c0_ratio_0_4	freq_ratio_0_5	c0_ratio_0_5	freq_ratio_0_6	c0_ratio_0_6	freq_ratio_0_7	c0_ratio_0_7	ts_1	elapsed_1	pkg_1	pp0_1	dram_1	freq_ratio_1_0	c0_ratio_1_0	freq_ratio_1_1	c0_ratio_1_1	freq_ratio_1_2	c0_ratio_1_2	freq_ratio_1_3	c0_ratio_1_3	freq_ratio_1_4	c0_ratio_1_4	freq_ratio_1_5	c0_ratio_1_5	freq_ratio_1_6	c0_ratio_1_6	freq_ratio_1_7	c0_ratio_1_7	
1352519577.957135	1.001704	61.049827	47.728760	4.546726	1.207220	0.638235	1.156428	0.599830	1.157947	0.292096	1.155256	0.587867	1.155233	0.587976	1.155247	0.587877	1.154086	0.570050	1.154115	0.570485	1352519577.957205	1.000418	47.205399	33.957838	3.521996	1.194600	0.585584	1.195062	0.585665	1.194876	0.584514	1.165113	0.317171	1.160650	0.285551	1.155854	0.158722	1.153980	0.001312	1.237677	0.308317	
1352519578.957133	0.999998	72.230057	58.795034	6.000484	1.153934	0.026287	1.154960	0.902445	1.153818	0.016216	1.154958	0.900602	1.154958	0.900504	1.154958	0.900502	1.154958	0.900607	1.154958	0.900540	1352519578.957199	0.999994	69.066482	55.752514	5.264512	1.163584	0.890944	1.163580	0.890668	1.163580	0.890596	1.163576	0.890652	1.163572	0.890581	1.159646	0.614833	1.154507	0.003197	1.160280	0.004993	
1352519579.957140	1.000007	71.750938	58.322976	6.010701	1.154330	0.025742	1.154467	0.861991	1.154362	0.016645	1.154462	0.859379	1.154461	0.859373	1.154461	0.859379	1.154461	0.859378	1.154461	0.859390	1352519579.957209	1.000010	68.442628	55.108381	5.305794	1.167239	0.849940	1.167242	0.849409	1.167243	0.849330	1.167243	0.849327	1.167239	0.849323	1.160935	0.612153	1.154410	0.003326	1.159544	0.005300	
1352519580.957246	1.000106	72.858069	59.453089	6.006733	1.153823	0.026161	1.155003	0.914681	1.153879	0.017497	1.155004	0.912964	1.155004	0.912720	1.155004	0.912707	1.155004	0.912954	1.155004	0.912736	1352519580.957311	1.000102	69.377686	56.046283	5.292490	1.170939	0.901542	1.170935	0.901438	1.170941	0.901166	1.170941	0.901153	1.170935	0.901398	1.156652	0.218583	1.171046	0.382859	1.158071	0.005397	
1352519581.957273	1.000027	72.431429	59.029446	6.010260	1.154778	0.026978	1.154858	0.906149	1.154813	0.019029	1.154842	0.904496	1.154843	0.904499	1.154842	0.904464	1.154840	0.904562	1.154841	0.904528	1352519581.957340	1.000029	69.216355	55.881157	5.293166	1.174149	0.893919	1.174148	0.893594	1.174149	0.893555	1.174148	0.893520	1.174147	0.893526	1.155082	0.003367	1.170796	0.597008	1.159754	0.005801	
1352519582.957247	0.999974	73.631400	60.225961	6.011341	1.153896	0.027215	1.154252	0.941179	1.153791	0.016538	1.154249	0.940026	1.154249	0.940007	1.154249	0.939998	1.154249	0.940082	1.154249	0.940011	1352519582.957316	0.999976	70.296233	56.971648	5.236225	1.171634	0.928034	1.171635	0.927803	1.171637	0.927746	1.171637	0.927731	1.171634	0.927770	1.173320	0.338165	1.156501	0.273724	1.160028	0.005188	
1352519583.957283	1.000036	72.129941	58.723014	6.034725	1.154476	0.026439	1.154246	0.885516	1.154607	0.017340	1.154238	0.883333	1.154239	0.883336	1.154239	0.883326	1.154239	0.883339	1.154239	0.883360	1352519583.957347	1.000031	69.007795	55.670195	5.268986	1.171588	0.871929	1.171590	0.871528	1.171590	0.871494	1.171589	0.871485	1.171589	0.871486	1.166987	0.592605	1.153602	0.003329	1.159277	0.005203	
1352519584.957133	0.999850	73.014078	59.603100	6.012514	1.154103	0.025781	1.154265	0.920447	1.153796	0.019096	1.154260	0.919031	1.154260	0.919012	1.154260	0.919009	1.154260	0.919165	1.154261	0.919025	1352519584.957205	0.999858	70.090862	56.749901	5.299093	1.161156	0.908966	1.161153	0.908621	1.161153	0.908543	1.161152	0.908532	1.161153	0.908635	1.155734	0.600398	1.154068	0.005504	1.161255	0.004936	
1352519585.957258	1.000125	71.690888	58.270354	6.007947	1.154334	0.026631	1.154331	0.852144	1.154402	0.016894	1.154326	0.849313	1.154326	0.849293	1.154327	0.849282	1.154326	0.849274	1.154326	0.849310	1352519585.957387	1.000182	68.983148	55.632412	5.336843	1.168960	0.840483	1.168961	0.839910	1.168962	0.839859	1.168963	0.839849	1.168961	0.839878	1.155574	0.232736	1.169764	0.381085	1.158944	0.004891	
1352519586.957288	1.000030	71.402152	58.005902	6.010058	1.153943	0.028228	1.154717	0.864896	1.153822	0.018824	1.154712	0.862356	1.154713	0.862330	1.154713	0.862311	1.154713	0.862347	1.154714	0.862363	1352519586.957355	0.999968	68.586038	55.238169	5.319536	1.164124	0.852935	1.164120	0.852440	1.164121	0.852323	1.164121	0.852310	1.164120	0.852377	1.154398	0.003973	1.158128	0.596879	1.160065	0.005229	
1352519587.957495	1.000207	73.915810	60.494241	6.013694	1.153918	0.026324	1.155274	0.948130	1.153925	0.019859	1.155274	0.947204	1.155273	0.947176	1.155273	0.947168	1.155273	0.947234	1.155273	0.947200	1352519587.957562	1.000207	70.684133	57.335898	5.238860	1.178126	0.934552	1.178123	0.934340	1.178124	0.934303	1.178124	0.934289	1.178123	0.934295	1.153732	0.003508	1.174783	0.602141	1.160283	0.006990	
1352519588.957139	0.999644	71.954614	58.529211	6.004075	1.154367	0.836049	1.153943	0.040837	1.153936	0.020641	1.154353	0.849049	1.154354	0.849021	1.154353	0.849002	1.154353	0.849040	1.154353	0.849040	1352519588.957220	0.999658	69.905355	56.540510	5.334862	1.159680	0.841796	1.159682	0.841128	1.159682	0.841058	1.159682	0.841048	1.159681	0.841090	1.154041	0.007547	1.155413	0.609296	1.159671	0.017647	
1352519589.957139	1.000000	72.373215	58.968048	5.927795	1.154622	0.896391	1.155101	0.021079	1.154882	0.015278	1.154606	0.894084	1.154605	0.894094	1.154606	0.894102	1.154605	0.894094	1.154604	0.894093	1352519589.957223	1.000003	69.637357	56.299096	5.123977	1.163431	0.890317	1.163379	0.881659	1.163439	0.881486	1.163439	0.881457	1.163438	0.881459	1.163392	0.202074	1.158297	0.366354	1.160362	0.025325	
1352519590.957141	1.000002	74.679865	61.251989	6.046268	1.155330	0.956962	1.153813	0.022710	1.153719	0.015942	1.155332	0.955959	1.155332	0.955941	1.155331	0.955945	1.155331	0.955944	1.155332	0.955958	1352519590.957225	1.000002	72.147598	58.806879	5.310110	1.159750	0.666997	1.159999	0.837828	1.160163	0.946049	1.160163	0.946020	1.160163	0.946049	1.159679	0.624657	1.156910	0.336194	1.163895	0.026798	
1352519591.957145	1.000004	72.678020	59.251377	6.016867	1.155008	0.894343	1.154019	0.021616	1.154102	0.013829	1.155004	0.892633	1.155004	0.892595	1.155004	0.892560	1.155004	0.892639	1.155005	0.892587	1352519591.957272	1.000047	70.390828	57.036933	5.360680	1.164809	0.617518	1.164557	0.569184	1.165613	0.885213	1.165674	0.877351	1.165673	0.877398	1.165673	0.877357	1.163532	0.210450	1.167973	0.098115	
1352519592.957140	0.999995	71.271292	57.853683	6.031006	1.156221	0.851255	1.154418	0.021651	1.153820	0.013918	1.156207	0.848055	1.156208	0.847979	1.156208	0.847972	1.156209	0.848005	1.156210	0.848002	1352519592.957238	0.999966	69.831574	56.482578	5.290372	1.157313	0.846586	1.156856	0.834637	1.170584	0.023367	1.157310	0.845428	1.157310	0.845478	1.157310	0.845438	1.158056	0.012760	1.155544	0.578118	
1352519593.957141	1.000001	71.551476	58.152777	5.951532	1.155332	0.865671	1.154429	0.020112	1.154913	0.013892	1.155328	0.863563	1.155329	0.863551	1.155329	0.863544	1.155329	0.863554	1.155328	0.863566	1352519593.957281	1.000043	69.942479	56.593274	5.284136	1.158480	0.859033	1.158481	0.858623	1.155567	0.011279	1.158482	0.858586	1.158482	0.858584	1.158482	0.858555	1.157370	0.013351	1.156351	0.581864	
1352519594.957133	0.999992	76.020254	62.610310	6.015613	1.154453	0.898751	1.153881	0.544681	1.153821	0.017311	1.154454	0.895040	1.154455	0.894926	1.154455	0.894918	1.154454	0.895038	1.154454	0.894948	1352519594.957169	0.999888	68.000799	54.650258	5.316117	1.159227	0.889418	1.159228	0.888927	1.156944	0.047237	1.159228	0.888968	1.159228	0.888994	1.159228	0.888984	1.161268	0.020441	1.157172	0.028838	
1352519595.957140	1.000007	74.268606	60.852179	6.016331	1.154621	0.887921	1.154015	0.349042	1.154311	0.015715	1.154605	0.885735	1.154609	0.879605	1.154611	0.879685	1.154605	0.885737	1.154608	0.879635	1352519595.957260	1.000091	68.032302	54.682611	5.277885	1.159795	0.864428	1.160139	0.879489	1.165620	0.057937	1.160139	0.879456	1.160139	0.879468	1.160139	0.879430	1.162967	0.022935	1.158198	0.053015	
1352519596.957136	0.999996	74.439114	61.020358	6.011209	1.156676	0.961765	1.153837	0.022980	1.153810	0.013613	1.156674	0.960894	1.156674	0.960875	1.156675	0.960867	1.156675	0.960891	1.156675	0.960891	1352519596.957233	0.999973	71.664101	58.311248	5.260762	1.162567	0.926945	1.160259	0.829775	1.164835	0.329053	1.162661	0.949088	1.162660	0.949117	1.162660	0.949068	1.165583	0.158757	1.161422	0.212116	
1352519597.957136	1.000000	74.232986	60.801743	6.004913	1.155900	0.949851	1.153870	0.022268	1.153869	0.015201	1.155902	0.948806	1.155902	0.948792	1.155902	0.948785	1.155902	0.948794	1.155902	0.948800	1352519597.957221	0.999988	72.017552	58.670453	5.350879	1.160141	0.940428	1.161558	0.575986	1.157852	0.547836	1.160134	0.938564	1.160133	0.938570	1.160133	0.938541	1.155939	0.432185	1.161913	0.022044	
1352519598.957134	0.999998	74.635610	61.203883	6.016460	1.155336	0.966554	1.153805	0.022947	1.153769	0.015193	1.155336	0.966010	1.155336	0.965992	1.155336	0.965983	1.155335	0.966427	1.155336	0.966005	1352519598.957226	1.000005	72.629306	59.269875	5.263844	1.161149	0.622238	1.157510	0.606203	1.159594	0.958393	1.159594	0.958349	1.159594	0.958375	1.159594	0.958341	1.157268	0.366829	1.157814	0.015684	
1352519599.957133	0.999999	74.193323	60.760800	6.021795	1.154978	0.945872	1.154060	0.023067	1.153884	0.015546	1.154976	0.944836	1.154974	0.944638	1.154976	0.944629	1.154976	0.944825	1.154976	0.944659	1352519599.957199	0.999973	72.304560	58.936921	5.363517	1.159789	0.921107	1.159607	0.136263	1.159924	0.935825	1.159924	0.935779	1.159924	0.935796	1.159923	0.935768	1.160687	0.173435	1.155262	0.336787	
1352519600.957141	1.000008	74.974642	61.535817	6.016644	1.154800	0.961010	1.153839	0.023010	1.153717	0.016079	1.154801	0.960274	1.154804	0.960261	1.154800	0.960255	1.154800	0.960256	1.154800	0.960261	1352519600.957229	1.000030	72.546038	59.186821	5.331734	1.156438	0.257144	1.160707	0.949513	1.160707	0.949322	1.160708	0.949290	1.160707	0.949307	1.160706	0.949300	1.155646	0.313681	1.175930	0.057072	
1352519601.957134	0.999993	73.875190	60.442633	5.982341	1.155440	0.930752	1.153994	0.022388	1.153964	0.015462	1.155439	0.929678	1.155440	0.929610	1.155440	0.929609	1.155440	0.929669	1.155439	0.929672	1352519601.957220	0.999991	71.706399	58.336680	5.363254	1.162732	0.818890	1.160985	0.403157	1.162509	0.918213	1.162509	0.918182	1.162508	0.918191	1.162509	0.918116	1.158327	0.237607	1.156302	0.084709	
1352519602.957152	1.000018	715770511.848548	715775855.802383	715763238.269000	0.999952	1.000322	0.999951	1.000332	0.999953	1.000333	0.999952	1.000322	0.999955	1.000333	0.999954	1.000317	0.999954	1.000332	0.999953	1.000322	1352519602.957239	1.000019	715809925.155480	715805486.562375	715803869.243201	0.999951	1.000317	0.999950	1.000324	3.895493	0.256782	0.999952	1.000319	0.999954	1.000329	0.999956	1.000322	0.999953	1.000328	0.999954	1.000329	
1352519603.957133	0.999981	0.000000	0.000000	0.000000	-nan	-nan	-nan	-nan	0.000000	inf	-nan	-nan	-nan	0.000000	-nan	-nan	-nan	-nan	-nan	-nan	1352519603.957199	0.999960	0.000000	0.000000	0.000000	-nan	-nan	-nan	-nan	0.000000	inf	-nan	-nan	-nan	-nan	-nan	-nan	-nan	-nan	-nan	-nan	
