ts_0	elapsed_0	pkg_0	pp0_0	dram_0	freq_ratio_0_0	c0_ratio_0_0	freq_ratio_0_1	c0_ratio_0_1	freq_ratio_0_2	c0_ratio_0_2	freq_ratio_0_3	c0_ratio_0_3	freq_ratio_0_4	c0_ratio_0_4	freq_ratio_0_5	c0_ratio_0_5	freq_ratio_0_6	c0_ratio_0_6	freq_ratio_0_7	c0_ratio_0_7	ts_1	elapsed_1	pkg_1	pp0_1	dram_1	freq_ratio_1_0	c0_ratio_1_0	freq_ratio_1_1	c0_ratio_1_1	freq_ratio_1_2	c0_ratio_1_2	freq_ratio_1_3	c0_ratio_1_3	freq_ratio_1_4	c0_ratio_1_4	freq_ratio_1_5	c0_ratio_1_5	freq_ratio_1_6	c0_ratio_1_6	freq_ratio_1_7	c0_ratio_1_7	
1352519577.844054	1.001554	50.680428	37.511607	5.522546	1.211541	0.879209	1.170043	0.311098	1.165733	0.471589	1.166221	0.474083	1.166002	0.472996	1.155031	0.074157	1.182666	0.191440	1.157333	0.013824	1352519577.844101	1.000369	48.287324	35.189283	4.312175	1.153208	0.344790	1.152992	0.480058	1.153490	0.480188	1.153568	0.480244	1.153910	0.471417	1.153672	0.477619	1.130924	0.013434	1.153770	0.477990	
1352519578.844051	0.999997	69.203874	55.928137	6.767447	1.157445	0.621200	1.157040	0.890367	1.157040	0.888148	1.157040	0.888118	1.157040	0.888160	1.158185	0.497303	1.154634	0.358707	1.154237	0.023990	1352519578.844092	0.999991	72.030758	58.814513	6.440686	1.153755	0.013041	1.155539	0.889994	1.155538	0.889961	1.155538	0.889939	1.155539	0.889966	1.155539	0.889951	1.153842	0.010640	1.155539	0.889962	
1352519579.844049	0.999998	69.508998	56.227768	6.772581	1.156740	0.508468	1.158054	0.777405	1.157880	0.891350	1.157877	0.891238	1.157881	0.891390	1.157877	0.891282	1.155194	0.039683	1.159453	0.191220	1352519579.844088	0.999996	71.868135	58.631005	6.428066	1.154085	0.011204	1.154469	0.896572	1.154474	0.896607	1.154470	0.896507	1.154474	0.896615	1.154470	0.896548	1.154038	0.011323	1.154470	0.896564	
1352519580.844049	1.000000	69.837646	56.549530	6.815384	1.155816	0.901334	1.154583	0.529641	1.155809	0.899703	1.155809	0.899674	1.155808	0.899801	1.155808	0.899658	1.154399	0.045152	1.154404	0.049078	1352519580.844109	1.000021	72.082197	58.838991	6.430132	1.153810	0.010663	1.154881	0.903041	1.154881	0.903006	1.154881	0.902993	1.154881	0.902993	1.154882	0.902974	1.153835	0.011406	1.154881	0.902972	
1352519581.844049	1.000000	69.365051	56.073090	6.815125	1.157480	0.875377	1.157603	0.521416	1.157477	0.873643	1.157476	0.873528	1.157473	0.873496	1.157478	0.873530	1.157040	0.022048	1.154181	0.090710	1352519581.844118	1.000009	71.906758	58.654513	6.443957	1.153660	0.010939	1.156579	0.876506	1.156579	0.876459	1.156579	0.876436	1.156579	0.876466	1.156580	0.876456	1.153744	0.011373	1.156579	0.876464	
1352519582.844049	1.000000	70.857742	57.559158	6.767853	1.156739	0.676447	1.156710	0.735763	1.156947	0.938037	1.156947	0.938002	1.156946	0.938133	1.156946	0.938029	1.156609	0.134029	1.155643	0.022871	1352519582.844125	1.000007	73.477474	60.227077	6.348665	1.153811	0.011126	1.154959	0.942062	1.154959	0.942022	1.154959	0.942018	1.154959	0.941994	1.154959	0.941971	1.153915	0.011704	1.154959	0.941987	
1352519583.844050	1.000001	69.114070	55.808830	6.819085	1.159389	0.492591	1.160247	0.698779	1.159932	0.867605	1.159930	0.867530	1.159930	0.867553	1.159929	0.867595	1.163055	0.249525	1.155010	0.048630	1352519583.844207	1.000082	71.702142	58.444868	6.418877	1.154369	0.011738	1.154734	0.873117	1.154734	0.873138	1.154734	0.873096	1.154733	0.873108	1.154734	0.873103	1.153859	0.011195	1.154733	0.873122	
1352519584.844680	1.000630	69.975225	56.661178	6.830963	1.156273	0.889762	1.155348	0.470482	1.156276	0.887851	1.156276	0.887720	1.156276	0.887821	1.156276	0.887728	1.154340	0.016925	1.155799	0.133041	1352519584.844737	1.000530	72.385891	59.150794	6.485454	1.154477	0.011210	1.155157	0.891332	1.155157	0.891315	1.155158	0.891296	1.155157	0.891303	1.155157	0.891275	1.154437	0.006510	1.155157	0.891291	
1352519585.844050	0.999370	69.444195	56.139137	6.829421	1.158037	0.883951	1.158775	0.512373	1.158036	0.881138	1.158036	0.881106	1.158036	0.881161	1.158035	0.881131	1.154618	0.017505	1.154692	0.086229	1352519585.844086	0.999349	72.196131	58.963946	6.432211	1.154163	0.011737	1.154822	0.885519	1.154822	0.885488	1.154822	0.885447	1.154822	0.885490	1.154822	0.885488	1.153922	0.006585	1.154822	0.885512	
1352519586.844063	1.000013	69.896743	56.576178	6.840090	1.156656	0.867852	1.155788	0.564602	1.156662	0.865691	1.156663	0.865665	1.156662	0.865786	1.156663	0.865664	1.154067	0.015128	1.153906	0.056007	1352519586.844172	1.000086	71.544898	58.301409	6.476676	1.154132	0.011159	1.155092	0.869702	1.155092	0.869676	1.155092	0.869664	1.155092	0.869666	1.155092	0.869648	1.154032	0.007927	1.155092	0.869650	
1352519587.844056	0.999993	71.307576	57.993123	6.838258	1.155661	0.935578	1.154813	0.603409	1.155656	0.934664	1.155655	0.934642	1.155655	0.934679	1.155657	0.934695	1.154211	0.019010	1.154389	0.014202	1352519587.844115	0.999943	74.128476	60.895285	6.446397	1.153589	0.008665	1.154673	0.937954	1.154673	0.937932	1.154673	0.937914	1.154673	0.937936	1.154673	0.937932	1.153819	0.011316	1.154672	0.937938	
1352519588.844049	0.999993	69.633614	56.330605	6.807130	1.157413	0.759588	1.158309	0.594391	1.157971	0.872599	1.157972	0.872564	1.157971	0.872631	1.157971	0.872578	1.156126	0.021969	1.159578	0.114289	1352519588.844086	0.999971	72.552174	59.317750	6.446675	1.154165	0.009790	1.154515	0.877093	1.154515	0.877064	1.154515	0.877045	1.154515	0.877072	1.154515	0.877050	1.154166	0.010548	1.154515	0.877057	
1352519589.844075	1.000026	69.174624	55.855848	6.771110	1.156918	0.854886	1.157380	0.635131	1.156697	0.796018	1.156894	0.849095	1.156894	0.849109	1.156894	0.849110	1.155084	0.025697	1.154551	0.048361	1352519589.844142	1.000056	71.685101	58.452276	6.379647	1.154315	0.007814	1.155677	0.851889	1.155677	0.851866	1.155677	0.851841	1.155676	0.851876	1.155677	0.851862	1.154542	0.010419	1.155676	0.851872	
1352519590.844049	0.999974	71.095918	57.775137	6.796365	1.158297	0.697042	1.158993	0.741762	1.158471	0.913201	1.158471	0.936034	1.158472	0.936090	1.158470	0.936036	1.159761	0.115638	1.153925	0.039046	1352519590.844088	0.999946	73.664431	60.427282	6.424418	1.154004	0.011385	1.155673	0.939656	1.155673	0.939643	1.155674	0.939636	1.155674	0.939628	1.155673	0.939608	1.154034	0.009031	1.155674	0.939615	
1352519591.844048	0.999999	70.459189	57.131005	6.818137	1.159115	0.923485	1.160147	0.479952	1.159112	0.921931	1.159112	0.921896	1.159112	0.921932	1.159112	0.921900	1.154609	0.019500	1.154474	0.121648	1352519591.844110	1.000022	73.187436	59.947675	6.433804	1.154132	0.012452	1.156385	0.927344	1.156385	0.927317	1.156385	0.927276	1.156384	0.927338	1.156384	0.927319	1.154025	0.008526	1.156386	0.927337	
1352519592.844050	1.000002	70.029194	56.699095	6.791521	1.157113	0.910731	1.155814	0.557691	1.157116	0.908925	1.157116	0.908884	1.157115	0.908998	1.157115	0.908883	1.154563	0.017416	1.153999	0.045157	1352519592.844087	0.999977	72.432597	59.209195	6.453898	1.153751	0.011015	1.157150	0.911710	1.157150	0.911684	1.157150	0.911652	1.157150	0.911654	1.157150	0.911643	1.153813	0.009473	1.157150	0.911655	
1352519593.844049	0.999999	70.214621	56.890145	6.724784	1.155930	0.902459	1.154588	0.569088	1.155933	0.901444	1.155933	0.901423	1.155933	0.901445	1.155933	0.901437	1.154323	0.016326	1.154152	0.027940	1352519593.844101	1.000014	73.090280	59.852643	6.411241	1.154042	0.009885	1.154644	0.905037	1.154644	0.905006	1.154644	0.904982	1.154644	0.905015	1.154644	0.905012	1.153813	0.008686	1.154643	0.905040	
1352519594.844057	1.000008	69.487199	56.165820	6.712729	1.156887	0.878876	1.156313	0.565508	1.156891	0.877245	1.156891	0.877230	1.156891	0.877359	1.156891	0.877233	1.154957	0.018276	1.154837	0.014549	1352519594.844100	0.999999	72.454644	59.217601	6.435904	1.153833	0.008553	1.154717	0.880191	1.154717	0.880162	1.154717	0.880164	1.154717	0.880174	1.154717	0.880149	1.153935	0.011189	1.154717	0.880155	
1352519595.844061	1.000004	69.837852	56.513122	6.808093	1.155026	0.878483	1.154917	0.584701	1.155013	0.876908	1.155013	0.876904	1.155011	0.876888	1.155012	0.876917	1.155419	0.016439	1.154706	0.043113	1352519595.844123	1.000023	72.702499	59.453351	6.421850	1.153929	0.008936	1.155210	0.878588	1.155211	0.878551	1.155210	0.878559	1.155210	0.878559	1.155210	0.878551	1.153813	0.011348	1.155210	0.878570	
1352519596.844047	0.999986	70.501816	57.217861	6.776981	1.155227	0.922108	1.154236	0.551294	1.155214	0.920349	1.155214	0.920071	1.155214	0.920176	1.155214	0.920058	1.154243	0.016490	1.154350	0.094177	1352519596.844084	0.999961	73.118505	59.878516	6.418296	1.154056	0.012171	1.155759	0.921825	1.155759	0.921793	1.155760	0.921772	1.155759	0.921781	1.155759	0.921757	1.154063	0.008764	1.155759	0.921775	
1352519597.844054	1.000007	71.004865	57.703245	6.796996	1.158591	0.939024	1.157307	0.497802	1.158591	0.938248	1.158594	0.937691	1.158593	0.937748	1.158593	0.937707	1.155224	0.021653	1.162606	0.120302	1352519597.844104	1.000020	73.750293	60.495386	6.417535	1.153945	0.011407	1.155856	0.942578	1.155856	0.942550	1.155857	0.942507	1.155856	0.942548	1.155856	0.942548	1.154267	0.005313	1.155856	0.942555	
1352519598.844049	0.999995	71.426749	58.127031	6.772785	1.158876	0.891978	1.158349	0.646268	1.158587	0.855122	1.158805	0.955496	1.158805	0.955523	1.158805	0.955494	1.154523	0.028120	1.161047	0.143058	1352519598.844084	0.999980	73.159821	59.901422	6.483895	1.153801	0.011187	1.164228	0.955830	1.164227	0.955808	1.164227	0.955771	1.164226	0.955743	1.164226	0.955751	1.153673	0.004605	1.164226	0.955760	
1352519599.844050	1.000001	72.114174	58.788457	6.785699	1.154969	0.201954	1.156659	0.957718	1.156658	0.957601	1.156659	0.956933	1.156659	0.957021	1.156659	0.956955	1.157759	0.239850	1.154742	0.206779	1352519599.844121	1.000037	74.175268	60.906944	6.424201	1.153755	0.009776	1.155071	0.961825	1.155071	0.961824	1.155070	0.961793	1.155071	0.961816	1.155069	0.961732	1.153906	0.005721	1.155072	0.961786	
1352519600.844049	0.999999	71.410194	58.107309	6.816260	1.155500	0.918695	1.155425	0.583424	1.155631	0.936674	1.155631	0.936647	1.155631	0.936715	1.155631	0.936643	1.155456	0.016381	1.153930	0.048384	1352519600.844088	0.999967	73.485694	60.224470	6.420759	1.153779	0.008615	1.154851	0.939469	1.154851	0.939451	1.154851	0.939435	1.154852	0.939430	1.154851	0.939431	1.153842	0.007138	1.154849	0.939445	
1352519601.844058	1.000009	71.372644	58.056298	6.840819	1.155322	0.963598	1.154709	0.438051	1.155322	0.963263	1.155322	0.963056	1.155322	0.963088	1.155322	0.963049	1.153950	0.017913	1.153890	0.057250	1352519601.844226	1.000138	75.855923	62.583417	6.460931	1.153862	0.132563	1.154705	0.965081	1.154705	0.965062	1.154705	0.965034	1.154705	0.965057	1.154705	0.965061	1.153934	0.009993	1.154705	0.965071	
1352519602.844055	0.999997	715809754.788627	715803630.635322	715773852.693815	0.999951	1.000309	0.999948	1.000309	0.999958	1.000305	0.999949	1.000300	0.999950	1.000308	0.999952	1.000298	0.999950	1.000308	0.999950	1.000304	1352519602.844141	0.999915	715881277.397804	715863701.515640	715881526.902592	0.999950	1.000307	0.999947	1.000304	3.895774	0.256755	0.999950	1.000304	0.999950	1.000306	0.999953	1.000303	0.999950	1.000306	0.999951	1.000307	
1352519603.844049	0.999994	0.000000	0.000000	0.000000	-nan	-nan	-nan	-nan	8.000000	inf	-nan	-nan	-nan	0.000000	-nan	-nan	-nan	-nan	-nan	-nan	1352519603.844114	0.999973	0.000000	0.000000	0.000000	-nan	-nan	-nan	-nan	0.000000	inf	-nan	-nan	-nan	-nan	-nan	-nan	-nan	-nan	-nan	-nan	
