ts_0	elapsed_0	pkg_0	pp0_0	dram_0	freq_ratio_0_0	c0_ratio_0_0	freq_ratio_0_1	c0_ratio_0_1	freq_ratio_0_2	c0_ratio_0_2	freq_ratio_0_3	c0_ratio_0_3	freq_ratio_0_4	c0_ratio_0_4	freq_ratio_0_5	c0_ratio_0_5	freq_ratio_0_6	c0_ratio_0_6	freq_ratio_0_7	c0_ratio_0_7	ts_1	elapsed_1	pkg_1	pp0_1	dram_1	freq_ratio_1_0	c0_ratio_1_0	freq_ratio_1_1	c0_ratio_1_1	freq_ratio_1_2	c0_ratio_1_2	freq_ratio_1_3	c0_ratio_1_3	freq_ratio_1_4	c0_ratio_1_4	freq_ratio_1_5	c0_ratio_1_5	freq_ratio_1_6	c0_ratio_1_6	freq_ratio_1_7	c0_ratio_1_7	
1356621190.355014	1.001932	49.454142	35.832950	5.782043	1.155368	0.406375	1.153910	0.400680	1.154620	0.401102	1.155751	0.405932	1.154171	0.397142	1.156032	0.406107	1.154232	0.396230	1.155883	0.405289	1356621190.355187	1.000425	35.859237	22.232111	5.649652	0.999842	0.946221	0.829000	0.000135	1.007968	0.000031	0.552000	0.000134	0.835867	0.000091	1.013490	0.000031	0.811414	0.000095	0.999900	0.946502	
1356621191.355009	0.999995	50.628687	36.970736	5.988723	1.000000	1.000000	1.000000	1.000000	1.000000	1.000000	1.000000	1.000000	1.000643	0.000876	1.016475	0.000028	1.017777	0.000029	1.016167	0.000028	1356621191.355175	0.999988	36.861798	23.229082	5.890802	1.000000	1.000000	0.999566	0.000022	0.988921	0.000063	0.991219	0.000059	1.000381	0.000011	0.995436	0.000107	1.000877	0.000012	1.000000	1.000000	
1356621192.355008	0.999999	50.575198	36.936452	5.940374	1.000000	1.000000	1.000000	1.000000	1.000000	1.000000	1.000000	1.000000	1.000005	0.000502	1.000319	0.000045	1.000097	0.000052	1.000391	0.000049	1356621192.355172	0.999997	36.775276	23.175884	5.904041	1.000000	1.000000	1.000157	0.000066	1.031584	0.000022	1.024555	0.000021	1.000064	0.000067	1.021997	0.000022	0.999505	0.000090	1.000000	1.000000	
1356621193.355008	1.000000	50.721512	37.068558	5.961151	0.999736	0.999956	0.999736	0.999956	0.999736	0.999956	0.999736	0.999956	0.998571	0.000559	0.973783	0.000034	0.988050	0.000067	0.975013	0.000034	1356621193.355182	1.000010	36.707015	23.101865	5.891451	1.000000	1.000000	0.999895	0.000022	1.000117	0.000056	0.999803	0.000057	0.998455	0.000012	1.001046	0.000045	1.001957	0.000007	1.000000	1.000000	
1356621194.355010	1.000002	50.586512	36.966726	5.946186	0.998648	0.999790	0.995297	0.106798	0.998647	0.999789	0.998648	0.999929	0.834574	0.004340	0.862393	0.003210	0.858822	0.002919	0.998494	0.896624	1356621194.355185	1.000003	36.838402	23.231373	5.889798	1.000000	0.999857	1.000002	0.002850	0.999998	0.002834	1.000016	0.002786	0.999999	0.002832	0.999994	0.002642	1.000003	0.002904	0.999984	0.999912	
1356621195.355008	0.999998	50.534093	36.922693	5.961758	1.000000	1.000000	1.000043	0.002171	1.000000	0.999999	1.000000	1.000000	1.000052	0.000292	1.002772	0.000233	1.000744	0.000013	1.000001	1.000000	1356621195.355167	0.999982	36.717164	23.108400	5.883147	1.000000	1.000000	0.992274	0.000022	0.997247	0.000055	0.996085	0.000050	0.986125	0.000013	0.998690	0.000133	0.985390	0.000012	1.000000	1.000000	
1356621196.355008	1.000000	50.549973	36.949005	5.933578	1.000000	1.000000	0.999071	0.000043	1.000000	1.000000	1.000000	1.000000	1.000012	0.000600	0.997302	0.000255	1.001155	0.000050	1.000000	1.000000	1356621196.355176	1.000009	36.747302	23.156025	5.863015	1.000000	1.000000	1.003303	0.000047	1.013858	0.000011	1.012135	0.000012	1.004029	0.000045	1.012435	0.000011	1.003932	0.000047	1.000000	1.000000	
1356621197.355008	1.000000	50.551025	36.928650	5.968140	1.000000	0.999563	1.000480	0.000022	1.000000	1.000000	1.000000	0.999563	0.999891	0.000292	1.002743	0.000214	0.995774	0.000013	1.000000	1.000000	1356621197.355173	0.999997	36.742637	23.130870	5.886249	1.000000	1.000000	0.999176	0.000021	1.000063	0.000055	1.000676	0.000056	1.000000	0.000012	0.999876	0.000050	1.000340	0.000046	1.000000	1.000000	
1356621198.355010	1.000002	50.599849	36.972723	5.994968	1.000000	0.999347	0.998964	0.000056	1.000000	1.000000	1.000000	1.000000	1.000014	0.000301	0.997606	0.000258	0.999740	0.000086	1.000000	1.000000	1356621198.355181	1.000008	36.750587	23.130397	5.901274	1.000000	0.999801	1.000339	0.000049	0.996106	0.000012	0.998057	0.000012	1.000163	0.000047	1.001355	0.000012	0.999821	0.000041	0.999982	0.999850	
1356621199.355009	0.999999	50.614672	36.974065	6.039938	1.000000	1.000000	1.000469	0.000022	1.000000	1.000000	1.000000	1.000000	1.000080	0.000307	1.003228	0.000214	1.000663	0.000013	1.000000	1.000000	1356621199.355174	0.999993	36.765330	23.131569	5.868357	1.000000	1.000000	0.998684	0.000022	1.000789	0.000058	0.999813	0.000054	0.998411	0.000011	1.000329	0.000096	0.996739	0.000012	1.000000	1.000000	
1356621200.355008	0.999999	50.603167	36.974904	6.032568	1.000000	1.000000	1.000008	0.000051	1.000000	1.000000	1.000000	1.000000	0.999815	0.000294	0.997391	0.000250	0.990192	0.000054	1.000000	1.000000	1356621200.355179	1.000005	36.702178	23.093879	5.887452	1.000000	1.000000	1.000411	0.000052	0.998888	0.000012	1.000099	0.000012	0.999860	0.000047	0.999608	0.000012	1.000057	0.000047	1.000000	1.000000	
1356621201.355008	1.000000	50.599274	36.985641	5.957672	1.000000	1.000000	0.999035	0.000022	1.000000	1.000000	1.000000	1.000000	1.000132	0.000603	1.002811	0.000211	0.999508	0.000014	1.000000	1.000000	1356621201.355176	0.999997	36.746269	23.142268	5.886066	1.000000	1.000000	1.000688	0.000022	1.000021	0.000054	0.999838	0.000052	1.000733	0.000011	0.999686	0.000047	0.999459	0.000012	1.000000	1.000000	
1356621202.355008	1.000000	50.619080	36.990005	6.032043	1.000000	1.000000	0.990091	0.000055	1.000000	1.000000	1.000000	1.000000	0.999720	0.000297	0.998172	0.000249	1.006942	0.000086	1.000000	1.000000	1356621202.355177	1.000001	36.748729	23.129891	5.883173	1.000000	1.000000	0.999563	0.000048	0.999359	0.000011	0.998686	0.000012	0.999992	0.000046	0.999753	0.000011	1.000068	0.000073	1.000000	1.000000	
1356621203.355008	1.000000	47.255936	33.646194	6.043152	1.000000	0.464485	1.008689	0.000071	1.000000	1.000000	1.000000	1.000000	0.999952	0.000305	0.999449	0.000246	1.000500	0.000060	1.000000	1.000000	1356621203.355203	1.000026	40.266974	26.642237	5.941359	1.000000	1.000000	1.000001	0.535734	0.988189	0.000058	0.990920	0.000054	0.998843	0.000012	0.990735	0.000056	1.000757	0.000007	1.000000	1.000000	
1356621204.355008	1.000000	44.253983	30.618271	5.942459	0.997627	0.000068	0.992699	0.000081	1.000000	1.000000	1.000000	1.000000	1.000231	0.000316	0.999986	0.000242	0.998059	0.000040	1.000000	1.000000	1356621204.355208	1.000005	43.356182	29.741230	5.883210	1.000000	1.000000	1.000000	1.000000	1.031529	0.000021	1.009278	0.000053	0.999716	0.000067	1.023159	0.000021	1.000279	0.000057	1.000000	1.000000	
1356621205.355008	1.000000	44.259094	30.638611	5.927521	1.000477	0.000273	1.000299	0.002010	1.000000	1.000000	1.000000	1.000000	0.999805	0.000297	0.999800	0.000212	1.001935	0.000013	1.000000	1.000000	1356621205.355207	0.999999	43.360225	29.761610	5.899969	1.000000	1.000000	1.000000	1.000000	0.998277	0.000084	0.996946	0.000045	0.990485	0.000012	0.997444	0.000046	0.998788	0.000012	1.000000	1.000000	
1356621206.355008	1.000000	44.217346	30.567657	6.027954	1.000107	0.000318	0.998216	0.000039	1.000000	1.000000	1.000000	1.000000	0.999982	0.000605	1.000166	0.000272	1.000000	0.000052	1.000000	1.000000	1356621206.355196	0.999989	43.384295	29.752142	5.885090	1.000000	1.000000	1.000000	1.000000	1.014001	0.000011	1.011381	0.000012	1.002936	0.000045	1.013071	0.000011	0.999959	0.000047	1.000000	1.000000	
1356621207.355008	1.000000	44.177353	30.554321	5.932495	0.998642	0.000251	0.999904	0.000092	1.000000	1.000000	1.000000	1.000000	0.999613	0.000296	0.999667	0.000193	0.995976	0.000013	1.000000	1.000000	1356621207.355196	1.000000	43.364471	29.760986	5.889755	1.000000	1.000000	1.000000	1.000000	0.999973	0.000057	1.000123	0.000053	1.000785	0.000011	0.999823	0.000050	0.999933	0.000046	1.000000	1.000000	
1356621208.355008	1.000000	44.216721	30.577606	5.960281	0.999721	0.000076	1.000613	0.000051	1.000000	1.000000	1.000000	1.000000	0.999901	0.000308	0.999525	0.000267	1.000965	0.000070	1.000000	1.000000	1356621208.355202	1.000006	43.385087	29.758444	5.896068	1.000000	1.000000	1.000000	1.000000	0.998860	0.000011	0.999604	0.000011	1.000230	0.000044	0.998603	0.000011	0.999466	0.000039	1.000000	1.000000	
1356621209.355008	1.000000	44.210358	30.579254	5.988052	1.001307	0.000265	1.001841	0.000022	1.000000	1.000000	1.000000	1.000000	1.000393	0.000283	1.003861	0.000211	0.993573	0.000013	1.000000	1.000000	1356621209.355207	1.000005	43.399960	29.781650	5.888261	1.000000	1.000000	1.000000	1.000000	1.000011	0.000068	0.999481	0.000054	0.998478	0.000011	1.001297	0.000044	1.001730	0.000012	1.000000	1.000000	
1356621210.355008	1.000000	44.192261	30.557709	6.028778	0.998120	0.000083	1.000685	0.000051	1.000000	1.000000	1.000000	1.000000	1.000001	0.000284	0.996991	0.000256	1.000984	0.000052	1.000000	1.000000	1356621210.355202	0.999995	43.393635	29.768841	5.902663	1.000000	1.000000	1.000000	1.000000	0.998647	0.000007	1.002046	0.000012	1.000077	0.000045	0.997162	0.000011	1.000060	0.000045	1.000000	1.000000	
1356621211.355008	1.000000	44.229767	30.613983	5.930557	0.999738	0.000276	0.993799	0.000022	1.000000	1.000000	1.000000	1.000000	0.999810	0.000568	1.003033	0.000211	0.999199	0.000013	1.000000	1.000000	1356621211.355206	1.000004	43.384102	29.787919	5.900107	1.000000	1.000000	1.000000	1.000000	0.999773	0.000053	1.000199	0.000052	0.999539	0.000011	1.000402	0.000050	0.997876	0.000012	1.000000	1.000000	
1356621212.355008	1.000000	44.132401	30.521622	5.986893	1.002754	0.000082	1.001900	0.000047	1.000000	1.000000	1.000000	1.000000	1.000598	0.000303	0.997846	0.000251	1.000760	0.000046	1.000000	1.000000	1356621212.355206	1.000000	43.403442	29.788910	5.895035	1.000000	1.000000	1.000000	1.000000	1.000351	0.000012	0.998706	0.000011	1.000477	0.000044	0.996794	0.000011	0.999995	0.000071	1.000000	1.000000	
1356621213.355008	1.000000	44.156036	30.517899	5.982925	0.999973	0.000289	0.999635	0.000022	1.000000	1.000000	1.000000	1.000000	0.999878	0.000280	1.000080	0.000212	0.998995	0.000045	1.000000	1.000000	1356621213.355204	0.999998	43.410514	29.777690	5.906460	1.000000	1.000000	1.000000	1.000000	1.000185	0.000052	0.999912	0.000053	1.000210	0.000011	0.999733	0.000046	0.998829	0.000007	1.000000	1.000000	
1356621214.355008	1.000000	44.153000	30.545273	5.936264	0.999973	0.000084	0.988437	0.000048	1.000000	1.000000	1.000000	1.000000	1.000194	0.000282	1.000282	0.000248	0.988744	0.000042	1.000000	1.000000	1356621214.355207	1.000003	43.384128	29.800735	5.888867	1.000000	1.000000	1.000000	1.000000	0.999104	0.000011	0.999307	0.000012	1.000034	0.000045	0.998578	0.000012	1.000416	0.000042	1.000000	1.000000	
1356621215.355008	1.000000	44.217636	30.594803	5.921143	0.999948	0.000291	1.000114	0.004941	1.000000	1.000000	1.000000	1.000000	0.999853	0.000289	0.999571	0.000247	1.018358	0.000028	1.000000	1.000000	1356621215.355210	1.000003	43.430377	29.812072	5.894864	1.000000	1.000000	1.000000	1.000000	0.989089	0.000057	0.988599	0.000054	0.980317	0.000011	0.989051	0.000050	0.987359	0.000012	1.000000	1.000000	
1356621216.355008	1.000000	44.212692	30.587509	5.984222	0.999851	0.000284	1.000018	0.000361	1.000000	1.000000	1.000000	1.000000	0.999937	0.000621	0.999967	0.000261	0.998842	0.000053	1.000000	1.000000	1356621216.355206	0.999996	43.446496	29.828215	5.897805	1.000000	1.000000	1.000000	1.000000	1.000842	0.000747	1.001769	0.000355	1.002353	0.000067	1.027461	0.000021	1.000718	0.000163	1.000000	1.000000	
1356621217.355008	1.000000	44.212326	30.570129	5.985153	1.000192	0.000283	1.001985	0.000021	1.000000	1.000000	1.000000	1.000000	1.000248	0.000278	1.000099	0.000213	1.005363	0.000013	1.000000	1.000000	1356621217.355201	0.999995	43.430210	29.794629	5.891509	1.000000	1.000000	1.000000	1.000000	1.000165	0.000047	0.999074	0.000047	1.002899	0.000011	1.000114	0.000047	1.001405	0.000038	1.000000	1.000000	
1356621218.355008	1.000000	44.228043	30.604172	5.921738	0.999789	0.000150	0.999913	0.000261	1.000000	1.000000	1.000000	1.000000	1.000000	0.000415	0.999935	0.000321	0.999662	0.000228	1.000000	1.000000	1356621218.355200	0.999999	43.437847	29.828047	5.894827	1.000000	1.000000	1.000000	1.000000	0.999840	0.000104	1.000308	0.000115	1.000196	0.000057	1.000048	0.000032	1.000039	0.000078	1.000000	1.000000	
1356621219.355008	1.000000	48.143600	34.499237	5.974213	1.000003	0.003428	0.999852	0.003286	1.000000	1.000000	1.000000	1.000000	0.999993	0.003614	1.000197	0.003066	0.999817	0.002775	1.000000	1.000000	1356621219.355170	0.999970	48.622249	34.987608	5.876153	1.000000	1.000000	1.000000	1.000000	0.999993	0.002955	0.999839	0.002852	0.999808	0.002815	0.999841	0.002890	0.999993	0.002618	1.000000	1.000000	
1356621220.355008	1.000000	44.201691	30.580673	5.923355	0.999910	0.000085	1.006688	0.000069	1.000000	1.000000	1.000000	1.000000	0.999347	0.000255	0.997621	0.000248	1.011957	0.000045	1.000000	1.000001	1356621220.355203	1.000033	43.424978	29.814754	5.899952	1.000000	1.000000	1.000000	1.000000	1.002230	0.000012	1.041560	0.000011	1.014505	0.000039	1.040463	0.000011	0.999900	0.000042	1.000000	1.000000	
1356621221.355008	1.000000	44.207993	30.578552	5.954956	0.999885	0.000278	0.999523	0.000048	1.000000	1.000000	1.000000	1.000000	1.000248	0.000571	1.002162	0.000212	0.997759	0.000013	1.000000	0.999999	1356621221.355206	1.000003	43.438601	29.814803	5.893109	1.000000	1.000000	1.000000	1.000000	0.999902	0.000071	0.999980	0.000077	0.997920	0.000012	1.000821	0.000044	0.999583	0.000012	1.000000	1.000000	
1356621222.355008	1.000000	44.196777	30.580551	5.937683	0.999022	0.000083	0.997121	0.000070	1.000000	1.000000	0.999999	1.000000	0.999434	0.000259	0.997969	0.000255	1.002788	0.000060	1.000000	1.000000	1356621222.355207	1.000001	43.423009	29.816637	5.897272	1.000000	1.000000	1.000000	1.000000	0.999424	0.000012	0.999303	0.000012	0.999992	0.000046	0.999512	0.000012	0.999984	0.000072	1.000000	1.000000	
1356621223.355008	1.000000	44.187180	30.558334	5.927490	1.000365	0.000296	1.004292	0.000047	1.000000	1.000001	1.000001	1.000000	1.000009	0.000253	1.000305	0.000211	0.996895	0.000047	1.000000	1.000000	1356621223.355199	0.999992	43.446290	29.822065	5.884203	1.000000	1.000000	1.000000	1.000000	1.000171	0.000059	1.000264	0.000056	0.999894	0.000011	1.000022	0.000054	1.002822	0.000007	1.000000	1.000000	
1356621224.355008	1.000000	44.166748	30.533478	5.944778	0.999700	0.000082	0.999425	0.000067	1.000000	1.000000	1.000000	1.000000	1.000462	0.000259	0.999979	0.000252	0.999597	0.000042	1.000000	1.000000	1356621224.355202	1.000003	43.476138	29.849639	5.899213	1.000000	1.000000	1.000000	1.000000	0.998912	0.000012	0.998956	0.000011	1.000035	0.000044	0.999707	0.000012	0.999180	0.000043	1.000000	1.000000	
1356621225.355008	1.000000	44.212372	30.582291	5.983856	1.000079	0.000278	1.000047	0.002032	1.000000	1.000000	1.000000	1.000000	1.000265	0.000253	0.999756	0.000212	1.005057	0.000013	1.000000	1.000000	1356621225.355200	0.999998	43.418998	29.808941	5.894680	1.000000	1.000000	1.000000	1.000000	0.997624	0.000055	0.997330	0.000056	0.988628	0.000011	0.995933	0.000045	0.991217	0.000012	1.000000	1.000000	
1356621226.355008	1.000000	44.155502	30.512024	5.994080	0.998613	0.000083	0.997717	0.000063	1.000000	1.000000	1.000000	1.000000	0.999987	0.000563	0.999857	0.000269	0.989953	0.000061	1.000000	1.000000	1356621226.355199	0.999999	43.465251	29.803907	5.939779	1.000000	1.000000	1.000000	1.000000	1.012903	0.000011	1.013019	0.000012	1.002614	0.000046	1.017940	0.000011	1.002940	0.000047	1.000000	1.000000	
1356621227.355008	1.000000	44.163971	30.509399	6.016434	1.000333	0.000293	1.000547	0.000062	1.000000	1.000000	1.000000	1.000000	1.000016	0.000272	0.999980	0.000228	1.002422	0.000247	1.000000	1.000000	1356621227.355207	1.000008	43.457564	29.807101	5.916654	1.000000	1.000000	1.000000	1.000000	0.987230	0.000056	0.990096	0.000054	1.000390	0.000011	0.998295	0.000312	0.999966	0.000045	1.000000	1.000000	
1356621228.355008	1.000000	44.150635	30.524826	5.935883	1.000053	0.000152	0.998995	0.000120	1.000000	1.000000	1.000000	1.000000	1.000058	0.000298	1.000110	0.000288	0.991756	0.000087	1.000000	1.000000	1356621228.355208	1.000001	43.440587	29.828432	5.887430	1.000000	1.000000	1.000000	1.000000	1.013349	0.000052	1.011614	0.000045	1.000004	0.000092	1.008045	0.000059	0.999745	0.000064	1.000000	1.000000	
1356621229.355008	1.000000	44.136169	30.501877	5.973419	0.999866	0.000305	1.002119	0.000088	1.000000	1.000000	1.000000	1.000000	0.999831	0.000261	1.002807	0.000211	1.002630	0.000272	1.000000	1.000000	1356621229.355197	0.999989	43.449970	29.826545	5.914280	1.000000	1.000000	1.000000	1.000000	1.000077	0.000080	1.000121	0.000054	1.000746	0.000012	1.001020	0.000046	1.000619	0.000027	1.000000	1.000000	
1356621230.355008	1.000000	44.159302	30.535248	5.940567	0.997944	0.000084	0.999949	0.000068	1.000000	1.000000	1.000000	1.000000	0.999884	0.000259	0.997714	0.000253	0.998094	0.000051	1.000000	1.000000	1356621230.355202	1.000005	43.416683	29.803669	5.870393	1.000000	1.000000	1.000000	1.000000	0.997932	0.000012	0.999247	0.000011	0.999758	0.000045	0.998015	0.000011	0.999578	0.000046	1.000000	1.000000	
1356621231.355008	1.000000	44.185806	30.544693	5.962921	1.000785	0.000275	0.998316	0.000048	0.999989	0.999854	1.000000	0.999824	1.000066	0.000567	1.002549	0.000212	1.007220	0.000013	0.999980	0.999870	1356621231.355203	1.000001	43.464039	29.827959	5.876185	1.000000	1.000000	1.000000	0.999880	1.000118	0.000056	1.000167	0.000053	1.000355	0.000011	0.999901	0.000051	0.997199	0.000012	1.000000	1.000000	
1356621232.355008	1.000000	44.189789	30.546555	5.892563	1.000028	0.000083	1.001422	0.000065	1.000000	1.000000	1.000000	1.000000	1.000078	0.000252	0.997649	0.000250	0.998942	0.000068	1.000000	0.999999	1356621232.355205	1.000002	43.423303	29.789952	5.877445	1.000000	1.000000	1.000000	1.000000	1.002389	0.000011	0.999462	0.000011	0.999836	0.000045	1.000876	0.000011	1.000274	0.000072	1.000000	1.000000	
1356621233.355008	1.000000	44.175140	30.512665	5.987473	0.999834	0.000290	0.998412	0.000047	1.000000	1.000000	1.000000	1.000000	0.999612	0.000253	1.000266	0.000212	1.001442	0.000045	1.000000	1.000000	1356621233.355203	0.999998	43.446860	29.788860	5.962933	1.000000	1.000000	1.000000	1.000000	0.999838	0.000052	1.000802	0.000053	1.000989	0.000011	0.999363	0.000044	1.004049	0.000007	1.000000	1.000000	
1356621234.355008	1.000000	44.173203	30.537888	5.954803	0.998559	0.000082	1.001437	0.000066	1.000000	1.000001	1.000000	1.000000	1.000310	0.000259	0.999719	0.000250	0.999617	0.000041	1.000000	1.000000	1356621234.355203	1.000000	43.439819	29.818909	5.883423	1.000000	1.000000	1.000000	1.000000	0.998785	0.000012	0.996632	0.000011	1.000026	0.000045	1.002991	0.000011	0.999411	0.000042	1.000000	1.000000	
1356621235.355008	1.000000	44.168167	30.517578	6.040939	1.000572	0.000278	0.999975	0.002124	1.000000	1.000000	1.000000	1.000000	0.999853	0.000254	1.000160	0.000212	0.999463	0.000013	1.000000	1.000000	1356621235.355201	0.999998	43.402213	29.768566	5.920956	1.000000	1.000000	1.000000	1.000000	0.997286	0.000055	0.999671	0.000071	0.986041	0.000012	0.997104	0.000049	0.988784	0.000012	1.000000	1.000000	
1356621236.355008	1.000000	44.161102	30.528854	5.961441	0.999935	0.000083	1.000527	0.000061	1.000000	1.000000	1.000000	1.000000	1.000062	0.000563	0.999819	0.000268	0.999541	0.000046	1.000000	1.000001	1356621236.355205	1.000004	43.432319	29.808122	5.886970	1.000000	1.000000	1.000000	1.000000	1.006620	0.000025	0.999402	0.000007	1.003381	0.000045	1.012330	0.000011	1.003206	0.000046	1.000000	1.000000	
1356621237.355008	1.000000	44.142715	30.495422	6.023315	0.999913	0.000275	0.998308	0.000047	1.000000	1.000000	1.000000	1.000000	0.999699	0.000254	0.999468	0.000194	0.992069	0.000013	1.000000	1.000000	1356621237.355205	1.000000	43.462128	29.807373	5.922012	1.000000	1.000000	1.000000	1.000000	0.999570	0.000055	1.000456	0.000051	0.999902	0.000012	1.000392	0.000046	0.999402	0.000045	1.000000	1.000000	
1356621238.355008	1.000000	44.209808	30.580750	5.984802	1.000027	0.000099	1.000245	0.000071	1.000000	1.000000	1.000000	1.000000	0.999898	0.000291	1.001019	0.000268	0.994302	0.000074	1.000000	1.000000	1356621238.355206	1.000001	43.458699	29.841967	5.916086	1.000000	1.000000	1.000000	1.000000	1.002333	0.000012	0.999304	0.000012	1.000808	0.000044	0.999056	0.000012	1.000555	0.000039	1.000000	1.000000	
1356621239.355008	1.000000	44.173523	30.534653	5.936050	1.000053	0.000290	0.999742	0.000061	1.000000	1.000000	1.000000	1.000001	1.000197	0.000274	1.002261	0.000225	1.025423	0.000022	1.000000	1.000000	1356621239.355200	0.999994	43.451843	29.822810	5.871999	1.000000	1.000000	1.000000	1.000000	0.987144	0.000055	0.990738	0.000054	0.997183	0.000011	0.989131	0.000049	1.000064	0.000012	1.000000	1.000000	
1356621240.355008	1.000000	44.162140	30.516434	5.984756	0.999336	0.000094	0.999763	0.000068	1.000000	1.000000	1.000000	1.000000	1.000109	0.000278	0.997181	0.000251	0.986585	0.000046	1.000000	1.000000	1356621240.355212	1.000012	43.466584	29.822643	5.950414	1.000000	0.999721	1.000000	1.000000	1.032896	0.000021	1.024448	0.000020	0.999907	0.000066	1.025271	0.000021	0.999799	0.000060	1.000000	1.000000	
1356621241.355008	1.000000	44.150253	30.515442	5.945404	0.999872	0.000278	1.000302	0.000049	1.000000	1.000000	1.000000	1.000000	0.999990	0.000562	1.002769	0.000233	1.002307	0.000262	1.000000	1.000000	1356621241.355192	0.999980	43.466172	29.835543	5.891781	1.000000	1.000000	1.000000	1.000000	1.000093	0.000054	1.000045	0.000052	0.999476	0.000011	0.999777	0.000045	0.999228	0.000012	1.000000	1.000000	
1356621242.355008	1.000000	44.170517	30.547714	6.016968	1.001154	0.000083	1.000479	0.000068	1.000000	1.000000	1.000000	1.000000	0.999572	0.000255	0.997669	0.000239	0.999115	0.000044	1.000000	1.000000	1356621242.355197	1.000005	43.481655	29.864505	5.954468	1.000000	1.000000	1.000000	1.000000	0.999808	0.000012	0.999304	0.000012	1.000236	0.000044	0.997942	0.000012	1.000403	0.000071	1.000000	1.000000	
1356621243.355008	1.000000	44.171158	30.541290	5.952942	0.999434	0.000288	0.999968	0.000048	1.000000	1.000000	1.000000	1.000000	1.000457	0.000255	0.999705	0.000212	0.998759	0.000045	1.000000	1.000000	1356621243.355192	0.999995	43.467381	29.844800	5.886260	1.000000	1.000000	1.000000	1.000000	0.999986	0.000053	0.999795	0.000053	0.999871	0.000012	0.999961	0.000049	0.997807	0.000007	1.000000	1.000000	
1356621244.355008	1.000000	44.645370	30.993607	6.048141	1.000000	0.003634	1.000006	0.004698	1.000000	1.000000	1.000000	1.000000	0.999982	0.003472	0.999974	0.003388	1.000030	0.002905	1.000000	1.000000	1356621244.355202	1.000010	43.561087	29.913168	5.946672	1.000000	1.000000	1.000000	1.000000	0.999991	0.003224	1.000000	0.003153	0.999996	0.003020	1.000018	0.003075	1.000005	0.002885	1.000000	1.000000	
1356621245.355008	1.000000	44.174149	30.528290	5.962845	1.000236	0.000514	0.999997	0.002032	1.000000	1.000000	1.000000	1.000000	0.999986	0.000255	1.014912	0.000050	0.998956	0.000013	1.000000	1.000000	1356621245.355203	1.000001	43.425831	29.799349	5.884455	1.000000	1.000000	1.000000	1.000000	0.984637	0.000051	0.995945	0.000048	0.997380	0.000056	0.996003	0.000042	0.985979	0.000012	1.000000	1.000000	
1356621246.355008	1.000000	44.138367	30.530838	5.925400	0.998525	0.000267	0.999972	0.000611	1.000000	1.000000	1.000000	1.000000	0.999797	0.000572	0.997323	0.000049	1.000007	0.000053	1.000000	1.000000	1356621246.355205	1.000002	43.462396	29.852940	5.888981	1.000000	1.000000	1.000000	1.000000	1.008165	0.000098	1.016199	0.000012	1.003656	0.000040	1.011440	0.000011	1.003392	0.000045	1.000000	1.000000	
1356621247.355008	1.000000	44.212860	30.548492	6.043076	1.000797	0.000502	1.001055	0.000046	1.000000	1.000000	1.000001	1.000000	1.000510	0.000252	1.005295	0.000013	0.997524	0.000013	1.000000	1.000000	1356621247.355203	0.999998	43.470069	29.823589	5.891613	1.000000	1.000000	1.000000	1.000000	0.999407	0.000049	1.000225	0.000055	1.001864	0.000012	1.000000	0.000050	1.000568	0.000045	1.000000	1.000000	
1356621248.355010	1.000002	35.209131	21.699040	4.803213	0.812882	0.001830	1.000058	0.000066	0.999998	0.675562	1.000000	0.675507	0.887080	0.000298	0.923692	0.000052	1.001071	0.000080	1.000000	0.675372	1356621248.355395	1.000192	38.183269	24.714571	4.139815	0.999999	0.675336	1.000000	0.675304	1.001995	0.000011	1.000099	0.000012	0.999480	0.000046	1.001213	0.000011	0.999067	0.000040	1.000000	1.000000	
1356621249.355009	0.999999	715784221.688123	715809595.318416	715801799.603355	0.999924	1.000715	0.999923	1.000724	0.999933	1.000721	0.999924	1.000715	0.999926	1.000728	0.999926	1.000712	0.999926	1.000729	0.999924	1.000716	1356621249.355108	0.999713	716005446.376037	715987906.939870	716023031.695904	0.999925	1.000719	0.999923	1.000722	3.897434	0.256748	0.999924	1.000716	0.999926	1.000727	0.999927	1.000716	0.999924	1.000718	0.999926	1.000725	
1356621250.355008	0.999999	0.000000	0.000000	0.000000	-nan	-nan	-nan	-nan	8.000000	inf	-nan	-nan	-nan	0.000000	-nan	-nan	-nan	-nan	-nan	-nan	1356621250.355099	0.999991	0.000000	0.000000	0.000000	-nan	-nan	-nan	-nan	0.000000	inf	-nan	-nan	-nan	-nan	-nan	-nan	-nan	-nan	-nan	-nan	
