ts_0	elapsed_0	pkg_0	pp0_0	dram_0	freq_ratio_0_0	c0_ratio_0_0	freq_ratio_0_1	c0_ratio_0_1	freq_ratio_0_2	c0_ratio_0_2	freq_ratio_0_3	c0_ratio_0_3	freq_ratio_0_4	c0_ratio_0_4	freq_ratio_0_5	c0_ratio_0_5	freq_ratio_0_6	c0_ratio_0_6	freq_ratio_0_7	c0_ratio_0_7	ts_1	elapsed_1	pkg_1	pp0_1	dram_1	freq_ratio_1_0	c0_ratio_1_0	freq_ratio_1_1	c0_ratio_1_1	freq_ratio_1_2	c0_ratio_1_2	freq_ratio_1_3	c0_ratio_1_3	freq_ratio_1_4	c0_ratio_1_4	freq_ratio_1_5	c0_ratio_1_5	freq_ratio_1_6	c0_ratio_1_6	freq_ratio_1_7	c0_ratio_1_7	
1356718060.363204	1.001918	57.646738	44.450690	3.776311	1.156167	0.599477	1.153462	0.591851	1.153366	0.596746	1.154784	0.602140	1.155074	0.599864	1.154017	0.595060	1.154333	0.592443	1.154246	0.592802	1356718060.363326	1.000381	70.017895	56.918180	1.720338	0.999943	0.983571	0.999982	0.983060	1.000001	0.982885	0.999981	0.982889	1.000001	0.982850	1.000001	0.982833	0.999982	0.982834	0.999944	0.984223	
1356718061.363201	0.999997	58.391248	45.213427	3.785580	1.000000	1.000000	1.000001	1.000000	1.000000	1.000000	1.000000	1.000000	1.000001	1.000000	1.000000	1.000000	0.999985	0.000484	1.005668	0.000008	1356718061.363312	0.999986	71.121926	57.999870	1.692895	1.000000	1.000000	1.000000	1.000000	1.000000	1.000000	1.000000	1.000000	1.000000	1.000000	1.000000	1.000000	1.000000	1.000000	1.000000	1.000000	
1356718062.363200	0.999999	58.414759	45.232450	3.789463	1.000000	1.000000	1.000000	1.000000	1.000000	1.000000	1.000000	1.000000	1.000000	1.000000	1.000000	1.000000	0.999984	0.000590	0.999901	0.000163	1356718062.363305	0.999993	71.160709	58.021733	1.646328	1.000000	1.000000	1.000000	1.000000	1.000000	1.000000	1.000000	1.000000	1.000000	1.000000	1.000000	1.000000	1.000000	1.000000	1.000000	1.000000	
1356718063.363200	1.000000	58.503281	45.313461	3.790009	1.000000	1.000000	1.000000	1.000000	1.000000	1.000000	1.000000	1.000000	1.000000	1.000000	1.000000	1.000000	0.999989	0.000647	1.000319	0.000098	1356718063.363311	1.000006	71.341402	58.197010	1.629156	1.000000	1.000000	1.000000	1.000000	1.000000	1.000000	1.000000	1.000000	1.000000	1.000000	1.000000	1.000000	1.000000	1.000000	1.000000	1.000000	
1356718064.363200	1.000000	58.519348	45.327744	3.804810	1.000000	1.000000	1.000000	1.000000	1.000000	1.000000	1.000000	1.000000	1.000000	1.000000	1.000000	1.000000	0.999882	0.000532	0.999954	0.000159	1356718064.363306	0.999995	71.400687	58.253954	1.635445	1.000000	1.000000	1.000000	1.000000	1.000000	1.000000	1.000000	1.000000	1.000000	1.000000	1.000000	1.000000	1.000000	1.000000	1.000000	1.000000	
1356718065.363200	1.000000	60.759933	47.564484	3.804626	1.000000	1.000000	1.000000	1.000000	1.000000	1.000000	1.000000	1.000000	1.000000	1.000000	1.000000	1.000000	1.000000	0.363536	0.999774	0.003177	1356718065.363285	0.999979	69.093781	55.942794	1.644550	1.000000	1.000000	1.000000	1.000000	1.000000	1.000000	1.000000	1.000000	1.000000	1.000000	0.999999	0.639846	1.000000	1.000000	1.000000	1.000000	
1356718066.363200	1.000000	64.357788	51.157288	3.801285	1.000000	1.000000	1.000000	1.000000	1.000000	1.000000	1.000000	1.000000	1.000000	1.000000	1.000000	1.000000	1.000000	1.000000	1.001419	0.000453	1356718066.363283	0.999998	65.111620	51.963081	1.653171	1.000000	1.000000	1.000000	1.000000	1.000000	1.000000	1.000000	1.000000	1.000000	1.000000	0.999924	0.000587	1.000000	1.000000	1.000000	1.000000	
1356718067.363202	1.000002	64.334838	51.129266	3.808937	1.000000	0.996888	1.000000	1.000000	1.000000	0.996904	1.000000	0.996890	1.000000	0.996889	1.000000	0.996885	1.000000	0.996903	0.999916	0.000469	1356718067.363293	1.000010	65.003179	51.853607	1.615493	1.000000	0.996923	1.000000	1.000000	1.000000	0.996869	1.000000	0.996868	1.000000	0.996867	1.000024	0.000127	1.000000	0.996866	1.000000	0.998847	
1356718068.363200	0.999998	64.371522	51.175665	3.793495	1.000000	1.000000	1.000000	1.000000	1.000000	1.000000	1.000000	1.000000	1.000000	1.000000	1.000000	1.000000	1.000000	1.000000	1.000035	0.000498	1356718068.363288	0.999995	65.008504	51.867966	1.635110	1.000000	1.000000	1.000000	1.000000	1.000000	1.000000	1.000000	1.000000	1.000000	1.000000	1.000061	0.000507	1.000000	1.000000	1.000000	1.000000	
1356718069.363200	1.000000	64.448380	51.238388	3.801331	1.000000	1.000000	1.000000	1.000000	1.000000	1.000000	1.000000	1.000000	1.000000	1.000000	1.000000	1.000000	1.000000	1.000000	0.999954	0.000424	1356718069.363283	0.999995	65.044027	51.892456	1.605767	1.000000	1.000000	1.000000	1.000000	1.000000	1.000000	1.000000	1.000000	1.000000	1.000000	0.999956	0.000122	1.000000	1.000000	1.000000	1.000000	
1356718070.363200	1.000000	64.524872	51.314545	3.789597	1.000000	1.000000	1.000000	1.000000	1.000000	1.000000	1.000000	1.000000	1.000000	1.000000	1.000000	1.000000	1.000000	1.000000	0.999951	0.000479	1356718070.363298	1.000015	65.091079	51.936934	1.603507	1.000000	1.000000	1.000000	1.000000	1.000000	1.000000	1.000000	1.000000	1.000000	1.000000	0.999849	0.000261	1.000000	1.000000	1.000000	1.000000	
1356718071.363200	1.000000	64.462738	51.252716	3.809113	1.000000	1.000000	1.000000	1.000000	1.000000	1.000000	1.000000	1.000000	1.000000	1.000000	1.000000	1.000000	1.000000	1.000000	0.998824	0.000439	1356718071.363283	0.999985	65.059022	51.907686	1.616495	1.000000	1.000000	1.000000	1.000000	1.000000	1.000000	1.000000	1.000000	1.000000	1.000000	1.000075	0.000429	1.000000	1.000000	1.000000	1.000000	
1356718072.363200	1.000000	64.529312	51.319016	3.793686	1.000000	1.000000	1.000000	1.000000	1.000000	1.000000	1.000000	1.000000	1.000000	1.000000	1.000000	1.000000	1.000000	1.000000	1.001120	0.000477	1356718072.363287	1.000004	65.077556	51.921527	1.637399	1.000000	1.000000	1.000000	1.000000	1.000000	1.000000	1.000000	1.000000	1.000000	1.000000	1.000030	0.000192	1.000000	1.000000	1.000000	1.000000	
1356718073.363200	1.000000	64.491333	51.281265	3.797455	1.000000	1.000000	1.000000	1.000000	1.000000	1.000000	1.000000	1.000000	1.000000	1.000000	1.000000	1.000000	1.000000	1.000000	0.999960	0.000448	1356718073.363285	0.999998	65.107790	51.951408	1.616290	1.000000	1.000000	1.000000	1.000000	1.000000	1.000000	1.000000	1.000000	1.000000	1.000000	0.999949	0.000144	1.000000	1.000000	1.000000	1.000000	
1356718074.363209	1.000009	64.456142	51.246514	3.801388	1.000000	0.994678	1.000000	0.995147	1.000000	1.000000	1.000000	1.000000	1.000000	1.000000	1.000000	0.994676	1.000000	0.994675	0.999715	0.000478	1356718074.363302	1.000017	65.049238	51.893287	1.622607	1.000000	1.000000	1.000000	1.000000	1.000000	1.000000	1.000000	0.994686	1.000000	1.000000	0.999988	0.002168	1.000000	0.994646	1.000000	0.994724	
1356718075.363200	0.999991	64.635321	51.424691	3.797276	1.000000	1.000000	1.000000	1.000000	1.000000	1.000000	1.000000	1.000000	1.000000	1.000000	1.000000	1.000000	1.000000	1.000000	1.000279	0.000434	1356718075.363286	0.999984	65.075823	51.919576	1.601298	1.000000	1.000000	1.000000	1.000000	1.000000	1.000000	1.000000	1.000000	1.000000	1.000000	0.999917	0.000203	1.000000	1.000000	1.000000	1.000000	
1356718076.363200	1.000000	64.595566	51.396866	3.797394	1.000000	1.000000	1.000000	1.000000	1.000000	1.000000	1.000000	1.000000	1.000000	1.000000	1.000000	1.000000	1.000000	1.000000	1.000007	0.000463	1356718076.363284	0.999998	65.045626	51.889000	1.608127	1.000000	1.000000	1.000000	1.000000	1.000000	1.000000	1.000000	1.000000	1.000000	1.000000	1.000089	0.000469	1.000000	1.000000	1.000000	1.000000	
1356718077.363199	0.999999	64.712800	51.501346	3.804920	1.000000	1.000000	1.000000	1.000000	1.000000	1.000000	1.000000	1.000000	1.000000	1.000000	1.000000	1.000000	1.000000	1.000000	0.999991	0.000450	1356718077.363288	1.000004	65.129893	51.978488	1.589746	1.000000	1.000000	1.000000	1.000000	1.000000	1.000000	1.000000	1.000000	1.000000	1.000000	0.999985	0.000126	1.000000	1.000000	1.000000	1.000000	
1356718078.363200	1.000001	64.674590	51.464139	3.793606	1.000000	1.000000	1.000000	1.000000	1.000000	1.000000	1.000000	1.000000	1.000000	1.000000	1.000000	1.000000	1.000000	1.000000	0.999981	0.000717	1356718078.363286	0.999998	65.043230	51.901802	1.613727	1.000000	1.000000	1.000000	1.000000	1.000000	1.000000	1.000000	1.000000	1.000000	1.000000	0.999882	0.000210	1.000000	1.000000	1.000000	1.000000	
1356718079.363200	1.000000	64.566757	51.355042	3.801086	1.000000	1.000000	1.000000	1.000000	1.000000	1.000000	1.000000	1.000000	1.000000	1.000000	1.000000	1.000000	1.000000	1.000000	0.999956	0.000494	1356718079.363289	1.000003	65.126324	51.970161	1.585749	1.000000	1.000000	1.000000	1.000000	1.000000	1.000000	1.000000	1.000000	1.000000	1.000000	1.000060	0.000149	1.000000	1.000000	1.000000	1.000000	
1356718080.363200	1.000000	64.642227	51.430664	3.793488	1.000000	1.000000	1.000000	1.000000	1.000000	1.000000	1.000000	1.000000	1.000000	1.000000	1.000000	1.000000	1.000000	1.000000	1.000004	0.000517	1356718080.363294	1.000005	65.180353	52.028975	1.588783	1.000000	1.000000	1.000000	1.000000	1.000000	1.000000	1.000000	1.000000	1.000000	1.000000	1.000133	0.000218	1.000000	1.000000	1.000000	1.000000	
1356718081.363207	1.000007	715817514.883767	715802722.278083	715808483.527388	0.999886	1.000488	0.999887	1.000499	0.999896	1.000491	0.999887	1.000484	0.999887	1.000490	0.999891	1.000490	0.999889	1.000499	0.999889	1.000496	1356718081.363304	1.000010	715785406.567885	715788576.904761	715811052.370405	0.999889	1.000497	0.999885	1.000488	3.900082	0.256504	0.999887	1.000487	0.999889	1.000497	0.999889	1.000487	0.999888	1.000494	0.999890	1.000498	
1356718082.363303	1.000096	0.000000	0.000000	0.000000	-nan	-nan	-nan	-nan	1525278623222.389648	inf	-nan	-nan	-nan	0.000000	0.000000	inf	-nan	-nan	-nan	-nan	1356718082.363381	1.000077	0.000000	0.000000	0.000000	-nan	-nan	-nan	-nan	1.345745	inf	-nan	-nan	-nan	-nan	-nan	-nan	-nan	-nan	-nan	-nan	
