ts_0	elapsed_0	pkg_0	pp0_0	dram_0	freq_ratio_0_0	c0_ratio_0_0	freq_ratio_0_1	c0_ratio_0_1	freq_ratio_0_2	c0_ratio_0_2	freq_ratio_0_3	c0_ratio_0_3	freq_ratio_0_4	c0_ratio_0_4	freq_ratio_0_5	c0_ratio_0_5	freq_ratio_0_6	c0_ratio_0_6	freq_ratio_0_7	c0_ratio_0_7	ts_1	elapsed_1	pkg_1	pp0_1	dram_1	freq_ratio_1_0	c0_ratio_1_0	freq_ratio_1_1	c0_ratio_1_1	freq_ratio_1_2	c0_ratio_1_2	freq_ratio_1_3	c0_ratio_1_3	freq_ratio_1_4	c0_ratio_1_4	freq_ratio_1_5	c0_ratio_1_5	freq_ratio_1_6	c0_ratio_1_6	freq_ratio_1_7	c0_ratio_1_7	
1352519931.090300	1.002153	61.454836	48.094104	5.996550	1.179851	0.777097	1.173028	0.727018	1.173859	0.722581	1.173932	0.722301	1.173904	0.722005	1.171476	0.008321	1.156969	0.004373	1.156579	0.008493	1352519931.090428	1.000566	55.132704	41.955608	5.542563	1.176970	0.720760	1.177131	0.719163	1.177158	0.718202	1.177155	0.718361	1.171936	0.013390	1.172700	0.426817	1.158397	0.008930	1.187178	0.109401	
1352519932.090296	0.999996	58.133323	44.753340	6.048303	1.185457	0.549463	1.185360	0.552480	1.185548	0.545805	1.185555	0.545752	1.185537	0.545539	1.180637	0.007240	1.162233	0.002890	1.159408	0.008255	1352519932.090496	1.000068	52.821469	39.627511	5.560200	1.185642	0.557257	1.187173	0.572884	1.185045	0.539915	1.185050	0.539984	1.174765	0.023622	1.186382	0.082008	1.170556	0.378742	1.155042	0.003671	
1352519933.090292	0.999996	59.320507	45.965305	6.026788	1.185682	0.682830	1.185694	0.684712	1.185672	0.680456	1.185676	0.680440	1.185664	0.680338	1.180239	0.008145	1.166031	0.002604	1.169275	0.006155	1352519933.090406	0.999910	54.996459	41.802891	5.145940	1.187310	0.694614	1.187937	0.689083	1.187914	0.675531	1.187914	0.675640	1.179774	0.020577	1.181371	0.035162	1.182279	0.525724	1.167421	0.003395	
1352519934.090294	1.000002	60.998266	47.641602	6.093845	1.171125	0.649575	1.171088	0.651301	1.171083	0.646759	1.171089	0.646729	1.171071	0.646524	1.159956	0.015398	1.159361	0.013036	1.159265	0.010981	1352519934.090374	0.999968	54.817807	41.633960	5.713867	1.172992	0.650013	1.173008	0.649090	1.172991	0.648727	1.172995	0.648861	1.168680	0.011550	1.163108	0.012615	1.179901	0.494879	1.158410	0.008888	
1352519935.090293	0.999999	58.676554	45.332349	6.014898	1.167520	0.520704	1.167494	0.522619	1.167535	0.516689	1.167538	0.516642	1.167531	0.516572	1.160216	0.009040	1.160576	0.009611	1.158679	0.010568	1352519935.090425	1.000051	52.720516	39.520200	5.723646	1.178212	0.516686	1.178189	0.515492	1.178192	0.515380	1.178191	0.515431	1.162275	0.003241	1.167814	0.006604	1.178159	0.526790	1.164738	0.005646	
1352519936.090292	0.999999	63.818283	50.454256	6.045828	1.168529	0.719512	1.168517	0.720963	1.168548	0.717147	1.168558	0.717212	1.168546	0.717025	1.161206	0.011725	1.157704	0.009097	1.158100	0.012020	1352519936.090381	0.999956	55.766925	42.565400	5.584551	1.186966	0.711335	1.186968	0.710596	1.186967	0.710600	1.186962	0.710603	1.168281	0.004626	1.172884	0.005820	1.178681	0.521688	1.168518	0.005698	
1352519937.090292	1.000000	63.294128	49.921066	6.101730	1.169964	0.701541	1.169959	0.703138	1.169992	0.699091	1.169995	0.699042	1.169991	0.699025	1.159343	0.011937	1.157803	0.009306	1.158355	0.013105	1352519937.090491	1.000110	56.309592	43.101540	5.756173	1.175838	0.697332	1.175842	0.696512	1.175845	0.696454	1.175844	0.696460	1.158994	0.005590	1.164001	0.006950	1.170944	0.514020	1.166961	0.006142	
1352519938.090292	1.000000	64.493607	51.117584	6.110062	1.168967	0.764708	1.169073	0.760863	1.169072	0.758004	1.169052	0.758043	1.169093	0.757856	1.162348	0.011898	1.158275	0.009545	1.157662	0.011637	1352519938.090357	0.999866	56.421317	43.213401	5.698975	1.185352	0.752729	1.185333	0.752093	1.185333	0.752063	1.185335	0.752114	1.170322	0.006798	1.169822	0.008017	1.181638	0.500506	1.170706	0.005974	
1352519939.090303	1.000011	65.214891	51.825130	6.077921	1.164884	0.773464	1.164884	0.774864	1.164881	0.771714	1.164882	0.771726	1.164874	0.771646	1.159955	0.011851	1.159013	0.011478	1.157586	0.010157	1352519939.090513	1.000156	57.269833	44.063442	5.819161	1.173385	0.767365	1.173373	0.766866	1.173379	0.766773	1.173379	0.766763	1.164907	0.007330	1.166145	0.007705	1.172455	0.476648	1.165819	0.006121	
1352519940.090298	0.999995	62.366493	48.985398	6.069076	1.171421	0.700212	1.171230	0.695421	1.171422	0.697710	1.171425	0.697698	1.171413	0.697519	1.162211	0.011397	1.162155	0.009424	1.159247	0.010062	1352519940.090401	0.999888	54.402245	41.192787	5.711822	1.192991	0.731956	1.194555	0.691794	1.194238	0.685635	1.194237	0.685593	1.187556	0.100971	1.178783	0.118124	1.170683	0.124511	1.176812	0.006898	
1352519941.090291	0.999993	61.680129	48.298109	6.028896	1.166162	0.625300	1.166161	0.626912	1.166147	0.622457	1.166151	0.622464	1.166129	0.622337	1.158880	0.010240	1.159532	0.008179	1.158996	0.010767	1352519941.090408	1.000007	54.911638	41.715166	5.717001	1.175180	0.619307	1.175211	0.618652	1.175209	0.618460	1.175200	0.618334	1.161945	0.005911	1.167178	0.005500	1.169522	0.537192	1.163310	0.005915	
1352519942.090300	1.000009	61.171733	47.811975	6.062704	1.166354	0.646328	1.166437	0.647505	1.166268	0.643064	1.166269	0.643006	1.166259	0.642815	1.162295	0.010502	1.164694	0.010437	1.166128	0.012744	1352519942.090363	0.999955	54.177261	40.971069	5.817828	1.180376	0.639269	1.180368	0.638776	1.180373	0.638539	1.180369	0.638446	1.170609	0.008269	1.171116	0.004635	1.179820	0.494607	1.156506	0.007076	
1352519943.090300	1.000000	60.924637	47.555527	6.087448	1.169365	0.601317	1.169415	0.602934	1.169393	0.597959	1.169369	0.597945	1.169444	0.597887	1.160403	0.009911	1.159275	0.007574	1.160529	0.010466	1352519943.090363	1.000000	53.777878	40.573090	5.562576	1.184183	0.597346	1.184204	0.596612	1.184204	0.596523	1.184197	0.596383	1.179187	0.009031	1.167699	0.004322	1.179672	0.524037	1.162933	0.005133	
1352519944.090300	1.000000	58.803085	45.430222	6.045639	1.170388	0.560501	1.170373	0.562497	1.170431	0.556768	1.170438	0.556778	1.170431	0.556679	1.168600	0.010851	1.160151	0.008852	1.162392	0.009710	1352519944.090378	1.000015	53.047024	39.840313	5.455378	1.180625	0.555391	1.180598	0.554308	1.180594	0.554217	1.180587	0.554146	1.179772	0.008043	1.173314	0.005249	1.183441	0.590429	1.169638	0.003456	
1352519945.090305	1.000005	63.698732	50.309288	6.120437	1.166535	0.709216	1.166529	0.710302	1.166563	0.706646	1.166561	0.706473	1.166556	0.706397	1.159078	0.011082	1.157405	0.009787	1.156938	0.010384	1352519945.090462	1.000084	56.161394	42.951489	5.809388	1.180073	0.699799	1.180092	0.699185	1.180099	0.699272	1.180087	0.699024	1.169313	0.010531	1.168620	0.008628	1.174306	0.495259	1.177637	0.011191	
1352519946.090292	0.999987	62.361993	48.970704	6.080509	1.168093	0.652533	1.168083	0.654326	1.168107	0.649646	1.168114	0.649672	1.168104	0.649537	1.158960	0.012846	1.156714	0.011615	1.158302	0.010533	1352519946.090496	1.000034	55.140515	41.929860	5.830276	1.180911	0.646634	1.180917	0.645884	1.180916	0.645838	1.180910	0.645725	1.179704	0.005825	1.169820	0.007973	1.180867	0.503857	1.169015	0.004508	
1352519947.090300	1.000008	61.276023	47.892861	6.094906	1.167050	0.622967	1.167050	0.624473	1.167069	0.619785	1.167069	0.619731	1.167055	0.619650	1.160372	0.011544	1.159382	0.011405	1.158428	0.010753	1352519947.090378	0.999882	54.426910	41.217190	5.811050	1.181935	0.616959	1.181949	0.616319	1.181949	0.616227	1.181941	0.616073	1.161834	0.004611	1.174146	0.007975	1.179975	0.494336	1.162157	0.004516	
1352519948.090292	0.999992	65.128809	51.741066	6.083622	1.168690	0.781949	1.168690	0.782940	1.168694	0.780267	1.168696	0.780264	1.168691	0.780171	1.159623	0.014231	1.158194	0.009528	1.159495	0.009589	1352519948.090369	0.999991	57.124495	43.932298	5.595540	1.182031	0.776307	1.182033	0.775789	1.182033	0.775739	1.182028	0.775640	1.166849	0.005299	1.176372	0.008308	1.180643	0.520891	1.161503	0.004242	
1352519949.090298	1.000006	64.648754	51.255966	6.082224	1.165264	0.755326	1.165283	0.756669	1.165247	0.753562	1.165252	0.753593	1.165239	0.753496	1.159983	0.012843	1.158434	0.009876	1.159397	0.010502	1352519949.090374	1.000005	57.589235	44.383079	5.707537	1.170452	0.749885	1.170466	0.749446	1.170460	0.749283	1.170459	0.749203	1.158340	0.008237	1.165191	0.008919	1.166662	0.521865	1.161399	0.004003	
1352519950.090292	0.999994	63.771636	50.382945	6.098883	1.171762	0.760263	1.171767	0.761516	1.171753	0.758654	1.171757	0.758655	1.171744	0.758481	1.165177	0.010341	1.157921	0.008495	1.157840	0.008107	1352519950.090382	1.000008	57.560797	44.354331	5.633331	1.170949	0.758759	1.170950	0.758390	1.170949	0.758204	1.170944	0.758112	1.174672	0.020352	1.167900	0.013374	1.171310	0.474882	1.159808	0.003546	
1352519951.090298	1.000006	58.590715	45.220601	6.076288	1.172623	0.552699	1.172626	0.555748	1.172620	0.549449	1.172622	0.549418	1.172613	0.549438	1.163519	0.008460	1.161183	0.005193	1.164002	0.007983	1352519951.090389	1.000007	53.953088	40.747674	5.665656	1.170990	0.547385	1.171007	0.546305	1.171012	0.546141	1.171004	0.546011	1.167224	0.011852	1.164475	0.009922	1.166326	0.516458	1.159371	0.004197	
1352519952.090291	0.999993	60.399115	47.011632	6.095867	1.178073	0.638161	1.178075	0.640504	1.178071	0.635352	1.178075	0.635316	1.178063	0.635120	1.169805	0.008781	1.161824	0.006074	1.166190	0.007729	1352519952.090492	1.000103	55.482612	42.273066	5.747165	1.178111	0.631882	1.178134	0.631192	1.178138	0.631039	1.178128	0.630870	1.168798	0.010279	1.170626	0.012140	1.171030	0.525047	1.162694	0.003650	
1352519953.090306	1.000015	57.712283	44.339727	6.001344	1.173081	0.539963	1.173089	0.543050	1.173023	0.536381	1.173023	0.536296	1.173010	0.536186	1.169776	0.009800	1.163658	0.007438	1.167196	0.006932	1352519953.090486	0.999994	53.611007	40.404110	5.752109	1.173676	0.535089	1.173686	0.533743	1.173688	0.533493	1.173684	0.533315	1.163397	0.010040	1.167100	0.013629	1.170266	0.526034	1.160908	0.004380	
1352519954.090300	0.999994	63.333828	49.947960	6.131033	1.171927	0.749887	1.171970	0.751501	1.171895	0.748134	1.171895	0.748090	1.171892	0.747960	1.165399	0.012196	1.160238	0.009078	1.162806	0.006765	1352519954.090378	0.999892	56.587258	43.374710	5.864220	1.183309	0.736828	1.183297	0.736403	1.183303	0.736262	1.183302	0.736151	1.179838	0.014641	1.185001	0.031333	1.177199	0.496602	1.162171	0.004674	
1352519955.090292	0.999992	61.616375	48.234095	6.023593	1.175980	0.674560	1.175958	0.676635	1.176033	0.671917	1.176036	0.671879	1.176033	0.671878	1.165143	0.007791	1.163688	0.007346	1.159108	0.006704	1352519955.090370	0.999992	55.308020	42.116842	5.452055	1.183627	0.664741	1.183648	0.663403	1.183650	0.663308	1.183643	0.663299	1.168537	0.012839	1.175857	0.010082	1.179136	0.560208	1.163221	0.004304	
1352519956.090291	0.999999	59.216060	45.825865	6.067770	1.174386	0.602362	1.174375	0.605028	1.174347	0.599128	1.174347	0.599072	1.174329	0.598865	1.164560	0.007861	1.167926	0.008282	1.164656	0.006613	1352519956.090499	1.000129	54.454265	41.245550	5.726907	1.172205	0.600061	1.172186	0.599113	1.172181	0.598910	1.172170	0.598766	1.166906	0.012343	1.169339	0.011421	1.181938	0.517119	1.165539	0.003934	
1352519957.090300	1.000009	62.445128	49.055326	6.087591	1.180372	0.743703	1.180389	0.745093	1.180345	0.742054	1.180346	0.742037	1.180336	0.741884	1.180997	0.010912	1.163038	0.006745	1.164688	0.006588	1352519957.090365	0.999866	57.977175	44.764024	5.778652	1.166323	0.747556	1.166331	0.747119	1.166331	0.747036	1.166324	0.746842	1.158853	0.012450	1.159190	0.012211	1.166218	0.504938	1.158419	0.004716	
1352519958.090672	1.000372	61.324192	47.941733	6.122860	1.175136	0.694857	1.175216	0.696611	1.175095	0.692660	1.175075	0.692608	1.175121	0.692548	1.172512	0.008836	1.162291	0.007413	1.163580	0.007088	1352519958.090806	1.000441	56.200370	43.003661	5.808305	1.175768	0.690593	1.175781	0.689615	1.175781	0.689425	1.175780	0.689288	1.168878	0.012709	1.171760	0.015050	1.170251	0.422339	1.176002	0.066307	
1352519959.090292	0.999620	61.430893	48.047450	5.925393	1.171889	0.699270	1.170415	0.595726	1.170451	0.590544	1.170448	0.590507	1.170442	0.590471	1.164683	0.235678	1.160158	0.022226	1.162200	0.011190	1352519959.090383	0.999577	52.273803	39.064725	5.485856	1.182314	0.591947	1.182503	0.590957	1.182489	0.590795	1.182540	0.590666	1.150058	0.010195	1.145041	0.011241	1.175045	0.146422	1.185794	0.053768	
1352519960.090294	1.000002	62.032398	48.641539	6.110401	1.175194	0.640561	1.166413	0.155040	1.175244	0.634738	1.175245	0.634716	1.175233	0.634565	1.175225	0.634529	1.158545	0.012319	1.159197	0.007584	1352519960.090380	0.999997	53.792479	40.580738	5.953739	1.193132	0.657666	1.190075	0.710658	1.193998	0.633810	1.193995	0.633680	1.184816	0.120256	1.173652	0.038721	1.172838	0.047658	1.176585	0.007450	
1352519961.090301	1.000007	60.652596	47.270730	5.994679	1.171738	0.594581	1.161653	0.017740	1.171782	0.591695	1.171790	0.591652	1.171779	0.591594	1.171765	0.591509	1.159793	0.008453	1.159494	0.007168	1352519961.090369	0.999989	54.446673	41.240900	5.628892	1.175474	0.587900	1.175492	0.587272	1.175496	0.587107	1.175485	0.586969	1.169461	0.055271	1.167640	0.058413	1.169698	0.422780	1.169104	0.007734	
1352519962.090318	1.000017	56.317040	42.939565	6.020070	1.177838	0.451434	1.168021	0.015683	1.177947	0.447553	1.177874	0.447529	1.178041	0.447347	1.178037	0.447392	1.161967	0.007928	1.159547	0.008281	1352519962.090523	1.000154	51.113542	37.925113	5.682291	1.185084	0.446934	1.185086	0.445770	1.185091	0.445621	1.185079	0.445431	1.170916	0.008593	1.168610	0.010502	1.182007	0.488706	1.163480	0.004949	
1352519963.090300	0.999982	64.962206	51.586646	6.091845	1.171995	0.832886	1.164182	0.018540	1.171986	0.831954	1.171986	0.831906	1.171979	0.831884	1.171967	0.831640	1.157922	0.009966	1.158439	0.005951	1352519963.090417	0.999894	57.750405	44.548687	5.624300	1.179875	0.827959	1.179879	0.827716	1.179880	0.827694	1.179873	0.827529	1.171524	0.010022	1.171184	0.011417	1.173648	0.483220	1.163279	0.003925	
1352519964.090298	0.999998	55.708038	42.337315	5.414027	1.177080	0.468999	1.159312	0.014002	1.177284	0.466664	1.177228	0.466686	1.177334	0.466448	1.177379	0.468315	1.165439	0.008293	1.172739	0.005090	1352519964.090497	1.000080	52.278588	39.080716	4.874793	1.176634	0.467247	1.176615	0.466531	1.176611	0.466389	1.176596	0.466233	1.173919	0.007496	1.166399	0.008364	1.177669	0.635759	1.171525	0.003173	
1352519965.090306	1.000008	60.622815	47.248793	5.993619	1.170985	0.649944	1.166010	0.017541	1.170997	0.646837	1.170995	0.646677	1.170983	0.646540	1.170988	0.646610	1.163581	0.008731	1.162277	0.006344	1352519965.090433	0.999936	54.883725	41.681893	5.275239	1.180825	0.638688	1.180821	0.638140	1.180822	0.638008	1.180818	0.637762	1.165381	0.009061	1.171610	0.010065	1.178113	0.557786	1.161108	0.004371	
1352519966.090300	0.999994	60.639766	47.274513	5.865712	1.171916	0.671998	1.162502	0.018255	1.171931	0.669753	1.171914	0.669777	1.171969	0.669592	1.171947	0.669661	1.166201	0.008435	1.169404	0.006789	1352519966.090379	0.999946	54.717350	41.510278	5.283732	1.184256	0.664743	1.184244	0.664271	1.184246	0.664164	1.184239	0.664036	1.167392	0.010395	1.173524	0.010597	1.195690	0.615516	1.168593	0.003974	
1352519967.090301	1.000001	58.450491	45.078341	6.064341	1.177229	0.554862	1.166147	0.019096	1.177268	0.551038	1.177202	0.551017	1.177333	0.550943	1.177363	0.550724	1.163155	0.006456	1.160044	0.007434	1352519967.090379	1.000000	53.021362	39.816025	5.673676	1.182887	0.549050	1.182906	0.547952	1.182907	0.547886	1.182896	0.547731	1.175097	0.012154	1.176834	0.008887	1.169936	0.013469	1.177041	0.494825	
1352519968.090299	0.999998	57.520892	44.146950	5.844036	1.173060	0.534564	1.160622	0.016617	1.173274	0.531048	1.173277	0.531025	1.173257	0.530933	1.173254	0.530866	1.164148	0.008457	1.160070	0.006485	1352519968.090466	1.000087	52.233339	39.028784	5.444122	1.184439	0.478523	1.184341	0.427840	1.179490	0.496559	1.180418	0.525744	1.178025	0.384552	1.176322	0.271139	1.159554	0.015778	1.196756	0.075533	
1352519969.090291	0.999992	61.512080	48.132211	6.149372	1.172047	0.680784	1.164326	0.019331	1.172068	0.678142	1.172064	0.677886	1.172060	0.677846	1.172058	0.677714	1.157651	0.007981	1.159225	0.006188	1352519969.090492	1.000026	55.801620	42.599021	5.793627	1.167531	0.021417	1.175678	0.672604	1.175665	0.672153	1.175669	0.672225	1.175680	0.672427	1.165201	0.019926	1.169968	0.473879	1.156134	0.002319	
1352519970.090295	1.000004	61.502482	48.120822	6.096121	1.178335	0.619273	1.167456	0.227232	1.178282	0.607157	1.178290	0.607240	1.178279	0.607053	1.178280	0.607017	1.163107	0.008039	1.169104	0.008781	1352519970.090331	0.999839	53.207278	40.011276	5.678465	1.180737	0.436219	1.178698	0.286189	1.180252	0.605634	1.180251	0.605619	1.180263	0.605821	1.185073	0.052626	1.172710	0.151417	1.161866	0.002172	
1352519971.090297	1.000002	68.140175	54.747424	6.055408	1.165595	0.822928	1.164456	0.494359	1.165597	0.821912	1.165598	0.821915	1.165591	0.821816	1.165591	0.821800	1.154693	0.006297	1.155906	0.008269	1352519971.090336	1.000005	55.624874	42.414064	5.600070	1.180737	0.821977	1.164416	0.012924	1.180805	0.821396	1.180806	0.821400	1.180781	0.821479	1.168061	0.008380	1.166447	0.009298	1.162152	0.002388	
1352519972.090290	0.999993	59.542923	46.154814	6.036083	1.177144	0.369825	1.179620	0.487840	1.178548	0.465100	1.178558	0.465552	1.178531	0.464838	1.178532	0.464888	1.178269	0.096656	1.161899	0.008829	1352519972.090375	1.000039	48.617896	35.414585	5.500502	1.192003	0.478016	1.147908	0.014790	1.192894	0.464723	1.192971	0.464670	1.192940	0.464856	1.145534	0.012945	1.165537	0.013186	1.163705	0.002077	
1352519973.090289	0.999999	62.275786	48.899949	6.092795	1.178921	0.352573	1.173846	0.599732	1.173732	0.594073	1.173732	0.594080	1.173721	0.593950	1.173721	0.593926	1.171178	0.126712	1.166735	0.011355	1352519973.090378	1.000003	51.620201	38.415164	5.462111	1.183251	0.595575	1.164959	0.013340	1.183260	0.594166	1.183259	0.594179	1.183263	0.594204	1.163375	0.008036	1.164088	0.006716	1.159185	0.002408	
1352519974.090316	1.000027	63.721489	50.336428	6.088535	1.174595	0.563563	1.174690	0.515916	1.172538	0.665617	1.172540	0.665643	1.172533	0.665497	1.172535	0.665618	1.174586	0.106007	1.161433	0.006326	1352519974.090356	0.999978	53.115575	39.908682	5.628129	1.177176	0.668851	1.165305	0.013641	1.177235	0.667832	1.177251	0.667826	1.177253	0.667875	1.162484	0.016259	1.162853	0.008823	1.159208	0.002528	
1352519975.090289	0.999973	63.382857	49.988560	6.064189	1.177297	0.609654	1.178210	0.395192	1.177326	0.607296	1.177337	0.607393	1.177320	0.607262	1.177320	0.607226	1.171940	0.151293	1.157528	0.006098	1352519975.090377	1.000021	52.375732	39.164751	5.554251	1.176999	0.612430	1.160628	0.011070	1.176999	0.611032	1.176999	0.611036	1.176998	0.611048	1.163035	0.013387	1.163722	0.005794	1.157739	0.002481	
1352519976.090293	1.000004	63.927292	50.534265	6.090689	1.177496	0.676485	1.178281	0.504807	1.177481	0.674592	1.177483	0.674565	1.177472	0.674329	1.177475	0.674447	1.158675	0.003701	1.162694	0.005744	1352519976.090331	0.999954	53.332578	40.127045	5.674120	1.188141	0.672151	1.172707	0.012144	1.188203	0.671040	1.188202	0.671020	1.188154	0.671121	1.174439	0.012621	1.166617	0.009170	1.163083	0.002412	
1352519977.090289	0.999996	61.171253	47.777583	5.964151	1.170120	0.551854	1.180168	0.530999	1.169970	0.549008	1.169968	0.549126	1.169941	0.549008	1.169943	0.548965	1.165981	0.005251	1.169576	0.003584	1352519977.090379	1.000048	51.117744	37.908263	5.618627	1.174829	0.549814	1.159028	0.013052	1.174919	0.548329	1.174919	0.548322	1.174927	0.548428	1.160445	0.009244	1.153227	0.008413	1.155114	0.002543	
1352519978.090293	1.000004	66.611730	53.218382	6.088019	1.183920	0.787647	1.186085	0.518585	1.183901	0.786419	1.183904	0.786391	1.183897	0.786192	1.183899	0.786257	1.158343	0.005295	1.157025	0.005492	1352519978.090333	0.999954	54.898721	41.702770	5.724140	1.178634	0.786784	1.173110	0.013103	1.178621	0.786062	1.178623	0.786108	1.178621	0.786126	1.170210	0.012853	1.167202	0.010641	1.161382	0.003254	
1352519979.090296	1.000003	715793859.257665	715786897.118416	715768981.188914	0.999990	1.000561	0.999988	1.000564	0.999990	1.000569	0.999990	1.000561	0.999990	1.000564	0.999993	1.000559	0.999990	1.000564	0.999990	1.000561	1352519979.090376	1.000043	715761337.832006	715767895.415087	715749141.001906	0.999990	1.000561	0.999987	1.000563	3.893025	0.257013	0.999990	1.000561	0.999990	1.000564	0.999993	1.000559	0.999990	1.000564	0.999990	1.000562	
1352519980.090292	0.999996	0.000000	0.000000	0.000000	-nan	-nan	-nan	-nan	1.000008	inf	-nan	-nan	-nan	0.000000	-nan	-nan	-nan	-nan	-nan	-nan	1352519980.090357	0.999981	0.000000	0.000000	0.000000	-nan	-nan	-nan	-nan	1.345745	inf	-nan	-nan	-nan	-nan	-nan	-nan	-nan	-nan	-nan	-nan	
