ts_0	elapsed_0	pkg_0	pp0_0	dram_0	freq_ratio_0_0	c0_ratio_0_0	freq_ratio_0_1	c0_ratio_0_1	freq_ratio_0_2	c0_ratio_0_2	freq_ratio_0_3	c0_ratio_0_3	freq_ratio_0_4	c0_ratio_0_4	freq_ratio_0_5	c0_ratio_0_5	freq_ratio_0_6	c0_ratio_0_6	freq_ratio_0_7	c0_ratio_0_7	ts_1	elapsed_1	pkg_1	pp0_1	dram_1	freq_ratio_1_0	c0_ratio_1_0	freq_ratio_1_1	c0_ratio_1_1	freq_ratio_1_2	c0_ratio_1_2	freq_ratio_1_3	c0_ratio_1_3	freq_ratio_1_4	c0_ratio_1_4	freq_ratio_1_5	c0_ratio_1_5	freq_ratio_1_6	c0_ratio_1_6	freq_ratio_1_7	c0_ratio_1_7	
1356711205.612424	1.002199	36.617433	22.833534	7.057784	1.154428	0.404218	1.153628	0.399632	1.153761	0.399496	1.154426	0.402429	1.154284	0.403493	1.154759	0.403441	1.154442	0.401945	1.154153	0.399833	1356711205.612661	1.000487	36.154692	22.788293	5.834850	0.999973	0.980638	0.906090	0.000098	1.007328	0.000039	0.805350	0.000091	1.010512	0.000030	0.835985	0.000116	0.998454	0.000094	0.999940	0.981071	
1356711206.612420	0.999996	36.823254	23.023592	7.257354	1.000042	0.000384	1.000000	1.000000	1.000000	1.000000	1.002685	0.000049	1.000159	0.000175	1.000985	0.000066	1.006267	0.000008	1.026973	0.000023	1356711206.612649	0.999988	36.337637	22.956099	5.968150	1.000000	1.000000	1.025040	0.000020	1.000006	0.000064	1.023860	0.000020	0.999851	0.000062	1.010279	0.000051	1.022570	0.000020	1.000000	1.000000	
1356711207.612420	1.000000	38.235489	24.447586	7.214157	1.000050	0.000581	1.000000	1.000000	1.000000	1.000000	1.000943	0.000023	1.000219	0.000238	1.000337	0.000037	1.000966	0.000049	0.999275	0.000971	1356711207.612628	0.999979	36.293852	22.909554	5.963290	1.000000	1.000000	1.000123	0.000060	0.999541	0.000021	1.000084	0.000055	1.000032	0.000012	1.000082	0.000066	1.000217	0.000046	1.000000	1.000000	
1356711208.612420	1.000000	36.882095	23.105774	7.148193	0.999854	0.000337	1.000000	1.000000	1.000000	1.000000	0.999480	0.000064	0.999943	0.000524	0.998392	0.000067	0.993218	0.000014	1.035766	0.000013	1356711208.612646	1.000018	36.269752	22.901644	5.963974	1.000000	1.000000	0.999713	0.000012	1.000072	0.000048	1.001013	0.000012	1.000017	0.000045	0.998766	0.000036	1.000190	0.000012	1.000000	1.000000	
1356711209.612420	1.000000	31.835693	18.085602	7.055893	0.999924	0.000572	1.000000	0.230844	1.000000	1.000000	1.002187	0.000018	1.000015	0.002322	1.002632	0.000036	1.001086	0.000048	1.000008	0.005729	1356711209.612668	1.000022	41.272502	27.910887	5.981528	1.000000	1.000000	1.000000	0.769404	1.000072	0.000021	0.996972	0.000056	0.998627	0.000012	1.000449	0.000077	0.997070	0.000046	1.000000	1.000000	
1356711210.612420	1.000000	35.609207	21.826508	7.129700	1.000000	0.768216	0.998490	0.000260	0.999999	1.000000	0.999757	0.000056	0.999773	0.000167	1.001756	0.000065	1.002615	0.000013	0.999985	0.001566	1356711210.612632	0.999964	37.911842	24.541930	5.962937	0.999997	0.231664	1.000000	1.000000	0.999782	0.000046	1.012730	0.000012	1.000247	0.000044	0.999865	0.000037	1.003853	0.000033	1.000000	1.000000	
1356711211.612420	1.000000	36.795944	23.020233	7.082840	1.000000	1.000000	0.999413	0.000344	1.000001	1.000001	0.999719	0.000023	0.999994	0.003273	0.996718	0.000038	0.999008	0.000048	0.999973	0.000071	1356711211.612627	0.999995	36.397231	23.042001	5.976409	1.000077	0.000150	1.000000	1.000000	1.000081	0.000019	0.999700	0.000055	1.000523	0.000011	0.999451	0.000066	1.000425	0.000040	1.000000	1.000000	
1356711212.612420	1.000000	36.791626	22.999619	7.121338	1.000000	1.000000	1.000077	0.001103	1.000000	1.000000	1.000069	0.000045	1.000007	0.002860	1.000024	0.000113	1.003502	0.000014	0.992094	0.000014	1356711212.612632	1.000005	36.399735	23.036170	5.976334	0.997675	0.000018	1.000000	1.000000	1.000000	0.000045	1.000524	0.000012	0.999583	0.000047	1.001302	0.000036	0.997289	0.000011	1.000000	1.000000	
1356711213.612421	1.000001	32.248047	18.471372	7.091424	0.999999	0.312896	0.999974	0.003617	1.000000	0.999850	0.999466	0.000023	0.999837	0.000815	1.003133	0.000039	0.999700	0.000048	1.000812	0.000138	1356711213.612680	1.000048	40.790968	27.419142	5.964939	1.000001	0.686963	1.000000	0.999851	0.999982	0.000022	1.000126	0.000055	1.001177	0.000012	0.999429	0.000079	1.000799	0.000044	0.999983	0.999902	
1356711214.612420	0.999999	35.368106	21.605795	7.104850	1.000000	0.782150	0.999985	0.006195	1.000000	1.000000	1.000082	0.000051	1.000563	0.000166	0.998221	0.000068	1.002130	0.000013	0.995928	0.000013	1356711214.612633	0.999953	37.731859	24.376938	5.959508	0.999997	0.217675	1.000000	1.000000	0.999889	0.000045	0.999672	0.000012	0.999647	0.000046	1.000822	0.000036	0.996873	0.000012	1.000000	1.000000	
1356711215.612420	1.000000	34.753815	20.942871	7.221680	1.000000	0.691911	0.999969	0.001653	1.000001	1.000001	0.992937	0.000022	0.999976	0.002417	0.999014	0.000036	0.999471	0.000045	1.000736	0.000060	1356711215.612677	1.000044	38.312351	24.926360	5.970119	1.000002	0.308358	1.000000	1.000000	1.000371	0.000021	1.000155	0.000052	1.000637	0.000012	1.000256	0.000062	1.000216	0.000064	1.000000	1.000000	
1356711216.612419	0.999999	34.767138	20.997533	7.077308	1.000000	0.710147	1.000001	0.000346	1.000000	1.000000	0.993331	0.000048	1.000095	0.000938	1.000469	0.000068	0.998705	0.000013	0.998929	0.000013	1356711216.612630	0.999953	38.256222	24.889429	5.976981	0.999998	0.289695	1.000000	1.000000	0.999881	0.000042	0.998747	0.000012	1.000009	0.000045	0.999969	0.000037	1.000032	0.000012	1.000000	1.000000	
1356711217.612419	1.000000	37.027939	23.220627	7.193710	1.000000	1.000000	0.999986	0.003381	1.000000	1.000000	1.000063	0.002800	0.999824	0.003249	0.999833	0.002753	0.999983	0.002757	0.999763	0.002718	1356711217.612548	0.999918	37.067753	23.690252	5.957184	0.999982	0.010575	1.000000	1.000000	0.999816	0.002849	1.000152	0.002722	0.999827	0.002703	0.999851	0.003678	0.999823	0.002698	1.000000	1.000000	
1356711218.612420	1.000001	36.697780	22.857934	7.295632	1.000000	0.999704	1.000483	0.000355	0.999999	0.999999	1.006936	0.000041	1.000327	0.001714	1.007119	0.000060	1.006963	0.000009	1.027825	0.000022	1356711218.612635	1.000087	36.498823	23.103733	5.954240	1.000655	0.000025	1.000000	1.000000	1.006593	0.000080	0.980715	0.000021	1.007693	0.000062	1.009715	0.000052	1.022280	0.000021	1.000000	1.000000	
1356711219.612419	0.999999	31.580444	17.811540	7.101966	0.999999	0.212941	0.999569	0.000379	1.000001	1.000000	0.999333	0.000023	0.999995	0.005122	1.000359	0.000037	1.000182	0.000040	1.000668	0.000047	1356711219.612671	1.000036	41.463870	28.091320	5.964431	1.000001	0.787100	1.000000	0.999742	0.999840	0.000019	0.996307	0.000052	0.999683	0.000012	1.000031	0.000062	0.996170	0.000043	1.000000	1.000000	
1356711220.612420	1.000001	36.267986	22.521265	7.047830	0.999955	0.000721	1.000001	0.918129	1.000000	1.000000	1.000553	0.000048	1.000053	0.000166	1.000351	0.000074	0.999513	0.000013	0.999480	0.000013	1356711220.612653	0.999982	36.929570	23.571375	5.990280	0.999992	0.081721	1.000000	1.000000	0.999225	0.000047	1.016448	0.000012	1.000042	0.000046	0.999587	0.000037	1.005685	0.000036	1.000000	1.000000	
1356711221.612420	1.000000	36.819046	23.054749	7.173843	1.000360	0.000564	1.000000	1.000001	1.000000	1.000000	0.999649	0.000023	0.999819	0.000190	0.999522	0.000037	1.003973	0.000047	0.999464	0.000052	1356711221.612641	0.999988	37.721397	24.346665	5.982219	1.000026	0.004670	1.000000	1.000000	1.001358	0.000022	1.000014	0.000057	0.999289	0.000011	1.000708	0.000067	0.999390	0.000040	1.000000	1.000000	
1356711222.612420	1.000000	36.862991	23.080429	7.158920	0.999571	0.000339	1.000000	1.000000	1.000000	1.000000	0.999428	0.000047	1.001249	0.000184	1.000036	0.000065	1.001383	0.000013	1.018775	0.000013	1356711222.612652	1.000011	37.191151	23.822096	5.969600	0.999956	0.008287	1.000000	1.000000	1.000000	0.000067	0.998759	0.000012	1.000098	0.000043	0.998729	0.000035	1.000910	0.000012	1.000000	1.000000	
1356711223.612420	1.000000	31.922501	18.164505	7.084183	0.999946	0.003262	0.999999	0.241922	1.000000	1.000000	1.000670	0.000021	0.999933	0.002715	1.000224	0.000036	0.995768	0.000044	0.996240	0.000060	1356711223.612673	1.000021	41.257603	27.903498	5.972745	1.000001	0.758820	1.000000	1.000000	0.999889	0.000021	0.999852	0.000052	0.999087	0.000012	0.999782	0.000067	0.999898	0.000045	1.000000	1.000000	
1356711224.612420	1.000000	35.448273	21.682526	7.141357	1.000011	0.007597	1.000000	0.758226	1.000000	1.000000	1.000613	0.000046	0.999717	0.000160	0.999983	0.000069	0.997938	0.000013	1.001473	0.000013	1356711224.612639	0.999966	37.973066	24.598297	5.966573	0.999997	0.241699	1.000000	1.000000	0.999938	0.000043	1.001033	0.000012	0.999765	0.000044	1.001325	0.000035	0.998244	0.000011	1.000000	1.000000	
1356711225.612419	0.999999	31.707199	17.946169	7.098304	0.999993	0.002031	1.000000	0.202905	1.000000	1.000000	0.999986	0.006619	1.000119	0.000182	0.997742	0.000036	0.998103	0.000046	1.000450	0.000048	1356711225.612668	1.000029	41.538312	28.161336	5.952937	1.000001	0.797341	1.000000	1.000000	0.999926	0.000021	0.999985	0.000052	0.998879	0.000012	0.999952	0.000073	1.000138	0.000064	1.000000	1.000000	
1356711226.612420	1.000001	35.312298	21.533534	7.135476	1.000000	0.750216	0.997954	0.000238	1.000000	1.000000	0.999983	0.007865	0.999686	0.000161	1.000259	0.000067	1.008696	0.000013	0.996578	0.000013	1356711226.612634	0.999966	38.049591	24.670168	5.957524	0.999998	0.249706	1.000000	1.000000	1.000097	0.000044	0.999860	0.000011	0.985917	0.000045	1.000064	0.000036	0.999443	0.000011	1.000000	1.000000	
1356711227.612420	1.000000	32.051376	18.275299	7.121399	1.000000	0.210918	0.999399	0.000329	1.000000	1.000000	0.999971	0.009613	1.000015	0.000204	1.001152	0.000038	0.999857	0.000046	1.000352	0.000059	1356711227.612669	1.000035	41.488673	28.104652	5.966237	1.000001	0.789363	1.000000	1.000000	0.999936	0.000042	0.999985	0.000053	1.019216	0.000034	1.000095	0.000065	1.000447	0.000044	1.000000	1.000000	
1356711228.612420	1.000000	35.726974	21.921265	7.208038	1.000000	0.771105	0.999991	0.007998	1.000000	1.000000	0.999133	0.000573	0.999989	0.003045	0.999493	0.000066	0.996129	0.000013	1.000087	0.000013	1356711228.612626	0.999957	37.856788	24.459943	5.946987	0.999997	0.228695	1.000000	1.000000	0.999855	0.000040	1.000032	0.000012	1.000392	0.000043	0.999892	0.000036	0.999097	0.000011	1.000000	1.000000	
1356711229.612420	1.000000	32.015457	18.255875	7.061539	1.000000	0.254977	0.999824	0.000812	1.000000	1.000000	1.009036	0.000054	1.000012	0.005814	1.000925	0.000051	1.000568	0.000062	0.988886	0.000051	1356711229.612667	1.000041	41.217807	27.844409	5.974136	1.000001	0.745327	1.000000	1.000000	0.999982	0.000021	0.988612	0.000055	0.997150	0.000012	0.993002	0.000075	0.996439	0.000042	1.000000	1.000000	
1356711230.612420	1.000000	35.162949	21.412933	7.088806	0.999931	0.001925	1.000001	0.758246	1.000000	1.000000	1.004248	0.000047	1.001075	0.000166	1.000999	0.000066	1.027064	0.000008	1.025535	0.000023	1356711230.612643	0.999976	37.939955	24.562664	5.976630	0.999997	0.241718	1.000000	1.000000	0.999987	0.000058	1.030168	0.000021	1.000389	0.000067	1.010116	0.000051	1.002908	0.000046	1.000000	1.000000	
1356711231.612430	1.000010	36.959118	23.182767	7.128194	1.000109	0.018090	1.000001	1.000001	1.000001	1.000001	0.990989	0.000040	1.000611	0.000445	1.010865	0.000036	1.005361	0.000044	1.008321	0.000054	1356711231.612595	0.999952	37.661137	24.283650	5.966121	0.999937	0.004876	1.000000	1.000000	0.982618	0.000022	0.991054	0.000053	0.960687	0.000012	0.989994	0.000063	0.985557	0.000040	0.999998	0.982544	
1356711232.612420	0.999990	43.382865	29.611533	7.034052	1.000000	1.000000	1.000000	1.000000	1.000000	1.000000	0.999841	0.000317	0.999990	0.000187	1.000294	0.000064	1.001930	0.000011	0.999903	0.000012	1356711232.612580	0.999985	30.236340	16.878488	5.962553	1.003490	0.000022	1.000000	1.000000	1.000695	0.000076	1.012112	0.000013	1.004320	0.000047	1.009584	0.000039	1.025332	0.000013	1.043814	0.000008	
1356711233.612571	1.000151	38.372078	24.589902	7.151341	0.999991	0.216910	1.000000	1.000000	0.999999	0.999999	0.998662	0.000315	0.999478	0.000709	0.990103	0.000036	0.986737	0.000043	0.989852	0.000048	1356711233.612775	1.000195	35.061430	21.684965	5.965206	1.000002	0.783340	1.000000	1.000001	1.016046	0.000021	1.006065	0.000055	1.022238	0.000012	1.003669	0.000073	1.006032	0.000047	1.000301	0.000793	
1356711234.612420	0.999849	36.931767	23.153488	7.123924	1.000834	0.000035	1.000000	1.000000	1.000000	1.000000	0.999858	0.000344	0.999350	0.000168	0.999295	0.000066	1.004696	0.000013	1.000000	0.000013	1356711234.612636	0.999861	36.391167	23.018550	5.965581	1.000000	1.000000	1.000000	1.000000	1.000156	0.000045	0.999836	0.000012	1.000514	0.000045	0.999876	0.000037	0.997736	0.000012	1.003235	0.000012	
1356711235.612424	1.000004	41.908964	28.133706	7.090670	1.000002	0.767537	1.000000	1.000001	1.000001	1.000001	1.001256	0.000370	1.002296	0.000204	1.001682	0.000222	1.007392	0.000068	1.006060	0.000081	1356711235.612589	0.999953	32.003761	18.635641	5.956914	0.999993	0.235571	1.000000	1.000000	0.997110	0.000117	0.995831	0.000085	0.991208	0.000043	0.990794	0.000061	0.997397	0.000230	0.999431	0.000899	
1356711236.612420	0.999996	43.251015	29.504194	7.040617	1.000000	1.000000	1.000000	1.000000	1.000000	1.000000	0.999934	0.000343	1.000055	0.000161	1.000089	0.000331	0.999341	0.000011	1.001552	0.000012	1356711236.612584	0.999995	30.129423	16.774590	5.974136	0.999983	0.007053	1.000000	1.000000	1.000477	0.000038	0.999694	0.000013	1.001864	0.000046	1.006733	0.000036	1.011654	0.000013	1.004893	0.000013	
1356711237.612420	1.000000	43.184753	29.455368	7.047302	1.000000	1.000000	1.000000	1.000000	1.000000	1.000000	1.000318	0.000348	0.999963	0.000208	0.999275	0.000037	0.999916	0.000046	0.999640	0.000049	1356711237.612575	0.999991	30.017621	16.664793	5.962670	0.999978	0.001167	1.000000	1.000000	0.999579	0.000043	0.999967	0.000058	1.010512	0.000013	1.000026	0.000294	1.002537	0.000046	1.002413	0.000045	
1356711238.612421	1.000001	42.816228	29.072009	7.012475	1.000000	0.932006	1.000000	1.000000	1.000000	1.000000	1.000095	0.000342	1.000021	0.000462	1.000123	0.000066	1.000627	0.000011	0.999516	0.000012	1356711238.612595	1.000020	30.452820	17.100305	5.968905	1.000000	0.068010	1.000000	1.000000	0.994260	0.000044	0.987681	0.000013	0.994619	0.000049	0.999396	0.000503	0.986945	0.000013	0.988151	0.000013	
1356711239.612573	1.000152	38.292668	24.535727	7.061090	0.999991	0.205905	0.999999	0.999999	0.999999	0.999999	0.999192	0.000328	0.999780	0.002138	0.986891	0.000036	0.994159	0.000043	0.989914	0.000048	1356711239.612776	1.000181	36.224814	22.876155	5.984864	1.000024	0.006605	1.000000	1.000000	1.000002	0.794349	1.006468	0.000056	1.030112	0.000012	1.009636	0.000064	1.007142	0.000052	1.003578	0.000094	
1356711240.612420	0.999847	37.486466	23.680245	7.183228	0.999315	0.000032	1.000001	1.000000	1.000000	1.000000	0.999256	0.000334	0.999897	0.009405	0.999700	0.000065	0.987063	0.000013	1.000266	0.000013	1356711240.612623	0.999847	38.314596	24.930620	5.969252	0.999671	0.000906	1.000000	1.000000	1.000000	1.000000	1.012048	0.000012	1.000970	0.000042	0.999285	0.000036	1.003636	0.000038	1.009970	0.000012	
1356711241.612420	1.000000	37.078796	23.296478	7.150848	0.999819	0.000281	1.000000	1.000000	1.000000	1.000000	1.000140	0.000327	1.000528	0.001734	0.999894	0.000265	0.999154	0.000062	0.989795	0.000052	1356711241.612638	1.000015	36.515473	23.150821	5.981752	0.997810	0.000059	1.000000	1.000000	1.000000	1.000000	0.990371	0.000054	0.999030	0.000011	0.998182	0.000278	0.986828	0.000039	0.988430	0.000043	
1356711242.612420	1.000000	42.002319	28.237762	7.012741	1.000000	0.740127	1.000000	1.000000	1.000000	1.000000	0.999950	0.003217	0.999842	0.003110	0.999899	0.002999	0.999833	0.002663	1.000176	0.002977	1356711242.612532	0.999894	32.171947	18.830779	5.979242	1.000034	0.003004	0.999997	0.262662	1.000000	1.000000	1.000003	0.002949	0.999858	0.003030	1.000102	0.004780	0.999988	0.002901	1.000031	0.002836	
1356711243.612420	1.000000	43.224823	29.482956	7.019714	1.000000	1.000000	1.000000	1.000000	1.000000	0.999999	1.000262	0.000313	1.001061	0.000481	1.010468	0.000034	1.012825	0.000035	0.999641	0.000037	1356711243.612615	1.000083	30.056558	16.707217	5.973122	1.000097	0.000056	1.008265	0.000049	1.000000	1.000000	1.010678	0.000046	1.066846	0.000006	0.999947	0.000066	1.013657	0.000041	1.007421	0.000058	
1356711244.612420	1.000000	43.186478	29.446350	7.055069	1.000000	1.000000	1.000000	1.000000	1.000000	1.000000	1.000040	0.000344	0.999929	0.000168	1.000039	0.000069	0.998765	0.000013	0.994652	0.000013	1356711244.612615	1.000000	30.014053	16.666306	5.968933	0.996825	0.000018	0.999578	0.000012	1.000000	1.000000	0.999776	0.000012	1.000757	0.000045	1.000167	0.000039	0.998083	0.000011	0.999839	0.000012	
1356711245.612420	1.000000	34.276688	20.514084	7.026276	0.999998	0.201925	0.999999	0.262874	1.000000	1.000001	1.000106	0.000314	0.999917	0.000177	0.999057	0.000036	1.000103	0.000048	0.999999	0.007153	1356711245.612636	1.000021	39.872515	26.510461	5.965161	1.000001	0.798343	1.000000	0.737392	1.000000	1.000000	0.999680	0.000059	0.998220	0.000012	0.999557	0.000071	1.000053	0.000072	0.999778	0.000049	
1356711246.612420	1.000000	31.222168	17.461014	7.018860	0.999214	0.000152	1.001867	0.000045	1.000000	1.000000	0.999998	0.009463	1.000063	0.000159	1.001271	0.000065	0.990456	0.000013	0.999294	0.001168	1356711246.612671	1.000035	42.976781	29.601303	5.968327	1.000000	1.000000	1.000000	1.000000	1.000000	1.000000	1.002619	0.000012	0.999779	0.000045	1.000497	0.000036	0.997641	0.000012	0.999582	0.000012	
1356711247.612420	1.000000	35.907684	22.128632	7.139633	1.000000	0.876134	0.993765	0.000116	1.000000	1.000000	0.999793	0.001116	0.999940	0.000212	1.001817	0.000038	1.002085	0.000047	1.014932	0.000062	1356711247.612635	0.999964	37.406620	24.030727	5.961320	0.999995	0.123725	1.000000	1.000000	1.000000	1.000000	0.999980	0.000883	1.000291	0.000012	1.000029	0.000066	1.000866	0.000044	1.000290	0.000053	
1356711248.612420	1.000000	36.752258	22.951172	7.193909	1.000000	1.000001	1.000904	0.000173	1.000000	1.000000	0.999993	0.000232	1.000020	0.000466	0.998247	0.000068	1.002811	0.000013	1.001819	0.000013	1356711248.612640	1.000005	36.529450	23.156226	5.967194	0.996880	0.000018	1.000000	1.000000	1.000000	1.000000	0.998176	0.000011	1.000190	0.000047	1.000380	0.000038	0.997073	0.000011	1.000544	0.000012	
1356711249.612420	1.000000	41.701752	27.950806	7.027451	1.000000	1.000000	1.000001	0.771149	1.000000	1.000000	0.999892	0.000303	1.000033	0.002140	1.000301	0.000037	0.999188	0.000046	1.000322	0.000049	1356711249.612612	0.999972	31.578853	18.222920	5.978667	1.000884	0.000061	0.999997	0.228689	1.000000	1.000000	1.000023	0.000595	1.000096	0.000012	0.999699	0.000077	0.997444	0.000045	0.996867	0.000045	
1356711250.612420	1.000000	43.141571	29.400925	7.040268	1.000000	1.000000	1.000000	1.000001	0.999999	1.000000	0.999979	0.000360	0.999529	0.000168	0.999812	0.000066	1.002106	0.000013	0.998872	0.000013	1356711250.612613	1.000001	30.036119	16.684264	5.969233	0.997102	0.000018	1.015504	0.000011	1.000000	1.000000	0.998366	0.000012	0.999908	0.000051	1.000565	0.000038	1.003732	0.000036	1.012376	0.000012	
1356711251.612420	1.000000	41.024490	27.253723	7.084976	1.000000	0.646055	1.000000	1.000000	1.000001	1.000000	0.999990	0.000301	0.999899	0.000188	0.998934	0.000037	1.000043	0.000045	1.000240	0.000055	1356711251.612614	1.000001	32.526672	19.177686	5.986933	1.000000	0.354065	0.999934	0.003575	1.000000	1.000000	0.999924	0.000056	0.999719	0.000011	0.999698	0.000068	0.999982	0.000042	0.999528	0.000055	
1356711252.612420	1.000000	43.155090	29.414642	7.033768	1.000000	1.000000	1.000000	1.000000	1.000000	1.000000	0.999573	0.000364	1.000000	0.000189	1.000488	0.000068	0.998312	0.000013	0.998303	0.000013	1356711252.612613	0.999999	29.994169	16.644929	5.969015	0.998364	0.000018	1.010036	0.000014	1.000000	1.000000	1.000160	0.000036	0.999793	0.000047	1.000326	0.000038	1.002089	0.000011	1.000427	0.000012	
1356711253.612419	0.999999	38.428870	24.643593	7.148734	0.999999	0.230954	1.000000	1.000000	1.000000	1.000000	1.001024	0.000372	1.000034	0.000506	0.996822	0.000053	0.999994	0.000061	0.989074	0.000051	1356711253.612648	1.000035	35.856013	22.492208	5.972355	1.000014	0.007686	1.000000	0.769368	1.000000	1.000000	0.990440	0.000054	1.000891	0.000011	0.992860	0.000073	0.988613	0.000047	0.988897	0.000047	
1356711254.612419	1.000000	36.981491	23.207901	7.090576	1.004522	0.000064	0.999999	1.000000	1.000000	1.000000	0.999443	0.000371	0.999905	0.000166	1.002363	0.000064	1.028039	0.000008	1.022983	0.000024	1356711254.612644	0.999996	37.175489	23.819234	5.949594	0.999969	0.009846	1.000000	1.000000	1.000000	1.000000	1.025692	0.000020	1.000294	0.000066	1.010797	0.000048	1.023469	0.000021	1.020242	0.000026	
1356711255.612508	1.000089	39.820815	26.035877	7.111352	1.000004	0.447407	1.000001	1.000001	1.000001	1.000000	1.001528	0.000319	1.001927	0.000237	1.012993	0.000036	1.005646	0.000044	1.009080	0.000054	1356711255.612675	1.000031	34.646280	21.277676	5.975782	0.999937	0.007698	1.000000	0.999991	0.999997	0.552611	0.993947	0.000051	0.975038	0.000012	0.992280	0.000061	0.993105	0.000065	0.990263	0.000058	
1356711256.612570	1.000062	38.392594	24.623596	7.054082	0.999991	0.225830	1.000000	0.999999	0.999999	0.999999	0.998639	0.000357	0.996936	0.000161	0.992520	0.000063	0.958964	0.000012	0.960296	0.000013	1356711256.612779	1.000104	35.284601	21.933755	5.971334	1.000006	0.009030	1.000000	1.000000	1.000002	0.774448	1.025587	0.000012	0.991854	0.000045	1.012716	0.000035	1.038450	0.000012	1.042581	0.000012	
1356711257.612549	0.999979	41.083092	27.335061	7.042216	1.000003	0.668490	1.000000	1.000001	1.000001	1.000001	1.001325	0.000318	1.002348	0.000209	1.013375	0.000036	1.011214	0.000045	1.009894	0.000049	1356711257.612712	0.999933	32.666022	19.315808	5.981327	0.999958	0.002577	0.999999	1.000000	0.999995	0.331534	0.993648	0.000074	1.005566	0.000034	0.992557	0.000066	0.987365	0.000040	0.987780	0.000042	
1356711258.612474	0.999925	41.519521	27.777492	7.079969	0.999997	0.743856	0.999999	0.999999	1.000000	0.999999	0.998882	0.000383	0.999502	0.000879	0.992093	0.000062	0.955975	0.000012	0.957806	0.000012	1356711258.612675	0.999963	31.706845	18.350684	5.957709	1.000006	0.256333	1.000000	1.000001	1.000095	0.003509	1.038411	0.000012	1.009450	0.000049	1.013169	0.000038	1.039335	0.000013	1.046185	0.000012	
1356711259.612420	0.999946	37.017498	23.240556	7.116671	0.999948	0.001099	1.000000	1.000000	1.000000	1.000000	0.999797	0.000294	0.999982	0.002134	0.999789	0.000038	1.000409	0.000045	0.999954	0.000051	1356711259.612643	0.999968	36.448323	23.083608	5.981469	1.000000	1.000000	1.000000	1.000000	0.990872	0.000016	0.997327	0.000054	0.999175	0.000011	0.999982	0.000282	0.997409	0.000045	0.996576	0.000052	
1356711260.612581	1.000161	43.189400	29.445670	7.018295	1.000002	0.996110	1.000001	1.000001	1.000001	1.000001	1.001324	0.000353	1.002284	0.000206	1.007268	0.000066	1.038661	0.000013	1.040750	0.000013	1356711260.612752	1.000109	30.034981	16.685789	5.962394	0.999597	0.003763	1.000000	0.999999	0.996869	0.000069	0.989492	0.000020	0.992825	0.000045	0.996072	0.000078	0.995679	0.000036	0.994931	0.000036	
1356711261.612455	0.999874	38.286039	24.501177	7.138716	0.999991	0.205854	0.999999	0.999999	0.999999	0.999999	0.998581	0.000340	0.999214	0.000602	0.986495	0.000036	0.989368	0.000044	0.989993	0.000050	1356711261.612664	0.999912	36.134405	22.770115	5.984490	1.000023	0.006572	1.000000	1.000000	1.000002	0.794446	1.006335	0.000057	1.026842	0.000012	1.004567	0.000072	1.006263	0.000041	1.006371	0.000048	
1356711262.612420	0.999965	37.096317	23.310097	7.137656	0.999457	0.000047	1.000000	1.000000	1.000000	1.000000	1.000004	0.002309	0.999402	0.000182	1.000274	0.000065	0.998193	0.000013	1.001453	0.000013	1356711262.612644	0.999980	38.142808	24.793252	5.967115	0.999927	0.006008	1.000000	1.000000	1.000000	1.000000	0.999238	0.000032	0.999897	0.000045	0.999198	0.000035	1.002219	0.000012	1.003650	0.000012	
1356711263.612420	1.000000	32.045242	18.280060	7.020096	1.000036	0.000469	0.999998	0.209900	1.000000	1.000000	0.999965	0.007509	1.000013	0.004313	1.000172	0.000060	1.000286	0.000069	1.001459	0.000087	1356711263.612672	1.000028	41.627409	28.264989	5.977739	1.000001	0.790369	1.000000	1.000000	1.000000	1.000000	0.999756	0.000047	1.000191	0.000020	1.000268	0.000060	0.999287	0.000055	0.999490	0.000052	
1356711264.612421	1.000001	30.405672	16.645187	7.032525	0.999984	0.003984	0.999289	0.000043	1.000000	1.000000	0.999978	0.004582	1.000013	0.001866	1.003048	0.000065	0.995589	0.000013	0.987724	0.000013	1356711264.612663	0.999991	42.997277	29.619378	5.974328	1.000000	0.999735	1.000000	0.999733	0.999983	0.999787	1.002153	0.000012	0.999937	0.000043	0.999568	0.000035	1.000256	0.000012	1.002230	0.000011	
1356711265.612420	0.999999	30.093931	16.347855	7.062095	0.999986	0.001777	0.998100	0.000061	1.000000	1.000000	0.998929	0.000131	0.999934	0.000209	0.996065	0.000054	1.000669	0.000067	0.990141	0.000054	1356711265.612674	1.000011	43.062043	29.680812	5.963008	1.000000	1.000000	1.000000	1.000000	1.000000	1.000000	0.990851	0.000057	0.999579	0.000012	0.998210	0.000288	0.992330	0.000064	0.988387	0.000044	
1356711266.612420	1.000000	36.697937	22.927109	7.078140	1.000000	0.996111	0.998165	0.000277	1.000000	1.000000	1.000833	0.000141	0.999626	0.000166	1.000118	0.000065	1.000905	0.000009	1.016693	0.000025	1356711266.612641	0.999967	36.651368	23.286395	5.996077	0.999832	0.004626	1.000000	1.000000	1.000000	1.000000	1.025738	0.000020	1.000283	0.000065	1.006655	0.000079	1.026069	0.000021	1.018406	0.000027	
1356711267.612420	1.000000	36.946274	23.114014	7.270477	1.000000	1.000000	1.000050	0.003288	0.999999	1.000000	1.000068	0.002710	0.999859	0.003098	0.999985	0.002513	0.999992	0.002679	1.000047	0.002554	1356711267.612601	0.999960	36.907255	23.514461	5.969218	0.999989	0.009546	1.000000	1.000000	1.000000	1.000000	0.999991	0.002746	0.999998	0.002678	0.999998	0.003755	0.999983	0.002777	1.000003	0.002762	
1356711268.612420	1.000000	36.763275	22.967773	7.181824	1.000001	1.000000	0.999950	0.000279	1.000001	1.000000	0.998482	0.000128	1.000881	0.000466	0.998828	0.000067	0.997024	0.000009	0.998822	0.000009	1356711268.612637	1.000036	36.520124	23.148306	5.968810	0.998690	0.000013	1.000000	1.000000	1.000000	1.000000	0.999841	0.000007	0.999827	0.000038	0.999662	0.000038	1.005340	0.000007	1.000920	0.000007	
1356711269.612420	1.000000	32.223785	18.450119	7.090210	0.999998	0.297924	0.999933	0.004618	1.000000	1.000000	1.000055	0.000113	1.000029	0.002948	1.003066	0.000039	1.000980	0.000043	0.998477	0.000046	1356711269.612673	1.000036	41.053332	27.679698	5.975371	1.000001	0.702360	1.000000	1.000000	1.000000	1.000000	0.997160	0.000054	1.000252	0.000012	1.000375	0.000065	0.995758	0.000042	0.996647	0.000043	
1356711270.612420	1.000000	36.350052	22.566528	7.095947	1.000000	0.930122	0.999934	0.001608	1.000000	1.000000	1.000017	0.000140	0.999985	0.002090	0.999524	0.000065	1.002910	0.000013	1.022746	0.000013	1356711270.612640	0.999967	37.018796	23.649216	5.978438	0.999991	0.069676	1.000000	1.000000	1.000000	1.000000	1.013228	0.000012	0.999677	0.000047	0.999660	0.000036	1.004316	0.000034	1.009115	0.000012	
1356711271.612419	0.999999	34.881259	21.100881	7.137077	1.000000	0.707911	1.001351	0.000279	1.000000	1.000000	1.001864	0.000110	1.000058	0.003265	0.998732	0.000038	0.998803	0.000044	0.995278	0.000046	1356711271.612670	1.000030	38.457432	25.090067	5.975635	1.000002	0.292361	1.000000	1.000000	1.000000	1.000000	1.000733	0.000054	1.001943	0.000011	0.999738	0.000062	1.000311	0.000040	1.000830	0.000051	
1356711272.612420	1.000001	34.770276	20.981914	7.155251	1.000000	0.702119	0.999049	0.000249	1.000000	1.000000	0.998547	0.000142	0.999855	0.001569	0.999874	0.000067	0.999684	0.000013	0.998955	0.000013	1356711272.612631	0.999961	38.467065	25.101735	5.970158	0.999998	0.297700	1.000000	1.000000	1.000000	1.000000	0.998732	0.000033	1.000083	0.000047	1.000710	0.000037	0.996967	0.000011	0.997764	0.000012	
1356711273.612420	1.000000	36.695282	22.948029	7.059052	1.000001	1.000000	1.000107	0.000293	0.999999	0.999999	1.000003	0.000130	0.999895	0.000489	1.001613	0.000038	1.000168	0.000048	1.000518	0.000054	1356711273.612637	1.000006	37.951602	24.598517	5.969294	1.000015	0.006185	1.000000	1.000000	1.000000	1.000000	1.000142	0.000052	0.998441	0.000011	0.999908	0.000071	1.000237	0.000046	0.999906	0.000045	
1356711274.612420	1.000000	37.115402	23.321533	7.170990	1.000000	1.000000	0.999976	0.009025	1.000001	1.000001	0.999776	0.000150	1.000554	0.000159	0.999461	0.000063	1.015188	0.000013	0.993084	0.000013	1356711274.612626	0.999989	38.380899	25.003570	5.954106	0.999770	0.001395	1.000000	1.000000	1.000000	1.000000	0.999184	0.000012	1.000192	0.000044	0.999514	0.000035	1.002107	0.000012	1.001954	0.000012	
1356711275.612420	1.000000	32.054749	18.292725	7.054855	0.999998	0.217918	0.999957	0.002213	1.000000	1.000000	1.000283	0.000113	0.999999	0.009530	1.000991	0.000036	0.995573	0.000044	1.001130	0.000059	1356711275.612673	1.000047	41.637815	28.266388	5.965265	1.000001	0.782346	1.000000	1.000000	1.000000	1.000000	1.000173	0.000054	1.000226	0.000012	1.000088	0.000061	1.000165	0.000066	0.999938	0.000050	
1356711276.612420	1.000000	35.489273	21.693665	7.137466	1.000000	0.757150	1.000876	0.000250	1.000000	1.000000	0.999962	0.005628	0.999995	0.005685	0.999917	0.000065	0.999644	0.000013	1.014287	0.000013	1356711276.612629	0.999956	38.163137	24.777109	5.981404	0.999997	0.242679	1.000000	1.000000	1.000000	1.000000	0.998651	0.000011	0.999733	0.000042	0.999936	0.000036	0.999147	0.000011	1.000687	0.000012	
1356711277.612420	1.000000	31.888992	18.127899	7.041489	0.999999	0.203940	0.999252	0.000263	1.000000	1.000000	1.000800	0.000129	0.999995	0.011207	0.999536	0.000051	1.000898	0.000061	0.985848	0.000050	1356711277.612672	1.000043	41.715632	28.343388	5.971439	1.000001	0.796352	1.000000	1.000000	1.000000	1.000000	0.993460	0.000081	1.000384	0.000011	0.992709	0.000072	0.988079	0.000044	0.987213	0.000044	
1356711278.612420	1.000000	35.631104	21.855530	7.086685	1.000000	0.771116	1.000464	0.001224	1.000000	1.000000	0.999978	0.008138	1.000017	0.002436	1.000909	0.000063	0.993153	0.000008	1.023617	0.000023	1356711278.612625	0.999953	38.054964	24.680480	5.967611	0.999997	0.228683	1.000000	1.000000	1.000000	1.000000	1.024544	0.000022	1.000312	0.000064	1.010296	0.000052	1.023380	0.000022	1.019095	0.000028	
1356711279.612420	1.000000	31.771774	17.998001	7.089249	1.000000	0.221933	0.999705	0.002146	1.000000	1.000000	1.000055	0.000127	0.999986	0.004294	0.998899	0.000036	1.000758	0.000044	0.999723	0.000052	1356711279.612670	1.000045	41.581134	28.203227	5.967169	1.000001	0.778358	1.000000	1.000000	1.000000	1.000000	0.996805	0.000054	0.998291	0.000012	0.999911	0.000065	0.996901	0.000045	0.999922	0.000060	
1356711280.612420	1.000000	35.467499	21.706741	7.097382	0.999964	0.007166	1.000001	0.758226	1.000000	1.000000	1.000173	0.000139	1.000200	0.000162	0.999521	0.000065	0.997397	0.000013	0.997039	0.000013	1356711280.612647	0.999977	38.172184	24.800845	5.978515	0.999997	0.241680	1.000000	1.000000	1.000000	1.000000	1.012812	0.000012	1.000177	0.000041	1.000413	0.000036	1.004089	0.000034	1.000419	0.000012	
1356711281.612422	1.000002	31.660477	17.890850	7.088945	1.000037	0.001901	0.999999	0.202874	1.000000	0.999999	0.999984	0.005962	0.999618	0.000181	0.998841	0.000037	0.999863	0.000045	1.000662	0.000049	1356711281.612676	1.000029	41.728675	28.346771	5.948680	1.000001	0.797374	1.000000	1.000000	1.000000	0.999488	1.000021	0.000054	0.998789	0.000012	0.999590	0.000070	0.999427	0.000037	0.999452	0.000044	
1356711282.612420	0.999998	35.182303	21.433802	7.073927	1.000000	0.750173	0.997677	0.000186	1.000000	1.000000	0.999984	0.006835	1.000144	0.000179	1.001174	0.000063	1.009579	0.000013	0.998113	0.000013	1356711282.612632	0.999956	38.207679	24.837476	5.978947	0.999998	0.249676	1.000000	1.000000	1.000000	1.000000	1.000410	0.000033	1.000054	0.000043	0.999934	0.000035	1.003986	0.000011	1.003874	0.000012	
1356711283.612420	1.000000	31.657669	17.893829	7.075104	1.000001	0.211926	0.999917	0.000287	1.000000	1.000000	0.999985	0.006766	0.999953	0.000480	0.996303	0.000036	0.996959	0.000045	0.999876	0.000053	1356711283.612674	1.000042	41.634773	28.267750	5.975869	1.000001	0.788351	1.000000	1.000000	1.000000	1.000000	1.000049	0.000047	1.000063	0.000012	1.000000	0.000061	0.999260	0.000042	0.999384	0.000048	
1356711284.612420	1.000000	36.166092	22.386475	7.098068	1.000000	0.920116	0.999039	0.000246	1.000000	1.000000	0.999960	0.000682	1.000097	0.000166	1.001043	0.000067	1.002315	0.000013	1.002312	0.000013	1356711284.612629	0.999955	37.107751	23.729264	5.969141	0.999992	0.079694	1.000000	1.000000	1.000000	1.000000	0.998198	0.000012	1.000213	0.000045	1.000587	0.000037	0.998709	0.000012	1.001192	0.000012	
1356711285.612420	1.000000	36.729477	22.955780	7.109192	1.000000	1.000000	0.999766	0.000257	1.000000	1.000000	0.999928	0.000129	0.999467	0.000182	1.003355	0.000037	0.998886	0.000046	1.001780	0.000049	1356711285.612639	1.000010	37.967698	24.602201	5.982377	1.000026	0.005269	1.000000	1.000000	1.000000	1.000000	1.000959	0.000054	0.999045	0.000012	0.999922	0.000069	1.000353	0.000066	1.000201	0.000044	
1356711286.612420	1.000000	36.829163	23.017273	7.228180	1.000000	1.000000	1.000129	0.002520	1.000000	1.000000	1.000190	0.000144	1.000825	0.000195	0.998903	0.000064	1.011240	0.000013	0.991833	0.000013	1356711286.612613	0.999974	37.898675	24.511120	5.951998	0.999929	0.006006	1.000000	1.000000	1.000000	1.000000	0.997000	0.000012	0.984692	0.000044	0.999776	0.000034	1.001494	0.000011	0.999935	0.000012	
1356711287.612421	1.000001	31.936112	18.175413	7.090035	0.999999	0.217922	0.999862	0.002296	1.000000	1.000000	0.999762	0.000112	0.999990	0.009535	1.000379	0.000036	0.998405	0.000045	1.000402	0.000052	1356711287.612679	1.000066	41.618620	28.246426	5.976580	1.000001	0.782343	1.000000	0.999577	1.000000	0.999614	0.999925	0.000077	1.019725	0.000034	1.000032	0.000060	0.999266	0.000042	0.999769	0.000048	
1356711288.612420	0.999999	35.195132	21.428380	7.075416	1.000000	0.756142	1.000437	0.000302	1.000000	1.000000	1.000041	0.000826	0.999952	0.002384	0.999499	0.000065	0.997761	0.000013	1.001409	0.000013	1356711288.612632	0.999953	38.190408	24.816092	5.978674	0.999997	0.243688	1.000000	1.000000	1.000000	1.000000	1.000782	0.000012	0.999991	0.000043	1.000061	0.000038	1.001121	0.000012	1.001827	0.000012	
1356711289.612420	1.000000	36.857681	23.046158	7.228256	1.000000	1.000000	0.999082	0.000267	1.000000	1.000000	0.999553	0.000129	1.000014	0.005832	1.000656	0.000052	1.001195	0.000061	0.989664	0.000053	1356711289.612638	1.000006	37.090569	23.704754	5.956309	0.999963	0.004161	1.000000	1.000000	1.000000	1.000000	0.987963	0.000055	1.000326	0.000012	0.992180	0.000069	0.996855	0.000044	0.985627	0.000045	
1356711290.612420	1.000000	37.181137	23.424667	7.081177	1.000000	1.000000	1.001192	0.000315	1.000000	1.000000	1.000288	0.000139	0.999993	0.010945	0.999298	0.000062	0.988370	0.000008	1.021490	0.000023	1356711290.612631	0.999993	36.569665	23.211418	5.995113	1.002889	0.000029	1.000000	1.000000	1.000000	1.000000	1.029619	0.000022	1.000162	0.000064	1.010480	0.000051	1.002742	0.000050	1.023367	0.000028	
1356711291.612420	1.000000	715818919.108307	715781971.361267	715792781.498825	0.999924	1.000725	0.999923	1.000733	0.999930	1.000733	0.999924	1.000727	0.999924	1.000484	0.999927	1.000723	0.999925	1.000730	0.999925	1.000730	1356711291.612521	0.999890	715885785.025501	715872928.020319	715870824.052574	0.999924	1.000726	0.999921	1.000727	3.897518	0.256744	0.999924	1.000726	0.999925	1.000732	0.999927	1.000725	0.999924	1.000730	0.999925	1.000731	
1356711292.612419	0.999999	0.000000	0.000000	0.000000	-nan	-nan	-nan	-nan	1.000003	inf	-nan	-nan	-nan	0.000000	0.000000	inf	-nan	-nan	-nan	-nan	1356711292.612497	0.999976	0.000000	0.000000	0.000000	-nan	-nan	-nan	-nan	1.345745	inf	-nan	-nan	-nan	-nan	-nan	-nan	-nan	-nan	-nan	-nan	
1356711293.612425	1.000006	0.000000	0.000000	0.000000	-nan	-nan	-nan	-nan	0.000000	inf	-nan	-nan	-nan	0.000000	0.000000	inf	-nan	-nan	-nan	-nan	1356711293.612508	1.000011	0.000000	0.000000	0.000000	-nan	-nan	-nan	-nan	inf	-nan	-nan	-nan	-nan	-nan	-nan	-nan	-nan	-nan	-nan	-nan	
1356711294.612419	0.999994	0.000000	0.000000	0.000000	-nan	-nan	-nan	-nan	0.000000	inf	-nan	-nan	-nan	0.000000	0.000000	inf	-nan	-nan	-nan	-nan	1356711294.612496	0.999988	0.000000	0.000000	0.000000	-nan	-nan	-nan	-nan	-nan	-nan	-nan	-nan	-nan	-nan	-nan	-nan	-nan	-nan	-nan	-nan	
1356711295.612419	1.000000	0.000000	0.000000	0.000000	-nan	-nan	-nan	-nan	-nan	-nan	-nan	-nan	-nan	-nan	-nan	-nan	-nan	-nan	-nan	-nan	1356711295.612508	1.000012	0.000000	0.000000	0.000000	-nan	-nan	-nan	-nan	-nan	-nan	-nan	-nan	-nan	-nan	-nan	-nan	-nan	-nan	-nan	-nan	
1356711296.612426	1.000007	0.000000	0.000000	0.000000	-nan	-nan	-nan	-nan	2305843009213693952.000000	inf	-nan	-nan	-nan	0.000000	0.000000	inf	-nan	-nan	-nan	-nan	1356711296.612504	0.999996	0.000000	0.000000	0.000000	-nan	-nan	-nan	-nan	inf	-nan	-nan	-nan	-nan	-nan	-nan	-nan	-nan	-nan	-nan	-nan	
1356711297.612419	0.999993	0.000000	0.000000	0.000000	-nan	-nan	-nan	-nan	0.000000	inf	-nan	-nan	-nan	0.000000	0.000000	inf	-nan	-nan	-nan	-nan	1356711297.612505	1.000001	0.000000	0.000000	0.000000	-nan	-nan	-nan	-nan	-nan	-nan	-nan	-nan	-nan	-nan	-nan	-nan	-nan	-nan	-nan	-nan	
1356711298.612419	1.000000	0.000000	0.000000	0.000000	-nan	-nan	-nan	-nan	0.000000	inf	-nan	-nan	-nan	0.000000	0.000000	inf	-nan	-nan	-nan	-nan	1356711298.612496	0.999991	0.000000	0.000000	0.000000	-nan	-nan	-nan	-nan	inf	-nan	-nan	-nan	-nan	-nan	-nan	-nan	-nan	-nan	-nan	-nan	
1356711299.612419	1.000000	0.000000	0.000000	0.000000	-nan	-nan	-nan	-nan	1.001217	inf	-nan	-nan	-nan	0.000000	0.000000	inf	-nan	-nan	-nan	-nan	1356711299.612495	0.999999	0.000000	0.000000	0.000000	-nan	-nan	-nan	-nan	inf	-nan	-nan	-nan	-nan	-nan	-nan	-nan	-nan	-nan	-nan	-nan	
1356711300.612419	1.000000	0.000000	0.000000	0.000000	-nan	-nan	-nan	-nan	0.000000	inf	-nan	-nan	-nan	0.000000	-nan	-nan	-nan	-nan	-nan	-nan	1356711300.612496	1.000001	0.000000	0.000000	0.000000	-nan	-nan	-nan	-nan	inf	-nan	-nan	-nan	-nan	-nan	-nan	-nan	-nan	-nan	-nan	-nan	
1356711301.612425	1.000006	0.000000	0.000000	0.000000	-nan	-nan	-nan	-nan	0.000000	inf	-nan	-nan	-nan	0.000000	-nan	-nan	-nan	-nan	-nan	-nan	1356711301.612500	1.000004	0.000000	0.000000	0.000000	-nan	-nan	-nan	-nan	-nan	-nan	-nan	-nan	-nan	-nan	-nan	-nan	-nan	-nan	-nan	-nan	
1356711302.612419	0.999994	0.000000	0.000000	0.000000	-nan	-nan	-nan	-nan	2305843009213693952.000000	inf	-nan	-nan	-nan	0.000000	0.000000	inf	-nan	-nan	-nan	-nan	1356711302.612492	0.999992	0.000000	0.000000	0.000000	-nan	-nan	-nan	-nan	inf	-nan	-nan	-nan	-nan	-nan	-nan	-nan	-nan	-nan	-nan	-nan	
1356711303.612426	1.000007	0.000000	0.000000	0.000000	-nan	-nan	-nan	-nan	0.000000	inf	-nan	-nan	-nan	0.000000	0.000000	inf	-nan	-nan	-nan	-nan	1356711303.612502	1.000010	0.000000	0.000000	0.000000	-nan	-nan	-nan	-nan	-nan	-nan	-nan	-nan	-nan	-nan	-nan	-nan	-nan	-nan	-nan	-nan	
1356711304.612419	0.999993	0.000000	0.000000	0.000000	-nan	-nan	-nan	-nan	0.000000	inf	-nan	-nan	-nan	0.000000	0.000000	inf	-nan	-nan	-nan	-nan	1356711304.612496	0.999994	0.000000	0.000000	0.000000	-nan	-nan	-nan	-nan	inf	-nan	-nan	-nan	-nan	-nan	-nan	-nan	-nan	-nan	-nan	-nan	
1356711305.612419	1.000000	0.000000	0.000000	0.000000	-nan	-nan	-nan	-nan	0.000000	inf	-nan	-nan	-nan	0.000000	0.000000	inf	-nan	-nan	-nan	-nan	1356711305.612508	1.000012	0.000000	0.000000	0.000000	-nan	-nan	-nan	-nan	-nan	-nan	-nan	-nan	-nan	-nan	-nan	-nan	-nan	-nan	-nan	-nan	
1356711306.612419	1.000000	0.000000	0.000000	0.000000	-nan	-nan	-nan	-nan	1521723326593.360596	inf	-nan	-nan	-nan	0.000000	-nan	-nan	-nan	-nan	-nan	-nan	1356711306.612497	0.999989	0.000000	0.000000	0.000000	-nan	-nan	-nan	-nan	inf	-nan	-nan	-nan	-nan	-nan	-nan	-nan	-nan	-nan	-nan	-nan	
1356711307.612419	1.000000	0.000000	0.000000	0.000000	-nan	-nan	-nan	-nan	0.000000	inf	-nan	-nan	-nan	0.000000	-nan	-nan	-nan	-nan	-nan	-nan	1356711307.612494	0.999997	0.000000	0.000000	0.000000	-nan	-nan	-nan	-nan	inf	-nan	-nan	-nan	-nan	-nan	-nan	-nan	-nan	-nan	-nan	-nan	
1356711308.612419	1.000000	0.000000	0.000000	0.000000	-nan	-nan	-nan	-nan	inf	-nan	-nan	-nan	-nan	0.000000	0.000000	inf	-nan	-nan	-nan	-nan	1356711308.612495	1.000001	0.000000	0.000000	0.000000	-nan	-nan	-nan	-nan	inf	-nan	-nan	-nan	-nan	-nan	-nan	-nan	-nan	-nan	-nan	-nan	
1356711309.612425	1.000006	0.000000	0.000000	0.000000	-nan	-nan	-nan	-nan	0.000000	inf	-nan	-nan	-nan	0.000000	0.000000	inf	-nan	-nan	-nan	-nan	1356711309.612510	1.000015	0.000000	0.000000	0.000000	-nan	-nan	-nan	-nan	inf	-nan	-nan	-nan	-nan	-nan	-nan	-nan	-nan	-nan	-nan	-nan	
1356711310.612419	0.999994	0.000000	0.000000	0.000000	-nan	-nan	-nan	-nan	1521723326593.360596	inf	-nan	-nan	-nan	0.000000	0.000000	inf	-nan	-nan	-nan	-nan	1356711310.612497	0.999987	0.000000	0.000000	0.000000	-nan	-nan	-nan	-nan	inf	-nan	-nan	-nan	-nan	-nan	-nan	-nan	-nan	-nan	-nan	-nan	
