ts_0	elapsed_0	pkg_0	pp0_0	dram_0	freq_ratio_0_0	c0_ratio_0_0	freq_ratio_0_1	c0_ratio_0_1	freq_ratio_0_2	c0_ratio_0_2	freq_ratio_0_3	c0_ratio_0_3	freq_ratio_0_4	c0_ratio_0_4	freq_ratio_0_5	c0_ratio_0_5	freq_ratio_0_6	c0_ratio_0_6	freq_ratio_0_7	c0_ratio_0_7	ts_1	elapsed_1	pkg_1	pp0_1	dram_1	freq_ratio_1_0	c0_ratio_1_0	freq_ratio_1_1	c0_ratio_1_1	freq_ratio_1_2	c0_ratio_1_2	freq_ratio_1_3	c0_ratio_1_3	freq_ratio_1_4	c0_ratio_1_4	freq_ratio_1_5	c0_ratio_1_5	freq_ratio_1_6	c0_ratio_1_6	freq_ratio_1_7	c0_ratio_1_7	
1353354464.805651	1.027679	36.738800	23.218155	5.702185	1.158517	0.505604	1.154971	0.492469	1.154991	0.499021	1.156238	0.502597	1.154066	0.489040	1.157155	0.508144	1.156358	0.496396	1.155790	0.501868	1353354464.805856	1.000469	39.289024	25.815774	5.692856	0.999938	0.968201	1.000074	0.002903	1.000231	0.002833	0.993663	0.002952	1.000149	0.006261	1.000208	0.002931	1.000218	0.002866	0.999874	0.968732	
1353354465.805648	0.999997	36.291281	22.778299	5.892474	1.000134	0.002939	1.000000	0.999972	1.000000	0.999950	1.009719	0.000014	0.992089	0.000052	0.999893	0.000115	0.994065	0.000066	0.999937	0.000074	1353354465.805888	1.000032	36.634099	23.145455	5.908915	1.000000	1.000000	0.958982	0.000015	0.996462	0.000059	0.999445	0.000074	1.000421	0.000188	0.987849	0.000016	0.991233	0.000017	1.000000	1.000000	
1353354466.805647	0.999999	36.265965	22.758689	5.858999	0.999935	0.003349	1.000000	0.999995	1.000000	0.999991	0.993401	0.000074	1.004229	0.000025	1.000079	0.000073	0.997539	0.000016	0.999919	0.000119	1353354466.805896	1.000008	36.646920	23.154308	5.893888	1.000000	1.000000	0.999781	0.000099	0.999836	0.000026	0.999922	0.000029	1.000006	0.000261	0.988850	0.000055	0.992753	0.000080	1.000000	1.000000	
1353354467.805648	1.000001	36.282802	22.779153	5.876612	0.999950	0.003315	1.000000	0.999997	1.000000	0.999992	1.004980	0.000088	1.001824	0.000150	1.000023	0.000134	1.006479	0.000091	0.998936	0.000131	1353354467.805894	0.999998	36.674539	23.181105	5.889370	1.000000	1.000000	1.001063	0.000142	0.999785	0.000151	0.999784	0.000164	1.000002	0.000709	1.011547	0.000044	1.014360	0.000040	1.000000	1.000000	
1353354468.805649	1.000001	36.268108	22.765558	5.883051	0.999903	0.003545	1.000000	0.999988	1.000000	0.999961	0.999988	0.000093	0.999975	0.000031	0.999956	0.000079	0.982468	0.000015	1.001553	0.000097	1353354468.805895	1.000001	36.676967	23.182229	5.916391	1.000000	1.000000	0.999622	0.000557	1.000912	0.000038	1.000870	0.000059	1.000002	0.000248	1.001236	0.000054	0.999940	0.000090	1.000000	1.000000	
1353354469.805649	1.000000	36.234619	22.745972	5.875290	1.000049	0.002993	1.000000	0.999974	1.000000	0.999950	0.999920	0.000024	1.002627	0.000054	1.000025	0.000124	1.001914	0.000077	1.000032	0.000110	1353354469.805888	0.999993	36.681604	23.183266	5.889308	1.000000	1.000000	1.030464	0.000011	0.999907	0.000071	0.999523	0.000100	0.999859	0.000216	1.000018	0.000042	1.000268	0.000020	1.000000	1.000000	
1353354470.805647	0.999998	36.282570	22.780286	5.894817	0.999940	0.003466	1.000000	1.000000	1.000000	1.000000	0.999880	0.000068	0.995376	0.000031	0.999886	0.000074	0.999127	0.000023	1.000034	0.000103	1353354470.805890	1.000002	36.689292	23.193102	5.891102	1.000000	1.000000	0.993434	0.000163	0.998152	0.000027	1.001754	0.000030	1.000144	0.000259	1.000155	0.000052	0.999678	0.000081	1.000000	1.000000	
1353354471.805658	1.000011	36.272353	22.769556	5.858700	0.999967	0.002689	0.999983	0.999758	0.999991	0.999690	1.000391	0.000058	1.000192	0.000159	0.999326	0.000412	0.999647	0.000100	1.000049	0.000148	1353354471.805907	1.000017	36.647954	23.164693	5.878685	1.000000	0.999849	1.005906	0.000168	0.999984	0.000120	0.999884	0.000193	1.000016	0.000411	1.001657	0.000021	1.000954	0.000022	1.000000	1.000000	
1353354472.805648	0.999990	36.284604	22.782104	5.886732	1.000019	0.003073	1.000000	1.000000	1.000000	0.999991	1.000287	0.000107	1.000236	0.000057	1.006523	0.000043	0.998590	0.000016	0.999966	0.000124	1353354472.805893	0.999986	36.694135	23.194723	5.907004	1.000000	1.000000	0.999850	0.000648	0.999278	0.000053	1.000070	0.000066	0.999978	0.000358	0.999364	0.000070	0.999884	0.000096	1.000000	1.000000	
1353354473.805647	0.999999	36.287480	22.783057	5.878866	0.999925	0.003313	0.999981	0.999913	0.999982	0.999896	0.999591	0.000008	1.000405	0.000086	1.000034	0.000092	1.000850	0.000076	0.999892	0.000071	1353354473.805891	0.999998	36.676477	23.180113	5.922054	1.000000	0.999990	1.020517	0.000011	1.001052	0.000063	0.999963	0.000074	0.995588	0.000186	0.999478	0.000013	0.997979	0.000016	1.000000	1.000000	
1353354474.805649	1.000002	36.311103	22.806185	5.874089	1.000041	0.003330	0.999982	0.999934	0.999990	0.999918	0.999255	0.000072	1.001332	0.000050	1.000936	0.000045	0.999879	0.000016	0.999223	0.000107	1353354474.805905	1.000014	36.718630	23.216013	5.907571	1.000000	1.000000	0.999739	0.000213	1.000383	0.000027	0.999757	0.000030	1.000310	0.002555	1.000583	0.000052	1.000338	0.000080	1.000000	1.000000	
1353354475.805647	0.999998	36.320595	22.815977	5.889110	0.999948	0.002950	0.999983	0.999941	0.999991	0.999926	0.999866	0.000014	0.999223	0.000096	0.999607	0.000094	1.000952	0.000069	1.001148	0.000078	1353354475.805887	0.999982	36.712509	23.208911	5.882506	1.000000	1.000000	0.982746	0.000011	0.999314	0.000055	1.000080	0.000082	0.999669	0.000185	0.998154	0.000012	1.000725	0.000016	1.000000	1.000000	
1353354476.805659	1.000012	715813664.193037	715804901.713509	715804760.055850	0.999940	1.000368	0.999941	1.000380	0.999943	1.000380	0.999942	1.000370	0.999944	1.000383	0.999943	1.000363	0.999942	1.000377	0.999942	1.000370	1353354476.805767	0.999880	715873068.334449	715851979.449188	715884682.191560	0.999939	1.000361	0.999938	1.000369	3.896231	0.256743	0.999941	1.000368	0.999941	1.000371	0.999945	1.000371	0.999942	1.000375	0.999942	1.000375	
1353354477.805645	0.999986	0.000000	0.000000	0.000000	-nan	-nan	-nan	-nan	1.000008	inf	-nan	-nan	-nan	0.000000	-nan	-nan	-nan	-nan	-nan	-nan	1353354477.805720	0.999953	0.000000	0.000000	0.000000	-nan	-nan	-nan	-nan	1.345745	inf	-nan	-nan	-nan	-nan	-nan	-nan	-nan	-nan	-nan	-nan	
