ts_0	elapsed_0	pkg_0	pp0_0	dram_0	freq_ratio_0_0	c0_ratio_0_0	freq_ratio_0_1	c0_ratio_0_1	freq_ratio_0_2	c0_ratio_0_2	freq_ratio_0_3	c0_ratio_0_3	freq_ratio_0_4	c0_ratio_0_4	freq_ratio_0_5	c0_ratio_0_5	freq_ratio_0_6	c0_ratio_0_6	freq_ratio_0_7	c0_ratio_0_7	ts_1	elapsed_1	pkg_1	pp0_1	dram_1	freq_ratio_1_0	c0_ratio_1_0	freq_ratio_1_1	c0_ratio_1_1	freq_ratio_1_2	c0_ratio_1_2	freq_ratio_1_3	c0_ratio_1_3	freq_ratio_1_4	c0_ratio_1_4	freq_ratio_1_5	c0_ratio_1_5	freq_ratio_1_6	c0_ratio_1_6	freq_ratio_1_7	c0_ratio_1_7	
1353355194.134245	1.001946	26.451639	13.319387	3.131236	1.155168	0.527624	1.153968	0.516452	1.153489	0.517814	1.155327	0.522738	1.155704	0.529612	1.155506	0.529137	1.153791	0.519669	1.155343	0.523853	1353355194.134481	1.000487	21.014407	7.766481	1.650609	0.728048	0.000082	0.994379	0.259346	0.923118	0.000566	0.706678	0.000144	0.643233	0.000050	0.798546	0.000082	0.539749	0.000034	0.991222	0.000044	
1353355195.134196	0.999951	29.016806	15.873811	2.215319	1.000000	1.000000	1.000069	0.000337	1.000036	0.000149	1.011592	0.000049	1.000000	0.000068	1.000130	0.000068	1.000513	0.000069	1.001761	0.000012	1353355195.134410	0.999929	16.994982	3.760094	1.589301	0.666949	0.000086	1.011530	0.000008	0.649237	0.000144	0.707610	0.000019	0.764980	0.000074	0.703210	0.000019	0.717199	0.000065	0.779154	0.000098	
1353355196.134195	0.999999	29.043317	15.900589	2.950061	1.000000	1.000000	0.999997	0.000287	1.000004	0.000096	0.999987	0.000060	0.999593	0.000019	1.001268	0.000012	0.998732	0.000011	0.999835	0.000054	1353355196.134417	1.000007	17.347155	4.100359	1.595326	0.501026	0.000054	0.601331	0.005797	0.652084	0.000178	0.723105	0.000092	0.709218	0.000018	0.740687	0.000067	0.705268	0.000020	0.674083	0.000021	
1353355197.134200	1.000005	29.161185	16.016582	2.332401	1.000000	1.000000	0.999994	0.006967	1.000047	0.000106	0.999967	0.000012	0.999965	0.000065	0.999735	0.000065	0.999989	0.000067	1.000000	0.000012	1353355197.134413	0.999996	17.289865	4.045945	1.634650	0.652842	0.000089	0.587078	0.000120	0.608416	0.000136	0.713787	0.000019	0.761694	0.000066	0.717376	0.000019	0.724564	0.000064	0.711076	0.000065	
1353355198.134281	1.000081	24.169611	11.030249	2.300778	0.999983	0.589575	0.973998	0.004320	0.826212	0.000140	0.768186	0.000499	0.713594	0.000029	0.530276	0.000027	0.511813	0.000026	0.993142	0.000051	1353355198.134673	1.000260	21.584672	8.347987	1.598705	0.999939	0.410762	0.679944	0.000099	0.708978	0.000157	0.687604	0.000084	1.028682	0.000014	0.751068	0.000067	1.038833	0.000013	1.022555	0.000020	
1353355199.134195	0.999914	17.903961	4.776443	3.660548	0.596886	0.009656	0.882458	0.002739	0.632226	0.000143	0.707390	0.000010	0.921667	0.000052	0.675159	0.000074	0.561227	0.000149	0.570675	0.000022	1353355199.134674	1.000001	28.282490	15.063447	1.690749	1.000000	1.000000	1.000067	0.000012	0.999071	0.000104	0.998994	0.000012	0.994313	0.000046	0.986855	0.000012	0.993575	0.000044	0.998576	0.000153	
1353355200.134194	0.999999	17.552126	4.430943	3.170047	0.608982	0.006235	0.555585	0.000507	0.630301	0.000104	0.707105	0.000082	0.694043	0.000030	0.553072	0.000021	0.682396	0.000018	0.729103	0.000078	1353355200.134548	0.999874	28.306496	15.080603	1.627677	1.000000	1.000000	0.999989	0.000068	1.000867	0.000148	1.000350	0.000067	1.028290	0.000011	1.003276	0.000051	1.023974	0.000012	1.021508	0.000011	
1353355201.134195	1.000001	17.875349	4.754833	3.467373	0.579357	0.010035	0.545388	0.000535	0.626316	0.000131	0.686790	0.000020	0.652897	0.000068	0.988938	0.000044	0.700478	0.000068	0.680951	0.000018	1353355201.134620	1.000072	28.308783	15.079938	1.647525	1.000000	1.000000	1.000031	0.000012	0.999963	0.000105	0.999902	0.000012	1.000000	0.000055	1.000000	0.000011	0.999717	0.000046	0.999592	0.000051	
1353355202.134202	1.000007	715808829.122685	715778175.978790	715777077.972329	0.999939	1.000351	0.999938	1.000362	0.999941	1.000366	0.999940	1.000355	0.999939	1.000352	0.999941	1.000348	0.999941	1.000360	0.999939	1.000354	1353355202.134298	0.999678	716026190.832659	716047966.692229	716049797.929492	0.999940	1.000359	0.999937	1.000355	3.896432	0.256724	0.999938	1.000347	0.999940	1.000355	0.999943	1.000355	0.999938	1.000352	0.999941	1.000361	
1353355203.134319	1.000117	0.000000	0.000000	0.000000	-nan	-nan	-nan	-nan	1.000008	inf	-nan	-nan	-nan	0.000000	-nan	-nan	-nan	-nan	-nan	-nan	1353355203.134399	1.000101	0.000000	0.000000	0.000000	-nan	-nan	-nan	-nan	1.345745	inf	-nan	-nan	-nan	-nan	-nan	-nan	-nan	-nan	-nan	-nan	
