ts_0	elapsed_0	pkg_0	pp0_0	dram_0	freq_ratio_0_0	c0_ratio_0_0	freq_ratio_0_1	c0_ratio_0_1	freq_ratio_0_2	c0_ratio_0_2	freq_ratio_0_3	c0_ratio_0_3	freq_ratio_0_4	c0_ratio_0_4	freq_ratio_0_5	c0_ratio_0_5	freq_ratio_0_6	c0_ratio_0_6	freq_ratio_0_7	c0_ratio_0_7	ts_1	elapsed_1	pkg_1	pp0_1	dram_1	freq_ratio_1_0	c0_ratio_1_0	freq_ratio_1_1	c0_ratio_1_1	freq_ratio_1_2	c0_ratio_1_2	freq_ratio_1_3	c0_ratio_1_3	freq_ratio_1_4	c0_ratio_1_4	freq_ratio_1_5	c0_ratio_1_5	freq_ratio_1_6	c0_ratio_1_6	freq_ratio_1_7	c0_ratio_1_7	
1356746175.293741	1.034332	39.851026	26.289948	5.731834	1.265664	0.016409	1.268808	0.962185	1.267102	0.004619	1.248386	0.000403	1.265521	0.003166	1.192890	0.000096	1.201879	0.000111	1.204987	0.000125	1356746175.294171	1.000870	54.988507	41.275416	7.320795	1.230640	0.893565	1.230737	0.893383	0.906798	0.000213	0.936310	0.000565	0.881698	0.000149	1.242878	0.000176	0.846684	0.000132	1.230777	0.894029	
1356746176.293737	0.999996	47.281884	33.712737	6.041589	1.269178	0.707943	1.269188	0.999548	1.228036	0.000216	1.230998	0.000051	1.268630	0.002145	1.271658	0.000007	1.239798	0.000036	1.293181	0.000006	1356746176.293941	0.999770	52.949316	39.177486	8.131097	1.230753	0.293181	1.257789	0.997684	1.208845	0.000013	1.206702	0.000013	1.231168	0.000055	1.230999	0.000522	1.231837	0.000039	1.257789	0.997685	
1356746177.293737	1.000000	50.375977	36.805756	6.046310	1.269164	0.999380	1.269164	0.999379	1.230808	0.000317	1.230029	0.000007	1.230882	0.000117	1.230975	0.000042	1.227858	0.000029	1.229403	0.000080	1356746177.293944	1.000003	50.742122	36.976463	8.117361	1.230720	0.005332	1.268369	0.993654	1.230654	0.000040	1.240393	0.000068	1.230496	0.000025	1.230174	0.000085	1.230102	0.000010	1.268377	0.993697	
1356746178.293906	1.000169	56.971998	43.398761	6.047577	1.236123	0.999862	1.236124	0.999862	1.230770	0.860297	1.228839	0.000262	1.232769	0.000071	1.309603	0.000006	1.243006	0.000038	1.312075	0.000006	1356746178.294208	1.000264	41.514205	27.750717	8.090928	1.232990	0.000813	1.269145	0.999118	1.191015	0.000014	1.214109	0.000017	1.255042	0.000055	1.259695	0.000067	1.253753	0.000039	1.268670	0.138472	
1356746179.293737	0.999831	55.598265	42.020470	6.037153	1.230763	0.678693	1.243099	0.999741	1.243099	0.999741	1.230824	0.000266	1.230999	0.000090	1.230644	0.000041	1.232148	0.000027	1.231106	0.000054	1356746179.293918	0.999710	43.470443	29.699498	8.105896	1.269207	0.321436	1.269202	0.999825	1.269378	0.000043	1.249654	0.000045	1.265769	0.000028	1.261692	0.000192	1.211729	0.000011	1.263008	0.000241	
1356746180.293737	1.000000	50.426056	36.877258	6.048523	1.230296	0.002070	1.268969	0.997306	1.268969	0.997300	1.229641	0.000294	1.228101	0.000098	1.232418	0.000006	1.229770	0.000035	1.226295	0.000005	1356746180.294062	1.000144	50.618748	36.843358	8.101784	1.269186	0.999635	1.269199	0.999634	1.219513	0.000016	1.232362	0.000280	1.231037	0.000058	1.229399	0.000067	1.231362	0.000041	1.257215	0.000007	
1356746181.293737	1.000000	46.991425	33.438583	6.048340	1.231346	0.001091	1.268324	0.686861	1.268602	0.995145	1.232187	0.002958	1.231682	0.000109	1.233275	0.000039	1.234099	0.000028	1.231592	0.000130	1356746181.294148	1.000086	52.951406	39.183105	8.084341	1.257330	0.999755	1.257330	0.999755	1.230769	0.308665	1.236138	0.000045	1.233679	0.000028	1.232932	0.000087	1.246182	0.000012	1.238735	0.000042	
1356746182.293737	1.000000	42.010712	28.435745	6.067184	1.266314	0.245608	1.239658	0.002755	1.268503	0.997048	1.259936	0.000283	1.260348	0.000071	1.250034	0.000006	1.266491	0.000037	1.250753	0.000006	1356746182.293918	0.999770	56.366148	42.609413	8.103381	1.230742	0.751106	1.240305	0.999554	1.240292	0.999570	1.230026	0.000018	1.230509	0.000055	1.233091	0.000067	1.224055	0.000040	1.185784	0.000011	
1356746183.293737	1.000000	51.150162	37.587585	6.054932	1.234705	0.998491	1.230625	0.003709	1.234704	0.998493	1.230557	0.002958	1.227542	0.000229	1.230515	0.000039	1.230123	0.000027	1.230933	0.000050	1356746183.293895	0.999977	50.968391	37.203473	8.120181	1.242618	0.000014	1.269197	0.999701	1.269197	0.999701	1.218670	0.000043	1.234070	0.000028	1.230535	0.000146	1.262014	0.000011	1.236270	0.000040	
1356746184.293737	1.000000	52.256927	38.705063	6.073303	1.257169	0.991611	1.230771	0.267349	1.257169	0.991590	1.230694	0.005900	1.223605	0.000067	1.202484	0.000006	1.226603	0.000034	1.199974	0.000006	1356746184.294025	1.000130	48.219442	34.458337	8.094392	1.229836	0.000109	1.268916	0.731063	1.268997	0.998583	1.226453	0.000021	1.230769	0.000753	1.250568	0.004404	1.231258	0.000058	1.249723	0.000011	
1356746185.293737	1.000000	51.361664	37.795609	6.005905	1.230762	0.504733	1.240886	0.692207	1.249578	0.998491	1.249010	0.005453	1.233349	0.000111	1.224767	0.000040	1.240109	0.000027	1.226398	0.000055	1356746185.294145	1.000120	47.844955	34.066837	8.110737	1.245415	0.495508	1.230768	0.306645	1.257415	0.999770	1.264757	0.000291	1.267831	0.000028	1.267936	0.002653	1.251603	0.000011	1.240980	0.000038	
1356746186.293737	1.000000	42.801758	29.227905	6.060944	1.269188	0.278346	1.237109	0.000042	1.269207	0.999753	1.268545	0.006255	1.239043	0.000065	1.258511	0.000005	1.250781	0.000034	1.247697	0.000005	1356746186.293906	0.999761	56.195661	42.424991	8.108214	1.241467	0.999881	1.230765	0.721463	1.241468	0.999869	1.228072	0.000014	1.230316	0.000055	1.230197	0.000068	1.216449	0.000038	1.215286	0.000011	
1356746187.293737	1.000000	50.110382	36.544830	6.066422	1.269125	0.999251	1.240701	0.000049	1.269125	0.999250	1.230272	0.000280	1.230757	0.000098	1.239602	0.000053	1.243580	0.000040	1.239093	0.000064	1356746187.293920	1.000014	50.497382	36.749437	8.121147	1.268988	0.997455	1.230567	0.001980	1.268988	0.997454	1.233320	0.000060	1.229167	0.000041	1.230095	0.000121	1.255884	0.000019	1.216794	0.000038	
1356746188.293737	1.000000	50.157074	36.587799	6.053879	1.268861	0.996036	1.230656	0.002618	1.268861	0.996027	1.229910	0.000310	1.227843	0.000101	1.230995	0.000006	1.231197	0.000032	1.229785	0.000006	1356746188.293917	0.999997	50.439976	36.689353	8.069086	1.268786	0.995180	1.230949	0.000287	1.268786	0.995170	1.223129	0.000027	1.231386	0.000055	1.231215	0.000063	1.231862	0.000037	1.230914	0.003693	
1356746189.293737	1.000000	50.002548	36.434708	6.036545	1.268544	0.992092	1.230816	0.005249	1.268543	0.992537	1.230741	0.000258	1.230844	0.000084	1.230564	0.000039	1.229714	0.000028	1.230651	0.000052	1356746189.293919	1.000002	50.402812	36.661627	8.114715	1.268786	0.995998	1.229360	0.000041	1.268787	0.995999	1.211348	0.000037	1.228403	0.000027	1.230719	0.002994	1.205121	0.000011	1.225890	0.000043	
1356746190.293737	1.000000	52.108627	38.538391	6.071213	1.259048	0.999498	1.230770	0.263274	1.259048	0.999508	1.229667	0.000315	1.228129	0.000097	1.227524	0.000006	1.230222	0.000035	1.232412	0.000006	1356746190.294033	1.000114	47.685529	33.923746	8.092980	1.268195	0.728317	1.242001	0.000015	1.268467	0.991793	1.232585	0.000281	1.230792	0.000054	1.230911	0.006149	1.232956	0.000036	1.282782	0.000011	
1356746191.293737	1.000000	57.921326	44.336823	6.042633	1.230765	0.999956	1.230765	0.999956	1.230765	0.999956	1.230807	0.000244	1.230822	0.000089	1.231334	0.000040	1.231652	0.000029	1.230603	0.000043	1356746191.294029	0.999996	40.033030	26.256576	8.060671	1.245537	0.000013	1.270188	0.000045	1.269225	0.999937	1.272720	0.000041	1.270723	0.000028	1.270931	0.000105	1.270939	0.000012	1.265078	0.000039	
1356746192.293737	1.000000	55.533066	41.945694	6.030518	1.230760	0.700678	1.242259	0.999806	1.242259	0.999806	1.229848	0.000287	1.226706	0.000070	1.229379	0.000006	1.230695	0.000034	1.232430	0.000006	1356746192.293918	0.999889	43.239103	29.471139	8.127856	1.235212	0.002049	1.268167	0.297198	1.268906	0.997659	1.201675	0.000018	1.269458	0.000059	1.255409	0.000067	1.272112	0.000041	1.249555	0.000011	
1356746193.293737	1.000000	50.336212	36.782974	6.064651	1.230656	0.000051	1.269166	0.999358	1.269166	0.999353	1.230823	0.000288	1.230774	0.000093	1.230530	0.000040	1.230354	0.000028	1.230750	0.000047	1356746193.293915	0.999997	50.944601	37.175149	8.134638	1.230706	0.005901	1.268382	0.992434	1.268382	0.992427	1.237831	0.000045	1.230455	0.000026	1.229398	0.000082	1.218393	0.000011	1.231418	0.000038	
1356746194.293737	1.000000	50.329208	36.777145	6.041153	1.230772	0.000233	1.269166	0.999452	1.269166	0.999451	1.229643	0.000314	1.224094	0.000069	1.202099	0.000006	1.226559	0.000035	1.202647	0.000005	1356746194.293922	1.000007	50.968443	37.199557	8.089040	1.230750	0.005995	1.268190	0.992327	1.268189	0.992316	1.228687	0.000017	1.229431	0.000053	1.230959	0.001734	1.233994	0.000036	1.231452	0.000011	
1356746195.293737	1.000000	50.314438	36.759155	6.045197	1.230131	0.000043	1.269165	0.999355	1.269165	0.999349	1.230799	0.000269	1.231841	0.000121	1.235040	0.000041	1.235679	0.000028	1.234390	0.000040	1356746195.293920	0.999998	51.106772	37.328929	8.099045	1.230801	0.005697	1.266371	0.992700	1.266371	0.992689	1.232404	0.000306	1.232879	0.000027	1.226180	0.000098	1.233142	0.000011	1.230793	0.000040	
1356746196.293737	1.000000	50.614334	37.053680	6.055695	1.164416	0.003088	1.259900	0.999360	1.259900	0.999355	1.164546	0.002804	1.158477	0.002601	1.155877	0.002473	1.162360	0.002637	1.154901	0.002287	1356746196.293920	1.000000	51.201065	37.432892	8.094101	1.194170	0.005417	1.260369	0.996372	1.260368	0.996365	1.155529	0.002526	1.156098	0.002693	1.160892	0.003580	1.155965	0.002475	1.155955	0.002500	
1356746197.293737	1.000000	47.510437	33.967758	6.047668	1.238437	0.000040	1.269112	0.704832	1.269145	0.999127	1.242760	0.000244	1.232215	0.000087	1.218891	0.000033	1.264603	0.002968	1.221188	0.000038	1356746197.294150	1.000230	53.191726	39.419047	8.063391	1.230768	0.294578	1.257876	0.999830	1.257877	0.999830	1.226707	0.000039	1.232999	0.000028	1.228525	0.000095	1.252021	0.000012	1.235853	0.000037	
1356746198.293737	1.000000	43.918457	30.363770	6.018250	1.233101	0.270476	1.236502	0.000042	1.259425	0.999646	1.247729	0.000300	1.228474	0.000067	1.245484	0.000005	1.268829	0.005246	1.244394	0.000005	1356746198.293916	0.999766	56.480266	42.707865	8.092988	1.230764	0.729441	1.241164	0.999891	1.241164	0.999891	1.219145	0.000014	1.227850	0.000054	1.227058	0.000063	1.206048	0.000038	1.208402	0.000011	
1356746199.293737	1.000000	50.080383	36.502670	6.047318	1.269162	0.999315	1.261072	0.000017	1.269162	0.999314	1.230205	0.000265	1.230761	0.000100	1.240538	0.000053	1.243373	0.000041	1.240545	0.000055	1356746199.293925	1.000009	51.034465	37.255064	8.113086	1.240608	0.000027	1.269192	0.999656	1.269191	0.999657	1.223216	0.000060	1.235837	0.000041	1.231919	0.000154	1.269871	0.000019	1.220576	0.000038	
1356746200.293737	1.000000	48.478989	34.907684	6.054398	1.267922	0.794132	1.251563	0.002178	1.268183	0.998326	1.232235	0.000297	1.228058	0.000095	1.230369	0.000006	1.230501	0.000035	1.229367	0.000005	1356746200.294044	1.000119	52.529380	38.758695	8.139153	1.230767	0.206090	1.261139	0.997960	1.261140	0.997956	1.233356	0.000295	1.227480	0.000055	1.227654	0.000063	1.224485	0.000038	1.238725	0.000031	
1356746201.293737	1.000000	43.369751	29.810410	6.054825	1.239604	0.254530	1.265908	0.004727	1.261658	0.999274	1.247182	0.000252	1.231854	0.000089	1.233404	0.000041	1.234833	0.000029	1.232919	0.000058	1356746201.294156	1.000112	56.657912	42.887955	8.120367	1.230765	0.745320	1.240511	0.999676	1.240511	0.999676	1.231223	0.000037	1.235331	0.000027	1.231260	0.000484	1.256417	0.000012	1.241610	0.000043	
1356746202.293737	1.000000	42.298828	28.725342	6.078995	1.266809	0.246471	1.259813	0.006514	1.268620	0.997886	1.259252	0.000296	1.250174	0.000067	1.253908	0.000006	1.265858	0.000034	1.248655	0.000006	1356746202.293916	0.999760	56.661065	42.884930	8.122067	1.230763	0.751453	1.240318	0.999914	1.240318	0.999913	1.236754	0.000014	1.229159	0.000055	1.225868	0.000063	1.219796	0.000037	1.189722	0.000011	
1356746203.293737	1.000000	50.204681	36.633835	6.060074	1.268696	0.994206	1.230742	0.003977	1.268695	0.994201	1.230749	0.000267	1.230665	0.000083	1.229774	0.000040	1.230435	0.000029	1.230449	0.000041	1356746203.293919	1.000003	51.124857	37.344763	8.101110	1.266113	0.000013	1.268948	0.996963	1.268947	0.996959	1.212206	0.000046	1.230704	0.000028	1.230858	0.002374	1.257643	0.000011	1.241746	0.000037	
1356746204.293737	1.000000	50.120682	36.548981	6.047577	1.269004	0.998177	1.226966	0.000320	1.269004	0.998171	1.229872	0.000365	1.230290	0.001020	1.228699	0.000069	1.225982	0.000035	1.228070	0.000056	1356746204.293924	1.000005	51.098179	37.316174	8.123678	1.227989	0.000195	1.268619	0.995808	1.268620	0.995804	1.231142	0.000081	1.231087	0.000297	1.230745	0.004703	1.230342	0.000090	1.227231	0.000056	
1356746205.293737	1.000000	50.116974	36.548416	6.060394	1.269173	0.999441	1.266001	0.000005	1.269173	0.999434	1.230947	0.000246	1.232343	0.000116	1.234168	0.000037	1.236958	0.000029	1.233890	0.000048	1356746205.293917	0.999993	51.109438	37.329802	8.102458	1.232418	0.000038	1.269148	0.999593	1.269148	0.999593	1.232607	0.000315	1.229450	0.000029	1.233115	0.000089	1.228897	0.000011	1.230097	0.000039	
1356746206.293737	1.000000	52.497955	38.921509	6.029846	1.256944	0.999578	1.230765	0.318216	1.256945	0.999588	1.229565	0.000309	1.227089	0.000069	1.234672	0.000006	1.229699	0.000035	1.231461	0.000006	1356746206.294026	1.000109	47.622039	33.838018	8.095294	1.241942	0.000053	1.269172	0.681061	1.269186	0.999580	1.241561	0.000017	1.232358	0.000055	1.228455	0.000064	1.232628	0.000241	1.265067	0.000011	
1356746207.293737	1.000000	57.783249	44.185898	6.042755	1.230765	0.999956	1.230765	0.999956	1.230765	0.999956	1.230726	0.000249	1.230625	0.000086	1.230795	0.000040	1.231287	0.000028	1.230853	0.000041	1356746207.294030	1.000004	40.210576	26.435440	8.078703	1.275141	0.000013	1.269182	0.001952	1.269225	0.999934	1.257305	0.000043	1.268984	0.000028	1.268959	0.000106	1.276648	0.000007	1.268185	0.000039	
1356746208.293737	1.000000	57.323898	43.744720	6.036255	1.230765	0.932063	1.233366	0.999881	1.233366	0.999881	1.229732	0.000309	1.226829	0.000068	1.228703	0.000006	1.231039	0.000033	1.233427	0.000006	1356746208.294031	1.000001	40.960929	27.202443	8.073173	1.268201	0.067291	1.264167	0.004541	1.269151	0.999118	1.244098	0.000019	1.269201	0.000054	1.270541	0.000062	1.269167	0.000043	1.261348	0.000011	
1356746209.293737	1.000000	57.805710	44.203476	6.054794	1.230760	0.999890	1.230759	0.999890	1.230760	0.999890	1.229278	0.000330	1.219384	0.000142	1.212953	0.000079	1.227364	0.000028	1.220680	0.000053	1356746209.293889	0.999858	40.037153	26.267343	8.111977	1.273893	0.000013	1.263652	0.000038	1.269220	0.999888	1.269065	0.000096	1.253493	0.000099	1.264962	0.000164	1.248776	0.000011	1.263571	0.000040	
1356746210.293737	1.000000	55.650421	42.056458	6.073242	1.230762	0.699692	1.242297	0.999793	1.242296	0.999793	1.230205	0.000286	1.225990	0.000097	1.214286	0.000006	1.212373	0.000036	1.232662	0.000006	1356746210.293915	1.000026	43.256658	29.496716	8.080280	1.235377	0.001981	1.268588	0.298291	1.269031	0.997790	1.268928	0.000257	1.272953	0.000062	1.272090	0.000066	1.261261	0.000039	1.270693	0.000011	
1356746211.293737	1.000000	50.502823	36.941086	6.065643	1.231990	0.000069	1.269154	0.999227	1.269155	0.999220	1.230273	0.000274	1.230776	0.000134	1.239954	0.000056	1.243009	0.000041	1.240254	0.000055	1356746211.293918	1.000003	50.940485	37.176521	8.116155	1.230719	0.004243	1.268721	0.994471	1.268720	0.994468	1.231070	0.000053	1.225983	0.000039	1.230326	0.000123	1.256012	0.000019	1.217570	0.000037	
1356746212.293737	1.000000	50.435333	36.876862	6.034668	1.230617	0.000236	1.269166	0.999452	1.269166	0.999447	1.229697	0.000308	1.226974	0.000071	1.232946	0.000006	1.231050	0.000034	1.226449	0.000005	1356746212.293925	1.000007	50.984572	37.212450	8.080160	1.235009	0.000051	1.269165	0.999666	1.269166	0.999665	1.218316	0.000014	1.228659	0.000058	1.228819	0.000101	1.223467	0.000038	1.239197	0.000031	
1356746213.293737	1.000000	50.390213	36.833557	6.065735	1.230750	0.000059	1.269165	0.999357	1.269166	0.999351	1.230808	0.000261	1.230732	0.000089	1.230460	0.000040	1.230192	0.000030	1.230928	0.000049	1356746213.293927	1.000002	51.017405	37.247167	8.121048	1.234105	0.000014	1.269197	0.999721	1.269198	0.999720	1.221066	0.000045	1.234318	0.000029	1.232118	0.000142	1.252281	0.000011	1.235960	0.000038	
1356746214.293737	1.000000	50.395081	36.841202	6.054016	1.230727	0.001601	1.269021	0.997872	1.269021	0.997862	1.230752	0.000287	1.228777	0.000070	1.205458	0.000006	1.226078	0.000035	1.201568	0.000005	1356746214.293923	0.999996	51.037377	37.267241	8.082903	1.230690	0.000057	1.269087	0.999509	1.269087	0.999509	1.232389	0.000015	1.232718	0.000056	1.230668	0.001851	1.226181	0.000037	1.208916	0.000011	
1356746215.293737	1.000000	48.279861	34.724182	6.060898	1.231959	0.004594	1.268457	0.781337	1.268595	0.993133	1.239852	0.000282	1.259974	0.002648	1.245802	0.000131	1.243297	0.000122	1.237467	0.000039	1356746215.294150	1.000227	52.565233	38.803128	8.094797	1.230767	0.212632	1.260999	0.999658	1.260999	0.999657	1.232679	0.000303	1.203742	0.000028	1.233131	0.000101	1.259865	0.000012	1.244690	0.000038	
1356746216.293737	1.000000	41.100403	27.546509	6.030472	1.266507	0.000230	1.250138	0.000039	1.269215	0.999861	1.268806	0.003419	1.269007	0.005538	1.251269	0.000006	1.265824	0.000032	1.251447	0.000006	1356746216.293922	0.999772	58.424098	44.649871	8.099899	1.230766	0.999952	1.230752	0.999953	1.230765	0.999953	1.225440	0.000015	1.233267	0.000239	1.229389	0.000064	1.225393	0.000039	1.208028	0.000011	
1356746217.293737	1.000000	48.139389	34.570938	6.072906	1.268252	0.803148	1.230379	0.000006	1.268432	0.994802	1.242940	0.005702	1.239145	0.000083	1.230919	0.000039	1.231031	0.000027	1.233917	0.000045	1356746217.293906	0.999984	52.495071	38.718972	8.094398	1.230754	0.191523	1.261477	0.995996	1.261464	0.995996	1.233690	0.000040	1.230834	0.000224	1.230632	0.002958	1.253014	0.000011	1.229829	0.000037	
1356746218.293737	1.000000	52.131363	38.551727	6.060425	1.258976	0.999538	1.230770	0.265304	1.258976	0.999544	1.230123	0.000516	1.226905	0.000067	1.225665	0.000005	1.230193	0.000036	1.239156	0.000005	1356746218.294028	1.000122	48.331396	34.559243	8.117890	1.244313	0.000052	1.267962	0.726397	1.268300	0.991928	1.150418	0.000015	1.230641	0.000052	1.240869	0.008179	1.220462	0.000035	1.265318	0.000011	
1356746219.293737	1.000000	56.197189	42.603088	6.042480	1.230763	0.784707	1.239032	0.999848	1.239032	0.999848	1.230883	0.000282	1.230925	0.000084	1.231247	0.000040	1.231038	0.000027	1.229998	0.000040	1356746219.293915	0.999887	42.722190	28.957069	8.118517	1.268072	0.213102	1.259296	0.000033	1.268979	0.997609	1.274735	0.000039	1.259383	0.000027	1.261129	0.008301	1.245767	0.000011	1.269559	0.000035	
1356746220.293737	1.000000	52.323914	38.776001	6.054504	1.230772	0.253458	1.259427	0.999516	1.259427	0.999515	1.229540	0.000304	1.227714	0.000096	1.229421	0.000006	1.230691	0.000033	1.227701	0.000006	1356746220.294024	1.000109	47.966270	34.188169	8.123444	1.268060	0.738238	1.244191	0.000014	1.268357	0.991723	1.234276	0.000289	1.229833	0.000055	1.240288	0.008206	1.231584	0.000039	1.237605	0.000011	
1356746221.293737	1.000000	57.922256	44.319183	6.023041	1.230525	0.999887	1.230525	0.999887	1.230525	0.999887	1.161217	0.003029	1.156384	0.002836	1.154545	0.002674	1.158286	0.002894	1.155184	0.002667	1356746221.293888	0.999864	40.355628	26.596571	8.086914	1.155532	0.002690	1.155717	0.002719	1.268868	0.999872	1.155226	0.002682	1.155413	0.002654	1.219843	0.006937	1.155689	0.002685	1.155463	0.002675	
1356746222.293737	1.000000	55.881561	42.281250	6.048508	1.230763	0.727690	1.240970	0.998000	1.240970	0.997997	1.230651	0.002206	1.225620	0.000079	1.218935	0.000006	1.214006	0.000037	1.228456	0.000006	1356746222.293915	1.000027	42.911091	29.143120	8.094234	1.269223	0.272432	1.259760	0.000036	1.269222	0.999900	1.274382	0.000041	1.271010	0.000239	1.268987	0.000442	1.249134	0.000039	1.229770	0.000011	
1356746223.293738	1.000001	50.538465	36.979579	6.066477	1.230777	0.001284	1.268958	0.996932	1.268925	0.996975	1.230758	0.000835	1.230739	0.000103	1.240133	0.000054	1.242892	0.000042	1.238995	0.000066	1356746223.293924	1.000009	50.449372	36.672428	8.104312	1.269084	0.998452	1.229848	0.000079	1.269084	0.998449	1.221068	0.000062	1.230565	0.001011	1.228976	0.000094	1.243742	0.000019	1.214268	0.000040	
1356746224.293737	0.999999	52.283116	38.720298	6.053900	1.230772	0.241456	1.259891	0.999546	1.259892	0.999545	1.230547	0.000292	1.228694	0.000069	1.206099	0.000006	1.224621	0.000036	1.203221	0.000006	1356746224.294030	1.000106	47.918164	34.140329	8.056106	1.268590	0.754238	1.233247	0.000039	1.268743	0.995731	1.232229	0.000018	1.231433	0.000383	1.230899	0.001732	1.232676	0.000042	1.231215	0.002823	
1356746225.293737	1.000000	57.603821	43.996002	6.030121	1.230765	0.964689	1.232117	0.999912	1.232117	0.999912	1.231005	0.000257	1.232045	0.000115	1.233845	0.000042	1.238054	0.000029	1.232681	0.000089	1356746225.293926	0.999896	40.388628	26.616414	8.077347	1.252664	0.000390	1.268589	0.035281	1.269204	0.999707	1.271181	0.000282	1.277138	0.000029	1.272212	0.000071	1.267990	0.000011	1.265112	0.000038	
1356746226.293737	1.000000	50.550186	36.987930	6.047440	1.230738	0.000231	1.269168	0.999476	1.269168	0.999472	1.229760	0.000297	1.226272	0.000070	1.231923	0.000006	1.231013	0.000036	1.232171	0.000006	1356746226.293918	0.999992	50.874710	37.114116	8.109136	1.230645	0.004932	1.268717	0.994401	1.268717	0.994394	1.234229	0.000014	1.228502	0.000054	1.223613	0.000042	1.231515	0.000036	1.230303	0.000011	
1356746227.293737	1.000000	50.448883	36.892593	6.041992	1.230396	0.000041	1.269168	0.999381	1.269168	0.999380	1.230762	0.000274	1.230756	0.000092	1.230984	0.000040	1.230572	0.000028	1.230648	0.000040	1356746227.293911	0.999993	50.938340	37.176374	8.117534	1.230793	0.004892	1.268716	0.994427	1.268716	0.994421	1.224163	0.000042	1.219160	0.000026	1.228313	0.000083	1.207812	0.000011	1.222359	0.000036	
1356746228.293737	1.000000	50.453720	36.899033	6.028564	1.230735	0.000240	1.269162	0.999418	1.269162	0.999414	1.230781	0.000315	1.231104	0.000067	1.227044	0.000006	1.230990	0.000033	1.230471	0.000005	1356746228.293914	1.000003	50.946207	37.178382	8.121801	1.230736	0.004934	1.268716	0.994348	1.268716	0.994399	1.223927	0.000014	1.231074	0.000055	1.230115	0.000042	1.228887	0.000037	1.254960	0.000011	
1356746229.293737	1.000000	50.398331	36.840408	6.070999	1.230786	0.000231	1.269163	0.999399	1.269163	0.999391	1.230663	0.000258	1.230646	0.000093	1.231095	0.000039	1.230131	0.000028	1.230414	0.000052	1356746229.293914	1.000000	50.951508	37.178741	8.142654	1.230635	0.004890	1.268712	0.994413	1.268712	0.994405	1.220439	0.000041	1.236612	0.000027	1.233351	0.000106	1.256626	0.000011	1.231537	0.000036	
1356746230.293737	1.000000	50.413162	36.855896	6.039352	1.230750	0.000232	1.269163	0.999429	1.269163	0.999423	1.229691	0.000301	1.227893	0.000098	1.232528	0.000005	1.230753	0.000035	1.232918	0.000005	1356746230.293924	1.000010	50.979134	37.203103	8.091167	1.230826	0.004934	1.268687	0.994222	1.268687	0.994210	1.232564	0.000341	1.229554	0.000053	1.225758	0.000042	1.224329	0.000036	1.216392	0.000011	
1356746231.293737	1.000000	50.511673	36.957443	6.058716	1.230543	0.000045	1.269166	0.999360	1.269166	0.999353	1.230905	0.000280	1.231061	0.000095	1.230697	0.000041	1.230968	0.000028	1.230780	0.000042	1356746231.293917	0.999993	51.010851	37.232984	8.135051	1.230654	0.001702	1.268970	0.997745	1.268970	0.997742	1.230703	0.000422	1.241862	0.000029	1.233683	0.000082	1.252616	0.000011	1.239844	0.000037	
1356746232.293737	1.000000	47.621948	34.067780	6.060410	1.234728	0.000275	1.269098	0.726827	1.269132	0.999102	1.259433	0.002228	1.232292	0.000070	1.247749	0.000006	1.233629	0.000035	1.248364	0.000006	1356746232.294146	1.000229	53.026437	39.254855	8.089045	1.230770	0.272637	1.258721	0.999808	1.258721	0.999807	1.235617	0.000014	1.228140	0.000112	1.230405	0.000045	1.234307	0.000040	1.229027	0.000011	
1356746233.293737	1.000000	40.281433	26.718674	6.054367	1.269241	0.062282	1.237517	0.000006	1.269224	0.999924	1.268989	0.003966	1.259272	0.000087	1.252884	0.000039	1.265019	0.000027	1.257095	0.000054	1356746233.293908	0.999762	57.999442	44.240721	8.106513	1.230765	0.937491	1.233073	0.999484	1.233074	0.999484	1.230755	0.002105	1.233543	0.000027	1.230816	0.000070	1.210370	0.000011	1.232261	0.000037	
1356746234.293737	1.000000	52.147141	38.575378	6.054138	1.259435	0.999521	1.230769	0.253277	1.259436	0.999524	1.229729	0.000323	1.224807	0.000070	1.212952	0.000006	1.213429	0.000035	1.211550	0.000006	1356746234.294028	1.000120	48.525904	34.730561	8.098959	1.248266	0.000047	1.268383	0.740971	1.268596	0.994532	1.243674	0.006674	1.231074	0.000051	1.230759	0.001721	1.222538	0.000036	1.242935	0.000011	
1356746235.293737	1.000000	51.650146	38.104172	6.054276	1.230727	0.154745	1.262255	0.993113	1.262254	0.993105	1.230783	0.002982	1.231469	0.000257	1.230985	0.002347	1.246452	0.000039	1.241184	0.000061	1356746235.293921	0.999893	48.902284	35.149622	8.094647	1.269192	0.845192	1.232469	0.000056	1.269191	0.999581	1.265853	0.001163	1.235901	0.000041	1.236040	0.000090	1.264071	0.000020	1.220174	0.000037	
1356746236.293737	1.000000	50.467285	36.918137	6.054459	1.226278	0.000309	1.269155	0.999430	1.269154	0.999438	1.227584	0.000320	1.226795	0.000093	1.206199	0.000017	1.217359	0.000051	1.206230	0.000076	1356746236.293918	0.999997	50.493458	36.737098	8.113673	1.268869	0.996125	1.222254	0.000080	1.268869	0.996125	1.230580	0.003108	1.228235	0.000058	1.221912	0.000076	1.211326	0.000061	1.226973	0.000039	
1356746237.293737	1.000000	50.490509	36.939590	6.071182	1.230811	0.000040	1.268972	0.997232	1.268972	0.997228	1.230766	0.000275	1.231015	0.000095	1.230733	0.001903	1.230391	0.000028	1.230731	0.000057	1356746237.293915	0.999997	50.487736	36.730583	8.099512	1.268795	0.995285	1.226824	0.000041	1.268795	0.995278	1.230805	0.003893	1.237786	0.000027	1.231809	0.000075	1.252865	0.000011	1.243818	0.000036	
1356746238.293737	1.000000	45.272324	31.721146	6.042236	1.265034	0.000243	1.268261	0.505850	1.268730	0.996257	1.251462	0.000292	1.238769	0.000064	1.240388	0.003914	1.267957	0.000034	1.250924	0.000006	1356746238.294146	1.000231	54.288499	40.533437	8.090996	1.250270	0.999883	1.230768	0.492555	1.250270	0.999893	1.227867	0.000034	1.229123	0.000055	1.225295	0.000044	1.229741	0.000038	1.238252	0.000011	
1356746239.293737	1.000000	39.633575	26.072098	6.048782	1.269202	0.000043	1.269244	0.003691	1.269223	0.999913	1.269191	0.000249	1.269180	0.000086	1.269315	0.000037	1.268204	0.000028	1.268908	0.000042	1356746239.294146	1.000000	58.361816	44.587387	8.055374	1.230765	0.999957	1.230765	0.999957	1.230765	0.999957	1.219949	0.000058	1.228052	0.000028	1.230735	0.000136	1.208618	0.000012	1.228583	0.000036	
1356746240.293737	1.000000	47.100632	33.530838	6.048294	1.269176	0.721856	1.224164	0.000045	1.269186	0.999547	1.237603	0.000308	1.254555	0.000094	1.250135	0.000006	1.232871	0.000034	1.251164	0.000006	1356746240.293914	0.999768	53.148453	39.367027	8.068018	1.230753	0.279297	1.258308	0.997481	1.258307	0.997477	1.233113	0.000279	1.233258	0.000057	1.230878	0.000245	1.230493	0.000039	1.170205	0.000011	
1356746241.293737	1.000000	50.203156	36.629944	6.026505	1.269164	0.999333	1.226816	0.000006	1.269164	0.999334	1.230808	0.000266	1.230810	0.000111	1.230981	0.000040	1.230696	0.000028	1.230841	0.000078	1356746241.293913	0.999999	51.125384	37.331975	8.105766	1.230752	0.005828	1.266733	0.992733	1.266733	0.992728	1.232046	0.000051	1.226542	0.000027	1.233284	0.000069	1.209072	0.000012	1.237591	0.000037	
1356746242.293737	1.000000	50.239166	36.669724	6.035919	1.269171	0.999421	1.226876	0.000059	1.269171	0.999418	1.229811	0.000310	1.227025	0.000068	1.227582	0.000006	1.230714	0.000035	1.229422	0.000006	1356746242.293905	0.999992	51.223056	37.440367	8.097676	1.230852	0.005709	1.257676	0.994398	1.257676	0.994391	1.233866	0.000034	1.233116	0.000053	1.228437	0.000043	1.232118	0.000036	1.208367	0.000011	
1356746243.293737	1.000000	41.899338	28.425537	4.259384	1.269154	0.328568	1.267524	0.000058	1.269204	0.999753	1.253819	0.000254	1.252417	0.000102	1.264935	0.000054	1.267039	0.000041	1.265082	0.000054	1356746243.294151	1.000246	38.468715	25.012538	3.795819	1.230396	0.001445	1.230762	0.328401	1.230762	0.328386	1.266343	0.000092	1.259740	0.000042	1.249889	0.000094	1.254969	0.000011	1.265906	0.000055	
1356746244.293743	1.000006	37.829685	24.395332	3.276912	1.268512	0.000239	1.256630	0.000055	1.269221	0.999912	1.267260	0.000301	1.259540	0.000080	1.230106	0.000005	1.264327	0.000040	1.227399	0.000005	1356746244.294153	1.000002	17.301862	4.024147	1.658551	0.843515	0.000163	0.576552	0.000029	0.687928	0.000025	0.622511	0.000080	0.734093	0.000110	1.141122	0.001888	0.774910	0.000069	0.711857	0.000024	
1356746245.293736	0.999993	37.780947	24.347062	3.248741	1.269315	0.000056	1.313638	0.000005	1.269225	0.999933	1.269268	0.000225	1.271078	0.000137	1.264058	0.000060	1.273608	0.000048	1.262923	0.000053	1356746245.294153	1.000000	17.198776	3.945236	1.616379	0.968545	0.000056	0.745730	0.000079	0.718563	0.000083	0.781951	0.000508	0.794239	0.000056	0.659081	0.000157	0.699021	0.000024	0.833252	0.000069	
1356746246.293736	1.000000	40.394363	26.960236	3.222534	1.167491	0.003458	1.163181	0.003301	1.257072	0.999350	1.165460	0.002877	1.159023	0.002512	1.157090	0.002394	1.166844	0.002669	1.157303	0.002201	1356746246.293917	0.999764	20.268853	7.031933	1.629169	1.141627	0.002049	1.156681	0.001916	1.154776	0.001810	1.163074	0.003817	1.154650	0.001956	1.136488	0.001740	1.157239	0.001474	1.162462	0.001729	
1356746247.293736	1.000000	37.747238	24.314560	3.236023	1.269139	0.000088	1.304610	0.000016	1.269224	0.999967	1.268402	0.000265	1.268746	0.000130	1.276077	0.000064	1.277531	0.000052	1.260224	0.000059	1356746247.294155	1.000238	17.161780	3.925198	1.620815	0.536324	0.000062	0.678585	0.000113	0.674733	0.000112	0.713264	0.000158	0.592718	0.000101	0.656270	0.000211	0.596041	0.000052	0.731603	0.000065	
1356746248.293736	1.000000	37.715134	24.283615	3.230148	1.267931	0.000266	1.260129	0.000060	1.269221	0.999913	1.267112	0.000273	1.262962	0.000085	1.267936	0.000006	1.269275	0.000043	1.269492	0.000006	1356746248.294149	0.999994	17.093669	3.861931	1.610895	0.648492	0.000105	0.675775	0.000026	0.683438	0.000024	0.654489	0.000074	0.744465	0.000110	0.619183	0.000104	0.807376	0.000067	0.754037	0.000108	
1356746249.293766	1.000030	37.938741	24.506298	3.326621	1.268945	0.000436	1.273643	0.000006	1.269211	0.999830	1.268248	0.000204	1.257579	0.000129	1.239472	0.000042	1.234343	0.000053	1.238095	0.000079	1356746249.294193	1.000044	17.159994	3.934244	1.718461	0.536054	0.000026	0.748371	0.000077	0.775122	0.000074	0.742171	0.000122	0.740154	0.000057	0.679174	0.000237	0.807240	0.000017	1.011875	0.000117	
1356746250.293753	0.999987	39.074609	25.575927	5.423609	1.257245	0.007289	0.797363	0.002366	1.268215	0.969370	1.239042	0.000456	0.959899	0.000593	1.246604	0.000264	1.242400	0.000272	1.173582	0.000235	1356746250.293948	0.999755	17.351024	4.122470	2.623140	0.499122	0.000991	0.725955	0.000682	0.714479	0.000669	0.828805	0.000635	0.629721	0.000640	0.943654	0.000383	0.707541	0.000709	1.049295	0.000296	
1356746251.293767	1.000014	715791550.280496	715772862.790026	715788568.978347	0.999918	1.000692	0.999917	1.000703	0.999926	1.000693	0.999919	1.000695	0.999919	1.000701	0.999920	1.000689	0.999920	1.000704	0.999918	1.000692	1356746251.293852	0.999904	715878472.950247	715854636.756116	715882111.024809	0.999918	1.000694	0.999916	1.000695	3.897920	0.256707	0.999917	1.000689	0.999920	1.000703	0.999922	1.000696	0.999919	1.000701	0.999920	1.000702	
1356746252.293844	1.000077	0.000000	0.000000	0.000000	-nan	-nan	-nan	-nan	0.000000	inf	-nan	-nan	-nan	0.000000	-nan	-nan	-nan	-nan	-nan	-nan	1356746252.293928	1.000076	0.000000	0.000000	0.000000	-nan	-nan	-nan	-nan	0.000000	inf	-nan	-nan	-nan	-nan	-nan	-nan	-nan	-nan	-nan	-nan	
