ts_0	elapsed_0	pkg_0	pp0_0	dram_0	freq_ratio_0_0	c0_ratio_0_0	freq_ratio_0_1	c0_ratio_0_1	freq_ratio_0_2	c0_ratio_0_2	freq_ratio_0_3	c0_ratio_0_3	freq_ratio_0_4	c0_ratio_0_4	freq_ratio_0_5	c0_ratio_0_5	freq_ratio_0_6	c0_ratio_0_6	freq_ratio_0_7	c0_ratio_0_7	ts_1	elapsed_1	pkg_1	pp0_1	dram_1	freq_ratio_1_0	c0_ratio_1_0	freq_ratio_1_1	c0_ratio_1_1	freq_ratio_1_2	c0_ratio_1_2	freq_ratio_1_3	c0_ratio_1_3	freq_ratio_1_4	c0_ratio_1_4	freq_ratio_1_5	c0_ratio_1_5	freq_ratio_1_6	c0_ratio_1_6	freq_ratio_1_7	c0_ratio_1_7	
1356619161.631519	1.002641	88.367744	74.647585	7.190118	1.158555	0.939308	1.163588	0.987388	1.158219	0.936870	1.158287	0.936290	1.155496	0.901614	1.154238	0.870743	1.153848	0.862013	1.153844	0.754116	1356619161.631592	1.000513	85.823016	71.998048	7.288695	1.153651	0.939143	1.153835	0.938308	1.153779	0.938122	1.153855	0.938119	1.153852	0.937857	1.153841	0.937746	1.153824	0.937691	1.153823	0.939691	
1356619162.631515	0.999996	97.179151	83.262926	7.762498	1.153846	1.000000	1.153846	1.000000	1.153846	1.000000	1.153846	1.000000	1.153846	1.000000	1.153846	1.000000	1.153847	1.000000	1.153846	1.000000	1356619162.631574	0.999982	92.423650	78.328000	8.963326	1.153846	1.000000	1.153846	1.000000	1.153846	1.000000	1.153846	1.000000	1.153846	1.000000	1.153846	1.000000	1.153846	1.000000	1.153846	1.000000	
1356619163.631514	0.999999	97.256822	83.342975	7.860435	1.153846	0.999902	1.153851	0.999979	1.153850	0.999965	1.153846	0.999888	1.153846	0.999901	1.153846	0.999869	1.153846	0.999900	1.153846	0.999898	1356619163.631577	1.000003	92.402561	78.317735	8.877414	1.153850	0.999957	1.153850	0.999967	1.153846	0.999868	1.153846	0.999901	1.153845	0.999907	1.153846	0.999899	1.153850	0.999970	1.153850	0.999978	
1356619164.631514	1.000000	97.616287	83.722290	7.635895	1.153849	0.999733	1.153853	0.999770	1.153846	0.999683	1.153848	0.999721	1.153847	0.999732	1.153846	0.999687	1.153845	0.999686	1.153846	0.999685	1356619164.631582	1.000005	92.505442	78.462483	8.732165	1.153846	0.999743	1.153846	0.999764	1.153846	0.999717	1.153846	0.999745	1.153854	0.999978	1.153853	0.999977	1.153846	0.999757	1.153853	0.999977	
1356619165.631514	1.000000	97.884079	83.923309	7.987549	1.153846	1.000000	1.153846	1.000001	1.153846	1.000000	1.153847	1.000001	1.153847	1.000000	1.153847	1.000000	1.153846	1.000000	1.153846	1.000000	1356619165.631576	0.999994	92.681812	78.564647	8.860298	1.153846	1.000000	1.153846	1.000000	1.153846	1.000000	1.153846	1.000000	1.153846	1.000000	1.153846	1.000000	1.153846	1.000000	1.153846	1.000000	
1356619166.631514	1.000000	98.012024	84.071854	7.912170	1.153846	1.000000	1.153846	1.000000	1.153847	1.000000	1.153846	1.000000	1.153847	1.000000	1.153846	1.000000	1.153846	1.000000	1.153846	1.000000	1356619166.631574	0.999998	92.713861	78.629529	8.781450	1.153846	1.000000	1.153846	1.000000	1.153846	1.000000	1.153846	1.000000	1.153846	1.000000	1.153846	1.000000	1.153846	1.000000	1.153846	1.000000	
1356619167.631514	1.000000	98.209885	84.248856	7.729279	1.153846	1.000000	1.153846	1.000000	1.153846	1.000000	1.153846	1.000000	1.153846	1.000000	1.153847	1.000000	1.153846	1.000000	1.153845	1.000000	1356619167.631572	0.999998	92.800562	78.747388	8.761446	1.153846	1.000000	1.153846	1.000000	1.153846	1.000000	1.153846	1.000000	1.153846	1.000000	1.153846	1.000000	1.153846	1.000000	1.153846	1.000000	
1356619168.631514	1.000000	98.405762	84.363785	7.945908	1.153846	1.000000	1.153846	1.000000	1.153846	1.000000	1.153846	1.000000	1.153846	1.000000	1.153846	1.000001	1.153846	1.000000	1.153847	1.000000	1356619168.631572	1.000000	93.012512	78.874298	9.070618	1.153846	1.000000	1.153846	1.000000	1.153846	1.000000	1.153846	1.000000	1.153846	1.000000	1.153846	1.000000	1.153846	1.000000	1.153846	1.000000	
1356619169.631514	1.000000	98.446198	84.439178	7.891296	1.153846	1.000000	1.153847	1.000000	1.153847	1.000000	1.153846	1.000000	1.153846	1.000000	1.153846	1.000000	1.153846	1.000000	1.153846	1.000000	1356619169.631571	0.999999	92.951245	78.868270	8.890984	1.153846	1.000000	1.153846	1.000000	1.153846	1.000000	1.153846	1.000000	1.153846	1.000000	1.153846	1.000000	1.153846	1.000000	1.153846	1.000000	
1356619170.631514	1.000000	98.580887	84.576492	7.903214	1.153846	1.000000	1.153846	1.000001	1.153846	1.000000	1.153846	1.000000	1.153846	1.000000	1.153846	1.000000	1.153846	1.000000	1.153846	1.000000	1356619170.631573	1.000002	93.109579	78.983919	9.096128	1.153846	1.000000	1.153846	1.000000	1.153846	1.000000	1.153846	1.000000	1.153846	1.000000	1.153846	1.000000	1.153846	1.000000	1.153846	1.000000	
1356619171.631514	1.000000	98.849960	84.863708	7.909546	1.153846	1.000000	1.153845	1.000000	1.153846	1.000000	1.153846	1.000000	1.153846	1.000000	1.153846	1.000000	1.153846	1.000000	1.153846	1.000000	1356619171.631572	0.999999	93.182218	79.073196	8.970620	1.153846	1.000000	1.153846	1.000000	1.153846	1.000000	1.153846	1.000000	1.153846	1.000000	1.153846	1.000000	1.153846	1.000000	1.153846	1.000000	
1356619172.631514	1.000000	98.936157	84.902710	8.015259	1.153846	1.000000	1.153847	1.000000	1.153846	1.000000	1.153846	1.000000	1.153846	1.000000	1.153846	1.000000	1.153846	1.000000	1.153846	1.000000	1356619172.631573	1.000001	93.333880	79.172181	9.214713	1.153846	1.000000	1.153846	1.000000	1.153846	1.000000	1.153846	1.000000	1.153846	1.000000	1.153846	1.000000	1.153846	1.000000	1.153846	1.000000	
1356619173.631514	1.000000	99.137512	85.135788	7.911926	1.153846	1.000000	1.153846	1.000000	1.153846	1.000000	1.153846	1.000000	1.153846	1.000000	1.153845	1.000000	1.153846	1.000000	1.153846	1.000000	1356619173.631573	1.000000	93.369598	79.264694	8.835434	1.153846	1.000000	1.153846	1.000000	1.153846	1.000000	1.153846	1.000000	1.153846	1.000000	1.153846	1.000000	1.153846	1.000000	1.153846	1.000000	
1356619174.631514	1.000000	99.200211	85.206253	7.926575	1.153846	1.000000	1.153847	1.000000	1.153846	1.000000	1.153846	1.000000	1.153846	1.000001	1.153847	1.000000	1.153846	1.000000	1.153846	1.000000	1356619174.631570	0.999997	93.444107	79.345873	8.777447	1.153846	1.000000	1.153846	1.000000	1.153846	1.000000	1.153846	1.000000	1.153846	1.000000	1.153846	1.000000	1.153846	1.000000	1.153846	1.000000	
1356619175.631514	1.000000	99.282150	85.297806	7.698486	1.153847	0.999584	1.153849	0.999606	1.153848	0.999590	1.153847	0.999571	1.153847	0.999582	1.153846	0.999533	1.153846	0.999532	1.153847	0.999569	1356619175.631579	1.000009	93.485115	79.395338	8.875698	1.153846	0.999590	1.153846	0.999612	1.153846	0.999582	1.153846	0.999591	1.153846	0.999598	1.153846	0.999583	1.153846	0.999606	1.153859	0.999978	
1356619176.631514	1.000000	99.449829	85.416443	8.011078	1.153847	1.000000	1.153846	1.000000	1.153846	1.000000	1.153846	1.000000	1.153847	1.000000	1.153846	1.000000	1.153846	1.000000	1.153846	1.000000	1356619176.631569	0.999990	93.589652	79.453112	8.933042	1.153846	1.000000	1.153846	1.000000	1.153846	1.000000	1.153846	1.000000	1.153846	1.000000	1.153846	1.000000	1.153846	1.000000	1.153846	1.000000	
1356619177.631514	1.000000	99.480988	85.420242	7.783737	1.153846	1.000000	1.153846	1.000000	1.153846	1.000000	1.153846	1.000000	1.153846	1.000000	1.153847	1.000000	1.153846	0.999999	1.153846	1.000000	1356619177.631574	1.000005	93.618748	79.480452	8.849214	1.153846	1.000000	1.153846	1.000000	1.153846	1.000000	1.153846	1.000000	1.153846	1.000000	1.153846	1.000000	1.153846	1.000000	1.153846	1.000000	
1356619178.631514	1.000000	99.653152	85.599228	7.878098	1.153846	1.000000	1.153846	1.000000	1.153846	1.000000	1.153846	1.000000	1.153846	1.000000	1.153845	1.000000	1.153846	1.000001	1.153846	1.000000	1356619178.631573	0.999999	93.543333	79.414810	8.930322	1.153846	1.000000	1.153846	1.000000	1.153846	1.000000	1.153846	1.000000	1.153846	1.000000	1.153846	1.000000	1.153846	1.000000	1.153846	1.000000	
1356619179.631514	1.000000	99.720856	85.655472	7.805191	1.153846	1.000000	1.153847	1.000000	1.153846	1.000000	1.153846	1.000000	1.153846	1.000000	1.153847	1.000000	1.153847	1.000000	1.153846	1.000000	1356619179.631571	0.999998	93.741420	79.602630	8.992723	1.153846	1.000000	1.153846	1.000000	1.153846	1.000000	1.153846	1.000000	1.153846	1.000000	1.153846	1.000000	1.153846	1.000000	1.153846	1.000000	
1356619180.631514	1.000000	99.422089	85.413116	7.749802	1.153848	0.999803	1.153847	0.999798	1.153847	0.999784	1.153847	0.999787	1.153846	0.999756	1.153846	0.999755	1.153857	0.999964	1.153847	0.999785	1356619180.631581	1.000010	93.716316	79.652370	8.648320	1.153846	1.000000	1.153846	1.000000	1.153846	1.000000	1.153846	1.000000	1.153846	1.000000	1.153846	1.000000	1.153846	1.000000	1.153846	1.000000	
1356619181.631514	1.000000	99.441040	85.422302	7.722794	1.153846	1.000000	1.153846	1.000000	1.153846	1.000000	1.153846	1.000000	1.153847	1.000000	1.153846	1.000000	1.153846	1.000000	1.153846	1.000000	1356619181.631575	0.999994	93.753595	79.676485	8.618460	1.153846	1.000000	1.153846	1.000000	1.153846	1.000000	1.153846	1.000000	1.153846	1.000000	1.153846	1.000000	1.153846	1.000000	1.153846	1.000000	
1356619182.631514	1.000000	99.349930	85.241913	7.979858	1.153846	1.000000	1.153847	1.000000	1.153846	1.000000	1.153846	1.000000	1.153846	1.000000	1.153847	1.000000	1.153847	1.000000	1.153846	1.000000	1356619182.631572	0.999997	93.764207	79.582797	9.048658	1.153846	1.000000	1.153846	1.000000	1.153846	1.000000	1.153846	1.000000	1.153846	1.000000	1.153846	1.000000	1.153846	1.000000	1.153846	1.000000	
1356619183.631514	1.000000	99.417755	85.289017	7.806259	1.153846	1.000000	1.153846	1.000000	1.153846	1.000000	1.153846	1.000000	1.153846	1.000000	1.153846	1.000000	1.153846	1.000000	1.153846	1.000000	1356619183.631572	1.000000	93.796555	79.593094	9.116135	1.153846	1.000000	1.153846	1.000000	1.153846	1.000000	1.153846	1.000000	1.153846	1.000000	1.153846	1.000000	1.153846	1.000000	1.153846	1.000000	
1356619184.631514	1.000000	99.494217	85.405746	7.948288	1.153846	1.000000	1.153846	1.000000	1.153846	1.000000	1.153846	1.000000	1.153845	1.000000	1.153846	1.000000	1.153846	1.000000	1.153846	1.000000	1356619184.631574	1.000002	93.810521	79.662903	8.858916	1.153846	1.000000	1.153846	1.000000	1.153846	1.000000	1.153846	1.000000	1.153846	1.000000	1.153846	1.000000	1.153846	1.000000	1.153846	1.000000	
1356619185.631514	1.000000	99.542221	85.469955	7.922287	1.153846	1.000000	1.153846	1.000000	1.153846	1.000000	1.153847	1.000000	1.153847	1.000000	1.153846	1.000000	1.153846	1.000000	1.153847	1.000000	1356619185.631573	0.999999	93.819105	79.690643	8.861916	1.153846	1.000000	1.153846	1.000000	1.153846	1.000000	1.153846	1.000000	1.153846	1.000000	1.153846	1.000000	1.153846	1.000000	1.153846	1.000000	
1356619186.631514	1.000000	99.714142	85.653900	7.828064	1.153846	1.000000	1.153846	1.000000	1.153846	1.000000	1.153846	1.000000	1.153846	1.000000	1.153846	1.000000	1.153846	1.000000	1.153846	1.000000	1356619186.631570	0.999997	93.862794	79.776401	8.651989	1.153846	1.000000	1.153846	1.000000	1.153846	1.000000	1.153846	1.000000	1.153846	1.000000	1.153846	1.000000	1.153846	1.000000	1.153846	1.000000	
1356619187.631514	1.000000	99.766998	85.672455	7.720856	1.153846	1.000000	1.153847	1.000000	1.153846	1.000000	1.153846	1.000000	1.153846	1.000000	1.153846	1.000000	1.153845	1.000000	1.153846	1.000000	1356619187.631573	1.000003	93.956252	79.823880	8.873096	1.153846	1.000000	1.153846	1.000000	1.153846	1.000000	1.153846	1.000000	1.153846	1.000000	1.153846	1.000000	1.153846	1.000000	1.153846	1.000000	
1356619188.631514	1.000000	99.868713	85.725769	7.768433	1.153847	0.999728	1.153856	0.999978	1.153846	0.999709	1.153847	0.999716	1.153846	0.999700	1.153856	0.999978	1.153846	0.999699	1.153846	0.999708	1356619188.631574	1.000001	94.056047	79.875107	8.893394	1.153846	1.000000	1.153846	0.999723	1.153846	1.000000	1.153846	0.999723	1.153846	1.000000	1.153846	1.000000	1.153846	1.000000	1.153846	1.000000	
1356619189.631514	1.000000	99.899429	85.841049	7.721771	1.153846	1.000000	1.153846	0.999999	1.153845	1.000000	1.153846	0.999999	1.153846	1.000000	1.153845	1.000000	1.153846	1.000000	1.153846	1.000000	1356619189.631581	1.000007	93.990668	79.918240	8.475817	1.153846	1.000000	1.153846	1.000000	1.153846	1.000000	1.153846	0.999999	1.153846	1.000000	1.153846	1.000000	1.153846	1.000000	1.153846	1.000000	
1356619190.631514	1.000000	100.063599	85.984177	7.789886	1.153847	1.000000	1.153846	1.000000	1.153847	1.000000	1.153846	1.000001	1.153847	1.000000	1.153847	1.000000	1.153847	1.000000	1.153846	1.000000	1356619190.631576	0.999995	94.002195	79.908954	8.529828	1.153846	1.000000	1.153846	1.000000	1.153846	1.000000	1.153846	1.000001	1.153846	1.000000	1.153846	1.000000	1.153846	1.000000	1.153846	1.000000	
1356619191.631514	1.000000	100.174561	85.998871	7.791718	1.153846	1.000000	1.153846	1.000000	1.153846	0.999999	1.153846	0.999999	1.153845	1.000000	1.153846	0.999999	1.153845	1.000000	1.153846	1.000000	1356619191.631579	1.000003	94.064223	79.858349	9.094271	1.153846	1.000000	1.153846	1.000000	1.153846	1.000000	1.153846	1.000000	1.153846	1.000000	1.153846	1.000000	1.153846	1.000000	1.153846	1.000000	
1356619192.631514	1.000000	100.223770	86.112427	7.759521	1.153846	1.000000	1.153846	1.000000	1.153847	1.000001	1.153846	1.000001	1.153846	1.000000	1.153847	1.000001	1.153847	1.000000	1.153846	1.000000	1356619192.631571	0.999992	94.087875	79.967994	8.607110	1.153846	1.000000	1.153846	1.000000	1.153846	1.000000	1.153846	1.000000	1.153846	1.000000	1.153846	1.000000	1.153847	1.000000	1.153846	1.000000	
1356619193.631514	1.000000	100.305206	86.172943	7.716125	1.153846	1.000000	1.153846	1.000000	1.153845	1.000000	1.153845	0.999999	1.153847	1.000000	1.153846	1.000000	1.153846	1.000000	1.153846	1.000000	1356619193.631575	1.000004	94.052902	79.904141	8.887812	1.153846	1.000000	1.153846	1.000000	1.153846	1.000000	1.153846	1.000000	1.153846	1.000000	1.153846	1.000000	1.153846	1.000000	1.153846	1.000000	
1356619194.631514	1.000000	100.328140	86.211502	7.807465	1.153846	1.000000	1.153846	1.000000	1.153847	1.000000	1.153847	1.000000	1.153846	1.000000	1.153846	1.000000	1.153846	1.000000	1.153845	1.000000	1356619194.631573	0.999998	94.070004	79.940216	8.845216	1.153846	1.000000	1.153846	1.000000	1.153846	1.000000	1.153846	1.000000	1.153846	1.000000	1.153846	1.000000	1.153846	1.000000	1.153846	1.000000	
1356619195.631514	1.000000	100.347427	86.211960	7.886292	1.153846	1.000000	1.153846	1.000000	1.153846	1.000000	1.153846	1.000000	1.153846	1.000000	1.153846	1.000000	1.153846	1.000000	1.153847	1.000000	1356619195.631574	1.000001	94.162279	79.964096	9.006873	1.153846	1.000000	1.153846	1.000000	1.153846	1.000000	1.153846	1.000000	1.153846	1.000000	1.153846	1.000000	1.153846	1.000000	1.153846	1.000000	
1356619196.631514	1.000000	100.571259	86.448608	7.697998	1.153846	1.000000	1.153846	1.000000	1.153846	1.000000	1.153846	1.000000	1.153846	1.000000	1.153846	0.999999	1.153847	1.000000	1.153846	1.000000	1356619196.631573	0.999999	94.173170	79.994110	8.902306	1.153846	1.000000	1.153846	1.000000	1.153846	1.000000	1.153846	1.000000	1.153846	1.000000	1.153846	1.000000	1.153846	1.000000	1.153846	1.000000	
1356619197.631514	1.000000	100.634674	86.537399	7.685608	1.153846	1.000000	1.153846	1.000000	1.153846	1.000000	1.153846	1.000000	1.153846	1.000000	1.153846	1.000001	1.153846	1.000000	1.153846	1.000000	1356619197.631571	0.999998	94.223507	80.076447	8.780641	1.153846	1.000000	1.153846	1.000000	1.153846	1.000000	1.153846	1.000000	1.153846	1.000000	1.153846	1.000000	1.153846	1.000000	1.153846	1.000000	
1356619198.631514	1.000000	100.744385	86.568588	7.943176	1.153846	1.000000	1.153846	1.000000	1.153846	1.000000	1.153846	1.000000	1.153846	1.000000	1.153846	1.000000	1.153846	1.000000	1.153847	1.000000	1356619198.631569	0.999998	94.346371	80.109863	9.228304	1.153846	1.000000	1.153846	1.000000	1.153846	1.000000	1.153846	1.000000	1.153846	1.000000	1.153846	1.000000	1.153846	1.000000	1.153846	1.000000	
1356619199.631514	1.000000	100.823212	86.662109	7.826935	1.153846	1.000000	1.153846	1.000000	1.153846	1.000000	1.153846	1.000000	1.153846	1.000000	1.153846	1.000000	1.153846	1.000000	1.153846	1.000000	1356619199.631574	1.000005	94.339722	80.124080	8.965989	1.153846	1.000000	1.153846	1.000000	1.153846	1.000000	1.153846	1.000000	1.153846	1.000000	1.153846	1.000000	1.153846	1.000000	1.153846	1.000000	
1356619200.631514	1.000000	45.391891	31.832062	4.318253	1.153888	0.268095	1.153636	0.268107	1.153869	0.267874	1.153841	0.268056	1.153866	0.267833	1.153852	0.267764	1.153856	0.267670	1.153598	0.267898	1356619200.632013	1.000439	52.520923	39.180267	3.716737	1.153868	0.267737	1.153865	0.267717	1.153858	0.267692	1.153858	0.267684	1.153847	0.267524	1.153846	0.267477	1.153845	0.267511	1.210016	0.999858	
1356619201.631515	1.000001	715778038.677987	715762691.125668	715793884.623660	0.999967	1.000990	0.999966	1.000996	0.999975	1.000992	0.999967	1.000989	0.999967	1.000992	0.999970	1.000989	0.999967	1.000993	0.999967	1.000992	1356619201.631598	0.999585	716070169.846620	716087175.750043	716111496.427860	0.999968	1.000992	0.999964	1.000992	3.894590	0.257015	0.999968	1.000994	0.999968	1.000995	0.999971	1.000992	0.999968	1.000997	0.999968	1.000995	
1356619202.631521	1.000006	0.000000	0.000000	0.000000	-nan	-nan	-nan	-nan	0.000000	inf	-nan	-nan	-nan	0.000000	-nan	-nan	-nan	-nan	-nan	-nan	1356619202.631583	0.999985	0.000000	0.000000	0.000000	-nan	-nan	-nan	-nan	0.000000	inf	-nan	-nan	-nan	-nan	-nan	-nan	-nan	-nan	-nan	-nan	
