ts_0	elapsed_0	pkg_0	pp0_0	dram_0	freq_ratio_0_0	c0_ratio_0_0	freq_ratio_0_1	c0_ratio_0_1	freq_ratio_0_2	c0_ratio_0_2	freq_ratio_0_3	c0_ratio_0_3	freq_ratio_0_4	c0_ratio_0_4	freq_ratio_0_5	c0_ratio_0_5	freq_ratio_0_6	c0_ratio_0_6	freq_ratio_0_7	c0_ratio_0_7	ts_1	elapsed_1	pkg_1	pp0_1	dram_1	freq_ratio_1_0	c0_ratio_1_0	freq_ratio_1_1	c0_ratio_1_1	freq_ratio_1_2	c0_ratio_1_2	freq_ratio_1_3	c0_ratio_1_3	freq_ratio_1_4	c0_ratio_1_4	freq_ratio_1_5	c0_ratio_1_5	freq_ratio_1_6	c0_ratio_1_6	freq_ratio_1_7	c0_ratio_1_7	
1353403896.111705	1.013920	46.062542	32.770396	4.900369	1.155885	0.352256	1.153804	0.345410	1.155059	0.347368	1.155939	0.351379	1.154367	0.343905	1.156313	0.351738	1.153989	0.341231	1.156242	0.352051	1353403896.111870	1.000429	44.743047	31.442324	1.606763	0.999933	0.988404	0.999982	0.988055	1.003673	0.000121	0.897632	0.000190	1.002643	0.000091	0.827312	0.000111	1.000001	0.739299	0.999869	0.989117	
1353403897.111697	0.999992	47.246843	33.938248	4.939768	1.000000	1.000000	1.000001	1.000000	1.000000	1.000000	1.000004	0.000482	1.009891	0.000012	1.000000	1.000000	1.005203	0.000013	1.005554	0.000012	1353403897.111858	0.999988	46.847513	33.537616	1.587879	1.000000	1.000000	1.000000	1.000000	0.999860	0.000011	0.999992	0.000146	0.998409	0.000011	1.000064	0.000012	1.000000	1.000000	1.000000	1.000000	
1353403898.111697	1.000000	47.401642	34.088409	4.954697	1.000000	1.000000	1.000000	1.000000	1.000000	1.000000	1.000013	0.000530	0.999906	0.000066	1.000000	1.000000	1.000016	0.000047	0.999976	0.000048	1353403898.111850	0.999992	46.850264	33.536359	1.593549	1.000000	1.000000	1.000000	1.000000	0.999968	0.000083	1.000020	0.000177	0.999651	0.000065	1.000373	0.000060	1.000000	1.000000	1.000000	1.000000	
1353403899.111696	0.999999	47.424224	34.100390	4.954686	1.000000	1.000000	1.000000	1.000000	1.000000	1.000000	1.000086	0.000785	1.001221	0.000013	1.000000	1.000000	1.000182	0.000013	1.000122	0.000013	1353403899.111858	1.000008	46.818697	33.515582	1.587618	1.000000	1.000000	1.000000	1.000000	1.000043	0.000018	0.999990	0.000121	1.001236	0.000019	1.000502	0.000018	1.000000	1.000000	1.000000	1.000000	
1353403900.111697	1.000001	47.420395	34.096830	4.934733	1.000000	1.000000	1.000000	1.000000	1.000000	1.000000	1.000000	0.000495	0.999954	0.000059	1.000000	1.000000	1.000017	0.000047	1.000229	0.000047	1353403900.111859	1.000001	46.910844	33.592879	1.589186	1.000000	1.000000	1.000000	1.000000	1.000260	0.000082	0.999997	0.000133	0.999621	0.000059	0.999587	0.000058	1.000000	1.000000	1.000000	1.000000	
1353403901.111696	0.999999	47.486434	34.157625	4.944722	1.000000	1.000000	1.000000	1.000000	1.000000	1.000000	0.999977	0.000429	0.999203	0.000013	1.000000	0.999999	0.999849	0.000013	0.989159	0.000013	1353403901.111857	0.999998	46.902220	33.582706	1.591083	1.000000	1.000000	1.000000	1.000000	0.998308	0.000012	0.999984	0.000122	1.001894	0.000012	1.001777	0.000012	1.000000	1.000000	1.000000	1.000000	
1353403902.111697	1.000001	47.488099	34.157377	4.959666	1.000000	1.000000	1.000000	1.000000	1.000000	1.000000	0.999946	0.000518	1.000006	0.000068	1.000000	1.000001	0.999727	0.000047	1.002612	0.000046	1353403902.111859	1.000002	46.959475	33.642239	1.587460	1.000000	1.000000	1.000000	1.000000	0.999995	0.000079	0.999989	0.000172	0.999736	0.000053	0.998857	0.000059	1.000000	1.000000	1.000000	1.000000	
1353403903.111696	0.999999	47.523300	34.190600	4.944722	1.000000	1.000000	1.000000	1.000000	1.000000	1.000000	0.999623	0.000479	1.000305	0.000013	1.000000	1.000000	1.000519	0.000013	1.000244	0.000013	1353403903.111857	0.999998	46.958769	33.654163	1.587802	1.000000	1.000000	1.000000	1.000000	0.999655	0.000011	0.999957	0.000144	1.000903	0.000012	1.005715	0.000011	1.000000	1.000000	1.000000	1.000000	
1353403904.111697	1.000001	47.511902	34.177824	4.949672	1.000000	1.000000	1.000000	1.000000	1.000000	1.000000	1.000254	0.000789	0.999771	0.000061	1.000000	1.000000	0.999489	0.000046	1.000323	0.000051	1353403904.111858	1.000001	46.937287	33.638762	1.594283	1.000000	1.000000	1.000000	1.000000	0.999299	0.000075	1.000003	0.000139	0.999761	0.000052	0.999223	0.000058	1.000000	1.000000	1.000000	1.000000	
1353403905.111697	1.000000	715762296.382629	715824974.081375	715804753.801193	0.999959	1.000486	0.999958	1.000494	0.999967	1.000490	0.999959	1.000487	0.999960	1.000495	0.999961	1.000484	0.999961	1.000497	0.999959	1.000486	1353403905.111786	0.999928	715851702.407406	715829991.994991	715854305.239301	0.999960	1.000490	0.999957	1.000492	3.895091	0.256851	0.999959	1.000488	0.999960	1.000494	0.999962	1.000487	0.999959	1.000490	0.999960	1.000493	
1353403906.111763	1.000066	0.000000	0.000000	0.000000	-nan	-nan	-nan	-nan	8.000000	inf	-nan	-nan	-nan	0.000000	-nan	-nan	-nan	-nan	-nan	-nan	1353403906.111854	1.000068	0.000000	0.000000	0.000000	-nan	-nan	-nan	-nan	0.000000	inf	-nan	-nan	-nan	-nan	-nan	-nan	-nan	-nan	-nan	-nan	
