ts_0	elapsed_0	pkg_0	pp0_0	dram_0	freq_ratio_0_0	c0_ratio_0_0	freq_ratio_0_1	c0_ratio_0_1	freq_ratio_0_2	c0_ratio_0_2	freq_ratio_0_3	c0_ratio_0_3	freq_ratio_0_4	c0_ratio_0_4	freq_ratio_0_5	c0_ratio_0_5	freq_ratio_0_6	c0_ratio_0_6	freq_ratio_0_7	c0_ratio_0_7	ts_1	elapsed_1	pkg_1	pp0_1	dram_1	freq_ratio_1_0	c0_ratio_1_0	freq_ratio_1_1	c0_ratio_1_1	freq_ratio_1_2	c0_ratio_1_2	freq_ratio_1_3	c0_ratio_1_3	freq_ratio_1_4	c0_ratio_1_4	freq_ratio_1_5	c0_ratio_1_5	freq_ratio_1_6	c0_ratio_1_6	freq_ratio_1_7	c0_ratio_1_7	
1357205837.668735	1.001711	54.375902	40.993677	3.798113	1.153899	0.243916	1.152622	0.239637	1.152388	0.241276	1.152631	0.237908	1.152705	0.236636	1.153948	0.238749	1.153281	0.235754	1.154268	0.238415	1357205837.668875	1.000342	52.341831	39.094590	4.044973	0.999955	0.984792	0.999974	0.984720	0.999954	0.984478	0.999999	0.995573	0.778061	0.000093	0.999341	0.000081	0.820446	0.000094	0.999701	0.985879	
1357205838.668741	1.000006	54.167463	40.774125	3.846413	1.000000	1.000000	1.000000	1.000000	1.000001	1.000000	1.000000	1.000000	1.000000	1.000000	0.999977	0.002023	0.998258	0.000013	0.998348	0.000046	1357205838.668875	1.000000	52.082077	38.844254	3.103516	1.000000	1.000000	1.000000	1.000000	1.000000	1.000000	1.000000	1.000000	1.000041	0.002390	0.999075	0.000024	1.000632	0.000019	1.000000	1.000000	
1357205839.668732	0.999991	54.796074	41.416269	3.789539	1.000000	1.000000	1.000000	1.000000	1.000000	1.000000	1.000000	1.000000	1.000000	1.000000	0.999991	0.006875	0.999844	0.000064	1.002356	0.000013	1357205839.668862	0.999987	52.604434	39.368436	2.718862	1.000000	1.000000	1.000000	1.000000	1.000000	1.000000	1.000000	1.000000	0.999973	0.000404	1.000106	0.000047	0.999650	0.000058	1.000000	1.000000	
1357205840.668733	1.000001	54.405618	41.008719	3.864636	1.000000	1.000000	1.000000	1.000000	0.999999	0.965931	1.000000	0.965914	1.000000	1.000000	0.999994	0.008509	1.005354	0.000013	0.999763	0.000047	1357205840.668870	1.000008	52.499651	39.255480	3.793060	1.000000	1.000000	1.000000	0.997719	1.000000	1.000000	1.000000	1.000000	0.999978	0.000087	1.003916	0.000011	1.001774	0.000012	1.000000	1.000000	
1357205841.668733	1.000000	54.331970	40.931152	3.862213	1.000000	1.000000	1.000000	1.000000	1.000001	1.000000	1.000000	1.000000	1.000000	1.000000	1.000000	0.004740	1.000273	0.000045	1.004350	0.000013	1357205841.668877	1.000007	52.477634	39.230823	2.775905	1.000000	1.000000	1.000000	1.000000	1.000000	1.000000	1.000000	1.000000	0.999911	0.000070	0.999908	0.000067	0.999734	0.000065	1.000000	1.000000	
1357205842.668732	0.999999	55.900032	42.508830	3.815006	1.000000	1.000000	1.000000	1.000000	1.000000	1.000000	1.000000	1.000000	1.000000	1.000000	1.000026	0.003569	0.999979	0.003183	0.999805	0.002981	1357205842.668854	0.999977	55.406328	42.162281	2.714494	1.000000	1.000000	1.000000	1.000000	1.000000	1.000000	1.000000	1.000000	1.000002	0.003065	0.999822	0.002903	1.000003	0.002831	1.000000	1.000000	
1357205843.668733	1.000001	53.966303	40.571464	3.847073	1.000000	0.979911	1.000000	0.979559	1.000000	0.979542	1.000000	0.979517	0.999999	0.979540	1.000053	0.000455	1.000001	0.005869	1.005019	0.000013	1357205843.668879	1.000025	52.091927	38.855595	2.842718	1.000000	0.979513	1.000000	0.979548	1.000000	0.979537	1.000000	0.979512	0.999954	0.000058	0.999355	0.000039	0.999246	0.000681	1.000000	1.000000	
1357205844.668733	1.000000	54.030945	40.648865	3.851776	1.000000	1.000000	1.000000	1.000000	1.000000	1.000000	1.000000	1.000000	1.000001	1.000000	0.999921	0.000479	0.999935	0.001616	1.008177	0.000063	1357205844.668874	0.999995	52.481174	39.232206	2.764540	1.000000	1.000000	1.000000	1.000000	1.000000	1.000000	1.000000	1.000000	0.999980	0.000469	1.012060	0.000041	1.014710	0.000035	1.000000	1.000000	
1357205845.668733	1.000000	54.124817	40.746765	3.805023	1.000000	1.000000	1.000000	1.000000	1.000000	1.000000	1.000000	1.000000	1.000000	1.000000	1.000029	0.000809	1.000225	0.000223	1.001800	0.000013	1357205845.668871	0.999997	52.621287	39.374145	2.731362	1.000000	1.000000	1.000000	1.000000	1.000000	1.000000	1.000000	1.000000	1.000000	0.000080	1.000075	0.000067	1.000084	0.000064	1.000000	1.000000	
1357205846.668738	1.000005	53.866338	40.469860	3.870189	1.000000	0.982354	1.000000	0.982073	1.000000	0.982061	0.999999	0.982040	1.000000	0.982038	0.999967	0.000515	1.000008	0.003344	0.999715	0.000049	1357205846.668884	1.000013	52.176943	38.926171	2.755442	1.000000	0.982036	1.000000	0.982071	1.000000	0.982056	1.000000	0.982035	1.000000	0.000102	1.001967	0.000012	0.997529	0.000012	1.000000	1.000000	
1357205847.668733	0.999995	54.243695	40.846381	3.851338	1.000000	1.000000	1.000001	1.000000	1.000000	1.000000	1.000001	1.000000	1.000000	1.000000	0.999954	0.004662	0.999464	0.000074	1.000060	0.000013	1357205847.668875	0.999991	52.459917	39.207325	2.765955	1.000000	1.000000	1.000000	1.000000	1.000000	1.000000	1.000000	1.000000	1.000101	0.000077	0.999629	0.000052	1.000058	0.000066	1.000000	1.000000	
1357205848.668732	0.999999	54.619818	41.227411	3.801426	1.000000	1.000000	1.000000	1.000000	1.000000	1.000000	1.000000	1.000000	1.000000	1.000000	0.999996	0.006356	0.999435	0.000056	0.998898	0.000046	1357205848.668862	0.999987	52.700337	39.451277	2.752249	1.000000	1.000000	1.000000	1.000000	1.000000	1.000000	1.000000	1.000000	0.999744	0.002129	1.001190	0.000012	0.997699	0.000012	1.000000	1.000000	
1357205849.668733	1.000001	53.216609	39.841423	3.854015	0.999959	0.972522	0.999999	0.972050	0.999999	0.972036	1.000000	0.972008	1.000000	0.972017	1.000003	0.001289	0.999680	0.000065	1.005047	0.000013	1357205849.668875	1.000013	51.940679	38.689281	2.781351	1.000000	0.972009	1.000000	0.972043	1.000000	0.972043	1.000000	0.972008	1.001236	0.000433	0.999856	0.000088	1.000615	0.000066	1.000000	1.000000	
1357205850.668733	1.000000	54.278091	40.907593	3.845444	1.000000	1.000000	1.000001	1.000000	1.000001	1.000000	1.000000	1.000000	1.000000	1.000000	1.000009	0.005265	1.001570	0.000056	1.000080	0.000048	1357205850.668874	0.999999	52.470784	39.215736	2.819842	1.000000	1.000000	1.000000	1.000000	1.000000	1.000000	1.000000	1.000000	1.000058	0.000106	0.999248	0.000007	0.996769	0.000011	1.000000	1.000000	
1357205851.668732	0.999999	54.219427	40.853005	3.805088	1.000000	1.000000	1.000000	1.000000	1.000000	1.000000	1.000000	1.000000	1.000000	1.000000	1.000029	0.001592	0.999988	0.000065	0.999083	0.000013	1357205851.668877	1.000003	52.668752	39.420761	2.716727	1.000000	1.000000	1.000000	1.000000	1.000000	1.000000	1.000000	1.000000	0.999786	0.000079	1.000575	0.000068	1.000363	0.000050	1.000000	1.000000	
1357205852.668733	1.000001	53.269053	39.896950	3.807369	0.999970	0.965925	0.999999	0.965489	1.000000	0.965488	0.999999	0.965463	1.000000	0.965450	0.999953	0.001768	0.999104	0.000055	0.999525	0.000045	1357205852.668876	0.999999	51.841419	38.585181	2.768252	1.000000	0.965467	1.000000	0.965502	1.000000	0.965487	1.000000	0.965467	1.000086	0.000126	0.996270	0.000012	1.002262	0.000012	1.000000	1.000000	
1357205853.668733	1.000000	54.276428	40.901245	3.855118	1.000000	1.000000	1.000001	1.000000	1.000000	1.000000	1.000000	1.000000	1.000000	1.000000	0.999971	0.004701	0.999996	0.000091	1.003927	0.000013	1357205853.668874	0.999998	52.503228	39.250838	2.767873	1.000000	1.000000	1.000000	1.000000	1.000000	1.000000	1.000000	1.000000	1.000004	0.000087	1.000264	0.000066	0.999983	0.000068	1.000000	1.000000	
1357205854.668732	0.999999	54.235266	40.867150	3.789814	1.000000	1.000000	1.000000	1.000000	1.000000	1.000000	1.000000	1.000000	1.000000	1.000000	0.999980	0.001521	1.000049	0.000086	0.987757	0.000047	1357205854.668874	1.000000	52.638062	39.401596	2.704071	1.000000	1.000000	1.000000	1.000000	1.000000	1.000000	1.000000	1.000000	0.999955	0.000448	0.997695	0.000012	0.999103	0.000012	1.000000	1.000000	
1357205855.668733	1.000001	53.370158	40.003807	3.796688	0.999966	0.960917	1.000000	0.960459	0.999999	0.960445	1.000000	0.960415	1.000000	0.960425	0.999996	0.004603	0.999906	0.000127	1.001712	0.000014	1357205855.668875	1.000001	51.722622	38.468988	2.734708	1.000000	0.960418	1.000000	0.960454	1.000000	0.960453	1.000000	0.960417	1.000011	0.000069	0.992518	0.000065	0.991797	0.000066	1.000000	1.000000	
1357205856.668733	1.000000	54.319107	40.963882	3.848007	1.000000	1.000000	1.000000	1.000000	1.000000	1.000000	1.000000	1.000000	1.000000	1.000000	0.999995	0.005650	1.000750	0.000060	1.008553	0.000061	1357205856.668885	1.000010	52.517159	39.264881	2.778064	1.000000	1.000000	1.000000	1.000000	1.000000	1.000000	1.000000	1.000000	1.000013	0.000120	1.019110	0.000028	1.019105	0.000028	1.000000	1.000000	
1357205857.668732	0.999999	54.641028	41.277597	3.801426	1.000000	1.000000	1.000000	1.000000	1.000000	1.000000	1.000000	1.000000	1.000000	1.000000	0.999999	0.005318	0.998387	0.000102	0.999390	0.000013	1357205857.668875	0.999990	52.752573	39.503279	2.711255	1.000000	1.000000	1.000000	1.000000	1.000000	1.000000	1.000000	1.000000	0.999988	0.000065	1.000000	0.000044	0.999683	0.000052	1.000000	1.000000	
1357205858.668740	1.000008	52.657135	39.291292	3.791687	0.999960	0.949273	1.000000	0.948715	1.000000	0.948714	0.999999	0.948698	1.000000	0.948683	0.999971	0.001039	1.001297	0.000061	0.998987	0.000044	1357205858.668883	1.000008	51.738060	38.481866	2.773476	1.000000	0.948689	1.000000	0.948726	1.000000	1.000000	1.000000	0.948688	0.999885	0.004831	0.999913	0.000018	1.000547	0.000012	1.000000	1.000000	
1357205859.668733	0.999993	53.882926	40.515951	3.849270	1.000000	1.000000	1.000000	1.000000	1.000000	1.000000	1.000000	1.000000	1.000000	1.000000	0.999980	0.000713	1.000406	0.000113	1.004397	0.000013	1357205859.668876	0.999993	52.522626	39.263486	2.761463	1.000000	1.000000	1.000000	1.000000	1.000000	1.000000	1.000000	1.000000	1.001416	0.000384	0.999939	0.000064	0.999843	0.000066	1.000000	1.000000	
1357205860.668732	0.999999	54.581671	41.221780	3.801395	1.000000	1.000000	1.000000	1.000000	1.000000	1.000000	1.000000	1.000000	1.000000	1.000000	0.999977	0.005081	1.000741	0.000059	0.999934	0.000046	1357205860.668874	0.999998	52.751276	39.497985	2.749746	1.000000	1.000000	1.000000	1.000000	1.000000	1.000000	1.000000	1.000000	1.000019	0.000100	1.000073	0.000043	1.001371	0.000012	1.000000	1.000000	
1357205861.668733	1.000001	54.511117	41.146979	3.861965	1.000000	1.000000	1.000000	1.000000	1.000000	1.000000	1.000000	1.000000	1.000000	1.000000	0.999975	0.005926	0.999921	0.000113	1.000487	0.000013	1357205861.668870	0.999996	52.583923	39.324958	2.845242	1.000000	1.000000	1.000000	1.000000	1.000000	1.000000	1.000000	1.000000	1.000073	0.000090	0.999353	0.000043	0.999241	0.000061	1.000000	1.000000	
1357205862.668733	1.000000	53.886353	40.522690	3.837372	1.000000	1.000000	1.000000	1.000000	1.000000	1.000000	1.000000	0.999999	1.000000	1.000000	0.999980	0.001380	0.999234	0.000062	0.999689	0.000043	1357205862.668875	1.000005	52.524365	39.266252	2.737077	1.000000	1.000000	1.000000	1.000000	1.000000	1.000000	1.000000	1.000000	0.999931	0.000107	0.999480	0.000012	1.003205	0.000012	1.000000	1.000000	
1357205863.668732	0.999999	53.978720	40.619256	3.805164	1.000000	1.000000	1.000000	1.000000	1.000000	1.000000	1.000000	1.000001	1.000000	1.000000	0.999921	0.000447	0.999963	0.000113	1.001126	0.000013	1357205863.668879	1.000004	52.747345	39.496025	2.698750	1.000000	1.000000	1.000000	1.000000	1.000000	1.000000	1.000000	1.000000	0.999890	0.000081	1.000564	0.000057	0.999988	0.000065	1.000000	1.000000	
1357205864.668733	1.000001	53.902048	40.538520	3.859829	1.000000	1.000000	1.000000	1.000000	1.000000	1.000000	1.000000	1.000000	1.000000	1.000000	0.999990	0.000950	1.000005	0.000298	0.999753	0.000133	1357205864.668876	0.999997	52.514414	39.257370	2.744576	1.000000	1.000000	1.000000	1.000000	1.000000	1.000000	1.000000	1.000000	1.000002	0.001222	0.999833	0.000218	0.999036	0.000074	1.000000	1.000000	
1357205865.668733	1.000000	54.325790	40.974625	3.852173	1.000000	1.000000	1.000000	1.000000	1.000000	1.000000	1.000000	1.000000	1.000000	1.000000	0.999983	0.004606	1.000061	0.000553	0.997064	0.000046	1357205865.668872	0.999996	52.533767	39.290748	2.855190	1.000000	1.000000	1.000000	1.000000	1.000000	1.000000	1.000000	1.000000	0.999913	0.000089	1.000024	0.000129	1.000671	0.000084	1.000000	1.000000	
1357205866.668732	0.999999	54.467230	41.107034	3.797489	1.000000	1.000000	1.000000	1.000000	1.000000	1.000000	1.000000	1.000000	1.000000	1.000000	0.999973	0.003742	0.999072	0.000061	0.991448	0.000044	1357205866.668874	1.000002	52.755743	39.505616	2.734110	1.000000	1.000000	1.000000	1.000000	1.000000	1.000000	1.000000	1.000000	1.000011	0.000107	1.000265	0.000042	0.999871	0.000012	1.000000	1.000000	
1357205867.668740	1.000008	32.604106	19.083372	5.412905	0.997203	0.238989	0.999998	0.225565	1.000000	0.225274	0.999994	0.225114	0.999999	0.224909	0.996336	0.004233	1.000000	0.003253	0.999999	0.002519	1357205867.669038	1.000164	33.678069	20.246374	5.406035	0.999996	0.224942	0.999995	0.224911	0.999998	0.224974	0.999995	0.224611	1.000000	0.002662	0.999994	0.002671	0.999812	0.002604	1.000000	1.000000	
1357205868.668734	0.999994	25.736009	12.179028	5.871648	0.910931	0.021362	0.999630	0.000023	0.988639	0.000008	0.703674	0.000010	0.999709	0.000008	0.999994	0.000209	0.999638	0.000039	1.008525	0.000058	1357205868.668979	0.999941	29.034730	15.572710	5.848336	1.001410	0.000067	1.024998	0.000021	0.999945	0.000056	1.031332	0.000021	0.999654	0.002082	1.000052	0.000052	1.024082	0.000021	1.000000	1.000000	
1357205869.668733	0.999999	25.133004	11.596752	5.771612	0.832662	0.023331	0.849656	0.000116	1.001499	0.000063	0.779194	0.000081	0.999278	0.000057	0.908811	0.000242	1.000662	0.000066	1.003785	0.000013	1357205869.668993	1.000014	28.986363	15.533412	5.813792	1.001483	0.000028	0.999945	0.000091	1.000071	0.000022	0.999979	0.000056	1.001861	0.000379	1.000513	0.000072	0.999354	0.000048	1.000000	1.000000	
1357205870.668733	1.000000	715822600.360626	715783846.622437	715826140.921127	0.999952	1.000973	0.999950	1.000981	0.999953	1.000984	0.999953	1.000980	0.999954	1.000984	0.999955	1.000977	0.999954	1.000986	0.999953	1.000980	1357205870.668836	0.999843	715876631.314958	715891905.815852	715934272.808706	0.999953	1.000975	0.999950	1.000978	3.895606	0.256941	0.999953	1.000978	0.999954	1.000986	0.999955	1.000977	0.999953	1.000984	0.999953	1.000979	
1357205871.668732	0.999999	0.000000	0.000000	0.000000	-nan	-nan	-nan	-nan	0.000000	inf	-nan	-nan	-nan	0.000000	-nan	-nan	-nan	-nan	-nan	-nan	1357205871.668816	0.999980	0.000000	0.000000	0.000000	-nan	-nan	-nan	-nan	0.000000	inf	-nan	-nan	-nan	-nan	-nan	-nan	-nan	-nan	-nan	-nan	
