ts_0	elapsed_0	pkg_0	pp0_0	dram_0	freq_ratio_0_0	c0_ratio_0_0	freq_ratio_0_1	c0_ratio_0_1	freq_ratio_0_2	c0_ratio_0_2	freq_ratio_0_3	c0_ratio_0_3	freq_ratio_0_4	c0_ratio_0_4	freq_ratio_0_5	c0_ratio_0_5	freq_ratio_0_6	c0_ratio_0_6	freq_ratio_0_7	c0_ratio_0_7	ts_1	elapsed_1	pkg_1	pp0_1	dram_1	freq_ratio_1_0	c0_ratio_1_0	freq_ratio_1_1	c0_ratio_1_1	freq_ratio_1_2	c0_ratio_1_2	freq_ratio_1_3	c0_ratio_1_3	freq_ratio_1_4	c0_ratio_1_4	freq_ratio_1_5	c0_ratio_1_5	freq_ratio_1_6	c0_ratio_1_6	freq_ratio_1_7	c0_ratio_1_7	
1356749982.795959	1.001874	54.829350	41.256594	6.261642	1.154546	0.448221	1.153458	0.444421	1.153840	0.445790	1.154293	0.450118	1.153583	0.446286	1.154157	0.448067	1.153704	0.442461	1.154808	0.448510	1356749982.796115	1.000421	53.997482	40.330248	5.629633	1.000000	0.918364	1.000003	0.925168	0.999980	0.924831	1.002344	0.000121	0.815958	0.000089	1.007243	0.000032	0.999983	0.880247	0.999943	0.926009	
1356749983.795955	0.999996	57.253772	43.619424	6.715634	1.000000	1.000000	1.000000	1.000000	1.000000	1.000000	1.000000	1.000000	1.000000	1.000000	0.999771	0.000445	1.001100	0.000058	1.009613	0.000013	1356749983.796100	0.999985	56.700162	42.940037	6.142365	1.000000	1.000000	1.000000	1.000000	1.000000	1.000000	0.999838	0.000083	0.996727	0.000012	1.000086	0.000040	1.000000	1.000000	1.000000	1.000000	
1356749984.795954	0.999999	57.244210	43.628994	6.627692	1.000000	1.000000	1.000000	1.000000	1.000001	1.000000	1.000000	1.000000	1.000000	1.000000	1.001360	0.000549	0.998524	0.000014	0.986635	0.000050	1356749984.796101	1.000001	56.553245	42.853734	6.093424	1.000000	1.000000	1.000000	1.000000	1.000000	1.000000	1.000111	0.000038	1.000162	0.000119	1.003063	0.000012	1.000000	1.000000	1.000000	1.000000	
1356749985.795954	1.000000	57.354187	43.706406	6.769653	1.000000	1.000000	1.000000	1.000000	1.000000	0.999999	1.000000	1.000000	1.000000	1.000000	0.999823	0.000491	0.995217	0.000051	1.001192	0.000455	1356749985.796103	1.000002	56.705550	42.975351	6.109989	1.000000	1.000000	1.000000	1.000000	1.000000	1.000000	1.000006	0.002402	1.001254	0.000012	0.998804	0.000048	1.000000	1.000000	1.000000	1.000000	
1356749986.795954	1.000000	57.450699	43.777527	6.798874	1.000000	1.000000	1.000000	1.000000	1.000001	1.000001	1.000000	1.000000	1.000000	1.000000	1.000245	0.000492	1.020592	0.000013	1.002272	0.000068	1356749986.796103	1.000000	56.705338	42.950211	6.244919	1.000000	1.000000	1.000000	1.000000	1.000000	1.000000	0.999288	0.000058	0.999774	0.000046	1.002571	0.000012	1.000000	1.000000	1.000000	1.000000	
1356749987.795954	1.000000	57.439270	43.780319	6.794312	1.000000	1.000000	1.000000	0.999419	0.999999	0.999417	1.000000	1.000000	1.000000	1.000000	0.999745	0.000474	1.000333	0.000053	0.993318	0.000013	1356749987.796101	0.999998	56.690111	42.952780	6.182248	1.000000	1.000000	1.000000	1.000000	1.000000	0.999435	1.000173	0.000107	0.997985	0.000012	0.999650	0.000045	1.000000	1.000000	1.000000	1.000000	
1356749988.795954	1.000000	57.528122	43.846451	6.836044	1.000000	1.000000	1.000000	1.000000	1.000000	1.000000	1.000001	1.000000	1.000001	1.000000	1.000120	0.000527	1.013112	0.000013	0.991430	0.000049	1356749988.796096	0.999995	56.775629	43.017916	6.313234	1.000000	1.000000	1.000000	1.000000	1.000000	1.000000	1.000034	0.000281	1.000293	0.000064	1.002776	0.000011	1.000000	1.000000	1.000000	1.000000	
1356749989.795954	1.000000	57.439606	43.799225	6.648590	1.000000	1.000000	1.000001	1.000000	1.000000	1.000000	0.999999	1.000000	0.999999	1.000000	0.999193	0.000485	0.996812	0.000064	0.999686	0.000039	1356749989.796098	1.000002	56.713103	43.002100	6.040226	1.000000	1.000000	1.000000	1.000000	1.000000	1.000000	0.999995	0.000078	1.002505	0.000012	0.988061	0.000047	1.000000	1.000000	1.000000	1.000000	
1356749990.795954	1.000000	57.494858	43.842224	6.702286	1.000000	1.000000	1.000000	1.000000	1.000000	1.000000	1.000000	1.000000	1.000000	1.000000	1.000815	0.000471	1.003063	0.000008	1.004738	0.000110	1356749990.796097	0.999999	56.764794	43.043071	6.080587	1.000000	1.000000	1.000000	1.000000	1.000000	1.000000	0.999992	0.000355	0.999750	0.000068	1.024811	0.000021	1.000000	1.000000	1.000000	1.000000	
1356749991.795954	1.000000	57.527344	43.844131	6.818161	1.000000	1.000000	1.000000	1.000000	1.000000	1.000000	1.000000	1.000000	1.000000	1.000000	0.999066	0.000564	0.999631	0.000123	1.006067	0.000013	1356749991.796100	1.000003	56.792488	43.035160	6.144772	1.000000	1.000000	1.000000	1.000000	1.000000	1.000000	0.999778	0.000094	0.998705	0.000012	1.000941	0.000045	1.000000	1.000000	1.000000	1.000000	
1356749992.795954	1.000000	57.492981	43.810577	6.691010	1.000000	0.999697	1.000000	0.999694	1.000000	0.999675	1.000000	1.000000	1.000000	0.999712	1.000978	0.000498	1.003388	0.000013	0.998395	0.000047	1356749992.796100	1.000000	56.784698	43.031906	6.391449	1.000000	0.999678	1.000000	0.999661	1.000000	0.999711	1.001028	0.000039	1.000093	0.000136	0.998405	0.000011	1.000000	1.000000	1.000000	0.999737	
1356749993.795954	1.000000	57.458588	43.822021	6.550339	1.000000	1.000000	1.000000	1.000000	0.999999	1.000000	1.000000	1.000000	1.000000	1.000000	0.998982	0.000448	1.004633	0.000047	0.998737	0.000013	1356749993.796094	0.999994	56.684069	43.000592	5.985769	1.000000	1.000000	1.000000	1.000000	1.000000	1.000000	0.999703	0.000096	1.000000	0.000012	0.999686	0.000045	1.000000	1.000000	1.000000	1.000000	
1356749994.795954	1.000000	59.231339	45.609894	6.608490	0.999999	1.000000	1.000000	1.000000	1.000001	1.000000	0.999999	1.000000	1.000000	1.000000	1.000122	0.003598	0.999901	0.003377	0.999840	0.003155	1356749994.796079	0.999985	60.154926	46.472485	5.905911	1.000000	1.000000	1.000000	1.000000	1.000000	1.000000	0.999759	0.002964	0.999832	0.002905	0.999849	0.002979	1.000000	1.000000	1.000000	1.000000	
1356749995.795954	1.000000	57.508453	43.884964	6.609131	1.000000	1.000000	1.000000	1.000000	1.000000	1.000000	1.000001	1.000000	1.000000	1.000000	1.000075	0.000356	1.001901	0.000069	1.040108	0.000012	1356749995.796091	1.000012	56.834665	43.135289	5.918020	1.000000	1.000000	1.000000	1.000000	1.000000	1.000000	1.000006	0.002466	1.041572	0.000011	1.011725	0.000038	1.000000	1.000000	1.000000	1.000000	
1356749996.795954	1.000000	57.556595	43.899963	6.699051	1.000000	1.000000	1.000000	1.000000	1.000000	1.000000	1.000000	1.000000	1.000000	1.000000	0.999968	0.000387	0.999228	0.000039	0.999650	0.000048	1356749996.796093	1.000002	56.769225	43.048105	6.047336	1.000000	1.000000	1.000000	1.000000	1.000000	1.000000	0.999890	0.000154	0.999593	0.000057	1.001079	0.000012	1.000000	1.000000	1.000000	1.000000	
1356749997.795954	1.000000	57.603058	43.926163	6.699005	1.000000	1.000000	1.000000	1.000000	1.000000	1.000000	1.000001	1.000000	1.000000	1.000000	0.999931	0.000366	0.999994	0.000068	1.019199	0.000013	1356749997.796103	1.000010	56.830074	43.086666	6.160720	1.000000	1.000000	1.000000	1.000000	1.000000	1.000000	1.000048	0.000168	1.002606	0.000012	1.000000	0.000046	1.000000	1.000000	1.000000	1.000000	
1356749998.795954	1.000000	57.532913	43.871353	6.626587	1.000000	1.000000	1.000000	1.000000	1.000000	1.000000	0.999999	0.999999	1.000000	1.000000	0.998456	0.000369	0.999293	0.000039	0.996389	0.000051	1356749998.796102	0.999999	56.812310	43.082805	6.158011	1.000000	1.000000	1.000000	1.000000	1.000000	1.000000	0.999836	0.000134	0.999739	0.000046	1.000517	0.000012	1.000000	1.000000	1.000000	1.000000	
1356749999.795954	1.000000	57.546432	43.880630	6.695526	1.000000	1.000000	1.000000	1.000000	0.999999	0.999999	1.000000	1.000000	1.000000	1.000000	0.999978	0.000356	1.000205	0.000070	0.997586	0.000014	1356749999.796097	0.999995	56.817637	43.085299	6.214371	1.000000	1.000000	1.000000	1.000000	1.000000	1.000000	1.000041	0.000177	1.000386	0.000012	1.000359	0.000045	1.000000	1.000000	1.000000	1.000000	
1356750000.795954	1.000000	57.514038	43.866516	6.624069	1.000000	1.000000	1.000000	1.000000	0.999999	1.000000	1.000000	1.000000	1.000000	1.000000	1.001384	0.000368	0.999181	0.000039	0.987306	0.000048	1356750000.796101	1.000004	56.813262	43.101769	6.067602	1.000000	1.000000	1.000000	1.000000	1.000000	1.000000	0.999973	0.000436	0.988504	0.000057	0.998885	0.000012	1.000000	1.000000	1.000000	1.000000	
1356750001.795954	1.000000	57.656448	44.025620	6.453979	1.000000	1.000000	1.000000	1.000000	1.000001	1.000000	1.000000	1.000000	1.000000	1.000000	0.999684	0.001430	1.000000	0.019178	1.001402	0.000015	1356750001.796099	0.999998	56.853502	43.163275	6.018871	1.000000	1.000000	1.000000	1.000000	1.000000	1.000000	1.000025	0.000390	1.000262	0.002424	0.988733	0.000047	1.000000	1.000000	1.000000	1.000000	
1356750002.795954	1.000000	57.500320	43.867004	6.575745	1.000000	1.000000	1.000000	1.000000	1.000000	1.000000	1.000001	1.000000	1.000000	1.000000	1.001774	0.000392	1.006295	0.000037	1.012385	0.000064	1356750002.796090	0.999991	57.205520	43.509641	5.939843	1.000000	1.000000	1.000000	1.000000	1.000000	1.000000	0.999999	0.064570	0.998113	0.000292	1.024018	0.000021	1.000000	1.000000	1.000000	1.000000	
1356750003.795954	1.000000	57.541077	43.913086	6.515198	1.000000	1.000000	1.000000	1.000000	1.000000	1.000000	1.000000	1.000000	1.000000	1.000000	0.999467	0.000354	0.999896	0.000067	0.983192	0.000013	1356750003.796088	0.999998	56.749971	43.071371	5.897655	1.000000	1.000000	1.000000	1.000000	1.000000	1.000000	1.000223	0.000171	1.017269	0.000031	0.999729	0.000045	1.000000	1.000000	1.000000	1.000000	
1356750004.795954	1.000000	57.558502	43.896652	6.728073	1.000000	0.999453	0.999999	0.999429	1.000000	1.000000	0.999999	0.999999	1.000000	1.000000	0.999976	0.000391	0.995752	0.000040	0.999099	0.000048	1356750004.796099	1.000011	56.836092	43.104004	6.204262	1.000000	1.000000	1.000000	1.000000	1.000000	1.000000	1.000191	0.000135	0.992779	0.000096	1.001897	0.000012	1.000000	1.000000	1.000000	1.000000	
1356750005.795954	1.000000	57.545532	43.893356	6.680832	1.000000	1.000000	1.000000	1.000000	1.000000	1.000000	1.000000	1.000000	0.999999	1.000000	0.999961	0.000359	0.999828	0.000085	1.003385	0.000013	1356750005.796098	0.999999	56.897073	43.158260	6.074896	1.000000	1.000000	1.000000	1.000000	1.000000	1.000000	0.999988	0.002188	1.001988	0.000362	0.999838	0.000045	1.000000	1.000000	1.000000	1.000000	
1356750006.795954	1.000000	57.592560	43.945831	6.570999	1.000000	1.000000	1.000000	1.000000	1.000000	1.000000	1.000000	1.000000	1.000000	1.000000	1.000025	0.000421	0.999770	0.000039	1.004327	0.000056	1356750006.796103	1.000005	56.858922	43.139967	6.121643	1.000000	1.000000	1.000000	1.000000	1.000000	1.000000	0.999879	0.000156	0.999223	0.000042	0.998712	0.000012	1.000000	1.000000	1.000000	1.000000	
1356750007.795954	1.000000	57.600311	43.973709	6.483902	1.000000	1.000000	1.000000	1.000000	1.000000	1.000000	0.999999	1.000000	1.000000	1.000000	1.000279	0.000347	1.000089	0.000087	0.981305	0.000013	1356750007.796100	0.999997	56.842492	43.146771	5.899173	1.000000	1.000000	1.000000	1.000000	1.000000	1.000000	1.000260	0.000171	1.000256	0.000012	0.999624	0.000044	1.000000	1.000000	1.000000	1.000000	
1356750008.795954	1.000000	57.575104	43.929062	6.586426	1.000000	1.000000	1.000000	1.000000	1.000000	1.000000	1.000000	1.000000	1.000000	1.000000	0.999651	0.000360	0.999435	0.000039	0.999927	0.000048	1356750008.796098	0.999998	56.833391	43.115179	6.156308	1.000000	1.000000	1.000000	1.000000	1.000000	1.000000	0.999888	0.000135	1.000196	0.000166	1.003588	0.000011	1.000000	1.000000	1.000000	1.000000	
1356750009.795954	1.000000	57.622406	43.948059	6.750046	1.000000	0.999531	1.000000	1.000000	1.000000	1.000000	1.000000	1.000000	1.000000	1.000000	0.999930	0.001122	1.000011	0.000072	1.001065	0.000013	1356750009.796097	0.999999	56.887322	43.144801	6.166159	1.000000	1.000000	1.000000	1.000000	1.000000	1.000000	0.999977	0.000264	0.998980	0.000007	1.000052	0.000044	1.000000	1.000000	1.000000	1.000000	
1356750010.795954	1.000000	57.625473	43.941345	6.645752	1.000000	1.000001	1.000001	1.000000	1.000000	1.000000	1.000000	1.000000	0.999999	1.000000	1.000711	0.000379	0.998359	0.000039	0.999386	0.000051	1356750010.796102	1.000005	56.881597	43.127409	6.214797	1.000000	1.000000	1.000000	1.000000	1.000000	1.000000	0.999890	0.000134	1.000000	0.000366	0.999069	0.000012	1.000000	1.000000	1.000000	1.000000	
1356750011.795954	1.000000	57.633194	43.983734	6.565750	1.000000	1.000000	1.000000	1.000000	1.000000	1.000001	1.000000	1.000000	1.000000	1.000000	0.999670	0.000605	1.000244	0.000196	1.001271	0.000035	1356750011.796097	0.999995	56.817423	43.116808	6.071548	1.000000	1.000000	1.000000	1.000000	1.000000	1.000000	1.000048	0.000288	0.999834	0.000081	0.999927	0.000237	1.000000	1.000000	1.000000	1.000000	
1356750012.795954	1.000000	57.621475	43.987488	6.491669	1.000000	1.000000	1.000000	1.000000	1.000000	1.000000	1.000000	1.000000	1.000000	1.000000	1.000432	0.000402	1.000766	0.000090	0.993104	0.000048	1356750012.796100	1.000003	56.808463	43.110386	6.046795	1.000000	1.000000	1.000000	1.000000	1.000000	1.000000	0.999980	0.000134	1.000074	0.000058	1.001623	0.000012	1.000000	1.000000	1.000000	1.000000	
1356750013.795954	1.000000	57.540756	43.926468	6.450500	1.000001	1.000000	1.000000	0.999472	1.000000	1.000000	1.000000	1.000000	1.000000	0.999680	0.999388	0.000357	0.999422	0.000081	1.000848	0.000014	1356750013.796095	0.999995	56.810602	43.134554	5.960479	1.000000	1.000000	1.000000	1.000000	1.000000	1.000000	1.000051	0.000181	1.000870	0.000012	0.988437	0.000047	1.000000	1.000000	1.000000	1.000000	
1356750014.795954	1.000000	57.569595	43.907974	6.639069	1.000000	0.999685	1.000000	1.000000	1.000000	1.000000	1.000000	1.000000	1.000000	1.000000	0.999795	0.000387	0.994324	0.000039	1.000651	0.000070	1356750014.796101	1.000006	56.837582	43.109149	6.013941	1.000000	0.999666	1.000000	0.999661	0.999987	0.999717	0.999745	0.000148	0.992179	0.000072	1.025907	0.000021	1.000000	0.999664	0.999979	0.999728	
1356750015.795954	1.000000	57.594681	43.945770	6.672729	1.000000	1.000000	1.000000	1.000000	1.000000	1.000001	1.000001	1.000001	1.000000	1.000000	0.998326	0.000376	1.002439	0.000074	1.018779	0.000014	1356750015.796100	0.999999	56.874215	43.162868	5.968405	1.000000	1.000000	1.000000	1.000000	1.000000	1.000000	0.999997	0.002309	1.001737	0.000329	0.999498	0.000046	1.000000	1.000000	1.000000	1.000000	
1356750016.795961	1.000007	34.086999	20.758249	3.268120	0.999957	0.288040	1.000001	0.287987	0.999999	0.287976	1.000001	0.287965	0.999999	0.287947	1.000197	0.000409	0.911448	0.000043	1.000270	0.000047	1356750016.796381	1.000281	36.481704	23.131331	2.766114	0.999998	0.287798	0.999999	0.287778	0.999999	0.287768	1.000085	0.000192	0.999915	0.000045	0.999150	0.000011	0.999998	0.287670	1.000000	1.000000	
1356750017.795953	0.999992	17.002305	3.790695	2.023957	0.803186	0.000322	0.704484	0.000032	0.740193	0.000072	0.744408	0.000073	0.715877	0.000029	0.532762	0.000627	0.624416	0.000105	0.705771	0.000019	1356750017.796340	0.999959	29.006866	15.751806	1.589985	0.999951	0.000118	1.000000	0.000063	1.000809	0.000027	0.999982	0.000237	0.999419	0.000012	1.000424	0.000064	0.999644	0.000017	1.000000	1.000000	
1356750018.795955	1.000002	19.075052	5.821064	3.286722	0.620002	0.011331	0.934553	0.000059	0.707795	0.000019	0.703951	0.000019	0.999526	0.000056	0.627192	0.000286	0.715884	0.000054	1.000044	0.000062	1356750018.796257	0.999917	29.065156	15.757167	2.574539	0.998377	0.000018	0.999969	0.000025	1.000207	0.000045	0.999981	0.000163	1.000408	0.000050	0.997362	0.000011	0.999197	0.000045	1.000000	1.000000	
1356750019.795969	1.000014	29.887626	16.575176	4.625225	0.922615	0.022950	0.999971	0.003005	0.994071	0.002786	0.994050	0.002748	0.999759	0.002607	0.999991	0.002755	0.994342	0.003235	0.999992	0.002641	1356750019.796140	0.999883	36.014653	22.624612	3.867686	1.000023	0.002746	0.999804	0.002715	0.999829	0.002737	0.999995	0.002898	0.999799	0.002695	0.999801	0.002647	0.999831	0.002414	1.000000	1.000000	
1356750020.795954	0.999985	715810077.038278	715834835.957819	715821553.530453	0.999915	1.000674	0.999914	1.000681	0.999924	1.000677	0.999915	1.000672	0.999916	1.000679	0.999918	1.000672	0.999917	1.000684	0.999915	1.000674	1356750020.796060	0.999920	715874407.568722	715859075.322791	715860371.880163	0.999916	1.000675	0.999913	1.000676	3.898111	0.256690	0.999915	1.000672	0.999916	1.000680	0.999918	1.000674	0.999916	1.000679	0.999916	1.000677	
1356750021.796105	1.000151	0.000000	0.000000	0.000000	-nan	-nan	-nan	-nan	0.000000	inf	-nan	-nan	-nan	0.000000	-nan	-nan	-nan	-nan	-nan	-nan	1356750021.796185	1.000125	0.000000	0.000000	0.000000	-nan	-nan	-nan	-nan	0.000000	inf	-nan	-nan	-nan	-nan	-nan	-nan	-nan	-nan	-nan	-nan	
