ts_0	elapsed_0	pkg_0	pp0_0	dram_0	freq_ratio_0_0	c0_ratio_0_0	freq_ratio_0_1	c0_ratio_0_1	freq_ratio_0_2	c0_ratio_0_2	freq_ratio_0_3	c0_ratio_0_3	freq_ratio_0_4	c0_ratio_0_4	freq_ratio_0_5	c0_ratio_0_5	freq_ratio_0_6	c0_ratio_0_6	freq_ratio_0_7	c0_ratio_0_7	ts_1	elapsed_1	pkg_1	pp0_1	dram_1	freq_ratio_1_0	c0_ratio_1_0	freq_ratio_1_1	c0_ratio_1_1	freq_ratio_1_2	c0_ratio_1_2	freq_ratio_1_3	c0_ratio_1_3	freq_ratio_1_4	c0_ratio_1_4	freq_ratio_1_5	c0_ratio_1_5	freq_ratio_1_6	c0_ratio_1_6	freq_ratio_1_7	c0_ratio_1_7	
1352526240.493202	1.001460	43.181946	30.063496	6.631248	0.999064	0.016865	0.999796	0.962374	0.999992	0.922454	0.999948	0.010330	1.000041	0.008581	0.999986	0.004512	0.997042	0.004448	0.997070	0.004397	1352526240.493339	1.000381	48.778596	35.453549	6.096310	0.999986	0.923857	1.000001	0.923719	0.999982	0.923439	0.999992	0.023087	1.000001	0.629429	0.999774	0.004542	0.999951	0.004520	0.999912	0.054766	
1352526241.493185	0.999983	44.373554	31.220987	6.708976	0.999928	0.017345	1.000000	0.950301	1.000000	0.949131	0.999944	0.010417	1.000038	0.011141	0.999975	0.005209	1.000133	0.005496	1.000071	0.005212	1352526241.493245	0.999906	50.692384	37.331647	6.208805	1.000000	0.949326	1.000000	0.949103	1.000000	0.949104	0.999983	0.009934	1.000000	0.695628	1.000160	0.004679	1.000103	0.005049	0.999932	0.005087	
1352526242.493190	1.000005	44.275184	31.122113	6.742688	0.999222	0.017550	0.999963	0.897922	0.999999	0.894662	0.999836	0.010035	0.998698	0.010747	0.999925	0.005427	0.997248	0.004845	0.999971	0.004842	1352526242.493277	1.000032	50.236966	36.873349	6.228500	1.000001	0.895251	1.000000	0.894644	1.000001	0.894611	1.000002	0.140833	1.000003	0.556498	1.000046	0.014357	1.000133	0.005485	1.000223	0.004623	
1352526243.493195	1.000005	44.627676	31.472270	6.702557	0.999915	0.018255	1.000000	0.990207	1.000000	0.989980	1.000000	0.010777	0.999967	0.008667	0.999971	0.006488	0.999936	0.004369	0.999881	0.005158	1352526243.493367	1.000090	51.080446	37.710447	6.206016	1.000000	0.990028	1.000000	0.990190	1.000000	0.989971	1.000001	0.140846	1.000000	0.576647	0.999857	0.004619	0.999876	0.004650	0.999916	0.004405	
1352526244.493197	1.000002	44.493949	31.335878	6.701998	0.999924	0.019506	1.000000	0.947692	1.000000	0.946472	0.999929	0.011679	1.000039	0.009719	0.999947	0.006401	1.000000	0.004703	0.999957	0.004756	1352526244.493387	1.000020	50.210970	36.858194	6.225705	1.000000	0.946696	1.000000	0.946917	1.000000	0.946447	1.000000	0.698485	0.999957	0.003336	0.999969	0.004918	0.999971	0.004745	1.000057	0.004763	
1352526245.493189	0.999992	44.304162	31.147698	6.702218	0.999927	0.019168	1.000000	0.950217	1.000000	0.949003	0.999925	0.012303	0.999984	0.010301	0.999850	0.004794	0.999944	0.005003	0.999827	0.004598	1352526245.493336	0.999949	49.598753	36.240710	6.203121	1.000000	0.949212	1.000000	0.948975	1.000000	0.948973	1.000001	0.705210	0.999737	0.005588	0.999994	0.004780	1.000028	0.004762	1.000009	0.004984	
1352526246.493186	0.999997	44.262894	31.121862	6.702703	0.999945	0.020214	1.000000	0.953054	1.000000	0.951831	0.999891	0.011855	1.000016	0.010473	1.000065	0.007176	0.999816	0.005500	1.000136	0.004810	1352526246.493323	0.999987	49.689906	36.345142	6.170689	1.000000	0.951873	1.000000	0.951655	1.000000	0.951652	0.999998	0.587054	1.000010	0.115036	0.999976	0.005088	0.999988	0.005054	0.999795	0.004636	
1352526247.493184	0.999998	44.671777	31.511947	6.699582	0.999923	0.017453	1.000000	0.949260	1.000000	0.948091	1.000014	0.010225	0.999961	0.010819	0.999935	0.006938	1.000144	0.007088	0.999827	0.005337	1352526247.493316	0.999993	49.954554	36.595041	6.213864	1.000000	0.948300	1.000000	0.948064	1.000000	0.948063	0.999978	0.002899	1.000000	0.696063	0.999747	0.004680	1.000000	0.004871	1.000182	0.004844	
1352526248.493183	0.999999	44.166088	31.006652	6.754493	0.999920	0.018012	1.000000	0.896066	1.000000	0.893750	0.999934	0.010997	1.000098	0.009638	1.000038	0.004865	0.999946	0.006637	1.000071	0.005134	1352526248.493304	0.999988	49.302819	35.941270	6.223554	1.000000	0.894170	1.000000	0.893697	1.000000	0.893697	0.999984	0.003091	1.000000	0.700986	1.000142	0.004708	0.999939	0.004780	0.999983	0.004754	
1352526249.493185	1.000002	44.229118	31.070223	6.742236	0.999909	0.018354	1.000000	0.905790	1.000000	0.903653	0.999924	0.010810	1.000003	0.009689	1.000001	0.004922	1.000002	0.007192	0.999804	0.004832	1352526249.493335	1.000031	49.418390	36.061947	6.213461	1.000000	0.904061	1.000000	0.903621	1.000000	0.903611	0.999974	0.003152	1.000000	0.701285	0.999970	0.004781	0.999996	0.004823	0.999961	0.005005	
1352526250.493184	0.999999	44.135555	30.975890	6.715522	0.999936	0.017523	1.000000	0.917023	1.000000	0.915118	0.999925	0.011651	1.000041	0.009782	0.999934	0.005023	0.999962	0.007356	1.000088	0.004889	1352526250.493316	0.999981	49.575592	36.238988	6.217907	1.000000	0.915485	1.000000	0.915091	1.000000	0.915076	0.999983	0.003095	1.000000	0.705605	0.999946	0.005082	0.999923	0.005114	0.999992	0.004615	
1352526251.493185	1.000001	44.175785	31.016374	6.726556	0.999914	0.018602	1.000000	0.935924	1.000000	0.934452	0.999981	0.009599	0.999995	0.010717	0.999931	0.006498	0.999876	0.006552	0.999878	0.004996	1352526251.493366	1.000050	49.450847	36.106224	6.253090	1.000000	0.934761	1.000000	0.934476	1.000000	0.934365	0.999991	0.003165	1.000000	0.704566	0.999827	0.005039	0.999947	0.005319	0.999943	0.004797	
1352526252.493184	0.999999	44.259579	31.114959	6.716330	0.999951	0.020272	1.000000	0.938344	1.000000	0.936942	0.999920	0.010419	1.000018	0.010182	0.999905	0.006836	1.000134	0.004884	1.000114	0.004771	1352526252.493338	0.999972	48.838337	35.492674	6.248114	1.000000	0.937194	1.000000	0.936902	1.000000	0.936887	0.999958	0.003101	1.000000	0.700040	1.000050	0.005101	1.000033	0.004898	0.999814	0.005353	
1352526253.493185	1.000001	44.144825	30.994401	6.679147	0.999916	0.020221	1.000000	0.922833	1.000000	0.921181	0.999923	0.010281	1.000037	0.010115	1.000070	0.006413	1.000049	0.005592	0.999826	0.004634	1352526253.493346	1.000008	49.522853	36.181744	6.196544	1.000000	0.921488	1.000000	0.921142	1.000000	0.921133	0.999940	0.003233	1.000000	0.695509	0.999992	0.004764	0.999764	0.004742	1.000205	0.004860	
1352526254.493187	1.000002	44.068565	30.917071	6.706393	0.999946	0.019175	1.000000	0.951827	1.000000	0.950722	1.000015	0.009873	1.000062	0.010401	0.999936	0.006123	1.000034	0.004830	1.000181	0.004807	1352526254.493267	0.999921	48.767444	35.442479	6.188980	1.000000	0.950931	1.000000	0.950700	1.000000	0.950696	1.000018	0.003022	1.000000	0.703833	0.999971	0.004737	1.000229	0.004913	0.999957	0.004925	
1352526255.493191	1.000004	44.190022	31.032375	6.722629	0.999914	0.017007	1.000000	0.930624	1.000000	0.929055	0.999921	0.011603	1.000002	0.012020	1.000089	0.004592	0.999921	0.004826	0.999790	0.004911	1352526255.493279	1.000012	49.874589	36.532920	6.193194	1.000000	0.929350	1.000000	0.929484	1.000000	0.929032	0.999936	0.005419	1.000000	0.698418	0.999954	0.004817	0.999865	0.004729	1.000048	0.004902	
1352526256.493198	1.000007	44.273223	31.117064	6.744002	0.999922	0.018138	1.000000	0.934836	1.000000	0.933589	0.999943	0.011847	1.000021	0.010403	0.999807	0.005050	1.000015	0.005632	1.000088	0.004692	1352526256.493287	1.000008	49.005355	35.660951	6.176204	1.000000	0.933676	1.000000	0.933364	1.000000	0.933370	1.000000	0.696628	0.999963	0.003274	0.999930	0.005143	1.000055	0.005283	0.999896	0.004795	
1352526257.493198	1.000000	44.375763	31.234375	6.740417	0.999924	0.019456	1.000000	0.936415	1.000000	0.934876	0.999964	0.012320	1.000024	0.008264	1.000171	0.004904	0.999955	0.005167	0.999853	0.004883	1352526257.493287	1.000000	50.212234	36.868881	6.198349	1.000000	0.935297	1.000000	0.934994	1.000000	0.934838	1.000000	0.703020	0.999959	0.003187	0.999866	0.004859	0.999906	0.004944	1.000085	0.004746	
1352526258.493198	1.000000	44.692200	31.539719	6.704102	0.999947	0.018997	1.000000	0.934752	1.000000	0.933210	0.999968	0.012141	1.000051	0.009494	0.999998	0.005051	1.000095	0.004531	1.000180	0.004826	1352526258.493263	0.999976	50.374168	37.029059	6.199231	1.000000	0.933489	1.000000	0.933179	1.000000	0.933175	1.000002	0.695125	0.999525	0.002969	1.000062	0.004683	0.999987	0.004960	0.999911	0.004930	
1352526259.493191	0.999993	44.674732	31.519261	6.722550	0.999905	0.018414	1.000000	0.943253	1.000000	0.942015	0.999944	0.011191	0.999994	0.010822	0.999964	0.004688	0.999917	0.005244	0.999748	0.005362	1352526259.493285	1.000022	50.436867	37.093715	6.192186	1.000000	0.942261	1.000000	0.942006	1.000000	0.941989	1.000000	0.699152	1.000148	0.003001	0.999886	0.004750	0.999991	0.004901	0.999838	0.004936	
1352526260.493197	1.000006	44.524561	31.367733	6.717749	0.999931	0.019000	1.000000	0.937830	1.000000	0.936447	0.999923	0.010670	1.000015	0.011110	0.999829	0.005202	0.999967	0.004917	1.000118	0.004850	1352526260.493289	1.000004	49.652417	36.322027	6.212545	1.000000	0.936725	1.000000	0.936455	1.000000	0.936418	0.999993	0.003261	0.999999	0.700439	0.999969	0.004726	1.000057	0.004962	1.000132	0.004930	
1352526261.493188	0.999991	43.943742	30.787220	6.731949	0.999949	0.019073	1.000000	0.927442	1.000000	0.925770	0.999971	0.010072	1.000052	0.010844	1.000191	0.004753	1.000008	0.005087	1.000032	0.005263	1352526261.493256	0.999967	49.414407	36.071103	6.210104	1.000000	0.926100	1.000000	0.926023	1.000000	0.925737	0.999576	0.003150	1.000002	0.701271	0.999957	0.004942	0.999914	0.004928	1.000057	0.004890	
1352526262.493191	1.000003	44.690047	31.529199	6.698984	0.999908	0.018183	1.000000	0.923505	1.000000	0.921923	0.999946	0.011322	0.999984	0.010857	0.999926	0.004781	0.999938	0.005426	0.999849	0.004940	1352526262.493265	1.000009	49.748176	36.406439	6.232793	1.000000	0.922147	1.000000	0.921789	1.000000	0.921772	0.999964	0.003039	1.000000	0.699677	0.999938	0.004709	0.999937	0.005123	0.999881	0.004891	
1352526263.493185	0.999994	43.948748	30.805573	6.716989	0.999934	0.019576	1.000000	0.921561	1.000000	0.919737	0.999952	0.011450	1.000035	0.009673	1.000027	0.005062	1.000076	0.004871	0.999870	0.004849	1352526263.493270	1.000005	49.962320	36.619461	6.204681	1.000000	0.920095	1.000000	0.919721	1.000000	0.919766	0.999974	0.003145	1.000000	0.702566	0.999960	0.005269	0.999981	0.005008	0.999982	0.004876	
1352526264.493183	0.999998	44.435143	31.275664	6.717237	0.999941	0.020993	1.000000	0.923490	1.000000	0.921710	0.999985	0.014773	1.000030	0.011292	0.999882	0.007496	0.999974	0.008246	1.000121	0.007229	1352526264.493260	0.999990	50.509753	37.166983	6.276613	1.000000	0.922046	1.000000	0.921669	1.000000	0.921666	1.000035	0.007796	1.000000	0.703345	1.000004	0.007556	1.000035	0.008339	0.999996	0.007756	
1352526265.493193	1.000010	44.368528	31.211998	6.723916	0.999909	0.018637	1.000000	0.927820	1.000000	0.926255	0.999914	0.010295	0.999967	0.009401	1.000202	0.002616	0.999956	0.007149	0.999723	0.004777	1352526265.493293	1.000033	49.705304	36.376107	6.259346	1.000000	0.926492	1.000000	0.926157	1.000000	0.926142	0.999972	0.009855	1.000000	0.700577	0.999875	0.002646	0.999899	0.007081	1.000058	0.004744	
1352526266.493191	0.999998	43.405860	30.247494	6.695569	0.999929	0.018538	1.000000	0.895491	1.000000	0.893149	0.999950	0.009848	1.000015	0.012067	0.999756	0.002840	0.999990	0.006604	1.000130	0.004690	1352526266.493293	1.000000	49.567276	36.221771	6.328949	1.000000	0.893706	1.000000	0.893183	1.000000	0.893101	0.999978	0.005739	1.000000	0.705313	0.999878	0.002794	1.000026	0.007399	0.999876	0.004594	
1352526267.493228	1.000037	44.403404	31.246099	6.723979	0.999946	0.020226	1.000000	0.951885	1.000000	0.950859	0.999948	0.011889	1.000037	0.010323	1.000293	0.002557	1.000023	0.007228	0.999988	0.005098	1352526267.493343	1.000050	49.740826	36.398889	6.288320	1.000000	0.951043	1.000000	0.950831	1.000000	0.950828	1.000001	0.704575	0.999502	0.002979	0.999883	0.002638	0.999910	0.004856	1.000021	0.004715	
1352526268.493183	0.999955	44.076968	30.916875	6.729231	0.999922	0.019761	1.000000	0.936368	1.000000	0.935031	0.999940	0.012133	1.000019	0.009460	0.999997	0.002887	0.999954	0.005226	0.999964	0.004806	1352526268.493322	0.999979	48.569882	35.228309	6.282313	1.000000	0.935294	1.000000	0.935087	1.000000	0.935000	1.000000	0.698658	0.999968	0.002986	0.999864	0.002815	0.999995	0.004905	0.999986	0.004810	
1352526269.493193	1.000010	44.097337	30.938274	6.726846	0.999924	0.020151	1.000000	0.935336	1.000000	0.933906	0.999938	0.011451	1.000023	0.010298	1.000018	0.002618	0.999982	0.004927	0.999947	0.004859	1352526269.493339	1.000017	49.181006	35.838474	6.233705	1.000000	0.934157	1.000000	0.933865	1.000000	0.933866	1.000000	0.701197	0.999959	0.003142	0.999884	0.002678	0.999980	0.004755	0.999982	0.005486	
1352526270.493183	0.999990	42.763246	29.632133	6.464115	0.999207	0.017116	0.999963	0.861909	0.999999	0.859929	0.999899	0.010415	0.999987	0.008413	0.998152	0.002433	0.999887	0.004043	0.998050	0.003995	1352526270.493322	0.999983	47.005679	33.684515	5.809226	1.000000	0.860201	1.000000	0.860019	1.000000	0.859850	0.999951	0.743736	0.999900	0.002643	1.000047	0.002366	1.000006	0.003934	0.999871	0.006912	
1352526271.493192	1.000009	43.228139	30.073229	6.694870	0.999927	0.017244	1.000000	0.865185	1.000000	0.862850	0.999975	0.012538	1.000047	0.009784	1.000363	0.002484	0.999973	0.005056	0.999870	0.005662	1352526271.493281	0.999959	47.694308	34.368475	6.155099	1.000000	0.863268	1.000000	0.862812	1.000000	0.862796	0.999977	0.711190	0.999996	0.003210	0.999755	0.002579	0.999940	0.004770	1.000222	0.004793	
1352526272.493183	0.999991	44.074633	30.923757	6.648116	0.999927	0.017697	1.000000	0.978043	1.000000	0.977517	0.999920	0.010855	1.000041	0.011215	1.000129	0.002590	0.999919	0.005342	1.000128	0.006069	1352526272.493294	1.000013	48.851532	35.518409	6.042722	1.000000	0.977221	1.000000	0.977109	1.000000	0.977113	1.000000	0.715807	0.999955	0.002874	0.999737	0.002615	1.000049	0.004401	0.999810	0.004482	
1352526273.493184	1.000001	43.895985	30.739976	6.682748	0.999937	0.017327	1.000000	0.870095	1.000000	0.867733	0.999992	0.010709	1.000031	0.010945	1.000138	0.002320	1.000047	0.004689	1.000022	0.004623	1352526273.493252	0.999958	48.096775	34.753320	6.203553	1.000000	0.868168	1.000000	0.867881	1.000000	0.867673	0.999974	0.706461	1.000007	0.002953	1.000100	0.002581	0.999890	0.004606	1.000123	0.004773	
1352526274.493203	1.000019	715799165.719602	715763376.347772	715808625.176552	0.999982	1.000511	0.999980	1.000514	0.999982	1.000519	0.999982	1.000511	0.999982	1.000514	0.999985	1.000509	0.999982	1.000514	0.999982	1.000511	1352526274.493306	1.000054	715733725.989793	715735196.217123	715785201.106988	0.999982	1.000511	0.999980	1.000512	3.893571	0.256962	0.999982	1.000511	0.999982	1.000514	0.999985	1.000509	0.999982	1.000514	0.999982	1.000511	
1352526275.493229	1.000026	0.000000	0.000000	0.000000	-nan	-nan	-nan	-nan	1.000008	inf	-nan	-nan	-nan	0.000000	-nan	-nan	-nan	-nan	-nan	-nan	1352526275.493311	1.000005	0.000000	0.000000	0.000000	-nan	-nan	-nan	-nan	1.345745	inf	-nan	-nan	-nan	-nan	-nan	-nan	-nan	-nan	-nan	-nan	
