ts_0	elapsed_0	pkg_0	pp0_0	dram_0	freq_ratio_0_0	c0_ratio_0_0	freq_ratio_0_1	c0_ratio_0_1	freq_ratio_0_2	c0_ratio_0_2	freq_ratio_0_3	c0_ratio_0_3	freq_ratio_0_4	c0_ratio_0_4	freq_ratio_0_5	c0_ratio_0_5	freq_ratio_0_6	c0_ratio_0_6	freq_ratio_0_7	c0_ratio_0_7	ts_1	elapsed_1	pkg_1	pp0_1	dram_1	freq_ratio_1_0	c0_ratio_1_0	freq_ratio_1_1	c0_ratio_1_1	freq_ratio_1_2	c0_ratio_1_2	freq_ratio_1_3	c0_ratio_1_3	freq_ratio_1_4	c0_ratio_1_4	freq_ratio_1_5	c0_ratio_1_5	freq_ratio_1_6	c0_ratio_1_6	freq_ratio_1_7	c0_ratio_1_7	
1352526240.493275	1.001403	46.160605	32.887069	5.817658	0.999999	0.944694	0.999934	0.937852	1.000000	0.919956	1.000033	0.013387	0.999967	0.010543	0.999850	0.009051	0.999980	0.005987	0.999973	0.006675	1352526240.493402	1.000382	40.815664	27.550741	4.953369	0.999930	0.921255	0.999992	0.921027	0.992548	0.002175	0.997094	0.002181	0.998400	0.002701	0.994761	0.002475	0.998209	0.002547	0.999973	0.688113	
1352526241.493274	0.999999	47.876556	34.571520	6.025259	1.000000	0.949439	1.000000	0.949627	1.000000	0.948584	0.999935	0.011975	1.000042	0.013679	1.000064	0.011323	1.000076	0.005181	0.999984	0.006927	1352526241.493350	0.999948	42.157480	28.866353	5.161783	1.000000	0.948738	1.000000	0.948523	1.000170	0.003547	1.000008	0.002712	1.000051	0.002864	0.999994	0.002415	0.999870	0.002444	0.999999	0.697638	
1352526242.493275	1.000001	46.808076	33.502532	6.059183	1.000000	0.893834	1.000000	0.894300	1.000000	0.892156	0.999939	0.013328	1.000005	0.013628	0.999967	0.009524	0.999906	0.004925	0.999978	0.007654	1352526242.493336	0.999986	42.080258	28.782692	5.182934	1.000000	0.892456	1.000000	0.892020	0.999274	0.002806	0.999862	0.002229	0.999877	0.002911	0.999534	0.002668	0.999998	0.002745	1.000001	0.697426	
1352526243.493276	1.000001	47.750351	34.443113	6.038843	1.000000	0.989307	1.000000	0.989322	1.000000	0.989083	0.999928	0.011344	0.999947	0.012172	0.999923	0.011128	0.999967	0.004915	0.999966	0.008285	1352526243.493439	1.000103	43.873411	30.576380	5.168520	1.000000	0.989107	1.000000	0.989117	1.000339	0.002630	0.999939	0.002101	1.000102	0.002715	1.000452	0.002279	1.000310	0.002292	1.000000	0.711009	
1352526244.493278	1.000002	47.593949	34.285991	6.057545	0.999999	0.946204	0.999999	0.946362	0.999999	0.945271	0.999760	0.013158	1.000049	0.011414	0.999955	0.011546	0.999903	0.006704	0.999928	0.008389	1352526244.493445	1.000006	41.817759	28.531126	5.172744	1.000000	0.945427	1.000001	0.945291	1.000222	0.005276	1.000157	0.002392	1.000106	0.002897	1.000066	0.002642	1.000233	0.002666	1.000002	0.696112	
1352526245.493273	0.999995	46.415195	33.120008	6.060577	1.000000	0.889758	0.999999	0.889964	0.999999	0.887836	0.999950	0.011912	0.999975	0.013413	0.999966	0.011625	0.999982	0.007570	0.999975	0.007820	1352526245.493483	1.000038	42.336316	29.038252	5.199907	1.000000	0.888136	1.000000	0.887757	0.999734	0.002734	1.000063	0.002654	0.999993	0.003343	1.000084	0.002388	1.000171	0.002398	1.000000	0.701020	
1352526246.493368	1.000095	47.335001	34.033025	6.045721	1.000000	0.952003	1.000001	0.952088	1.000000	0.951093	0.999936	0.016657	0.999983	0.011732	0.999921	0.009805	0.999946	0.007006	0.999928	0.006432	1352526246.493479	0.999996	41.886065	28.591257	5.151480	1.000000	0.951232	1.000000	0.951027	1.000051	0.009529	1.000003	0.336931	0.999947	0.002442	1.000009	0.002656	1.000072	0.002726	0.999996	0.353150	
1352526247.493272	0.999904	47.377050	34.066567	6.055193	1.000000	0.947640	1.000000	0.947620	1.000000	0.946537	0.999940	0.015649	1.000024	0.010216	0.999956	0.012086	0.999848	0.006785	0.999860	0.006761	1352526247.493420	0.999941	43.259551	29.958002	5.216189	1.000000	0.946679	1.000000	0.946444	0.999757	0.002789	1.000000	0.693336	1.000007	0.002693	0.999585	0.002351	0.999687	0.002375	1.000083	0.002749	
1352526248.493273	1.000001	46.630510	33.323622	6.043405	1.000000	0.894030	1.000000	0.894397	1.000000	0.892216	0.999919	0.014209	1.000011	0.011116	0.999945	0.011266	1.000072	0.006650	1.000033	0.006608	1352526248.493367	0.999947	41.576541	28.284593	5.216676	1.000000	0.892524	1.000000	0.892136	1.000166	0.003033	1.000000	0.699958	1.000024	0.002801	1.000315	0.002622	1.000363	0.002681	0.999912	0.002348	
1352526249.493271	0.999998	46.994688	33.683994	6.066021	1.000000	0.904215	0.999999	0.904477	0.999999	0.902540	0.999955	0.014042	0.999995	0.010801	0.999978	0.011291	1.000033	0.005834	1.000080	0.005134	1352526249.493411	1.000044	42.851503	29.550515	5.202987	1.000000	0.902843	1.000000	0.902464	0.999948	0.002810	1.000000	0.694700	0.999982	0.002765	0.999585	0.002358	0.999649	0.002397	0.999895	0.002674	
1352526250.493272	1.000001	47.389664	34.076551	6.045954	1.000000	0.916135	1.000000	0.916422	1.000001	0.914708	0.999918	0.012270	1.000085	0.011332	0.999949	0.012990	0.999839	0.005343	0.999792	0.005549	1352526250.493387	0.999976	42.269847	28.964397	5.198764	1.000000	0.914945	1.000000	0.914760	0.999706	0.002792	1.000000	0.704971	0.999952	0.002933	1.000321	0.002598	0.999929	0.002679	0.999882	0.002362	
1352526251.493273	1.000001	47.132874	33.820036	6.084436	1.000000	0.934585	1.000000	0.934605	1.000000	0.933281	0.999979	0.014887	0.999935	0.011211	0.999939	0.011803	1.000100	0.006789	0.999969	0.004804	1352526251.493410	1.000023	40.741057	27.439527	5.225222	1.000000	0.933505	1.000000	0.933671	1.000179	0.003709	1.000000	0.698887	1.000056	0.002736	0.999655	0.002732	1.000097	0.002750	0.999533	0.002680	
1352526252.493272	0.999999	46.934783	33.639467	6.044958	1.000000	0.936913	1.000000	0.936829	1.000000	0.935569	0.999906	0.014598	1.000026	0.014227	1.000004	0.009616	0.999781	0.005194	0.999988	0.004852	1352526252.493399	0.999989	40.791616	27.487560	5.198559	1.000000	0.935745	1.000000	0.935479	0.999953	0.002775	1.000000	0.700864	1.000014	0.002822	1.000263	0.002743	1.000353	0.002812	0.999910	0.002856	
1352526253.493295	1.000023	46.948083	33.640725	6.063704	1.000000	0.919202	1.000001	0.919244	1.000000	0.917661	0.999953	0.013174	1.000012	0.012289	0.999988	0.012001	0.999943	0.005693	0.999917	0.005001	1352526253.493441	1.000042	42.653743	29.352528	5.180492	1.000000	0.917888	1.000000	0.917570	1.000002	0.582072	0.999988	0.112911	1.000007	0.002729	0.999592	0.002364	0.999655	0.002377	1.000241	0.002813	
1352526254.493280	0.999985	47.229866	33.925192	6.031371	1.000000	0.950896	1.000000	0.950778	1.000001	0.949750	0.999947	0.014207	1.000058	0.012600	1.000005	0.010132	1.000125	0.006485	1.000191	0.004800	1352526254.493354	0.999913	42.330191	29.047541	5.140782	1.000000	0.949889	1.000000	0.949875	1.000000	0.703483	1.000073	0.004990	1.000027	0.002736	1.000348	0.002589	1.000291	0.002654	0.999759	0.002328	
1352526255.493303	1.000023	47.484005	34.175930	6.045943	1.000000	0.930123	1.000000	0.930292	1.000000	0.928913	0.999900	0.010781	1.000021	0.012534	0.999980	0.011409	0.999865	0.006807	0.999827	0.005642	1352526255.493406	1.000052	42.753683	29.452388	5.152381	1.000000	0.929130	1.000000	0.928827	0.999963	0.004628	0.999999	0.698697	0.999996	0.002888	0.999796	0.002364	0.999930	0.002392	1.000082	0.002683	
1352526256.493301	0.999998	47.446959	34.137348	6.062649	1.000000	0.933376	1.000000	0.933498	1.000000	0.932158	0.999961	0.011598	1.000016	0.012845	0.999956	0.010758	1.000103	0.006588	1.000080	0.006332	1352526256.493379	0.999973	42.317745	29.016391	5.212268	1.000000	0.932354	1.000000	0.932046	0.999728	0.005076	1.000002	0.692595	0.999995	0.002804	1.000173	0.002627	1.000213	0.002675	0.999739	0.002396	
1352526257.493281	0.999980	47.160506	33.851355	6.090362	1.000000	0.934515	1.000000	0.934718	1.000000	0.933425	0.999923	0.016047	1.000006	0.010843	0.999963	0.011187	0.999870	0.006790	0.999811	0.005141	1352526257.493380	1.000001	42.951284	29.648531	5.201304	1.000000	0.933554	1.000000	0.933354	0.999971	0.002827	1.000000	0.699898	0.999999	0.002740	0.999776	0.002397	0.999843	0.002410	1.000074	0.002684	
1352526258.493282	1.000001	47.515351	34.207853	6.038828	1.000000	0.932622	1.000000	0.932956	1.000000	0.931570	0.999927	0.011340	1.000026	0.013298	0.999977	0.010866	1.000084	0.006623	1.000114	0.004814	1352526258.493353	0.999973	42.477524	29.188607	5.201159	1.000000	0.931772	1.000000	0.931488	0.999955	0.004250	1.000000	0.696240	1.000016	0.002789	1.000148	0.002640	1.000221	0.002690	0.999767	0.002395	
1352526259.493654	1.000372	47.693184	34.390026	6.067110	1.000000	0.942844	1.000000	0.943056	1.000000	0.941908	0.999970	0.013101	1.000016	0.011797	0.999956	0.010369	0.999850	0.006593	0.999809	0.004966	1352526259.493761	1.000408	42.983961	29.673762	5.222860	1.000000	0.942084	1.000000	0.941832	0.999981	0.004969	1.000000	0.698461	0.999999	0.002763	0.999800	0.002396	0.999833	0.002429	1.000050	0.002686	
1352526260.493273	0.999619	47.072271	33.771625	6.040311	1.000000	0.936775	1.000000	0.937085	1.000000	0.935734	0.999928	0.014065	1.000027	0.014001	0.999961	0.010608	1.000208	0.004903	1.000163	0.004905	1352526260.493346	0.999585	41.997306	28.703015	5.199928	1.000000	0.935928	1.000000	0.935667	0.999953	0.002763	1.000000	0.696212	1.000004	0.002948	1.000109	0.002608	1.000176	0.002678	0.999720	0.002370	
1352526261.493281	1.000008	47.046921	33.738145	6.072674	1.000000	0.926519	1.000000	0.926637	1.000000	0.925141	0.999958	0.012511	0.999991	0.012120	0.999964	0.011670	0.999906	0.005050	0.999945	0.005116	1352526261.493376	1.000030	42.476095	29.175149	5.181088	1.000000	0.925367	1.000000	0.925052	1.000114	0.003467	1.000000	0.696414	0.999986	0.002751	0.999635	0.002381	0.999898	0.002406	0.999965	0.002693	
1352526262.493275	0.999994	43.228026	29.908046	6.038305	0.999991	0.125843	1.000000	0.921753	1.000000	0.920192	0.999910	0.009239	1.000007	0.012754	0.999979	0.010099	0.999915	0.004986	0.999904	0.005097	1352526262.493354	0.999978	46.790409	33.481615	5.158652	1.000000	0.920414	1.000000	0.920093	1.000000	0.887294	1.000000	0.621994	0.999954	0.002901	0.999920	0.002662	0.999821	0.002708	1.000014	0.002390	
1352526263.493688	1.000413	42.773902	29.461513	6.066861	0.999949	0.022038	1.000000	0.919949	1.000000	0.918303	0.999954	0.013308	1.000019	0.012643	0.999972	0.009297	0.999903	0.007289	0.999902	0.008216	1352526263.493791	1.000437	46.617307	33.314344	5.152228	1.000000	0.918543	1.000000	0.918254	1.000000	0.918270	1.000000	0.701308	0.999974	0.006719	0.999971	0.002815	1.000026	0.002811	0.999533	0.002719	
1352526264.493281	0.999593	42.545284	29.226464	6.067197	0.999932	0.019926	1.000000	0.920882	1.000000	0.919387	0.999923	0.010303	1.000005	0.011543	0.999965	0.008332	1.000289	0.002938	1.000138	0.004949	1352526264.493355	0.999564	45.413846	32.102988	5.151050	1.000000	0.919536	1.000000	0.919564	1.000000	0.919210	1.000000	0.697659	1.000065	0.005454	1.000167	0.002759	1.000388	0.002839	0.999794	0.002886	
1352526265.493304	1.000023	42.255762	28.942590	6.064070	0.999936	0.020390	1.000000	0.926890	1.000000	0.925381	0.999921	0.009519	1.000027	0.012659	0.999880	0.007015	0.999719	0.003132	0.999788	0.005146	1352526265.493419	1.000064	47.822475	34.536886	5.119470	1.000000	0.925611	1.000000	0.925321	1.000000	0.925360	0.999942	0.003045	0.999999	0.700218	0.999931	0.002374	0.999993	0.002391	1.000366	0.002812	
1352526266.493376	1.000072	42.081900	28.778979	6.051490	0.999935	0.019947	1.000000	0.893853	1.000000	0.891573	0.999936	0.012468	1.000013	0.011867	1.000058	0.006753	1.000250	0.002887	1.000131	0.004859	1352526266.493475	1.000056	47.008078	33.704212	5.167283	1.000000	0.892181	1.000000	0.891540	1.000000	0.891507	0.999969	0.003653	1.000000	0.704015	0.999858	0.002580	0.999881	0.002650	0.999647	0.002333	
1352526267.493295	0.999919	42.198932	28.882071	6.037507	0.999936	0.019971	1.000000	0.951316	1.000000	0.950319	0.999932	0.011773	0.999950	0.011835	1.000014	0.007014	1.000066	0.003085	0.999977	0.005068	1352526267.493465	0.999990	48.137872	34.829130	5.123785	1.000000	0.950475	1.000000	0.950263	1.000000	0.950320	0.999632	0.003741	1.000002	0.702692	1.000062	0.002337	1.000017	0.002360	1.000009	0.002618	
1352526268.493283	0.999988	42.060270	28.743400	6.072063	0.999946	0.021503	0.999998	0.936241	1.000000	0.934952	0.999919	0.010060	1.000051	0.012706	0.999725	0.005117	0.999929	0.002898	0.999954	0.004920	1352526268.493412	0.999947	47.867173	34.560698	5.094645	1.000000	0.935033	1.000000	0.934866	1.000000	0.934875	0.999951	0.002716	1.000000	0.694972	0.999955	0.002623	1.000043	0.002673	0.999907	0.002375	
1352526269.493283	1.000000	41.647751	28.336456	6.092010	0.999912	0.020441	1.000002	0.935308	1.000000	0.934079	0.999927	0.011407	0.999966	0.012338	1.000203	0.005194	1.000069	0.003176	0.999966	0.005145	1352526269.493444	1.000032	48.058889	34.765582	5.147907	1.000000	0.934199	1.000000	0.933935	1.000000	0.933934	0.999944	0.002955	1.000000	0.696508	0.999955	0.002394	1.000010	0.002400	0.999911	0.002650	
1352526270.493276	0.999993	40.539404	27.249578	5.724329	0.992847	0.017766	0.999753	0.859926	0.999996	0.858015	0.998815	0.009675	0.997690	0.011262	0.999737	0.004277	0.996818	0.002552	0.999877	0.004278	1352526270.493390	0.999946	45.761194	32.477443	4.703165	1.000000	0.858179	1.000000	0.857940	1.000000	0.857856	1.000019	0.002556	0.999888	0.740391	1.000104	0.002253	1.000179	0.002305	0.999650	0.002065	
1352526271.493282	1.000006	41.541912	28.236648	5.914958	0.999490	0.020028	0.999978	0.864832	0.999994	0.861826	0.999975	0.010744	1.000011	0.011228	0.998770	0.005413	0.999939	0.002999	0.999907	0.004985	1352526271.493399	1.000009	46.697148	33.395861	5.048523	1.000000	0.862000	1.000000	0.861533	1.000000	0.861534	0.999908	0.003304	0.999964	0.679308	0.999825	0.002247	1.000016	0.002273	1.000108	0.002570	
1352526272.493272	0.999990	42.574630	29.288761	5.944334	0.999921	0.018896	1.000000	0.977078	1.000001	0.976631	0.999911	0.011778	1.000030	0.011290	0.999883	0.004784	1.000100	0.002749	1.000041	0.005224	1352526272.493361	0.999962	47.594746	34.313724	4.918155	1.000000	0.976709	1.000000	0.976931	1.000000	0.976599	0.999787	0.002713	1.000000	0.716475	1.000114	0.002447	1.000044	0.002523	0.999727	0.002241	
1352526273.493281	1.000009	41.634129	28.323382	5.948448	0.999942	0.017623	1.000000	0.868711	1.000000	0.866469	0.999958	0.013218	0.999925	0.010834	1.000060	0.005730	1.000188	0.003034	1.000033	0.004702	1352526273.493379	1.000018	46.899521	33.595774	5.093506	1.000000	0.866801	1.000000	0.866369	1.000000	0.866406	0.999981	0.002861	0.999975	0.701774	0.999741	0.002242	0.999781	0.002264	1.000170	0.002526	
1352526274.493301	1.000020	715783629.160259	715812226.713264	715793035.492964	0.999952	1.000322	0.999951	1.000332	0.999953	1.000334	0.999952	1.000323	0.999955	1.000334	0.999954	1.000318	0.999954	1.000333	0.999953	1.000323	1352526274.493403	1.000024	715758601.561278	715777398.829933	715770501.703873	0.999951	1.000317	0.999950	1.000324	3.895499	0.256781	0.999952	1.000319	0.999954	1.000330	0.999956	1.000323	0.999953	1.000328	0.999954	1.000330	
1352526275.493330	1.000029	0.000000	0.000000	0.000000	-nan	-nan	-nan	-nan	1.000008	inf	-nan	-nan	-nan	0.000000	-nan	-nan	-nan	-nan	-nan	-nan	1352526275.493412	1.000009	0.000000	0.000000	0.000000	-nan	-nan	-nan	-nan	1.345745	inf	-nan	-nan	-nan	-nan	-nan	-nan	-nan	-nan	-nan	-nan	
