ts_0	elapsed_0	pkg_0	pp0_0	dram_0	freq_ratio_0_0	c0_ratio_0_0	freq_ratio_0_1	c0_ratio_0_1	freq_ratio_0_2	c0_ratio_0_2	freq_ratio_0_3	c0_ratio_0_3	freq_ratio_0_4	c0_ratio_0_4	freq_ratio_0_5	c0_ratio_0_5	freq_ratio_0_6	c0_ratio_0_6	freq_ratio_0_7	c0_ratio_0_7	ts_1	elapsed_1	pkg_1	pp0_1	dram_1	freq_ratio_1_0	c0_ratio_1_0	freq_ratio_1_1	c0_ratio_1_1	freq_ratio_1_2	c0_ratio_1_2	freq_ratio_1_3	c0_ratio_1_3	freq_ratio_1_4	c0_ratio_1_4	freq_ratio_1_5	c0_ratio_1_5	freq_ratio_1_6	c0_ratio_1_6	freq_ratio_1_7	c0_ratio_1_7	
1353402404.031533	1.002389	32.984541	19.888248	6.111849	1.152852	0.406012	1.154881	0.419982	1.152220	0.409578	1.152118	0.411841	1.151727	0.408129	1.152562	0.410248	1.152543	0.404991	1.153587	0.408258	1353402404.031756	1.000618	37.258591	24.101591	1.874574	0.999991	0.395472	1.000001	0.998244	1.008599	0.000033	0.588216	0.000065	1.008474	0.000031	1.013965	0.000031	1.003318	0.000089	0.999931	0.998981	
1353402405.031388	0.999855	35.281985	22.197645	6.116121	1.000000	1.000000	0.999265	0.000296	1.000000	0.999999	1.000930	0.000089	1.000334	0.000155	1.000923	0.000062	1.000947	0.000057	1.001245	0.000048	1353402405.031604	0.999848	35.008148	21.838222	1.721301	1.000030	0.009896	1.000000	1.000000	1.001267	0.000079	1.000060	0.000083	1.000069	0.000067	1.000358	0.000061	1.000075	0.000046	1.000000	1.000000	
1353402406.031388	1.000000	35.429016	22.330124	6.121384	1.000000	1.000000	1.000295	0.000699	1.000000	1.000000	0.998658	0.000009	0.999978	0.003541	0.999992	0.000093	1.002239	0.000009	1.001446	0.000009	1353402406.031608	1.000004	34.871837	21.699116	2.486959	0.999914	0.003771	1.000000	1.000000	1.000165	0.000007	0.997541	0.000007	0.998267	0.000007	1.000165	0.000007	1.000093	0.000050	1.000000	1.000000	
1353402407.031388	1.000000	35.250916	22.148834	6.133728	1.000000	1.000000	0.999783	0.000697	1.000000	1.000000	1.000090	0.000064	0.999989	0.000142	1.000000	0.000058	1.003711	0.000065	1.003519	0.000063	1353402407.031601	0.999993	34.736019	21.562985	1.765866	0.999608	0.000022	1.000000	1.000000	1.000078	0.000084	1.000129	0.000084	1.000138	0.000073	1.000286	0.000070	0.999916	0.000055	1.000000	1.000000	
1353402408.031387	0.999999	33.449037	20.358738	6.121405	0.999981	0.006380	1.000001	0.673684	0.999999	1.000000	0.999862	0.000008	0.999972	0.000163	1.002158	0.000095	1.000796	0.000008	0.972151	0.000008	1353402408.031612	1.000011	36.637767	23.457110	1.982400	1.000000	0.321403	1.000000	1.000000	0.999917	0.000037	1.000055	0.000007	1.000000	0.000007	0.997859	0.000007	0.999977	0.000050	1.000000	1.000000	
1353402409.031387	1.000000	35.386871	22.296066	6.127563	0.999886	0.000539	1.000000	1.000000	1.000000	1.000000	0.992260	0.000063	0.999987	0.002114	0.996537	0.000060	0.994416	0.000153	0.991090	0.000059	1353402409.031611	0.999999	34.822329	21.644689	2.130404	1.000000	0.002477	1.000000	1.000000	0.999973	0.000071	0.999975	0.000078	0.999916	0.000069	1.000006	0.000069	1.000103	0.000083	1.000000	1.000000	
1353402410.031387	1.000000	35.276535	22.185287	6.109070	1.000285	0.000285	1.000000	1.000000	1.000000	1.000000	1.021824	0.000009	1.000078	0.001969	0.992715	0.000090	1.000082	0.000009	1.023691	0.000009	1353402410.031615	1.000004	34.711133	21.545506	1.820122	0.998849	0.000074	1.000000	1.000000	0.999945	0.000007	1.000933	0.000007	1.001625	0.000007	0.994526	0.000007	1.000476	0.000045	1.000000	1.000000	
1353402411.031387	1.000000	32.038757	18.949066	6.096680	0.999923	0.003021	1.000001	0.414770	1.000000	1.000000	1.003536	0.000078	0.999871	0.002328	1.008762	0.000074	1.007884	0.000076	1.007201	0.000071	1353402411.031644	1.000029	38.204852	25.021581	2.920402	1.000001	0.587707	1.000000	1.000000	0.994066	0.000091	0.991490	0.000062	0.988704	0.000070	0.987768	0.000049	0.984415	0.000042	1.000000	1.000000	
1353402412.031387	1.000000	35.207825	22.117355	6.127563	0.999999	0.002273	1.000000	0.975540	1.000000	1.000000	0.996366	0.000008	1.001318	0.000198	1.002231	0.000092	1.006514	0.000008	0.976118	0.000008	1353402412.031614	0.999970	35.065766	21.886568	2.322290	0.999973	0.024325	1.000000	1.000000	1.024114	0.000022	1.014758	0.000036	1.023939	0.000033	1.018032	0.000033	1.000124	0.005201	1.000000	1.000000	
1353402413.031387	1.000000	40.971191	27.865265	6.121399	1.000000	0.947516	1.000000	1.000000	1.000000	1.000000	0.997899	0.000288	0.998461	0.000133	0.996415	0.000059	0.998206	0.000059	0.999986	0.000054	1353402413.031574	0.999960	29.529076	16.355926	1.708076	0.999849	0.000023	0.999993	0.052319	0.999921	0.000078	0.999975	0.000077	0.999927	0.000069	1.000478	0.000070	1.000010	0.007401	1.000000	1.000000	
1353402414.031387	1.000000	38.004745	24.896927	6.126328	1.000000	1.000000	1.000000	1.000000	0.999958	0.012218	1.000006	0.002803	0.999995	0.002775	1.000054	0.003162	0.999837	0.002633	0.999839	0.002577	1353402414.031544	0.999970	39.224338	26.042363	1.697393	1.000001	0.990695	0.999996	0.002696	0.999798	0.002574	0.999799	0.002572	0.999819	0.002617	0.999762	0.002425	0.999997	0.007792	1.000000	1.000000	
1353402415.031387	1.000000	35.124237	22.015213	6.133728	1.000000	1.000000	1.000000	1.000000	1.005712	0.000073	0.999972	0.000286	0.999986	0.001937	0.996874	0.000055	1.009608	0.000052	1.013167	0.000049	1353402415.031600	1.000056	34.979638	21.793594	1.821462	1.000000	1.000000	0.999967	0.000058	1.006641	0.000078	1.007257	0.000070	0.997459	0.000069	1.009088	0.000062	1.000453	0.000052	1.000000	1.000000	
1353402416.031387	1.000000	33.011856	19.915924	6.115234	0.999995	0.039780	1.000000	1.000000	1.000000	0.577508	0.999918	0.000220	0.999974	0.000717	1.002072	0.000099	1.020749	0.000008	0.971140	0.000008	1353402416.031611	1.000011	37.033804	23.848737	2.148582	0.999999	0.422708	1.000001	0.961705	0.999286	0.000007	1.001043	0.000007	1.016035	0.000040	0.995904	0.000007	0.999733	0.000049	1.000000	1.000000	
1353402417.031387	1.000000	35.311188	22.230530	6.109070	0.999734	0.000300	1.000000	1.000000	1.000000	1.000000	0.999996	0.000307	0.999976	0.002111	0.992476	0.000054	0.997284	0.000059	1.000363	0.000055	1353402417.031613	1.000002	34.844431	21.665394	2.141018	0.999993	0.002467	1.000000	1.000000	1.000051	0.000084	0.999991	0.000087	0.999989	0.000070	1.000469	0.000071	1.000213	0.000056	1.000000	1.000000	
1353402418.031387	1.000000	35.339249	22.243881	6.127563	1.001256	0.000092	0.999999	1.000000	1.000000	1.000000	1.000000	0.000240	0.999969	0.001977	1.002427	0.000091	1.000411	0.000008	1.000507	0.000008	1353402418.031612	0.999999	34.714953	21.551229	1.945055	0.999966	0.000078	1.000000	1.000000	0.999889	0.000007	0.999669	0.000007	1.000764	0.000007	0.995125	0.000007	0.977237	0.000046	1.000000	1.000000	
1353402419.031387	1.000000	31.892853	18.799484	6.133728	1.000065	0.003726	1.000000	0.412895	1.000000	1.000000	0.999692	0.000304	0.999446	0.000369	0.999719	0.000059	0.999973	0.000056	0.999486	0.000053	1353402419.031601	0.999989	38.177543	24.994232	1.895635	1.000000	0.584006	1.000000	1.000000	1.000005	0.000080	1.000137	0.000079	0.999804	0.000071	1.000610	0.000070	1.013463	0.000079	1.000000	1.000000	
1353402420.031387	1.000000	35.589279	22.488388	6.127563	1.000000	1.000000	1.000006	0.008488	1.000000	1.000000	1.000347	0.000217	1.001168	0.000175	1.002215	0.000093	1.023763	0.000008	0.994546	0.000008	1353402420.031595	0.999994	34.852320	21.669990	3.835503	0.999985	0.000051	1.000000	1.000000	0.999945	0.000007	0.997477	0.000007	1.000598	0.000007	0.993735	0.000007	0.998895	0.000041	1.000000	1.000000	
1353402421.031387	1.000000	34.053955	20.956787	6.121399	1.000000	0.772009	0.999869	0.004295	1.000000	1.000000	1.000005	0.000288	0.999996	0.000437	0.984992	0.000058	0.984512	0.000056	0.990472	0.000053	1353402421.031605	1.000010	36.149174	22.968123	2.460837	1.000000	0.228034	1.000000	1.000000	0.999877	0.000097	1.000043	0.000080	0.997983	0.000070	0.998591	0.000072	0.998372	0.000056	1.000000	1.000000	
1353402422.031387	1.000000	35.278427	22.177673	6.127563	1.000000	1.000000	1.000011	0.000208	1.000000	1.000000	1.000862	0.000235	1.001245	0.000160	1.001936	0.000343	1.003967	0.000010	1.002718	0.000009	1353402422.031608	1.000003	34.755416	21.576059	1.742960	0.999827	0.000401	1.000000	1.000000	1.000073	0.000037	0.999835	0.000007	1.018298	0.000007	1.019705	0.000007	1.002470	0.000050	1.000000	1.000000	
1353402423.031387	1.000000	35.376984	22.275131	6.096741	1.000000	1.000000	1.005121	0.000102	1.000000	1.000000	0.999339	0.000332	0.999890	0.002137	0.997856	0.000095	1.005742	0.000076	1.003950	0.000077	1353402423.031606	0.999998	34.834722	21.657070	2.203450	1.000023	0.002525	1.000000	1.000000	0.993505	0.000082	0.993981	0.000086	0.989106	0.000059	0.991916	0.000064	0.991097	0.000060	1.000000	1.000000	
1353402424.031387	1.000000	34.317673	21.217545	6.115234	1.000000	0.836000	0.999589	0.000023	1.000000	1.000000	0.999975	0.000236	1.000130	0.001421	1.004281	0.000095	1.021327	0.000009	1.028006	0.000009	1353402424.031597	0.999991	35.684497	22.516912	2.210851	1.000000	0.164428	1.000000	1.000000	1.017228	0.000029	1.014883	0.000035	1.015625	0.000042	1.005780	0.000084	1.004594	0.000107	1.000000	1.000000	
1353402425.031387	1.000000	35.369156	22.265549	6.121246	1.000000	1.000000	0.999877	0.000169	1.000000	1.000000	0.999996	0.000297	0.999889	0.002271	0.996371	0.000054	1.000099	0.000101	0.999688	0.000052	1353402425.031606	1.000009	34.894719	21.703325	2.266413	1.000001	0.002630	1.000000	1.000000	1.000472	0.000081	0.999816	0.000056	0.999877	0.000069	1.000364	0.000060	1.001105	0.000055	1.000000	1.000000	
1353402426.031387	1.000000	35.345398	22.252884	6.102905	1.000000	0.988486	0.999773	0.002303	1.000000	1.000000	0.999522	0.000242	0.999961	0.002240	0.999700	0.000087	1.025756	0.000008	1.027022	0.000008	1353402426.031629	1.000023	34.841793	21.667061	2.471684	1.000054	0.011764	1.000000	1.000000	1.000522	0.000007	1.001147	0.000007	1.000216	0.000007	1.000383	0.000007	0.999330	0.000039	1.000000	1.000000	
1353402427.031530	1.000143	33.665487	20.564090	6.114360	1.000003	0.721541	1.000204	0.002061	1.000001	1.000001	1.001891	0.000285	1.003548	0.000131	1.008150	0.000056	1.003896	0.000050	1.004445	0.000049	1353402427.031724	1.000095	36.526380	23.351529	2.436170	0.999999	1.000000	0.999999	1.000000	0.995331	0.000082	0.993803	0.000080	0.993642	0.000072	0.995206	0.000070	0.994570	0.000065	0.999994	0.278123	
1353402428.031388	0.999858	35.456439	22.348879	6.116103	1.000000	1.000000	1.000030	0.036534	1.000000	1.000000	0.999946	0.000255	0.999959	0.000159	0.999868	0.000091	0.997472	0.000006	1.000653	0.000007	1353402428.031549	0.999825	34.735647	21.542588	1.728223	1.000000	1.000000	1.000000	0.963295	1.006453	0.000008	1.023981	0.000008	1.025642	0.000008	1.008106	0.000008	0.998030	0.000043	0.998325	0.000457	
1353402429.031389	1.000001	41.161811	28.055637	6.121302	1.000000	0.996239	1.000000	1.000000	1.000000	0.996200	0.999964	0.000266	1.000035	0.000152	0.999918	0.000056	1.000361	0.000089	0.999808	0.000048	1353402429.031550	1.000001	29.170214	15.982407	1.756041	0.999982	0.996186	0.999254	0.000297	0.996677	0.000069	0.996659	0.000072	0.996290	0.000065	0.996821	0.000066	0.999052	0.000074	1.029338	0.000023	
1353402430.031387	0.999998	41.254260	28.140587	6.121411	1.000000	1.000000	1.000000	1.000000	1.000000	1.000000	0.999733	0.000250	0.999992	0.000187	1.000038	0.000090	0.996699	0.000006	1.001707	0.000007	1353402430.031545	0.999995	29.242685	16.057469	1.670892	1.000000	1.000000	1.000241	0.000286	1.029481	0.000008	1.030223	0.000008	1.028868	0.000008	1.026428	0.000008	1.005125	0.000044	1.002622	0.000067	
1353402431.031388	1.000001	41.297995	28.186130	6.127558	1.000000	1.000000	1.000000	1.000000	1.000000	1.000000	0.999994	0.002727	0.999962	0.000439	0.999939	0.000057	1.000300	0.000048	0.999845	0.000047	1353402431.031542	0.999997	29.252624	16.070500	1.738104	1.000000	1.000000	1.000599	0.000225	0.999823	0.000070	0.998488	0.000070	0.996242	0.000060	0.996076	0.000059	0.995777	0.000053	0.965552	0.000008	
1353402432.031406	1.000018	41.006637	27.894124	6.108961	0.999998	0.953456	0.999999	0.999999	0.999999	0.999999	0.998232	0.000230	0.997242	0.000157	0.995867	0.000104	0.932585	0.000007	0.941926	0.000008	1353402432.031646	1.000104	29.497086	16.320111	1.663081	1.000001	1.000001	1.000032	0.046899	1.008867	0.000039	1.052039	0.000008	1.066582	0.000008	1.067540	0.000008	1.009168	0.000051	1.006261	0.000068	
1353402433.031388	0.999982	32.723730	19.627487	6.121508	1.000059	0.000256	0.999999	0.552451	1.000000	1.000000	1.001200	0.000295	1.001552	0.000128	0.999755	0.002981	0.988830	0.000056	0.989724	0.000052	1353402433.031646	1.000000	37.572250	24.387650	2.519882	1.000000	1.000000	1.000000	1.000000	1.000001	0.447794	0.999934	0.000070	0.999692	0.000049	0.999777	0.000050	1.000787	0.000042	1.018083	0.000007	
1353402434.031387	0.999999	35.109424	22.010473	6.121405	1.000000	0.987555	0.999739	0.000249	1.000000	1.000000	0.999342	0.000324	0.999637	0.000616	1.002785	0.000217	1.000387	0.000040	1.000000	0.000030	1353402434.031605	0.999959	34.874019	21.694569	1.886277	0.999942	0.012450	1.000000	1.000000	1.000000	1.000000	1.000117	0.000062	1.000167	0.000037	0.999830	0.000041	0.999982	0.000308	0.992891	0.000077	
1353402435.031387	1.000000	35.394653	22.307312	6.096741	1.000000	1.000000	1.006935	0.000094	1.000000	1.000000	0.999400	0.000288	1.000016	0.005175	1.003990	0.000068	1.009920	0.000062	1.008934	0.000060	1353402435.031603	0.999998	34.904440	21.741436	3.266211	1.001713	0.000050	1.000000	1.000000	1.000000	1.000000	0.991787	0.000062	0.990306	0.000066	0.990074	0.000051	0.992697	0.000065	1.005325	0.000007	
1353402436.031387	1.000000	32.040207	18.932159	6.115234	1.000000	0.444663	1.000349	0.000043	1.000000	1.000000	0.999462	0.000259	0.999738	0.000893	0.997742	0.000094	1.002751	0.000008	0.997683	0.000008	1353402436.031635	1.000032	38.061788	24.879241	2.009671	1.000001	0.555796	1.000000	1.000000	1.000000	1.000000	1.009734	0.000054	1.015403	0.000041	1.011725	0.000041	1.005371	0.000084	0.996333	0.000080	
1353402437.031388	1.000001	35.112210	22.034967	6.109064	1.000551	0.000343	1.000000	0.991578	1.000000	1.000000	1.000453	0.000269	1.000142	0.000133	1.003854	0.000057	1.003028	0.000057	1.000429	0.000054	1353402437.031604	0.999969	34.909560	21.727480	1.784204	0.999922	0.008270	1.000000	1.000000	1.000000	1.000000	0.999771	0.000074	1.000249	0.000063	1.000381	0.000057	1.000156	0.000062	1.036178	0.000022	
1353402438.031387	0.999999	35.236102	22.144980	6.121405	0.996450	0.000056	1.000000	1.000000	1.000000	1.000000	0.999551	0.000256	0.999520	0.000443	0.995328	0.000088	0.952816	0.000009	0.971927	0.000009	1353402438.031623	1.000019	34.858924	21.681395	1.748532	0.999994	0.000191	1.000000	1.000000	1.000000	1.000000	1.002910	0.000007	0.998266	0.000007	1.000601	0.000007	1.000274	0.000044	0.994259	0.000079	
1353402439.031387	1.000000	37.418121	24.320160	6.114120	1.000041	0.003009	1.000000	1.000000	1.000000	1.000000	1.000028	0.003180	1.000014	0.006483	1.000124	0.003154	1.000167	0.002558	1.000076	0.002691	1353402439.031618	0.999995	39.632874	26.451716	2.954269	0.999994	0.002654	1.000000	1.000000	1.000000	1.000000	0.999994	0.002631	1.000001	0.002712	0.999999	0.002639	0.999986	0.002669	1.000355	0.002577	
1353402440.031387	1.000000	35.429169	22.334671	6.102905	0.996002	0.000063	1.000000	1.000000	1.000000	1.000000	0.999941	0.006110	0.999966	0.000161	0.996861	0.000092	0.976932	0.000008	1.000731	0.000008	1353402440.031613	0.999995	34.878120	21.698625	3.386904	1.000036	0.000075	1.000000	1.000000	1.000000	1.000000	0.999063	0.000007	0.998870	0.000007	0.998429	0.000007	1.000671	0.000056	0.993556	0.000069	
1353402441.031388	1.000001	35.306470	22.213602	6.121393	1.000008	0.000615	1.000000	1.000000	1.000000	1.000000	1.000095	0.002147	1.000438	0.000446	1.005152	0.000057	1.000056	0.000056	1.000029	0.000053	1353402441.031618	1.000005	34.883019	21.702009	1.777426	0.999704	0.000030	1.000000	1.000000	1.000000	1.000000	1.000122	0.000073	0.997736	0.000057	0.997801	0.000058	0.996950	0.000051	0.951943	0.000010	
1353402442.031387	0.999999	35.474155	22.376410	6.121405	0.999966	0.006742	1.000000	1.000000	1.000000	1.000000	0.999937	0.000110	0.998232	0.000220	0.996152	0.000107	0.994216	0.000022	0.994208	0.000033	1353402442.031606	0.999988	34.896717	21.728637	3.529324	1.000120	0.000093	1.000000	1.000000	1.000000	1.000000	1.000037	0.000021	1.007549	0.000019	1.006494	0.000019	1.003024	0.000047	1.007243	0.000063	
1353402443.031387	1.000000	31.910873	18.817612	6.127563	1.000043	0.000388	1.000000	0.412472	1.000000	1.000000	1.000000	0.000178	1.000177	0.002051	1.007803	0.000055	1.002658	0.000050	1.006998	0.000048	1353402443.031631	1.000025	38.285281	25.101590	2.431488	1.000001	0.587759	1.000000	1.000000	1.000000	1.000000	0.999993	0.000054	0.999710	0.000064	0.999965	0.000044	0.999920	0.000043	1.001482	0.000007	
1353402444.031387	1.000000	35.046661	21.949203	6.127563	1.000000	0.969551	0.995018	0.000143	1.000000	1.000000	0.999978	0.000103	0.999666	0.000641	0.997814	0.000096	0.995253	0.000008	0.985011	0.000008	1353402444.031605	0.999974	35.043544	21.863331	1.885623	0.999978	0.030429	1.000000	1.000000	1.000000	1.000000	0.998957	0.000007	0.999938	0.000006	1.000055	0.000007	1.000168	0.000085	0.999975	0.000078	
1353402445.031388	1.000001	35.500638	22.398996	6.115229	1.000000	1.000000	1.000737	0.000211	1.000000	1.000000	1.000944	0.000158	1.000017	0.004864	1.003400	0.000054	0.988612	0.000056	0.989603	0.000052	1353402445.031604	0.999999	34.910190	21.732946	3.146396	1.000304	0.000022	1.000000	1.000000	1.000000	1.000000	0.999837	0.000064	0.988611	0.000057	1.000255	0.000057	0.999365	0.000063	0.995684	0.000008	
1353402446.031387	0.999999	35.345905	22.242834	6.121405	1.000000	0.988465	0.999935	0.002067	1.000000	1.000000	0.998630	0.000102	0.999891	0.002248	0.997679	0.000085	1.003350	0.000009	1.000633	0.000009	1353402446.031644	1.000040	34.968067	21.790524	2.242113	1.000054	0.011826	1.000000	1.000000	1.000000	1.000000	0.999010	0.000007	1.015937	0.000041	1.000161	0.000007	1.000922	0.000042	0.992795	0.000071	
1353402447.031388	1.000001	29.585741	16.509231	6.121393	0.999995	0.005657	0.999944	0.000220	1.000000	1.000000	0.999815	0.000173	1.000127	0.000143	1.002182	0.000069	1.011165	0.000067	1.007713	0.000067	1353402447.031639	0.999995	40.731619	27.540330	3.331621	1.000000	1.000000	1.000000	1.000000	1.000000	1.000000	0.990966	0.000058	0.987219	0.000050	0.989473	0.000049	0.990938	0.000056	0.999263	0.000007	
1353402448.031387	0.999999	35.317661	22.227682	6.090582	0.999945	0.007200	1.000001	0.969586	1.000000	1.000000	0.998461	0.000132	0.998567	0.000156	0.996128	0.000090	0.959593	0.000009	0.976713	0.000009	1353402448.031597	0.999958	35.091209	21.903171	3.599333	0.999979	0.030269	1.000000	1.000000	1.000000	1.000000	1.016170	0.000033	1.018224	0.000036	1.014160	0.000035	1.006285	0.000080	0.998703	0.000077	
1353402449.031388	1.000001	29.933413	16.845733	6.121393	0.999974	0.007590	0.999993	0.039700	1.000000	1.000000	1.001218	0.000156	1.003278	0.000127	1.007156	0.000054	0.991547	0.000056	1.003769	0.000052	1353402449.031645	1.000048	40.516552	27.326068	3.826400	1.000001	0.960760	1.000000	1.000000	1.000000	1.000000	0.999563	0.000056	0.999657	0.000047	0.985434	0.000047	0.999557	0.000064	1.045239	0.000014	
1353402450.031387	0.999999	35.219165	22.130453	6.084356	0.999992	0.000189	1.000000	0.996593	1.000000	1.000000	0.998221	0.000103	0.998970	0.000442	0.995497	0.000090	1.001606	0.000291	1.002016	0.000008	1353402450.031620	0.999975	34.932698	21.746028	1.865357	0.999810	0.003406	1.000000	1.000000	1.000000	1.000000	1.003633	0.000007	0.999198	0.000007	1.002870	0.000235	1.000541	0.000051	0.999262	0.000082	
1353402451.031388	1.000001	35.517178	22.427164	6.109064	0.999964	0.002650	1.000000	1.000000	1.000000	1.000000	1.000166	0.002279	1.000057	0.005443	1.004071	0.000052	1.004800	0.000045	0.999514	0.000048	1353402451.031614	0.999994	34.913431	21.730247	3.839012	0.999987	0.000030	1.000000	1.000000	1.000000	1.000000	1.000132	0.000070	0.997252	0.000049	0.997571	0.000049	0.996928	0.000048	0.976323	0.000007	
1353402452.031387	0.999999	35.494632	22.402472	6.102911	0.999160	0.000140	1.000000	1.000000	1.000000	1.000000	0.999915	0.007200	0.998999	0.000413	0.997745	0.000085	0.978978	0.000009	0.977281	0.000009	1353402452.031614	1.000000	34.869049	21.701355	3.815979	0.999975	0.000061	1.000000	1.000000	1.000000	1.000000	0.997647	0.000007	1.019035	0.000007	1.016685	0.000007	1.003543	0.000042	1.003657	0.000063	
1353402453.031387	1.000000	29.925568	16.836731	6.127563	1.000256	0.000396	0.999996	0.048486	1.000000	1.000000	1.001139	0.000175	1.000046	0.006408	1.005968	0.000055	1.003659	0.000057	1.003714	0.000053	1353402453.031633	1.000019	40.411186	27.221847	3.336149	1.000001	0.951772	1.000000	1.000000	1.000000	1.000000	1.000453	0.000057	1.000169	0.000062	1.000357	0.000049	0.999729	0.000040	1.001969	0.000008	
1353402454.031387	1.000000	35.018509	21.924179	6.109070	1.000000	0.969564	0.993602	0.000137	1.000000	1.000000	0.997955	0.000102	0.999661	0.000636	0.998762	0.000106	0.997009	0.000009	1.002508	0.000008	1353402454.031606	0.999973	35.137757	21.954586	1.878667	0.999979	0.030437	1.000000	1.000000	1.000000	1.000000	0.997361	0.000007	0.998377	0.000006	0.997113	0.000007	0.999964	0.000085	0.999761	0.000076	
1353402455.031387	1.000000	35.426651	22.332397	6.127563	1.000000	1.000000	1.000900	0.000219	1.000000	1.000000	1.001317	0.000153	1.000015	0.004873	1.003524	0.000054	0.999787	0.000058	0.999891	0.000049	1353402455.031598	0.999992	34.920312	21.743142	3.125041	1.000216	0.000021	1.000000	1.000000	1.000000	1.000000	1.000021	0.000072	1.000144	0.000070	1.000057	0.000054	1.000034	0.000057	1.002156	0.000007	
1353402456.031387	1.000000	35.321030	22.224609	6.127563	1.000000	0.988468	1.000010	0.001872	1.000000	1.000000	1.000090	0.000107	0.999814	0.002418	0.997802	0.000085	1.001676	0.000009	0.998228	0.000008	1353402456.031639	1.000041	34.988342	21.811026	2.290021	1.000055	0.011814	1.000000	1.000000	1.000000	1.000000	0.999458	0.000014	0.995681	0.000007	0.998327	0.000007	0.999945	0.000042	0.999705	0.000056	
1353402457.031388	1.000001	29.622012	16.536209	6.127558	0.999987	0.005359	1.000786	0.000196	1.000000	1.000000	0.999980	0.000157	1.002927	0.000138	1.003513	0.000054	0.988560	0.000056	0.989872	0.000052	1353402457.031637	0.999998	40.756303	27.566367	3.183691	1.000000	1.000000	1.000000	1.000000	1.000000	1.000000	1.000242	0.000056	1.000398	0.000047	1.000120	0.000048	1.000173	0.000053	0.999115	0.000008	
1353402458.031387	0.999999	35.187717	22.115973	6.121405	0.999955	0.006763	1.000001	0.969583	1.000000	1.000000	1.001129	0.000121	0.998703	0.000155	0.997724	0.000084	0.999795	0.000009	1.001014	0.000009	1353402458.031613	0.999976	35.123114	21.939157	3.032849	0.999975	0.030268	1.000000	1.000000	1.000000	1.000000	0.997694	0.000007	0.999946	0.000007	0.999728	0.000007	0.999986	0.000054	0.989968	0.000054	
1353402459.031388	1.000001	33.469801	20.383739	6.115229	0.999983	0.004031	1.000000	0.663465	1.000000	1.000000	0.999974	0.002249	1.001444	0.000143	1.002884	0.000071	1.009369	0.000068	1.007853	0.000068	1353402459.031641	1.000028	36.891168	23.705302	3.174106	1.000002	0.336768	1.000000	1.000000	1.000000	1.000000	0.993577	0.000081	0.990856	0.000071	0.990075	0.000050	0.994353	0.000089	1.001761	0.000007	
1353402460.031387	0.999999	35.167545	22.071859	6.115240	1.000000	0.996564	0.994253	0.000158	1.000000	1.000000	0.998559	0.000141	0.999025	0.000440	0.995381	0.000089	0.979459	0.000009	0.996182	0.000008	1353402460.031600	0.999959	34.951445	21.764671	1.901247	0.999807	0.003396	1.000000	1.000000	1.000000	1.000000	1.015054	0.000034	1.015681	0.000041	1.012060	0.000041	1.006659	0.000075	0.998830	0.000100	
1353402461.031388	1.000001	35.549710	22.454263	6.127558	1.000000	1.000000	1.000193	0.000863	1.000000	1.000000	1.000033	0.003209	1.000015	0.006031	1.007015	0.000055	1.007754	0.000054	1.000562	0.000051	1353402461.031598	0.999998	34.904226	21.736522	3.569022	0.999987	0.000029	1.000000	1.000000	1.000000	1.000000	1.000060	0.000064	0.997979	0.000056	0.997737	0.000065	0.996406	0.000050	1.032689	0.000014	
1353402462.031387	0.999999	35.157092	22.063101	6.127569	1.000000	1.000000	1.000177	0.000137	1.000000	1.000000	0.999352	0.000101	0.999963	0.000157	0.997906	0.000088	0.975342	0.000008	0.998588	0.000008	1353402462.031609	1.000011	34.867919	21.690604	1.736523	1.000049	0.000063	1.000000	1.000000	1.000000	1.000000	0.999008	0.000007	1.011967	0.000009	1.020562	0.000007	1.003210	0.000050	1.002556	0.000069	
1353402463.031387	1.000000	31.351120	18.261597	6.133728	1.000000	0.321915	1.000141	0.000175	1.000000	1.000000	1.000251	0.000436	0.999898	0.000136	1.003458	0.000059	1.003582	0.000053	1.000386	0.000052	1353402463.031635	1.000026	38.792296	25.609701	1.847318	1.000001	0.678767	1.000000	1.000000	1.000000	1.000000	1.000344	0.000074	0.999982	0.000064	1.000062	0.000050	1.000305	0.000048	1.000472	0.000008	
1353402464.031387	1.000000	37.348801	24.259613	6.132645	0.999977	0.007058	1.000001	0.966605	1.000000	1.000000	0.999957	0.002927	1.000000	0.003075	0.999931	0.003121	0.999810	0.002708	0.999855	0.002806	1353402464.031568	0.999933	40.147541	26.963446	2.902111	0.999982	0.036020	1.000000	1.000000	1.000000	1.000000	0.999815	0.002748	0.999840	0.002679	0.999833	0.002680	0.999994	0.002900	1.000000	0.002739	
1353402465.031387	1.000000	35.306564	22.215500	6.102905	0.999741	0.000382	1.000000	0.988425	1.000001	1.000000	0.999944	0.000151	0.999982	0.003786	1.004173	0.000052	1.009596	0.000051	1.007724	0.000049	1353402465.031635	1.000067	35.073212	21.892225	2.190649	1.000053	0.011774	1.000000	1.000000	1.000000	1.000000	1.006537	0.000072	1.006422	0.000067	1.009890	0.000045	0.999740	0.000044	0.996011	0.000007	
1353402466.031387	1.000000	29.197922	16.110306	6.075668	0.926223	0.000237	0.999373	0.000043	0.999981	0.975524	0.999997	0.000132	0.999988	0.000504	0.997746	0.000097	0.972795	0.000009	0.999820	0.000009	1353402466.031635	1.000000	40.536438	27.344910	1.864700	1.000000	1.000000	1.000000	1.000000	1.000000	0.975531	1.000097	0.000036	0.997322	0.000007	1.000437	0.000006	1.000226	0.000056	0.999950	0.000078	
1353402467.031387	1.000000	29.564377	16.479584	6.102905	1.000073	0.003856	0.998273	0.000397	1.000000	1.000000	1.001247	0.000165	1.001390	0.000138	0.998771	0.000059	1.000273	0.000056	1.000253	0.000055	1353402467.031610	0.999975	40.688763	27.496721	1.783965	0.999999	0.996251	1.000000	1.000000	1.000000	1.000000	1.000019	0.000080	1.000119	0.000072	0.999677	0.000050	1.000012	0.000065	1.004746	0.000007	
1353402468.031387	1.000000	35.451523	22.371429	6.102905	1.000000	1.000000	0.999991	0.002576	1.000000	1.000000	0.999926	0.005988	0.997420	0.000156	0.998896	0.000111	0.978777	0.000009	0.976199	0.000009	1353402468.031602	0.999992	35.013513	21.827982	3.636367	1.000231	0.000059	1.000000	1.000000	1.000000	1.000000	0.999945	0.000007	1.002614	0.000007	0.999946	0.000007	1.000307	0.000035	0.999891	0.000057	
1353402469.031388	1.000001	32.696380	19.603436	6.115229	0.999999	0.553685	1.000350	0.000523	1.000000	1.000000	1.002765	0.000153	1.003296	0.000131	0.999849	0.003176	0.992557	0.000058	0.994016	0.000054	1353402469.031639	1.000037	37.416662	24.243535	2.623148	1.000001	0.446768	1.000000	1.000000	1.000000	1.000000	0.999696	0.000056	0.999804	0.000067	0.999984	0.000047	1.000005	0.000074	1.001154	0.000007	
1353402470.031387	0.999999	29.765333	16.678361	6.115240	0.996969	0.000028	0.999980	0.010735	1.000000	1.000000	0.997444	0.000117	0.998480	0.000159	1.006689	0.000099	1.009732	0.000009	1.005517	0.000009	1353402470.031638	0.999999	40.788155	27.603450	4.976216	1.000000	1.000006	1.000000	1.000000	1.000000	1.000000	1.002088	0.000007	0.999947	0.000007	1.000055	0.000007	0.999966	0.000034	0.990151	0.000056	
1353402471.031388	1.000001	29.837038	16.751693	6.121393	0.999991	0.006681	1.000013	0.006279	1.000000	1.000000	1.000121	0.000539	1.000011	0.000440	1.003209	0.000068	1.010861	0.000068	1.007131	0.000067	1353402471.031637	0.999999	40.796319	27.620433	4.957799	1.000000	1.000000	1.000000	1.000000	1.000000	1.000000	0.991387	0.000060	0.984899	0.000051	0.987806	0.000049	0.986219	0.000043	0.984606	0.000007	
1353402472.031387	0.999999	35.033359	21.940130	6.127569	1.000000	0.971583	0.998515	0.000184	1.000000	1.000000	0.999548	0.000451	0.998638	0.000160	0.995550	0.000095	0.954938	0.000009	0.975776	0.000009	1353402472.031595	0.999958	35.013280	21.824387	1.877932	0.999977	0.028246	1.000000	1.000000	1.000000	1.000000	1.012653	0.000041	1.018272	0.000041	1.017691	0.000034	1.007624	0.000076	0.998887	0.000088	
1353402473.031388	1.000001	31.304276	18.212843	6.121393	1.000000	0.317913	1.000394	0.000231	1.000000	1.000000	1.000505	0.000409	1.003126	0.000138	1.007036	0.000059	1.003542	0.000058	1.004033	0.000055	1353402473.031635	1.000040	38.847519	25.658518	1.857943	1.000001	0.682757	1.000000	1.000000	1.000000	1.000000	1.000120	0.000074	1.000178	0.000063	1.000086	0.000049	0.999740	0.000053	1.033478	0.000021	
1353402474.031387	0.999999	35.277866	22.191565	6.115240	0.999926	0.007458	1.000001	0.963001	1.000000	1.000000	0.998224	0.000124	0.999074	0.000456	0.994968	0.000084	0.977779	0.000009	0.977516	0.000009	1353402474.031654	1.000019	35.174241	21.985497	3.808735	0.999998	0.037034	1.000000	1.000000	1.000000	1.000000	0.999947	0.000007	0.997898	0.000006	0.998434	0.000007	1.000402	0.000064	1.000523	0.000080	
1353402475.031387	1.000000	29.535370	16.450211	6.121399	1.000268	0.000397	0.999044	0.000396	1.000000	1.000000	1.001299	0.000158	1.001357	0.000154	1.007061	0.000058	1.007063	0.000053	1.003281	0.000053	1353402475.031636	0.999982	40.688090	27.501453	1.855105	1.000000	1.000000	1.000000	1.000000	1.000000	1.000000	0.999790	0.000081	0.990807	0.000071	1.000183	0.000048	0.999560	0.000064	0.996023	0.000008	
1353402476.031387	1.000000	35.494171	22.400024	6.115234	1.000000	0.995552	0.999990	0.006272	1.000000	1.000000	0.999979	0.001007	1.000481	0.000446	1.000193	0.000090	0.976764	0.000009	0.998416	0.000009	1353402476.031597	0.999961	34.924309	21.734798	3.572497	0.999847	0.004276	1.000000	1.000000	1.000000	1.000000	0.998778	0.000014	1.017911	0.000035	0.998237	0.000007	1.000239	0.000044	1.000541	0.000058	
1353402477.031388	1.000001	715763142.379907	715783439.030992	715767250.709516	0.999953	1.000446	0.999949	1.000438	0.999961	1.000443	0.999953	1.000441	0.999954	1.000444	0.999956	1.000440	0.999954	1.000449	0.999953	1.000444	1353402477.031486	0.999889	715902123.459205	715881522.138673	715867955.767898	0.999953	1.000442	0.999950	1.000444	3.895621	0.256802	0.999952	1.000437	0.999953	1.000445	0.999956	1.000442	0.999954	1.000450	0.999953	1.000446	
1353402478.031388	1.000000	0.000000	0.000000	0.000000	-nan	-nan	-nan	-nan	0.000000	inf	-nan	-nan	-nan	0.000000	0.000000	inf	-nan	-nan	-nan	-nan	1353402478.031467	0.999981	0.000000	0.000000	0.000000	-nan	-nan	-nan	-nan	0.000000	inf	-nan	-nan	-nan	-nan	-nan	-nan	-nan	-nan	-nan	-nan	
1353402479.031443	1.000055	0.000000	0.000000	0.000000	-nan	-nan	-nan	-nan	1525270551683.927246	inf	-nan	-nan	-nan	0.000000	0.000000	inf	-nan	-nan	-nan	-nan	1353402479.031522	1.000055	0.000000	0.000000	0.000000	-nan	-nan	-nan	-nan	inf	-nan	-nan	-nan	-nan	-nan	-nan	-nan	-nan	-nan	-nan	-nan	
