ts_0	elapsed_0	pkg_0	pp0_0	dram_0	freq_ratio_0_0	c0_ratio_0_0	freq_ratio_0_1	c0_ratio_0_1	freq_ratio_0_2	c0_ratio_0_2	freq_ratio_0_3	c0_ratio_0_3	freq_ratio_0_4	c0_ratio_0_4	freq_ratio_0_5	c0_ratio_0_5	freq_ratio_0_6	c0_ratio_0_6	freq_ratio_0_7	c0_ratio_0_7	ts_1	elapsed_1	pkg_1	pp0_1	dram_1	freq_ratio_1_0	c0_ratio_1_0	freq_ratio_1_1	c0_ratio_1_1	freq_ratio_1_2	c0_ratio_1_2	freq_ratio_1_3	c0_ratio_1_3	freq_ratio_1_4	c0_ratio_1_4	freq_ratio_1_5	c0_ratio_1_5	freq_ratio_1_6	c0_ratio_1_6	freq_ratio_1_7	c0_ratio_1_7	
1356626110.894163	1.001871	35.576286	22.465822	5.109946	1.156499	0.427313	1.154314	0.411759	1.155528	0.421379	1.156190	0.423452	1.155088	0.416993	1.156017	0.421895	1.155726	0.420419	1.155350	0.417991	1356626110.894338	1.000392	46.565595	33.380776	2.999267	0.999926	0.632985	0.999820	0.898301	0.999941	0.622143	0.999999	0.720623	0.999973	0.621693	1.006398	0.000083	0.812103	0.000105	0.999809	0.633484	
1356626111.894160	0.999997	43.448087	30.319903	6.019214	0.999957	0.925236	1.000001	0.924537	1.000000	0.924571	1.000000	0.924569	0.999390	0.000397	0.997320	0.000072	0.994027	0.000049	0.995207	0.000178	1356626111.894334	0.999996	50.521140	37.365340	3.080884	0.938672	0.921989	0.943294	0.997403	0.938669	0.921942	0.938671	0.921981	0.938669	0.921947	0.963093	0.000444	0.959520	0.000375	0.938662	0.921965	
1356626112.894160	1.000000	43.326019	30.189911	5.972305	0.999863	0.920407	1.000000	0.919851	1.000000	0.919871	1.000000	0.919884	1.000409	0.000451	0.999070	0.000014	1.001223	0.000039	1.001051	0.000536	1356626112.894334	1.000000	50.123337	36.938965	3.099426	0.930620	0.917094	0.936191	0.997201	0.930617	0.917060	0.930620	0.917086	0.930617	0.917055	0.960022	0.000360	0.966119	0.000360	0.930619	0.917086	
1356626113.894159	0.999999	42.053766	28.916058	5.957373	0.999596	0.869259	0.999999	0.868093	0.999960	0.868178	0.999980	0.868158	1.000098	0.000720	1.003822	0.000066	0.987406	0.000048	0.931460	0.000266	1356626113.894327	0.999993	48.897616	35.738528	3.185874	0.931509	0.865570	0.940524	0.997388	0.931505	0.865506	0.931511	0.865577	0.931508	0.865533	0.951062	0.000449	0.959218	0.000335	0.931519	0.865558	
1356626114.894159	1.000000	41.718094	28.577744	5.888046	0.999492	0.849218	1.000000	0.847772	0.999999	0.847808	1.000000	0.847807	0.987608	0.000541	1.000747	0.000008	1.015546	0.000055	0.901994	0.000167	1356626114.894330	1.000003	48.674547	35.502148	3.213430	0.931802	0.845354	0.942157	0.997526	0.931800	0.845316	0.931802	0.845347	0.931800	0.845311	0.952778	0.000301	0.951381	0.000296	0.931802	0.845344	
1356626115.894160	1.000001	44.647067	31.503968	6.047327	0.999829	0.892703	1.000001	0.891802	0.999985	0.891839	0.999975	0.891854	1.000046	0.005644	0.999792	0.002840	0.999746	0.002554	0.999975	0.002626	1356626115.894292	0.999962	50.282027	37.108279	3.128445	0.938344	0.889831	0.944964	0.997950	0.938340	0.889781	0.938343	0.889825	0.938340	0.889793	0.988816	0.003065	0.992335	0.003028	0.938335	0.889811	
1356626116.894159	0.999999	39.934792	26.788844	5.781332	0.999329	0.780043	1.000000	0.778334	1.000000	0.778406	1.000000	0.778402	0.963383	0.000598	1.045931	0.000012	1.011165	0.000038	1.000400	0.000134	1356626116.894327	1.000035	47.380236	34.206641	3.164425	0.941038	0.776397	0.954082	0.997968	0.941033	0.776323	0.941039	0.776389	0.941034	0.776316	0.944169	0.000294	0.944897	0.000292	0.941047	0.776388	
1356626117.894159	1.000000	42.777634	29.630920	5.987427	0.999353	0.904292	1.000000	0.902799	1.000000	0.902771	1.000000	0.902744	0.963331	0.000545	0.995753	0.000047	0.921459	0.000050	0.989449	0.000497	1356626117.894559	1.000232	49.629722	36.455105	3.108181	0.928275	0.899784	0.935289	0.997296	0.928274	0.899741	0.928274	0.899710	0.928274	0.899682	0.948247	0.000398	0.961127	0.000297	0.928269	0.899596	
1356626118.894159	1.000000	43.251312	30.107162	6.070999	0.999870	0.886618	1.000000	0.885902	0.999975	0.885988	0.999978	0.973029	0.993882	0.000528	1.015095	0.000013	0.910775	0.000041	0.985108	0.000225	1356626118.894392	0.999833	51.850649	38.675598	2.963584	0.936476	0.980214	0.937485	0.997027	0.936472	0.980161	0.936478	0.980281	0.936473	0.980240	0.957070	0.000538	0.965505	0.000538	0.936478	0.980382	
1356626119.894159	1.000000	41.703873	28.574554	5.850708	0.999684	0.821340	1.000000	0.819912	1.000000	0.819977	1.000000	0.872596	0.999693	0.000349	0.996215	0.000065	0.998823	0.000048	0.912264	0.000176	1356626119.894341	0.999949	49.369401	36.192871	3.034991	0.934263	0.870176	0.942559	0.997555	0.934259	0.870125	0.934263	0.870169	0.934260	0.870137	0.960067	0.000322	0.960160	0.000232	0.934256	0.870156	
1356626120.894166	1.000007	715770546.081685	715788687.959957	715778472.619440	0.999920	1.000690	0.999921	1.000711	0.999929	1.000697	0.999920	1.000694	0.999922	1.000705	0.999923	1.000694	0.999921	1.000701	0.999922	1.000701	1356626120.894260	0.999919	715862194.942972	715833030.411592	715836138.775196	0.999921	1.000697	0.999918	1.000698	3.897695	0.256724	0.999920	1.000695	0.999923	1.000707	0.999924	1.000696	0.999922	1.000704	0.999922	1.000703	
1356626121.894265	1.000099	0.000000	0.000000	0.000000	-nan	-nan	-nan	-nan	0.000000	inf	-nan	-nan	-nan	0.000000	-nan	-nan	-nan	-nan	-nan	-nan	1356626121.894343	1.000083	0.000000	0.000000	0.000000	-nan	-nan	-nan	-nan	0.000000	inf	-nan	-nan	-nan	-nan	-nan	-nan	-nan	-nan	-nan	-nan	
