ts_0	elapsed_0	pkg_0	pp0_0	dram_0	freq_ratio_0_0	c0_ratio_0_0	freq_ratio_0_1	c0_ratio_0_1	freq_ratio_0_2	c0_ratio_0_2	freq_ratio_0_3	c0_ratio_0_3	freq_ratio_0_4	c0_ratio_0_4	freq_ratio_0_5	c0_ratio_0_5	freq_ratio_0_6	c0_ratio_0_6	freq_ratio_0_7	c0_ratio_0_7	ts_1	elapsed_1	pkg_1	pp0_1	dram_1	freq_ratio_1_0	c0_ratio_1_0	freq_ratio_1_1	c0_ratio_1_1	freq_ratio_1_2	c0_ratio_1_2	freq_ratio_1_3	c0_ratio_1_3	freq_ratio_1_4	c0_ratio_1_4	freq_ratio_1_5	c0_ratio_1_5	freq_ratio_1_6	c0_ratio_1_6	freq_ratio_1_7	c0_ratio_1_7	
1354697972.173851	1.066283	55.849376	42.241790	4.595827	1.156383	0.400952	1.153778	0.385036	1.158064	0.406847	1.156629	0.401548	1.154212	0.388393	1.156135	0.399828	1.155957	0.392291	1.155362	0.393537	1354697972.173944	1.000355	54.664950	40.939873	5.261194	0.999965	0.748438	0.999997	0.747820	0.999977	0.747822	1.000001	0.747716	0.999978	0.785271	1.000001	0.549616	0.851894	0.000165	0.999910	0.748953	
1354697973.173847	0.999996	71.694138	57.781133	5.853204	1.000000	1.000000	1.000000	1.000000	1.000000	1.000000	1.000001	1.000000	1.000001	1.000000	1.000000	1.000000	1.000001	1.000000	1.000194	0.000531	1354697973.173931	0.999987	68.238596	54.112648	7.789790	1.000000	1.000000	1.000000	1.000000	1.000000	1.000000	1.000000	1.000000	1.000000	1.000000	1.000000	1.000000	0.999414	0.000074	1.000000	1.000000	
1354697974.173846	0.999999	71.803505	57.882227	5.850485	1.000000	1.000000	1.000000	1.000000	1.000000	1.000000	1.000000	1.000000	0.999999	1.000000	1.000000	1.000000	1.000000	1.000000	0.999719	0.000667	1354697974.173936	1.000005	68.365182	54.247531	7.845893	1.000000	1.000000	1.000000	1.000000	1.000000	1.000000	1.000000	1.000000	1.000000	1.000000	1.000000	1.000000	1.000394	0.000119	1.000000	1.000000	
1354697975.173846	1.000000	71.754211	57.859528	5.867004	1.000000	0.999999	1.000000	1.000000	1.000000	1.000000	1.000000	1.000000	1.000000	1.000000	1.000000	1.000000	1.000000	1.000000	1.000122	0.000485	1354697975.173938	1.000002	68.429450	54.360309	7.669755	1.000000	1.000000	1.000000	1.000000	1.000000	1.000000	1.000000	1.000000	1.000000	1.000000	1.000000	1.000000	0.999372	0.000082	1.000000	1.000000	
1354697976.173846	1.000000	71.818115	57.840195	5.803650	1.000000	1.000001	1.000000	1.000000	1.000000	1.000000	1.000001	1.000000	1.000000	1.000001	1.000000	1.000000	1.000000	1.000000	1.000025	0.002926	1354697976.173932	0.999994	68.575589	54.388569	7.776688	1.000000	1.000000	1.000000	1.000000	1.000000	1.000000	1.000000	1.000000	1.000000	1.000000	1.000000	1.000000	0.999935	0.000225	1.000000	1.000000	
1354697977.173846	1.000000	71.965042	58.042267	5.848419	1.000000	1.000000	1.000000	1.000000	1.000000	0.999999	1.000000	1.000000	1.000000	0.999999	1.000000	0.999999	1.000000	1.000000	1.000011	0.000748	1354697977.173937	1.000005	68.523125	54.407168	7.777412	1.000000	1.000000	1.000000	1.000000	1.000000	1.000000	1.000000	1.000000	1.000000	1.000000	1.000000	1.000000	1.000611	0.000083	1.000000	1.000000	
1354697978.173846	1.000000	71.945694	58.008392	5.847305	1.000000	1.000000	1.000000	1.000000	1.000000	1.000001	1.000000	1.000001	1.000001	1.000000	1.000000	1.000001	1.000000	1.000000	0.999842	0.000501	1354697978.173930	0.999993	68.495698	54.358988	7.759697	1.000000	1.000000	1.000000	1.000000	1.000000	1.000000	1.000000	1.000000	1.000000	1.000000	1.000000	1.000000	0.999751	0.000141	1.000000	1.000000	
1354697979.173846	1.000000	71.873520	57.971756	5.836517	1.000000	1.000000	1.000000	1.000000	1.000000	1.000000	1.000000	1.000000	1.000000	1.000000	1.000000	1.000000	1.000000	1.000000	1.000259	0.000492	1354697979.173927	0.999997	68.547911	54.414613	7.807824	1.000000	1.000000	1.000000	1.000000	1.000000	1.000000	1.000000	1.000000	1.000000	1.000000	1.000000	1.000000	1.000111	0.000084	1.000000	1.000000	
1354697980.173848	1.000002	71.891480	57.954617	5.857502	1.000000	1.000000	1.000000	1.000000	0.999999	0.999411	1.000000	1.000000	1.000000	1.000000	1.000000	1.000000	1.000000	1.000000	0.999732	0.000450	1354697980.173942	1.000015	68.542870	54.364845	7.727057	1.000000	0.999450	1.000000	0.999448	1.000000	0.999409	1.000000	0.999423	1.000000	1.000000	1.000000	1.000000	0.999790	0.000167	1.000000	0.999447	
1354697981.173846	0.999998	71.745880	57.798847	5.844921	1.000000	0.999943	0.999999	0.999959	1.000000	0.999942	1.000000	0.999957	1.000000	0.999941	0.999999	0.999927	1.000000	0.999941	1.000079	0.000777	1354697981.173942	1.000000	68.553665	54.351242	7.843323	1.000000	1.000000	1.000000	1.000000	1.000000	1.000000	1.000000	0.999958	1.000000	0.999957	1.000000	1.000000	1.000274	0.000084	1.000000	1.000000	
1354697982.173846	1.000000	71.711792	57.797379	5.845886	1.000000	1.000000	1.000001	1.000001	1.000000	1.000000	1.000000	1.000001	1.000001	1.000000	1.000001	1.000000	1.000001	1.000000	0.999898	0.000481	1354697982.173928	0.999986	68.361420	54.196762	7.811939	1.000000	1.000000	1.000000	1.000000	1.000000	1.000000	1.000000	1.000000	1.000000	1.000000	1.000000	1.000000	1.000212	0.000118	1.000000	1.000000	
1354697983.173846	1.000000	71.692444	57.823395	5.845978	1.000000	1.000000	1.000000	1.000000	1.000000	1.000000	1.000000	1.000000	1.000000	1.000000	1.000000	1.000000	1.000000	1.000000	1.000199	0.000504	1354697983.173930	1.000002	68.342780	54.241474	7.796463	1.000000	1.000000	1.000000	1.000000	1.000000	1.000000	1.000000	1.000000	1.000000	1.000000	1.000000	1.000000	0.999797	0.000108	1.000000	1.000000	
1354697984.173846	1.000000	71.617874	57.718658	5.855362	1.000000	1.000000	1.000000	1.000000	1.000000	1.000000	1.000000	1.000000	1.000000	1.000000	1.000000	1.000000	1.000000	1.000000	0.999591	0.000451	1354697984.173933	1.000003	68.331880	54.191055	7.780753	1.000000	1.000000	1.000000	1.000000	1.000000	1.000000	1.000000	1.000000	1.000000	1.000000	1.000000	1.000000	1.000000	0.000161	1.000000	1.000000	
1354697985.173846	1.000000	71.659927	57.780411	5.855713	1.000000	1.000000	1.000000	1.000000	1.000000	1.000000	1.000000	1.000000	1.000000	1.000000	1.000000	1.000000	1.000000	1.000000	1.000240	0.000484	1354697985.173936	1.000003	68.232836	54.119736	7.694877	1.000000	1.000000	1.000000	1.000000	1.000000	1.000000	1.000000	1.000000	1.000000	1.000000	1.000000	1.000000	0.999499	0.000082	1.000000	1.000000	
1354697986.173846	1.000000	71.669388	57.768097	5.848953	1.000000	1.000000	1.000000	1.000000	1.000000	1.000000	1.000000	1.000000	1.000000	1.000000	1.000000	1.000000	1.000000	1.000001	1.000000	0.002735	1354697986.173932	0.999996	68.315859	54.168417	7.786195	1.000000	1.000000	1.000000	1.000000	1.000000	1.000000	1.000000	1.000000	1.000000	1.000000	1.000000	1.000000	1.000098	0.000118	1.000000	1.000000	
1354697987.173846	1.000000	71.656479	57.786011	5.850128	1.000000	1.000000	1.000000	1.000000	1.000000	1.000000	1.000000	1.000000	1.000000	1.000000	1.000000	1.000000	1.000000	0.999999	0.999274	0.000489	1354697987.173936	1.000004	68.172606	54.068812	7.806685	1.000000	1.000000	1.000000	1.000000	1.000000	1.000000	1.000000	1.000000	1.000000	1.000000	1.000000	1.000000	1.000411	0.000082	1.000000	1.000000	
1354697988.173846	1.000000	71.709793	57.767532	5.841400	1.000000	1.000000	1.000000	1.000000	1.000000	1.000000	1.000000	1.000000	1.000001	1.000000	1.000000	1.000001	1.000000	1.000001	1.000315	0.000484	1354697988.173932	0.999996	68.123811	53.954259	7.819200	1.000000	1.000000	1.000000	1.000000	1.000000	1.000000	1.000000	1.000000	1.000000	1.000000	1.000000	1.000000	1.000005	0.000161	1.000000	1.000000	
1354697989.173846	1.000000	71.699707	57.766418	5.851517	1.000000	1.000000	1.000000	1.000000	1.000000	1.000000	1.000000	1.000000	1.000000	1.000000	1.000000	1.000000	1.000000	1.000000	0.999925	0.000492	1354697989.173932	1.000000	68.241455	54.067841	7.745316	1.000000	1.000000	1.000000	1.000000	1.000000	1.000000	1.000000	1.000000	1.000000	1.000000	1.000000	1.000000	1.000028	0.000083	1.000000	1.000000	
1354697990.173846	1.000000	71.600113	57.670303	5.841339	1.000000	1.000000	1.000000	1.000000	1.000000	1.000000	1.000000	1.000000	1.000000	1.000000	1.000000	0.999999	1.000000	1.000000	1.000132	0.000450	1354697990.173933	1.000001	68.205578	54.024576	7.776512	1.000000	1.000000	1.000000	1.000000	1.000000	1.000000	1.000000	1.000000	1.000000	1.000000	1.000000	1.000000	0.999907	0.000120	1.000000	1.000000	
1354697991.173846	1.000000	71.780762	57.826080	5.847244	1.000000	1.000000	1.000000	1.000000	1.000000	1.000000	1.000000	1.000000	1.000000	1.000000	1.000000	1.000000	1.000000	1.000000	0.999877	0.000774	1354697991.173938	1.000005	68.263330	54.068607	7.830832	1.000000	1.000000	1.000000	1.000000	1.000000	1.000000	1.000000	1.000000	1.000000	1.000000	1.000000	1.000000	0.999752	0.000082	1.000000	1.000000	
1354697992.173846	1.000000	71.649246	57.782990	5.858307	1.000000	1.000000	1.000000	1.000000	1.000001	1.000000	1.000000	1.000000	1.000000	1.000000	1.000000	1.000000	1.000000	1.000000	1.000038	0.000472	1354697992.173931	0.999993	68.142302	54.066170	7.780144	1.000000	1.000000	1.000000	1.000000	1.000000	1.000000	1.000000	1.000000	1.000000	1.000000	1.000000	1.000000	1.000115	0.000124	1.000000	1.000000	
1354697993.173846	1.000000	71.694626	57.798111	5.864594	1.000000	0.999894	1.000000	0.999909	0.999999	0.999892	1.000000	1.000000	0.999999	0.999891	1.000000	0.999875	1.000000	0.999890	1.000432	0.000491	1354697993.173935	1.000004	68.111189	53.999949	7.790236	1.000000	1.000000	1.000000	0.999926	1.000000	0.999901	1.000000	0.999900	1.000000	0.999899	1.000000	0.999898	1.000136	0.000111	1.000000	1.000000	
1354697994.173846	1.000000	71.804794	57.861450	5.809982	1.000000	1.000000	1.000000	1.000000	1.000000	1.000000	1.000000	1.000001	1.000000	1.000000	1.000000	1.000000	1.000000	1.000000	0.999941	0.003875	1354697994.173935	1.000000	68.208374	54.036316	7.804504	1.000000	1.000000	1.000000	1.000000	1.000000	1.000000	1.000000	1.000000	1.000000	1.000000	1.000000	1.000000	0.999992	0.002839	1.000000	1.000000	
1354697995.173846	1.000000	71.747452	57.810043	5.826828	1.000000	1.000000	1.000000	1.000000	1.000000	1.000000	1.000000	1.000000	1.000000	1.000000	1.000000	1.000000	1.000000	1.000000	1.000516	0.000514	1354697995.173931	0.999996	68.173494	54.005590	7.746217	1.000000	1.000000	1.000000	1.000000	1.000000	1.000000	1.000000	1.000000	1.000000	1.000000	1.000000	1.000000	0.999436	0.000082	1.000000	1.000000	
1354697996.173846	1.000000	71.850143	57.936554	5.856445	1.000000	1.000000	1.000000	1.000000	1.000000	1.000000	1.000000	1.000000	1.000000	1.000000	1.000000	1.000000	1.000000	1.000000	0.999979	0.002774	1354697996.173930	0.999999	68.160221	54.019369	7.822471	1.000000	1.000000	1.000000	1.000000	1.000000	1.000000	1.000000	1.000000	1.000000	1.000000	1.000000	1.000000	1.000233	0.000124	1.000000	1.000000	
1354697997.173846	1.000000	71.737732	57.844406	5.848709	1.000000	1.000000	1.000000	1.000000	1.000000	0.999999	1.000000	1.000000	1.000000	1.000000	1.000000	1.000000	1.000000	1.000000	0.999809	0.000488	1354697997.173931	1.000001	68.175091	54.070276	7.713600	1.000000	1.000000	1.000000	1.000000	1.000000	1.000000	1.000000	1.000000	1.000000	1.000000	1.000000	1.000000	1.000376	0.000080	1.000000	1.000000	
1354697998.173846	1.000000	71.856705	57.899704	5.832550	1.000000	0.999999	1.000000	0.999999	1.000000	1.000000	1.000000	1.000000	1.000000	1.000000	1.000000	1.000000	1.000000	1.000000	0.999869	0.000549	1354697998.173934	1.000003	68.267214	54.071244	7.808325	1.000000	1.000000	1.000000	1.000000	1.000000	1.000000	1.000000	1.000000	1.000000	1.000000	1.000000	1.000000	1.000009	0.001236	1.000000	1.000000	
1354697999.173853	1.000007	715817215.138998	715796839.948210	715798614.762462	0.999942	1.000559	0.999942	1.000576	0.999948	1.000553	0.999941	1.000558	0.999944	1.000573	0.999944	1.000557	0.999943	1.000569	0.999943	1.000566	1354697999.173952	1.000018	715778746.757143	715767142.789498	715768875.478196	0.999942	1.000562	0.999941	1.000571	3.896231	0.256791	0.999942	1.000563	0.999944	1.000574	0.999946	1.000567	0.999944	1.000574	0.999944	1.000573	
1354698000.173900	1.000047	0.000000	0.000000	0.000000	-nan	-nan	-nan	-nan	0.000000	inf	-nan	-nan	-nan	0.000000	-nan	-nan	-nan	-nan	-nan	-nan	1354698000.173979	1.000027	0.000000	0.000000	0.000000	-nan	-nan	-nan	-nan	0.000000	inf	-nan	-nan	-nan	-nan	-nan	-nan	-nan	-nan	-nan	-nan	
