ts_0	elapsed_0	pkg_0	pp0_0	dram_0	freq_ratio_0_0	c0_ratio_0_0	freq_ratio_0_1	c0_ratio_0_1	freq_ratio_0_2	c0_ratio_0_2	freq_ratio_0_3	c0_ratio_0_3	freq_ratio_0_4	c0_ratio_0_4	freq_ratio_0_5	c0_ratio_0_5	freq_ratio_0_6	c0_ratio_0_6	freq_ratio_0_7	c0_ratio_0_7	ts_1	elapsed_1	pkg_1	pp0_1	dram_1	freq_ratio_1_0	c0_ratio_1_0	freq_ratio_1_1	c0_ratio_1_1	freq_ratio_1_2	c0_ratio_1_2	freq_ratio_1_3	c0_ratio_1_3	freq_ratio_1_4	c0_ratio_1_4	freq_ratio_1_5	c0_ratio_1_5	freq_ratio_1_6	c0_ratio_1_6	freq_ratio_1_7	c0_ratio_1_7	
1353403093.384157	1.001865	66.207233	52.903080	5.960762	1.156871	0.418123	1.154594	0.407415	1.153768	0.408277	1.156269	0.421515	1.155120	0.413004	1.155645	0.416367	1.155167	0.406330	1.156570	0.413850	1353403093.384224	1.000332	54.727247	41.536483	2.129542	0.999869	0.948050	1.000002	0.947643	0.846389	0.000128	1.003039	0.000128	1.000001	0.826484	1.000001	0.829513	1.000001	0.820405	0.999723	0.949129	
1353403094.384152	0.999995	68.894968	55.610599	6.121430	1.000001	1.000000	1.000000	1.000000	1.000000	1.000000	1.000000	1.000000	1.000000	1.000000	1.000000	1.000000	1.000000	1.000000	1.000000	1.000000	1353403094.384208	0.999984	59.041623	45.843231	1.750989	1.000000	1.000000	1.000000	1.000000	1.004238	0.000022	1.000042	0.000158	1.000000	1.000000	1.000000	1.000000	1.000000	1.000000	1.000000	1.000000	
1353403095.384152	1.000000	69.034851	55.746429	6.096115	1.000000	1.000000	1.000000	1.000000	1.000000	1.000000	1.000000	1.000000	1.000000	1.000000	1.000000	1.000000	1.000000	1.000000	1.000000	1.000000	1353403095.384215	1.000007	59.222720	46.015704	1.911028	1.000000	1.000000	1.000000	1.000000	0.999242	0.000118	1.000001	0.003832	1.000000	1.000000	1.000000	1.000000	1.000000	1.000000	1.000000	1.000000	
1353403096.384158	1.000006	69.130417	55.834796	6.102732	1.000000	1.000000	1.000000	1.000000	1.000000	1.000000	1.000000	1.000000	1.000000	1.000000	1.000000	1.000000	1.000000	1.000000	1.000000	1.000000	1353403096.384215	1.000000	59.201401	46.005829	1.814713	1.000000	1.000000	1.000000	1.000000	0.986664	0.000017	0.999863	0.000149	1.000000	1.000000	1.000000	1.000000	1.000000	1.000000	1.000000	1.000000	
1353403097.384152	0.999994	69.154068	55.847516	6.109106	1.000000	1.000000	1.000000	1.000000	1.000000	1.000000	1.000000	1.000000	1.000000	1.000000	1.000000	1.000000	1.000000	1.000000	1.000000	1.000000	1353403097.384211	0.999996	59.301220	46.089558	1.800743	1.000000	1.000000	1.000000	1.000000	1.002436	0.000090	1.000072	0.000128	1.000000	1.000000	1.000000	1.000000	1.000000	1.000000	1.000000	1.000000	
1353403098.384152	1.000000	69.077667	55.780228	6.096741	1.000000	1.000000	1.000000	1.000000	1.000000	1.000000	1.000000	1.000000	1.000000	1.000000	1.000000	1.000000	1.000000	1.000000	1.000000	1.000000	1353403098.384218	1.000007	59.313845	46.099901	1.803225	1.000000	1.000000	1.000000	1.000000	0.997140	0.000039	0.999980	0.000153	1.000000	1.000000	1.000000	1.000000	1.000000	1.000000	1.000000	1.000000	
1353403099.384152	1.000000	68.891266	55.576141	6.127563	1.000000	1.000000	1.000000	1.000000	1.000000	1.000000	1.000000	1.000000	1.000000	1.000000	1.000000	1.000000	1.000000	1.000000	1.000000	1.000000	1353403099.384215	0.999997	59.343980	46.127111	1.752264	1.000000	1.000000	1.000000	1.000000	1.001706	0.000064	0.999978	0.000104	1.000000	1.000000	1.000000	1.000000	1.000000	1.000000	1.000000	1.000000	
1353403100.384152	1.000000	68.930161	55.613678	6.090576	1.000000	1.000000	1.000000	1.000000	1.000000	1.000000	1.000000	1.000000	1.000000	1.000000	1.000000	1.000000	1.000000	1.000000	1.000000	1.000000	1353403100.384212	0.999997	59.392442	46.184347	1.760549	1.000000	1.000000	1.000000	1.000000	0.999914	0.000027	0.999972	0.000165	1.000000	1.000000	1.000000	1.000000	1.000000	1.000000	1.000000	1.000000	
1353403101.384152	1.000000	68.814865	55.497452	6.115234	1.000000	1.000000	1.000000	1.000000	1.000000	1.000000	1.000000	1.000000	1.000000	1.000000	1.000000	1.000000	1.000000	1.000000	1.000000	1.000000	1353403101.384211	0.999999	59.352916	46.142271	1.745256	1.000000	1.000000	1.000000	1.000000	0.999983	0.000068	0.999996	0.000097	1.000000	1.000000	1.000000	1.000000	1.000000	1.000000	1.000000	1.000000	
1353403102.384152	1.000000	68.801590	55.484207	6.096710	1.000000	1.000000	1.000000	1.000000	1.000000	1.000000	1.000000	1.000000	1.000000	1.000000	1.000000	1.000000	1.000000	1.000000	1.000000	1.000000	1353403102.384218	1.000007	59.435594	46.220765	1.730274	1.000000	1.000000	1.000000	1.000000	0.999944	0.000076	1.000098	0.000153	1.000000	1.000000	1.000000	1.000000	1.000000	1.000000	1.000000	1.000000	
1353403103.384153	1.000001	715810314.333913	715795331.050580	715826477.026874	0.999951	1.000437	0.999950	1.000447	0.999961	1.000444	0.999951	1.000434	0.999952	1.000443	0.999954	1.000435	0.999953	1.000448	0.999951	1.000440	1353403103.384251	1.000033	715772185.311499	715773890.994622	715738795.180159	0.999951	1.000438	0.999949	1.000442	3.895532	0.256810	0.999950	1.000433	0.999953	1.000450	0.999953	1.000433	0.999951	1.000444	0.999953	1.000447	
1353403104.384230	1.000077	0.000000	0.000000	0.000000	-nan	-nan	-nan	-nan	0.000000	inf	-nan	-nan	-nan	0.000000	-nan	-nan	-nan	-nan	-nan	-nan	1353403104.384309	1.000058	0.000000	0.000000	0.000000	-nan	-nan	-nan	-nan	0.000000	inf	-nan	-nan	-nan	-nan	-nan	-nan	-nan	-nan	-nan	-nan	
1353403105.384369	1.000139	0.000000	0.000000	0.000000	-nan	-nan	-nan	-nan	0.000000	inf	-nan	-nan	-nan	0.000000	0.000000	inf	-nan	-nan	-nan	-nan	1353403105.384449	1.000140	0.000000	0.000000	0.000000	-nan	-nan	-nan	-nan	inf	-nan	-nan	-nan	-nan	-nan	-nan	-nan	-nan	-nan	-nan	-nan	
