ts_0	elapsed_0	pkg_0	pp0_0	dram_0	freq_ratio_0_0	c0_ratio_0_0	freq_ratio_0_1	c0_ratio_0_1	freq_ratio_0_2	c0_ratio_0_2	freq_ratio_0_3	c0_ratio_0_3	freq_ratio_0_4	c0_ratio_0_4	freq_ratio_0_5	c0_ratio_0_5	freq_ratio_0_6	c0_ratio_0_6	freq_ratio_0_7	c0_ratio_0_7	ts_1	elapsed_1	pkg_1	pp0_1	dram_1	freq_ratio_1_0	c0_ratio_1_0	freq_ratio_1_1	c0_ratio_1_1	freq_ratio_1_2	c0_ratio_1_2	freq_ratio_1_3	c0_ratio_1_3	freq_ratio_1_4	c0_ratio_1_4	freq_ratio_1_5	c0_ratio_1_5	freq_ratio_1_6	c0_ratio_1_6	freq_ratio_1_7	c0_ratio_1_7	
1354696506.452145	1.001866	82.700927	69.491614	2.628853	1.153895	0.945500	1.159310	0.993563	1.153890	0.945516	1.153853	0.945170	1.153832	0.945183	1.153830	0.945176	1.153854	0.945196	1.153848	0.945125	1354696506.452204	1.000350	68.974150	55.761139	1.592704	1.192141	0.947101	1.192233	0.946710	1.192177	0.946584	1.192202	0.946483	1.115528	0.000436	0.880500	0.000237	1.192192	0.719155	1.192193	0.947650	
1354696507.452142	0.999997	86.773584	73.555129	2.684609	1.153846	1.000000	1.153846	1.000000	1.153846	1.000000	1.153846	1.000000	1.153846	1.000000	1.153847	1.000000	1.153846	1.000000	1.153847	1.000000	1354696507.452196	0.999992	74.111471	60.912954	1.589414	1.192297	0.993631	1.192310	0.993950	1.192297	0.993608	1.192297	0.993607	1.155928	0.000047	1.153799	0.000060	1.192297	0.993643	1.192515	0.996622	
1354696508.452136	0.999994	87.290422	74.044799	2.681916	1.153846	1.000000	1.153846	1.000000	1.153846	1.000000	1.153846	1.000000	1.153846	1.000000	1.153846	1.000000	1.153846	1.000000	1.153846	1.000000	1354696508.452195	0.999999	74.563853	61.371656	1.590685	1.192178	0.999731	1.192178	0.999731	1.192178	0.999730	1.192178	0.999730	1.153959	0.000104	1.153848	0.001919	1.192178	0.999730	1.192178	0.999730	
1354696509.452136	1.000000	87.463440	74.205475	2.679199	1.153846	1.000000	1.153846	1.000000	1.153846	1.000000	1.153846	1.000000	1.153846	1.000000	1.153846	1.000000	1.153846	1.000000	1.153846	1.000000	1354696509.452189	0.999994	74.600680	61.402893	1.589228	1.192298	0.999910	1.192298	0.999910	1.192298	0.999910	1.192298	0.999910	1.153574	0.000043	1.154307	0.000075	1.192298	0.999910	1.192298	0.999910	
1354696510.452136	1.000000	87.598953	74.330078	2.681900	1.153846	1.000000	1.153847	1.000000	1.153846	1.000000	1.153846	1.000000	1.153846	1.000000	1.153846	1.000000	1.153846	1.000000	1.153846	1.000000	1354696510.452194	1.000005	74.702644	61.500562	1.589378	1.192293	0.999865	1.192293	0.999865	1.192293	0.999864	1.192293	0.999864	1.153112	0.000086	1.153394	0.000089	1.192293	0.999864	1.192293	0.999864	
1354696511.452135	0.999999	87.675590	74.397074	2.676501	1.153846	1.000000	1.153846	1.000000	1.153846	1.000000	1.153846	1.000000	1.153846	1.000000	1.153846	1.000000	1.153846	1.000000	1.153846	1.000000	1354696511.452181	0.999987	74.760853	61.556471	1.582906	1.192274	0.999707	1.192274	0.999706	1.192274	0.999706	1.192274	0.999706	1.153840	0.000321	1.154579	0.000061	1.192274	0.999706	1.192274	0.999706	
1354696512.452136	1.000001	87.677498	74.407644	2.673795	1.153846	1.000000	1.153846	1.000000	1.153846	1.000000	1.153847	1.000000	1.153846	1.000000	1.153846	1.000000	1.153846	1.000000	1.153846	1.000000	1354696512.452191	1.000010	74.800871	61.588678	1.584640	1.192289	0.999820	1.192289	0.999820	1.192289	0.999820	1.192289	0.999820	1.154579	0.000090	1.153805	0.000131	1.192289	0.999820	1.192289	0.999820	
1354696513.452143	1.000007	87.915347	74.632129	2.684659	1.153846	1.000000	1.153846	1.000000	1.153846	1.000000	1.153846	1.000000	1.153846	1.000000	1.153846	1.000000	1.153846	1.000000	1.153846	1.000000	1354696513.452193	1.000002	74.587794	61.373784	1.589124	1.192296	0.991832	1.192386	0.993033	1.192296	0.991831	1.192296	0.991830	1.153813	0.000071	1.153608	0.000052	1.192297	0.991883	1.192465	0.994057	
1354696514.452142	0.999999	87.954643	74.686961	2.684603	1.153846	1.000000	1.153846	1.000000	1.153846	1.000000	1.153846	1.000000	1.153846	1.000000	1.153846	1.000000	1.153846	1.000000	1.153846	1.000000	1354696514.452190	0.999997	74.964954	61.747292	1.589360	1.192293	0.999867	1.192293	0.999867	1.192293	0.999867	1.192293	0.999866	1.153268	0.000087	1.153563	0.000092	1.192293	0.999866	1.192293	0.999866	
1354696515.452282	1.000140	715705474.513137	715708491.348067	715693670.391066	0.999949	1.000610	0.999949	1.000625	0.999958	1.000619	0.999948	1.000609	0.999951	1.000623	0.999951	1.000607	0.999951	1.000624	0.999948	1.000608	1354696515.452358	1.000168	715669112.381514	715655275.385393	715665982.740217	0.999950	1.000617	0.999947	1.000614	3.895604	0.256850	0.999947	1.000605	0.999950	1.000620	0.999952	1.000611	0.999950	1.000617	0.999950	1.000616	
1354696516.452195	0.999913	0.000000	0.000000	0.000000	-nan	-nan	-nan	-nan	8.000000	inf	-nan	-nan	-nan	0.000000	-nan	-nan	-nan	-nan	-nan	-nan	1354696516.452259	0.999901	0.000000	0.000000	0.000000	-nan	-nan	-nan	-nan	0.000000	inf	-nan	-nan	-nan	-nan	-nan	-nan	-nan	-nan	-nan	-nan	
1354696517.452343	1.000148	0.000000	0.000000	0.000000	-nan	-nan	-nan	-nan	0.000000	inf	-nan	-nan	-nan	0.000000	-nan	-nan	-nan	-nan	-nan	-nan	1354696517.452420	1.000161	0.000000	0.000000	0.000000	-nan	-nan	-nan	-nan	inf	-nan	-nan	-nan	-nan	-nan	-nan	-nan	-nan	-nan	-nan	-nan	
