ts_0	elapsed_0	pkg_0	pp0_0	dram_0	freq_ratio_0_0	c0_ratio_0_0	freq_ratio_0_1	c0_ratio_0_1	freq_ratio_0_2	c0_ratio_0_2	freq_ratio_0_3	c0_ratio_0_3	freq_ratio_0_4	c0_ratio_0_4	freq_ratio_0_5	c0_ratio_0_5	freq_ratio_0_6	c0_ratio_0_6	freq_ratio_0_7	c0_ratio_0_7	ts_1	elapsed_1	pkg_1	pp0_1	dram_1	freq_ratio_1_0	c0_ratio_1_0	freq_ratio_1_1	c0_ratio_1_1	freq_ratio_1_2	c0_ratio_1_2	freq_ratio_1_3	c0_ratio_1_3	freq_ratio_1_4	c0_ratio_1_4	freq_ratio_1_5	c0_ratio_1_5	freq_ratio_1_6	c0_ratio_1_6	freq_ratio_1_7	c0_ratio_1_7	
1356711336.874239	1.001417	69.318072	55.127135	6.653567	1.154205	0.331705	1.154215	0.330564	1.153924	0.328471	1.155005	0.334161	1.154740	0.332538	1.154284	0.330283	1.154921	0.332984	1.154111	0.329558	1356711336.874331	1.000396	67.519877	53.794264	5.663361	0.999997	0.975714	0.999982	0.975319	1.000001	0.975180	0.999984	0.974603	1.000001	0.972482	0.999981	0.972443	1.003319	0.000127	0.999985	0.976257	
1356711337.874235	0.999996	70.842801	56.645127	6.798962	1.000000	1.000000	1.000000	1.000000	1.000000	1.000000	1.000123	0.004852	1.000000	1.000000	1.000000	0.999999	1.000000	0.999999	1.000000	1.000000	1356711337.874321	0.999990	68.865985	55.148166	5.862241	1.000000	1.000000	1.000000	1.000000	1.000000	1.000000	1.000000	1.000000	1.000000	1.000000	1.000000	1.000000	1.000030	0.000712	1.000000	1.000000	
1356711338.874234	0.999999	70.826835	56.619271	6.954322	1.000000	1.000000	1.000000	1.000000	1.000001	1.000000	1.000008	0.003252	1.000000	1.000000	1.000001	1.000000	1.000000	1.000001	1.000000	1.000000	1356711338.874314	0.999993	68.963886	55.219391	5.859629	1.000000	1.000000	1.000000	1.000000	1.000000	1.000000	1.000000	1.000000	1.000000	1.000000	1.000000	1.000000	1.000001	0.000521	1.000000	1.000000	
1356711339.874234	1.000000	70.745499	56.540039	6.990234	1.000000	1.000000	1.000000	1.000000	1.000000	1.000000	0.999985	0.000861	1.000000	1.000000	1.000000	1.000000	1.000000	1.000000	1.000000	1.000000	1356711339.874313	0.999999	68.939931	55.212455	5.848730	1.000000	1.000000	1.000000	1.000000	1.000000	1.000000	1.000000	1.000000	1.000000	1.000000	1.000000	1.000000	0.999857	0.000288	1.000000	1.000000	
1356711340.874234	1.000000	70.857590	56.647690	6.903168	0.999999	0.999695	0.999999	0.999681	1.000000	1.000000	0.999972	0.001841	0.999999	0.999797	1.000000	0.999799	0.999999	1.000000	0.999999	0.999571	1356711340.874324	1.000011	68.939902	55.213918	5.868710	1.000000	0.999275	1.000000	0.999226	1.000000	0.999540	1.000000	1.000000	1.000000	0.999541	1.000000	0.999770	0.999980	0.000514	1.000000	0.999634	
1356711341.874234	1.000000	71.169983	57.003418	6.825333	1.000000	1.000000	1.000000	1.000000	1.000000	1.000000	0.999881	0.007115	1.000000	1.000000	1.000000	0.999999	1.000000	1.000000	1.000000	1.000000	1356711341.874316	0.999992	68.953684	55.257971	5.863024	1.000000	1.000000	1.000000	1.000000	1.000000	1.000000	1.000000	1.000000	1.000000	1.000000	1.000000	1.000000	1.000010	0.002190	1.000000	1.000000	
1356711342.874234	1.000000	71.033386	56.800125	6.990906	1.000000	1.000000	1.000001	1.000001	1.000000	1.000000	1.000335	0.001804	1.000000	1.000001	1.000001	1.000001	1.000001	1.000000	1.000000	1.000001	1356711342.874316	1.000000	68.991409	55.260727	5.854355	1.000000	1.000000	1.000000	1.000000	1.000000	1.000000	1.000000	1.000000	1.000000	1.000000	1.000000	1.000000	1.000045	0.000163	1.000000	1.000000	
1356711343.874234	1.000000	71.199539	56.965790	6.930023	1.000000	0.999648	1.000000	0.999597	1.000000	1.000000	0.999999	0.004827	1.000000	0.999195	0.999999	0.999150	0.999999	0.999165	1.000000	0.999647	1356711343.874318	1.000002	68.857458	55.117586	5.838612	1.000000	0.999200	1.000000	0.999646	1.000000	0.999695	1.000000	0.999648	1.000000	0.999646	1.000000	0.999615	0.999996	0.001768	1.000000	0.999681	
1356711344.874235	1.000001	70.978875	56.768653	6.727990	1.000000	1.000000	1.000000	1.000000	1.000000	1.000000	0.999863	0.003923	1.000001	1.000000	1.000001	1.000000	1.000000	1.000000	1.000000	1.000000	1356711344.874319	1.000001	68.878810	55.153787	5.864466	1.000000	1.000000	1.000000	1.000000	1.000000	1.000000	1.000000	1.000000	1.000000	1.000000	1.000000	1.000000	0.999992	0.007065	1.000000	1.000000	
1356711345.874234	0.999999	71.140037	56.926064	6.869803	1.000000	1.000000	1.000000	1.000000	1.000000	1.000000	0.999979	0.002381	1.000000	1.000000	1.000000	1.000000	1.000000	1.000000	1.000000	1.000000	1356711345.874317	0.999998	68.954981	55.235976	5.869610	1.000000	1.000000	1.000000	1.000000	1.000000	1.000000	1.000000	1.000000	1.000000	1.000000	1.000000	1.000000	0.999978	0.003470	1.000000	1.000000	
1356711346.874234	1.000000	71.301498	57.047729	6.983749	1.000000	1.000000	1.000000	1.000000	1.000000	1.000000	1.000007	0.004590	1.000000	1.000000	1.000000	1.000000	1.000000	1.000000	1.000000	1.000000	1356711346.874314	0.999997	68.677169	54.925433	5.854449	1.000000	1.000000	1.000000	1.000000	1.000000	1.000000	1.000000	1.000000	1.000000	1.000000	1.000000	1.000000	1.000176	0.000160	1.000000	1.000000	
1356711347.874234	1.000000	71.331146	57.042923	7.269943	1.000000	1.000000	1.000000	1.000000	1.000000	1.000000	0.999923	0.004582	1.000000	1.000000	1.000000	1.000000	1.000000	1.000000	1.000000	1.000000	1356711347.874319	1.000005	68.545632	54.787552	5.847627	1.000000	1.000000	1.000000	1.000000	1.000000	1.000000	1.000000	1.000000	1.000000	1.000000	1.000000	1.000000	0.999952	0.000224	1.000000	1.000000	
1356711348.874234	1.000000	71.295364	57.096909	6.789185	1.000000	1.000000	1.000000	1.000000	1.000000	1.000000	1.000015	0.004588	1.000000	1.000000	1.000000	1.000000	1.000000	1.000000	1.000000	1.000000	1356711348.874320	1.000001	68.623149	54.919427	5.859141	1.000000	1.000000	1.000000	1.000000	1.000000	1.000000	1.000000	1.000000	1.000000	1.000000	1.000000	1.000000	0.999959	0.000180	1.000000	1.000000	
1356711349.874241	1.000007	715804099.411292	715770976.959657	715773890.978464	0.999938	1.000813	0.999935	1.000817	0.999946	1.000817	0.999937	1.000810	0.999937	1.000815	0.999941	1.000812	0.999937	1.000814	0.999938	1.000816	1356711349.874343	1.000023	715778290.559451	715766046.107236	715765665.828724	0.999938	1.000814	0.999935	1.000813	3.896597	0.256830	0.999937	1.000808	0.999937	1.000814	0.999941	1.000813	0.999937	1.000813	0.999939	1.000818	
1356711350.874304	1.000063	0.000000	0.000000	0.000000	-nan	-nan	-nan	-nan	1518474500412.698975	inf	-nan	-nan	-nan	0.000000	0.000000	inf	-nan	-nan	-nan	-nan	1356711350.874385	1.000042	0.000000	0.000000	0.000000	-nan	-nan	-nan	-nan	1.345745	inf	-nan	-nan	-nan	-nan	-nan	-nan	-nan	-nan	-nan	-nan	
