ts_0	elapsed_0	pkg_0	pp0_0	dram_0	freq_ratio_0_0	c0_ratio_0_0	freq_ratio_0_1	c0_ratio_0_1	freq_ratio_0_2	c0_ratio_0_2	freq_ratio_0_3	c0_ratio_0_3	freq_ratio_0_4	c0_ratio_0_4	freq_ratio_0_5	c0_ratio_0_5	freq_ratio_0_6	c0_ratio_0_6	freq_ratio_0_7	c0_ratio_0_7	ts_1	elapsed_1	pkg_1	pp0_1	dram_1	freq_ratio_1_0	c0_ratio_1_0	freq_ratio_1_1	c0_ratio_1_1	freq_ratio_1_2	c0_ratio_1_2	freq_ratio_1_3	c0_ratio_1_3	freq_ratio_1_4	c0_ratio_1_4	freq_ratio_1_5	c0_ratio_1_5	freq_ratio_1_6	c0_ratio_1_6	freq_ratio_1_7	c0_ratio_1_7	
1356708888.915975	1.023328	51.642792	38.301179	4.844104	1.153858	0.331494	1.153407	0.330881	1.154273	0.330074	1.154674	0.331832	1.153979	0.329174	1.154367	0.330531	1.154173	0.329727	1.154435	0.330413	1356708888.916134	1.000418	54.850305	41.167761	6.145777	0.855314	0.971708	0.855365	0.971274	0.855350	0.971213	0.855325	0.971078	0.855277	0.970924	0.855318	0.971090	0.988892	0.003086	0.855358	0.972395	
1356708889.915970	0.999995	50.761958	37.435460	4.876215	0.940267	0.996663	0.940268	0.996661	0.940267	0.996661	0.940267	0.996657	0.940267	0.996653	0.940577	0.001793	0.942279	0.001351	0.948174	0.000311	1356708889.916124	0.999990	50.833273	37.222709	5.835965	0.797148	0.996087	0.797148	0.996086	0.797148	0.996083	0.797147	0.996079	0.797147	0.996077	0.797147	0.996074	0.804791	0.000080	0.797146	0.996075	
1356708890.915970	1.000000	50.764175	37.424789	4.866837	0.938839	0.996539	0.938839	0.996545	0.938838	0.996545	0.938837	0.996671	0.938839	0.996539	0.937856	0.002418	0.940173	0.002188	0.940880	0.001388	1356708890.916121	0.999997	50.827260	37.202599	5.826724	0.797057	0.996357	0.797058	0.996471	0.797057	0.996357	0.797059	0.996467	0.797057	0.996352	0.797058	0.996355	0.806416	0.000249	0.797059	0.996460	
1356708891.915970	1.000000	50.761505	37.414246	4.873047	0.938440	0.996489	0.938440	0.996473	0.938440	0.996478	0.938439	0.996478	0.938440	0.996468	0.912614	0.003248	0.945335	0.000340	0.939862	0.002519	1356708891.916123	1.000002	50.827647	37.202016	5.851155	0.796740	0.996410	0.796740	0.996409	0.796740	0.996403	0.796740	0.996403	0.796740	0.996399	0.796740	0.996399	0.791524	0.000072	0.796740	0.996404	
1356708892.915969	0.999999	50.760424	37.415227	4.876500	0.939212	0.996372	0.939212	0.996359	0.939212	0.996360	0.939213	0.996356	0.939200	0.996380	0.940633	0.001178	0.951749	0.000303	0.951084	0.000278	1356708892.916122	0.999999	50.774859	37.161672	5.822531	0.796221	0.996426	0.796222	0.996542	0.796221	0.996401	0.796221	0.996420	0.796221	0.996382	0.796223	0.996532	0.789420	0.000009	0.796224	0.996531	
1356708893.915970	1.000001	50.760740	37.415583	4.857448	0.938495	0.996544	0.938495	0.996540	0.938495	0.996537	0.938496	0.996535	0.938495	0.996530	0.938181	0.003093	0.940630	0.000387	0.939355	0.000307	1356708893.916125	1.000003	50.829768	37.202186	5.859784	0.795899	0.996501	0.795899	0.996498	0.795898	0.996493	0.795898	0.996490	0.795898	0.996490	0.795898	0.996487	0.805027	0.000066	0.795897	0.996488	
1356708894.915969	0.999999	50.762255	37.416463	4.873265	0.936912	0.996498	0.936912	0.996492	0.936912	0.996494	0.936912	0.996486	0.936911	0.996485	0.938479	0.005621	0.941886	0.000196	0.945241	0.000174	1356708894.916123	0.999998	50.827093	37.208079	5.788570	0.795765	0.996395	0.795765	0.996393	0.795766	0.996389	0.795765	0.996387	0.795765	0.996385	0.795765	0.996381	0.798748	0.000042	0.795765	0.996382	
1356708895.915970	1.000001	50.762937	37.416453	4.863155	0.937563	0.996535	0.937563	0.996532	0.937563	0.996529	0.937563	0.996525	0.937563	0.996520	0.937984	0.005778	0.938620	0.000205	0.946452	0.000148	1356708895.916122	0.999999	50.828509	37.205419	5.822073	0.795844	0.996469	0.795844	0.996464	0.795844	0.996465	0.795844	0.996460	0.795844	0.996457	0.795844	0.996457	0.769199	0.000059	0.795844	0.996455	
1356708896.915970	1.000000	50.712402	37.371689	4.883163	0.936972	0.996418	0.936973	0.996416	0.936973	0.996410	0.936973	0.996409	0.936972	0.996404	0.940405	0.005681	0.943153	0.000238	0.946284	0.000215	1356708896.916129	1.000007	50.828430	37.181704	5.874532	0.795443	0.996363	0.795444	0.996360	0.795443	0.996357	0.795443	0.996355	0.795443	0.996352	0.795443	0.996351	0.787268	0.000016	0.795443	0.996351	
1356708897.915970	1.000000	50.813324	37.448273	4.885513	0.938102	0.996415	0.938076	0.996466	0.938102	0.996407	0.938091	0.996428	0.938092	0.996423	0.936334	0.003028	0.935881	0.001636	0.940387	0.000275	1356708897.916126	0.999997	50.826482	37.203027	5.811221	0.795381	0.996370	0.795381	0.996385	0.795381	0.996347	0.795381	0.996376	0.795381	0.996364	0.795381	0.996373	0.799763	0.000055	0.795382	0.996419	
1356708898.915969	0.999999	50.706637	37.377157	4.872151	0.937153	0.996392	0.937159	0.996043	0.937154	0.996388	0.937159	0.996039	0.937160	0.996035	0.937227	0.003583	0.940797	0.001849	0.945219	0.000226	1356708898.916118	0.999992	50.825760	37.216153	5.790284	0.795145	0.996250	0.795148	0.996534	0.795145	0.996226	0.795149	0.996567	0.795145	0.996219	0.795149	0.996468	0.770541	0.000295	0.795147	0.996251	
1356708899.915970	1.000001	50.766874	37.413584	4.867732	0.936560	0.996490	0.936560	0.996489	0.936560	0.996490	0.936560	0.996484	0.936559	0.996480	0.939365	0.005910	0.942331	0.000363	0.943624	0.000336	1356708899.916125	1.000007	50.832458	37.205172	5.838873	0.794919	0.996584	0.794919	0.996581	0.794919	0.996580	0.794919	0.996576	0.794919	0.996575	0.794919	0.996571	0.804558	0.000056	0.794917	0.996571	
1356708900.915969	0.999999	50.762469	37.406804	4.878026	0.938462	0.996442	0.938451	0.996463	0.938463	0.996437	0.938463	0.996433	0.938464	0.996428	0.937750	0.003639	0.926432	0.000343	0.927049	0.000231	1356708900.916128	1.000003	50.823863	37.187598	5.828031	0.794984	0.996429	0.794984	0.996432	0.794986	0.996585	0.794987	0.996579	0.794984	0.996401	0.794985	0.996441	0.780618	0.000016	0.794988	0.996576	
1356708901.915969	1.000000	50.760452	37.407806	4.880997	0.936440	0.996307	0.936440	0.996305	0.936440	0.996302	0.936440	0.996299	0.936440	0.996295	0.906222	0.008728	0.937385	0.002357	0.942121	0.000238	1356708901.916115	0.999987	50.775873	37.162032	5.757613	0.794997	0.996388	0.794997	0.996386	0.794997	0.996383	0.794997	0.996380	0.794997	0.996375	0.794997	0.996375	0.807840	0.000054	0.794997	0.996376	
1356708902.915969	1.000000	50.764114	37.415512	4.854446	0.937095	0.996542	0.937095	0.996540	0.937095	0.996537	0.937095	0.996534	0.937095	0.996531	0.938369	0.003997	0.936970	0.002318	0.950024	0.000085	1356708902.916122	1.000007	50.825592	37.201205	5.818472	0.794736	0.996164	0.794739	0.996398	0.794739	0.996393	0.794736	0.996131	0.794736	0.996127	0.794739	0.996331	0.817320	0.000015	0.794741	0.996386	
1356708903.915970	1.000001	50.762983	37.413569	4.872691	0.932898	0.996581	0.932898	0.996579	0.932898	0.996577	0.932898	0.996572	0.932898	0.996569	0.870672	0.074784	0.918328	0.000546	0.901754	0.000819	1356708903.916120	0.999998	50.834203	37.212763	5.777538	0.794574	0.996496	0.794574	0.996494	0.794574	0.996492	0.794573	0.996490	0.794573	0.996487	0.794572	0.996486	0.807567	0.000074	0.794570	0.996483	
1356708904.915969	0.999999	50.762225	37.416311	4.865315	0.939149	0.996605	0.939150	0.996600	0.939149	0.996597	0.939149	0.996592	0.939149	0.996589	0.939857	0.000759	0.949154	0.000223	0.950465	0.000162	1356708904.916122	1.000002	50.828852	37.204015	5.809422	0.794705	0.996533	0.794704	0.996531	0.794705	0.996526	0.794705	0.996525	0.794705	0.996524	0.794706	0.996521	0.805186	0.000072	0.794707	0.996520	
1356708905.915969	1.000000	715812082.777725	715821120.105148	715790143.851562	0.999938	1.000813	0.999936	1.000816	0.999946	1.000815	0.999938	1.000813	0.999938	1.000818	0.999941	1.000812	0.999938	1.000818	0.999938	1.000814	1356708905.916062	0.999940	715824982.016444	715806273.016968	715834990.865807	0.999938	1.000813	0.999936	1.000818	3.896607	0.256829	0.999938	1.000814	0.999938	1.000817	0.999941	1.000812	0.999938	1.000818	0.999938	1.000816	
1356708906.916034	1.000065	0.000000	0.000000	0.000000	-nan	-nan	-nan	-nan	1514600540730.614014	inf	-nan	-nan	-nan	0.000000	0.000000	inf	-nan	-nan	-nan	-nan	1356708906.916123	1.000061	0.000000	0.000000	0.000000	-nan	-nan	-nan	-nan	1.345745	inf	-nan	-nan	-nan	-nan	-nan	-nan	-nan	-nan	-nan	-nan	
