ts_0	elapsed_0	pkg_0	pp0_0	dram_0	freq_ratio_0_0	c0_ratio_0_0	freq_ratio_0_1	c0_ratio_0_1	freq_ratio_0_2	c0_ratio_0_2	freq_ratio_0_3	c0_ratio_0_3	freq_ratio_0_4	c0_ratio_0_4	freq_ratio_0_5	c0_ratio_0_5	freq_ratio_0_6	c0_ratio_0_6	freq_ratio_0_7	c0_ratio_0_7	ts_1	elapsed_1	pkg_1	pp0_1	dram_1	freq_ratio_1_0	c0_ratio_1_0	freq_ratio_1_1	c0_ratio_1_1	freq_ratio_1_2	c0_ratio_1_2	freq_ratio_1_3	c0_ratio_1_3	freq_ratio_1_4	c0_ratio_1_4	freq_ratio_1_5	c0_ratio_1_5	freq_ratio_1_6	c0_ratio_1_6	freq_ratio_1_7	c0_ratio_1_7	
1353402746.076439	1.016374	39.983610	26.808712	4.037737	1.156381	0.571115	1.154123	0.554864	1.155832	0.568229	1.155789	0.568822	1.155409	0.566819	1.156884	0.576020	1.157057	0.577143	1.154595	0.558509	1353402746.076564	1.000347	44.553423	31.370709	2.673633	0.999902	0.698093	1.000001	0.690951	0.999964	0.504363	1.000001	0.704305	0.609803	0.000049	0.999370	0.000091	0.999957	0.470310	0.999823	0.773994	
1353402747.076437	0.999998	58.249119	45.041300	4.976374	1.000000	0.995266	1.000000	0.995234	1.000000	1.000000	1.000000	0.995200	1.000000	0.995165	1.000000	0.995137	1.000087	0.000418	1.000061	0.000196	1353402747.076660	1.000096	57.475389	44.292284	2.326650	1.000000	1.000000	1.000000	0.995024	0.999999	0.994999	0.999999	0.994968	1.000158	0.000085	1.004067	0.000011	0.999999	0.994885	1.000000	0.999563	
1353402748.076436	0.999999	54.703238	41.479211	4.997502	1.000000	0.865582	1.000000	0.864508	1.000000	1.000000	1.000000	0.864539	1.000000	0.864567	1.000000	0.864594	0.999776	0.000369	1.000000	0.002356	1353402748.076557	0.999897	54.401676	41.217777	2.438224	1.000000	1.000000	1.000001	0.864783	1.000001	0.864799	1.000001	0.864793	0.997316	0.000061	0.997698	0.000064	1.000001	0.864837	1.000000	1.000000	
1353402749.076436	1.000000	54.471191	41.258652	4.899307	0.999697	0.868218	1.000000	0.866836	0.999999	0.866866	1.000000	0.866828	1.000000	0.866834	1.000000	0.866826	0.957550	0.000387	1.000034	0.000547	1353402749.076554	0.999997	54.317307	41.126409	2.498909	1.000000	0.866859	1.000000	0.866873	1.000000	0.866872	1.000000	0.866835	1.001906	0.000100	1.010382	0.000018	1.000000	0.866835	1.000000	1.000000	
1353402750.076436	1.000000	54.202148	40.989044	4.859558	0.999712	0.868876	0.999974	0.867611	0.999957	0.867631	0.999987	0.867585	0.999988	0.867588	0.999988	0.867587	0.999938	0.000367	0.999913	0.000208	1353402750.076556	1.000002	54.001774	40.799529	2.521647	1.000000	0.867645	1.000000	0.867659	1.000000	0.867658	1.000000	0.867621	1.000239	0.000055	0.999114	0.000047	1.000000	0.867620	1.000000	1.000000	
1353402751.076436	1.000000	58.777832	45.596313	5.013077	1.000000	0.996616	1.000000	0.996582	1.000000	0.996550	1.000000	0.996521	1.000000	0.996490	1.000000	0.996455	1.000259	0.000469	1.000086	0.000188	1353402751.076688	1.000132	57.876679	44.681125	2.320204	0.999999	0.996344	1.000000	0.996306	0.999999	0.996279	1.000000	0.996250	1.000161	0.000096	1.000129	0.000012	0.999999	0.996169	1.000000	1.000000	
1353402752.076436	1.000000	54.054810	40.856354	4.859970	0.999728	0.864359	1.000000	0.863019	1.000000	0.863078	1.000000	0.863071	1.000000	0.863100	1.000000	0.863129	0.999920	0.000399	0.999938	0.000173	1353402752.076562	0.999874	53.886071	40.676889	2.564898	1.000001	0.863304	1.000001	0.863346	1.000001	0.863411	1.000001	0.863368	0.999598	0.000058	1.000472	0.000061	1.000001	0.863401	1.000000	1.000000	
1353402753.076436	1.000000	54.947128	41.762863	4.877594	0.999727	0.883589	1.000000	0.882286	1.000000	0.882322	1.000000	0.882286	0.999999	0.882283	0.999999	0.882283	0.966098	0.000532	1.000032	0.000194	1353402753.076558	0.999996	54.853952	41.655656	2.336481	1.000000	0.882310	1.000000	0.882323	1.000000	0.882323	1.000000	0.882288	1.000022	0.000090	0.999860	0.000011	1.000000	0.882289	1.000000	1.000000	
1353402754.076436	1.000000	715788334.793808	715773211.980652	715775209.587280	0.999933	1.000322	0.999933	1.000337	0.999934	1.000332	0.999934	1.000324	0.999934	1.000328	0.999935	1.000316	0.999932	1.000320	0.999935	1.000331	1353402754.076527	0.999969	715833580.531776	715791752.055792	715792963.955765	0.999933	1.000322	0.999931	1.000326	3.896885	0.256683	0.999934	1.000328	0.999933	1.000325	0.999938	1.000332	0.999933	1.000323	0.999935	1.000332	
1353402755.076435	0.999999	0.000000	0.000000	0.000000	-nan	-nan	-nan	-nan	0.000000	inf	-nan	-nan	-nan	0.000000	-nan	-nan	-nan	-nan	-nan	-nan	1353402755.076505	0.999978	0.000000	0.000000	0.000000	-nan	-nan	-nan	-nan	0.000000	inf	-nan	-nan	-nan	-nan	-nan	-nan	-nan	-nan	-nan	-nan	
