ts_0	elapsed_0	pkg_0	pp0_0	dram_0	freq_ratio_0_0	c0_ratio_0_0	freq_ratio_0_1	c0_ratio_0_1	freq_ratio_0_2	c0_ratio_0_2	freq_ratio_0_3	c0_ratio_0_3	freq_ratio_0_4	c0_ratio_0_4	freq_ratio_0_5	c0_ratio_0_5	freq_ratio_0_6	c0_ratio_0_6	freq_ratio_0_7	c0_ratio_0_7	ts_1	elapsed_1	pkg_1	pp0_1	dram_1	freq_ratio_1_0	c0_ratio_1_0	freq_ratio_1_1	c0_ratio_1_1	freq_ratio_1_2	c0_ratio_1_2	freq_ratio_1_3	c0_ratio_1_3	freq_ratio_1_4	c0_ratio_1_4	freq_ratio_1_5	c0_ratio_1_5	freq_ratio_1_6	c0_ratio_1_6	freq_ratio_1_7	c0_ratio_1_7	
1356715961.392512	1.001612	52.197111	39.077710	3.644699	1.155125	0.341767	1.155583	0.342738	1.155275	0.341248	1.155950	0.344920	1.155209	0.341037	1.155661	0.343498	1.154739	0.339096	1.155924	0.344104	1356715961.392580	1.000313	45.899084	32.787344	2.282443	0.999945	0.629266	0.999916	0.629359	1.000002	0.628736	0.999971	0.628707	1.000002	0.628017	1.002338	0.000132	0.630503	0.000051	0.999750	0.939109	
1356715962.392516	1.000004	47.550283	34.404768	3.730606	0.996406	0.559084	0.999928	0.553213	0.999983	0.553053	0.999947	0.553105	0.999924	0.553143	0.999948	0.553102	0.999903	0.553182	0.999963	0.553088	1356715962.392585	1.000005	44.226875	31.103375	2.844621	1.000000	0.553171	1.000000	0.553198	1.000000	0.553060	1.000000	0.553127	1.000000	0.553073	0.999987	0.002342	0.999773	0.000066	1.000000	1.000000	
1356715963.392509	0.999993	67.619578	54.439677	4.161314	0.999986	0.981173	1.000000	0.980629	1.000000	0.980588	1.000000	0.980590	1.000000	0.980612	1.000000	0.980590	1.000000	0.980626	1.000000	0.980590	1356715963.392570	0.999985	56.611431	43.454159	2.701365	1.000000	0.980615	1.000000	0.980629	1.000000	0.980579	1.000000	0.980594	1.000000	0.980593	0.999995	0.005210	1.000611	0.000023	1.000000	1.000000	
1356715964.392508	0.999999	58.375376	45.203214	3.929111	0.997523	0.777714	0.999977	0.772639	1.000000	0.772562	1.000000	0.772575	1.000000	0.772602	1.000000	0.772574	0.999978	0.772637	1.000000	0.772578	1356715964.392575	1.000005	51.213916	38.074989	2.787462	1.000000	0.772613	1.000000	0.772612	1.000000	0.772558	1.000000	0.772573	1.000000	0.772557	1.000028	0.000167	1.000000	0.002204	1.000000	1.000000	
1356715965.392508	1.000000	57.556290	44.374542	3.934509	0.997957	0.759955	0.999887	0.755769	0.999976	0.755618	0.999948	0.755690	0.999934	0.755711	0.999949	0.755657	0.999917	0.755702	0.999963	0.755637	1356715965.392572	0.999997	50.626973	37.479196	2.770272	1.000000	0.755736	1.000000	0.755766	1.000000	0.755641	1.000000	0.755728	1.000000	0.755671	1.000867	0.000133	1.000008	0.003155	1.000000	1.000000	
1356715966.392509	1.000001	68.215984	55.022332	4.179088	1.000000	0.981969	1.000000	0.981652	1.000000	0.981611	1.000000	0.981628	1.000000	0.981649	1.000000	0.981626	1.000001	0.981666	1.000000	0.981626	1356715966.392571	0.999999	56.789132	43.644527	2.693469	1.000000	0.981652	1.000000	0.981666	1.000000	0.981611	1.000000	0.981626	1.000000	0.981611	0.999780	0.000194	1.000006	0.003884	1.000000	1.000000	
1356715967.392509	1.000000	60.368698	47.160324	4.041229	0.999810	0.804851	0.999998	0.801969	1.000001	0.801933	1.000000	0.801917	1.000000	0.801952	1.000000	0.801916	1.000000	0.801967	1.000000	0.801933	1356715967.392576	1.000005	51.922088	38.740162	2.842057	1.000000	0.801962	1.000000	0.801961	1.000000	0.801932	1.000000	0.801916	1.000000	0.801931	0.999735	0.000194	1.000002	0.004034	1.000000	1.000000	
1356715968.392508	0.999999	60.930951	47.749450	3.917606	0.999050	0.816712	1.000002	0.813586	1.000000	0.813552	1.000000	0.813549	1.000000	0.813584	1.000000	0.813548	1.000000	0.813601	1.000000	0.813568	1356715968.392576	1.000000	52.384933	39.248993	2.500305	1.000000	0.813594	1.000000	0.813594	1.000000	0.813537	1.000000	0.813552	1.000000	0.813552	0.999997	0.000496	1.000008	0.003205	1.000000	1.000000	
1356715969.392509	1.000001	715819289.617041	715788489.446677	715778990.610872	0.999936	1.000801	0.999933	1.000803	0.999943	1.000802	0.999935	1.000797	0.999936	1.000805	0.999938	1.000797	0.999936	1.000807	0.999935	1.000798	1356715969.392612	1.000036	715773364.280253	715782392.828307	715750634.399078	0.999936	1.000801	0.999932	1.000800	3.896750	0.256816	0.999934	1.000795	0.999935	1.000801	0.999938	1.000799	0.999934	1.000799	0.999936	1.000802	
1356715970.392615	1.000106	0.000000	0.000000	0.000000	-nan	-nan	-nan	-nan	1514554778078.114502	inf	-nan	-nan	-nan	0.000000	0.000000	inf	-nan	-nan	-nan	-nan	1356715970.392697	1.000085	0.000000	0.000000	0.000000	-nan	-nan	-nan	-nan	1.345745	inf	-nan	-nan	-nan	-nan	-nan	-nan	-nan	-nan	-nan	-nan	
