ts_0	elapsed_0	pkg_0	pp0_0	dram_0	freq_ratio_0_0	c0_ratio_0_0	freq_ratio_0_1	c0_ratio_0_1	freq_ratio_0_2	c0_ratio_0_2	freq_ratio_0_3	c0_ratio_0_3	freq_ratio_0_4	c0_ratio_0_4	freq_ratio_0_5	c0_ratio_0_5	freq_ratio_0_6	c0_ratio_0_6	freq_ratio_0_7	c0_ratio_0_7	ts_1	elapsed_1	pkg_1	pp0_1	dram_1	freq_ratio_1_0	c0_ratio_1_0	freq_ratio_1_1	c0_ratio_1_1	freq_ratio_1_2	c0_ratio_1_2	freq_ratio_1_3	c0_ratio_1_3	freq_ratio_1_4	c0_ratio_1_4	freq_ratio_1_5	c0_ratio_1_5	freq_ratio_1_6	c0_ratio_1_6	freq_ratio_1_7	c0_ratio_1_7	
1353403493.474218	1.017954	70.548189	57.481625	3.748240	1.153357	0.513759	1.152965	0.507977	1.152791	0.512029	1.153481	0.515082	1.153872	0.519397	1.154249	0.516192	1.153465	0.515577	1.153633	0.507451	1353403493.474292	1.000323	45.890250	32.659951	1.609816	0.999964	0.983339	0.999971	0.983138	0.999980	0.979108	1.000301	0.000408	0.922112	0.000242	1.001574	0.000122	0.617165	0.000050	0.999818	0.984294	
1353403494.474214	0.999996	51.502833	38.427402	3.353956	0.999901	0.187096	0.999808	0.190150	0.999999	0.742273	1.000000	0.742252	0.999977	0.742384	0.999952	0.742695	1.000001	0.742116	1.000000	0.742210	1353403494.474335	1.000043	48.176689	34.946422	1.608101	1.000000	0.742130	1.000000	0.742065	1.000000	0.741972	1.000001	0.557111	1.000001	0.559083	0.999996	0.002297	1.000035	0.001385	1.000000	1.000000	
1353403495.474214	1.000000	60.075867	47.019150	3.796097	0.999556	0.000568	0.999976	0.000228	1.000000	1.000000	1.000000	1.000000	1.000000	1.000000	1.000000	1.000000	1.000000	1.000000	1.000001	1.000000	1353403495.474314	0.999979	58.454962	45.217120	1.596637	1.000000	1.000000	1.000000	1.000000	1.000000	1.000000	1.000000	1.000000	1.000000	1.000000	0.999991	0.001495	1.004242	0.000012	1.000000	1.000000	
1353403496.474213	0.999999	60.297390	47.226821	3.789615	1.000631	0.000495	1.000009	0.000124	1.000000	1.000000	1.000000	1.000000	1.000000	1.000000	1.000000	1.000000	1.000000	1.000000	1.000000	1.000000	1353403496.474327	1.000013	58.664438	45.434066	1.590433	1.000000	1.000000	0.999994	1.000000	1.000000	1.000000	1.000000	1.000000	1.000000	1.000000	0.999961	0.004367	1.000000	0.000058	1.000000	1.000000	
1353403497.474214	1.000001	60.377170	47.300141	3.788754	0.999674	0.000579	1.000010	0.003122	1.000000	1.000000	1.000000	1.000000	1.000000	1.000000	1.000000	1.000000	1.000000	1.000000	1.000000	1.000000	1353403497.474335	1.000008	58.364197	45.115387	1.795609	1.000000	1.000000	1.000006	1.000000	1.000000	1.000000	1.000000	1.000000	1.000000	1.000000	0.999997	0.001441	0.997793	0.000012	1.000000	1.000000	
1353403498.474214	1.000000	60.523956	47.441742	3.796158	0.999896	0.000805	0.999998	0.006679	1.000000	1.000000	1.000000	1.000000	1.000000	1.000000	1.000000	1.000000	1.000000	1.000000	1.000000	1.000000	1353403498.474330	0.999995	58.234316	44.982205	2.765349	1.000000	1.000000	1.000000	1.000000	1.000000	1.000000	1.000000	1.000000	1.000000	1.000000	0.999833	0.000187	0.999465	0.000048	1.000000	1.000000	
1353403499.474213	0.999999	60.399762	47.318572	3.803440	1.000059	0.002558	0.999998	0.003489	1.000000	0.998023	1.000001	0.997997	1.000000	0.998036	1.000000	0.997995	1.000000	0.997980	1.000000	0.997981	1353403499.474333	1.000003	58.225619	44.970487	2.227196	1.000000	0.998025	1.000000	0.998026	1.000000	0.998002	1.000000	0.997989	1.000000	0.998025	1.000253	0.000182	1.002378	0.000012	1.000000	1.000000	
1353403500.474214	1.000001	60.508884	47.424485	3.792217	0.999964	0.005454	0.999872	0.000147	1.000000	1.000000	1.000000	1.000000	1.000000	1.000000	1.000000	1.000000	1.000000	1.000000	1.000000	1.000000	1353403500.474332	0.999999	58.264429	45.009305	1.845339	1.000000	1.000000	1.000000	1.000000	1.000000	1.000000	1.000000	1.000000	1.000000	1.000000	0.999895	0.000213	1.000063	0.000043	1.000000	1.000000	
1353403501.474213	0.999999	60.589825	47.506927	3.793827	1.000543	0.000307	1.000003	0.004864	1.000000	1.000000	1.000000	1.000000	1.000000	1.000000	1.000000	1.000000	1.000000	1.000000	1.000000	1.000000	1353403501.474328	0.999996	58.398293	45.145370	1.733451	1.000000	1.000000	1.000000	1.000000	1.000000	1.000000	1.000000	1.000000	1.000000	1.000000	1.000018	0.000154	0.999303	0.000011	1.000000	1.000000	
1353403502.474214	1.000001	60.728275	47.644883	3.787655	0.999940	0.003076	1.000139	0.005918	1.000000	1.000000	1.000000	1.000000	1.000000	1.000000	1.000000	1.000000	1.000000	1.000000	1.000000	1.000000	1353403502.474336	1.000008	58.703092	45.446760	2.770882	1.000000	1.000000	1.000000	1.000000	1.000000	1.000000	1.000000	1.000000	1.000000	1.000000	1.000000	0.067002	0.998244	0.000322	1.000000	1.000000	
1353403503.474214	1.000000	60.489731	47.419022	3.804520	0.999983	0.003769	0.999516	0.001774	1.000000	1.000000	1.000000	1.000000	1.000000	1.000000	1.000000	1.000000	1.000000	1.000000	1.000000	1.000000	1353403503.474339	1.000003	58.318514	45.059080	2.035119	1.000000	1.000000	1.000000	1.000000	1.000000	1.000000	1.000000	1.000000	1.000000	1.000000	0.999974	0.000238	1.012064	0.000047	1.000000	1.000000	
1353403504.474214	1.000000	60.467484	47.382401	3.807419	0.999995	0.004743	0.999988	0.000499	1.000000	1.000000	1.000000	1.000000	1.000000	1.000000	1.000000	1.000000	1.000000	1.000000	0.999999	1.000000	1353403504.474336	0.999997	58.288663	45.029055	2.379875	1.000000	1.000000	1.000000	1.000000	1.000000	1.000000	1.000000	1.000000	1.000000	1.000000	0.999936	0.000636	1.000220	0.000058	1.000000	1.000000	
1353403505.474214	1.000000	60.563370	47.479294	3.796310	0.999987	0.001757	0.999998	0.004330	1.000000	1.000000	1.000000	1.000000	1.000000	1.000000	1.000000	1.000000	1.000000	1.000000	1.000000	1.000000	1353403505.474330	0.999994	58.313549	45.053476	2.255156	1.000000	1.000000	1.000000	1.000000	1.000000	1.000000	1.000000	1.000000	1.000000	1.000000	0.999997	0.000135	0.999790	0.000011	1.000000	1.000000	
1353403506.474213	0.999999	60.624264	47.541656	3.793567	0.999876	0.000442	0.999996	0.005599	1.000000	1.000000	1.000000	1.000000	1.000000	1.000000	1.000000	1.000000	1.000000	1.000000	1.000000	1.000000	1353403506.474332	1.000002	58.357875	45.114309	2.309886	1.000000	1.000000	1.000000	1.000000	1.000000	1.000000	1.000000	1.000000	1.000000	1.000000	1.000009	0.000249	1.000157	0.000049	1.000000	1.000000	
1353403507.474214	1.000001	59.563130	46.479280	3.808315	0.656890	0.001184	1.000007	0.000169	1.000000	0.977601	1.000000	0.977559	1.000000	0.977595	1.000000	0.977558	1.000000	0.977545	1.000000	0.977542	1353403507.474335	1.000003	57.680562	44.421173	1.618708	1.000000	0.977598	1.000000	0.977597	1.000000	0.977564	1.000000	0.977563	1.000000	0.977596	0.999987	0.001564	0.999722	0.000011	1.000000	1.000000	
1353403508.474214	1.000000	60.226517	47.140991	3.784668	0.999950	0.000859	0.999968	0.000120	1.000000	1.000000	0.999999	1.000000	1.000000	1.000000	1.000000	1.000000	1.000000	1.000000	1.000000	1.000000	1353403508.474333	0.999998	58.152775	44.891229	1.662982	1.000000	1.000000	1.000000	1.000000	1.000000	1.000000	1.000000	1.000000	1.000000	1.000000	0.999960	0.001189	0.998922	0.000044	1.000000	1.000000	
1353403509.474214	1.000000	60.419464	47.334534	3.807892	0.999884	0.001021	0.999985	0.000150	1.000000	1.000000	1.000000	1.000000	1.000000	1.000000	1.000000	1.000000	1.000000	1.000000	0.999999	1.000000	1353403509.474343	1.000010	58.339260	45.077368	1.604934	1.000000	1.000000	1.000000	1.000000	1.000000	1.000000	1.000000	1.000000	1.000000	1.000000	0.999971	0.002544	1.002627	0.000012	1.000000	1.000000	
1353403510.474214	1.000000	60.271942	47.185715	3.792816	1.000033	0.000818	0.999869	0.000127	1.000000	1.000000	1.000000	1.000000	1.000000	1.000000	1.000000	1.000000	1.000000	1.000000	1.000000	1.000000	1353403510.474334	0.999991	58.212106	44.949306	1.617492	1.000000	1.000000	1.000000	1.000000	1.000000	1.000000	1.000000	1.000000	1.000000	1.000000	0.999983	0.001986	1.000051	0.000060	1.000000	1.000000	
1353403511.474214	1.000000	60.227097	47.151932	3.796295	1.000154	0.000590	1.000007	0.000172	1.000000	1.000000	1.000000	1.000000	1.000000	1.000000	1.000000	1.000000	1.000000	1.000000	1.000000	1.000000	1353403511.474310	0.999976	58.292938	45.030427	1.606072	1.000000	1.000000	1.000000	1.000000	1.000000	1.000000	1.000000	1.000000	1.000000	1.000000	0.999961	0.001851	0.999195	0.000012	1.000000	1.000000	
1353403512.474213	0.999999	60.721081	47.637375	3.801243	0.999969	0.005056	0.999985	0.003641	1.000000	1.000000	1.000000	1.000000	1.000000	1.000000	1.000000	1.000000	1.000000	1.000000	1.000000	1.000000	1353403512.474334	1.000024	58.438565	45.179469	2.858391	1.000000	1.000000	1.000000	1.000000	1.000000	1.000000	1.000000	1.000000	1.000000	1.000000	1.000089	0.000260	0.997071	0.000043	1.000000	1.000000	
1353403513.474213	1.000000	60.613144	47.527618	3.796494	0.999955	0.000650	1.000006	0.006357	1.000000	0.998727	1.000000	0.998690	1.000000	0.998725	1.000000	0.998689	1.000000	0.998674	1.000000	0.998673	1353403513.474332	0.999998	58.323430	45.058329	2.918539	1.000000	0.998721	1.000000	0.998719	1.000000	0.998693	1.000000	0.998678	1.000000	0.998718	0.999767	0.000167	1.012174	0.000011	1.000000	1.000000	
1353403514.474214	1.000001	60.682132	47.594361	3.788555	0.999964	0.001217	0.999961	0.006023	1.000000	1.000000	1.000000	1.000000	1.000000	1.000000	1.000000	1.000000	1.000000	1.000000	1.000000	1.000000	1353403514.474333	1.000001	58.324926	45.062365	2.660489	1.000000	1.000000	1.000000	1.000000	1.000000	1.000000	1.000000	1.000000	1.000000	1.000000	1.000199	0.000170	0.989571	0.000065	1.000000	1.000000	
1353403515.474214	1.000000	60.930984	47.839478	3.792770	0.999935	0.000726	0.999987	0.005151	1.000000	1.000000	1.000000	1.000000	1.000000	1.000000	1.000000	1.000000	1.000000	1.000000	1.000000	1.000000	1353403515.474335	1.000002	58.352519	45.092581	2.044887	1.000000	1.000000	1.000000	1.000000	1.000000	1.000000	1.000000	1.000000	1.000000	1.000000	1.000065	0.000183	1.019639	0.000035	1.000000	1.000000	
1353403516.474214	1.000000	60.762787	47.673004	3.796356	0.999978	0.000835	0.999987	0.005905	1.000000	1.000000	1.000000	1.000000	1.000000	1.000000	1.000000	1.000000	1.000000	1.000000	1.000000	1.000000	1353403516.474332	0.999997	58.364607	45.102725	2.641518	1.000000	1.000000	1.000000	1.000000	1.000000	1.000000	1.000000	1.000000	1.000000	1.000000	0.999853	0.000300	0.999432	0.000042	1.000000	1.000000	
1353403517.474213	0.999999	60.410626	47.322357	3.793491	1.000515	0.000295	0.999985	0.000150	1.000000	1.000000	1.000000	1.000000	1.000000	1.000000	1.000000	1.000000	1.000000	1.000000	1.000000	1.000000	1353403517.474325	0.999993	58.342628	45.084220	1.590602	1.000000	1.000000	1.000000	1.000000	1.000000	1.000000	1.000000	1.000000	1.000000	1.000000	1.000002	0.000985	1.000212	0.000011	1.000000	1.000000	
1353403518.474220	1.000007	715815349.240477	715784641.456487	715760539.977025	0.999941	1.000365	0.999939	1.000372	0.999949	1.000366	0.999941	1.000364	0.999940	1.000363	0.999943	1.000361	0.999941	1.000366	0.999942	1.000370	1353403518.474324	0.999999	715791093.107091	715792357.856100	715822414.871199	0.999941	1.000367	0.999938	1.000364	3.896434	0.256726	0.999940	1.000360	0.999941	1.000368	0.999944	1.000366	0.999940	1.000367	0.999942	1.000374	
1353403519.474310	1.000090	0.000000	0.000000	0.000000	-nan	-nan	-nan	-nan	0.000000	inf	-nan	-nan	-nan	0.000000	-nan	-nan	-nan	-nan	-nan	-nan	1353403519.474386	1.000062	0.000000	0.000000	0.000000	-nan	-nan	-nan	-nan	0.000000	inf	-nan	-nan	-nan	-nan	-nan	-nan	-nan	-nan	-nan	-nan	
