ts_0	elapsed_0	pkg_0	pp0_0	dram_0	freq_ratio_0_0	c0_ratio_0_0	freq_ratio_0_1	c0_ratio_0_1	freq_ratio_0_2	c0_ratio_0_2	freq_ratio_0_3	c0_ratio_0_3	freq_ratio_0_4	c0_ratio_0_4	freq_ratio_0_5	c0_ratio_0_5	freq_ratio_0_6	c0_ratio_0_6	freq_ratio_0_7	c0_ratio_0_7	ts_1	elapsed_1	pkg_1	pp0_1	dram_1	freq_ratio_1_0	c0_ratio_1_0	freq_ratio_1_1	c0_ratio_1_1	freq_ratio_1_2	c0_ratio_1_2	freq_ratio_1_3	c0_ratio_1_3	freq_ratio_1_4	c0_ratio_1_4	freq_ratio_1_5	c0_ratio_1_5	freq_ratio_1_6	c0_ratio_1_6	freq_ratio_1_7	c0_ratio_1_7	
1354698389.305336	1.001630	44.794353	31.437418	6.258536	1.157449	0.523805	1.155397	0.510847	1.154701	0.512223	1.153667	0.505099	1.154137	0.505720	1.154278	0.505563	1.154305	0.504749	1.154037	0.503405	1354698389.305492	1.000404	43.675765	30.366184	5.414744	0.999934	0.692534	0.999924	0.692553	1.000001	0.692117	0.895707	0.000194	1.003212	0.000063	0.999968	0.522129	1.002607	0.000100	0.999891	0.693445	
1354698390.305331	0.999995	54.323926	40.723654	8.023661	1.000001	1.000000	1.000000	1.000000	1.000001	1.000001	1.000000	1.000000	1.000000	1.000001	1.000120	0.000595	1.000628	0.000276	1.003795	0.000050	1354698390.305470	0.999978	55.292732	41.771622	7.686707	1.000000	1.000000	1.000000	1.000000	1.000000	1.000000	1.000007	0.000055	1.000793	0.000068	1.000000	1.000000	1.000106	0.000083	1.000000	1.000000	
1354698391.305330	0.999999	54.454474	40.818429	8.046974	1.000000	1.000000	1.000000	1.000000	1.000000	1.000000	1.000000	1.000000	1.000000	1.000000	0.999989	0.002771	0.999740	0.000398	0.984416	0.000039	1354698391.305472	1.000002	55.360215	41.808407	7.923172	1.000000	1.000000	1.000000	1.000000	1.000000	1.000000	0.999040	0.000153	0.999525	0.000038	1.000000	1.000000	0.999968	0.000060	1.000000	1.000000	
1354698392.305331	1.000001	54.472131	40.853538	8.066978	0.999999	1.000000	1.000000	0.999761	0.999999	1.000000	1.000000	1.000000	1.000000	1.000000	1.000009	0.000392	1.006708	0.000095	1.008778	0.000062	1354698392.305479	1.000007	55.374037	41.829850	7.882056	1.000000	0.999703	1.000000	1.000000	1.000000	1.000000	1.001271	0.000115	1.000171	0.000088	1.000000	1.000000	1.000327	0.000106	1.000000	0.999770	
1354698393.305330	0.999999	54.522528	40.873620	8.081291	1.000000	1.000000	1.000000	1.000001	1.000001	1.000001	1.000000	1.000000	1.000000	1.000000	0.999964	0.000351	0.996648	0.000014	1.001345	0.000038	1354698393.305465	0.999986	55.420579	41.845697	7.899540	1.000000	1.000000	1.000000	1.000000	1.000000	1.000000	0.999927	0.000116	1.000196	0.000037	1.000000	1.000000	0.999512	0.000059	1.000000	1.000000	
1354698394.305330	1.000000	54.495422	40.869095	8.120819	1.000000	1.000000	1.000000	1.000000	1.000000	1.000000	1.000000	1.000000	1.000000	1.000000	0.999705	0.000375	1.002208	0.000056	1.000413	0.000049	1354698394.305470	1.000005	55.443677	41.891163	7.869376	1.000000	1.000000	1.000000	1.000000	1.000000	1.000000	1.000040	0.000116	0.999909	0.000148	1.000000	1.000000	0.999828	0.000090	1.000000	1.000000	
1354698395.305330	1.000000	54.484390	40.879501	8.064529	1.000000	1.000000	1.000000	1.000000	1.000000	1.000000	1.000001	1.000000	1.000000	1.000000	1.000316	0.000353	0.997074	0.000014	0.999669	0.000038	1354698395.305467	0.999997	55.411457	41.872200	7.803338	1.000000	1.000000	1.000000	1.000000	1.000000	1.000000	0.999991	0.000135	1.000344	0.000037	1.000000	1.000000	0.999652	0.000059	1.000000	1.000000	
1354698396.305330	1.000000	54.581619	40.948990	8.030563	1.000000	1.000000	1.000000	1.000000	1.000000	1.000000	1.000000	1.000000	1.000000	1.000000	0.999722	0.000379	0.999643	0.000385	0.999250	0.000045	1354698396.305468	1.000001	55.419610	41.871878	7.839897	1.000000	1.000000	1.000000	1.000000	1.000000	1.000000	0.999983	0.000090	0.999880	0.000064	1.000000	1.000000	1.000680	0.000089	1.000000	1.000000	
1354698397.305330	1.000000	54.588760	40.949707	8.049728	1.000000	1.000000	1.000000	1.000000	1.000000	1.000000	1.000000	1.000000	1.000000	1.000000	0.999985	0.000534	1.001171	0.000139	1.001666	0.000050	1354698397.305468	1.000000	55.493759	41.941147	7.865570	1.000000	1.000000	1.000000	1.000000	1.000000	1.000000	0.999981	0.000387	0.999957	0.000072	1.000000	1.000000	0.999770	0.000195	1.000000	1.000000	
1354698398.305330	1.000000	54.548615	40.919830	8.019257	1.000000	1.000000	1.000000	1.000000	1.000000	0.999999	1.000000	1.000000	1.000000	1.000000	1.000163	0.000352	0.998448	0.000053	1.000407	0.000049	1354698398.305473	1.000005	55.474622	41.938373	7.875250	1.000000	0.999688	1.000000	0.999688	1.000000	1.000000	1.000057	0.000087	0.999948	0.000142	1.000000	1.000000	1.000170	0.000086	1.000000	1.000000	
1354698399.305330	1.000000	54.556686	40.915070	8.058517	1.000000	1.000000	1.000000	1.000000	1.000000	1.000000	1.000000	1.000000	1.000000	1.000000	0.999801	0.000373	1.000371	0.000014	0.996850	0.000041	1354698399.305472	0.999999	55.394996	41.868906	7.923454	1.000000	1.000000	1.000000	1.000000	1.000000	1.000000	0.999927	0.000152	0.999884	0.000037	1.000000	1.000000	0.999745	0.000060	1.000000	1.000000	
1354698400.305330	1.000000	54.631912	40.954391	8.081421	0.999955	0.999709	0.999955	0.999705	0.999968	0.999685	0.999968	0.999683	0.999984	0.999654	1.000239	0.000378	0.993464	0.000100	1.001018	0.000043	1354698400.305477	1.000005	55.483548	41.919529	7.920584	1.000000	0.999716	1.000000	0.999716	1.000000	1.000000	0.999796	0.000087	1.000062	0.000062	1.000000	0.999773	1.000154	0.000087	1.000000	0.999754	
1354698401.305330	1.000000	54.653671	40.987991	8.074890	1.000000	1.000000	1.000001	1.000000	1.000000	1.000000	1.000000	1.000000	1.000000	1.000000	0.999938	0.002517	1.001821	0.000356	1.000701	0.000053	1354698401.305472	0.999995	55.470935	41.911785	8.048609	1.000000	1.000000	1.000000	1.000000	1.000000	1.000000	0.999236	0.000137	1.000353	0.000052	1.000000	1.000000	1.000112	0.000062	1.000000	1.000000	
1354698402.305331	1.000001	54.667642	40.992682	8.070412	0.999999	0.999789	0.999999	0.999788	1.000000	0.999788	1.000000	1.000000	1.000000	0.999759	1.000084	0.000448	0.991183	0.000063	1.000639	0.000060	1354698402.305479	1.000007	55.494367	41.927933	7.969870	1.000000	0.999787	1.000000	0.999785	1.000000	0.999787	1.000901	0.000128	0.999941	0.000066	1.000000	0.999836	1.000053	0.000087	1.000000	0.999820	
1354698403.305330	0.999999	54.660239	40.999673	8.052284	1.000000	1.000000	1.000001	1.000000	1.000001	1.000001	1.000000	1.000000	1.000000	1.000001	1.000203	0.000379	0.997381	0.000042	0.986831	0.000053	1354698403.305474	0.999995	55.490634	41.942684	7.966104	1.000000	1.000000	1.000000	1.000000	1.000000	1.000000	1.000091	0.000144	0.998772	0.000051	1.000000	1.000000	0.999364	0.000059	1.000000	1.000000	
1354698404.305330	1.000000	54.632416	40.977386	8.044662	1.000000	1.000000	1.000000	1.000000	1.000000	1.000000	1.000000	1.000000	1.000000	1.000000	0.999484	0.000397	1.007624	0.000091	1.009427	0.000059	1354698404.305471	0.999997	55.449360	41.899544	7.936212	1.000000	1.000000	1.000000	1.000000	1.000000	1.000000	0.999974	0.000133	1.000295	0.000086	1.000000	1.000000	1.000027	0.000102	1.000000	1.000000	
1354698405.305330	1.000000	54.611008	40.992966	8.040939	1.000000	1.000000	1.000000	1.000000	1.000000	1.000000	1.000000	1.000000	1.000000	1.000000	1.000116	0.000354	0.995475	0.000014	1.001089	0.000038	1354698405.305464	0.999993	55.418276	41.918259	7.777794	1.000000	1.000000	1.000000	1.000000	1.000000	1.000000	0.999846	0.000110	1.001307	0.000038	1.000000	1.000000	1.000314	0.000060	1.000000	1.000000	
1354698406.305331	1.000001	50.401014	36.845851	7.456643	0.999864	0.912093	1.000000	0.911689	0.999999	0.911660	1.000000	0.911634	1.000000	0.911603	0.958313	0.000416	1.000181	0.000364	1.000574	0.000046	1354698406.305586	1.000122	52.121460	38.667292	6.828222	0.999999	0.911460	1.000000	0.911426	1.000000	0.911399	0.999996	0.000089	0.999785	0.000079	1.000000	0.911310	1.000445	0.000085	1.000000	1.000000	
1354698407.305330	0.999999	715777036.820218	715777015.442024	715806881.620531	0.999965	1.000200	0.999964	1.000208	0.999974	1.000205	0.999967	1.000208	0.999967	1.000210	0.999970	1.000205	0.999967	1.000210	0.999967	1.000208	1354698407.305422	0.999836	715881282.229797	715903100.891641	715944196.367309	0.999965	1.000200	0.999964	1.000207	3.894610	0.256811	0.999967	1.000207	0.999967	1.000210	0.999970	1.000205	0.999967	1.000211	0.999968	1.000208	
1354698408.305330	1.000000	0.000000	0.000000	0.000000	-nan	-nan	-nan	-nan	0.000000	inf	-nan	-nan	-nan	0.000000	-nan	-nan	-nan	-nan	-nan	-nan	1354698408.305412	0.999990	0.000000	0.000000	0.000000	-nan	-nan	-nan	-nan	0.000000	inf	-nan	-nan	-nan	-nan	-nan	-nan	-nan	-nan	-nan	-nan	
