ts_0	elapsed_0	pkg_0	pp0_0	dram_0	freq_ratio_0_0	c0_ratio_0_0	freq_ratio_0_1	c0_ratio_0_1	freq_ratio_0_2	c0_ratio_0_2	freq_ratio_0_3	c0_ratio_0_3	freq_ratio_0_4	c0_ratio_0_4	freq_ratio_0_5	c0_ratio_0_5	freq_ratio_0_6	c0_ratio_0_6	freq_ratio_0_7	c0_ratio_0_7	ts_1	elapsed_1	pkg_1	pp0_1	dram_1	freq_ratio_1_0	c0_ratio_1_0	freq_ratio_1_1	c0_ratio_1_1	freq_ratio_1_2	c0_ratio_1_2	freq_ratio_1_3	c0_ratio_1_3	freq_ratio_1_4	c0_ratio_1_4	freq_ratio_1_5	c0_ratio_1_5	freq_ratio_1_6	c0_ratio_1_6	freq_ratio_1_7	c0_ratio_1_7	
1356626522.648025	1.001481	43.628255	30.505662	3.816491	1.154517	0.240126	1.154271	0.237902	1.155020	0.239640	1.154471	0.237729	1.154004	0.236065	1.155459	0.240602	1.155002	0.239015	1.154391	0.237079	1356626522.648190	1.000411	43.014546	29.812224	1.650079	0.999978	0.864352	0.999979	0.864438	1.000001	0.862583	0.996895	0.000032	1.008348	0.000033	0.947465	0.000345	1.000451	0.001014	0.999824	0.865198	
1356626523.648021	0.999996	48.909057	35.795570	3.797150	0.996192	0.999679	0.996192	0.999679	0.996192	0.999678	0.996192	0.999678	0.992225	0.489649	0.975976	0.000603	0.970161	0.000344	0.992395	0.001348	1356626523.648154	0.999964	43.232193	30.012998	1.771045	1.000000	1.000000	0.999999	0.510059	1.000000	1.000000	1.005613	0.000062	1.001319	0.000057	0.999924	0.000087	1.000003	0.001155	1.000000	1.000000	
1356626524.648020	0.999999	50.746768	37.616766	3.785755	0.965376	0.997982	0.965377	0.997980	0.965377	0.997978	0.965377	0.997977	0.965378	0.997976	0.962344	0.003026	0.961727	0.002248	0.961637	0.002557	1356626524.648164	1.000010	40.076427	26.855825	1.625762	1.000000	1.000000	1.000198	0.000070	1.000000	1.000000	0.912921	0.000013	1.002710	0.000012	1.000066	0.000140	0.992996	0.000008	1.000000	1.000000	
1356626525.648020	1.000000	48.362213	35.234009	3.782257	0.964905	0.482550	0.982956	0.999040	0.982956	0.999039	0.982956	0.999038	0.982956	0.999037	0.967257	0.001724	0.961815	0.001149	0.970304	0.001703	1356626525.648180	1.000016	43.077437	29.855617	1.645359	1.000000	1.000000	1.000001	0.516900	1.000000	1.000000	1.019596	0.000057	0.998730	0.000060	0.999639	0.000096	1.000040	0.000181	1.000000	1.000000	
1356626526.648020	1.000000	46.238113	33.112106	3.797592	0.999932	0.000068	1.000000	1.000000	1.000000	1.000000	1.000000	1.000000	1.000000	1.000000	0.999996	0.000469	0.999969	0.000013	1.000012	0.002904	1356626526.648184	1.000004	45.957394	32.725850	1.617257	1.000000	1.000000	1.000000	1.000000	1.000000	1.000000	1.002138	0.000013	1.003419	0.000019	1.000089	0.000381	1.001993	0.000019	1.000000	1.000000	
1356626527.648020	1.000000	46.529221	33.402252	3.785507	1.000000	0.000298	1.000000	1.000000	1.000000	1.000000	1.000000	1.000000	1.000000	1.000000	0.999953	0.000416	1.000088	0.000110	1.000003	0.007289	1356626527.648182	0.999998	46.080822	32.836488	2.167317	1.000000	1.000000	1.000000	1.000000	1.000000	1.000000	0.999539	0.000064	0.998712	0.000058	0.999588	0.000094	0.999211	0.000058	1.000000	1.000000	
1356626528.648020	1.000000	46.464371	33.335205	3.797348	1.000087	0.000053	1.000000	1.000000	1.000000	1.000000	1.000000	1.000000	1.000000	1.000000	0.999983	0.000453	1.004425	0.000012	1.000000	0.002946	1356626528.648184	1.000002	46.006428	32.775984	1.628094	1.000000	1.000000	1.000000	1.000000	1.000000	1.000000	1.002070	0.000013	1.005232	0.000011	1.000338	0.000047	1.003707	0.000012	1.000000	1.000000	
1356626529.648020	1.000000	46.548645	33.418198	3.801514	0.999966	0.000251	1.000000	1.000000	1.000000	1.000000	1.000000	1.000000	1.000000	1.000000	0.999989	0.000420	0.988294	0.000046	1.000003	0.007216	1356626529.648183	0.999999	46.146773	32.901902	2.177691	1.000000	1.000000	1.000000	1.000000	1.000000	1.000000	0.999695	0.000054	1.000868	0.000049	0.999734	0.000090	0.999692	0.000152	1.000000	1.000000	
1356626530.648020	1.000000	46.334076	33.204163	3.801605	0.998358	0.000067	1.000000	1.000000	1.000000	1.000000	1.000000	1.000000	1.000000	1.000000	1.000312	0.000437	0.997062	0.000014	0.999823	0.002941	1356626530.648186	1.000003	46.140848	32.896459	1.609446	1.000000	1.000000	1.000000	1.000000	1.000000	1.000000	0.988526	0.000014	0.998138	0.000018	1.000014	0.002010	1.002306	0.000019	1.000000	1.000000	
1356626531.648021	1.000001	715781685.403910	715771366.823373	715798483.043927	0.999955	1.000915	0.999953	1.000921	0.999955	1.000924	0.999956	1.000918	0.999956	1.000923	0.999958	1.000912	0.999955	1.000919	0.999956	1.000919	1356626531.648121	0.999935	715850293.866497	715861198.093553	715818111.048965	0.999956	1.000917	0.999953	1.000918	3.895374	0.256941	0.999955	1.000915	0.999956	1.000920	0.999958	1.000915	0.999955	1.000919	0.999956	1.000918	
1356626532.648064	1.000043	0.000000	0.000000	0.000000	-nan	-nan	-nan	-nan	1.000008	inf	-nan	-nan	-nan	0.000000	-nan	-nan	-nan	-nan	-nan	-nan	1356626532.648143	1.000022	0.000000	0.000000	0.000000	-nan	-nan	-nan	-nan	1.345745	inf	-nan	-nan	-nan	-nan	-nan	-nan	-nan	-nan	-nan	-nan	
