ts_0	elapsed_0	pkg_0	pp0_0	dram_0	freq_ratio_0_0	c0_ratio_0_0	freq_ratio_0_1	c0_ratio_0_1	freq_ratio_0_2	c0_ratio_0_2	freq_ratio_0_3	c0_ratio_0_3	freq_ratio_0_4	c0_ratio_0_4	freq_ratio_0_5	c0_ratio_0_5	freq_ratio_0_6	c0_ratio_0_6	freq_ratio_0_7	c0_ratio_0_7	ts_1	elapsed_1	pkg_1	pp0_1	dram_1	freq_ratio_1_0	c0_ratio_1_0	freq_ratio_1_1	c0_ratio_1_1	freq_ratio_1_2	c0_ratio_1_2	freq_ratio_1_3	c0_ratio_1_3	freq_ratio_1_4	c0_ratio_1_4	freq_ratio_1_5	c0_ratio_1_5	freq_ratio_1_6	c0_ratio_1_6	freq_ratio_1_7	c0_ratio_1_7	
1356621465.681620	1.001588	48.512587	34.905458	6.677475	1.154418	0.276005	1.154428	0.275777	1.154441	0.274321	1.155112	0.276685	1.154151	0.272650	1.155541	0.278212	1.155555	0.278390	1.154108	0.272362	1356621465.681802	1.000440	47.292826	33.732125	7.688512	0.999912	0.935141	0.999919	0.934989	0.999945	0.934835	1.003746	0.000070	0.813081	0.000104	1.002456	0.000110	0.629824	0.000049	0.999798	0.935936	
1356621466.681615	0.999995	49.894827	36.225767	7.272726	1.000000	1.000000	1.000000	1.000000	1.000000	1.000000	1.000022	0.002965	0.999999	1.000000	1.001527	0.000058	1.000714	0.000263	0.997450	0.000098	1356621466.681787	0.999985	48.949664	35.314083	8.076919	1.000000	1.000000	1.000000	1.000000	1.000000	1.000000	0.999949	0.000167	0.999956	0.000195	1.000035	0.000078	0.995147	0.000083	1.000000	1.000000	
1356621467.681615	1.000000	50.010864	36.335312	7.362595	1.000000	1.000000	1.000000	1.000000	1.000001	1.000001	0.999922	0.004674	1.000001	1.000000	1.006098	0.000090	0.998610	0.000120	1.015407	0.000023	1356621467.681782	0.999995	48.952363	35.322442	8.103663	1.000000	1.000000	1.000000	1.000000	1.000000	1.000000	1.000112	0.000082	0.995309	0.000140	0.999545	0.001177	1.024117	0.000021	1.000000	1.000000	
1356621468.681615	1.000000	50.006165	36.332703	7.312302	1.000000	1.000000	1.000000	1.000000	1.000000	1.000000	1.000102	0.003002	1.000000	1.000000	0.995970	0.000041	1.000396	0.000096	1.000778	0.000046	1356621468.681777	0.999995	49.160326	35.520808	8.103831	1.000000	1.000000	1.000000	1.000000	1.000000	1.000000	0.999992	0.000049	1.000324	0.002029	1.000154	0.003056	0.999624	0.000045	1.000000	1.000000	
1356621469.681614	0.999999	49.987490	36.302250	7.513359	1.000000	1.000000	1.000000	1.000000	1.000000	1.000000	0.999569	0.000312	1.000000	1.000000	1.001912	0.000094	1.000417	0.000118	0.994421	0.000014	1356621469.681777	1.000000	49.048172	35.397263	8.069153	1.000000	1.000000	1.000000	1.000000	1.000000	1.000000	0.999917	0.000065	0.999847	0.000043	0.999562	0.000084	0.998282	0.000012	1.000000	1.000000	
1356621470.681614	1.000000	50.046371	36.377228	7.209869	1.000000	1.000000	1.000000	1.000000	1.000000	1.000000	0.999977	0.002702	1.000000	1.000000	0.995552	0.000037	0.999186	0.000097	0.998519	0.000047	1356621470.681777	1.000000	49.008255	35.389236	8.098434	1.000000	1.000000	1.000000	1.000000	1.000000	1.000000	1.000159	0.000046	0.998515	0.000012	1.000271	0.000057	1.001059	0.000045	1.000000	1.000000	
1356621471.681614	1.000000	50.164536	36.500275	6.920212	1.000000	1.000000	1.000000	1.000000	1.000000	1.000001	0.999984	0.005761	1.000000	1.000000	1.001232	0.000068	1.000027	0.000128	1.001796	0.000037	1356621471.681779	1.000002	49.070188	35.476678	8.138809	1.000000	1.000000	1.000000	1.000000	1.000000	1.000000	0.999942	0.000060	1.000370	0.000112	1.000201	0.000082	0.999332	0.000012	1.000000	1.000000	
1356621472.681614	1.000000	50.076889	36.406784	6.999802	1.000000	1.000000	1.000000	1.000000	1.000000	1.000000	1.000012	0.004512	1.000000	1.000000	0.999316	0.000148	0.998589	0.000096	1.002040	0.000040	1356621472.681779	1.000000	49.029510	35.433670	8.108795	1.000000	1.000000	1.000000	1.000000	1.000000	1.000000	1.000061	0.000044	0.999265	0.000012	0.989504	0.000055	1.000293	0.000046	1.000000	1.000000	
1356621473.681614	1.000000	50.073502	36.436951	6.668060	1.000000	1.000000	1.000000	1.000000	1.000000	1.000000	1.000261	0.000322	1.000000	1.000000	1.000011	0.003096	1.001102	0.000112	0.991945	0.000013	1356621473.681782	1.000003	49.077149	35.504498	8.140600	1.000000	1.000000	1.000000	1.000000	1.000000	1.000000	0.999988	0.000062	0.999775	0.000048	0.999948	0.000377	1.000441	0.000012	1.000000	1.000000	
1356621474.681614	1.000000	50.169907	36.502380	6.913834	1.000000	1.000000	1.000000	1.000000	1.000000	1.000000	0.999521	0.000444	1.000000	1.000000	1.000009	0.004041	0.999521	0.000096	1.004414	0.000044	1356621474.681779	0.999997	49.069396	35.482028	8.127177	1.000000	1.000000	1.000000	1.000000	1.000000	1.000000	0.999846	0.000048	0.996507	0.000012	1.006445	0.000091	0.998893	0.000043	1.000000	1.000000	
1356621475.681614	1.000000	50.035934	36.348083	7.352127	1.000000	1.000000	1.000000	1.000000	1.000000	1.000000	1.000299	0.000310	1.000000	1.000000	0.998832	0.000108	1.000215	0.000113	0.989205	0.000014	1356621475.681775	0.999996	49.085099	35.474448	8.114916	1.000000	1.000000	1.000000	1.000000	1.000000	1.000000	1.000018	0.000064	1.000350	0.000104	1.000115	0.000087	1.002922	0.000012	1.000000	1.000000	
1356621476.681614	1.000000	50.105118	36.435257	6.853058	1.000000	1.000000	1.000000	1.000000	1.000000	1.000000	0.999986	0.002880	1.000000	1.000000	0.993542	0.000073	0.999778	0.000117	1.001584	0.000068	1356621476.681780	1.000005	49.065825	35.490072	8.133840	1.000000	1.000000	1.000000	1.000000	1.000000	1.000000	0.999909	0.000046	0.998007	0.000012	0.999575	0.000055	1.000230	0.000045	1.000000	1.000000	
1356621477.681614	1.000000	50.067337	36.378723	7.240967	1.000000	1.000000	1.000001	1.000000	0.999999	0.999999	0.999183	0.000129	1.000000	1.000000	0.999890	0.003594	1.000090	0.000326	0.986731	0.000008	1356621477.681785	1.000005	49.096297	35.493948	8.080129	1.000000	1.000000	1.000000	1.000000	1.000000	1.000000	1.000152	0.000061	0.985568	0.000045	0.993814	0.000086	0.996253	0.000012	1.000000	1.000000	
1356621478.681614	1.000000	50.208588	36.524475	7.251450	1.000000	1.000000	1.000000	1.000000	1.000000	1.000000	1.000130	0.000175	1.000000	1.000000	1.000045	0.005681	1.000100	0.000315	0.988098	0.000047	1356621478.681777	0.999992	49.099626	35.515608	8.097920	1.000000	1.000000	1.000000	1.000000	1.000000	1.000000	1.000725	0.000045	1.000341	0.001998	1.001568	0.000351	0.988474	0.000043	1.000000	1.000000	
1356621479.681614	1.000000	50.067459	36.376999	7.206970	1.000000	1.000000	1.000000	1.000000	1.000001	1.000000	1.000306	0.000118	1.000000	1.000000	0.999902	0.001745	0.999628	0.000121	1.025059	0.000023	1356621479.681779	1.000002	49.132505	35.531472	8.095459	1.000000	1.000000	1.000000	1.000000	1.000000	1.000000	0.999459	0.000077	0.999965	0.000077	1.000140	0.000097	1.025317	0.000021	1.000000	1.000000	
1356621480.681614	1.000000	50.102127	36.387482	7.472229	1.000000	1.000000	1.000000	1.000000	1.000000	1.000000	0.999866	0.000167	1.000000	1.000000	0.999990	0.005993	1.001673	0.000093	0.998386	0.000044	1356621480.681785	1.000006	49.117673	35.487734	8.086561	1.000000	1.000000	1.000000	1.000000	1.000000	1.000000	1.000000	0.000046	0.997035	0.000007	0.999337	0.000056	1.000429	0.000043	1.000000	1.000000	
1356621481.681614	1.000000	50.101837	36.452713	6.794983	1.000000	1.000000	1.000000	1.000000	1.000000	1.000000	0.998689	0.000105	1.000000	1.000000	0.999957	0.003305	0.998378	0.000128	1.000983	0.000038	1356621481.681781	0.999996	49.114777	35.559180	8.124880	1.000000	1.000000	1.000000	1.000000	1.000000	1.000000	1.000151	0.000061	1.000135	0.000054	1.000025	0.000524	0.999653	0.000012	1.000000	1.000000	
1356621482.681614	1.000000	49.935150	36.243622	7.251526	1.000001	1.000000	1.000000	1.000000	0.999999	1.000000	1.000577	0.000181	1.000000	1.000000	1.000000	0.000248	1.000481	0.000098	0.999176	0.000039	1356621482.681786	1.000005	49.118757	35.523946	8.087560	1.000000	1.000000	1.000000	1.000000	1.000000	1.000000	0.999951	0.000047	0.998055	0.000011	0.990353	0.000059	0.999851	0.000044	1.000000	1.000000	
1356621483.681614	1.000000	50.030838	36.323151	7.308243	1.000000	1.000000	0.999999	1.000000	1.000000	1.000000	1.002281	0.000103	1.000000	1.000000	1.000006	0.003329	1.000362	0.000103	1.005442	0.000013	1356621483.681781	0.999995	49.137194	35.526606	8.087626	1.000000	1.000000	1.000000	1.000000	1.000000	1.000000	1.000082	0.000061	1.000938	0.000060	1.001451	0.000380	1.001968	0.000012	1.000000	1.000000	
1356621484.681614	1.000000	50.120209	36.433334	7.064957	1.000000	1.000000	1.000000	1.000000	1.000000	1.000000	0.998618	0.000211	1.000000	1.000000	0.999975	0.005654	1.000646	0.000093	0.999245	0.000044	1356621484.681793	1.000012	49.076869	35.491673	8.119273	1.000000	1.000000	1.000000	1.000000	1.000000	1.000000	0.999838	0.000045	0.999713	0.000012	1.000661	0.000055	0.999381	0.000043	1.000000	1.000000	
1356621485.681614	1.000000	50.063492	36.369675	7.194885	1.000000	1.000000	1.000000	0.999999	0.999999	1.000000	1.000293	0.000104	1.000000	1.000000	1.000016	0.002235	0.999200	0.000108	0.998868	0.000013	1356621485.681783	0.999990	49.120975	35.521825	8.097386	1.000000	1.000000	1.000000	1.000000	1.000000	1.000000	0.999841	0.000063	0.999904	0.000048	0.999968	0.000086	1.000321	0.000012	1.000000	1.000000	
1356621486.681616	1.000002	49.988766	36.293296	7.175417	1.000000	1.000000	1.000000	1.000000	1.000001	1.000000	0.999946	0.000193	1.000000	1.000000	1.000344	0.000306	0.999782	0.000120	1.000310	0.000068	1356621486.681781	0.999998	49.086291	35.487983	8.103760	1.000000	0.999477	1.000000	1.000000	1.000000	0.999480	0.999944	0.000048	0.998867	0.000012	1.000041	0.000057	1.000140	0.000044	1.000000	0.999764	
1356621487.681615	0.999999	50.256686	36.559575	7.334205	0.999677	0.999944	0.999677	0.999944	0.999678	0.999944	0.999628	0.002943	0.999677	0.999943	0.999824	0.006754	0.999806	0.002913	0.999608	0.002691	1356621487.681781	1.000000	49.983536	36.383743	8.103500	0.999908	0.999977	0.999908	0.999977	0.999909	0.999977	0.999871	0.003098	0.999606	0.002872	0.999635	0.002836	0.999877	0.002808	0.999908	0.999977	
1356621488.681615	1.000000	715783389.640152	715775530.536758	715782688.850677	0.999949	1.000872	0.999946	1.000874	0.999949	1.000881	0.999948	1.000871	0.999949	1.000878	0.999950	1.000866	0.999948	1.000871	0.999950	1.000876	1356621488.681716	0.999935	715829854.028841	715819102.649517	715873706.445710	0.999949	1.000875	0.999946	1.000872	3.895827	0.256899	0.999948	1.000868	0.999950	1.000881	0.999950	1.000864	0.999949	1.000878	0.999948	1.000869	
1356621489.681620	1.000005	0.000000	0.000000	0.000000	-nan	-nan	-nan	-nan	0.000000	inf	-nan	-nan	-nan	0.000000	-nan	-nan	-nan	-nan	-nan	-nan	1356621489.681700	0.999984	0.000000	0.000000	0.000000	-nan	-nan	-nan	-nan	0.000000	inf	-nan	-nan	-nan	-nan	-nan	-nan	-nan	-nan	-nan	-nan	
1356621490.681654	1.000034	0.000000	0.000000	0.000000	-nan	-nan	-nan	-nan	1.345745	inf	-nan	-nan	-nan	0.000000	-nan	-nan	-nan	-nan	-nan	-nan	1356621490.681732	1.000032	0.000000	0.000000	0.000000	-nan	-nan	-nan	-nan	inf	-nan	-nan	-nan	-nan	-nan	-nan	-nan	-nan	-nan	-nan	-nan	
