ts_0	elapsed_0	pkg_0	pp0_0	dram_0	freq_ratio_0_0	c0_ratio_0_0	freq_ratio_0_1	c0_ratio_0_1	freq_ratio_0_2	c0_ratio_0_2	freq_ratio_0_3	c0_ratio_0_3	freq_ratio_0_4	c0_ratio_0_4	freq_ratio_0_5	c0_ratio_0_5	freq_ratio_0_6	c0_ratio_0_6	freq_ratio_0_7	c0_ratio_0_7	ts_1	elapsed_1	pkg_1	pp0_1	dram_1	freq_ratio_1_0	c0_ratio_1_0	freq_ratio_1_1	c0_ratio_1_1	freq_ratio_1_2	c0_ratio_1_2	freq_ratio_1_3	c0_ratio_1_3	freq_ratio_1_4	c0_ratio_1_4	freq_ratio_1_5	c0_ratio_1_5	freq_ratio_1_6	c0_ratio_1_6	freq_ratio_1_7	c0_ratio_1_7	
1353403180.023846	1.020980	47.443036	34.250977	5.518335	1.156095	0.434093	1.153129	0.414086	1.154939	0.418839	1.156091	0.434621	1.154780	0.423358	1.155051	0.431301	1.153450	0.419810	1.156023	0.427225	1353403180.024197	1.000585	52.016502	38.804414	2.812609	0.999862	0.907063	0.999967	0.797130	0.999976	0.796830	1.000000	0.795971	0.999976	0.795968	0.999790	0.000062	0.807251	0.000086	0.999714	0.887720	
1353403181.023830	0.999984	47.412333	34.221051	5.409342	0.999316	0.726768	0.999941	0.725568	0.999950	0.725576	0.999972	0.725545	0.999773	0.000386	0.999972	0.725598	0.999969	0.725629	0.903459	0.000182	1353403181.023938	0.999741	50.915023	37.702328	2.897280	1.000000	0.725808	1.000001	0.725834	1.000001	0.725739	1.000001	0.725777	1.000001	0.725870	0.999933	0.000063	1.000534	0.000090	1.000000	1.000000	
1353403182.023825	0.999995	47.022925	33.812288	5.712507	0.999812	0.846698	1.000000	0.843380	1.000000	0.846367	0.999999	0.646259	0.962040	0.000402	1.000001	0.646259	1.000000	0.646258	1.000069	0.000134	1353403182.023942	1.000004	49.469862	36.247549	2.749501	1.000000	0.646302	1.000000	0.846370	1.000000	0.646268	1.000000	0.646267	1.000000	0.646297	1.000013	0.000059	1.000297	0.000052	1.000000	0.998039	
1353403183.023825	1.000000	57.088531	43.870804	6.101532	1.000000	1.000000	1.000000	1.000000	1.000000	1.000000	1.000001	1.000000	0.999652	0.000474	1.000000	1.000000	1.000000	1.000000	1.000134	0.000144	1353403183.023935	0.999993	58.998653	45.781368	2.775822	1.000000	1.000000	1.000000	1.000000	1.000000	1.000000	1.000000	1.000000	1.000000	1.000000	1.000522	0.000066	0.999862	0.000100	1.000000	1.000000	
1353403184.023824	0.999999	57.105172	43.874523	6.124243	1.000000	1.000000	1.000000	1.000000	1.000000	1.000000	1.000000	1.000000	1.000125	0.000782	1.000000	1.000000	1.000000	1.000000	1.000006	0.000129	1353403184.023933	0.999998	58.930883	45.730632	2.813421	1.000000	1.000000	1.000000	1.000000	1.000000	1.000000	1.000000	1.000000	1.000000	1.000000	0.998059	0.000011	0.998957	0.000051	1.000000	1.000000	
1353403185.023824	1.000000	57.188171	43.956207	6.107391	1.000000	1.000000	1.000000	1.000000	1.000000	1.000000	1.000000	1.000000	1.000081	0.000433	1.000000	1.000000	1.000000	1.000000	1.000066	0.000141	1353403185.023935	1.000002	59.045267	45.854222	2.739756	1.000000	1.000000	1.000000	1.000000	1.000000	1.000000	1.000000	1.000000	1.000000	1.000000	1.000148	0.000091	1.000561	0.000092	1.000000	1.000000	
1353403186.023824	1.000000	57.133301	43.893875	6.123779	1.000000	1.000000	1.000000	1.000000	1.000000	1.000000	1.000000	1.000000	1.000006	0.000444	1.000000	1.000000	1.000000	1.000000	0.999589	0.000128	1353403186.023936	1.000001	58.970311	45.772570	2.821302	1.000000	1.000000	1.000000	1.000000	1.000000	1.000000	1.000000	1.000000	1.000000	1.000000	1.000068	0.000011	0.999363	0.000051	1.000000	1.000000	
1353403187.023826	1.000002	56.504546	43.263772	6.123752	1.000000	1.000000	1.000000	0.997924	1.000000	1.000000	1.000000	0.961525	1.000003	0.002767	1.000000	0.961399	1.000000	0.961412	1.000148	0.000250	1353403187.023934	0.999998	58.101338	44.899484	2.879598	1.000000	0.961401	1.000000	1.000000	1.000000	0.961400	1.000000	0.961399	1.000000	0.961398	0.999463	0.000326	0.999707	0.000083	1.000000	0.998535	
1353403188.023824	0.999998	57.217593	44.036552	6.101406	1.000000	1.000000	1.000000	1.000000	1.000000	1.000000	1.000000	1.000000	0.999591	0.000429	1.000000	1.000000	1.000000	1.000000	1.000050	0.000138	1353403188.023938	1.000004	59.072087	45.890988	2.745671	1.000000	1.000000	1.000000	1.000000	1.000000	1.000000	1.000000	1.000000	1.000000	1.000000	1.021876	0.000007	1.001265	0.000051	1.000000	1.000000	
1353403189.023824	1.000000	57.196899	43.909668	6.117691	1.000000	1.000000	1.000000	1.000000	1.000000	1.000000	1.000000	1.000000	0.999985	0.000760	1.000000	1.000000	1.000000	1.000000	0.999965	0.000155	1353403189.023937	0.999999	59.006709	45.805891	2.832797	1.000000	1.000000	1.000000	1.000000	1.000000	1.000000	1.000000	1.000000	1.000000	1.000000	1.000296	0.000081	0.999592	0.000111	1.000000	1.000000	
1353403190.023824	1.000000	57.308716	44.064133	6.113693	1.000000	1.000000	1.000000	1.000000	1.000000	1.000000	1.000000	1.000000	0.999983	0.000438	1.000000	1.000000	1.000000	1.000000	0.999985	0.000130	1353403190.023941	1.000004	59.111012	45.913327	2.752766	1.000000	1.000000	1.000000	1.000000	1.000000	1.000000	1.000000	1.000000	1.000000	1.000000	0.999900	0.000039	1.000000	0.000051	1.000000	1.000000	
1353403191.023825	1.000001	57.528388	44.280002	6.092905	0.999982	0.987425	0.999961	0.987410	0.999969	0.987394	0.999990	0.987355	0.999972	0.003165	0.999977	0.987380	0.999991	0.987355	0.999943	0.002812	1353403191.023947	1.000006	58.675294	45.468571	2.827650	1.000000	0.987414	1.000000	0.987430	1.000000	0.987364	1.000000	0.987378	1.000000	0.987412	1.000008	0.000493	1.000000	0.003667	1.000000	1.000000	
1353403192.023824	0.999999	57.338708	44.087292	6.125479	1.000000	1.000000	1.000000	1.000000	1.000000	1.000000	1.000001	1.000000	1.000095	0.000384	1.000000	1.000000	1.000000	1.000000	1.001137	0.000132	1353403192.023948	1.000001	59.127660	45.927599	2.758680	1.000000	1.000000	1.000000	1.000000	1.000000	1.000000	1.000000	1.000000	1.000000	1.000000	0.999881	0.000059	0.999970	0.000051	1.000000	1.000000	
1353403193.023825	1.000001	715800881.057952	715808196.301494	715821181.996813	0.999949	1.000425	0.999950	1.000442	0.999951	1.000444	0.999949	1.000424	0.999951	1.000435	0.999952	1.000424	0.999952	1.000438	0.999950	1.000430	1353403193.023922	0.999974	715841405.537595	715810841.457845	715834727.838361	0.999950	1.000433	0.999948	1.000434	3.895776	0.256787	0.999950	1.000429	0.999952	1.000441	0.999953	1.000432	0.999952	1.000442	0.999952	1.000437	
1353403194.023830	1.000005	0.000000	0.000000	0.000000	-nan	-nan	-nan	-nan	0.000000	inf	-nan	-nan	-nan	0.000000	-nan	-nan	-nan	-nan	-nan	-nan	1353403194.023900	0.999978	0.000000	0.000000	0.000000	-nan	-nan	-nan	-nan	0.000000	inf	-nan	-nan	-nan	-nan	-nan	-nan	-nan	-nan	-nan	-nan	
