ts_0	elapsed_0	pkg_0	pp0_0	dram_0	freq_ratio_0_0	c0_ratio_0_0	freq_ratio_0_1	c0_ratio_0_1	freq_ratio_0_2	c0_ratio_0_2	freq_ratio_0_3	c0_ratio_0_3	freq_ratio_0_4	c0_ratio_0_4	freq_ratio_0_5	c0_ratio_0_5	freq_ratio_0_6	c0_ratio_0_6	freq_ratio_0_7	c0_ratio_0_7	ts_1	elapsed_1	pkg_1	pp0_1	dram_1	freq_ratio_1_0	c0_ratio_1_0	freq_ratio_1_1	c0_ratio_1_1	freq_ratio_1_2	c0_ratio_1_2	freq_ratio_1_3	c0_ratio_1_3	freq_ratio_1_4	c0_ratio_1_4	freq_ratio_1_5	c0_ratio_1_5	freq_ratio_1_6	c0_ratio_1_6	freq_ratio_1_7	c0_ratio_1_7	
1356714117.987924	1.001617	29.497363	16.278640	2.852916	1.154297	0.318073	1.154943	0.318289	1.154351	0.316434	1.154636	0.317879	1.154104	0.315640	1.154539	0.317138	1.154590	0.316846	1.154291	0.315644	1356714117.988129	1.000443	41.836921	28.654101	1.943139	0.990655	0.433402	0.990646	0.433064	0.990517	0.429019	0.990557	0.428950	0.990549	0.428583	0.988094	0.000057	0.990517	0.429225	0.995560	0.962335	
1356714118.987920	0.999996	37.331145	24.109824	3.624603	0.999788	0.871919	1.000000	0.871028	1.000000	0.871026	1.000035	0.000555	1.016228	0.000030	1.000527	0.000087	1.002422	0.000067	0.993602	0.000076	1356714118.988123	0.999994	52.086538	38.907672	1.713862	0.932040	0.869219	0.932040	0.869216	0.932040	0.869213	0.932041	0.869232	0.932038	0.869198	0.974765	0.000109	0.932038	0.869231	0.940720	0.998161	
1356714119.987920	1.000000	36.754318	23.520309	3.744278	0.998865	0.864269	0.999989	0.861942	0.999965	0.861996	0.999903	0.000295	0.998957	0.000061	0.999481	0.000117	0.998079	0.000039	0.868799	0.000115	1356714119.988120	0.999997	49.733812	36.536414	2.124244	0.900961	0.859612	0.900949	0.859510	0.900951	0.859524	0.900962	0.859621	0.900954	0.859560	0.887553	0.000576	0.900957	0.859604	0.914340	0.997531	
1356714120.987920	1.000000	33.405762	20.166733	3.549164	0.999175	0.774485	1.000001	0.618098	0.999986	0.617813	0.999969	0.000290	1.006116	0.000013	0.647438	0.000096	1.001251	0.000047	1.001290	0.000072	1356714120.988116	0.999996	49.088593	35.884713	2.247125	0.919482	0.815845	0.919477	0.815783	0.919479	0.815798	0.919487	0.815870	0.919481	0.815800	0.895430	0.000221	0.919491	0.815836	0.933864	0.997918	
1356714121.987920	1.000000	37.322495	24.086639	3.715210	0.999982	0.974691	0.999999	0.839347	1.000000	0.839291	0.997781	0.000610	0.999648	0.000058	0.997719	0.000102	1.001379	0.000014	0.999863	0.000079	1356714121.988171	1.000055	51.010588	37.817299	1.807731	0.881215	0.996489	0.881215	0.996485	0.881214	0.996484	0.881215	0.996498	0.881213	0.996465	0.871791	0.000459	0.881212	0.996495	0.881216	0.996575	
1356714122.987920	1.000000	37.480179	24.246689	3.729889	0.999717	0.920242	1.000001	0.879971	1.000000	0.879977	1.001799	0.000747	0.998038	0.000013	1.002453	0.000072	0.999066	0.000048	0.999392	0.000120	1356714122.988120	0.999949	50.231170	37.037931	2.018368	0.888565	0.916377	0.888565	0.916355	0.888565	0.916351	0.888567	0.916384	0.888562	0.916316	0.935998	0.000225	0.888565	0.916377	0.897308	0.996940	
1356714123.987920	1.000000	34.707596	21.466400	3.630814	0.999543	0.857716	0.999999	0.684111	1.000000	0.683857	0.999968	0.000922	0.999215	0.000057	0.999487	0.000109	0.996918	0.000014	0.999536	0.000040	1356714123.988119	0.999999	50.048021	36.844365	2.188067	0.909504	0.881436	0.909502	0.881415	0.909502	0.881412	0.909506	0.881445	0.909498	0.881375	0.886686	0.000218	0.909502	0.881425	0.919760	0.997512	
1356714124.987928	1.000008	34.833931	21.599022	3.575182	0.999499	0.862521	1.000001	0.712628	1.000000	0.712536	1.000541	0.000368	1.005101	0.000013	1.001137	0.000071	1.000637	0.000055	1.001631	0.000069	1356714124.988132	1.000013	50.097671	36.901143	1.890326	0.894728	0.909822	0.894726	0.909801	0.894726	0.909798	0.894729	0.909815	0.894725	0.909783	0.863429	0.002931	0.894732	0.909811	0.903792	0.997200	
1356714125.987920	0.999992	35.153071	21.919154	3.657271	0.999599	0.874662	1.000000	0.700437	0.999985	0.700171	1.000003	0.000265	0.994151	0.000059	0.999234	0.000105	1.012088	0.000013	1.002022	0.000050	1356714125.988119	0.999987	49.911665	36.732369	1.959025	0.896559	0.897546	0.896557	0.897523	0.896557	0.897521	0.896560	0.897553	0.896556	0.897516	0.915576	0.000272	0.896555	0.897535	0.906728	0.997278	
1356714126.987920	1.000000	38.361847	25.134659	3.750977	0.999900	0.962719	1.000000	0.962297	1.000000	0.962298	0.999742	0.000783	1.001903	0.000159	1.000227	0.000224	0.997186	0.000061	0.999129	0.000209	1356714126.988117	0.999998	50.627233	37.422343	1.985416	0.885628	0.959157	0.885629	0.959153	0.885628	0.959149	0.885631	0.959164	0.885627	0.959129	0.885644	0.000494	0.885630	0.959143	0.889886	0.996836	
1356714127.987920	1.000000	35.689209	22.451782	3.663895	0.999742	0.912029	1.000000	0.726163	1.000001	0.725959	1.000516	0.000559	1.000597	0.000058	0.998165	0.000111	1.003963	0.000008	1.000383	0.000038	1356714127.988122	1.000005	50.264565	37.064268	1.824835	0.895364	0.923266	0.895363	0.923243	0.895363	0.923243	0.895365	0.923254	0.895361	0.923219	0.920156	0.000241	0.895366	0.923245	0.902996	0.997199	
1356714128.987920	1.000000	36.031769	22.798935	3.662674	0.999821	0.908676	1.000000	0.728187	0.999999	0.728021	0.999513	0.000467	0.995172	0.000013	1.002263	0.000071	0.998573	0.000053	0.999161	0.000067	1356714128.988121	0.999999	50.306124	37.113713	1.849581	0.891456	0.925138	0.891454	0.925118	0.891453	0.925115	0.891455	0.925131	0.891451	0.925098	0.891872	0.000203	0.891452	0.925126	0.899103	0.997024	
1356714129.987920	1.000000	715771720.519104	715768404.691681	715764408.420212	0.999940	1.000830	0.999937	1.000832	0.999948	1.000832	0.999940	1.000830	0.999941	1.000835	0.999943	1.000828	0.999940	1.000834	0.999941	1.000833	1356714129.988012	0.999891	715889044.473971	715897595.320184	715904589.029099	0.999941	1.000832	0.999937	1.000829	3.896428	0.256846	0.999940	1.000830	0.999941	1.000836	0.999943	1.000828	0.999940	1.000832	0.999941	1.000835	
1356714130.987919	0.999999	0.000000	0.000000	0.000000	-nan	-nan	-nan	-nan	0.000000	inf	-nan	-nan	-nan	0.000000	0.000000	inf	-nan	-nan	-nan	-nan	1356714130.987990	0.999978	0.000000	0.000000	0.000000	-nan	-nan	-nan	-nan	0.000000	inf	-nan	-nan	-nan	-nan	-nan	-nan	-nan	-nan	-nan	-nan	
