ts_0	elapsed_0	pkg_0	pp0_0	dram_0	freq_ratio_0_0	c0_ratio_0_0	freq_ratio_0_1	c0_ratio_0_1	freq_ratio_0_2	c0_ratio_0_2	freq_ratio_0_3	c0_ratio_0_3	freq_ratio_0_4	c0_ratio_0_4	freq_ratio_0_5	c0_ratio_0_5	freq_ratio_0_6	c0_ratio_0_6	freq_ratio_0_7	c0_ratio_0_7	ts_1	elapsed_1	pkg_1	pp0_1	dram_1	freq_ratio_1_0	c0_ratio_1_0	freq_ratio_1_1	c0_ratio_1_1	freq_ratio_1_2	c0_ratio_1_2	freq_ratio_1_3	c0_ratio_1_3	freq_ratio_1_4	c0_ratio_1_4	freq_ratio_1_5	c0_ratio_1_5	freq_ratio_1_6	c0_ratio_1_6	freq_ratio_1_7	c0_ratio_1_7	
1356714117.976826	1.003842	33.834466	20.588271	3.088780	1.154193	0.331631	1.154202	0.330494	1.153911	0.328401	1.154995	0.334083	1.154733	0.332447	1.154279	0.330188	1.154917	0.332886	1.154105	0.329463	1356714117.976977	1.000409	37.553630	24.369811	2.123811	0.999986	0.421437	0.999912	0.423000	1.000002	0.420378	1.000002	0.351971	0.623406	0.000052	1.002964	0.000081	0.932506	0.000294	0.999788	0.952210	
1356714118.976822	0.999996	47.906429	34.652454	3.772522	0.764221	0.004530	0.999976	0.863563	1.000000	0.863507	0.999977	0.863565	1.000092	0.002547	0.700777	0.000018	1.000000	0.863508	1.000000	0.863506	1356714118.976971	0.999994	48.181424	35.020762	1.977429	1.000000	0.863583	1.000000	0.863569	1.000000	0.863551	1.000000	0.863566	1.003234	0.000050	0.997854	0.000012	0.999993	0.001592	1.000000	1.000000	
1356714119.976829	1.000007	48.442200	35.185868	3.816639	0.934429	0.009823	0.988033	0.871638	0.988058	0.871548	0.988034	0.871634	0.996885	0.003586	0.996277	0.003286	0.988052	0.871545	0.988051	0.871540	1356714119.976970	0.999999	48.620453	35.422702	2.183184	0.991370	0.871513	0.991370	0.871482	0.991369	0.871446	0.991370	0.871480	0.996872	0.003394	0.996693	0.003176	0.991296	0.003779	0.992472	0.999556	
1356714120.976822	0.999993	39.593307	26.336715	3.643855	0.678575	0.008536	0.997053	0.612864	0.997090	0.612714	0.997029	0.612867	0.979567	0.000099	0.899004	0.000074	0.997072	0.612774	0.997100	0.612708	1356714120.976953	0.999983	42.397858	29.194098	2.441371	0.997364	0.612826	0.997364	0.612848	0.997364	0.612796	0.997365	0.612856	0.973355	0.000101	0.965828	0.000081	0.996479	0.003092	0.998389	0.999919	
1356714121.976822	1.000000	46.494827	33.233902	3.731995	0.799877	0.005803	0.987293	0.843427	0.987304	0.843358	0.987276	0.843376	0.956707	0.000332	0.965902	0.000306	0.987304	0.843202	0.987303	0.843174	1356714121.977179	1.000226	47.613414	34.420870	2.039151	0.993809	0.843004	0.993808	0.842955	0.993808	0.842918	0.993808	0.842910	0.980180	0.000667	0.967463	0.000407	0.993432	0.005623	0.994780	0.999708	
1356714122.976822	1.000000	47.504288	34.255630	3.782898	0.804198	0.004918	0.992030	0.864554	0.992068	0.864506	0.992016	0.864648	0.955030	0.000278	0.961116	0.000230	0.992069	0.864657	0.992068	0.864681	1356714122.976976	0.999797	48.332667	35.135532	2.136756	0.996109	0.864896	0.996109	0.864909	0.996108	0.864882	0.996108	0.864952	0.968961	0.000288	0.967139	0.000260	0.993879	0.004137	0.996630	0.999898	
1356714123.976821	0.999999	41.210397	27.941509	3.701099	0.663741	0.007312	0.998467	0.680481	0.998471	0.680459	0.998468	0.680496	0.982666	0.000096	0.890063	0.000084	0.998502	0.680404	0.998480	0.680449	1356714123.976969	0.999993	43.872633	30.666899	2.416246	0.998802	0.680526	0.998802	0.680462	0.998802	0.680453	0.998803	0.680699	0.967595	0.000055	0.981944	0.000097	0.998248	0.003423	0.999188	0.999921	
1356714124.976822	1.000001	42.702153	29.435671	3.645474	0.658522	0.005982	0.997792	0.713436	0.997822	0.713386	0.997793	0.713435	0.776311	0.000114	0.881018	0.000061	0.997822	0.713386	0.997823	0.713384	1356714124.976942	0.999973	45.009040	31.812350	2.124813	1.000000	0.713456	1.000000	0.713442	1.000000	0.713426	1.000000	0.713441	0.999985	0.000053	0.996928	0.000012	0.999973	0.003827	1.000000	1.000000	
1356714125.976822	1.000000	41.965042	28.700165	3.684906	0.709728	0.006920	0.986986	0.698597	0.987014	0.698539	0.986987	0.698589	0.909254	0.000318	0.959609	0.000273	0.987014	0.698535	0.987014	0.698534	1356714125.976970	1.000028	44.517252	31.375727	2.243956	0.994285	0.698680	0.994285	0.698706	0.994284	0.698646	0.994285	0.698663	0.963129	0.000268	0.968055	0.000298	0.990778	0.003166	0.996006	0.999863	
1356714126.976822	1.000000	50.280518	37.010269	3.775894	0.965662	0.006954	0.991615	0.941991	0.991614	0.941953	0.991614	0.941990	0.952836	0.000373	0.957358	0.000230	0.991611	0.941952	0.991611	0.941950	1356714126.976972	1.000002	49.528775	36.284370	2.099178	1.000000	0.942174	1.000000	0.942173	1.000000	0.942141	1.000000	0.942172	1.000052	0.000184	1.000321	0.000048	0.999974	0.001358	1.000000	1.000000	
1356714127.976822	1.000000	43.269272	30.002625	3.504044	0.797830	0.004297	0.987883	0.720134	0.987903	0.720090	0.987872	0.720147	0.965426	0.000342	0.960337	0.000287	0.987907	0.720087	0.987907	0.720087	1356714127.976941	0.999969	44.692853	31.494552	2.068866	0.991353	0.719941	0.991353	0.719927	0.991353	0.719907	0.991353	0.719923	0.962046	0.000511	0.962114	0.000491	0.992093	0.002857	0.993773	0.999662	
1356714128.976821	0.999999	42.325556	29.072324	3.730716	0.658501	0.006049	0.983830	0.717476	0.983867	0.717425	0.983818	0.717495	0.890688	0.000409	0.945234	0.000316	0.983851	0.717446	0.983868	0.717424	1356714128.976967	1.000026	45.076770	31.881831	2.224292	0.994574	0.717617	0.994574	0.717602	0.994574	0.717586	0.994574	0.717601	0.968059	0.000281	0.963267	0.000241	0.992381	0.004275	0.996106	0.999842	
1356714129.976829	1.000008	715807942.966344	715811647.985672	715767362.592417	0.999938	1.000813	0.999935	1.000817	0.999946	1.000817	0.999937	1.000810	0.999937	1.000815	0.999941	1.000813	0.999937	1.000814	0.999938	1.000816	1356714129.976924	0.999957	715830496.617458	715854896.193993	715807295.963637	0.999938	1.000815	0.999935	1.000814	3.896597	0.256830	0.999937	1.000808	0.999937	1.000815	0.999941	1.000813	0.999937	1.000814	0.999939	1.000818	
1356714130.976821	0.999992	0.000000	0.000000	0.000000	-nan	-nan	-nan	-nan	0.000000	inf	-nan	-nan	-nan	0.000000	0.000000	inf	-nan	-nan	-nan	-nan	1356714130.976893	0.999969	0.000000	0.000000	0.000000	-nan	-nan	-nan	-nan	0.000000	inf	-nan	-nan	-nan	-nan	-nan	-nan	-nan	-nan	-nan	-nan	
