ts_0	elapsed_0	pkg_0	pp0_0	dram_0	freq_ratio_0_0	c0_ratio_0_0	freq_ratio_0_1	c0_ratio_0_1	freq_ratio_0_2	c0_ratio_0_2	freq_ratio_0_3	c0_ratio_0_3	freq_ratio_0_4	c0_ratio_0_4	freq_ratio_0_5	c0_ratio_0_5	freq_ratio_0_6	c0_ratio_0_6	freq_ratio_0_7	c0_ratio_0_7	ts_1	elapsed_1	pkg_1	pp0_1	dram_1	freq_ratio_1_0	c0_ratio_1_0	freq_ratio_1_1	c0_ratio_1_1	freq_ratio_1_2	c0_ratio_1_2	freq_ratio_1_3	c0_ratio_1_3	freq_ratio_1_4	c0_ratio_1_4	freq_ratio_1_5	c0_ratio_1_5	freq_ratio_1_6	c0_ratio_1_6	freq_ratio_1_7	c0_ratio_1_7	
1354694953.706161	1.002138	42.795349	29.392347	3.714364	1.156440	0.401000	1.153839	0.385067	1.158129	0.406876	1.156668	0.401639	1.154238	0.388512	1.156158	0.399960	1.155974	0.392434	1.155376	0.393690	1354694953.706359	1.000495	53.022599	39.318445	6.401723	0.998952	0.009722	0.999959	0.945937	0.999982	0.945823	1.000001	0.942338	1.003682	0.000072	1.000001	0.936445	1.003147	0.000084	0.999746	0.946886	
1354694954.706107	0.999946	45.184930	31.737367	3.851434	1.000003	0.214842	1.000000	1.000000	1.000001	1.000000	1.000001	1.000000	0.992132	0.000074	1.011455	0.000013	1.000758	0.000121	1.006052	0.000013	1354694954.706278	0.999919	53.545783	39.702819	7.474468	1.000627	0.000070	1.000000	0.785227	1.000000	1.000000	1.000000	1.000000	0.998754	0.000012	1.000000	1.000000	0.999657	0.000061	1.000000	1.000000	
1354694955.706106	0.999999	50.428301	36.958791	3.776920	1.000000	1.000000	1.000000	1.000000	0.999999	0.999999	1.000000	1.000000	1.000324	0.000440	0.999873	0.000051	1.000033	0.000468	0.999979	0.000054	1354694955.706279	1.000001	48.340179	34.529996	7.283547	0.999986	0.000108	1.000246	0.000052	1.000000	1.000000	1.000000	1.000000	0.999200	0.000047	1.000000	1.000000	1.000823	0.000037	1.000000	1.000000	
1354694956.706106	1.000000	50.513657	37.036713	3.794952	1.000000	1.000000	1.000000	1.000000	1.000000	1.000000	1.000000	1.000000	0.999889	0.002485	0.993854	0.000013	0.999777	0.000121	0.996322	0.000013	1354694956.706282	1.000003	48.396655	34.576843	7.322319	1.000017	0.000067	0.997014	0.000011	1.000000	1.000000	1.000000	1.000000	1.004143	0.000011	1.000000	1.000000	0.999952	0.000089	1.000000	1.000000	
1354694957.706106	1.000000	50.474289	36.981506	3.945557	1.000000	1.000000	1.000000	1.000000	1.000000	1.000000	1.000001	1.000000	1.000125	0.000382	0.999930	0.000049	0.999472	0.000103	1.000734	0.000047	1354694957.706275	0.999993	48.462798	34.592463	7.489264	0.999683	0.000103	1.000557	0.000055	1.000000	1.000000	1.000000	1.000000	0.999451	0.000047	1.000000	1.000000	0.999790	0.000037	1.000000	1.000000	
1354694958.706108	1.000002	50.507258	37.041418	3.834404	1.000000	0.999576	1.000000	1.000000	1.000000	1.000000	0.999999	1.000000	0.999785	0.000335	1.006805	0.000013	1.000703	0.000139	1.000144	0.000013	1354694958.706279	1.000004	48.423342	34.599133	7.304398	0.999307	0.000066	1.000623	0.000012	1.000000	1.000000	1.000000	0.999539	1.003212	0.000011	1.000000	0.999538	0.999814	0.000083	1.000000	0.999736	
1354694959.706106	0.999998	50.558278	37.100626	3.772422	1.000000	1.000000	1.000001	1.000000	1.000000	1.000000	1.000000	1.000000	1.000142	0.000425	1.000076	0.000121	0.999924	0.000142	1.000231	0.000053	1354694959.706276	0.999997	48.398343	34.593110	7.264763	1.000710	0.000102	0.999450	0.000054	1.000000	1.000000	1.000000	1.000000	0.999750	0.000046	1.000000	1.000000	1.000211	0.000037	1.000000	1.000000	
1354694960.706106	1.000000	50.553101	37.104767	3.842896	1.000000	1.000000	1.000000	0.999999	1.000001	1.000000	1.000000	1.000000	0.999934	0.000375	1.000175	0.000013	0.999950	0.000431	1.006039	0.000013	1354694960.706275	0.999999	48.494614	34.657000	7.288139	1.000080	0.000067	1.003236	0.000012	1.000000	1.000000	1.000000	1.000000	1.000965	0.000011	1.000000	1.000000	0.999944	0.000123	1.000000	1.000000	
1354694961.706106	1.000000	50.539841	37.110107	3.780396	0.999999	1.000000	1.000000	1.000001	1.000000	1.000000	1.000000	1.000000	1.000138	0.000365	0.988618	0.000048	0.999537	0.000102	0.986968	0.000047	1354694961.706278	1.000003	48.500216	34.679214	7.209862	0.999589	0.000102	0.999958	0.000055	1.000000	1.000000	1.000000	1.000000	0.999585	0.000045	1.000000	1.000000	0.999764	0.000036	1.000000	1.000000	
1354694962.706106	1.000000	50.603104	37.151505	3.836716	1.000000	1.000000	1.000000	1.000000	1.000000	1.000000	1.000001	1.000000	1.000202	0.000326	1.002055	0.000014	1.000206	0.000110	0.999070	0.000015	1354694962.706274	0.999996	48.507155	34.656085	7.448043	0.999601	0.000067	0.999275	0.000012	1.000000	1.000000	1.000000	1.000000	0.999647	0.000012	1.000000	1.000000	0.991710	0.000062	1.000000	1.000000	
1354694963.706106	1.000000	50.711700	37.267410	3.754623	1.000000	1.000000	1.000000	1.000000	1.000000	1.000000	0.999999	1.000000	0.999644	0.000399	1.004525	0.000063	1.000013	0.000175	1.008189	0.000065	1354694963.706271	0.999997	48.476423	34.675309	7.097480	1.000218	0.000118	0.999972	0.000069	1.000000	1.000000	1.000000	1.000000	0.999812	0.000066	1.000000	1.000000	1.006983	0.000072	1.000000	1.000000	
1354694964.706107	1.000001	50.702100	37.250926	3.740521	1.000001	1.000000	1.000000	1.000000	1.000000	1.000000	1.000000	1.000000	1.000047	0.000385	1.016795	0.000013	0.999686	0.000127	1.003540	0.000013	1354694964.706266	0.999995	48.455702	34.652517	7.092824	1.000614	0.000067	1.000000	0.000012	1.000000	1.000000	1.000000	1.000000	1.001225	0.000012	1.000000	1.000000	1.001005	0.000079	1.000000	1.000000	
1354694965.706106	0.999999	50.754229	37.305837	3.738621	1.000000	1.000000	1.000000	1.000000	1.000000	1.000000	0.999999	0.999999	1.000418	0.000431	0.999201	0.000046	1.000129	0.000397	0.998492	0.000047	1354694965.706274	1.000008	48.471729	34.675958	7.147113	0.999906	0.000103	0.999866	0.000052	1.000000	1.000000	1.000000	1.000000	1.000614	0.000045	1.000000	1.000000	0.998683	0.000036	1.000000	1.000000	
1354694966.706106	1.000000	50.774918	37.318008	3.776535	1.000000	1.000000	1.000000	1.000000	1.000000	1.000000	1.000000	1.000000	0.999972	0.002398	1.005934	0.000013	1.000057	0.000107	1.003205	0.000013	1354694966.706270	0.999996	48.477736	34.674411	7.147307	0.999347	0.000067	1.000141	0.000011	1.000000	1.000000	1.000000	1.000000	0.997891	0.000011	1.000000	1.000000	0.999975	0.000061	1.000000	1.000000	
1354694967.706106	1.000000	50.737991	37.265869	3.857483	1.000000	1.000000	0.999999	1.000000	1.000000	1.000000	1.000000	1.000000	1.000286	0.000377	1.000184	0.000046	1.000344	0.000102	0.999503	0.000048	1354694967.706270	1.000000	48.527710	34.663422	7.657227	1.000298	0.000102	1.000106	0.000055	1.000000	1.000000	1.000000	1.000000	0.999966	0.000045	1.000000	1.000000	0.999785	0.000036	1.000000	1.000000	
1354694968.706106	1.000000	50.715561	37.260223	3.770401	1.000000	1.000000	1.000000	1.000000	1.000000	1.000000	1.000000	1.000000	0.999558	0.000339	0.994886	0.000013	0.999615	0.000144	1.004918	0.000013	1354694968.706275	1.000005	48.426271	34.622797	7.454827	0.999536	0.000067	0.998645	0.000012	1.000000	1.000000	1.000000	1.000000	1.000452	0.000012	1.000000	1.000000	0.999934	0.000093	1.000000	1.000000	
1354694969.706106	1.000000	51.148315	37.685196	3.776169	1.000000	1.000000	1.000000	1.000000	1.000000	1.000000	1.000000	1.000000	0.999985	0.003328	1.000030	0.002900	0.999982	0.003101	0.999977	0.002857	1354694969.706272	0.999997	49.287552	35.506763	7.263755	1.000002	0.003879	1.000005	0.002911	1.000000	1.000000	1.000000	1.000000	0.999982	0.002793	1.000000	1.000000	1.000000	0.002783	1.000000	1.000000	
1354694970.706106	1.000000	50.780792	37.307571	3.772308	0.999979	0.999939	1.000000	0.999887	1.000000	0.999885	0.999999	0.999888	1.000308	0.000387	0.989134	0.000013	1.000034	0.000403	1.000647	0.000013	1354694970.706275	1.000003	48.489443	34.686752	7.351753	1.000622	0.000068	0.998339	0.000011	1.000000	1.000000	1.000000	1.000000	1.004516	0.000012	1.000000	1.000000	1.000042	0.000064	1.000000	1.000000	
1354694971.706106	1.000000	50.822327	37.347092	3.813690	1.000000	1.000000	1.000000	1.000000	1.000000	1.000000	1.000000	1.000000	0.999979	0.000410	1.000912	0.000047	0.999611	0.000103	0.987173	0.000049	1354694971.706275	1.000000	48.558228	34.738922	7.376328	0.999931	0.000106	1.000000	0.000055	1.000000	1.000000	1.000000	1.000000	0.999679	0.000048	1.000000	1.000000	0.999412	0.000036	1.000000	1.000000	
1354694972.706106	1.000000	50.841705	37.368622	3.811127	1.000000	1.000000	1.000000	1.000000	1.000000	1.000000	1.000001	1.000000	0.999733	0.000331	1.003536	0.000013	1.000160	0.000149	1.002477	0.000241	1354694972.706277	1.000002	48.535064	34.732920	7.315446	0.999808	0.000066	1.000863	0.000012	1.000000	1.000000	1.000000	1.000000	1.000422	0.000012	1.000000	1.000000	1.000766	0.000069	1.000000	1.000000	
1354694973.706106	1.000000	50.781250	37.309296	3.792633	1.000000	1.000001	1.000000	1.000000	1.000001	1.000000	0.999999	1.000000	1.000332	0.000379	0.991532	0.000048	1.000067	0.000127	0.997812	0.000262	1354694973.706275	0.999998	48.528749	34.742101	7.198134	1.000147	0.000102	0.999169	0.000055	1.000000	1.000000	1.000000	1.000000	0.999347	0.000047	1.000000	1.000000	0.998999	0.000058	1.000000	1.000000	
1354694974.706106	1.000000	50.846298	37.371292	3.767929	1.000000	1.000000	1.000000	1.000000	0.999999	0.999999	1.000001	1.000000	0.999762	0.000341	0.989825	0.000015	1.000213	0.000116	1.008906	0.000015	1354694974.706278	1.000003	48.536822	34.752669	7.241814	0.999959	0.000066	1.002904	0.000012	1.000000	1.000000	1.000000	1.000000	1.001604	0.000012	1.000000	1.000000	0.991971	0.000063	1.000000	1.000000	
1354694975.706106	1.000000	50.899338	37.419800	3.776138	1.000000	1.000000	1.000000	1.000000	1.000000	1.000000	1.000000	1.000000	0.999470	0.000435	1.007240	0.000062	1.000161	0.000425	1.006978	0.000063	1354694975.706274	0.999996	48.532927	34.736362	7.257125	0.999958	0.000121	1.000099	0.000070	1.000000	1.000000	1.000000	1.000000	1.000369	0.000068	1.000000	1.000000	1.009740	0.000051	1.000000	1.000000	
1354694976.706106	1.000000	50.941589	37.459930	3.766296	1.000000	1.000000	1.000001	1.000000	1.000000	1.000000	1.000000	1.000000	1.000078	0.002747	1.004663	0.000013	0.999517	0.000134	0.994938	0.000014	1354694976.706274	1.000000	48.503571	34.732819	7.225021	1.000034	0.000067	1.000071	0.000011	1.000000	1.000000	1.000000	1.000000	0.995869	0.000011	1.000000	1.000000	1.000528	0.000075	1.000000	1.000000	
1354694977.706106	1.000000	50.870285	37.396606	3.779755	1.000000	0.999689	1.000000	1.000000	1.000001	1.000001	1.000000	1.000000	0.999968	0.000374	1.004040	0.000047	0.999383	0.000104	1.001745	0.000047	1354694977.706273	0.999999	48.531861	34.722232	7.402152	1.000030	0.000103	0.999828	0.000054	1.000000	0.999546	1.000000	1.000000	1.000807	0.000045	1.000000	1.000000	0.999508	0.000036	1.000000	1.000000	
1354694978.706106	1.000000	50.932693	37.439178	3.846466	1.000000	1.000000	0.999999	1.000000	1.000000	1.000000	1.000000	1.000000	0.999775	0.000338	0.986586	0.000013	1.001095	0.000139	1.001604	0.000013	1354694978.706284	1.000011	48.570695	34.764328	7.298092	0.999248	0.000067	1.000262	0.000012	1.000000	1.000000	1.000000	1.000000	0.999904	0.000012	1.000000	1.000000	1.000059	0.000085	1.000000	1.000000	
1354694979.706106	1.000000	50.941513	37.453537	3.830231	1.000000	1.000000	1.000000	1.000000	1.000000	1.000000	1.000000	1.000000	1.000136	0.000988	0.998927	0.000047	0.998828	0.000103	0.998677	0.000048	1354694979.706271	0.999987	48.575832	34.776930	7.325749	1.000499	0.000102	1.000105	0.000055	1.000000	1.000000	1.000000	1.000000	1.000008	0.000046	1.000000	1.000000	0.999521	0.000036	1.000000	1.000000	
1354694980.706106	1.000000	50.955215	37.465805	3.775330	1.000000	1.000000	1.000000	1.000000	1.000000	1.000000	1.000000	1.000000	0.999790	0.000401	0.998262	0.000013	0.999995	0.000422	1.001882	0.000033	1354694980.706277	1.000006	48.564774	34.782782	7.247409	0.999282	0.000067	0.999862	0.000034	1.000000	1.000000	1.000000	1.000000	1.000255	0.000012	1.000000	1.000000	1.000372	0.000100	1.000000	1.000000	
1354694981.706106	1.000000	50.988297	37.488861	3.828537	1.000000	1.000000	1.000001	1.000000	1.000000	1.000000	1.000000	1.000000	0.999619	0.000415	1.001137	0.000058	1.000597	0.000101	1.001078	0.000063	1354694981.706274	0.999997	48.567457	34.750367	7.454979	1.000468	0.000102	1.000134	0.000078	1.000000	1.000000	1.000000	1.000000	0.999195	0.000046	1.000000	1.000000	0.999797	0.000046	1.000000	1.000000	
1354694982.706106	1.000000	50.968628	37.468903	3.863174	0.999999	1.000000	0.999999	1.000000	1.000000	1.000000	1.000000	1.000000	1.000350	0.000380	1.002169	0.000021	0.999641	0.000141	0.996845	0.000020	1354694982.706282	1.000008	48.553836	34.748788	7.334673	0.999759	0.000080	0.997504	0.000006	1.000000	1.000000	1.000000	1.000000	1.000690	0.000045	1.000000	1.000000	0.999702	0.000075	1.000000	1.000000	
1354694983.706106	1.000000	50.920593	37.418900	3.884140	1.000000	1.000000	0.999999	1.000000	0.999999	1.000000	1.000000	1.000000	0.999873	0.000392	0.995673	0.000047	0.998701	0.000158	0.994258	0.000048	1354694983.706284	1.000002	48.598662	34.768733	7.537797	0.999676	0.000104	0.999704	0.000059	1.000000	1.000000	1.000000	1.000000	0.999938	0.000044	1.000000	1.000000	1.000514	0.000058	1.000000	1.000000	
1354694984.706108	1.000002	50.959299	37.468862	3.807198	1.000000	1.000001	1.000000	1.000000	1.000001	0.999896	1.000000	1.000000	1.000310	0.000383	1.012303	0.000013	1.001532	0.000125	1.025094	0.000013	1354694984.706281	0.999997	48.578520	34.810228	7.065757	1.000012	0.000067	1.004702	0.000011	1.000000	0.999893	1.000000	0.999892	0.999741	0.000012	1.000000	0.999878	0.999659	0.000072	0.999982	0.999939	
1354694985.706106	0.999998	50.933309	37.444178	3.769874	1.000000	1.000000	1.000001	1.000000	1.000000	1.000000	1.000000	1.000000	0.999836	0.000414	0.987525	0.000047	0.999977	0.000405	0.987184	0.000047	1354694985.706279	0.999998	48.503907	34.728200	7.221571	0.999973	0.000102	0.999284	0.000054	1.000000	1.000000	1.000000	1.000000	1.000103	0.000045	1.000000	1.000000	0.999498	0.000037	1.000000	1.000000	
1354694986.706106	1.000000	50.985077	37.488098	3.770279	1.000000	1.000000	1.000000	1.000000	1.000000	1.000000	1.000000	1.000000	0.999992	0.002340	0.998022	0.000014	0.999937	0.000110	1.008396	0.000015	1354694986.706278	0.999999	48.593354	34.799090	7.326194	1.000533	0.000069	1.000904	0.000011	1.000000	1.000000	1.000000	1.000000	0.996503	0.000011	1.000000	1.000000	0.992257	0.000064	1.000000	1.000000	
1354694987.706106	1.000000	50.980804	37.479797	3.832626	1.000000	1.000000	1.000000	1.000000	1.000000	1.000000	1.000000	1.000000	1.000121	0.000400	1.008802	0.000061	1.000096	0.000121	1.005294	0.000062	1354694987.706272	0.999994	48.561325	34.747369	7.444487	0.999696	0.000120	0.999849	0.000069	1.000000	1.000000	1.000000	1.000000	1.000424	0.000068	1.000000	1.000000	1.010278	0.000050	1.000000	1.000000	
1354694988.706106	1.000000	50.962112	37.475327	3.839844	0.999982	0.999752	1.000000	0.999698	1.000000	0.999698	1.000000	0.999700	0.999922	0.000333	1.004127	0.000013	0.999786	0.000148	1.006262	0.000013	1354694988.706271	0.999999	48.540238	34.748904	7.249503	1.000561	0.000069	1.000433	0.000011	1.000000	0.999710	1.000000	1.000000	0.999930	0.000011	1.000000	1.000000	1.000047	0.000099	1.000000	1.000000	
1354694989.706106	1.000000	51.003281	37.497910	3.820633	1.000000	1.000000	1.000000	1.000000	1.000000	1.000000	1.000000	1.000000	1.000454	0.000377	0.998688	0.000047	1.000212	0.000105	0.995741	0.000046	1354694989.706278	1.000007	48.586044	34.779606	7.370280	0.999985	0.000103	1.000139	0.000053	1.000000	1.000000	1.000000	1.000000	1.000454	0.000044	1.000000	1.000000	0.999946	0.000036	1.000000	1.000000	
1354694990.706106	1.000000	51.002213	37.498505	3.747787	1.000000	1.000000	1.000000	1.000000	1.000000	1.000000	1.000000	1.000000	0.999432	0.000388	1.003305	0.000013	0.999969	0.000424	1.016667	0.000013	1354694990.706274	0.999996	48.547423	34.739673	7.440948	1.000063	0.000067	0.999533	0.000011	1.000000	1.000000	1.000000	1.000000	0.996964	0.000012	1.000000	1.000000	0.999956	0.000062	1.000000	1.000000	
1354694991.706106	1.000000	51.004761	37.499054	3.872589	1.000000	1.000000	1.000000	1.000000	1.000000	1.000000	1.000000	1.000000	1.000060	0.000362	0.999297	0.000047	1.000754	0.000103	0.998525	0.000049	1354694991.706270	0.999996	48.611388	34.792362	7.367294	1.000030	0.000103	1.000532	0.000053	1.000000	1.000000	1.000000	1.000000	0.999888	0.000045	1.000000	1.000000	1.000288	0.000036	1.000000	1.000000	
1354694992.706106	1.000000	51.023102	37.516846	3.879517	1.000000	1.000000	1.000000	1.000000	1.000000	1.000000	1.000000	1.000000	1.000110	0.000344	1.000584	0.000013	0.999353	0.000118	0.995815	0.000013	1354694992.706275	1.000005	48.583466	34.768381	7.355874	0.999173	0.000067	0.995498	0.000011	1.000000	1.000000	1.000000	1.000000	1.003726	0.000012	1.000000	1.000000	0.999814	0.000070	1.000000	1.000000	
1354694993.706106	1.000000	51.027527	37.534775	3.769745	1.000000	1.000000	1.000000	1.000000	1.000000	1.000000	1.000000	1.000000	0.999800	0.000377	1.002108	0.000046	0.999997	0.000148	1.003519	0.000045	1354694993.706277	1.000002	48.562774	34.797511	7.104936	0.999974	0.000103	1.000066	0.000053	1.000000	1.000000	1.000000	1.000000	0.999558	0.000045	1.000000	1.000000	0.999585	0.000059	1.000000	1.000000	
1354694994.706106	1.000000	53.261856	39.752167	3.881256	1.000000	1.000000	1.000000	1.000000	1.000000	1.000000	1.000000	1.000000	1.000015	0.003211	0.999800	0.002752	1.000005	0.003053	0.999988	0.002569	1354694994.706256	0.999979	52.001808	38.178154	7.449177	1.000012	0.003748	0.999807	0.002751	1.000000	1.000000	1.000000	1.000000	0.999802	0.002725	1.000000	1.000000	1.000005	0.002729	1.000000	1.000000	
1354694995.706106	1.000000	50.934387	37.428665	3.800873	1.000000	1.000000	1.000000	1.000000	1.000000	1.000000	0.999999	1.000000	1.000103	0.000434	1.009915	0.000048	0.999956	0.000408	0.999255	0.000053	1354694995.706275	1.000019	48.610218	34.809761	7.356992	0.999970	0.000103	1.008888	0.000060	1.000000	1.000000	1.000000	1.000000	1.011251	0.000050	1.000000	1.000000	1.000380	0.000037	1.000000	1.000000	
1354694996.706106	1.000000	50.839920	37.332077	3.785660	1.000000	1.000000	0.999999	1.000000	1.000000	1.000000	1.000000	1.000000	0.999966	0.002365	1.002131	0.000013	1.001090	0.000115	0.999681	0.000013	1354694996.706280	1.000005	48.612839	34.826333	7.232309	0.999343	0.000067	1.000193	0.000012	1.000000	1.000000	1.000000	1.000000	0.994926	0.000012	1.000000	1.000000	0.999091	0.000069	1.000000	1.000000	
1354694997.706106	1.000000	50.862564	37.354813	3.807953	1.000001	1.000000	1.000000	1.000000	1.000000	1.000000	1.000000	1.000000	0.999839	0.000385	0.989990	0.000049	0.998948	0.000104	0.987436	0.000048	1354694997.706276	0.999996	48.532194	34.746921	7.359344	1.000029	0.000105	1.000447	0.000055	1.000000	1.000000	1.000000	1.000000	1.000904	0.000047	1.000000	1.000000	1.001379	0.000036	1.000000	1.000000	
1354694998.706106	1.000000	50.874481	37.358444	3.792923	1.000000	1.000000	1.000000	1.000000	1.000000	1.000000	1.000000	1.000000	1.000383	0.000351	0.989654	0.000015	0.999973	0.000173	1.003704	0.000014	1354694998.706284	1.000008	48.594806	34.778115	7.354478	1.000431	0.000067	0.997347	0.000012	1.000000	1.000000	1.000000	1.000000	0.997423	0.000011	1.000000	1.000000	0.993795	0.000086	1.000000	1.000000	
1354694999.706106	1.000000	50.915634	37.425781	3.787949	1.000000	1.000000	1.000000	1.000000	1.000000	1.000000	1.000001	1.000000	1.000472	0.000386	1.009876	0.000062	1.000260	0.000120	1.009087	0.000062	1354694999.706272	0.999988	48.605102	34.817004	7.254115	1.000078	0.000124	1.000027	0.000071	1.000000	1.000000	1.000000	1.000000	1.000327	0.000068	1.000000	1.000000	1.010153	0.000050	1.000000	1.000000	
1354695000.706106	1.000000	50.812439	37.304626	3.762985	1.000000	1.000000	1.000000	1.000000	1.000000	1.000000	1.000000	1.000000	0.999429	0.000390	1.014906	0.000013	0.999867	0.000441	0.998738	0.000013	1354695000.706276	1.000004	48.581895	34.805630	7.179780	0.999281	0.000067	1.000424	0.000012	1.000000	1.000000	1.000000	1.000000	0.997581	0.000011	1.000000	1.000000	1.000176	0.000075	1.000000	1.000000	
1354695001.706106	1.000000	51.270966	37.761398	3.820679	1.000000	1.000000	1.000000	1.000000	1.000000	1.000000	0.999999	1.000000	0.999854	0.001030	0.999998	0.072798	1.001623	0.000104	1.000391	0.000048	1354695001.706274	0.999998	48.722764	34.924078	7.323516	1.000038	0.001071	0.999963	0.018600	1.000000	1.000000	1.000000	1.000000	1.000592	0.000047	1.000000	1.000000	1.000446	0.000038	1.000000	1.000000	
1354695002.706106	1.000000	50.821259	37.301025	3.847260	1.000000	1.000000	1.000000	1.000000	1.000000	1.000000	1.000001	1.000000	1.000146	0.000401	0.995254	0.000008	0.998836	0.000111	0.997062	0.000013	1354695002.706273	0.999999	48.981843	35.154437	7.482093	1.000000	0.067302	1.000294	0.000224	1.000000	1.000000	1.000000	1.000000	0.999902	0.000012	1.000000	1.000000	0.999530	0.000062	1.000000	1.000000	
1354695003.706106	1.000000	50.839813	37.336365	3.776779	1.000000	1.000000	1.000001	1.000000	1.000000	1.000000	1.000000	1.000000	0.999910	0.000728	1.000852	0.000067	0.999733	0.000131	1.000095	0.000049	1354695003.706272	0.999999	48.569275	34.791247	7.139259	0.999683	0.000107	1.000199	0.000177	1.000000	1.000000	1.000000	1.000000	0.999975	0.000046	1.000000	1.000000	0.999776	0.000059	1.000000	1.000000	
1354695004.706106	1.000000	50.749542	37.217758	3.895538	1.000000	1.000000	0.999999	1.000000	1.000000	1.000000	1.000000	1.000000	0.999973	0.000340	0.995827	0.000013	1.000091	0.000123	1.005061	0.000013	1354695004.706277	1.000005	48.642838	34.794717	7.563011	1.000562	0.000067	1.017003	0.000031	1.000000	1.000000	1.000000	1.000000	1.000643	0.000012	1.000000	1.000000	1.000153	0.000076	1.000000	1.000000	
1354695005.706106	1.000000	50.792801	37.276505	3.790222	1.000000	1.000000	1.000000	1.000000	1.000000	1.000000	1.000000	1.000000	1.000464	0.000489	0.997576	0.000053	0.999998	0.000416	0.999831	0.000046	1354695005.706275	0.999998	48.623079	34.817159	7.416350	0.999612	0.000114	1.000380	0.000077	1.000000	1.000000	1.000000	1.000000	1.000098	0.000047	1.000000	1.000000	0.999433	0.000037	1.000000	1.000000	
1354695006.706108	1.000002	50.765757	37.252096	3.826577	1.000000	1.000000	1.000000	0.999929	1.000001	1.000000	0.999999	1.000000	0.999969	0.002348	1.008677	0.000013	0.999964	0.000108	0.993742	0.000013	1354695006.706284	1.000009	48.596072	34.816152	7.112561	1.000075	0.000067	0.996573	0.000012	1.000000	0.999930	1.000000	0.999929	0.999462	0.000012	1.000000	0.999928	1.000881	0.000063	1.000000	0.999965	
1354695007.706106	0.999998	50.694188	37.190592	3.764106	1.000000	1.000000	1.000000	1.000000	1.000000	1.000001	1.000000	1.000000	1.000075	0.000359	0.999445	0.000054	1.000998	0.000103	0.998896	0.000050	1354695007.706272	0.999988	48.541228	34.769168	7.138772	0.999927	0.000110	1.000039	0.000069	1.000000	1.000000	1.000000	1.000000	1.000119	0.000045	1.000000	1.000000	0.998461	0.000037	1.000000	1.000000	
1354695008.706106	1.000000	50.684845	37.163635	3.806290	1.000000	1.000000	1.000000	1.000000	1.000000	1.000000	1.000000	1.000000	0.999792	0.000341	0.996780	0.000013	0.999450	0.000154	1.006205	0.000014	1354695008.706274	1.000002	48.553771	34.758540	7.227525	1.000637	0.000067	1.000574	0.000011	1.000000	1.000000	1.000000	1.000000	0.997035	0.000012	1.000000	1.000000	1.000376	0.000115	1.000000	1.000000	
1354695009.706106	1.000000	50.701981	37.174332	3.796844	1.000000	1.000000	1.000000	1.000000	1.000000	1.000000	1.000000	1.000000	0.999880	0.000994	0.991641	0.000049	0.999645	0.000104	0.987665	0.000046	1354695009.706279	1.000005	48.611695	34.799157	7.424920	0.999979	0.000109	0.999787	0.000058	1.000000	1.000000	1.000000	1.000000	0.999890	0.000046	1.000000	1.000000	0.999969	0.000037	1.000000	1.000000	
1354695010.706106	1.000000	50.796066	37.264938	3.790421	1.000000	1.000000	1.000000	1.000000	1.000000	1.000000	1.000000	1.000000	1.000572	0.000385	1.008777	0.000014	1.000254	0.000405	0.998843	0.000014	1354695010.706278	0.999999	48.588303	34.763720	7.471000	0.999345	0.000067	1.000744	0.000012	1.000000	1.000000	1.000000	1.000000	1.003937	0.000012	1.000000	1.000000	0.991690	0.000063	1.000000	1.000000	
1354695011.706106	1.000000	50.713058	37.174530	3.800552	1.000000	1.000000	1.000000	1.000000	1.000000	1.000000	1.000000	1.000000	0.999676	0.000399	1.005060	0.000063	0.999319	0.000116	1.008329	0.000064	1354695011.706275	0.999997	48.602827	34.772691	7.536278	1.000328	0.000124	0.999827	0.000074	1.000000	1.000000	1.000000	1.000000	0.999565	0.000066	1.000000	1.000000	1.010178	0.000050	1.000000	1.000000	
1354695012.706106	1.000000	50.697235	37.172699	3.829193	1.000000	1.000000	1.000000	1.000000	1.000000	1.000000	1.000000	1.000000	1.000156	0.000350	1.002451	0.000013	1.000199	0.000153	0.999477	0.000013	1354695012.706278	1.000003	48.576815	34.791793	7.178826	1.000081	0.000067	1.000424	0.000012	1.000000	1.000000	1.000000	1.000000	1.001641	0.000012	1.000000	1.000000	1.000249	0.000087	1.000000	1.000000	
1354695013.706106	1.000000	50.748489	37.219681	3.814758	1.000000	1.000000	1.000000	1.000000	1.000000	1.000000	1.000000	1.000000	0.999850	0.000386	1.000513	0.000048	0.999483	0.000125	1.001102	0.000046	1354695013.706281	1.000003	48.642702	34.838881	7.316963	0.999989	0.000102	1.000000	0.000058	1.000000	1.000000	1.000000	1.000000	0.999802	0.000045	1.000000	1.000000	0.999512	0.000058	1.000000	1.000000	
1354695014.706106	1.000000	50.705963	37.169617	3.847900	1.000000	0.999941	1.000000	0.999917	1.000000	0.999892	1.000000	0.999896	1.000167	0.000362	1.000378	0.000013	0.999871	0.000113	0.999415	0.000013	1354695014.706278	0.999997	48.612135	34.794282	7.335655	0.999358	0.000068	1.001227	0.000011	1.000000	0.999897	1.000000	1.000000	0.999753	0.000011	1.000000	0.999895	0.999770	0.000062	1.000000	1.000000	
1354695015.706106	1.000000	50.879608	37.347092	3.793655	1.000000	1.000000	1.000000	1.000000	1.000000	1.000000	1.000000	1.000000	0.999973	0.000420	1.000853	0.000046	1.000053	0.000410	1.000406	0.000048	1354695015.706273	0.999995	48.634475	34.806983	7.500831	0.999989	0.000103	0.999916	0.000055	1.000000	1.000000	1.000000	1.000000	0.999922	0.000045	1.000000	1.000000	1.000444	0.000036	1.000000	1.000000	
1354695016.706106	1.000000	50.885300	37.380493	3.745270	1.000000	1.000000	1.000001	1.000000	1.000000	1.000000	0.999999	1.000000	1.000013	0.002314	1.003966	0.000013	1.000344	0.000119	0.996793	0.000013	1354695016.706275	1.000002	48.588652	34.817637	7.150438	1.000526	0.000067	1.002198	0.000012	1.000000	1.000000	1.000000	1.000000	1.001471	0.000012	1.000000	1.000000	0.999932	0.000074	1.000000	1.000000	
1354695017.706106	1.000000	50.889832	37.363129	3.777740	1.000000	1.000000	1.000000	1.000000	1.000000	1.000000	1.000000	1.000000	0.999775	0.000381	0.997706	0.000047	0.999098	0.000105	1.000768	0.000046	1354695017.706285	1.000010	48.545733	34.772143	7.167104	1.000000	0.000100	0.999237	0.000053	1.000000	1.000000	1.000000	1.000000	0.999769	0.000047	1.000000	1.000000	1.000052	0.000037	1.000000	1.000000	
1354695018.706106	1.000000	50.945267	37.419342	3.820953	1.000000	1.000000	1.000000	1.000000	1.000000	1.000000	1.000000	1.000000	1.000286	0.000330	0.993186	0.000014	0.999997	0.000139	0.994094	0.000014	1354695018.706282	0.999997	48.595213	34.797898	7.197944	0.999931	0.000067	1.001420	0.000012	1.000000	1.000000	1.000000	1.000000	0.996711	0.000011	1.000000	1.000000	0.999899	0.000319	1.000000	1.000000	
1354695019.706106	1.000000	53.222473	39.682663	3.849258	1.000000	1.000000	1.000001	1.000001	1.000000	1.000000	1.000000	1.000000	0.999982	0.003375	1.000027	0.003064	1.000017	0.003184	1.000021	0.002914	1354695019.706280	0.999998	50.823949	36.993189	7.569381	1.000002	0.003855	0.999992	0.002953	1.000000	1.000000	1.000000	1.000000	1.000012	0.002991	1.000000	1.000000	1.000005	0.002939	1.000000	1.000000	
1354695020.706106	1.000000	50.849396	37.307755	3.924347	1.000000	1.000000	1.000000	1.000000	1.000000	1.000000	1.000000	1.000000	1.000275	0.000377	1.005882	0.000013	1.000230	0.000425	0.999598	0.000013	1354695020.706274	0.999994	48.656448	34.814447	7.522185	0.999983	0.000068	1.001321	0.000012	1.000000	1.000000	1.000000	1.000000	0.997451	0.000012	1.000000	1.000000	1.000418	0.000075	1.000000	1.000000	
1354695021.706106	1.000000	50.886261	37.352951	3.834549	1.000000	1.000000	0.999999	1.000000	1.000000	1.000000	1.000000	1.000000	1.000098	0.000379	0.988549	0.000049	0.998453	0.000102	0.988814	0.000048	1354695021.706274	1.000000	48.605057	34.793762	7.355347	0.999526	0.000102	0.999786	0.000056	1.000000	1.000000	1.000000	1.000000	1.000564	0.000049	1.000000	1.000000	0.999452	0.000036	1.000000	1.000000	
1354695022.706106	1.000000	50.837570	37.298706	3.943802	0.999999	1.000000	1.000000	1.000000	1.000000	1.000000	1.000000	1.000000	0.999915	0.000337	0.995410	0.000014	1.000611	0.000112	0.997435	0.000014	1354695022.706278	1.000004	48.644502	34.820416	7.362611	0.999954	0.000067	0.999934	0.000012	1.000000	1.000000	1.000000	1.000000	1.001096	0.000012	1.000000	1.000000	0.992098	0.000064	1.000000	1.000000	
1354695023.706106	1.000000	50.867249	37.339615	3.821045	1.000000	1.000000	1.000000	1.000000	1.000000	1.000000	1.000000	1.000000	0.999795	0.000401	1.008474	0.000062	0.999564	0.000164	1.008936	0.000063	1354695023.706279	1.000001	48.631164	34.853086	7.115289	1.000250	0.000123	0.999787	0.000071	1.000000	1.000000	1.000000	1.000000	0.999547	0.000068	1.000000	1.000000	1.009397	0.000051	1.000000	1.000000	
1354695024.706106	1.000000	50.864517	37.323471	3.889175	1.000000	1.000000	1.000000	1.000000	1.000000	1.000000	0.999999	1.000000	1.000004	0.000356	0.996805	0.000014	1.000257	0.000140	1.000869	0.000013	1354695024.706282	1.000003	48.649706	34.820281	7.489509	1.000228	0.000068	1.000677	0.000011	1.000000	1.000000	1.000000	1.000000	1.000939	0.000012	1.000000	1.000000	0.999902	0.000079	1.000000	1.000000	
1354695025.706106	1.000000	50.860504	37.317352	3.792755	1.000000	1.000000	1.000001	1.000000	1.000000	1.000000	1.000000	1.000000	1.000019	0.000414	1.001156	0.000047	1.000256	0.000407	1.000617	0.000046	1354695025.706277	0.999995	48.629257	34.795142	7.570137	0.999974	0.000102	1.000249	0.000053	1.000000	1.000000	1.000000	1.000000	1.000176	0.000046	1.000000	1.000000	1.000547	0.000037	1.000000	1.000000	
1354695026.706106	1.000000	50.774078	37.257950	3.785263	1.000000	1.000000	1.000000	0.999999	0.999999	1.000000	1.000000	1.000000	0.999950	0.002366	1.003808	0.000013	0.999241	0.000110	0.994773	0.000013	1354695026.706279	1.000002	48.607375	34.811747	7.319902	0.999304	0.000067	1.001640	0.000011	1.000000	1.000000	1.000000	1.000000	0.998748	0.000011	1.000000	1.000000	0.999719	0.000063	1.000000	1.000000	
1354695027.706106	1.000000	50.822769	37.285004	3.873642	1.000000	1.000000	1.000000	1.000001	1.000000	1.000000	1.000000	1.000000	1.000130	0.000364	0.999125	0.000047	0.999989	0.000104	1.000394	0.000048	1354695027.706273	0.999994	48.616226	34.806284	7.408369	0.999970	0.000104	1.000326	0.000056	1.000000	1.000000	1.000000	1.000000	1.000448	0.000046	1.000000	1.000000	0.999957	0.000036	1.000000	1.000000	
1354695028.706106	1.000000	50.840057	37.306198	3.851654	1.000000	1.000000	1.000000	1.000000	1.000000	1.000000	1.000000	1.000000	0.999969	0.000356	1.000087	0.000013	1.000167	0.000157	1.002240	0.000013	1354695028.706271	0.999998	48.652223	34.841116	7.331832	1.000640	0.000066	0.995476	0.000012	1.000000	1.000000	1.000000	1.000000	0.997652	0.000012	1.000000	1.000000	1.000354	0.000077	1.000000	1.000000	
1354695029.706106	1.000000	50.882156	37.349792	3.768845	1.000000	1.000000	1.000000	1.000000	1.000000	1.000000	1.000000	1.000000	0.999841	0.000364	0.999325	0.000047	0.998496	0.000104	1.004295	0.000046	1354695029.706278	1.000007	48.631362	34.836338	7.264537	0.999620	0.000102	0.990200	0.000055	1.000000	1.000000	1.000000	1.000000	1.000353	0.000045	1.000000	1.000000	1.000149	0.000036	1.000000	1.000000	
1354695030.706106	1.000000	50.907028	37.377747	3.776901	1.000000	1.000000	1.000000	1.000000	1.000000	1.000000	1.000000	1.000000	1.000260	0.000387	1.006351	0.000013	1.000206	0.000427	0.983174	0.000014	1354695030.706276	0.999998	48.608140	34.813177	7.288039	1.000545	0.000068	1.016242	0.000033	1.000000	1.000000	1.000000	1.000000	1.000561	0.000011	1.000000	1.000000	0.999786	0.000061	1.000000	1.000000	
1354695031.706106	1.000000	50.843399	37.300507	3.920731	1.000000	1.000000	1.000000	1.000000	1.000000	1.000000	1.000000	1.000000	1.000226	0.000386	0.999039	0.000047	1.000019	0.000103	0.987055	0.000048	1354695031.706281	1.000005	48.627793	34.803293	7.374078	0.999556	0.000103	1.000000	0.000055	1.000000	1.000000	1.000000	1.000000	0.999698	0.000045	1.000000	1.000000	0.999957	0.000036	1.000000	1.000000	
1354695032.706106	1.000000	50.897949	37.361221	3.848434	1.000000	1.000000	1.000000	1.000000	1.000001	1.000000	1.000000	1.000000	0.999674	0.000343	0.999913	0.000013	1.000827	0.000127	1.002763	0.000223	1354695032.706274	0.999993	48.620270	34.806683	7.471716	1.000469	0.000067	1.000144	0.000011	1.000000	1.000000	1.000000	1.000000	1.000850	0.000011	1.000000	1.000000	0.999538	0.000076	1.000000	1.000000	
1354695033.706106	1.000000	50.901443	37.369171	3.884094	1.000000	1.000000	1.000000	1.000000	0.999999	1.000000	1.000000	1.000000	0.999952	0.000376	0.990978	0.000047	0.998945	0.000127	0.998161	0.000266	1354695033.706284	1.000010	48.592531	34.795001	7.341235	0.999630	0.000102	1.000226	0.000053	1.000000	1.000000	1.000000	1.000000	0.999652	0.000044	1.000000	1.000000	1.001481	0.000036	1.000000	1.000000	
1354695034.706106	1.000000	50.955292	37.418930	3.964615	1.000000	1.000000	1.000001	1.000001	1.000000	1.000000	1.000000	1.000000	0.999954	0.000338	0.990652	0.000015	1.000395	0.000117	0.997161	0.000015	1354695034.706278	0.999994	48.645309	34.829050	7.416029	1.000737	0.000066	0.999384	0.000011	1.000000	1.000000	1.000000	1.000000	1.000352	0.000011	1.000000	1.000000	0.990988	0.000062	1.000000	1.000000	
1354695035.706106	1.000000	50.949661	37.423019	3.804947	1.000000	1.000000	0.999999	0.999999	1.000000	1.000000	1.000000	1.000000	1.000049	0.000447	1.009138	0.000061	1.000103	0.000423	1.010428	0.000062	1354695035.706274	0.999996	48.568785	34.811558	6.986585	0.999948	0.000119	0.999910	0.000068	1.000000	1.000000	1.000000	1.000000	0.999832	0.000067	1.000000	1.000000	1.011224	0.000051	1.000000	1.000000	
1354695036.706106	1.000000	50.906540	37.380768	3.853210	1.000000	1.000000	1.000000	1.000000	1.000000	1.000000	1.000000	1.000000	0.999997	0.002544	0.996079	0.000013	1.000010	0.000119	0.986436	0.000014	1354695036.706285	1.000011	48.621369	34.808120	7.374126	1.000080	0.000068	1.000099	0.000012	1.000000	0.999442	1.000000	1.000000	1.003368	0.000012	1.000000	1.000000	0.999147	0.000078	1.000000	1.000000	
1354695037.706106	1.000000	50.864548	37.334778	3.872086	1.000000	1.000000	1.000000	1.000000	1.000000	1.000000	1.000000	1.000000	1.000113	0.000354	1.001171	0.000047	0.998983	0.000105	0.999743	0.000047	1354695037.706276	0.999991	48.637404	34.853953	7.120502	0.999958	0.000100	0.999857	0.000051	1.000000	1.000000	1.000000	1.000000	0.998731	0.000044	1.000000	1.000000	1.001143	0.000036	1.000000	1.000000	
1354695038.706106	1.000000	50.856888	37.322296	3.883072	1.000000	1.000000	1.000000	1.000000	1.000001	1.000000	1.000000	1.000000	1.000043	0.000356	1.002164	0.000013	1.000605	0.000138	1.009906	0.000013	1354695038.706278	1.000002	48.642729	34.844965	7.293062	0.999371	0.000067	1.002413	0.000011	1.000000	1.000000	1.000000	1.000000	0.999006	0.000012	1.000000	1.000000	0.999390	0.000062	1.000000	1.000000	
1354695039.706106	1.000000	50.903946	37.371231	3.871536	1.000000	1.000000	1.000000	1.000000	0.999999	1.000000	1.000000	1.000000	0.999869	0.000935	0.999151	0.000047	0.999602	0.000105	1.001860	0.000047	1354695039.706280	1.000002	48.617812	34.821436	7.263521	1.000344	0.000101	0.999721	0.000055	1.000000	1.000000	1.000000	1.000000	1.000107	0.000043	1.000000	1.000000	1.000145	0.000037	1.000000	1.000000	
1354695040.706106	1.000000	50.896622	37.360672	3.907593	1.000000	1.000000	1.000000	1.000000	1.000000	1.000000	1.000000	1.000000	0.999816	0.000359	0.993022	0.000014	0.999899	0.000427	0.994607	0.000013	1354695040.706277	0.999997	48.635328	34.826280	7.448418	0.999302	0.000066	0.999475	0.000012	1.000000	1.000000	1.000000	1.000000	1.002725	0.000012	1.000000	1.000000	0.999702	0.000073	1.000000	1.000000	
1354695041.706106	1.000000	50.911911	37.381577	3.838959	1.000001	1.000000	1.000000	1.000000	1.000000	1.000000	1.000000	1.000000	1.000025	0.000411	1.001371	0.000064	1.000643	0.000103	0.996650	0.000057	1354695041.706273	0.999996	48.622222	34.843617	7.156203	1.000467	0.000102	0.999975	0.000076	1.000000	1.000000	1.000000	1.000000	0.999957	0.000045	1.000000	1.000000	1.000582	0.000057	1.000000	1.000000	
1354695042.706106	1.000000	50.858521	37.312332	4.019623	1.000000	1.000000	0.999999	1.000000	1.000000	1.000000	1.000000	1.000000	1.000064	0.000392	1.006155	0.000008	0.999862	0.000129	1.011405	0.000008	1354695042.706276	1.000003	48.640947	34.807204	7.401100	0.999907	0.000066	1.000170	0.000020	1.000000	1.000000	1.000000	1.000000	0.998440	0.000024	1.000000	1.000000	1.000083	0.000070	1.000000	1.000000	
1354695043.706106	1.000000	50.859772	37.312378	4.017349	1.000000	1.000000	1.000000	1.000000	1.000000	1.000000	1.000000	1.000000	0.999917	0.000410	0.999216	0.000061	1.000221	0.000199	1.001084	0.000066	1354695043.706275	0.999999	48.648606	34.808169	7.482856	0.999661	0.000101	0.999689	0.000055	1.000000	1.000000	1.000000	1.000000	1.001315	0.000058	1.000000	1.000000	1.000410	0.000092	1.000000	1.000000	
1354695044.706107	1.000001	50.846357	37.316127	3.995342	1.000000	1.000000	1.000000	1.000000	1.000000	1.000000	1.000001	1.000000	1.000044	0.003391	1.000001	0.002863	1.000000	0.003173	0.999967	0.002904	1354695044.706271	0.999996	48.597151	34.771702	7.532593	0.999995	0.003707	1.000002	0.003002	1.000000	1.000000	1.000000	1.000000	0.999987	0.002900	1.000000	1.000000	0.999974	0.003073	1.000000	1.000000	
1354695045.706105	0.999998	19.728477	6.376523	2.777669	0.999416	0.084190	0.999734	0.083943	0.999778	0.083935	0.999998	0.083877	0.607418	0.000643	0.650723	0.000080	0.695078	0.000617	0.726943	0.000087	1354695045.706618	1.000347	29.417392	16.209678	1.668672	1.000350	0.000161	0.999860	0.000080	0.999994	0.083714	0.999994	0.083646	0.999708	0.000070	0.999994	0.083656	1.000699	0.000043	1.000000	1.000000	
1354695046.706106	1.000001	17.407668	4.084423	2.679822	0.557516	0.000106	0.573121	0.000129	0.564874	0.000051	0.642867	0.000076	0.870582	0.002619	0.554178	0.000022	0.596129	0.000186	0.701927	0.000021	1354695046.706520	0.999902	28.216403	15.008673	1.592914	0.999634	0.000108	1.000460	0.000018	1.002328	0.000019	0.991535	0.000059	1.000783	0.000018	1.000587	0.000018	0.994782	0.000099	1.000000	1.000000	
1354695047.706105	0.999999	17.365724	4.053822	2.676562	0.808348	0.000320	0.734663	0.000061	0.739477	0.000077	0.629848	0.000051	0.543873	0.000649	0.619566	0.000102	0.592181	0.000211	0.662013	0.000095	1354695047.706522	1.000002	28.199226	14.993654	1.615292	1.000101	0.000191	0.999967	0.000093	0.999402	0.000118	1.008962	0.000056	1.000120	0.000103	1.000062	0.000100	1.006438	0.000079	1.000000	1.000000	
1354695048.706112	1.000007	17.340533	4.035708	2.670605	0.595458	0.000117	0.747673	0.000140	0.550504	0.000020	0.701415	0.000074	0.535138	0.000559	0.461479	0.000024	0.641919	0.000259	0.580272	0.000022	1354695048.706522	1.000000	28.188721	14.975174	1.590958	1.000000	0.000114	0.999793	0.000011	1.003155	0.000012	0.999912	0.000066	0.999094	0.000011	0.999295	0.000007	0.999978	0.000104	1.000000	1.000000	
1354695049.706114	1.000002	715777478.898501	715783016.865523	715812329.253858	0.999942	1.000559	0.999942	1.000576	0.999940	1.000561	0.999941	1.000558	0.999944	1.000573	0.999944	1.000557	0.999943	1.000569	0.999943	1.000565	1354695049.706224	0.999702	716023017.014497	716037507.798358	716004469.145141	0.999942	1.000562	0.999941	1.000570	3.896231	0.256791	0.999942	1.000562	0.999944	1.000573	0.999946	1.000567	0.999944	1.000574	0.999944	1.000573	
1354695050.706178	1.000064	0.000000	0.000000	0.000000	-nan	-nan	-nan	-nan	1.000008	inf	-nan	-nan	-nan	0.000000	-nan	-nan	-nan	-nan	-nan	-nan	1354695050.706256	1.000032	0.000000	0.000000	0.000000	-nan	-nan	-nan	-nan	1.345745	inf	-nan	-nan	-nan	-nan	-nan	-nan	-nan	-nan	-nan	-nan	
