ts_0	elapsed_0	pkg_0	pp0_0	dram_0	freq_ratio_0_0	c0_ratio_0_0	freq_ratio_0_1	c0_ratio_0_1	freq_ratio_0_2	c0_ratio_0_2	freq_ratio_0_3	c0_ratio_0_3	freq_ratio_0_4	c0_ratio_0_4	freq_ratio_0_5	c0_ratio_0_5	freq_ratio_0_6	c0_ratio_0_6	freq_ratio_0_7	c0_ratio_0_7	ts_1	elapsed_1	pkg_1	pp0_1	dram_1	freq_ratio_1_0	c0_ratio_1_0	freq_ratio_1_1	c0_ratio_1_1	freq_ratio_1_2	c0_ratio_1_2	freq_ratio_1_3	c0_ratio_1_3	freq_ratio_1_4	c0_ratio_1_4	freq_ratio_1_5	c0_ratio_1_5	freq_ratio_1_6	c0_ratio_1_6	freq_ratio_1_7	c0_ratio_1_7	
1354693655.494800	1.001806	59.786312	46.579329	3.257880	1.160940	0.644298	1.181815	0.797206	1.161312	0.642364	1.161267	0.642063	1.157335	0.607725	1.157335	0.607703	1.153858	0.552702	1.092896	0.000409	1354693655.494879	1.000542	54.988389	41.979143	2.634879	1.192111	0.643821	1.192307	0.643316	1.192275	0.643321	1.192276	0.643079	0.963168	0.000113	0.809456	0.000290	1.235922	0.000109	1.210135	0.839267	
1354693656.494869	1.000069	66.134695	52.933502	3.734102	1.153484	0.775799	1.154363	0.785047	1.154347	0.784902	1.154346	0.784858	1.154353	0.784914	1.154360	0.784873	1.153850	0.774485	1.161057	0.000406	1354693656.495204	1.000325	60.021618	47.026573	2.661611	1.192886	0.785633	1.194667	0.825037	1.194665	0.825010	1.192306	0.774301	1.204148	0.000153	1.227851	0.000105	1.252261	0.000022	1.212495	0.654585	
1354693657.494799	0.999930	68.340957	55.133656	3.651287	1.153411	0.811958	1.154812	0.831897	1.154805	0.831877	1.154805	0.831921	1.154808	0.831990	1.154814	0.832032	1.153848	0.811212	1.145181	0.000589	1354693657.494882	0.999678	64.848494	51.835773	2.745803	1.166444	0.000346	1.204915	0.991722	1.204915	0.991720	1.196232	0.811191	1.179591	0.000100	0.930778	0.000204	1.192397	0.730244	1.201015	0.933613	
1354693658.494851	1.000052	77.987188	64.773809	3.792146	1.153809	0.994089	1.153855	0.994009	1.153848	0.993954	1.153847	0.993937	1.153850	0.993988	1.153838	0.993996	1.153848	0.993959	1.157100	0.000724	1354693658.494942	1.000060	68.860853	55.847032	2.539871	1.192434	0.234403	1.192369	0.993754	1.192369	0.993752	1.192369	0.993719	1.194155	0.000181	1.191943	0.000555	1.192368	0.993739	1.192653	0.761564	
1354693659.494849	0.999998	75.802299	62.581449	3.789039	1.153703	0.950323	1.153850	0.949962	1.153851	0.949935	1.153847	0.949896	1.153851	0.949949	1.153864	0.949956	1.153848	0.949895	1.159397	0.000490	1354693659.494930	0.999988	67.408473	54.384285	2.652101	1.192273	0.074509	1.192403	0.949705	1.192402	0.949703	1.192401	0.949652	1.196314	0.921242	1.201198	0.000178	1.192405	0.949720	1.190734	0.000125	
1354693660.494800	0.999951	78.250059	65.017674	3.795322	1.153846	0.999998	1.153851	1.000000	1.153846	1.000000	1.153846	1.000000	1.153846	1.000000	1.153846	1.000000	1.153846	1.000000	1.153762	0.000599	1354693660.494879	0.999949	68.955682	55.942689	2.597270	1.192357	0.000248	1.192384	0.999649	1.192384	0.999649	1.192384	0.999648	1.192298	0.995532	1.192160	0.000183	1.192384	0.999648	1.201140	0.000071	
1354693661.494799	0.999999	77.212491	63.978424	3.804218	1.153867	0.978460	1.153855	0.978332	1.153847	0.978266	1.153849	0.978305	1.153850	0.978317	1.153850	0.978316	1.153848	0.978282	1.157579	0.000495	1354693661.494879	1.000000	68.110474	55.086945	2.467773	0.832955	0.000170	1.192341	0.978135	1.192341	0.978133	1.192339	0.978088	1.193834	0.996202	1.040674	0.000158	1.192340	0.978121	1.200599	0.000142	
1354693662.494800	1.000001	715769013.184153	715776256.393142	715802719.176942	0.999916	1.000399	0.999917	1.000415	0.999927	1.000407	0.999919	1.000409	0.999919	1.000410	0.999921	1.000405	0.999918	1.000409	0.999920	1.000411	1354693662.494893	1.000014	715794977.108757	715769295.987370	715758669.490380	0.999918	1.000405	0.999916	1.000408	3.897924	0.256633	0.999919	1.000407	0.999919	1.000411	0.999922	1.000409	0.999919	1.000410	0.999921	1.000422	
1354693663.494798	0.999998	0.000000	0.000000	0.000000	-nan	-nan	-nan	-nan	0.000000	inf	-nan	-nan	-nan	0.000000	0.000000	inf	-nan	-nan	-nan	-nan	1354693663.494878	0.999985	0.000000	0.000000	0.000000	-nan	-nan	-nan	-nan	0.000000	inf	-nan	-nan	-nan	-nan	-nan	-nan	-nan	-nan	-nan	-nan	
