ts_0	elapsed_0	pkg_0	pp0_0	dram_0	freq_ratio_0_0	c0_ratio_0_0	freq_ratio_0_1	c0_ratio_0_1	freq_ratio_0_2	c0_ratio_0_2	freq_ratio_0_3	c0_ratio_0_3	freq_ratio_0_4	c0_ratio_0_4	freq_ratio_0_5	c0_ratio_0_5	freq_ratio_0_6	c0_ratio_0_6	freq_ratio_0_7	c0_ratio_0_7	ts_1	elapsed_1	pkg_1	pp0_1	dram_1	freq_ratio_1_0	c0_ratio_1_0	freq_ratio_1_1	c0_ratio_1_1	freq_ratio_1_2	c0_ratio_1_2	freq_ratio_1_3	c0_ratio_1_3	freq_ratio_1_4	c0_ratio_1_4	freq_ratio_1_5	c0_ratio_1_5	freq_ratio_1_6	c0_ratio_1_6	freq_ratio_1_7	c0_ratio_1_7	
1354696106.940040	1.001821	45.168936	31.894342	3.493379	1.157454	0.397565	1.154380	0.381718	1.154237	0.384180	1.155645	0.391526	1.154698	0.384617	1.156010	0.388105	1.155007	0.383743	1.155597	0.386675	1354696106.940135	1.000357	37.420879	24.190844	2.895939	0.999822	0.505482	0.999985	0.504886	1.000002	0.504112	1.000032	0.007093	0.999590	0.000502	0.999929	0.497295	1.006310	0.000075	0.999745	0.724604	
1354696107.940026	0.999986	55.367142	42.062481	4.045650	0.999356	0.642841	0.999936	0.809352	0.999979	0.809193	0.995996	0.001540	0.999980	0.809239	0.999964	0.809256	0.999965	0.809250	0.999937	0.809303	1354696107.940122	0.999987	49.040057	35.801083	3.003686	1.000000	0.809300	1.000000	0.809384	1.000000	0.809359	1.000003	0.168849	1.000272	0.002528	1.000000	0.809360	1.000200	0.000064	1.000000	1.000000	
1354696108.940030	1.000004	56.884566	43.572745	4.201979	0.993218	0.006029	1.000000	0.960671	1.000000	0.960615	0.999985	0.001513	1.000000	0.960630	1.000000	0.960630	1.000000	0.960628	1.000000	0.960656	1354696108.940158	1.000036	57.253585	44.008120	3.102351	1.000000	0.960635	1.000000	0.960670	1.000000	0.960669	1.000000	0.960633	0.998862	0.000475	1.000000	0.960655	0.999970	0.000026	1.000000	1.000000	
1354696109.940025	0.999995	54.214963	40.900412	4.254340	0.971830	0.007895	1.000000	0.880518	1.000000	0.880481	0.999872	0.000208	1.000000	0.880480	1.000000	0.880478	1.000000	0.880478	1.000000	0.880516	1354696109.940124	0.999966	55.144077	41.876870	3.134766	1.000000	0.880487	1.000000	0.880522	1.000000	0.880521	1.000000	0.880486	1.000252	0.002198	1.000000	0.880507	0.999960	0.000049	1.000000	1.000000	
1354696110.940025	1.000000	55.897507	42.593277	4.101105	0.983335	0.006848	1.000000	0.928020	1.000000	0.927986	1.000114	0.000222	1.000000	0.927983	1.000000	0.927983	1.000000	0.927981	1.000000	0.928020	1354696110.940145	1.000021	56.730774	43.471836	2.979338	1.000000	0.927987	1.000000	0.928025	1.000000	0.928024	1.000000	0.927986	0.999903	0.000151	1.000000	0.928008	0.995628	0.000012	1.000000	1.000000	
1354696111.940025	1.000000	55.427521	42.110916	4.237350	0.989547	0.008756	1.000000	0.914433	1.000000	0.914361	0.999873	0.000210	1.000000	0.914359	1.000000	0.914357	1.000000	0.914355	1.000000	0.914428	1354696111.940155	1.000010	56.199709	42.929853	3.165526	1.000000	0.914367	1.000000	0.914440	1.000000	0.914438	1.000000	0.914364	0.999954	0.000125	1.000000	0.914412	1.000659	0.000056	1.000000	1.000000	
1354696112.940025	1.000000	55.700684	42.381073	4.275284	0.972922	0.007831	1.000000	0.923485	1.000000	0.923450	1.000087	0.000240	1.000000	0.923447	1.000000	0.923447	1.000000	0.923447	1.000000	0.923485	1354696112.940151	0.999996	56.453491	43.176948	3.116269	1.000000	0.923455	1.000000	0.923489	1.000000	0.923487	1.000000	0.923454	0.995151	0.000123	1.000000	0.923473	0.999904	0.000012	1.000000	1.000000	
1354696113.940025	1.000000	51.527222	38.218292	4.312897	0.872065	0.007594	1.000000	0.811994	1.000000	0.811884	1.000053	0.000211	1.000000	0.811910	1.000000	0.811923	1.000000	0.811937	1.000000	0.811955	1354696113.940151	1.000000	53.492188	40.228455	3.501160	1.000000	0.811934	1.000000	0.812011	1.000000	0.812006	1.000000	0.811896	1.000365	0.001681	1.000000	0.811977	1.000096	0.000048	1.000000	1.000000	
1354696114.940032	1.000007	715813821.975279	715757662.857514	715789480.644952	0.999942	1.000562	0.999943	1.000579	0.999952	1.000574	0.999943	1.000567	0.999945	1.000576	0.999946	1.000568	0.999945	1.000577	0.999944	1.000572	1354696114.940137	0.999986	715830873.720943	715773165.890508	715787583.805127	0.999945	1.000574	0.999940	1.000570	3.896124	0.256801	0.999943	1.000567	0.999946	1.000582	0.999947	1.000572	0.999945	1.000578	0.999945	1.000580	
1354696115.940196	1.000164	0.000000	0.000000	0.000000	-nan	-nan	-nan	-nan	0.000000	inf	-nan	-nan	-nan	0.000000	-nan	-nan	-nan	-nan	-nan	-nan	1354696115.940275	1.000138	0.000000	0.000000	0.000000	-nan	-nan	-nan	-nan	0.000000	inf	-nan	-nan	-nan	-nan	-nan	-nan	-nan	-nan	-nan	-nan	
