ts_0	elapsed_0	pkg_0	pp0_0	dram_0	freq_ratio_0_0	c0_ratio_0_0	freq_ratio_0_1	c0_ratio_0_1	freq_ratio_0_2	c0_ratio_0_2	freq_ratio_0_3	c0_ratio_0_3	freq_ratio_0_4	c0_ratio_0_4	freq_ratio_0_5	c0_ratio_0_5	freq_ratio_0_6	c0_ratio_0_6	freq_ratio_0_7	c0_ratio_0_7	ts_1	elapsed_1	pkg_1	pp0_1	dram_1	freq_ratio_1_0	c0_ratio_1_0	freq_ratio_1_1	c0_ratio_1_1	freq_ratio_1_2	c0_ratio_1_2	freq_ratio_1_3	c0_ratio_1_3	freq_ratio_1_4	c0_ratio_1_4	freq_ratio_1_5	c0_ratio_1_5	freq_ratio_1_6	c0_ratio_1_6	freq_ratio_1_7	c0_ratio_1_7	
1353403738.861610	1.001914	57.769737	44.523683	3.599297	1.155254	0.491907	1.153979	0.480491	1.153575	0.480668	1.158214	0.510790	1.153716	0.486685	1.154751	0.489138	1.153295	0.481661	1.155733	0.488044	1353403738.861862	1.000502	42.944822	29.711949	1.761933	0.999906	0.597474	0.999955	0.841507	1.000001	0.432621	0.999951	0.404681	1.000002	0.321473	0.632568	0.000049	0.996941	0.000087	0.999685	0.817989	
1353403739.861602	0.999992	60.796971	47.526981	3.518934	0.999423	0.717311	0.999968	0.921629	0.999949	0.915980	0.999976	0.715786	0.999950	0.915978	0.999931	0.854223	0.999896	0.716017	0.999977	0.715863	1353403739.861670	0.999808	56.154714	42.923140	1.895627	1.000001	0.716116	0.999992	0.721499	1.000001	0.716002	1.000001	0.715988	1.000000	0.721502	1.000001	0.420074	1.000002	0.619184	1.000000	0.981467	
1353403740.861601	0.999999	55.745857	42.482966	3.480091	0.999383	0.725040	1.000000	0.724115	1.000000	0.724154	0.999974	0.724155	1.000000	0.724151	1.000000	0.724151	1.000000	0.724149	1.000000	0.724114	1353403740.861666	0.999996	59.386547	46.145084	1.730796	1.000000	0.724149	1.000008	0.724106	1.000000	0.724100	1.000000	0.724128	1.000000	0.724120	1.000000	0.724148	1.000000	0.724104	1.000000	1.000000	
1353403741.861601	1.000000	63.486328	50.196060	3.685760	0.999713	0.849507	0.999979	0.848666	0.999944	0.848764	0.999989	0.848656	0.999945	0.848757	0.999945	0.848811	0.999930	0.848800	0.999966	0.848708	1353403741.861667	1.000001	64.620223	51.376706	1.814512	1.000000	0.848796	1.000000	0.848672	1.000000	0.848738	1.000000	0.848687	1.000000	0.848684	1.000000	0.848793	1.000000	0.848683	1.000000	1.000000	
1353403742.861601	1.000000	70.975296	57.676254	3.799194	1.000000	1.000000	1.000000	1.000000	1.000000	1.000000	1.000000	1.000000	1.000000	1.000000	1.000000	1.000000	1.000000	1.000000	1.000000	1.000000	1353403742.861665	0.999998	71.534667	58.268788	1.721668	1.000000	1.000000	1.000000	1.000000	1.000000	1.000000	1.000000	1.000000	1.000000	1.000000	1.000000	1.000000	1.000000	1.000000	1.000000	1.000000	
1353403743.861601	1.000000	70.732880	57.424042	3.794922	1.000000	1.000000	1.000000	1.000000	1.000000	1.000001	1.000000	1.000000	1.000000	1.000000	1.000000	1.000000	1.000000	1.000000	1.000000	1.000000	1353403743.861663	0.999998	71.592605	58.317494	1.734241	1.000000	1.000000	1.000000	1.000000	1.000000	1.000000	1.000000	1.000000	1.000000	1.000000	1.000000	1.000000	1.000000	1.000000	1.000000	1.000000	
1353403744.861601	1.000000	70.659241	57.346802	3.783997	1.000000	1.000000	1.000000	1.000000	1.000000	1.000000	1.000000	1.000000	1.000000	1.000000	1.000000	1.000000	1.000000	1.000000	1.000000	1.000000	1353403744.861662	0.999999	71.612114	58.330332	1.728410	1.000000	1.000000	1.000000	1.000000	1.000000	1.000000	1.000000	1.000000	1.000000	1.000000	1.000000	1.000000	1.000000	1.000000	1.000000	1.000000	
1353403745.861601	1.000000	70.713882	57.408127	3.787674	1.000000	1.000000	1.000000	1.000000	1.000000	1.000000	1.000000	1.000000	1.000000	1.000000	1.000000	1.000000	1.000000	1.000000	1.000000	1.000000	1353403745.861661	0.999999	71.629539	58.345591	1.722322	1.000000	1.000000	1.000000	1.000000	1.000000	1.000000	1.000000	1.000000	1.000000	1.000000	1.000000	1.000000	1.000000	1.000000	1.000000	1.000000	
1353403746.861601	1.000000	70.851120	57.554718	3.776291	1.000000	1.000000	1.000000	1.000000	1.000000	1.000000	1.000000	1.000000	1.000000	1.000000	1.000000	1.000000	1.000000	1.000000	1.000000	1.000000	1353403746.861662	1.000001	71.645989	58.355871	1.738081	1.000000	1.000000	1.000000	1.000000	1.000000	1.000000	1.000000	1.000000	1.000000	1.000000	1.000000	1.000000	1.000000	1.000000	1.000000	1.000000	
1353403747.861601	1.000000	70.855347	57.563477	3.791626	1.000000	1.000000	1.000000	1.000000	1.000000	1.000000	1.000000	1.000000	1.000000	1.000000	1.000000	1.000000	1.000000	1.000000	1.000000	1.000000	1353403747.861662	1.000000	71.655731	58.360092	1.728302	1.000000	1.000000	1.000000	1.000000	1.000000	1.000000	1.000000	1.000000	1.000000	1.000000	1.000000	1.000000	1.000000	1.000000	1.000000	1.000000	
1353403748.861601	1.000000	715801075.785660	715782310.744873	715787179.243484	0.999943	1.000381	0.999942	1.000392	0.999945	1.000397	0.999939	1.000367	0.999944	1.000388	0.999946	1.000381	0.999945	1.000392	0.999943	1.000384	1353403748.862138	1.000476	715432557.082550	715441365.940380	715458392.044466	0.999943	1.000382	0.999940	1.000384	3.896204	0.256747	0.999943	1.000382	0.999944	1.000389	0.999946	1.000383	0.999942	1.000384	0.999945	1.000395	
1353403749.861601	1.000000	0.000000	0.000000	0.000000	-nan	-nan	-nan	-nan	0.000000	inf	-nan	-nan	-nan	0.000000	-nan	-nan	-nan	-nan	-nan	-nan	1353403749.861678	0.999540	0.000000	0.000000	0.000000	-nan	-nan	-nan	-nan	0.000000	inf	-nan	-nan	-nan	-nan	-nan	-nan	-nan	-nan	-nan	-nan	
1353403750.861608	1.000007	0.000000	0.000000	0.000000	-nan	-nan	-nan	-nan	1.345745	inf	-nan	-nan	-nan	0.000000	-nan	-nan	-nan	-nan	-nan	-nan	1353403750.861687	1.000009	0.000000	0.000000	0.000000	-nan	-nan	-nan	-nan	inf	-nan	-nan	-nan	-nan	-nan	-nan	-nan	-nan	-nan	-nan	-nan	
