ts_0	elapsed_0	pkg_0	pp0_0	dram_0	freq_ratio_0_0	c0_ratio_0_0	freq_ratio_0_1	c0_ratio_0_1	freq_ratio_0_2	c0_ratio_0_2	freq_ratio_0_3	c0_ratio_0_3	freq_ratio_0_4	c0_ratio_0_4	freq_ratio_0_5	c0_ratio_0_5	freq_ratio_0_6	c0_ratio_0_6	freq_ratio_0_7	c0_ratio_0_7	ts_1	elapsed_1	pkg_1	pp0_1	dram_1	freq_ratio_1_0	c0_ratio_1_0	freq_ratio_1_1	c0_ratio_1_1	freq_ratio_1_2	c0_ratio_1_2	freq_ratio_1_3	c0_ratio_1_3	freq_ratio_1_4	c0_ratio_1_4	freq_ratio_1_5	c0_ratio_1_5	freq_ratio_1_6	c0_ratio_1_6	freq_ratio_1_7	c0_ratio_1_7	
1354697883.070277	1.001905	51.523279	38.425367	5.516926	1.157407	0.381120	1.154323	0.362133	1.154643	0.369013	1.156961	0.376514	1.155410	0.368469	1.156853	0.375191	1.156277	0.372501	1.155976	0.370749	1354697883.070394	1.000393	49.804848	36.632381	2.745229	0.999869	0.820436	0.999978	0.819957	0.999939	0.819760	0.999948	0.819447	1.000001	0.788289	1.015730	0.000060	0.944700	0.000273	0.999718	0.821266	
1354697884.070272	0.999995	57.308072	44.198509	6.121414	1.000000	1.000000	1.000000	1.000000	1.000000	1.000000	1.000000	1.000000	1.000001	1.000000	1.000001	1.000000	0.998672	0.000406	1.001089	0.000069	1354697884.070378	0.999984	57.065548	43.921692	2.710843	1.000000	1.000000	1.000000	1.000000	1.000000	1.000000	1.000000	1.000000	1.000000	1.000000	1.000535	0.000062	0.999992	0.000193	1.000000	1.000000	
1354697885.070272	1.000000	57.476486	44.358643	6.108978	1.000000	1.000000	1.000000	1.000000	1.000000	1.000000	1.000000	1.000000	1.000000	1.000000	1.000000	1.000000	0.999649	0.000403	0.999996	0.002633	1354697885.070379	1.000001	57.163413	44.013920	2.706235	1.000000	1.000000	1.000000	1.000000	1.000000	1.000000	1.000000	1.000000	1.000000	1.000000	0.985890	0.000013	0.999286	0.000199	1.000000	1.000000	
1354697886.070272	1.000000	57.408539	44.297791	6.127563	1.000000	1.000000	1.000000	1.000000	1.000000	1.000000	1.000000	1.000000	1.000000	1.000000	1.000000	1.000000	0.999926	0.000398	0.999748	0.000077	1354697886.070374	0.999995	57.263333	44.112922	2.711622	1.000000	1.000000	1.000000	1.000000	1.000000	1.000000	1.000000	1.000000	1.000000	1.000000	1.002671	0.000059	1.000530	0.000225	1.000000	1.000000	
1354697887.070274	1.000002	57.559140	44.431129	6.121387	1.000000	1.000000	1.000000	1.000000	1.000000	1.000000	1.000000	0.999375	1.000000	0.999374	0.999999	0.999413	1.000011	0.000345	1.000723	0.000036	1354697887.070388	1.000014	57.217854	44.081533	2.698311	1.000000	0.999408	1.000000	1.000000	1.000000	0.999412	1.000000	0.999376	1.000000	0.999410	0.997890	0.000012	1.000309	0.000182	1.000000	0.999888	
1354697888.070272	0.999998	57.605594	44.474236	6.102917	1.000000	1.000000	1.000000	1.000000	1.000000	1.000000	1.000000	1.000000	1.000001	1.000000	1.000001	1.000000	0.999993	0.000407	0.999896	0.000104	1354697888.070377	0.999989	57.361911	44.210003	2.703811	1.000000	1.000000	1.000000	1.000000	1.000000	1.000000	1.000000	1.000000	1.000000	1.000000	1.000268	0.000102	1.000004	0.000218	1.000000	1.000000	
1354697889.070279	1.000007	715804199.110722	715820325.056018	715792245.432751	0.999944	1.000577	0.999945	1.000598	0.999954	1.000589	0.999945	1.000582	0.999947	1.000589	0.999948	1.000580	0.999946	1.000588	0.999946	1.000587	1354697889.070382	1.000005	715800067.840252	715819710.659644	715816972.991955	0.999945	1.000584	0.999944	1.000590	3.895995	0.256813	0.999945	1.000583	0.999948	1.000596	0.999948	1.000582	0.999946	1.000591	0.999947	1.000590	
1354697890.070279	1.000000	0.000000	0.000000	0.000000	-nan	-nan	-nan	-nan	inf	-nan	-nan	-nan	-nan	0.000000	-nan	-nan	-nan	-nan	-nan	-nan	1354697890.070374	0.999992	0.000000	0.000000	0.000000	-nan	-nan	-nan	-nan	0.000000	inf	-nan	-nan	-nan	-nan	-nan	-nan	-nan	-nan	-nan	-nan	
1354697891.070464	1.000185	0.000000	0.000000	0.000000	-nan	-nan	-nan	-nan	-nan	-nan	-nan	-nan	-nan	0.000000	-nan	-nan	-nan	-nan	-nan	-nan	1354697891.070544	1.000170	0.000000	0.000000	0.000000	-nan	-nan	-nan	-nan	-nan	-nan	-nan	-nan	-nan	-nan	-nan	-nan	-nan	-nan	-nan	-nan	
