ts_0	elapsed_0	pkg_0	pp0_0	dram_0	freq_ratio_0_0	c0_ratio_0_0	freq_ratio_0_1	c0_ratio_0_1	freq_ratio_0_2	c0_ratio_0_2	freq_ratio_0_3	c0_ratio_0_3	freq_ratio_0_4	c0_ratio_0_4	freq_ratio_0_5	c0_ratio_0_5	freq_ratio_0_6	c0_ratio_0_6	freq_ratio_0_7	c0_ratio_0_7	ts_1	elapsed_1	pkg_1	pp0_1	dram_1	freq_ratio_1_0	c0_ratio_1_0	freq_ratio_1_1	c0_ratio_1_1	freq_ratio_1_2	c0_ratio_1_2	freq_ratio_1_3	c0_ratio_1_3	freq_ratio_1_4	c0_ratio_1_4	freq_ratio_1_5	c0_ratio_1_5	freq_ratio_1_6	c0_ratio_1_6	freq_ratio_1_7	c0_ratio_1_7	
1357204126.470285	1.001647	80.724698	67.188002	3.628027	1.153706	0.911294	1.153426	0.911954	1.153933	0.911453	1.153847	0.910878	1.153904	0.910551	1.153874	0.909923	1.153842	0.909273	1.117986	0.000603	1357204126.470373	1.000517	70.947779	57.198370	7.335625	1.198433	0.992634	1.192340	0.912356	1.192275	0.912297	1.201151	0.004841	1.192281	0.911946	1.221075	0.000120	1.221109	0.000094	1.192177	0.913620	
1357204127.470282	0.999997	87.152614	73.586349	3.731945	1.153847	1.000000	1.153847	1.000000	1.153846	1.000000	1.153847	1.000000	1.153846	1.000000	1.153847	1.000001	1.153846	1.000001	1.155321	0.000419	1357204127.470355	0.999982	75.092773	61.261685	7.931370	1.192306	0.999978	1.192306	0.999978	1.192306	0.999978	1.192348	0.007103	1.192306	0.999977	1.190987	0.000009	1.190703	0.000009	1.192306	0.999978	
1357204128.470281	0.999999	84.211613	70.558417	3.705250	1.153845	0.406000	1.176661	0.999685	1.176661	0.999684	1.176661	0.999685	1.176661	0.999685	1.176661	0.999672	1.176661	0.999672	1.153914	0.000708	1357204128.470450	1.000095	80.536898	66.519826	7.875504	1.192302	0.999932	1.192302	0.999933	1.192302	0.999933	1.192302	0.596814	1.192302	0.999932	1.174764	0.000062	1.189001	0.000038	1.192302	0.999944	
1357204129.470281	1.000000	81.907959	68.277069	3.716644	1.154039	0.000279	1.189318	0.995122	1.189318	0.995117	1.189318	0.995110	1.189318	0.995109	1.189318	0.995104	1.189318	0.995098	1.153848	0.003759	1357204129.470440	0.999990	84.505637	70.506092	7.878619	1.192297	0.999887	1.192297	0.999887	1.192297	0.999888	1.192297	0.999887	1.192297	0.999887	1.153724	0.000065	1.152551	0.000011	1.192297	0.999888	
1357204130.470282	1.000001	81.823744	68.202480	3.709072	1.153799	0.004087	1.191432	0.992056	1.191437	0.992113	1.191433	0.992045	1.191450	0.992317	1.191433	0.992041	1.191433	0.992022	1.153790	0.001343	1357204130.470512	1.000072	84.649789	70.642863	7.841629	1.192290	0.999552	1.192290	0.999554	1.192289	0.999505	1.192289	0.999503	1.192290	0.999553	1.154174	0.000148	1.153517	0.000050	1.192292	0.999581	
1357204131.470282	1.000000	82.178986	68.477051	3.704880	1.152856	0.000338	1.192183	0.998397	1.192185	0.998490	1.192167	0.998259	1.192170	0.998341	1.192162	0.998079	1.192167	0.998254	1.153201	0.000886	1357204131.470449	0.999937	84.950751	70.802003	7.846960	1.192271	0.998984	1.192267	0.998915	1.192268	0.998872	1.192267	0.998882	1.192271	0.998985	1.153712	0.000326	1.151779	0.000010	1.192277	0.999092	
1357204132.470281	0.999999	82.184618	68.510380	3.711673	1.154043	0.001424	1.192061	0.997173	1.192063	0.997168	1.192043	0.997196	1.192044	0.997190	1.192045	0.997188	1.192063	0.997162	1.155148	0.000392	1357204132.470449	1.000000	85.098907	71.001190	7.859253	1.192229	0.998934	1.192229	0.998901	1.192234	0.999101	1.192234	0.999100	1.192234	0.999099	1.153821	0.000632	1.153474	0.000037	1.192234	0.999101	
1357204133.470282	1.000001	82.100752	68.480114	3.746228	1.153737	0.007140	1.191082	0.988462	1.191062	0.988169	1.191063	0.988166	1.191064	0.988144	1.191063	0.988152	1.191082	0.988438	1.153958	0.000400	1357204133.470371	0.999922	85.058893	71.061754	7.873172	1.192297	0.999887	1.192297	0.999888	1.192297	0.999887	1.192297	0.999887	1.192297	0.999887	1.154028	0.000068	1.155678	0.000011	1.192297	0.999887	
1357204134.470282	1.000000	82.220367	68.606934	3.708405	1.153885	0.006248	1.189931	0.988950	1.189934	0.989081	1.189931	0.988937	1.189932	0.988923	1.189934	0.989038	1.189935	0.989030	1.153686	0.000367	1357204134.470447	1.000076	85.081130	71.105447	7.839003	1.192179	0.999387	1.192178	0.999342	1.192178	0.999339	1.192178	0.999337	1.192179	0.999389	1.153857	0.002043	1.154286	0.000038	1.192181	0.999402	
1357204135.470282	1.000000	82.129288	68.510788	3.716110	1.153825	0.006071	1.191061	0.989448	1.191060	0.989444	1.191061	0.989442	1.191061	0.989416	1.191061	0.989412	1.191060	0.989401	1.153680	0.001307	1357204135.470449	1.000002	85.230535	71.241334	7.892685	1.192295	0.999864	1.192294	0.999864	1.192294	0.999864	1.192294	0.999863	1.192295	0.999863	1.153736	0.000096	1.151832	0.000010	1.192294	0.999856	
1357204136.470282	1.000000	82.445435	68.736801	3.701141	1.150717	0.000187	1.192214	0.999040	1.192214	0.999038	1.192214	0.999037	1.192214	0.999047	1.192214	0.999035	1.192215	0.999035	1.153239	0.000717	1357204136.470451	1.000002	85.513387	71.341096	7.774735	1.192291	0.999820	1.192291	0.999820	1.192291	0.999812	1.192291	0.999821	1.192291	0.999811	1.153815	0.000117	1.154278	0.000039	1.192290	0.999820	
1357204137.470281	0.999999	82.533450	68.818944	3.703586	1.156121	0.000326	1.192244	0.999365	1.192244	0.999365	1.192244	0.999373	1.192245	0.999364	1.192244	0.999363	1.192244	0.999363	1.153644	0.000368	1357204137.470446	0.999995	85.591310	71.405570	7.897012	1.192296	0.999887	1.192296	0.999887	1.192296	0.999887	1.192296	0.999887	1.192296	0.999887	1.153982	0.000103	1.152023	0.000016	1.192296	0.999887	
1357204138.470282	1.000001	82.457944	68.771022	3.695309	1.153817	0.001444	1.192086	0.997318	1.192089	0.997440	1.192089	0.997438	1.192089	0.997434	1.192089	0.997433	1.192087	0.997308	1.153935	0.000364	1357204138.470450	1.000004	85.591053	71.476471	7.813277	1.192291	0.999705	1.192290	0.999658	1.192290	0.999656	1.192290	0.999655	1.192291	0.999706	1.153641	0.000138	1.153527	0.000038	1.192295	0.999763	
1357204139.470282	1.000000	39.459991	25.992065	2.932236	0.932593	0.009879	1.177130	0.289619	1.177279	0.289417	1.177276	0.289389	1.177276	0.289361	1.177276	0.289350	1.177275	0.289316	1.096467	0.003427	1357204139.470712	1.000262	51.758640	38.281458	4.184954	1.179698	0.289710	1.179754	0.289860	1.179753	0.289849	1.179693	0.289626	1.179693	0.289617	1.141104	0.003090	1.154330	0.003471	1.243215	0.997253	
1357204140.470289	1.000007	22.509778	9.092192	3.795140	0.627546	0.014267	0.650137	0.001266	1.231581	0.000138	1.152251	0.000115	1.228796	0.000133	1.033721	0.000083	1.150505	0.000076	0.900747	0.000599	1357204140.470638	0.999926	38.681799	25.397049	3.927506	1.268367	0.000148	1.269225	0.000103	1.269193	0.000107	1.269244	0.000084	1.266757	0.000062	1.035857	0.000624	1.269219	0.000141	1.269065	0.987651	
1357204141.470282	0.999993	27.118245	13.726688	3.846645	0.723998	0.010619	0.788800	0.007926	1.056095	0.000154	1.052880	0.000108	1.016389	0.000114	0.953332	0.000156	0.919701	0.000156	0.974835	0.000703	1357204141.470711	1.000073	38.649173	25.381754	4.146060	1.263363	0.000120	1.262571	0.000085	1.260458	0.000063	1.262468	0.000084	1.264649	0.000086	1.098379	0.001183	1.269071	0.000084	1.269043	0.989284	
1357204142.470282	1.000000	24.475143	11.074524	3.850952	0.663345	0.012540	0.600391	0.012302	0.985205	0.000209	1.016629	0.000125	1.206975	0.000112	1.259433	0.000072	1.177729	0.000078	0.847698	0.000717	1357204142.470821	1.000110	39.121127	25.858013	4.419299	1.261136	0.000221	1.269251	0.000110	1.267068	0.000318	1.267244	0.000105	1.273188	0.000073	1.219988	0.003578	1.260832	0.000124	1.269040	0.987413	
1357204143.470292	1.000010	29.736366	16.341923	3.797249	0.964181	0.009265	0.849777	0.006344	1.216160	0.000139	1.244640	0.000078	1.020490	0.000101	1.109222	0.000107	1.102787	0.000104	1.119844	0.000583	1357204143.470720	0.999899	38.531132	25.274177	3.996315	1.252918	0.000190	1.261730	0.000088	1.269313	0.000264	1.261709	0.000087	1.269133	0.000087	0.966354	0.000553	1.270120	0.000076	1.269067	0.988440	
1357204144.470288	0.999996	24.909494	11.515641	3.708084	0.691974	0.011496	0.973976	0.001579	1.263586	0.000170	1.269859	0.000102	1.252990	0.000110	1.172394	0.000081	1.171968	0.000082	1.056757	0.000584	1357204144.470715	0.999995	38.590861	25.334950	4.037969	1.197074	0.000300	1.269277	0.000100	1.269065	0.000109	1.269175	0.000108	1.269047	0.000064	1.208896	0.002271	1.269230	0.000109	1.269018	0.986920	
1357204145.470282	0.999994	26.703086	13.311099	3.812218	0.773912	0.011332	0.732684	0.007809	1.111429	0.000244	1.253837	0.000077	1.248056	0.000100	0.998809	0.000122	1.011297	0.000121	1.005421	0.000554	1357204145.470724	1.000009	38.532335	25.280594	4.371222	0.933903	0.000339	1.260799	0.000064	1.260642	0.000062	1.263246	0.000085	1.269020	0.000087	1.014646	0.000429	1.269105	0.000078	1.269016	0.987979	
1357204146.470289	1.000007	28.050221	14.662893	3.795720	0.776399	0.007884	0.879599	0.007695	1.130280	0.000222	1.261274	0.000094	1.264059	0.000096	1.158094	0.000075	1.261825	0.000070	1.056775	0.001611	1357204146.470703	0.999979	38.430372	25.198695	3.948600	1.000146	0.000306	1.269081	0.000088	1.269056	0.000086	1.266725	0.000095	1.265666	0.000061	0.982195	0.000436	1.269535	0.000104	1.269029	0.987880	
1357204147.470282	0.999993	29.513418	16.122838	3.807094	0.901167	0.009555	0.864616	0.007700	1.251344	0.000195	1.247675	0.000077	1.184290	0.000082	1.027721	0.000116	1.257796	0.000092	0.880982	0.000464	1357204147.470695	0.999992	38.521766	25.262564	4.064410	1.176778	0.000330	1.259568	0.000066	1.259264	0.000063	1.261906	0.000088	1.269006	0.000093	0.935129	0.000384	1.268594	0.000077	1.269010	0.988884	
1357204148.470282	1.000000	28.778015	15.398880	3.858154	0.854151	0.007760	0.906011	0.009496	1.123857	0.000246	1.250985	0.000100	1.251231	0.000104	1.150170	0.000083	1.245920	0.000076	0.994634	0.000477	1357204148.470550	0.999855	38.435473	25.199850	4.052101	0.975050	0.000439	1.254115	0.000091	1.015327	0.000111	1.266623	0.000088	1.265750	0.000066	1.188499	0.000362	1.267077	0.000110	1.269065	0.987558	
1357204149.470282	1.000000	24.920929	11.528336	3.848999	0.671052	0.012050	0.701074	0.010687	1.187951	0.000196	1.152385	0.000082	1.156125	0.000082	0.995136	0.000121	1.262685	0.000093	0.853081	0.000523	1357204149.470580	1.000030	38.411596	25.167503	4.306313	1.007228	0.000376	1.261334	0.000068	1.261293	0.000062	1.263198	0.000086	1.269007	0.000085	1.116176	0.000353	1.268689	0.000077	1.269007	0.987992	
1357204150.470286	1.000004	26.742949	13.354347	3.840561	0.726383	0.010791	0.765238	0.010908	1.110077	0.000262	1.260691	0.000094	1.048971	0.000142	1.253003	0.000069	1.249527	0.000070	1.105034	0.000383	1357204150.470743	1.000163	38.455292	25.199336	4.183934	1.010405	0.000370	1.269108	0.000087	1.269165	0.000081	1.264570	0.000094	1.261628	0.000061	0.989740	0.000390	1.269379	0.000104	1.268944	0.986961	
1357204151.470286	1.000000	25.967087	12.574783	3.847168	0.730280	0.010657	0.739731	0.010384	1.239834	0.000231	1.255744	0.000075	1.258510	0.000076	1.249863	0.000096	1.217199	0.000100	0.883214	0.000615	1357204151.470625	0.999882	38.366100	25.134116	4.091379	1.117070	0.000395	1.261363	0.000069	1.260480	0.000063	1.263050	0.000086	1.269311	0.000088	1.044862	0.000328	1.268761	0.000083	1.269039	0.987850	
1357204152.470283	0.999997	27.978557	14.580993	3.839840	0.782155	0.008016	0.839642	0.009362	1.103172	0.000412	1.145626	0.000113	1.255870	0.000109	1.260869	0.000076	1.259552	0.000076	1.110173	0.000714	1357204152.470747	1.000122	38.423059	25.174997	4.007979	1.103810	0.000641	1.266790	0.000091	1.267110	0.000089	1.268899	0.000775	1.264948	0.000066	1.204515	0.000775	1.267295	0.000120	1.268937	0.985005	
1357204153.470289	1.000006	27.877428	14.481832	3.794625	0.791518	0.006949	0.844828	0.009358	1.254275	0.000290	1.033610	0.000112	1.186765	0.000106	1.261419	0.000110	1.261740	0.000111	0.998331	0.000499	1357204153.470709	0.999962	38.355244	25.102255	4.026535	0.895745	0.000388	1.259600	0.000068	1.259312	0.000067	1.262785	0.000082	1.264085	0.000092	1.025459	0.000280	1.269228	0.000089	1.269016	0.987854	
1357204154.470288	0.999999	27.373134	13.972761	3.781025	0.750753	0.007279	0.803908	0.006268	1.262894	0.000290	0.989519	0.000115	1.261650	0.000090	1.260114	0.000059	1.260758	0.000060	1.026468	0.000411	1357204154.470748	1.000039	38.393625	25.132349	3.969983	0.955558	0.000385	1.269072	0.000092	1.269098	0.000089	1.269193	0.000099	1.277434	0.000062	1.227954	0.001917	1.267548	0.000108	1.268982	0.989023	
1357204155.470288	1.000000	27.147781	13.741043	3.717484	0.716789	0.009488	0.936079	0.003533	1.229853	0.000272	1.109395	0.000095	1.055741	0.000124	1.269883	0.000103	1.269093	0.000100	1.140336	0.000511	1357204155.470644	0.999896	38.369589	25.099426	3.932904	0.980332	0.000391	1.261124	0.000072	1.259836	0.000068	1.261911	0.000091	1.269183	0.000090	1.093988	0.000380	1.267107	0.000080	1.268900	0.986201	
1357204156.470282	0.999994	24.561853	11.155279	3.693351	0.622673	0.009891	0.742929	0.010338	0.855695	0.000377	0.815954	0.000130	1.051827	0.000105	0.856341	0.000089	0.943978	0.000081	0.964351	0.000555	1357204156.470704	1.000060	38.341050	25.079273	4.041795	0.902777	0.000480	1.269258	0.000080	1.269232	0.000076	1.269189	0.000098	1.269049	0.000057	0.960263	0.000382	1.270712	0.000098	1.269049	0.988386	
1357204157.470282	1.000000	24.490341	11.074921	3.774231	0.638074	0.010788	0.863228	0.001449	0.927654	0.000332	1.108537	0.000085	0.953438	0.000097	1.171998	0.000101	1.217144	0.000100	0.991950	0.000677	1357204157.470712	1.000008	38.742163	25.471824	3.932524	1.050003	0.000425	1.254188	0.000067	1.254285	0.000063	1.258938	0.000083	1.263833	0.000084	1.248466	0.007399	1.266175	0.000077	1.268986	0.983723	
1357204158.470299	1.000017	26.659690	13.259053	3.816571	0.713009	0.009979	0.794239	0.007227	1.081772	0.000327	0.987739	0.000123	1.263403	0.000096	1.150227	0.000076	1.027861	0.000084	1.009969	0.000534	1357204158.470761	1.000049	38.499391	25.224561	4.118481	0.922500	0.000420	1.269357	0.000083	1.269234	0.000107	1.269232	0.000093	1.269239	0.000059	1.258664	0.001978	1.268944	0.000118	1.268997	0.987076	
1357204159.470289	0.999990	26.410970	13.000115	3.655798	0.764324	0.007725	0.867284	0.007835	1.045063	0.000298	1.098344	0.000088	1.183637	0.000081	1.267355	0.000094	1.265671	0.000093	1.021251	0.000468	1357204159.470664	0.999903	38.378892	25.113017	3.882869	0.932216	0.000363	1.256988	0.000068	1.255903	0.000063	1.258728	0.000086	1.269120	0.000086	0.922677	0.000452	1.268839	0.000076	1.269057	0.988010	
1357204160.470289	1.000000	25.596649	12.174942	3.857620	0.676342	0.010778	0.766884	0.009993	1.033918	0.000296	1.150367	0.000104	1.171322	0.000128	1.076778	0.000080	1.022677	0.000083	0.893897	0.000559	1357204160.470649	0.999985	38.534545	25.263014	4.165651	1.056279	0.000344	1.265100	0.000099	1.263929	0.000086	1.265229	0.000087	1.265546	0.000060	1.230200	0.002349	1.269536	0.000105	1.269011	0.987517	
1357204161.470289	1.000000	23.683990	10.260605	3.824646	0.611002	0.014086	0.795806	0.006970	1.132987	0.000272	0.978110	0.000101	1.013804	0.000099	0.925469	0.000137	0.982786	0.000130	0.901231	0.000596	1357204161.470518	0.999869	38.335050	25.066452	4.409162	0.939755	0.000397	1.260627	0.000079	1.260603	0.000072	1.263311	0.000093	1.269048	0.000093	1.014304	0.000452	1.268761	0.000084	1.268917	0.987413	
1357204162.470282	0.999993	23.433283	10.012078	3.870434	0.600257	0.012322	0.676556	0.010898	0.978530	0.000355	1.002907	0.000119	1.152519	0.000103	1.156997	0.000075	0.982993	0.000086	0.910367	0.000527	1357204162.470746	1.000228	38.418383	25.130289	4.610888	1.010913	0.000385	1.269299	0.000086	1.269198	0.000087	1.268996	0.000094	1.268992	0.000059	1.027393	0.000406	1.269567	0.000101	1.269075	0.988644	
1357204163.470283	1.000001	27.539814	14.119799	3.811779	0.752604	0.008028	0.872059	0.010549	1.215497	0.000224	1.124243	0.000083	1.258244	0.000076	1.149684	0.000102	1.151604	0.000100	1.045027	0.000521	1357204163.470758	1.000012	38.362885	25.089774	3.970412	0.937357	0.000346	1.261068	0.000067	1.254648	0.000067	1.263197	0.000086	1.269097	0.000088	1.066740	0.000392	1.269162	0.000079	1.268987	0.989100	
1357204164.470286	1.000003	26.528925	13.105215	3.768146	0.817736	0.012926	1.144085	0.004021	1.146900	0.002475	1.146118	0.002631	1.165328	0.002576	1.163091	0.002352	1.147200	0.002173	1.126616	0.002731	1357204164.470714	0.999956	38.997158	25.715673	4.060528	1.164244	0.002466	1.156638	0.002742	1.131782	0.002522	1.114476	0.002769	1.161866	0.002260	1.208324	0.004203	1.166599	0.003557	1.265601	0.986576	
1357204165.470283	0.999997	25.007142	11.603643	3.768048	0.656166	0.011060	0.828651	0.001069	1.140986	0.000154	1.262978	0.000149	0.755287	0.002143	1.111272	0.000192	0.877279	0.000265	0.907857	0.000427	1357204165.470719	1.000005	38.648824	25.389292	3.843319	1.251237	0.000140	0.941034	0.000130	1.096360	0.000201	0.980518	0.000208	1.081093	0.000185	1.268791	0.004904	1.269011	0.000068	1.269077	0.988979	
1357204166.470283	1.000000	27.656235	14.234314	3.810425	0.743743	0.008732	0.769771	0.004688	1.089553	0.000160	1.262518	0.000195	1.012293	0.003904	1.258185	0.000194	1.260180	0.000164	0.957377	0.000412	1357204166.470776	1.000057	38.390284	25.111240	4.183203	1.260056	0.000217	1.269242	0.000164	1.266505	0.000256	1.269101	0.000197	1.267516	0.000186	1.259079	0.000191	1.269111	0.000127	1.269039	0.986567	
1357204167.470283	1.000000	25.856445	12.434372	3.828445	0.690866	0.009503	0.928786	0.004545	1.129729	0.000127	1.161584	0.000179	0.647151	0.005818	1.264037	0.000174	1.097924	0.000225	0.900302	0.000446	1357204167.470709	0.999933	38.355170	25.077684	4.129458	1.256362	0.000157	0.977171	0.000141	0.864175	0.000267	1.265626	0.000176	1.263834	0.000161	1.257178	0.000153	1.269338	0.000074	1.269007	0.987615	
1357204168.470286	1.000003	24.522538	11.099438	3.849018	0.622224	0.010102	0.921739	0.001809	0.712368	0.008834	1.073698	0.000160	1.149399	0.000161	1.025435	0.000182	0.904609	0.000281	0.942117	0.000405	1357204168.470719	1.000010	38.334669	25.052514	4.439988	1.260402	0.000201	1.123031	0.000179	0.880336	0.000344	0.812617	0.000286	0.927850	0.000222	1.261607	0.000176	1.269393	0.000109	1.269121	0.987178	
1357204169.470282	0.999996	28.121116	14.699934	3.776337	0.820800	0.006776	0.917621	0.004685	1.021312	0.001044	1.257582	0.000114	1.163994	0.000144	1.126384	0.000179	1.033935	0.000462	1.060684	0.000345	1357204169.470561	0.999842	38.324875	25.048500	3.766449	1.259106	0.000197	1.062892	0.000132	1.098457	0.000205	1.072219	0.000193	1.115883	0.000184	1.139979	0.000164	1.268874	0.000073	1.269083	0.988077	
1357204170.470282	1.000000	24.425735	11.003494	3.888519	0.613544	0.012820	0.748256	0.010468	1.156640	0.000201	1.059296	0.000217	1.193737	0.000208	1.099345	0.000149	1.219855	0.000194	0.918976	0.000372	1357204170.470619	1.000058	38.316201	25.034164	4.408390	1.167306	0.000317	1.143779	0.000220	1.102349	0.000185	1.138309	0.000180	1.107817	0.000133	0.880303	0.000272	1.269422	0.000114	1.268956	0.986508	
1357204171.470287	1.000005	715795684.860014	715802808.747351	715822217.067322	0.999950	1.000961	0.999947	1.000964	0.999951	1.000973	0.999949	1.000959	0.999951	1.000971	0.999951	1.000954	0.999951	1.000970	0.999949	1.000960	1357204171.470362	0.999743	715985519.671936	715947321.056916	715999844.932573	0.999950	1.000962	0.999947	1.000962	3.895729	0.256929	0.999949	1.000956	0.999951	1.000968	0.999952	1.000957	0.999949	1.000961	0.999951	1.000968	
1357204172.470323	1.000036	0.000000	0.000000	0.000000	-nan	-nan	-nan	-nan	1.000008	inf	-nan	-nan	-nan	0.000000	-nan	-nan	-nan	-nan	-nan	-nan	1357204172.470385	1.000023	0.000000	0.000000	0.000000	-nan	-nan	-nan	-nan	1.345745	inf	-nan	-nan	-nan	-nan	-nan	-nan	-nan	-nan	-nan	-nan	
1357204173.470492	1.000169	0.000000	0.000000	0.000000	-nan	-nan	-nan	-nan	0.000000	inf	-nan	-nan	-nan	0.000000	0.000000	inf	-nan	-nan	-nan	-nan	1357204173.470568	1.000183	0.000000	0.000000	0.000000	-nan	-nan	-nan	-nan	inf	-nan	-nan	-nan	-nan	-nan	-nan	-nan	-nan	-nan	-nan	-nan	
