ts_0	elapsed_0	pkg_0	pp0_0	dram_0	freq_ratio_0_0	c0_ratio_0_0	freq_ratio_0_1	c0_ratio_0_1	freq_ratio_0_2	c0_ratio_0_2	freq_ratio_0_3	c0_ratio_0_3	freq_ratio_0_4	c0_ratio_0_4	freq_ratio_0_5	c0_ratio_0_5	freq_ratio_0_6	c0_ratio_0_6	freq_ratio_0_7	c0_ratio_0_7	ts_1	elapsed_1	pkg_1	pp0_1	dram_1	freq_ratio_1_0	c0_ratio_1_0	freq_ratio_1_1	c0_ratio_1_1	freq_ratio_1_2	c0_ratio_1_2	freq_ratio_1_3	c0_ratio_1_3	freq_ratio_1_4	c0_ratio_1_4	freq_ratio_1_5	c0_ratio_1_5	freq_ratio_1_6	c0_ratio_1_6	freq_ratio_1_7	c0_ratio_1_7	
1356619806.285719	1.002024	55.154103	41.674275	5.610578	1.230775	0.955757	1.231995	0.993587	1.230782	0.955966	1.167340	0.000467	1.233132	0.000103	1.240023	0.000222	1.247858	0.000147	1.067470	0.000255	1356619806.286049	1.000769	68.443407	54.829286	5.897839	1.196662	0.957727	1.196717	0.957562	1.196718	0.957439	1.115328	0.000096	0.938886	0.000177	0.913800	0.000241	1.192275	0.846820	1.196749	0.958320	
1356619807.285715	0.999996	57.427586	43.911082	5.926004	1.230766	0.999956	1.230766	0.999956	1.230765	0.999956	1.230575	0.000266	1.245699	0.000007	1.231899	0.000457	1.230673	0.000060	1.233513	0.000027	1356619807.286037	0.999988	72.538295	58.820831	6.885702	1.192306	0.999978	1.192306	0.999978	1.192306	0.999978	1.191842	0.000065	1.193796	0.000027	1.193763	0.000045	1.192306	0.999978	1.192306	0.999978	
1356619808.285714	0.999999	57.513818	43.985424	5.921637	1.230763	0.999933	1.230763	0.999932	1.230763	0.999932	1.229737	0.000337	1.226232	0.000070	1.230752	0.002006	1.232009	0.000033	1.231136	0.000064	1356619808.286033	0.999996	72.659535	58.916987	6.852582	1.192306	0.999978	1.192306	0.999978	1.192306	0.999978	1.193206	0.000034	1.192100	0.000055	1.153218	0.000005	1.192306	0.999978	1.192306	0.999978	
1356619809.285715	1.000001	57.524725	43.979801	5.920511	1.230765	0.999956	1.230765	0.999955	1.230765	0.999956	1.230906	0.000267	1.230405	0.000007	1.230461	0.000104	1.234148	0.000060	1.231529	0.000027	1356619809.286039	1.000006	72.751870	58.972289	6.860967	1.192306	0.999814	1.192311	0.999956	1.192306	0.999796	1.192514	0.000060	1.193030	0.000028	1.196011	0.000043	1.192306	0.999795	1.192310	0.999924	
1356619810.285714	0.999999	57.520517	43.990276	5.884619	1.230764	0.999935	1.230764	0.999935	1.230764	0.999935	1.230304	0.000308	1.218742	0.000054	1.230952	0.000117	1.226630	0.000033	1.207382	0.000064	1356619810.286033	0.999994	72.779334	59.028336	6.896999	1.192306	0.999977	1.192306	0.999977	1.192306	0.999977	1.191321	0.000034	1.192266	0.000056	1.195064	0.000006	1.192306	0.999976	1.192306	0.999976	
1356619811.285714	1.000000	57.480377	43.946594	5.913132	1.230765	0.999956	1.230765	0.999956	1.230766	0.999956	1.230393	0.000266	1.215006	0.000008	1.225391	0.000105	1.214946	0.000059	1.284774	0.000026	1356619811.286034	1.000001	72.806464	59.046254	6.871896	1.192306	0.999976	1.192306	0.999976	1.192306	0.999976	1.192264	0.000059	1.190859	0.000028	1.179656	0.000043	1.192306	0.999976	1.192306	0.999976	
1356619812.285714	1.000000	57.535492	44.008789	5.934204	1.230762	0.999911	1.230762	0.999910	1.230761	0.999910	1.224266	0.000335	1.232434	0.000091	1.231265	0.000534	1.250208	0.000046	1.229915	0.000076	1356619812.286034	1.000000	72.830521	59.080688	6.887390	1.192306	0.999976	1.192306	0.999976	1.192306	0.999976	1.177827	0.000036	1.183815	0.000056	1.204263	0.000006	1.192306	0.999975	1.192306	0.999975	
1356619813.285714	1.000000	57.474289	43.959076	5.921753	1.230765	0.999957	1.230765	0.999957	1.230765	0.999957	1.230739	0.000251	1.243655	0.000007	1.231134	0.000124	1.226338	0.000055	1.233541	0.000027	1356619813.286035	1.000001	72.679649	58.968205	6.915582	1.192306	0.999975	1.192306	0.999975	1.192306	0.999975	1.198531	0.000088	1.203793	0.000046	1.202073	0.000050	1.192306	0.999977	1.192306	0.999977	
1356619814.285714	1.000000	57.466995	43.928848	5.917007	1.230763	0.999934	1.230763	0.999934	1.230764	0.999933	1.229638	0.000309	1.225448	0.000051	1.230786	0.000114	1.236051	0.000034	1.229240	0.000062	1356619814.286034	0.999999	72.795022	59.026897	6.850867	1.192306	0.999977	1.192306	0.999977	1.192306	0.999977	1.192499	0.000034	1.192417	0.000055	1.189514	0.000005	1.192306	0.999977	1.192306	0.999977	
1356619815.285714	1.000000	57.500595	43.976303	5.899033	1.230765	0.999956	1.230765	0.999955	1.230765	0.999955	1.230699	0.000282	1.212694	0.000007	1.230325	0.000105	1.230426	0.000055	1.181405	0.000029	1356619815.286032	0.999998	72.745225	58.998175	6.884229	1.192306	0.999977	1.192306	0.999977	1.192306	0.999977	1.192318	0.000058	1.191502	0.000028	1.192080	0.000042	1.192306	0.999977	1.192306	0.999977	
1356619816.285714	1.000000	57.512558	44.009445	5.889771	1.230763	0.999935	1.230764	0.999935	1.230763	0.999935	1.229596	0.000297	1.227948	0.000057	1.227851	0.000119	1.232847	0.000033	1.255362	0.000063	1356619816.286034	1.000002	72.635863	58.894480	6.902315	1.192306	0.999977	1.192306	0.999977	1.192306	0.999977	1.191960	0.000034	1.192786	0.000055	1.200643	0.000006	1.192306	0.999976	1.192306	0.999976	
1356619817.285714	1.000000	57.598892	44.045944	5.901901	1.230764	0.999934	1.230764	0.999933	1.230763	0.999933	1.230861	0.000268	1.224261	0.000295	1.231927	0.000187	1.230300	0.000056	1.229828	0.000027	1356619817.286035	1.000001	72.704795	58.903813	6.902368	1.192306	0.999976	1.192306	0.999976	1.192306	0.999976	1.192771	0.000061	1.192271	0.000029	1.192047	0.000043	1.192306	0.999975	1.192306	0.999975	
1356619818.285714	1.000000	57.698929	44.164291	5.913452	1.230529	0.999783	1.230529	0.999783	1.230529	0.999783	1.163135	0.002922	1.155326	0.002549	1.187169	0.004133	1.157142	0.002940	1.159391	0.002682	1356619818.286044	1.000009	72.858318	59.088393	6.881545	1.192203	0.999812	1.192203	0.999812	1.192203	0.999811	1.154398	0.002371	1.156333	0.002442	1.154429	0.002323	1.192203	0.999813	1.192203	0.999821	
1356619819.285714	1.000000	57.590698	44.073456	5.901108	1.230765	0.999956	1.230766	0.999957	1.230765	0.999956	1.230292	0.000275	1.251557	0.000036	1.232474	0.000105	1.232552	0.000061	1.232688	0.000026	1356619819.286032	0.999988	72.932815	59.195072	6.891394	1.192306	0.999978	1.192306	0.999978	1.192306	0.999978	1.192120	0.000069	1.191633	0.000051	1.195287	0.000044	1.192306	0.999978	1.192306	0.999978	
1356619820.285714	1.000000	57.612259	44.090515	5.918655	1.230763	0.999933	1.230763	0.999933	1.230764	0.999933	1.230189	0.000314	1.216448	0.000061	1.231102	0.000117	1.235031	0.000029	1.207988	0.000065	1356619820.286032	1.000000	72.944534	59.199554	6.915024	1.192306	0.999978	1.192306	0.999978	1.192306	0.999978	1.192568	0.000035	1.192460	0.000056	1.200044	0.000005	1.192306	0.999977	1.192306	0.999977	
1356619821.285714	1.000000	57.623016	44.093918	5.896118	1.230766	0.999952	1.230765	0.999952	1.230765	0.999952	1.231616	0.000259	1.230322	0.000008	1.230565	0.000105	1.230805	0.000063	1.286885	0.000026	1356619821.286035	1.000003	72.846820	59.088257	6.900980	1.192307	0.999702	1.192307	0.999718	1.192306	0.999667	1.192329	0.000062	1.191650	0.000029	1.191313	0.000044	1.192306	0.999667	1.192323	0.999946	
1356619822.285714	1.000000	57.638123	44.115341	5.931915	1.230763	0.999935	1.230763	0.999935	1.230764	0.999935	1.229337	0.000309	1.229637	0.000306	1.230589	0.000134	1.231569	0.000029	1.231718	0.000063	1356619822.286032	0.999997	72.882382	59.140564	6.878638	1.192306	0.999978	1.192306	0.999978	1.192306	0.999978	1.192495	0.000034	1.192401	0.000057	1.198714	0.000006	1.192306	0.999978	1.192306	0.999978	
1356619823.285714	1.000000	57.602982	44.079178	5.923874	1.230766	0.999956	1.230765	0.999956	1.230765	0.999956	1.230851	0.000265	1.235413	0.000008	1.231025	0.000123	1.229470	0.000062	1.162567	0.000028	1356619823.286032	1.000000	72.896942	59.146774	6.892227	1.192306	0.999978	1.192306	0.999978	1.192306	0.999978	1.192168	0.000059	1.192746	0.000064	1.179698	0.000043	1.192306	0.999977	1.192306	0.999977	
1356619824.285714	1.000000	57.596130	44.061142	5.915955	1.230763	0.999935	1.230764	0.999935	1.230763	0.999935	1.229186	0.000315	1.234188	0.000079	1.229896	0.000128	1.230900	0.000041	1.255954	0.000074	1356619824.286032	1.000000	73.007004	59.242249	6.893738	1.192306	0.999977	1.192306	0.999977	1.192306	0.999977	1.183657	0.000059	1.182771	0.000054	1.196131	0.000006	1.192306	0.999977	1.192306	0.999977	
1356619825.285714	1.000000	57.585068	44.059219	5.935089	1.230765	0.999955	1.230765	0.999956	1.230765	0.999956	1.230765	0.000268	1.215176	0.000007	1.232591	0.000105	1.229935	0.000061	1.230667	0.000026	1356619825.286044	1.000012	72.795275	59.042799	6.880457	1.192306	0.999977	1.192306	0.999977	1.192306	0.999977	1.199014	0.000079	1.203697	0.000045	1.202045	0.000050	1.192306	0.999976	1.192306	0.999976	
1356619826.285714	1.000000	57.555283	44.007645	5.925690	1.230764	0.999935	1.230763	0.999935	1.230764	0.999934	1.230585	0.000309	1.221770	0.000054	1.229525	0.000112	1.243329	0.000029	1.230812	0.000061	1356619826.286032	0.999988	72.906707	59.127750	6.878653	1.192306	0.999976	1.192306	0.999976	1.192306	0.999976	1.192735	0.000034	1.192247	0.000055	1.193578	0.000006	1.192306	0.999977	1.192306	0.999977	
1356619827.285714	1.000000	57.623001	44.099014	5.926437	1.230765	0.999956	1.230765	0.999956	1.230766	0.999956	1.229855	0.000265	1.231997	0.000254	1.230765	0.000125	1.225143	0.000060	1.164923	0.000028	1356619827.286031	0.999999	72.762215	59.017680	6.900412	1.192306	0.999977	1.192306	0.999977	1.192306	0.999977	1.192046	0.000059	1.191500	0.000029	1.192548	0.000044	1.192306	0.999977	1.192306	0.999977	
1356619828.285714	1.000000	58.297119	44.772980	5.923248	1.230761	0.999913	1.230761	0.999913	1.230761	0.999913	1.230723	0.075978	1.209269	0.000072	1.230757	0.001802	1.228942	0.000029	1.258206	0.000062	1356619828.285873	0.999842	72.392440	58.628286	6.885946	1.192305	0.924058	1.195221	0.999932	1.195221	0.999932	1.192483	0.000034	1.190710	0.000056	1.165112	0.000006	1.195223	0.999955	1.195223	0.999955	
1356619829.285714	1.000000	67.334167	53.735077	5.886642	1.230717	0.999456	1.230718	0.999456	1.230717	0.999456	1.230717	0.999455	1.192320	0.000258	1.192196	0.000104	1.195651	0.000061	1.198165	0.000027	1356619829.285874	1.000001	66.933728	53.081691	6.859201	1.192440	0.000018	1.230753	0.999868	1.230753	0.999868	1.192445	0.000058	1.191941	0.000028	1.196242	0.000043	1.230753	0.999867	1.230753	0.999868	
1356619830.285714	1.000000	67.443146	53.827820	5.902542	1.230712	0.999410	1.230712	0.999411	1.230712	0.999409	1.230712	0.999409	1.192323	0.000307	1.191743	0.000112	1.186156	0.000028	1.188827	0.000061	1356619830.285871	0.999997	66.947733	53.082303	6.862982	1.192228	0.000055	1.230751	0.999845	1.230752	0.999844	1.192069	0.000033	1.192376	0.000056	1.189461	0.000006	1.230751	0.999844	1.230751	0.999844	
1356619831.285714	1.000000	67.412186	53.795624	5.899048	1.230713	0.999435	1.230713	0.999435	1.230713	0.999434	1.230713	0.999433	1.192350	0.000274	1.192316	0.000139	1.192799	0.000058	1.193084	0.000027	1356619831.285869	0.999998	66.855108	52.992350	6.831876	1.192106	0.000011	1.230749	0.999824	1.230749	0.999824	1.192503	0.000080	1.192242	0.000039	1.192257	0.000042	1.230749	0.999824	1.230749	0.999824	
1356619832.285714	1.000000	67.461945	53.840515	5.890701	1.230686	0.999241	1.230686	0.999240	1.230687	0.999239	1.230687	0.999238	1.192484	0.000558	1.192488	0.000134	1.196116	0.000029	1.191839	0.000061	1356619832.285874	1.000005	66.878587	53.009515	6.851482	1.192613	0.000069	1.230751	0.999846	1.230751	0.999846	1.191923	0.000034	1.192778	0.000056	1.190343	0.000006	1.230751	0.999846	1.230751	0.999846	
1356619833.285715	1.000001	67.502850	53.875467	5.885248	1.230621	0.998907	1.230621	0.998906	1.230621	0.998906	1.230621	0.998905	1.191227	0.001038	1.191134	0.000431	1.190410	0.000061	1.172833	0.000072	1356619833.285879	1.000005	66.934464	53.061075	6.886303	1.192280	0.000093	1.230722	0.999617	1.230723	0.999617	1.192271	0.000259	1.193456	0.000039	1.192388	0.000170	1.230723	0.999624	1.230723	0.999617	
1356619834.285714	0.999999	67.526325	53.901297	5.917929	1.230710	0.999383	1.230710	0.999384	1.230710	0.999389	1.230710	0.999388	1.192404	0.000319	1.192865	0.000109	1.191927	0.000028	1.196653	0.000061	1356619834.285877	0.999998	66.969717	53.089762	6.946745	1.191868	0.000072	1.230753	0.999867	1.230753	0.999865	1.192689	0.000013	1.190769	0.000057	1.185609	0.000006	1.230750	0.999860	1.230753	0.999866	
1356619835.285714	1.000000	67.559799	53.944092	5.905518	1.230716	0.999455	1.230716	0.999455	1.230716	0.999453	1.230716	0.999454	1.192547	0.000273	1.191122	0.000102	1.189850	0.000059	1.176213	0.000027	1356619835.285876	0.999999	66.906390	53.053319	6.886069	1.192014	0.000032	1.230751	0.999846	1.230751	0.999846	1.179141	0.000043	1.194013	0.000029	1.181295	0.000044	1.230754	0.999845	1.230751	0.999846	
1356619836.285714	1.000000	67.531693	53.898438	5.870865	1.230703	0.999324	1.230703	0.999324	1.230704	0.999322	1.230703	0.999321	1.192847	0.000323	1.192834	0.000126	1.194852	0.000041	1.193737	0.000075	1356619836.285877	1.000001	66.871579	52.986125	6.867074	1.192549	0.000086	1.230751	0.999848	1.230752	0.999848	1.197586	0.000013	1.183178	0.000055	1.189873	0.000006	1.230752	0.999848	1.230752	0.999847	
1356619837.285714	1.000000	67.479370	53.869034	5.890167	1.230691	0.999054	1.230695	0.999227	1.230695	0.999225	1.230691	0.999049	1.191589	0.000522	1.191307	0.000124	1.193025	0.000059	1.192194	0.000027	1356619837.285881	1.000004	66.884266	53.016509	6.834018	1.192689	0.000032	1.230747	0.999648	1.230747	0.999646	1.200311	0.000063	1.202737	0.000045	1.202684	0.000050	1.230747	0.999614	1.230710	0.999701	
1356619838.285714	1.000000	67.581909	53.956223	5.896347	1.230607	0.999099	1.230607	0.999099	1.230607	0.999108	1.230607	0.999099	1.192655	0.000365	1.192378	0.001943	1.193154	0.000028	1.195107	0.000083	1356619838.285876	0.999995	66.910613	53.042151	6.872044	1.192339	0.000312	1.230736	0.999775	1.230736	0.999774	1.191502	0.000026	1.192604	0.000084	1.188959	0.000034	1.230736	0.999779	1.230736	0.999778	
1356619839.285715	1.000001	715811090.674497	715777311.966614	715800823.548272	0.999890	1.000497	0.999891	1.000513	0.999898	1.000500	0.999890	1.000498	0.999892	1.000503	0.999891	1.000490	0.999889	1.000496	0.999893	1.000508	1356619839.285796	0.999920	715859183.168650	715819418.424373	715868315.113088	0.999890	1.000498	0.999888	1.000501	3.899808	0.256526	0.999891	1.000501	0.999890	1.000502	0.999896	1.000508	0.999890	1.000499	0.999893	1.000509	
1356619840.285714	0.999999	0.000000	0.000000	0.000000	-nan	-nan	-nan	-nan	0.000000	inf	-nan	-nan	-nan	0.000000	0.000000	inf	-nan	-nan	-nan	-nan	1356619840.285783	0.999987	0.000000	0.000000	0.000000	-nan	-nan	-nan	-nan	0.000000	inf	-nan	-nan	-nan	-nan	-nan	-nan	-nan	-nan	-nan	-nan	
1356619841.285714	1.000000	0.000000	0.000000	0.000000	-nan	-nan	-nan	-nan	0.000000	inf	-nan	-nan	-nan	0.000000	-nan	-nan	-nan	-nan	-nan	-nan	1356619841.285784	1.000001	0.000000	0.000000	0.000000	-nan	-nan	-nan	-nan	inf	-nan	-nan	-nan	-nan	-nan	-nan	-nan	-nan	-nan	-nan	-nan	
1356619842.285713	0.999999	0.000000	0.000000	0.000000	-nan	-nan	-nan	-nan	-nan	-nan	-nan	-nan	-nan	0.000000	-nan	-nan	-nan	-nan	-nan	-nan	1356619842.285783	0.999999	0.000000	0.000000	0.000000	-nan	-nan	-nan	-nan	-nan	-nan	-nan	-nan	-nan	-nan	-nan	-nan	-nan	-nan	-nan	-nan	
