ts_0	elapsed_0	pkg_0	pp0_0	dram_0	freq_ratio_0_0	c0_ratio_0_0	freq_ratio_0_1	c0_ratio_0_1	freq_ratio_0_2	c0_ratio_0_2	freq_ratio_0_3	c0_ratio_0_3	freq_ratio_0_4	c0_ratio_0_4	freq_ratio_0_5	c0_ratio_0_5	freq_ratio_0_6	c0_ratio_0_6	freq_ratio_0_7	c0_ratio_0_7	ts_1	elapsed_1	pkg_1	pp0_1	dram_1	freq_ratio_1_0	c0_ratio_1_0	freq_ratio_1_1	c0_ratio_1_1	freq_ratio_1_2	c0_ratio_1_2	freq_ratio_1_3	c0_ratio_1_3	freq_ratio_1_4	c0_ratio_1_4	freq_ratio_1_5	c0_ratio_1_5	freq_ratio_1_6	c0_ratio_1_6	freq_ratio_1_7	c0_ratio_1_7	
1357204478.851854	1.037405	47.572641	34.347083	4.500041	1.153793	0.265421	1.153378	0.266810	1.153593	0.262731	1.155191	0.267679	1.153686	0.261812	1.155473	0.267935	1.154371	0.263533	1.154990	0.265872	1357204478.851928	1.000331	45.048599	31.863372	2.724532	0.999951	0.589466	0.999968	0.589087	1.000003	0.588825	0.999966	0.588816	1.000002	0.557807	0.957160	0.000434	1.006270	0.000082	0.999875	0.965948	
1357204479.851850	0.999996	44.685301	31.482931	4.870656	0.856462	0.670454	0.856857	0.668496	0.856855	0.668486	0.856859	0.668500	0.856845	0.668554	0.856852	0.668467	0.856851	0.668461	0.856851	0.668459	1357204479.851918	0.999990	44.539631	31.329125	2.944045	0.997784	0.527226	0.998210	0.652838	0.997784	0.527164	0.997784	0.527207	0.998216	0.655073	0.989925	0.000141	0.967663	0.000038	0.998730	0.982770	
1357204480.851846	0.999996	47.176705	33.969071	5.009267	0.830244	0.775877	0.830991	0.773369	0.831023	0.773276	0.831008	0.773328	0.830995	0.773363	0.831010	0.773325	0.831010	0.773323	0.831011	0.773322	1357204480.851920	1.000002	48.746474	35.546761	2.608348	0.968570	0.773643	0.968571	0.773686	0.968569	0.773641	0.968570	0.773670	0.968571	0.773684	0.965792	0.000437	0.966135	0.000415	0.975591	0.999234	
1357204481.851846	1.000000	47.424438	34.226257	5.028519	0.840792	0.728278	0.841372	0.725404	0.841407	0.725304	0.841361	0.725405	0.841357	0.725487	0.841401	0.725329	0.841403	0.725326	0.841379	0.725371	1357204481.851912	0.999992	47.594563	34.379200	2.911233	0.962859	0.725745	0.962864	0.725842	0.962858	0.725715	0.962862	0.725799	0.962863	0.725811	0.962414	0.000357	0.958132	0.000187	0.972879	0.999136	
1357204482.851851	1.000005	49.183210	35.961246	5.137975	0.821859	0.828934	0.822008	0.827140	0.822020	0.827124	0.822001	0.827195	0.822002	0.827251	0.822005	0.827132	0.822005	0.827129	0.822005	0.827127	1357204482.851929	1.000017	49.116890	35.890399	3.013041	0.947867	0.827392	0.947871	0.827458	0.947865	0.827360	0.947870	0.827439	0.947871	0.827452	0.959602	0.000257	0.936869	0.000230	0.956641	0.998565	
1357204483.851845	0.999994	50.469539	37.251977	5.147293	0.791938	0.936309	0.791880	0.935737	0.791876	0.935723	0.791885	0.935759	0.791893	0.935795	0.791873	0.935706	0.791873	0.935701	0.791873	0.935699	1357204483.851924	0.999995	50.221260	36.999911	2.530668	0.921123	0.935463	0.921125	0.935499	0.921122	0.935443	0.921126	0.935487	0.921126	0.935483	0.951939	0.000662	0.960758	0.000215	0.925943	0.997455	
1357204484.851846	1.000001	47.684449	34.466169	5.048930	0.835079	0.743716	0.835158	0.741433	0.835173	0.741374	0.835154	0.741403	0.835158	0.741417	0.835151	0.741381	0.835145	0.741368	0.835145	0.741351	1357204484.851927	1.000003	47.860142	34.640396	2.741675	0.958055	0.741886	0.958058	0.741951	0.958052	0.741854	0.958056	0.741933	0.958056	0.741937	0.964723	0.000286	0.958333	0.000237	0.968661	0.999002	
1357204485.851845	0.999999	48.646729	35.428211	5.059300	0.812483	0.824066	0.812557	0.822697	0.812560	0.822709	0.812565	0.822728	0.812568	0.822742	0.812556	0.822691	0.812556	0.822688	0.812556	0.822686	1357204485.851925	0.999998	48.617051	35.407523	2.679540	0.938267	0.823135	0.938269	0.823166	0.938265	0.823117	0.938268	0.823147	0.938269	0.823160	0.941955	0.000336	0.956934	0.000192	0.949023	0.998410	
1357204486.851845	1.000000	49.432861	36.214462	5.075119	0.813690	0.834338	0.813616	0.832831	0.813623	0.832859	0.813635	0.832913	0.813638	0.832925	0.813615	0.832825	0.813615	0.832821	0.813625	0.832865	1357204486.851928	1.000003	49.229660	36.005229	2.643775	0.942846	0.833166	0.942850	0.833212	0.942844	0.833128	0.942850	0.833205	0.942849	0.833204	0.946544	0.000302	0.964530	0.000253	0.952166	0.998404	
1357204487.851846	1.000001	50.826078	37.600871	5.192866	0.779737	0.997350	0.779738	0.997347	0.779738	0.997346	0.779739	0.997345	0.779739	0.997346	0.779740	0.997343	0.779740	0.997342	0.779741	0.997341	1357204487.851909	0.999981	50.765083	37.530730	2.583271	0.917307	0.997340	0.917307	0.997338	0.917307	0.997336	0.917308	0.997334	0.917308	0.997333	0.940150	0.000455	0.962473	0.000304	0.917312	0.997334	
1357204488.851849	1.000003	23.615207	10.361357	4.851944	0.810307	0.045295	0.835013	0.036485	0.834904	0.036349	0.834833	0.036302	0.833973	0.036437	0.834927	0.036309	0.834925	0.036304	0.834935	0.036301	1357204488.852305	1.000396	29.630707	16.360525	4.531393	0.894522	0.006105	0.934916	0.036203	0.934918	0.036202	0.934944	0.036215	0.934827	0.036144	0.885016	0.004146	0.935466	0.033838	0.997553	0.999827	
1357204489.851845	0.999996	18.444731	5.205710	5.350943	0.564110	0.017348	0.553872	0.000285	0.599136	0.000011	0.713057	0.000071	0.596155	0.000213	1.005541	0.000008	0.968315	0.000009	1.002615	0.000008	1357204489.852252	0.999947	28.763470	15.521833	5.667567	0.999879	0.000067	0.999793	0.000054	0.999992	0.000047	1.000109	0.000007	0.999882	0.000065	0.999801	0.000085	0.999492	0.000033	1.000000	1.000000	
1357204490.851846	1.000001	18.246702	5.010066	5.441386	0.556791	0.015938	0.670830	0.000263	0.662026	0.000088	0.842145	0.000026	0.615853	0.000186	0.857015	0.000065	0.655412	0.000076	0.705121	0.000076	1357204490.852223	0.999971	28.768888	15.516351	5.634411	1.000175	0.000029	0.994526	0.000020	0.998236	0.000057	0.999864	0.000071	1.001005	0.000006	0.999980	0.000057	0.999011	0.000075	1.000000	1.000000	
1357204491.851847	1.000001	21.927820	8.696479	5.083125	0.660138	0.010103	0.758201	0.000208	0.650801	0.000010	0.856075	0.000063	0.740633	0.000213	0.652937	0.000010	1.004601	0.000008	0.998972	0.000008	1357204491.852096	0.999873	28.765603	15.511477	5.007823	0.999823	0.000079	1.002138	0.000051	1.002656	0.000034	0.991353	0.000007	1.000150	0.000059	0.999710	0.000125	1.001473	0.000032	1.000000	1.000000	
1357204492.851857	1.000010	20.140820	6.896873	5.212487	0.616849	0.013891	0.681102	0.000272	0.734407	0.000083	0.998871	0.000017	0.610540	0.000173	0.906537	0.000057	0.905721	0.000056	0.907171	0.000058	1357204492.852103	1.000007	28.753891	15.499633	5.162974	0.999545	0.000023	1.000361	0.000015	1.000006	0.000070	1.000929	0.000061	0.994450	0.000007	1.000821	0.000060	1.000354	0.000072	1.000000	1.000000	
1357204493.851846	0.999989	18.982279	5.716646	5.220196	0.559575	0.013646	0.611452	0.000252	1.000048	0.000008	0.693687	0.000075	0.576002	0.000226	1.002900	0.000008	0.999759	0.000008	1.003088	0.000008	1357204493.852091	0.999988	28.755866	15.502062	5.240373	1.000055	0.000063	0.999884	0.000090	0.999389	0.000035	0.999630	0.000007	1.000762	0.000052	0.999895	0.000447	0.999339	0.000033	1.000000	1.000000	
1357204494.851845	0.999999	18.613085	5.342855	5.200139	0.573740	0.015298	0.630699	0.000280	0.728663	0.000083	0.999073	0.000017	0.577842	0.000181	0.704671	0.000076	0.699312	0.000072	0.692400	0.000076	1357204494.852105	1.000014	28.742760	15.490551	5.315965	1.000362	0.000021	1.000565	0.000016	1.000323	0.000052	1.000098	0.000082	0.993110	0.000008	1.000235	0.000067	0.978281	0.000077	1.000000	1.000000	
1357204495.851845	1.000000	20.878967	7.607254	5.060898	0.624576	0.012563	0.938699	0.002239	1.003096	0.000008	0.906171	0.000056	0.675013	0.000197	1.004188	0.000008	1.003569	0.000008	0.989975	0.000008	1357204495.852092	0.999987	28.753261	15.499456	4.908527	0.999922	0.000064	0.999918	0.000070	0.999978	0.000035	0.977705	0.000007	1.000720	0.000057	0.999832	0.000096	0.994755	0.000034	1.000000	1.000000	
1357204496.851849	1.000004	21.706623	8.437832	5.016520	0.654614	0.012407	0.835234	0.000210	0.721357	0.000086	0.998083	0.000017	0.661361	0.000196	0.989696	0.000051	0.911272	0.000060	0.987479	0.000052	1357204496.852259	1.000167	28.733196	15.485132	4.745042	1.000013	0.000030	1.000136	0.000017	1.000071	0.000070	1.001075	0.000061	0.998822	0.000008	1.000420	0.000076	1.017735	0.000105	1.000000	1.000000	
1357204497.851848	0.999999	18.735339	5.475957	5.283712	0.557556	0.014977	0.559832	0.000271	1.009621	0.000009	0.715833	0.000072	0.692820	0.000182	0.998015	0.000009	0.669828	0.000011	1.010162	0.000009	1357204497.852091	0.999832	28.719931	15.479347	5.446152	0.998373	0.000060	0.989452	0.000062	1.000105	0.000033	1.013515	0.000006	0.990108	0.000051	1.000162	0.000093	1.000000	0.000032	1.000000	1.000000	
1357204498.851845	0.999997	22.678247	9.408919	4.857696	0.692719	0.009337	0.920721	0.000219	0.992145	0.000081	1.015534	0.000031	0.670487	0.000183	1.006781	0.000076	0.798898	0.000083	0.932444	0.000081	1357204498.852228	1.000137	28.726759	15.482039	4.523641	1.002457	0.000040	1.009588	0.000067	0.999972	0.000068	1.000065	0.000077	1.001450	0.000007	0.999937	0.000376	1.000000	0.000106	1.000000	1.000000	
1357204499.851848	1.000003	20.176482	6.925485	5.044571	0.589419	0.012562	0.639069	0.000238	0.704558	0.000010	0.710344	0.000070	0.615200	0.000211	0.886596	0.000009	1.002906	0.000231	0.994114	0.000008	1357204499.852291	1.000063	28.720116	15.471454	5.165477	1.000007	0.000054	0.999757	0.000067	0.999989	0.000034	0.999072	0.000007	1.008485	0.000060	0.999984	0.000120	1.000058	0.000060	1.000000	1.000000	
1357204500.851853	1.000005	20.359334	7.144114	4.892065	0.595671	0.012973	0.746452	0.000227	0.945363	0.000073	0.997505	0.000017	0.750472	0.000140	0.847343	0.000058	0.999646	0.000045	0.860059	0.000059	1357204500.852249	0.999958	28.690627	15.446022	4.961954	0.999308	0.000025	1.000866	0.000016	0.987185	0.000056	0.999812	0.000059	0.984797	0.000007	0.999944	0.000062	0.999859	0.000071	1.000000	1.000000	
1357204501.851847	0.999994	18.645955	5.419481	4.982604	0.575160	0.016991	0.555657	0.000284	0.650569	0.000010	0.704903	0.000074	0.702024	0.000219	0.676511	0.000011	0.999521	0.000008	0.660616	0.000328	1357204501.852093	0.999844	28.714301	15.464447	5.556286	1.000361	0.000060	0.999769	0.000053	1.002763	0.000256	1.001839	0.000008	0.986507	0.000067	0.999997	0.000137	0.999880	0.000042	1.000000	1.000000	
1357204502.851845	0.999998	21.759166	8.535752	4.500009	0.650510	0.010334	0.719407	0.000240	0.721724	0.000083	0.998646	0.000017	0.673610	0.000160	0.693955	0.000076	0.684144	0.000073	0.896513	0.000323	1357204502.852207	1.000114	28.682339	15.440623	4.528232	0.999891	0.000021	0.996613	0.000016	0.999380	0.000052	0.999762	0.000061	1.139734	0.000007	1.000163	0.000057	1.000187	0.000085	1.000000	1.000000	
1357204503.851859	1.000014	22.838042	9.613650	4.734263	0.709101	0.010471	0.999500	0.064323	1.006567	0.000008	0.750325	0.000066	0.731537	0.000863	1.002264	0.000008	0.997362	0.000008	0.656327	0.000010	1357204503.852106	0.999899	28.705951	15.458411	4.844133	0.999765	0.000090	1.000138	0.000374	1.001117	0.000035	1.001461	0.000007	1.000250	0.000063	0.999909	0.000403	0.999035	0.000033	1.000000	1.000000	
1357204504.851852	0.999993	18.410329	5.192602	5.013310	0.560886	0.016744	0.665719	0.000110	0.684049	0.000090	0.807736	0.000021	0.601194	0.000174	0.683196	0.000073	0.709008	0.000070	0.613801	0.000084	1357204504.852256	1.000150	28.705870	15.458055	5.557501	1.000487	0.000025	0.998608	0.000016	0.987606	0.000056	0.999904	0.000060	0.998904	0.000007	1.000505	0.000056	1.000365	0.000070	1.000000	1.000000	
1357204505.851846	0.999994	18.204576	4.971740	5.163834	0.542869	0.016525	0.918901	0.003325	0.461536	0.000014	0.851519	0.000062	0.666946	0.000269	0.997532	0.000008	0.999664	0.000008	0.507174	0.000015	1357204505.852276	1.000020	28.708928	15.459178	5.758613	0.999877	0.000060	1.000338	0.000059	1.006783	0.000101	0.973815	0.000007	0.999817	0.000059	1.000064	0.000102	0.996224	0.000046	1.000000	1.000000	
1357204506.851845	0.999999	19.101840	5.869665	4.883473	0.583241	0.015588	0.660420	0.000418	0.924959	0.000118	1.001093	0.000048	0.671677	0.000264	0.770753	0.000090	0.901347	0.000079	0.783589	0.000098	1357204506.852084	0.999808	28.716098	15.466607	5.365822	0.999991	0.000130	0.999956	0.000177	0.999989	0.000070	1.001982	0.000095	1.000109	0.000007	0.999960	0.000242	1.002290	0.000071	1.000000	1.000000	
1357204507.851846	1.000001	22.150751	8.917060	4.659984	0.666769	0.010052	0.631656	0.000092	0.998825	0.000008	0.720018	0.000062	0.740102	0.000179	1.018327	0.000008	1.007712	0.000008	1.000636	0.000008	1357204507.852093	1.000009	28.658645	15.425733	4.577824	0.999851	0.000052	1.000059	0.000071	0.999888	0.000034	0.999890	0.000007	1.000316	0.000049	0.999786	0.000090	1.000037	0.000032	1.000000	1.000000	
1357204508.851845	0.999999	18.853152	5.619711	5.114354	0.577334	0.017061	0.812878	0.000102	0.681527	0.000088	0.812603	0.000021	0.604071	0.000173	0.634521	0.000078	0.839730	0.000065	0.903207	0.000063	1357204508.852318	1.000225	28.734927	15.479274	5.622468	1.000149	0.000023	0.999965	0.000077	1.000022	0.000054	0.999884	0.000060	0.998145	0.000006	0.999756	0.000363	0.997749	0.000068	1.000000	1.000000	
1357204509.851856	1.000011	19.263537	6.030543	5.038092	0.560071	0.015627	0.609505	0.000094	0.660220	0.000011	0.648525	0.000076	0.611411	0.000212	0.664036	0.000011	0.662279	0.000011	1.001521	0.000009	1357204509.852102	0.999784	28.676620	15.442239	5.344294	0.999870	0.000062	0.999963	0.000094	0.999030	0.000035	1.001154	0.000007	0.989834	0.000053	1.000637	0.000110	1.004820	0.000033	1.000000	1.000000	
1357204510.851846	0.999990	18.567416	5.346733	5.033391	0.565383	0.016824	0.641039	0.000147	0.626173	0.000118	0.684502	0.000047	0.565163	0.000211	0.654578	0.000110	0.917115	0.000071	0.660394	0.000103	1357204510.852279	1.000177	28.700443	15.456784	5.477211	0.999734	0.000104	1.000000	0.000059	1.000487	0.000068	0.999767	0.000078	1.004615	0.000007	0.980229	0.000032	1.000009	0.000085	1.000000	1.000000	
1357204511.851845	0.999999	20.495045	7.262336	4.948232	0.602296	0.012942	0.632595	0.000110	0.461801	0.000014	0.937059	0.000064	0.710063	0.000219	0.999508	0.000008	0.658100	0.000011	0.988214	0.000008	1357204511.852296	1.000017	28.692752	15.449308	4.982612	1.000015	0.000126	0.999903	0.000079	0.999919	0.000048	0.999891	0.000007	1.006639	0.000076	1.005416	0.000126	1.000000	0.000055	1.000000	1.000000	
1357204512.851845	1.000000	20.470306	7.237137	4.851654	0.612839	0.013296	0.748548	0.000149	0.837184	0.000143	0.824633	0.000020	0.751054	0.000143	0.739789	0.000068	0.740209	0.000071	0.765975	0.000066	1357204512.852204	0.999908	28.696763	15.449313	4.965987	1.001099	0.000023	0.999736	0.000044	1.000039	0.000069	0.999987	0.000058	0.999568	0.000007	0.999784	0.000032	1.000086	0.000089	1.000000	1.000000	
1357204513.851845	1.000000	27.763458	14.528152	4.423691	0.996641	0.009281	1.000001	0.002682	0.998539	0.002494	0.999997	0.002503	1.000023	0.002561	1.000011	0.002323	1.000007	0.002402	0.998204	0.002261	1357204513.852091	0.999887	28.784091	15.539064	3.968939	0.999998	0.002562	1.000006	0.002510	0.999985	0.002423	0.999993	0.002332	1.000007	0.001758	0.999987	0.003081	0.999956	0.003395	1.000000	1.000000	
1357204514.851857	1.000012	21.428105	8.193689	4.779469	0.652852	0.012327	0.742651	0.000103	0.922401	0.000068	0.999765	0.000016	0.666095	0.000157	0.920293	0.000066	0.910633	0.000059	0.921278	0.000063	1357204514.852101	1.000010	28.691745	15.445906	4.761885	0.999740	0.000077	0.999963	0.000041	1.000672	0.000052	1.000278	0.000062	0.995725	0.000009	1.000526	0.000032	1.001736	0.000094	1.000000	1.000000	
1357204515.851846	0.999989	22.921257	9.688949	4.693563	0.721545	0.008703	0.950492	0.002126	0.994699	0.000008	0.999969	0.000050	0.804775	0.000164	0.999467	0.000008	0.985800	0.000008	1.000926	0.000008	1357204515.852094	0.999993	28.681885	15.441757	4.296615	1.000056	0.000048	0.999977	0.000068	1.000014	0.000055	0.978854	0.000007	0.999904	0.000052	0.999542	0.000079	0.994685	0.000032	1.000000	1.000000	
1357204516.851846	1.000000	18.558151	5.322830	5.099503	0.571434	0.016353	0.694671	0.000105	0.640932	0.000100	0.999534	0.000017	0.599790	0.000212	0.684051	0.000075	0.701257	0.000072	0.685562	0.000074	1357204516.852090	0.999996	28.707300	15.461397	5.554283	0.999916	0.000023	1.000066	0.000041	1.000040	0.000058	1.002449	0.000062	1.006208	0.000007	1.000621	0.000063	1.001571	0.000101	1.000000	1.000000	
1357204517.851845	0.999999	18.540103	5.303533	5.117803	0.563070	0.017757	0.627033	0.000177	0.906895	0.000009	0.688100	0.000075	0.583901	0.000219	0.591745	0.000032	0.671137	0.000012	0.640878	0.000013	1357204517.852300	1.000210	28.695999	15.455662	5.638006	1.000218	0.000062	0.999995	0.000077	0.999868	0.000035	1.000264	0.000022	0.999660	0.000053	1.000030	0.000089	0.999604	0.000032	1.000000	1.000000	
1357204518.851857	1.000012	18.959369	5.738289	5.036546	0.573762	0.015841	0.746416	0.000190	0.669345	0.000091	0.812852	0.000022	0.638439	0.000161	0.681023	0.000082	0.620875	0.000080	0.659460	0.000080	1357204518.852244	0.999944	28.717597	15.473615	5.214342	0.999859	0.000027	0.999875	0.000077	0.999974	0.000060	0.999981	0.000062	1.000698	0.000007	1.000010	0.000350	1.000177	0.000081	1.000000	1.000000	
1357204519.851849	0.999992	21.652458	8.417610	4.802590	0.656381	0.010392	0.765742	0.000075	0.649141	0.000010	0.701423	0.000070	0.644454	0.000202	0.646105	0.000010	0.652496	0.000010	0.999902	0.000008	1357204519.852103	0.999859	28.703080	15.456218	4.843364	0.999809	0.000079	1.000043	0.000080	0.999989	0.000035	0.991951	0.000007	0.999934	0.000064	1.000150	0.000067	0.999369	0.000032	1.000000	0.999997	
1357204520.851845	0.999996	715807593.229553	715787579.837630	715822137.387180	0.999948	1.000945	0.999945	1.000945	0.999956	1.000948	0.999947	1.000942	0.999948	1.000952	0.999949	1.000939	0.999948	1.000950	0.999947	1.000944	1357204520.851943	0.999840	715888711.161729	715928749.341040	715882877.475731	0.999948	1.000947	0.999944	1.000944	3.895905	0.256913	0.999946	1.000940	0.999948	1.000953	0.999949	1.000939	0.999947	1.000946	0.999948	1.000947	
1357204521.851844	0.999999	0.000000	0.000000	0.000000	-nan	-nan	-nan	-nan	0.000000	inf	-nan	-nan	-nan	0.000000	-nan	-nan	-nan	-nan	-nan	-nan	1357204521.851927	0.999984	0.000000	0.000000	0.000000	-nan	-nan	-nan	-nan	0.000000	inf	-nan	-nan	-nan	-nan	-nan	-nan	-nan	-nan	-nan	-nan	
1357204522.851871	1.000027	0.000000	0.000000	0.000000	-nan	-nan	-nan	-nan	0.000000	inf	-nan	-nan	-nan	-nan	-nan	-nan	-nan	-nan	-nan	-nan	1357204522.851962	1.000035	0.000000	0.000000	0.000000	-nan	-nan	-nan	-nan	-nan	-nan	-nan	-nan	-nan	-nan	-nan	-nan	-nan	-nan	-nan	-nan	
