ts_0	elapsed_0	pkg_0	pp0_0	dram_0	freq_ratio_0_0	c0_ratio_0_0	freq_ratio_0_1	c0_ratio_0_1	freq_ratio_0_2	c0_ratio_0_2	freq_ratio_0_3	c0_ratio_0_3	freq_ratio_0_4	c0_ratio_0_4	freq_ratio_0_5	c0_ratio_0_5	freq_ratio_0_6	c0_ratio_0_6	freq_ratio_0_7	c0_ratio_0_7	ts_1	elapsed_1	pkg_1	pp0_1	dram_1	freq_ratio_1_0	c0_ratio_1_0	freq_ratio_1_1	c0_ratio_1_1	freq_ratio_1_2	c0_ratio_1_2	freq_ratio_1_3	c0_ratio_1_3	freq_ratio_1_4	c0_ratio_1_4	freq_ratio_1_5	c0_ratio_1_5	freq_ratio_1_6	c0_ratio_1_6	freq_ratio_1_7	c0_ratio_1_7	
1352518450.318142	1.023095	43.620712	30.202531	5.347061	0.999892	0.888581	0.999830	0.925477	1.000001	0.887303	1.000040	0.012068	1.000033	0.010540	0.999982	0.003361	1.000007	0.004932	0.996208	0.004138	1352518450.318257	1.000399	41.711456	28.398624	4.790431	0.999939	0.907860	0.999971	0.907401	0.995531	0.008729	0.998807	0.004339	0.997388	0.005349	0.999882	0.003855	0.994818	0.004139	1.000000	0.730221	
1352518451.318129	0.999987	47.118263	33.639678	5.924669	0.999999	0.983842	0.999999	0.983873	0.999999	0.983502	0.999803	0.014183	0.999866	0.011483	0.999694	0.005878	0.999734	0.004681	0.999642	0.004155	1352518451.318271	1.000014	46.840085	33.442401	5.313478	1.000001	0.983593	1.000001	0.983517	1.000045	0.006869	1.000094	0.007713	1.000120	0.004432	1.000232	0.004335	1.000344	0.004398	1.000002	0.721760	
1352518452.318175	1.000046	46.664845	33.204039	5.920977	0.999999	0.978068	1.000000	0.978196	1.000000	0.977717	0.999957	0.014857	1.000026	0.010806	1.000155	0.005785	1.000131	0.005004	0.999983	0.004447	1352518452.318304	1.000033	44.185711	30.793558	5.332878	1.000000	0.977817	1.000000	0.977731	0.999994	0.131638	0.999996	0.033298	1.000002	0.053997	0.999988	0.004979	1.000005	0.004773	1.000000	0.517793	
1352518453.318283	1.000108	46.523357	33.044420	5.921281	1.000001	0.985148	1.000000	0.985205	1.000000	0.984850	0.999978	0.012146	0.999996	0.010179	0.999794	0.006955	0.999802	0.005128	0.999951	0.004526	1352518453.318408	1.000104	45.451895	32.052881	5.326137	1.000000	0.984908	1.000000	0.984863	0.999959	0.008886	0.999910	0.009144	1.000001	0.721605	0.999976	0.004835	0.999934	0.004395	0.999412	0.002599	
1352518454.318119	0.999836	46.171743	32.709238	5.895559	1.000000	0.979782	1.000000	0.979776	1.000000	0.979398	0.999962	0.012444	1.000016	0.009546	1.000007	0.007745	0.999996	0.004841	1.000200	0.004755	1352518454.318217	0.999809	44.460273	31.076079	5.280641	1.000000	0.979472	1.000000	0.979414	0.999947	0.008139	0.999984	0.010477	1.000000	0.684344	0.999963	0.004359	0.999890	0.004236	0.999978	0.002406	
1352518455.318126	1.000007	47.214227	33.739528	5.926000	0.999999	0.973399	1.000000	0.973580	1.000000	0.972998	0.999917	0.012383	1.000063	0.009007	1.000032	0.010900	1.000143	0.005065	0.999904	0.004761	1352518455.318237	1.000020	45.110211	31.726019	5.341019	1.000000	0.973117	1.000000	0.973025	1.000009	0.009125	0.999965	0.007348	1.000000	0.710891	0.999791	0.004747	0.999988	0.004531	0.999682	0.002164	
1352518456.318123	0.999997	46.651878	33.172375	5.942905	1.000000	0.999976	1.000000	0.999968	1.000000	0.999972	0.999905	0.012024	1.000025	0.011761	0.999916	0.009782	0.999949	0.005255	0.999961	0.005481	1352518456.318222	0.999985	42.259927	28.858542	5.329121	1.000000	1.000000	1.000000	0.999983	0.999932	0.012205	1.000002	0.710280	0.999648	0.006248	1.000064	0.002597	0.999899	0.005244	0.999802	0.002625	
1352518457.318132	1.000009	47.550961	34.067562	5.912773	1.000001	0.968095	1.000000	0.968214	1.000001	0.967542	1.000007	0.202885	0.999996	0.088974	1.000053	0.010233	1.000107	0.005010	1.000020	0.004819	1352518457.318268	1.000046	42.225489	28.808611	5.348356	0.999999	0.967744	0.999999	0.967614	0.999983	0.059302	0.999995	0.401052	0.999552	0.002408	0.999698	0.002700	0.999947	0.004729	0.999567	0.002882	
1352518458.318115	0.999983	49.549392	36.029281	5.898568	1.000000	0.994413	1.000000	0.994396	1.000000	0.994346	0.999999	0.494955	1.000002	0.242299	0.999964	0.011145	0.999960	0.006873	0.999938	0.004910	1352518458.318201	0.999933	40.484478	27.056241	5.380030	1.000000	0.994397	1.000000	0.994363	0.999924	0.008104	0.999847	0.005953	1.000124	0.002679	1.000227	0.003105	0.999831	0.005253	1.000189	0.003205	
1352518459.318129	1.000014	49.787080	36.254190	5.899316	1.000000	0.806421	1.000000	0.959467	1.000000	0.958618	0.999998	0.523415	0.999998	0.373924	0.999941	0.008832	1.000174	0.007143	0.999937	0.004482	1352518459.318245	1.000044	42.393134	28.951817	5.407919	1.000000	0.958865	1.000001	0.958688	1.000000	0.007181	1.000095	0.008016	1.000271	0.003549	1.000054	0.002970	1.000026	0.004763	0.999749	0.003014	
1352518460.318118	0.999989	49.940367	36.427188	5.905903	1.000000	0.233261	1.000000	0.998173	1.000000	0.998125	1.000000	0.998116	1.000001	0.506946	0.999971	0.008002	0.999802	0.007019	1.000056	0.004813	1352518460.318198	0.999953	41.011143	27.578963	5.382775	0.999999	0.998166	1.000000	0.998139	0.999808	0.007370	0.999938	0.009566	0.999796	0.005417	0.999871	0.003065	1.000031	0.005141	1.000077	0.003512	
1352518461.318126	1.000008	50.202199	36.679466	5.900465	0.999995	0.385312	1.000000	0.972431	1.000000	0.971816	1.000000	0.971800	1.000000	0.318113	1.000012	0.048464	1.000006	0.007956	0.999896	0.004226	1352518461.318255	1.000057	42.151346	28.717800	5.374587	1.000001	0.971970	0.999999	0.971855	1.000017	0.010263	0.999934	0.009184	0.999883	0.004805	0.999793	0.002931	0.999903	0.004765	0.999645	0.003144	
1352518462.318122	0.999996	48.640868	35.140890	5.923928	0.999998	0.193290	1.000000	0.995535	1.000000	0.995408	1.000000	0.995391	1.000003	0.498857	0.999976	0.057099	0.999978	0.007994	0.999976	0.004732	1352518462.318202	0.999947	41.332296	27.915189	5.385096	1.000000	0.995438	1.000000	0.995425	0.999984	0.010196	1.000066	0.009856	1.000054	0.006411	1.000302	0.003104	1.000134	0.005475	0.999986	0.003461	
1352518463.318129	1.000007	49.510095	35.977626	5.888219	1.000000	0.597198	1.000000	0.880603	1.000000	0.958800	1.000000	0.958778	0.999999	0.199355	0.999955	0.004711	0.999940	0.006821	0.999970	0.028024	1352518463.318251	1.000049	42.812610	29.371574	5.375804	1.000000	0.959042	1.000000	0.958896	0.999900	0.010754	0.999883	0.011629	0.999983	0.005535	0.999669	0.002924	1.000014	0.005551	0.999864	0.002545	
1352518464.318124	0.999995	49.030427	35.505381	5.886489	1.000000	0.997319	1.000001	0.734613	1.000000	0.997218	1.000000	0.997218	0.999715	0.007824	1.000040	0.003962	1.000040	0.009244	1.000013	0.004330	1352518464.318222	0.999971	40.866713	27.435902	5.358066	1.000000	0.997249	1.000000	0.997245	0.999985	0.012372	1.000051	0.012739	0.999930	0.004777	1.000118	0.002942	0.999796	0.005230	0.999919	0.002943	
1352518465.318115	0.999991	49.228229	35.714557	5.900230	1.000000	0.971601	1.000000	0.700366	1.000000	0.971249	1.000000	0.971223	0.999968	0.005312	0.999907	0.005436	0.999932	0.007715	0.999903	0.004047	1352518465.318223	1.000001	42.465734	29.050586	5.300517	1.000000	0.971415	1.000000	0.971296	0.999900	0.010741	0.999999	0.010241	1.000212	0.004359	1.000142	0.002735	1.000220	0.004679	1.000265	0.002415	
1352518466.318116	1.000001	48.823775	35.291150	5.916834	1.000000	1.000000	1.000000	0.731661	1.000000	1.000000	1.000000	1.000000	0.999924	0.004683	0.999945	0.006172	0.999979	0.008435	0.999829	0.004721	1352518466.318190	0.999967	41.387348	27.954762	5.385126	1.000000	1.000000	0.999999	1.000000	0.999979	0.011837	0.999953	0.012080	0.999779	0.004768	0.999885	0.003003	0.999810	0.005309	0.999706	0.003013	
1352518467.318128	1.000012	715793174.847033	715771133.750149	715785958.823024	0.999944	1.000275	0.999945	1.000289	0.999947	1.000288	0.999946	1.000276	0.999947	1.000284	0.999949	1.000274	0.999947	1.000284	0.999946	1.000279	1352518467.318221	1.000031	715800509.352377	715748306.415857	715773593.433553	0.999947	1.000285	0.999943	1.000278	3.896049	0.256730	0.999946	1.000278	0.999947	1.000281	0.999949	1.000279	0.999946	1.000282	0.999948	1.000285	
1352518468.318234	1.000106	0.000000	0.000000	0.000000	-nan	-nan	-nan	-nan	1.000008	inf	-nan	-nan	-nan	0.000000	-nan	-nan	-nan	-nan	-nan	-nan	1352518468.318316	1.000095	0.000000	0.000000	0.000000	-nan	-nan	-nan	-nan	1.345745	inf	-nan	-nan	-nan	-nan	-nan	-nan	-nan	-nan	-nan	-nan	
