ts_0	elapsed_0	pkg_0	pp0_0	dram_0	freq_ratio_0_0	c0_ratio_0_0	freq_ratio_0_1	c0_ratio_0_1	freq_ratio_0_2	c0_ratio_0_2	freq_ratio_0_3	c0_ratio_0_3	freq_ratio_0_4	c0_ratio_0_4	freq_ratio_0_5	c0_ratio_0_5	freq_ratio_0_6	c0_ratio_0_6	freq_ratio_0_7	c0_ratio_0_7	ts_1	elapsed_1	pkg_1	pp0_1	dram_1	freq_ratio_1_0	c0_ratio_1_0	freq_ratio_1_1	c0_ratio_1_1	freq_ratio_1_2	c0_ratio_1_2	freq_ratio_1_3	c0_ratio_1_3	freq_ratio_1_4	c0_ratio_1_4	freq_ratio_1_5	c0_ratio_1_5	freq_ratio_1_6	c0_ratio_1_6	freq_ratio_1_7	c0_ratio_1_7	
1357207518.573539	1.001742	51.095278	37.662667	5.556194	1.154533	0.398099	1.153658	0.392542	1.154295	0.394619	1.154739	0.396863	1.154352	0.397159	1.154579	0.395340	1.154632	0.395881	1.154044	0.392672	1357207518.573667	1.000371	46.432924	32.887976	5.236628	0.999869	0.812157	0.999969	0.889848	1.000003	0.814190	0.999971	0.650673	1.005281	0.000032	1.003539	0.000070	1.000013	0.049255	0.999871	0.791718	
1357207519.573535	0.999996	63.363660	49.623660	7.004484	1.000000	0.999544	0.999976	0.999562	1.000000	0.999466	1.000000	0.999542	1.000000	0.999541	1.000000	0.999541	0.999994	0.000435	1.000706	0.000193	1357207519.573661	0.999994	62.950891	48.996584	8.178912	1.000000	0.999564	1.000000	0.999563	1.000000	1.000000	1.000000	1.000000	1.001557	0.000076	0.996715	0.000007	1.000000	0.999925	1.000000	0.999963	
1357207520.573534	0.999999	64.010193	50.275927	7.029990	0.999907	0.999927	0.999906	0.999969	0.999907	0.999926	0.999907	0.999925	0.999908	0.999943	0.999907	0.999924	0.999861	0.003527	0.999855	0.002982	1357207520.573666	1.000005	63.585665	49.650462	8.105092	0.999905	0.999944	0.999905	0.999969	0.999905	0.999928	0.999905	0.999969	0.999863	0.002514	0.999870	0.002524	0.999905	0.999928	0.999905	0.999977	
1357207521.573535	1.000001	63.586411	49.844816	7.036218	0.999990	0.999679	0.999977	0.999700	0.999991	0.999677	1.000001	0.999648	1.000000	0.999647	0.999991	0.999675	1.000006	0.000621	0.999991	0.002936	1357207521.573659	0.999993	63.067544	49.117420	8.197475	1.000000	0.999710	1.000000	1.000000	1.000000	0.999662	1.000000	1.000000	0.999955	0.000246	1.000043	0.000232	1.000000	0.999708	1.000000	0.999751	
1357207522.573534	0.999999	63.544952	49.820711	7.018485	1.000000	1.000000	1.000001	1.000001	1.000001	1.000000	1.000000	1.000000	1.000000	1.000000	1.000000	1.000001	1.000060	0.000425	1.000477	0.000101	1357207522.573649	0.999990	63.099860	49.162327	8.114171	1.000000	1.000000	1.000000	1.000000	1.000000	1.000000	1.000000	1.000000	0.999967	0.000035	0.999718	0.000046	1.000000	1.000000	1.000000	1.000000	
1357207523.573536	1.000002	63.413087	49.682980	6.966509	1.000000	0.999672	0.999999	0.999708	1.000000	1.000000	1.000000	0.999670	1.000000	0.999670	1.000000	0.999705	1.000147	0.000406	0.999235	0.000141	1357207523.573658	1.000009	63.171577	49.209240	8.074466	1.000000	0.999668	1.000000	0.999707	1.000000	0.999668	1.000000	0.999151	0.999255	0.000067	1.001794	0.000006	1.000000	0.999666	0.999984	0.999347	
1357207524.573534	0.999998	63.338698	49.640552	7.004072	1.000000	1.000000	1.000000	1.000000	1.000000	1.000000	1.000000	1.000000	1.000000	1.000000	1.000000	1.000000	0.999838	0.000397	1.001129	0.000144	1357207524.573650	0.999992	63.188989	49.257144	8.085423	1.000000	1.000000	1.000000	1.000000	1.000000	1.000000	1.000000	1.000000	1.000493	0.000058	1.000247	0.000056	1.000000	1.000000	1.000000	1.000000	
1357207525.573534	1.000000	63.236160	49.516373	6.989410	1.000000	1.000000	1.000000	1.000000	1.000000	1.000000	1.000000	1.000000	1.000000	1.000000	1.000000	1.000000	1.000019	0.000422	0.999662	0.000233	1357207525.573648	0.999998	62.956175	49.001848	8.107361	1.000000	1.000000	1.000000	1.000000	1.000000	1.000000	1.000000	1.000000	1.000076	0.000066	1.000000	0.000007	1.000000	1.000000	1.000000	1.000000	
1357207526.573534	1.000000	63.252731	49.560196	7.042831	1.000000	1.000000	1.000000	1.000000	0.999999	1.000000	1.000000	1.000000	1.000000	1.000000	1.000000	1.000000	1.000067	0.000412	1.000434	0.000399	1357207526.573653	1.000005	62.922674	48.989806	8.089300	1.000000	1.000000	1.000000	1.000000	1.000000	1.000000	1.000000	1.000000	1.001136	0.000049	0.990274	0.000052	1.000000	1.000000	1.000000	1.000000	
1357207527.573534	1.000000	63.302933	49.568604	7.016861	1.000000	1.000000	1.000000	1.000000	1.000001	1.000000	1.000000	1.000001	1.000000	1.000000	1.000000	1.000000	0.999800	0.000414	0.998857	0.000179	1357207527.573650	0.999997	62.970502	48.999480	8.113520	1.000000	1.000000	1.000000	1.000000	1.000000	1.000000	1.000000	1.000000	0.991274	0.000066	0.997104	0.000007	1.000000	1.000000	1.000000	1.000000	
1357207528.573534	1.000000	63.297745	49.592834	7.016708	0.999999	0.999551	1.000000	0.999711	1.000000	1.000000	1.000000	1.000000	1.000000	1.000000	1.000000	1.000000	1.000225	0.000430	1.000362	0.000102	1357207528.573650	1.000000	62.931549	48.990967	8.140167	1.000000	1.000000	1.000000	0.999554	1.000000	1.000000	1.000000	0.999714	1.009016	0.000054	1.008676	0.000061	1.000000	1.000000	1.000000	1.000000	
1357207529.573535	1.000001	63.334275	49.597182	7.025643	0.999972	0.999554	0.999960	0.999577	0.999973	0.999551	0.999990	0.999519	0.999990	0.999520	0.999973	0.999550	0.999420	0.000407	0.999909	0.000297	1357207529.573663	1.000013	62.918029	48.942397	8.091538	1.000000	0.999591	1.000000	0.999135	1.000000	0.999540	1.000000	1.000000	1.000336	0.000089	0.993477	0.000007	1.000000	0.999589	1.000000	0.999633	
1357207530.573534	0.999999	63.339843	49.627489	7.032508	1.000001	1.000000	1.000000	1.000000	1.000000	1.000000	1.000000	1.000001	1.000000	1.000000	1.000000	1.000000	1.000418	0.000389	1.001956	0.000101	1357207530.573644	0.999981	63.003552	49.056371	8.097521	1.000000	1.000000	1.000000	1.000000	1.000000	1.000000	1.000000	1.000000	0.999978	0.000035	1.000619	0.000049	1.000000	1.000000	1.000000	1.000000	
1357207531.573534	1.000000	63.401230	49.658936	7.007263	1.000000	1.000000	1.000000	1.000000	1.000000	0.999999	1.000000	1.000000	1.000000	1.000000	1.000000	1.000000	0.999903	0.000416	0.999910	0.002387	1357207531.573647	1.000003	63.096774	49.113755	8.108419	1.000000	1.000000	1.000000	1.000000	1.000000	1.000000	1.000000	1.000000	0.999426	0.000067	0.967379	0.000007	1.000000	1.000000	1.000000	1.000000	
1357207532.573534	1.000000	63.375351	49.627060	7.007690	1.000000	1.000000	1.000000	1.000000	0.999999	1.000000	0.999999	1.000000	1.000000	1.000000	1.000000	1.000000	0.999916	0.000423	1.001277	0.000101	1357207532.573651	1.000004	63.023167	49.032806	8.142042	1.000000	0.999506	1.000000	1.000000	1.000000	0.999505	1.000000	1.000000	1.000907	0.000036	1.004887	0.000050	1.000000	0.999504	1.000000	1.000000	
1357207533.573535	1.000001	47.962845	34.402036	6.469720	0.996920	0.672795	1.000000	0.667255	0.999975	0.667279	0.999973	0.667273	0.999976	0.667229	0.999994	0.667156	0.932759	0.000534	0.914684	0.000184	1357207533.573876	1.000225	50.635119	36.892499	7.090460	0.999999	0.667070	0.999999	0.667007	0.999999	0.667019	0.999999	0.666965	1.000300	0.000069	0.996009	0.000007	0.999999	0.666933	1.000000	1.000000	
1357207534.573534	0.999999	19.823719	6.455374	5.666250	0.580827	0.015188	0.942901	0.000064	0.818989	0.000020	0.813119	0.000020	0.668553	0.000022	0.621706	0.000068	0.596237	0.000311	0.579793	0.000246	1357207534.573968	1.000092	28.752786	15.365819	5.833219	0.999730	0.000030	0.999969	0.000062	1.000752	0.000049	0.999924	0.000056	0.999986	0.000056	0.999788	0.000049	1.002851	0.000006	1.000000	1.000000	
1357207535.573543	1.000009	21.072990	7.707206	5.330366	0.615047	0.013726	0.636367	0.000010	0.828593	0.000059	0.842468	0.000059	0.840950	0.000060	0.648243	0.000010	0.784036	0.000236	0.714412	0.000192	1357207535.573961	0.999993	28.700714	15.323791	5.607430	0.999409	0.000057	1.000056	0.000007	0.999366	0.000056	1.000834	0.000007	0.999970	0.000077	1.003055	0.000007	0.993618	0.000053	1.000000	1.000000	
1357207536.573534	0.999991	18.320219	4.960235	5.870628	0.563150	0.017605	0.918633	0.000067	0.686267	0.000022	1.004863	0.000017	0.908489	0.000020	0.690090	0.000075	0.557011	0.000319	0.689370	0.000604	1357207536.573881	0.999920	28.695719	15.317511	5.889052	1.001614	0.000023	1.000019	0.000099	1.000814	0.000042	0.999924	0.000061	0.999555	0.000043	0.999485	0.000052	1.041696	0.000007	1.000000	1.000000	
1357207537.573535	1.000001	23.560814	10.205648	4.798640	0.774174	0.008554	0.979131	0.000008	0.920304	0.000054	0.992685	0.000066	0.956154	0.000053	0.999633	0.000008	0.898062	0.000207	0.793864	0.000191	1357207537.573946	1.000065	28.659817	15.290615	5.248209	0.999133	0.000077	1.000837	0.000007	1.000000	0.000056	1.000612	0.000007	1.000161	0.000062	1.005450	0.000006	1.000775	0.000063	1.000000	1.000000	
1357207538.573534	0.999999	21.871725	8.521355	5.118718	0.672157	0.010818	0.789535	0.000078	0.999721	0.000018	0.937836	0.000020	0.837009	0.000021	0.704649	0.000072	0.808602	0.000219	0.648575	0.000151	1357207538.573894	0.999948	28.658808	15.287431	5.335849	0.999329	0.000028	0.991626	0.000061	1.000018	0.000042	0.991779	0.000060	1.000402	0.000034	0.992238	0.000069	0.998058	0.000006	1.000000	1.000000	
1357207539.573534	1.000000	21.669098	8.322449	5.144730	0.660263	0.010691	0.591313	0.000038	0.645341	0.000104	0.748681	0.000089	0.843778	0.000096	0.550326	0.000040	0.658981	0.000304	0.786815	0.000249	1357207539.573942	1.000048	28.649201	15.297714	5.421066	1.000963	0.000087	1.025190	0.000020	0.987052	0.000041	0.996358	0.000007	0.994111	0.000089	1.003222	0.000007	0.990450	0.000053	1.000000	1.000000	
1357207540.573534	1.000000	20.764542	7.431091	5.440735	0.623885	0.013777	0.697660	0.000090	0.669896	0.000023	0.675189	0.000075	0.818838	0.000021	0.881386	0.000051	0.625746	0.000284	0.594580	0.000167	1357207540.573942	1.000000	28.751740	15.384186	5.673660	1.000111	0.000021	0.999906	0.000053	1.007241	0.000059	1.004145	0.000078	1.007807	0.000066	1.008611	0.000060	1.019049	0.000021	1.000000	1.000000	
1357207541.573545	1.000011	20.170097	6.827638	5.579483	0.605016	0.018138	0.639104	0.000010	0.634661	0.000078	0.706602	0.000066	0.633231	0.000076	0.648211	0.000010	0.775392	0.000242	0.917687	0.002685	1357207541.573916	0.999974	28.760162	15.391818	5.761106	0.999882	0.000095	0.996218	0.000047	1.002397	0.000043	1.000865	0.000007	1.000025	0.000063	0.968811	0.000006	1.001527	0.000063	1.000000	1.000000	
1357207542.573534	0.999989	20.300088	6.952423	5.546219	0.624224	0.016670	0.747514	0.000095	0.770172	0.000021	1.012921	0.000016	1.001316	0.000016	0.913645	0.000062	0.668513	0.000265	0.604778	0.000175	1357207542.573961	1.000045	28.771424	15.398934	5.667256	1.000392	0.000029	1.003012	0.000060	0.999890	0.000042	1.003096	0.000059	0.999977	0.000033	1.003760	0.000049	1.002351	0.000006	1.000000	1.000000	
1357207543.573535	1.000001	20.687114	7.346261	5.237117	0.625701	0.014636	0.739464	0.000018	0.639889	0.000077	0.693810	0.000078	0.929899	0.000054	1.028561	0.000008	0.770356	0.000241	0.840609	0.000164	1357207543.573950	0.999989	28.750178	15.384355	5.546829	0.999806	0.000066	1.001061	0.000007	0.999275	0.000041	1.000387	0.000007	1.000105	0.000066	0.994230	0.000006	0.999763	0.000050	1.000000	1.000000	
1357207544.573542	1.000007	21.176428	7.841941	5.239161	0.676802	0.012501	0.945670	0.000285	0.861282	0.000023	1.001546	0.000021	1.003653	0.000020	0.687085	0.000074	0.819254	0.000396	0.829510	0.000516	1357207544.573860	0.999910	28.777291	15.409481	5.494467	1.000606	0.000033	0.999925	0.000087	1.000414	0.000051	0.999994	0.000069	0.999326	0.000069	0.999995	0.000083	1.001050	0.000006	1.000000	1.000000	
1357207545.573539	0.999997	21.879996	8.542827	5.579043	0.743752	0.014643	0.998794	0.003185	0.992082	0.002674	0.998422	0.002414	0.998545	0.002660	0.999992	0.002357	0.979673	0.003428	0.973625	0.002755	1357207545.573965	1.000105	28.880515	15.513204	5.757346	0.999994	0.002681	0.999998	0.002402	0.999996	0.002282	0.999998	0.002288	1.000015	0.002400	0.999998	0.002310	0.999978	0.002080	1.000000	1.000000	
1357207546.573544	1.000005	17.978777	4.644004	5.869798	0.557650	0.017369	0.758632	0.000230	0.908468	0.000041	0.769608	0.000020	0.813024	0.000020	0.760057	0.000075	0.608435	0.000291	0.708460	0.000602	1357207546.573973	1.000008	28.786220	15.414884	5.913984	0.999640	0.000035	0.999947	0.000117	1.000088	0.000044	0.999944	0.000062	0.999863	0.000048	1.000601	0.000046	1.003556	0.000006	1.000000	1.000000	
1357207547.573534	0.999990	21.257644	7.923740	5.248893	0.643514	0.012027	0.996330	0.000008	0.702471	0.000067	0.736445	0.000070	0.736681	0.000078	0.780790	0.000010	0.786848	0.000252	0.691225	0.000196	1357207547.574014	1.000041	28.774256	15.403192	5.432196	1.000182	0.000057	0.999936	0.000006	1.000000	0.000056	0.999052	0.000006	1.000054	0.000064	0.981246	0.000007	0.996782	0.000052	1.000000	1.000000	
1357207548.573537	1.000003	20.405180	7.088723	5.514265	0.617937	0.012573	0.748632	0.000085	0.559830	0.000089	0.955383	0.000019	0.851936	0.000019	0.902365	0.000059	0.762532	0.000234	0.578375	0.000171	1357207548.573900	0.999886	28.760297	15.401825	5.621475	0.999654	0.000021	1.000005	0.000076	0.999854	0.000042	1.000038	0.000071	1.000043	0.000063	1.001742	0.000054	1.022611	0.000006	1.000000	1.000000	
1357207549.573542	1.000005	20.751910	7.426324	5.285389	0.626159	0.013006	1.005678	0.000008	0.964821	0.000044	0.942471	0.000070	0.753392	0.000068	1.010810	0.000008	0.675498	0.000281	0.724958	0.000258	1357207549.573918	1.000018	28.772084	15.404922	5.489297	0.998314	0.000062	0.999777	0.000007	1.000128	0.000042	1.002042	0.000007	1.000000	0.000086	0.998327	0.000006	1.001010	0.000057	1.000000	1.000000	
1357207550.573545	1.000003	21.192378	7.862265	5.207351	0.649705	0.013014	0.991300	0.000074	0.840922	0.000021	1.003928	0.000018	1.001229	0.000018	0.887751	0.000061	0.701547	0.000253	0.589255	0.000167	1357207550.573907	0.999989	28.771617	15.401490	5.531005	1.000553	0.000024	0.991630	0.000061	0.999981	0.000041	0.991269	0.000061	0.999763	0.000033	0.986061	0.000050	0.980962	0.000007	1.000000	1.000000	
1357207551.573534	0.999989	19.143353	5.815387	5.724092	0.571265	0.017192	0.686960	0.000105	0.633052	0.000107	0.788620	0.000103	0.819047	0.000119	0.527678	0.000041	0.626511	0.000323	0.923884	0.002605	1357207551.573902	0.999995	28.778770	15.406358	5.851073	1.000813	0.000102	1.006763	0.000076	0.992812	0.000073	0.772889	0.000031	0.992279	0.000067	1.005125	0.000018	0.992148	0.000052	1.000000	1.000000	
1357207552.573535	1.000001	21.133967	7.808678	5.305216	0.642185	0.012488	1.000077	0.000060	0.835591	0.000020	0.998611	0.000018	0.999780	0.000018	0.716312	0.000066	0.756845	0.000234	0.557804	0.000175	1357207552.573932	1.000030	28.750464	15.381893	5.514239	0.999946	0.000022	0.999916	0.000055	1.007337	0.000071	1.105973	0.000071	1.008995	0.000057	1.009412	0.000067	1.021700	0.000022	1.000000	1.000000	
1357207553.573539	1.000004	21.428929	8.105390	5.227899	0.662443	0.012524	0.999953	0.000008	1.000670	0.000055	0.925512	0.000072	0.894813	0.000060	0.706832	0.000010	0.784647	0.000252	0.674765	0.000205	1357207553.573905	0.999973	28.756237	15.386614	5.426614	0.999775	0.000057	1.000556	0.000007	0.999160	0.000043	0.999611	0.000007	1.000156	0.000062	0.994792	0.000006	1.000557	0.000073	1.000000	1.000000	
1357207554.573536	0.999997	21.077794	7.753732	5.003617	0.644607	0.012929	0.788324	0.000082	0.996185	0.000018	0.999035	0.000018	0.836991	0.000019	0.783999	0.000072	0.711651	0.000245	0.697702	0.000249	1357207554.573952	1.000047	28.766288	15.397730	5.377998	1.000461	0.000028	0.999947	0.000073	1.000801	0.000045	1.000013	0.000061	0.996427	0.000058	0.999848	0.000051	1.002598	0.000007	1.000000	1.000000	
1357207555.573534	0.999998	21.131663	7.808487	5.267619	0.665829	0.013447	0.978880	0.000008	0.902683	0.000055	0.940531	0.000055	0.931495	0.000056	1.001292	0.000008	0.759158	0.000227	0.697998	0.000196	1357207555.573897	0.999945	28.765653	15.393685	5.471447	1.000118	0.000059	0.999936	0.000006	0.999981	0.000040	0.999105	0.000006	1.003177	0.000065	1.000373	0.000006	0.999739	0.000050	1.000000	1.000000	
1357207556.573535	1.000001	18.726148	5.403864	5.607676	0.578577	0.018686	0.648218	0.000092	1.000087	0.000018	0.999723	0.000018	0.820660	0.000020	0.686262	0.000076	0.661355	0.000269	0.722122	0.000546	1357207556.573921	1.000024	28.786782	15.413508	5.856289	0.999797	0.000030	0.999985	0.000106	1.000035	0.000044	0.999987	0.000061	0.999813	0.000045	1.000016	0.000071	0.997788	0.000006	1.000000	1.000000	
1357207557.573534	0.999999	20.467213	7.163413	5.443487	0.607925	0.016542	0.996725	0.000008	0.670097	0.000076	0.729893	0.000089	0.860202	0.000062	0.999164	0.000008	0.765740	0.000244	0.886744	0.000453	1357207557.573933	1.000012	28.751504	15.381607	5.725792	0.999993	0.000056	0.999219	0.000007	0.999187	0.000041	1.000834	0.000007	1.000080	0.000062	0.999689	0.000006	1.000065	0.000277	1.000000	1.000000	
1357207558.573537	1.000003	22.567465	9.290956	4.785447	0.687990	0.010589	0.765934	0.000078	0.847584	0.000020	1.006549	0.000018	0.966818	0.000018	0.762817	0.000067	0.832697	0.000214	0.825662	0.000120	1357207558.573901	0.999968	28.732791	15.367556	5.377644	0.999606	0.000022	0.998765	0.000061	1.000656	0.000050	0.998203	0.000063	0.999812	0.000033	1.000601	0.000056	0.990257	0.000006	1.000000	1.000000	
1357207559.573539	1.000002	21.345311	8.085266	4.836539	0.657493	0.011949	1.022029	0.000008	0.641054	0.000078	0.652482	0.000080	0.713455	0.000071	0.975483	0.000008	0.647078	0.000290	0.664356	0.000265	1357207559.573963	1.000062	28.735020	15.366174	5.530800	1.000066	0.000058	1.011841	0.000007	0.999395	0.000054	1.018552	0.000006	1.000092	0.000088	0.994291	0.000006	1.001111	0.000056	1.000000	1.000000	
1357207560.573534	0.999995	21.471024	8.197764	4.897608	0.646662	0.013879	0.730560	0.000090	0.867361	0.000026	0.999331	0.000028	0.943948	0.000030	0.913435	0.000061	0.835615	0.000214	0.569477	0.000172	1357207560.573884	0.999921	28.740366	15.372215	5.452594	1.000013	0.000029	1.000039	0.000069	1.000598	0.000055	1.000013	0.000092	0.999956	0.000044	0.998699	0.000051	0.990747	0.000015	1.000000	1.000000	
1357207561.573534	1.000000	19.696625	6.424210	5.229599	0.598771	0.013887	1.002865	0.000008	0.687302	0.000078	0.856956	0.000069	0.816568	0.000658	0.658947	0.000012	0.614075	0.000302	0.909124	0.002588	1357207561.573959	1.000075	28.712336	15.360114	5.673448	0.998201	0.000060	0.996741	0.000048	0.999863	0.000042	0.973065	0.000007	0.999969	0.000062	0.973429	0.000008	1.001344	0.000059	1.000000	1.000000	
1357207562.573534	1.000000	21.465210	8.192474	4.739059	0.644818	0.012110	0.771520	0.000077	0.812601	0.000023	0.834057	0.000021	0.806542	0.000023	0.645079	0.000077	0.633894	0.000282	0.683536	0.000145	1357207562.573970	1.000011	28.741415	15.375274	5.447358	0.999446	0.000025	0.993948	0.000062	1.000136	0.000043	0.994916	0.000059	1.000179	0.000034	0.995859	0.000053	1.008859	0.000007	1.000000	1.000000	
1357207563.573534	1.000000	21.284119	8.009781	4.734711	0.639226	0.012345	1.025817	0.000023	0.731404	0.000087	0.636198	0.000103	0.706078	0.000097	0.592998	0.000038	0.653029	0.000304	0.643854	0.000234	1357207563.573894	0.999924	28.736591	15.367578	5.457629	1.001588	0.000074	1.026128	0.000020	0.986744	0.000041	0.996174	0.000007	0.991704	0.000065	1.002420	0.000007	0.993188	0.000078	1.000000	1.000000	
1357207564.573542	1.000008	20.902144	7.630218	4.961767	0.628783	0.013823	0.945264	0.000067	0.662793	0.000022	1.005082	0.000017	0.816930	0.000022	0.924544	0.000055	0.777390	0.000237	0.651385	0.000219	1357207564.574029	1.000135	28.726363	15.362688	5.592858	0.990192	0.000025	1.000042	0.000055	1.009225	0.000058	1.007362	0.000070	1.006046	0.000087	1.007164	0.000074	1.010040	0.000046	1.000000	1.000000	
1357207565.573534	0.999992	20.666412	7.395049	4.915506	0.639799	0.013528	0.638020	0.000010	0.718324	0.000069	0.767532	0.000073	0.650141	0.000077	0.462167	0.000014	0.719259	0.000266	0.607894	0.000277	1357207565.573990	0.999961	28.727014	15.362188	5.598943	1.003440	0.000061	0.999859	0.000027	0.999208	0.000042	1.002438	0.000007	1.000146	0.000061	0.997414	0.000006	1.000746	0.000060	1.000000	1.000000	
1357207566.573534	1.000000	21.537231	8.265457	4.657913	0.656687	0.012515	0.580327	0.000106	0.675235	0.000026	0.673363	0.000024	0.751681	0.000022	0.684518	0.000078	0.610325	0.000290	0.772520	0.000532	1357207566.573937	0.999947	28.729640	15.363545	5.350152	1.001040	0.000025	0.999965	0.000098	1.000481	0.000070	0.999908	0.000071	0.999817	0.000034	0.999877	0.000053	1.000313	0.000006	1.000000	1.000000	
1357207567.573539	1.000005	22.564661	9.308593	4.506432	0.731447	0.009341	0.993486	0.000008	0.916343	0.000055	1.002078	0.000054	0.997360	0.000061	0.647952	0.000010	0.762372	0.000236	0.883671	0.000153	1357207567.573953	1.000016	28.719756	15.355330	5.196847	1.000053	0.000058	1.000000	0.000007	1.000010	0.000040	0.998227	0.000007	0.999971	0.000066	0.995410	0.000006	0.999156	0.000051	1.000000	1.000000	
1357207568.573536	0.999997	21.554281	8.267085	4.828872	0.652168	0.011108	0.776497	0.000114	0.709146	0.000022	0.798600	0.000021	0.746437	0.000022	0.706037	0.000071	0.780199	0.000234	0.575578	0.000172	1357207568.573886	0.999933	28.740298	15.374657	5.509158	0.999791	0.000041	1.000085	0.000072	0.999967	0.000058	1.000073	0.000069	1.000231	0.000033	1.000098	0.000051	1.001042	0.000037	1.000000	1.000000	
1357207569.573540	1.000004	21.164694	7.903059	4.873287	0.638878	0.012445	0.744742	0.000018	0.679610	0.000074	0.711164	0.000077	0.686448	0.000076	1.000095	0.000008	0.765177	0.000238	0.832216	0.000222	1357207569.573784	0.999898	28.715760	15.361171	5.517195	1.000243	0.000056	0.998996	0.000007	1.000000	0.000041	0.999125	0.000007	0.999937	0.000092	1.003433	0.000006	1.000246	0.000047	1.000000	1.000000	
1357207570.573534	0.999994	26.851951	13.576192	4.850401	0.761792	0.014931	0.992898	0.003319	0.998637	0.002759	0.998662	0.002779	0.998585	0.002681	0.997856	0.002768	0.974540	0.003560	0.980823	0.003069	1357207570.573951	1.000167	33.818575	20.454899	5.462223	0.999992	0.002843	0.999997	0.002803	0.999987	0.002888	0.999960	0.002819	0.999971	0.002845	0.999988	0.002790	0.999836	0.002794	1.000000	1.000000	
1357207571.573539	1.000005	715812308.459553	715762825.328353	715764209.243345	0.999921	1.000774	0.999920	1.000784	0.999929	1.000779	0.999921	1.000776	0.999921	1.000778	0.999924	1.000775	0.999921	1.000780	0.999922	1.000781	1357207571.573630	0.999679	716003967.099152	715997528.451572	716036671.091856	0.999922	1.000778	0.999919	1.000780	3.897756	0.256739	0.999922	1.000780	0.999921	1.000781	0.999924	1.000777	0.999921	1.000780	0.999922	1.000781	
1357207572.573598	1.000059	0.000000	0.000000	0.000000	-nan	-nan	-nan	-nan	0.000000	inf	-nan	-nan	-nan	0.000000	-nan	-nan	-nan	-nan	-nan	-nan	1357207572.573675	1.000045	0.000000	0.000000	0.000000	-nan	-nan	-nan	-nan	0.000000	inf	-nan	-nan	-nan	-nan	-nan	-nan	-nan	-nan	-nan	-nan	
1357207573.573746	1.000148	0.000000	0.000000	0.000000	-nan	-nan	-nan	-nan	0.000000	inf	-nan	-nan	-nan	0.000000	0.000000	inf	-nan	-nan	-nan	-nan	1357207573.573826	1.000151	0.000000	0.000000	0.000000	-nan	-nan	-nan	-nan	inf	-nan	-nan	-nan	-nan	-nan	-nan	-nan	-nan	-nan	-nan	-nan	
