ts_0	elapsed_0	pkg_0	pp0_0	dram_0	freq_ratio_0_0	c0_ratio_0_0	freq_ratio_0_1	c0_ratio_0_1	freq_ratio_0_2	c0_ratio_0_2	freq_ratio_0_3	c0_ratio_0_3	freq_ratio_0_4	c0_ratio_0_4	freq_ratio_0_5	c0_ratio_0_5	freq_ratio_0_6	c0_ratio_0_6	freq_ratio_0_7	c0_ratio_0_7	ts_1	elapsed_1	pkg_1	pp0_1	dram_1	freq_ratio_1_0	c0_ratio_1_0	freq_ratio_1_1	c0_ratio_1_1	freq_ratio_1_2	c0_ratio_1_2	freq_ratio_1_3	c0_ratio_1_3	freq_ratio_1_4	c0_ratio_1_4	freq_ratio_1_5	c0_ratio_1_5	freq_ratio_1_6	c0_ratio_1_6	freq_ratio_1_7	c0_ratio_1_7	
1354697380.501270	1.001969	58.877046	45.386977	4.222216	1.153723	0.464353	1.153181	0.457963	1.152794	0.460984	1.154082	0.466273	1.153733	0.465591	1.154907	0.467050	1.153565	0.459684	1.154005	0.454701	1354697380.501357	1.000339	38.755537	25.280598	4.115609	0.999876	0.615649	0.999987	0.614938	0.999951	0.611419	0.837233	0.000248	0.831950	0.000099	1.002705	0.000084	0.834619	0.000193	0.999732	0.616444	
1354697381.501264	0.999994	77.758078	63.991409	5.968664	1.000000	1.000000	1.000000	1.000000	1.000000	1.000000	1.000000	1.000000	1.000001	1.000001	1.000000	1.000000	0.999999	1.000000	1.000000	1.000000	1354697381.501338	0.999981	49.115988	35.438329	5.859136	1.000000	1.000000	1.000000	1.000000	1.000000	1.000000	0.999926	0.000136	1.016454	0.000011	1.001953	0.000012	0.999835	0.000108	1.000000	1.000000	
1354697382.501264	1.000000	77.971741	64.210266	5.951721	1.000000	1.000000	1.000000	1.000000	1.000000	1.000000	1.000000	1.000000	1.000000	1.000000	1.000000	1.000000	1.000000	1.000000	1.000000	1.000000	1354697382.501336	0.999998	49.161791	35.498786	5.824764	1.000000	1.000000	1.000000	1.000000	1.000000	1.000000	1.000305	0.000020	0.994944	0.000046	0.995765	0.000046	0.999807	0.000120	1.000000	1.000000	
1354697383.501264	1.000000	78.124451	64.362473	5.865250	1.000000	1.000000	1.000000	1.000000	1.000000	1.000001	1.000000	1.000000	1.000000	1.000000	1.000001	1.000001	1.000001	1.000000	1.000001	1.000000	1354697383.501329	0.999993	49.122273	35.488389	5.861475	1.000000	1.000000	1.000000	1.000000	1.000000	1.000000	0.999919	0.000090	1.016750	0.000012	1.014047	0.000012	1.000257	0.000131	1.000000	1.000000	
1354697384.501264	1.000000	78.202621	64.489197	5.753464	1.000000	1.000000	1.000000	1.000000	1.000000	1.000000	1.000000	1.000000	0.999999	1.000000	1.000000	1.000000	1.000000	1.000000	0.999999	0.999999	1354697384.501335	1.000006	49.129270	35.539461	5.834178	1.000000	1.000000	1.000000	1.000000	1.000000	1.000000	1.000204	0.000059	0.999270	0.000046	1.000017	0.000046	0.999950	0.000116	1.000000	1.000000	
1354697385.501264	1.000000	78.262207	64.489899	5.888168	1.000000	1.000000	0.999999	1.000000	1.000000	1.000000	1.000000	1.000000	1.000000	1.000000	0.999999	1.000000	1.000000	1.000000	1.000000	1.000000	1354697385.501336	1.000001	49.139510	35.504376	5.820048	1.000000	1.000000	1.000000	0.999454	1.000000	1.000000	0.999971	0.000092	1.001123	0.000012	1.001454	0.000012	1.000089	0.000108	1.000000	1.000000	
1354697386.501264	1.000000	78.306213	64.536377	5.884338	1.000000	1.000000	1.000001	1.000000	1.000000	1.000000	1.000000	1.000000	1.000000	1.000000	1.000000	1.000000	1.000000	1.000000	1.000000	1.000000	1354697386.501338	1.000002	49.066572	35.461022	5.844456	1.000000	1.000000	1.000000	1.000000	1.000000	1.000000	0.999866	0.000020	1.000609	0.000046	0.999621	0.000045	0.999695	0.000119	1.000000	1.000000	
1354697387.501264	1.000000	73.251358	59.516785	5.883408	1.000000	0.257141	1.000000	1.000000	1.000000	1.000000	1.000000	1.000000	0.999999	1.000000	1.000000	1.000000	1.000001	1.000000	1.000000	1.000000	1354697387.501366	1.000028	53.779429	40.167947	5.747642	1.000000	1.000000	1.000000	1.000000	1.000000	1.000000	1.000001	0.745344	0.995934	0.000013	0.997464	0.000012	0.999939	0.000108	1.000000	1.000000	
1354697388.501264	1.000000	71.629593	57.921310	6.011154	0.999995	0.004414	1.000000	1.000000	1.000000	1.000000	1.000000	1.000000	1.000001	1.000000	1.000000	1.000000	0.999999	1.000000	1.000000	1.000000	1354697388.501366	1.000000	55.409027	41.802811	5.669373	1.000000	1.000000	1.000000	1.000000	1.000000	1.000000	1.000000	1.000000	1.000561	0.000047	1.000910	0.000047	1.000188	0.000131	1.000000	1.000000	
1354697389.501264	1.000000	71.706848	57.888077	6.231400	1.000117	0.001844	1.000000	1.000000	1.000000	1.000000	1.000000	0.999999	1.000000	1.000000	0.999999	1.000000	1.000000	1.000000	1.000000	1.000000	1354697389.501371	1.000005	55.456677	41.768269	5.720430	1.000000	1.000000	1.000000	1.000000	1.000000	1.000000	1.000000	1.000000	1.000004	0.000219	1.000321	0.000012	1.000312	0.000107	1.000000	1.000000	
1354697390.501264	1.000000	71.416321	57.704285	5.947220	0.999578	0.000673	1.000000	1.000000	1.000000	1.000000	1.000000	1.000001	0.999999	1.000000	1.000001	1.000000	1.000000	1.000000	1.000000	1.000000	1354697390.501365	0.999994	55.547679	41.940634	5.716144	1.000000	1.000000	1.000000	1.000000	1.000000	1.000000	1.000000	1.000000	0.999744	0.001990	0.988277	0.000046	0.999658	0.000113	1.000000	1.000000	
1354697391.501264	1.000000	71.398956	57.612991	6.055405	1.000353	0.000488	1.000000	1.000000	1.000000	1.000000	1.000000	1.000000	1.000000	1.000000	1.000000	1.000000	1.000000	1.000000	1.000000	1.000000	1354697391.501364	0.999999	55.477088	41.807169	5.821890	1.000000	1.000000	1.000000	1.000000	1.000000	1.000000	1.000000	1.000000	1.021529	0.000022	1.025045	0.000021	1.000027	0.000130	1.000000	1.000000	
1354697392.501264	1.000000	71.372375	57.710663	5.885498	0.999884	0.002628	1.000000	1.000000	1.000000	1.000000	1.000000	1.000000	1.000000	1.000000	1.000000	1.000000	1.000000	1.000000	1.000000	1.000000	1354697392.501374	1.000010	55.398859	41.827431	5.602880	1.000000	1.000000	1.000000	1.000000	1.000000	1.000000	1.000000	1.000000	0.998775	0.000087	0.996165	0.000047	0.999896	0.000115	1.000000	1.000000	
1354697393.501264	1.000000	71.329941	57.583130	5.912384	0.999979	0.000461	1.000000	1.000000	1.000000	1.000000	1.000000	1.000000	1.000000	1.000000	1.000000	1.000000	1.000000	1.000000	1.000000	1.000000	1354697393.501368	0.999994	55.472071	41.838644	5.711399	1.000000	1.000000	1.000000	1.000000	1.000000	1.000000	1.000000	1.000000	1.012211	0.000012	1.012404	0.000012	1.000035	0.000131	1.000000	1.000000	
1354697394.501264	1.000000	71.439209	57.746719	5.882599	1.000068	0.004618	1.000000	1.000000	1.000000	1.000000	1.000000	1.000000	1.000000	1.000000	1.000000	1.000000	1.000000	1.000000	1.000000	1.000000	1354697394.501367	0.999999	56.129646	42.537715	5.631216	1.000000	1.000000	1.000000	1.000000	1.000000	1.000000	1.000000	1.000000	0.999972	0.002650	1.000017	0.002585	1.000000	0.004145	1.000000	1.000000	
1354697395.501264	1.000000	71.275635	57.532837	6.030014	0.999513	0.000461	1.000000	1.000000	1.000000	1.000000	1.000000	1.000000	1.000001	1.000001	1.000000	1.000000	1.000000	1.000000	1.000001	1.000000	1354697395.501366	0.999999	55.508110	41.879251	5.671529	1.000000	1.000000	1.000000	1.000000	1.000000	1.000000	1.000000	1.000000	1.004888	0.000007	1.000001	0.000874	1.000168	0.000108	1.000000	1.000000	
1354697396.501264	1.000000	71.322662	57.520676	6.059845	1.000136	0.000642	1.000000	1.000000	1.000000	1.000000	1.000000	1.000000	1.000000	0.999999	1.000000	1.000000	1.000000	1.000000	1.000000	1.000000	1354697396.501364	0.999998	55.618667	41.945682	5.810253	1.000000	1.000000	1.000000	1.000000	1.000000	1.000000	1.000000	1.000000	1.000000	0.000053	0.999988	0.002908	0.999587	0.000111	1.000000	1.000000	
1354697397.501264	1.000000	71.362610	57.623505	5.954498	0.999979	0.000465	1.000000	0.999999	1.000000	1.000000	1.000000	1.000000	1.000000	1.000000	1.000000	1.000000	1.000000	1.000000	1.000000	1.000000	1354697397.501366	1.000002	55.411393	41.799069	5.682927	1.000000	1.000000	1.000000	1.000000	1.000000	1.000000	1.000000	1.000000	1.000980	0.000012	0.999615	0.000007	1.000340	0.000109	1.000000	1.000000	
1354697398.501264	1.000000	71.359299	57.658676	5.886414	1.000259	0.000686	1.000000	1.000000	1.000000	1.000000	1.000000	1.000000	1.000000	1.000000	0.999999	0.999999	1.000000	1.000000	1.000000	1.000000	1354697398.501369	1.000003	55.449795	41.848076	5.659727	1.000000	1.000000	1.000000	1.000000	1.000000	1.000000	1.000000	1.000000	1.000150	0.000054	0.999595	0.000068	1.000038	0.000142	1.000000	1.000000	
1354697399.501264	1.000000	71.373077	57.644592	5.986435	0.999360	0.000807	1.000000	1.000000	1.000000	1.000000	1.000000	1.000000	1.000000	1.000000	1.000000	1.000000	0.999999	1.000000	1.000000	1.000000	1354697399.501373	1.000004	55.461933	41.838576	5.714699	1.000000	1.000000	1.000000	1.000000	1.000000	1.000000	1.000000	1.000000	0.999831	0.000039	1.001815	0.000012	0.999822	0.000108	1.000000	1.000000	
1354697400.501264	1.000000	71.263260	57.512909	5.940826	1.000374	0.000651	1.000000	1.000000	1.000000	1.000000	1.000000	1.000000	1.000000	1.000000	1.000000	1.000000	1.000000	1.000000	1.000000	1.000000	1354697400.501369	0.999996	55.474972	41.831590	5.757943	1.000000	1.000000	1.000000	1.000000	1.000000	1.000000	1.000000	1.000000	0.999839	0.000053	0.999769	0.000087	1.000050	0.000116	1.000000	1.000000	
1354697401.501264	1.000000	71.437424	57.728455	6.035477	1.000184	0.002183	1.000000	1.000000	1.000000	1.000000	1.000000	1.000000	1.000000	1.000000	1.000000	1.000000	1.000001	1.000000	1.000000	1.000000	1354697401.501351	0.999982	55.672748	42.066563	5.551781	1.000000	1.000000	1.000000	1.000000	1.000000	1.000000	1.000000	1.000000	0.999993	0.002734	0.999998	0.015564	1.000001	0.004281	1.000000	1.000000	
1354697402.501264	1.000000	71.628784	57.933258	5.844467	0.999915	0.005356	0.999999	1.000000	1.000000	1.000000	1.000000	1.000000	1.000000	1.000000	1.000000	1.000000	1.000000	1.000000	1.000000	1.000000	1354697402.501372	1.000021	55.773610	42.174683	5.629215	1.000000	1.000000	1.000000	1.000000	1.000000	1.000000	1.000000	1.000000	1.000011	0.053491	0.994664	0.000113	1.000004	0.000631	1.000000	1.000000	
1354697403.501264	1.000000	71.465759	57.630463	6.214188	0.999976	0.000519	1.000000	1.000000	1.000000	1.000000	1.000001	1.000000	1.000000	1.000000	1.000000	1.000000	1.000000	1.000000	1.000000	1.000000	1354697403.501367	0.999995	55.999548	42.298414	5.781233	1.000000	1.000000	1.000000	1.000000	1.000000	1.000000	1.000000	1.000000	0.999975	0.021936	1.002303	0.000260	0.999980	0.006061	1.000000	1.000000	
1354697404.501264	1.000000	70.102097	56.381393	6.008850	0.999954	0.003955	1.000000	0.682664	1.000000	1.000000	0.999999	1.000000	1.000000	1.000000	1.000000	1.000000	1.000000	1.000000	1.000000	1.000000	1354697404.501371	1.000004	57.858255	44.243992	5.692848	1.000000	1.000000	1.000000	1.000000	1.000000	1.000000	1.000000	1.000000	1.000001	0.317452	1.000712	0.000087	0.999995	0.004559	1.000000	1.000000	
1354697405.501264	1.000000	65.021347	51.286972	5.868576	0.999955	0.004972	1.016279	0.000048	0.999999	1.000000	1.000000	1.000000	1.000000	1.000000	1.000000	1.000000	1.000001	1.000000	1.000000	1.000000	1354697405.501392	1.000021	62.176048	48.568851	5.735536	1.000000	1.000000	1.000000	1.000000	1.000000	1.000000	1.000000	1.000000	1.000000	1.000000	0.992315	0.000007	0.999572	0.000100	1.000000	1.000000	
1354697406.501264	1.000000	65.109451	51.328110	5.914520	1.000022	0.004753	0.999208	0.000061	1.000000	1.000000	1.000000	1.000000	1.000000	1.000000	1.000000	1.000000	1.000000	1.000000	1.000000	1.000000	1354697406.501390	0.999998	62.296445	48.632524	5.748592	1.000000	1.000000	1.000000	1.000000	1.000000	1.000000	1.000000	1.000000	1.000000	1.000000	1.000944	0.000053	0.999649	0.000114	1.000000	1.000000	
1354697407.501264	1.000000	65.134140	51.377579	5.932434	0.999988	0.005858	1.000132	0.000188	1.000001	1.000000	1.000000	1.000000	1.000000	1.000000	1.000000	1.000000	1.000000	1.000000	1.000000	1.000000	1354697407.501390	1.000000	62.275467	48.626999	5.750290	1.000000	1.000000	1.000000	1.000000	1.000000	1.000000	1.000000	1.000000	1.000000	1.000000	0.999169	0.000012	1.000385	0.000098	1.000000	1.000000	
1354697408.501264	1.000000	65.190857	51.451721	5.912323	0.999841	0.001049	0.999942	0.005216	0.999999	1.000000	1.000000	1.000000	1.000000	1.000000	1.000000	1.000000	0.999999	0.999999	1.000000	1.000000	1354697408.501392	1.000002	62.332843	48.693633	5.685155	1.000000	1.000000	1.000000	1.000000	1.000000	1.000000	1.000000	1.000000	1.000000	1.000000	0.999017	0.000049	0.999933	0.000620	1.000000	1.000000	
1354697409.501264	1.000000	64.841110	51.103516	5.905396	1.000479	0.000802	1.000091	0.001858	1.000000	1.000000	1.000000	1.000000	1.000000	1.000000	1.000000	1.000000	1.000000	1.000000	1.000000	1.000000	1354697409.501392	1.000000	62.321838	48.675781	5.787735	1.000000	1.000000	1.000000	1.000000	1.000000	1.000000	1.000000	1.000000	1.000000	1.000000	1.003317	0.000012	1.000041	0.000523	1.000000	1.000000	
1354697410.501264	1.000000	64.969894	51.243515	5.910950	0.999969	0.004320	0.999233	0.000040	1.000000	1.000000	0.999999	1.000000	1.000000	1.000000	1.000000	1.000000	1.000000	1.000000	1.000000	1.000000	1354697410.501393	1.000001	62.430482	48.808349	5.778986	1.000000	1.000000	1.000000	1.000000	1.000000	1.000000	1.000000	1.000000	1.000000	1.000000	1.000141	0.000046	1.000012	0.001487	1.000000	1.000000	
1354697411.501264	1.000000	64.935440	51.136810	6.061508	0.999927	0.002145	1.000748	0.000048	1.000000	1.000000	1.000000	1.000000	1.000000	1.000000	1.000000	1.000000	1.000000	1.000000	0.999999	1.000000	1354697411.501391	0.999998	62.687009	49.005098	5.795848	1.000000	1.000000	1.000000	1.000000	1.000000	1.000000	1.000000	1.000000	1.000000	1.000000	0.996352	0.000011	0.999971	0.004095	1.000000	1.000000	
1354697412.501264	1.000000	64.984253	51.223328	6.059860	1.000023	0.003547	0.999894	0.002342	1.000000	1.000000	1.000001	1.000000	1.000000	1.000000	1.000000	1.000000	1.000000	1.000000	1.000000	0.999999	1354697412.501393	1.000002	62.397540	48.745162	5.786030	1.000000	1.000000	1.000000	1.000000	1.000000	1.000000	1.000000	1.000000	1.000000	1.000000	0.996591	0.000048	0.999983	0.000779	1.000000	1.000000	
1354697413.501264	1.000000	65.041748	51.312195	5.852448	0.999467	0.000480	0.999916	0.004574	1.000000	1.000000	0.999999	1.000000	1.000000	1.000000	1.000000	1.000000	1.000000	1.000000	1.000000	1.000001	1354697413.501391	0.999998	62.339108	48.703599	5.710689	1.000000	1.000000	1.000000	1.000000	1.000000	1.000000	1.000000	1.000000	1.000000	1.000000	1.007154	0.000024	1.000128	0.000123	1.000000	1.000000	
1354697414.501264	1.000000	64.826965	51.095901	5.906235	1.000057	0.001275	1.000334	0.001518	1.000000	1.000000	1.000000	1.000000	1.000000	1.000000	1.000000	1.000000	1.000000	1.000000	1.000000	1.000000	1354697414.501393	1.000002	62.409640	48.787260	5.758687	1.000000	1.000000	1.000000	1.000000	1.000000	1.000000	1.000000	1.000000	1.000000	1.000000	0.988380	0.000044	0.999987	0.002887	1.000000	1.000000	
1354697415.501264	1.000000	64.869354	51.108810	6.008392	0.999901	0.002157	0.994172	0.000047	1.000000	1.000000	1.000000	1.000000	1.000000	0.999906	1.000000	1.000000	1.000000	0.999550	1.000000	0.999549	1354697415.501393	1.000000	62.519196	48.856216	5.784988	1.000000	0.999570	1.000000	0.999548	1.000000	0.999589	1.000000	1.000000	1.000000	1.000000	1.024496	0.000021	0.999988	0.003137	1.000000	1.000000	
1354697416.501264	1.000000	64.778763	51.002792	6.166840	1.000132	0.000673	1.003106	0.000023	1.000000	1.000000	1.000000	1.000000	1.000001	1.000000	1.000000	1.000000	1.000000	1.000000	1.000000	1.000000	1354697416.501393	1.000000	62.660995	48.983734	5.719437	1.000000	1.000000	1.000000	1.000000	1.000000	1.000000	1.000000	1.000000	1.000000	1.000000	1.000739	0.000045	0.999985	0.005199	1.000000	1.000000	
1354697417.501264	1.000000	64.864090	51.133636	6.042755	0.999920	0.002617	0.998751	0.000060	0.999999	0.999999	1.000000	1.000000	1.000000	1.000000	1.000000	1.000000	1.000000	1.000000	1.000000	1.000000	1354697417.501391	0.999998	62.386960	48.691362	5.800899	1.000000	1.000000	1.000000	1.000000	1.000000	1.000000	1.000000	1.000000	1.000000	1.000000	1.000743	0.000012	0.999981	0.001031	1.000000	1.000000	
1354697418.501264	1.000000	65.013275	51.210037	6.032257	1.000027	0.004796	0.999803	0.000035	1.000001	1.000000	1.000001	1.000000	1.000000	1.000000	1.000000	1.000000	1.000000	1.000000	1.000001	1.000000	1354697418.501392	1.000001	62.389742	48.728744	5.769129	1.000000	1.000000	1.000000	1.000000	1.000000	1.000000	1.000000	1.000000	1.000000	1.000000	0.998555	0.000043	0.999887	0.000127	1.000000	1.000000	
1354697419.501264	1.000000	65.179550	51.471634	5.833298	0.999968	0.004973	0.999907	0.006420	1.000001	1.000000	0.999999	1.000000	1.000000	1.000000	1.000000	1.000000	1.000000	1.000000	1.000001	1.000000	1354697419.501392	1.000000	62.597839	48.972534	5.712570	1.000000	1.000000	1.000000	1.000000	1.000000	1.000000	1.000000	1.000000	1.000000	1.000000	1.000203	0.002414	0.999996	0.004221	1.000000	1.000000	
1354697420.501264	1.000000	64.756088	50.965851	6.104050	1.000489	0.000458	1.000945	0.000224	0.999999	1.000000	1.000000	1.000000	1.000000	1.000000	1.000000	1.000000	1.000000	1.000000	0.999999	1.000000	1354697420.501393	1.000001	62.379594	48.695983	5.772959	1.000000	1.000000	1.000000	1.000000	1.000000	1.000000	1.000000	1.000000	1.000000	1.000000	0.987487	0.000039	1.000321	0.000112	1.000000	1.000000	
1354697421.501264	1.000000	65.125153	51.333527	6.001648	0.999738	0.000285	0.999935	0.004567	1.000000	1.000000	1.000000	1.000000	1.000000	1.000000	1.000000	1.000000	1.000000	1.000000	1.000001	1.000000	1354697421.501390	0.999997	62.382273	48.692961	5.785418	1.000000	1.000000	1.000000	1.000000	1.000000	1.000000	1.000000	1.000000	1.000000	1.000000	1.000261	0.000046	0.999881	0.000104	1.000000	1.000000	
1354697422.501264	1.000000	65.124084	51.430206	5.820374	0.999990	0.009360	1.000026	0.005958	1.000000	1.000000	1.000000	1.000000	1.000000	1.000000	1.000000	1.000000	1.000000	1.000000	1.000000	1.000000	1354697422.501391	1.000001	62.278642	48.669433	5.711970	1.000000	1.000000	1.000000	1.000000	1.000000	1.000000	1.000000	1.000000	1.000000	1.000000	0.997513	0.000042	1.000181	0.000111	1.000000	1.000000	
1354697423.501264	1.000000	64.909241	51.194794	5.914124	1.000331	0.000288	0.999966	0.002651	1.000000	1.000000	1.000000	1.000000	1.000000	1.000000	1.000000	1.000000	1.000000	1.000000	1.000000	1.000000	1354697423.501395	1.000004	62.526114	48.892624	5.649727	1.000000	1.000000	1.000000	1.000000	1.000000	1.000000	1.000000	1.000000	1.000000	1.000000	1.010704	0.000011	0.999958	0.002680	1.000000	1.000000	
1354697424.501264	1.000000	64.759186	51.003601	5.967865	1.000013	0.000762	0.999255	0.000233	1.000000	1.000000	1.000000	1.000000	1.000000	1.000000	1.000000	1.000000	1.000000	1.000000	1.000000	1.000000	1354697424.501395	1.000000	62.633057	48.967361	5.819458	1.000000	1.000000	1.000000	1.000000	1.000000	1.000000	1.000000	1.000000	1.000000	1.000000	1.000664	0.000048	0.999998	0.004168	1.000000	1.000000	
1354697425.501264	1.000000	65.099121	51.270050	6.227264	0.999942	0.004424	1.000457	0.000251	1.000000	1.000000	1.000000	1.000000	1.000000	1.000000	1.000000	1.000000	1.000000	1.000000	1.000001	1.000000	1354697425.501394	0.999999	62.489302	48.771088	5.787329	1.000000	1.000000	1.000000	1.000000	1.000000	1.000000	1.000000	1.000000	1.000000	1.000000	0.998052	0.000011	1.000001	0.000411	1.000000	1.000000	
1354697426.501264	1.000000	65.102859	51.365143	5.841934	1.000066	0.005105	1.000251	0.000297	1.000000	1.000000	1.000000	1.000000	1.000000	1.000000	1.000000	1.000000	1.000000	1.000000	1.000000	1.000000	1354697426.501394	1.000000	62.394394	48.741409	5.772308	1.000000	1.000000	1.000000	1.000000	1.000000	1.000000	1.000000	1.000000	1.000000	1.000000	0.991783	0.000069	1.000077	0.000120	1.000000	1.000000	
1354697427.501264	1.000000	64.988388	51.169830	6.203140	0.999765	0.004048	0.999885	0.000254	1.000000	0.999999	0.999999	1.000000	1.000000	1.000000	1.000000	1.000000	0.999999	1.000000	1.000000	1.000001	1354697427.501400	1.000006	62.401621	48.682190	5.814876	1.000000	1.000000	1.000000	1.000000	1.000000	1.000000	1.000000	1.000000	1.000000	1.000000	1.026166	0.000021	0.999956	0.000124	1.000000	1.000000	
1354697428.501264	1.000000	64.919510	51.090057	6.226700	1.000366	0.002402	0.999935	0.000231	1.000000	1.000001	1.000001	1.000000	1.000000	1.000000	1.000000	1.000000	1.000000	1.000000	1.000000	1.000000	1354697428.501392	0.999992	62.589252	48.870193	5.792131	1.000000	1.000000	1.000000	1.000000	1.000000	1.000000	1.000000	1.000000	1.000000	1.000000	0.999416	0.000046	0.999995	0.002663	1.000000	1.000000	
1354697429.501264	1.000000	64.780090	51.021729	6.089722	0.999603	0.000602	1.000007	0.000563	1.000000	1.000000	1.000000	1.000000	1.000000	1.000000	1.000000	1.000000	1.000000	1.000000	1.000001	1.000000	1354697429.501389	0.999997	62.746258	49.082077	5.786227	1.000000	1.000000	1.000000	1.000000	1.000000	1.000000	1.000000	1.000000	1.000000	1.000000	1.000414	0.000012	0.999966	0.005775	1.000000	1.000000	
1354697430.501264	1.000000	64.952698	51.210678	6.069031	0.999994	0.003352	1.000110	0.000260	1.000000	1.000000	1.000000	1.000000	1.000000	1.000000	1.000000	1.000000	1.000000	1.000000	1.000000	1.000000	1354697430.501392	1.000003	62.521581	48.866212	5.730390	1.000000	1.000000	1.000000	1.000000	1.000000	1.000000	1.000000	1.000000	1.000000	1.000000	0.999966	0.000046	1.000012	0.001801	1.000000	1.000000	
1354697431.501264	1.000000	65.140167	51.416885	5.975281	0.999980	0.006480	0.998948	0.000250	0.999999	1.000000	1.000000	1.000000	1.000000	1.000000	1.000000	1.000000	1.000000	1.000000	1.000000	1.000000	1354697431.501393	1.000001	62.420320	48.773635	5.702067	1.000000	1.000000	1.000000	1.000000	1.000000	1.000000	1.000000	1.000000	1.000000	1.000000	0.998756	0.000012	1.000154	0.000100	1.000000	1.000000	
1354697432.501264	1.000000	65.195068	51.391907	6.154221	0.999983	0.004884	1.000071	0.003256	1.000001	1.000000	1.000000	1.000000	1.000001	1.000000	1.000000	1.000000	1.000000	1.000000	1.000000	1.000000	1354697432.501393	1.000000	62.394073	48.701920	5.805725	1.000000	1.000000	1.000000	1.000000	1.000000	1.000000	1.000000	1.000000	1.000000	1.000000	0.996967	0.000045	0.999744	0.000107	1.000000	1.000000	
1354697433.501264	1.000000	65.229553	51.455734	5.923615	0.999993	0.000283	0.999952	0.006443	1.000000	1.000000	1.000000	1.000000	1.000000	1.000000	1.000000	1.000000	1.000000	1.000000	1.000000	1.000000	1354697433.501391	0.999998	62.467999	48.783998	5.796276	1.000000	1.000000	1.000000	1.000000	1.000000	1.000000	1.000000	1.000000	1.000000	1.000000	1.011802	0.000012	1.000124	0.000125	1.000000	1.000000	
1354697434.501264	1.000000	65.051651	51.288467	5.845245	0.999561	0.000743	1.000021	0.004706	0.999999	0.999787	1.000000	0.999785	0.999977	0.999838	1.000000	0.999784	1.000000	0.999783	1.000000	0.999782	1354697434.501398	1.000007	62.436473	48.764006	5.855703	1.000000	1.000000	1.000000	0.999801	1.000000	0.999853	1.000000	1.000000	1.000000	1.000000	1.000806	0.000044	1.000025	0.000107	1.000000	1.000000	
1354697435.501264	1.000000	64.984756	51.276016	5.947861	1.000188	0.002710	1.000220	0.002268	1.000000	1.000000	1.000000	1.000000	1.000000	1.000001	1.000000	1.000000	1.000000	1.000000	1.000000	1.000000	1354697435.501382	0.999984	62.417425	48.784211	5.806413	1.000000	1.000000	1.000000	1.000000	1.000000	1.000000	1.000000	1.000000	1.000000	1.000000	0.995882	0.000012	1.000004	0.000101	1.000000	1.000000	
1354697436.501264	1.000000	64.908432	51.115143	6.179825	1.000010	0.004197	1.003268	0.000035	1.000000	1.000000	1.000000	1.000000	1.000000	1.000000	1.000000	1.000000	1.000000	1.000000	1.000000	1.000000	1354697436.501384	1.000002	62.485644	48.782729	5.786808	1.000000	1.000000	1.000000	1.000000	1.000000	1.000000	1.000000	1.000000	1.000000	1.000000	1.000729	0.000044	0.999939	0.000108	1.000000	1.000000	
1354697437.501264	1.000000	65.053604	51.261078	6.077164	0.999946	0.005344	0.998990	0.000216	1.000000	1.000000	1.000000	1.000000	1.000000	1.000000	1.000001	1.000000	1.000000	1.000000	1.000000	1.000000	1354697437.501391	1.000007	62.515834	48.819746	5.747794	1.000000	1.000000	1.000000	1.000000	1.000000	1.000000	1.000000	1.000000	1.000000	1.000000	0.999226	0.000021	0.999880	0.000100	1.000000	1.000000	
1354697438.501264	1.000000	64.958084	51.251083	5.921524	0.999684	0.000708	1.000016	0.004227	1.000000	1.000000	1.000000	1.000000	1.000000	1.000000	0.999999	1.000000	1.000000	1.000000	1.000000	1.000000	1354697438.501393	1.000002	62.431140	48.798842	5.757161	1.000000	1.000000	1.000000	1.000000	1.000000	1.000000	1.000000	1.000000	1.000000	1.000000	0.985352	0.000044	0.999846	0.000133	1.000000	1.000000	
1354697439.501265	1.000001	715802872.077873	715798220.805652	715824144.364273	0.999933	1.000500	0.999932	1.000508	0.999942	1.000503	0.999933	1.000498	0.999933	1.000501	0.999935	1.000495	0.999934	1.000507	0.999935	1.000509	1354697439.501365	0.999972	715795665.393094	715825422.119123	715795796.857226	0.999933	1.000499	0.999930	1.000500	3.896872	0.256732	0.999932	1.000496	0.999934	1.000506	0.999936	1.000501	0.999934	1.000507	0.999936	1.000513	
1354697440.501270	1.000005	0.000000	0.000000	0.000000	-nan	-nan	-nan	-nan	8.000000	inf	-nan	-nan	-nan	0.000000	-nan	-nan	-nan	-nan	-nan	-nan	1354697440.501359	0.999994	0.000000	0.000000	0.000000	-nan	-nan	-nan	-nan	0.000000	inf	-nan	-nan	-nan	-nan	-nan	-nan	-nan	-nan	-nan	-nan	
1354697441.501309	1.000039	0.000000	0.000000	0.000000	-nan	-nan	-nan	-nan	1525311919221.557617	inf	-nan	-nan	-nan	0.000000	-nan	-nan	-nan	-nan	-nan	-nan	1354697441.501389	1.000030	0.000000	0.000000	0.000000	-nan	-nan	-nan	-nan	inf	-nan	-nan	-nan	-nan	-nan	-nan	-nan	-nan	-nan	-nan	-nan	
