ts_0	elapsed_0	pkg_0	pp0_0	dram_0	freq_ratio_0_0	c0_ratio_0_0	freq_ratio_0_1	c0_ratio_0_1	freq_ratio_0_2	c0_ratio_0_2	freq_ratio_0_3	c0_ratio_0_3	freq_ratio_0_4	c0_ratio_0_4	freq_ratio_0_5	c0_ratio_0_5	freq_ratio_0_6	c0_ratio_0_6	freq_ratio_0_7	c0_ratio_0_7	ts_1	elapsed_1	pkg_1	pp0_1	dram_1	freq_ratio_1_0	c0_ratio_1_0	freq_ratio_1_1	c0_ratio_1_1	freq_ratio_1_2	c0_ratio_1_2	freq_ratio_1_3	c0_ratio_1_3	freq_ratio_1_4	c0_ratio_1_4	freq_ratio_1_5	c0_ratio_1_5	freq_ratio_1_6	c0_ratio_1_6	freq_ratio_1_7	c0_ratio_1_7	
1357208593.622394	1.023243	70.900808	57.511618	6.842203	1.151655	0.260610	1.152128	0.260677	1.151660	0.259821	1.152907	0.260243	1.152311	0.256291	1.153710	0.260262	1.153934	0.260028	1.152765	0.254891	1357208593.622466	1.000327	68.331667	54.287311	8.545026	0.999871	0.944924	0.999984	0.944332	1.000001	0.943954	0.999991	0.944043	1.000001	0.943832	1.000001	0.917151	1.000003	0.302435	0.999675	0.946091	
1357208594.622389	0.999995	78.593457	65.071371	7.107747	1.000000	1.000001	1.000001	1.000000	1.000000	0.999962	1.000000	0.999530	1.000000	0.999529	1.000000	0.999528	1.000000	1.000000	1.000000	0.999949	1357208594.622450	0.999984	77.924951	63.631204	9.698946	1.000000	1.000000	1.000000	1.000000	1.000000	1.000000	1.000000	1.000000	1.000000	0.999529	1.000000	1.000000	1.000000	1.000000	1.000000	1.000000	
1357208595.622389	1.000000	78.292648	64.756271	7.103760	1.000000	1.000000	1.000000	1.000000	1.000000	1.000000	1.000000	1.000000	1.000000	1.000000	1.000000	1.000000	1.000000	1.000000	1.000000	1.000000	1357208595.622447	0.999997	77.912763	63.606765	9.882279	1.000000	1.000000	1.000000	1.000000	1.000000	1.000000	1.000000	1.000000	1.000000	1.000000	1.000000	1.000000	1.000000	1.000000	1.000000	1.000000	
1357208596.622389	1.000000	78.400665	64.832855	7.125641	1.000000	1.000000	1.000000	1.000000	1.000000	1.000000	1.000000	1.000000	1.000000	1.000000	1.000000	1.000000	1.000000	1.000000	1.000000	1.000000	1357208596.622445	0.999998	77.635890	63.307463	9.932773	1.000000	1.000000	1.000000	1.000000	1.000000	1.000000	1.000000	1.000000	1.000000	1.000000	1.000000	1.000000	1.000000	1.000000	1.000000	1.000000	
1357208597.622389	1.000000	78.463943	64.925842	7.120087	1.000000	1.000000	1.000000	1.000000	0.999999	0.999999	1.000000	1.000000	1.000000	1.000000	1.000000	1.000001	1.000000	1.000000	1.000000	1.000000	1357208597.622449	1.000004	77.719457	63.440569	9.900885	1.000000	1.000000	1.000000	1.000000	1.000000	1.000000	1.000000	1.000000	1.000000	1.000000	1.000000	1.000000	1.000000	1.000000	1.000000	1.000000	
1357208598.622389	1.000000	78.465118	64.936966	7.098343	1.000000	0.999761	1.000000	1.000000	1.000000	1.000001	0.999999	0.999739	1.000000	1.000000	1.000000	1.000000	1.000000	0.999704	1.000000	0.999737	1357208598.622448	0.999999	77.780302	63.502212	9.809030	1.000000	0.999738	1.000000	0.999738	1.000000	0.999702	1.000000	0.999737	1.000000	0.999736	1.000000	0.999735	1.000000	0.999701	1.000000	0.999777	
1357208599.622388	0.999999	78.677993	65.070771	7.125846	1.000000	1.000000	1.000000	1.000000	1.000000	1.000000	1.000001	1.000000	1.000000	1.000000	1.000000	1.000000	1.000000	1.000000	1.000000	1.000000	1357208599.622444	0.999996	77.943431	63.566282	9.949061	1.000000	1.000000	1.000000	1.000000	1.000000	1.000000	1.000000	1.000000	1.000000	1.000000	1.000000	1.000000	1.000000	1.000000	1.000000	1.000000	
1357208600.622389	1.000001	78.804246	65.256514	7.116113	1.000000	1.000000	0.999999	1.000000	1.000000	1.000000	1.000000	1.000000	1.000000	1.000000	1.000000	1.000000	1.000000	1.000000	0.999999	1.000000	1357208600.622447	1.000003	77.866488	63.596376	9.698609	1.000000	1.000000	1.000000	1.000000	1.000000	1.000000	1.000000	1.000000	1.000000	1.000000	1.000000	1.000000	1.000000	1.000000	1.000000	1.000000	
1357208601.622389	1.000000	78.969528	65.367874	7.120926	1.000000	1.000000	1.000000	1.000000	1.000000	1.000000	1.000000	1.000001	1.000000	1.000000	1.000000	0.999999	1.000000	1.000000	1.000000	1.000000	1357208601.622449	1.000002	77.985554	63.624726	9.902966	1.000000	1.000000	1.000000	1.000000	1.000000	1.000000	1.000000	1.000000	1.000000	1.000000	1.000000	1.000000	1.000000	1.000000	1.000000	1.000000	
1357208602.622389	1.000000	78.954285	65.401657	7.094742	1.000000	0.999513	1.000000	1.000000	1.000000	1.000000	1.000000	0.999999	0.999999	1.000000	1.000000	1.000001	1.000000	1.000000	1.000000	1.000000	1357208602.622454	1.000005	77.854575	63.596880	9.832440	1.000000	0.999517	1.000000	1.000000	1.000000	1.000000	1.000000	1.000000	1.000000	1.000000	1.000000	1.000000	1.000000	1.000000	1.000000	1.000000	
1357208603.622389	1.000000	79.007889	65.406754	7.128616	1.000000	1.000000	1.000000	1.000000	1.000000	1.000000	1.000001	1.000001	1.000001	1.000000	1.000000	1.000000	1.000000	1.000000	1.000001	1.000001	1357208603.622446	0.999992	78.003852	63.664777	9.805683	1.000000	1.000000	1.000000	1.000000	1.000000	1.000000	1.000000	1.000000	1.000000	1.000000	1.000000	1.000000	1.000000	1.000000	1.000000	1.000000	
1357208604.622389	1.000000	79.099319	65.464996	7.156189	1.000000	1.000000	1.000000	1.000000	1.000000	1.000000	0.999999	1.000000	1.000000	1.000000	1.000000	1.000000	1.000000	1.000000	1.000000	1.000000	1357208604.622447	1.000001	78.055422	63.653916	9.926550	1.000000	1.000000	1.000000	1.000000	1.000000	1.000000	1.000000	1.000000	1.000000	1.000000	1.000000	1.000000	1.000000	1.000000	1.000000	1.000000	
1357208605.622391	1.000002	79.163500	65.553662	7.085420	1.000000	0.999852	1.000000	0.999868	1.000000	0.999851	1.000000	0.999817	1.000000	0.999814	1.000000	0.999835	1.000000	0.999851	0.999983	0.999934	1357208605.622461	1.000014	78.067963	63.705845	9.916593	1.000000	0.999819	1.000000	0.999812	1.000000	0.999857	1.000000	0.999857	1.000000	0.999829	1.000000	0.999855	1.000000	1.000000	1.000000	0.999904	
1357208606.622389	0.999998	79.086424	65.502185	7.105635	1.000000	0.999530	1.000001	1.000000	1.000000	0.999626	1.000000	0.999528	1.000000	1.000000	1.000000	0.999527	1.000000	0.999526	1.000000	1.000000	1357208606.622451	0.999990	78.091343	63.764249	9.791312	1.000000	1.000000	1.000000	1.000000	1.000000	1.000000	1.000000	1.000000	1.000000	1.000000	1.000000	1.000000	1.000000	1.000000	1.000000	1.000000	
1357208607.622389	1.000000	79.107101	65.534515	7.137466	1.000000	1.000000	1.000000	1.000000	1.000000	1.000000	1.000000	1.000000	1.000000	1.000000	1.000001	1.000000	1.000000	1.000000	1.000000	0.999999	1357208607.622448	0.999997	78.039365	63.704589	9.852585	1.000000	1.000000	1.000000	1.000000	1.000000	1.000000	1.000000	1.000000	1.000000	1.000000	1.000000	1.000000	1.000000	1.000000	1.000000	1.000000	
1357208608.622389	1.000000	79.150711	65.549484	7.113815	1.000000	1.000000	1.000000	0.999999	1.000000	1.000000	1.000000	1.000000	1.000000	1.000000	1.000000	1.000000	1.000000	1.000000	1.000000	1.000000	1357208608.622448	1.000000	78.150620	63.775513	9.994827	1.000000	1.000000	1.000000	1.000000	1.000000	1.000000	1.000000	1.000000	1.000000	1.000000	1.000000	1.000000	1.000000	1.000000	1.000000	1.000000	
1357208609.622389	1.000000	79.221268	65.603699	7.104980	1.000000	1.000000	1.000000	0.999782	1.000001	1.000000	1.000000	0.999999	1.000000	1.000000	0.999999	1.000000	1.000000	1.000000	1.000000	1.000000	1357208609.622450	1.000002	78.204120	63.787827	9.926647	1.000000	1.000000	1.000000	0.999741	1.000000	0.999740	1.000000	0.999738	1.000000	0.999737	1.000000	0.999737	1.000000	0.999735	1.000000	0.999787	
1357208610.622389	1.000000	79.230026	65.633560	7.123337	1.000000	1.000000	1.000000	1.000000	0.999999	1.000000	1.000000	1.000000	1.000000	1.000000	1.000001	1.000001	1.000000	1.000000	1.000000	1.000000	1357208610.622448	0.999998	78.143215	63.758895	9.938114	1.000000	1.000000	1.000000	1.000000	1.000000	1.000000	1.000000	1.000000	1.000000	1.000000	1.000000	1.000000	1.000000	1.000000	1.000000	1.000000	
1357208611.622389	1.000000	79.218597	65.586945	7.130661	1.000000	1.000000	1.000000	1.000000	1.000000	1.000000	1.000000	1.000000	1.000000	1.000000	1.000000	1.000000	1.000000	1.000000	1.000000	1.000000	1357208611.622446	0.999998	78.169934	63.708770	9.965794	1.000000	1.000000	1.000000	1.000000	1.000000	1.000000	1.000000	1.000000	1.000000	1.000000	1.000000	1.000000	1.000000	1.000000	1.000000	1.000000	
1357208612.622389	1.000000	79.304733	65.736542	7.115936	1.000000	1.000000	0.999999	1.000000	1.000000	1.000000	1.000000	1.000000	0.999999	1.000000	1.000001	1.000000	1.000000	1.000000	1.000000	1.000000	1357208612.622454	1.000008	78.170326	63.829744	9.809613	1.000000	1.000000	1.000000	1.000000	1.000000	1.000000	1.000000	1.000000	1.000000	1.000000	1.000000	1.000000	1.000000	1.000000	1.000000	1.000000	
1357208613.622389	1.000000	79.330734	65.771851	7.101395	1.000000	1.000000	1.000001	1.000000	1.000000	1.000000	1.000000	0.999999	1.000001	1.000000	1.000000	1.000000	1.000000	1.000000	1.000000	1.000000	1357208613.622446	0.999992	78.171959	63.864180	9.761355	1.000000	1.000000	1.000000	1.000000	1.000000	1.000000	1.000000	1.000000	1.000000	1.000000	1.000000	1.000000	1.000000	1.000000	1.000000	1.000000	
1357208614.622389	1.000000	79.352661	65.781769	7.059982	1.000000	1.000000	1.000000	1.000000	1.000000	1.000000	1.000001	1.000001	1.000000	1.000000	1.000000	1.000000	1.000000	1.000000	1.000000	1.000000	1357208614.622443	0.999997	78.277113	63.910598	9.852921	1.000000	1.000000	1.000000	1.000000	1.000000	1.000000	1.000000	1.000000	1.000000	1.000000	1.000000	1.000000	1.000000	1.000000	1.000000	1.000000	
1357208615.622389	1.000000	79.442307	65.867020	7.079422	1.000000	1.000000	0.999999	0.999999	1.000000	1.000000	0.999999	1.000000	1.000000	1.000000	1.000000	1.000000	0.999999	0.999999	1.000000	1.000000	1357208615.622451	1.000008	78.238730	63.894135	9.863812	1.000000	1.000000	1.000000	1.000000	1.000000	1.000000	1.000000	1.000000	1.000000	1.000000	1.000000	1.000000	1.000000	1.000000	1.000000	1.000000	
1357208616.622389	1.000000	31.702896	18.533676	4.549683	0.999635	0.250832	0.999859	0.250257	0.999983	0.250129	0.999984	0.250152	0.999983	0.250106	0.999999	0.250114	0.999985	0.250064	0.999518	0.250384	1357208616.622816	1.000365	39.638302	26.321371	3.234446	0.999998	0.250069	0.999998	0.250036	0.999998	0.250037	0.999996	0.250262	0.999998	0.250024	0.999998	0.250013	0.999998	0.249996	1.000000	1.000000	
1357208617.622389	1.000000	21.212570	8.077820	4.057678	0.967573	0.004016	0.962466	0.002377	0.981759	0.001684	0.985176	0.001525	0.983638	0.001564	0.985245	0.001253	0.979608	0.001407	0.977098	0.002648	1357208617.622589	0.999773	29.081659	15.833428	3.049444	0.999656	0.000068	1.000277	0.000052	1.000289	0.000108	1.000056	0.000990	1.000699	0.000007	1.000644	0.000007	1.000295	0.000080	1.000000	1.000000	
1357208618.622399	1.000010	23.613167	10.389209	6.498852	0.740187	0.016072	0.749828	0.000134	1.105758	0.000007	1.015563	0.000035	1.106586	0.000007	0.851766	0.000095	1.094233	0.000007	0.975097	0.000135	1357208618.622650	1.000061	29.133537	15.791761	5.999069	0.999976	0.000047	0.999968	0.000072	0.981727	0.000038	1.016891	0.000039	0.999891	0.000053	1.000554	0.000051	1.000607	0.000036	1.000000	1.000000	
1357208619.622393	0.999994	24.541482	11.311469	6.323204	0.800319	0.014918	0.739391	0.000204	0.999449	0.000070	0.757394	0.000073	0.996848	0.000063	0.997990	0.000036	0.778634	0.000073	0.943334	0.000111	1357208619.622635	0.999985	29.121165	15.775429	5.845898	1.000196	0.000051	0.999086	0.000016	1.000624	0.001037	0.999917	0.000065	1.000599	0.000007	0.995295	0.000006	0.999932	0.000063	1.000000	1.000000	
1357208620.622389	0.999996	21.668499	8.462727	6.546047	0.633496	0.020143	0.842516	0.001679	1.000094	0.000186	0.816683	0.000231	0.790265	0.000376	0.825938	0.000261	1.000202	0.000053	0.722863	0.000196	1357208620.622646	1.000011	29.134400	15.782816	5.906429	0.999955	0.000586	1.000068	0.000182	1.000118	0.000333	1.000005	0.000245	1.000051	0.000053	0.999938	0.000056	0.999482	0.000036	1.000000	1.000000	
1357208621.622389	1.000000	24.678940	11.449554	6.331131	0.848649	0.015335	0.910209	0.000200	0.999950	0.000101	0.999792	0.000106	1.000048	0.000096	0.998890	0.000008	0.999891	0.000074	0.728053	0.000346	1357208621.622636	0.999990	29.141695	15.756368	5.871946	1.000535	0.000053	0.999854	0.000016	0.999921	0.000078	0.992229	0.000084	0.999732	0.000007	0.998469	0.000006	1.000728	0.000075	1.000000	1.000000	
1357208622.622389	1.000000	25.415115	12.217804	6.197922	0.902852	0.011379	0.999921	0.000132	1.000000	0.000045	0.759405	0.000065	1.000586	0.000008	1.000075	0.000057	0.892554	0.000009	0.999958	0.000146	1357208622.622742	1.000106	29.106485	15.736993	5.767531	0.999710	0.000056	0.999962	0.000103	1.000092	0.000038	1.001954	0.000333	0.999718	0.000053	1.000559	0.000050	0.999561	0.000035	1.000000	1.000000	
1357208623.622389	1.000000	22.946533	9.734451	6.649429	0.699655	0.018550	0.897869	0.000177	0.812762	0.000106	0.770201	0.000071	0.738699	0.000086	1.002692	0.000008	0.657429	0.000077	0.873941	0.000121	1357208623.622656	0.999914	29.103488	15.722728	5.973109	1.000389	0.000050	0.999977	0.000017	0.999963	0.000083	0.999925	0.000066	1.002758	0.000006	0.995947	0.000007	0.999469	0.000085	1.000000	1.000000	
1357208624.622390	1.000001	24.022041	10.810506	6.515359	0.767600	0.016791	0.999948	0.000104	0.999901	0.000031	0.704002	0.000053	0.999801	0.000008	0.745249	0.000070	0.999116	0.000008	0.885349	0.000155	1357208624.622635	0.999979	29.099899	15.723856	5.779617	0.999811	0.000065	0.991394	0.000064	0.999957	0.000036	1.000054	0.000007	1.000207	0.000052	0.999976	0.000065	1.001031	0.000049	1.000000	1.000000	
1357208625.622389	0.999999	24.785958	11.583751	6.239798	0.862490	0.013517	0.908955	0.000168	1.000000	0.000080	1.000246	0.000061	0.993683	0.000066	0.995684	0.000008	0.991231	0.000057	0.755781	0.000137	1357208625.622759	1.000124	29.082515	15.720707	5.673140	1.000113	0.000072	1.000266	0.002057	0.999908	0.000075	0.993849	0.000103	0.996456	0.000007	1.000914	0.000007	0.999142	0.000061	1.000000	1.000000	
1357208626.622389	1.000000	21.578522	8.396393	6.440765	0.614601	0.019271	0.748833	0.000134	0.675273	0.000047	0.952224	0.000039	0.905775	0.000042	0.898643	0.000060	0.999593	0.000009	0.671622	0.000229	1357208626.622802	1.000043	29.046056	15.693434	5.896369	0.998317	0.000057	0.992126	0.000068	0.999947	0.000037	0.999052	0.000007	0.990333	0.000055	0.988711	0.000051	0.997096	0.000041	1.000000	1.000000	
1357208627.622392	1.000003	24.580872	11.399028	6.154858	0.789831	0.013561	0.882400	0.000281	0.968453	0.000126	0.931984	0.000104	0.951596	0.000072	0.864247	0.000027	0.916581	0.000086	0.999957	0.000135	1357208627.622771	0.999969	29.081926	15.732803	5.712198	1.001119	0.000079	1.006203	0.000069	0.999939	0.000082	0.999986	0.000402	1.011779	0.000046	1.011470	0.000040	0.994607	0.000093	1.000000	1.000000	
1357208628.622390	0.999998	21.633724	8.450410	6.529553	0.653091	0.020788	0.683104	0.000171	0.587215	0.000052	0.645468	0.000056	0.654054	0.000010	0.928079	0.000049	0.647415	0.000010	0.999866	0.000135	1357208628.622637	0.999866	29.060916	15.713394	5.943652	0.999609	0.000051	1.001479	0.000062	0.999829	0.000036	1.016509	0.000039	1.000000	0.000048	1.002419	0.000048	1.009565	0.000063	1.000000	1.000000	
1357208629.622389	0.999999	24.072502	10.895137	6.292517	0.778689	0.014337	0.897479	0.000164	1.000973	0.000081	1.000422	0.000055	0.999994	0.000066	1.000736	0.000008	0.904857	0.000057	0.853168	0.000122	1357208629.622672	1.000035	29.145219	15.795604	5.776211	1.000356	0.000051	1.000098	0.000016	1.000156	0.000074	0.999945	0.000063	1.001628	0.000007	1.000376	0.000006	1.000768	0.000081	1.000000	1.000000	
1357208630.622389	1.000000	715818197.894897	715819376.064560	715805825.748703	0.999949	1.000951	0.999946	1.000954	0.999957	1.000952	0.999949	1.000952	0.999950	1.000959	0.999951	1.000949	0.999949	1.000955	0.999950	1.000959	1357208630.622490	0.999818	715905595.958386	715906659.954447	715922775.958429	0.999949	1.000951	0.999946	1.000951	3.895860	0.256917	0.999949	1.000951	0.999950	1.000960	0.999951	1.000950	0.999950	1.000961	0.999948	1.000948	
1357208631.622494	1.000105	0.000000	0.000000	0.000000	-nan	-nan	-nan	-nan	0.000000	inf	-nan	-nan	-nan	0.000000	-nan	-nan	-nan	-nan	-nan	-nan	1357208631.622573	1.000083	0.000000	0.000000	0.000000	-nan	-nan	-nan	-nan	0.000000	inf	-nan	-nan	-nan	-nan	-nan	-nan	-nan	-nan	-nan	-nan	
