ts_0	elapsed_0	pkg_0	pp0_0	dram_0	freq_ratio_0_0	c0_ratio_0_0	freq_ratio_0_1	c0_ratio_0_1	freq_ratio_0_2	c0_ratio_0_2	freq_ratio_0_3	c0_ratio_0_3	freq_ratio_0_4	c0_ratio_0_4	freq_ratio_0_5	c0_ratio_0_5	freq_ratio_0_6	c0_ratio_0_6	freq_ratio_0_7	c0_ratio_0_7	ts_1	elapsed_1	pkg_1	pp0_1	dram_1	freq_ratio_1_0	c0_ratio_1_0	freq_ratio_1_1	c0_ratio_1_1	freq_ratio_1_2	c0_ratio_1_2	freq_ratio_1_3	c0_ratio_1_3	freq_ratio_1_4	c0_ratio_1_4	freq_ratio_1_5	c0_ratio_1_5	freq_ratio_1_6	c0_ratio_1_6	freq_ratio_1_7	c0_ratio_1_7	
1356625401.313472	1.008239	38.356329	25.156383	3.295178	1.269222	0.992704	1.266946	0.000350	1.267924	0.000059	1.256691	0.000107	1.259247	0.000130	1.253938	0.000005	1.236383	0.000021	0.643266	0.000043	1356625401.313880	1.000843	31.332716	18.140636	1.837379	1.246820	0.000011	1.312599	0.000011	1.270429	0.000007	1.235567	0.000007	1.244583	0.000007	1.264603	0.000100	1.233105	0.000007	1.242449	0.000007	
1356625402.313482	1.000010	47.719584	34.514181	5.137446	1.260805	0.005571	1.268458	0.989655	1.268522	0.974033	1.223870	0.000090	1.223364	0.000128	1.222018	0.000073	1.231368	0.000132	1.224845	0.000107	1356625402.313688	0.999808	46.607731	33.387634	2.375944	1.269080	0.975290	1.198511	0.000107	0.693884	0.000289	0.881555	0.000182	1.215735	0.000117	1.063896	0.000137	0.883333	0.000154	1.269197	0.975601	
1356625403.313477	0.999995	47.810817	34.593679	5.079280	1.230432	0.001136	1.266076	0.998409	1.266076	0.998407	1.231459	0.000114	1.233257	0.000038	1.233522	0.000013	1.232189	0.000013	1.232543	0.000033	1356625403.313679	0.999991	47.222626	33.986346	2.355338	1.269204	0.999827	1.231565	0.000012	1.242954	0.000039	1.242491	0.000042	1.232360	0.000021	1.230807	0.000133	1.229168	0.000012	1.269207	0.998462	
1356625404.313470	0.999993	48.050595	34.831097	5.024891	1.229218	0.000678	1.269026	0.998957	1.269026	0.998956	1.228240	0.000123	1.227154	0.000066	1.222453	0.000051	1.230539	0.001922	1.217572	0.000046	1356625404.313683	1.000004	47.371970	34.139800	2.333014	1.269189	0.999695	1.226856	0.000070	1.227554	0.000083	1.224857	0.000045	1.230932	0.000047	1.230767	0.000147	1.230792	0.000067	1.269189	0.999696	
1356625405.313478	1.000008	47.002518	33.778886	5.104420	1.227709	0.000972	1.266062	0.931591	1.266062	0.931534	1.235524	0.000104	1.225660	0.000038	1.250109	0.000014	1.251945	0.000014	1.240191	0.000035	1356625405.313684	1.000001	46.785676	33.548918	2.389219	1.269215	0.932298	1.247501	0.000012	0.868233	0.000053	0.779676	0.000064	1.240926	0.000021	1.232604	0.000128	1.248205	0.000012	1.269207	0.998238	
1356625406.313471	0.999993	47.912319	34.688777	5.422889	1.230129	0.001005	1.267591	0.998377	1.267591	0.998371	1.231987	0.000088	1.233098	0.000082	1.236758	0.000073	1.235158	0.000106	1.238467	0.000076	1356625406.313675	0.999991	47.345049	34.106251	2.469505	1.269176	0.999588	1.227139	0.000089	1.228717	0.000143	1.218915	0.000067	1.223590	0.000071	1.224218	0.000079	1.223402	0.000072	1.269179	0.998154	
1356625407.313470	0.999999	48.124558	34.906680	5.418279	1.230826	0.000701	1.269141	0.999182	1.269141	0.999181	1.230514	0.000061	1.230655	0.000054	1.233933	0.000007	1.231066	0.000007	1.235405	0.000007	1356625407.313675	1.000000	47.505569	34.271744	2.325073	1.269208	0.999827	1.226871	0.000006	1.226371	0.000006	1.243844	0.000038	1.246499	0.000031	1.234552	0.000133	1.244552	0.000037	1.269208	0.999827	
1356625408.313471	1.000001	47.986938	34.760190	5.246928	1.230503	0.000978	1.265747	0.998264	1.265746	0.998262	1.225936	0.000059	1.227504	0.000076	1.230968	0.000049	1.230618	0.000086	1.230679	0.000064	1356625408.313675	1.000000	47.298050	34.058075	2.400909	1.269186	0.999675	1.227122	0.000070	1.232639	0.000089	1.233042	0.000081	1.231468	0.000051	1.230385	0.000089	1.230248	0.000048	1.269189	0.997983	
1356625409.313478	1.000007	47.913945	34.699665	5.472817	1.230698	0.000836	1.268047	0.998502	1.268047	0.998500	1.230648	0.000103	1.229944	0.000038	1.229800	0.000013	1.230617	0.000075	1.230965	0.000013	1356625409.313675	1.000000	47.259842	34.018051	2.372681	1.269204	0.999827	1.230030	0.000012	1.230997	0.000035	1.230597	0.000012	1.230900	0.000022	1.230959	0.000130	1.232117	0.000023	1.269206	0.998456	
1356625410.313470	0.999992	48.151391	34.927651	5.514678	1.230111	0.000574	1.269148	0.999323	1.269147	0.999322	1.222705	0.000035	1.227005	0.000059	1.230339	0.000053	1.230995	0.000040	1.229915	0.000045	1356625410.313674	0.999999	47.529480	34.292986	2.223330	1.269197	0.999761	1.226191	0.000065	1.226198	0.000057	1.226564	0.000061	1.230757	0.000051	1.230716	0.000072	1.230026	0.000051	1.269197	0.999761	
1356625411.313478	1.000008	47.988213	34.758400	5.856199	1.230696	0.000778	1.265927	0.998604	1.265927	0.998603	1.230881	0.000087	1.230545	0.000038	1.231683	0.000013	1.231260	0.000013	1.231686	0.000033	1356625411.313684	1.000010	47.323394	34.079294	2.382346	1.269203	0.999828	1.232242	0.000012	1.241608	0.000038	1.242448	0.000042	1.231201	0.000021	1.230462	0.000122	1.235363	0.000012	1.269207	0.998620	
1356625412.313477	0.999999	46.894332	33.666673	5.694402	0.906193	0.001770	1.268947	0.961526	1.269046	0.961377	0.863305	0.000108	1.122753	0.000101	1.043525	0.000056	1.101381	0.000080	1.061987	0.000062	1356625412.313679	0.999995	46.972327	33.727494	2.468183	1.269188	0.962313	1.229834	0.000075	1.235936	0.000091	1.230108	0.000074	1.233523	0.000076	1.233640	0.000085	0.983710	0.000100	1.269132	0.998318	
1356625413.313469	0.999992	48.091561	34.873269	5.444762	1.231024	0.000392	1.269172	0.999421	1.269172	0.999420	1.230500	0.000057	1.223609	0.000032	1.198928	0.000007	1.230976	0.000007	1.229324	0.000007	1356625413.313675	0.999996	47.599192	34.360048	2.202676	1.269217	0.999913	1.231622	0.000006	1.230769	0.000006	1.230831	0.000006	1.230805	0.000006	1.230742	0.000105	1.230845	0.000006	1.269217	0.999912	
1356625414.313478	1.000009	48.015098	34.791082	5.638514	1.230387	0.000968	1.267110	0.998588	1.267110	0.998586	1.229567	0.000059	1.230069	0.000067	1.231129	0.000054	1.230733	0.001694	1.231018	0.000067	1356625414.313680	1.000005	47.321388	34.079038	2.413181	1.269183	0.999654	1.226714	0.000067	1.232497	0.000083	1.233484	0.000092	1.230404	0.000065	1.230433	0.000115	1.230271	0.000061	1.269186	0.998194	
1356625415.313478	1.000000	45.961060	32.736618	5.497681	0.712035	0.001235	1.269037	0.928766	1.269158	0.928608	1.028728	0.000117	1.117307	0.000042	1.264554	0.000014	1.262498	0.000033	1.251694	0.000013	1356625415.313678	0.999998	46.758619	33.516589	2.295506	1.269215	0.929072	1.247393	0.000012	1.255834	0.000035	1.251174	0.000011	1.242749	0.000021	1.232679	0.000126	1.250859	0.000028	1.269177	0.998573	
1356625416.313470	0.999992	48.083245	34.860726	5.287290	1.230993	0.000566	1.269151	0.999297	1.269151	0.999296	1.222200	0.000035	1.227661	0.000075	1.219756	0.000042	1.220456	0.000044	1.220001	0.000042	1356625416.313676	0.999998	47.585799	34.347142	2.293355	1.269188	0.999696	1.228412	0.000138	1.228107	0.000105	1.226914	0.000070	1.230975	0.000057	1.230389	0.000072	1.230459	0.000057	1.269188	0.999695	
1356625417.313471	1.000001	48.455642	35.225461	5.642573	1.175598	0.003987	1.261191	0.998407	1.261192	0.998396	1.156905	0.002690	1.158404	0.003074	1.154882	0.002520	1.154725	0.002515	1.157280	0.002738	1356625417.313687	1.000011	48.014564	34.791000	2.419636	1.261604	0.999680	1.155324	0.002553	1.156293	0.002496	1.156229	0.002467	1.155052	0.002350	1.163066	0.002889	1.156648	0.002420	1.261657	0.998259	
1356625418.313478	1.000007	48.017231	34.790119	5.638526	1.230288	0.001011	1.267350	0.998356	1.267350	0.998355	1.227196	0.000074	1.227936	0.000084	1.226963	0.000082	1.237990	0.000067	1.235804	0.000117	1356625418.313682	0.999995	47.323937	34.084231	2.449796	1.269177	0.999610	1.227728	0.000101	1.227771	0.000091	1.218914	0.000066	1.234947	0.000092	1.224321	0.000079	1.224041	0.000075	1.269181	0.998266	
1356625419.313470	0.999992	48.154107	34.931786	5.542342	1.231898	0.000386	1.269170	0.999401	1.269170	0.999400	1.226262	0.000059	1.221923	0.000026	1.229748	0.000007	1.230400	0.000026	1.233012	0.000007	1356625419.313687	1.000005	47.550009	34.311535	2.314869	1.269206	0.999806	1.236827	0.000006	1.231029	0.000006	1.244731	0.000037	1.247547	0.000031	1.233698	0.000172	1.246979	0.000031	1.269205	0.999806	
1356625420.313471	1.000001	47.860108	34.632001	5.517832	1.183312	0.001043	1.268708	0.995679	1.268841	0.995504	1.233423	0.000066	1.108979	0.000090	1.235906	0.000050	1.244312	0.000063	0.938616	0.000062	1356625420.313682	0.999995	47.386224	34.141788	2.327786	1.269194	0.997016	0.989296	0.000116	1.239255	0.000083	1.235206	0.000074	1.234002	0.000067	1.021923	0.000121	1.233963	0.000068	1.269188	0.997969	
1356625421.313478	1.000007	47.968800	34.740330	5.339364	1.230506	0.000774	1.267736	0.998563	1.267736	0.998562	1.226764	0.000088	1.230481	0.000033	1.219148	0.000033	1.230843	0.000013	1.239016	0.000013	1356625421.313686	1.000004	47.410620	34.166365	2.317709	1.269205	0.999848	1.230665	0.000031	1.231064	0.000012	1.230615	0.000012	1.252391	0.000042	1.230675	0.000120	1.230599	0.000028	1.269208	0.998532	
1356625422.313470	0.999992	48.186761	34.965661	5.160457	1.230589	0.000851	1.269119	0.999044	1.269118	0.999043	1.223834	0.000056	1.228057	0.000089	1.230738	0.000043	1.230584	0.000044	1.230938	0.000045	1356625422.313675	0.999989	47.508700	34.271296	2.274012	1.269198	0.999761	1.226186	0.000061	1.226398	0.000059	1.226512	0.000060	1.230874	0.000050	1.230432	0.000073	1.230057	0.000038	1.269198	0.999761	
1356625423.313471	1.000001	46.813844	33.588408	5.517283	0.756899	0.001560	1.268183	0.957821	1.268183	0.957752	1.235667	0.000071	1.239307	0.000033	1.249584	0.000013	1.238799	0.000029	1.248320	0.000013	1356625423.313679	1.000004	47.041054	33.797638	2.327932	1.269216	0.958357	0.657709	0.000054	0.677211	0.000054	1.257162	0.000021	1.249658	0.000012	1.049202	0.000158	1.249110	0.000012	1.269211	0.998410	
1356625424.313478	1.000007	47.951893	34.735554	5.121379	1.230135	0.001000	1.265896	0.997962	1.265897	0.997960	1.223154	0.000089	1.226761	0.000078	1.226902	0.000069	1.230691	0.001700	1.231601	0.000049	1356625424.313684	1.000005	47.420997	34.182766	2.373004	1.269177	0.999614	1.227836	0.000088	1.226946	0.000068	1.227248	0.000068	1.241184	0.000090	1.230804	0.000111	1.231052	0.000080	1.269180	0.998081	
1356625425.313470	0.999992	48.194772	34.970254	4.970240	1.230415	0.000402	1.269168	0.999419	1.269167	0.999418	1.228894	0.000104	1.222852	0.000026	1.203306	0.000007	1.219913	0.000007	1.196091	0.000007	1356625425.313673	0.999989	47.460909	34.223611	2.213693	1.269212	0.999869	1.230700	0.000016	1.229539	0.000006	1.230973	0.000006	1.231008	0.000006	1.230749	0.000142	1.230592	0.000006	1.269212	0.999869	
1356625426.313477	1.000007	46.271637	33.038590	4.950344	0.895885	0.001974	1.268983	0.939907	1.269050	0.939795	1.162375	0.000098	1.165679	0.000077	1.152491	0.000099	1.151378	0.000093	1.240281	0.000051	1356625426.313681	1.000008	46.914537	33.670671	2.405803	1.269180	0.940441	1.230171	0.000135	0.955183	0.000091	1.018062	0.000122	0.971037	0.000113	1.232831	0.000102	1.233116	0.000093	1.269155	0.998003	
1356625427.313477	1.000000	47.974762	34.743988	5.044128	1.230392	0.000990	1.268774	0.998416	1.268774	0.998414	1.227529	0.000121	1.230785	0.000055	1.225387	0.000032	1.227237	0.000013	1.229809	0.000013	1356625427.313681	1.000000	47.472031	34.232376	2.310989	1.269206	0.999849	1.231738	0.000023	1.249424	0.000022	1.229280	0.000012	1.230897	0.000039	1.230706	0.000105	1.231262	0.000012	1.269208	0.998224	
1356625428.313470	0.999993	48.209440	34.981306	5.101491	1.230508	0.000570	1.269150	0.999297	1.269150	0.999296	1.226986	0.000056	1.226891	0.000072	1.218352	0.000038	1.231306	0.000046	1.216130	0.000042	1356625428.313672	0.999991	47.474795	34.240758	2.223851	1.269197	0.999764	1.225699	0.000062	1.226122	0.000058	1.226558	0.000062	1.230805	0.000051	1.230560	0.000063	1.230850	0.000055	1.269198	0.999763	
1356625429.313478	1.000008	48.065452	34.831642	5.307574	1.230699	0.001082	1.265036	0.997639	1.265036	0.997636	1.228567	0.000370	1.231835	0.000032	1.230680	0.000092	1.225665	0.000091	1.230608	0.000015	1356625429.313686	1.000014	46.715331	33.478350	2.480525	1.269174	0.926912	0.969892	0.000192	1.236074	0.000041	1.245795	0.000033	1.235615	0.000045	1.232470	0.000365	1.239469	0.000067	1.269120	0.995693	
1356625430.313478	1.000000	48.012161	34.780563	5.088501	1.230469	0.000943	1.268052	0.998361	1.268052	0.998359	1.231557	0.000104	1.227532	0.000084	1.237078	0.000068	1.237598	0.000058	1.239592	0.000070	1356625430.313692	1.000006	47.380379	34.140559	2.402680	1.269186	0.999696	1.227856	0.000103	1.228474	0.000117	1.228623	0.000080	1.223473	0.000069	1.223273	0.000071	1.221753	0.000057	1.269189	0.998165	
1356625431.313470	0.999992	48.223932	34.994287	5.239682	1.230604	0.000441	1.269150	0.999357	1.269151	0.999356	1.226912	0.000055	1.230934	0.000063	1.234956	0.000007	1.241495	0.000007	1.231624	0.000007	1356625431.313672	0.999980	47.612114	34.376100	2.381533	1.269202	0.999784	1.232529	0.000006	1.230753	0.000051	1.237077	0.000081	1.244363	0.000038	1.234968	0.000124	1.246796	0.000030	1.269202	0.999784	
1356625432.313476	1.000006	715767384.940235	715774419.194725	715786928.213641	0.999922	1.000706	0.999922	1.000720	0.999932	1.000716	0.999922	1.000706	0.999926	1.000727	0.999923	1.000698	0.999924	1.000721	0.999922	1.000707	1356625432.313567	0.999895	715838073.889801	715896036.555120	715871389.401674	0.999924	1.000718	0.999919	1.000708	3.897510	0.256741	0.999921	1.000706	0.999923	1.000717	0.999925	1.000709	0.999925	1.000723	0.999921	1.000704	
1356625433.313632	1.000156	0.000000	0.000000	0.000000	-nan	-nan	-nan	-nan	0.000000	inf	-nan	-nan	-nan	0.000000	-nan	-nan	-nan	-nan	-nan	-nan	1356625433.313695	1.000128	0.000000	0.000000	0.000000	-nan	-nan	-nan	-nan	0.000000	inf	-nan	-nan	-nan	-nan	-nan	-nan	-nan	-nan	-nan	-nan	
