ts_0	elapsed_0	pkg_0	pp0_0	dram_0	freq_ratio_0_0	c0_ratio_0_0	freq_ratio_0_1	c0_ratio_0_1	freq_ratio_0_2	c0_ratio_0_2	freq_ratio_0_3	c0_ratio_0_3	freq_ratio_0_4	c0_ratio_0_4	freq_ratio_0_5	c0_ratio_0_5	freq_ratio_0_6	c0_ratio_0_6	freq_ratio_0_7	c0_ratio_0_7	ts_1	elapsed_1	pkg_1	pp0_1	dram_1	freq_ratio_1_0	c0_ratio_1_0	freq_ratio_1_1	c0_ratio_1_1	freq_ratio_1_2	c0_ratio_1_2	freq_ratio_1_3	c0_ratio_1_3	freq_ratio_1_4	c0_ratio_1_4	freq_ratio_1_5	c0_ratio_1_5	freq_ratio_1_6	c0_ratio_1_6	freq_ratio_1_7	c0_ratio_1_7	
1356627287.236371	1.001725	47.311944	34.182400	4.885753	1.155134	0.387868	1.156204	0.395677	1.155637	0.389225	1.156896	0.393885	1.155625	0.386002	1.157167	0.393805	1.156296	0.388110	1.156752	0.390435	1356627287.236551	1.000432	45.081812	31.915793	1.647116	0.999933	0.987354	1.000001	0.986921	1.000001	0.986916	1.004174	0.000217	1.003026	0.000031	1.007313	0.000030	1.007085	0.000031	0.999906	0.987935	
1356627288.236366	0.999995	47.732508	34.579443	4.949732	1.000000	1.000000	1.000000	1.000000	1.000000	1.000000	1.000000	1.000000	1.000438	0.000357	0.991037	0.000063	0.991581	0.000065	1.000418	0.000166	1356627288.236537	0.999986	45.292660	32.108652	1.600547	1.000000	1.000000	1.000000	1.000000	1.000000	1.000000	0.999988	0.000124	1.001703	0.000088	1.000503	0.000073	1.000797	0.000071	1.000000	1.000000	
1356627289.236365	0.999999	47.785568	34.630175	4.944722	1.000000	1.000000	1.000000	1.000000	1.000000	1.000000	1.000000	1.000000	0.999957	0.000333	1.019836	0.000009	1.003513	0.000009	0.999648	0.000126	1356627289.236532	0.999995	45.111600	31.928032	1.588204	1.000000	1.000000	1.000000	1.000000	1.000000	1.000000	1.000000	0.000162	0.999239	0.000007	1.000875	0.000007	0.999838	0.000007	1.000000	1.000000	
1356627290.236365	1.000000	47.836075	34.679520	4.954681	1.000000	1.000000	0.999999	1.000000	1.000000	1.000000	1.000000	1.000000	0.999680	0.000382	1.004273	0.000104	1.007241	0.000087	0.999974	0.000537	1356627290.236522	0.999990	45.127176	31.954788	1.624513	1.000000	1.000000	1.000000	1.000000	1.000000	1.000000	0.999973	0.000200	0.999972	0.000110	0.992788	0.000071	0.992814	0.000072	1.000000	1.000000	
1356627291.236366	1.000001	47.897064	34.734006	4.954722	1.000000	1.000000	1.000001	1.000000	1.000000	1.000000	1.000000	1.000000	1.000404	0.000357	1.001877	0.000039	0.999811	0.000008	1.000548	0.000139	1356627291.236523	1.000001	45.127673	31.956787	1.589613	1.000000	1.000000	1.000000	1.000000	1.000000	1.000000	0.999981	0.000180	1.001689	0.000006	1.005718	0.000083	1.005534	0.000083	1.000000	1.000000	
1356627292.236365	0.999999	47.916077	34.753497	4.954656	1.000000	1.000000	1.000000	1.000000	1.000000	1.000000	1.000000	1.000001	0.999712	0.000424	0.999985	0.000077	0.999930	0.000066	0.999960	0.002321	1356627292.236527	1.000004	45.091462	31.924553	1.648568	1.000000	1.000000	1.000000	1.000000	1.000000	1.000000	1.000002	0.000164	0.998271	0.000085	0.999178	0.000103	0.997974	0.000056	1.000000	1.000000	
1356627293.236365	1.000000	47.923264	34.758682	4.959686	1.000000	1.000000	1.000000	1.000000	1.000000	1.000000	1.000000	1.000000	0.999986	0.000339	1.016998	0.000008	0.998208	0.000008	1.000463	0.000122	1356627293.236523	0.999996	45.129059	31.951393	1.589774	1.000000	1.000000	1.000000	1.000000	1.000000	1.000000	0.999965	0.000156	1.019197	0.000007	1.012095	0.000007	1.015862	0.000007	1.000000	1.000000	
1356627294.236365	1.000000	47.946350	34.777634	4.954697	1.000000	1.000000	1.000000	1.000000	1.000000	1.000000	1.000000	1.000000	0.999938	0.000396	0.996857	0.000063	1.000192	0.000072	0.999883	0.000145	1356627294.236529	1.000006	45.086355	31.923607	1.595709	1.000000	1.000000	1.000000	1.000000	1.000000	1.000000	0.999985	0.000157	1.000099	0.000082	0.999995	0.000070	1.000714	0.000072	1.000000	1.000000	
1356627295.236365	1.000000	47.933044	34.763107	4.939789	1.000000	1.000000	1.000000	1.000000	1.000000	1.000000	1.000000	1.000000	0.999999	0.000351	1.024746	0.000008	0.999019	0.000008	0.999895	0.000437	1356627295.236536	1.000007	45.129006	31.963295	1.579899	1.000000	1.000000	1.000000	1.000000	1.000000	1.000000	0.999980	0.000193	0.999916	0.000032	1.002978	0.000014	0.997347	0.000020	1.000000	1.000000	
1356627296.236365	1.000000	47.881927	34.731491	4.954681	1.000000	1.000000	1.000000	1.000000	1.000000	1.000000	0.999999	1.000000	0.999999	0.000352	0.998631	0.000147	0.999695	0.000064	1.000449	0.000133	1356627296.236521	0.999985	45.162025	31.991829	1.598230	1.000000	1.000000	1.000000	1.000000	1.000000	1.000000	0.999979	0.000146	0.999782	0.000078	0.999866	0.000072	1.000456	0.000059	1.000000	1.000000	
1356627297.236365	1.000000	47.953476	34.788849	4.954681	1.000000	1.000000	1.000000	1.000000	1.000000	1.000000	1.000000	1.000000	1.000029	0.000367	1.006569	0.000034	1.003914	0.000008	0.999950	0.000161	1356627297.236532	1.000011	45.117578	31.950409	1.591306	1.000000	1.000000	1.000000	1.000000	1.000000	1.000000	0.999968	0.000179	1.002615	0.000007	1.000041	0.000019	0.999294	0.000007	1.000000	1.000000	
1356627298.236365	1.000000	47.984344	34.818314	4.944717	1.000000	1.000000	1.000000	1.000000	1.000000	1.000000	1.000000	1.000000	0.999965	0.000359	0.995399	0.000051	0.999941	0.000066	1.000060	0.000136	1356627298.236525	0.999993	45.143974	31.970985	1.592800	1.000000	1.000000	1.000000	1.000000	1.000000	1.000000	1.000009	0.000129	0.999733	0.000072	0.999913	0.000058	1.000011	0.000070	1.000000	1.000000	
1356627299.236365	1.000000	47.946091	34.776581	4.959747	1.000000	0.999999	1.000000	1.000000	1.000000	1.000000	1.000000	1.000000	1.000002	0.000356	1.025242	0.000008	0.997886	0.000008	0.999994	0.000124	1356627299.236526	1.000001	45.127307	31.960266	1.592802	1.000000	1.000000	1.000000	1.000000	1.000000	1.000000	1.000000	0.000166	0.999783	0.000007	1.000767	0.000007	1.003101	0.000007	1.000000	1.000000	
1356627300.236365	1.000000	47.996414	34.822678	4.949707	1.000000	1.000000	1.000000	1.000000	1.000000	1.000000	1.000000	1.000000	0.999906	0.000371	0.992233	0.000052	0.986784	0.000055	0.999370	0.000435	1356627300.236527	1.000001	45.157016	31.993805	1.594496	1.000000	1.000000	1.000000	1.000000	1.000000	1.000000	0.999959	0.000131	1.000176	0.000081	1.000048	0.000072	0.999994	0.000064	1.000000	1.000000	
1356627301.236365	1.000000	47.944138	34.772354	4.954681	1.000000	1.000000	1.000000	1.000000	1.000000	1.000000	1.000000	1.000000	1.000883	0.000330	0.987782	0.000033	1.008820	0.000009	1.001405	0.000193	1356627301.236537	1.000010	45.136313	31.978928	1.588073	1.000000	1.000000	1.000000	1.000000	1.000000	1.000000	0.999982	0.000188	0.994305	0.000006	0.994539	0.000007	1.001583	0.000007	1.000000	1.000000	
1356627302.236365	1.000000	48.015457	34.846558	4.959671	1.000000	1.000000	1.000000	1.000000	1.000000	1.000000	1.000000	1.000000	0.999383	0.000619	1.005733	0.000069	1.006064	0.000073	0.999865	0.002102	1356627302.236522	0.999985	45.156471	31.993782	1.602655	1.000000	1.000000	1.000000	1.000000	1.000000	1.000000	0.999981	0.000222	1.000172	0.000099	0.989785	0.000058	0.989538	0.000063	1.000000	1.000000	
1356627303.236366	1.000001	48.416809	35.246091	4.959071	1.000000	1.000000	1.000000	1.000000	1.000000	1.000000	1.000000	1.000000	1.000003	0.073944	0.998961	0.000443	1.024798	0.000008	1.001720	0.000123	1356627303.236527	1.000005	45.083347	31.937966	1.787360	1.000000	1.000000	1.000000	1.000000	1.000000	1.000000	0.999952	0.000162	0.999893	0.000007	1.015017	0.000042	1.015387	0.000041	1.000000	1.000000	
1356627304.236365	0.999999	47.927017	34.775775	4.954701	1.000000	1.000000	1.000000	1.000000	1.000000	1.000000	1.000000	1.000000	0.997563	0.000148	0.999861	0.000297	1.000089	0.000052	0.999973	0.000141	1356627304.236529	1.000002	45.151251	31.993439	1.591336	1.000000	1.000000	1.000000	1.000000	1.000000	1.000000	1.000036	0.000130	0.999913	0.000080	0.999900	0.000066	1.000324	0.000064	1.000000	1.000000	
1356627305.236365	1.000000	47.932495	34.768707	4.924759	1.000000	1.000000	1.000000	1.000000	1.000000	1.000000	1.000000	1.000000	1.003198	0.000114	1.000228	0.000217	0.996830	0.000008	0.999986	0.000446	1356627305.236522	0.999993	45.146797	31.991249	1.589733	1.000000	1.000000	1.000000	1.000000	1.000000	1.000000	1.000036	0.000222	0.999793	0.000013	1.000108	0.000007	0.994402	0.000007	1.000000	1.000000	
1356627306.236365	1.000000	48.012726	34.846390	4.944717	1.000000	1.000000	1.000000	1.000000	1.000000	1.000000	1.000000	1.000000	0.997632	0.000152	0.999281	0.000298	1.000386	0.000055	1.000384	0.000135	1356627306.236536	1.000014	45.150549	31.998497	1.589745	1.000000	1.000000	1.000000	1.000000	1.000000	1.000000	0.999949	0.000145	1.000036	0.000064	0.999975	0.000063	1.000422	0.000069	1.000000	1.000000	
1356627307.236365	1.000000	47.958893	34.793045	4.954758	1.000000	1.000000	0.999999	1.000000	1.000000	1.000000	1.000000	1.000000	1.001917	0.000115	1.001670	0.000214	1.001178	0.000008	0.999991	0.000125	1356627307.236531	0.999995	45.121381	31.965126	1.594414	1.000000	1.000000	1.000000	1.000000	1.000000	1.000000	0.999985	0.000180	1.002335	0.000006	0.996404	0.000007	0.993770	0.000007	1.000000	1.000000	
1356627308.236365	1.000000	47.960754	34.791885	4.929749	1.000000	1.000000	1.000000	1.000000	1.000000	1.000000	1.000000	1.000000	0.999948	0.000149	0.999442	0.000272	0.999821	0.000054	0.999986	0.000136	1356627308.236520	0.999989	45.102652	31.951568	1.591326	1.000000	1.000000	1.000000	1.000000	1.000000	1.000000	0.999892	0.000110	0.999983	0.000069	1.000323	0.000064	1.000863	0.000063	1.000000	1.000000	
1356627309.236365	1.000000	50.701324	37.534363	4.959824	1.000000	1.000000	0.999999	0.431638	1.000000	1.000000	1.000000	1.000000	0.999980	0.002919	1.000049	0.002908	0.999814	0.002730	1.000000	0.571747	1356627309.236502	0.999982	47.271796	34.119537	1.589384	1.000000	1.000000	1.000000	1.000000	1.000000	1.000000	1.000005	0.003835	0.999817	0.002726	0.999830	0.002637	0.999984	0.002579	1.000000	1.000000	
1356627310.236365	1.000000	47.873108	34.713379	4.959686	1.000000	0.995500	1.000016	0.000422	1.000000	1.000000	1.000000	0.995455	0.999928	0.000144	0.999412	0.000272	1.010413	0.000047	1.000000	0.995469	1356627310.236534	1.000032	45.069040	31.918643	1.588008	1.000000	1.000000	1.000000	0.995500	1.000000	0.995466	0.999997	0.000136	1.008578	0.000058	1.007315	0.000057	0.999709	0.000057	1.000000	0.995527	
1356627311.236365	1.000000	47.900391	34.738342	4.944717	1.000000	1.000000	1.000010	0.000235	1.000000	1.000000	1.000000	1.000000	1.000475	0.000113	1.000650	0.000240	1.007160	0.000008	1.000000	1.000000	1356627311.236530	0.999996	45.052688	31.913002	1.578665	1.000000	1.000000	1.000000	1.000000	1.000000	1.000000	0.999912	0.000197	0.998652	0.000007	1.000054	0.000007	1.008141	0.000007	1.000000	1.000000	
1356627312.236365	1.000000	47.860550	34.698730	4.954681	1.000000	1.000000	0.999906	0.002164	1.000000	1.000000	1.000000	1.000000	0.999539	0.000147	0.999802	0.000270	0.989527	0.000054	1.000000	1.000000	1356627312.236523	0.999993	45.083564	31.929664	1.604412	1.000000	1.000000	1.000000	1.000000	1.000000	1.000000	0.943230	0.000119	0.997990	0.000074	0.998214	0.000067	0.997562	0.000066	1.000000	1.000000	
1356627313.236365	1.000000	47.861893	34.700882	4.944717	1.000000	1.000000	1.001376	0.000142	1.000000	1.000000	1.000000	1.000000	1.000496	0.000115	1.000834	0.000247	1.006544	0.000009	1.000000	1.000000	1356627313.236530	1.000007	45.149575	31.982369	1.594532	1.000000	1.000000	1.000000	1.000000	1.000000	1.000000	1.045370	0.000149	1.021638	0.000006	1.021034	0.000007	1.019231	0.000007	1.000000	1.000000	
1356627314.236365	1.000000	47.866486	34.701691	4.949707	1.000000	1.000000	0.998551	0.000141	1.000000	1.000000	1.000000	1.000000	1.000042	0.000174	0.998890	0.000271	1.006141	0.000083	1.000000	1.000000	1356627314.236533	1.000003	45.098051	31.928093	1.592631	1.000000	1.000000	1.000000	1.000000	1.000000	1.000000	0.999877	0.000147	1.000089	0.000108	0.992899	0.000072	0.993028	0.000072	1.000000	1.000000	
1356627315.236366	1.000001	47.858811	34.707395	4.964656	1.000000	1.000000	1.000184	0.001073	1.000000	1.000000	1.000000	1.000000	0.999997	0.000128	1.000592	0.000214	1.000565	0.000008	1.000000	1.000000	1356627315.236534	1.000001	45.170916	31.992615	1.587828	1.000000	1.000000	1.000000	1.000000	1.000000	1.000000	0.999939	0.000171	0.998152	0.000014	1.013916	0.000035	1.014020	0.000035	1.000000	1.000000	
1356627316.236365	0.999999	47.902161	34.741229	4.949681	1.000000	1.000000	0.999977	0.000401	1.000000	1.000000	1.000000	1.000000	0.999995	0.000218	0.999696	0.000442	0.999911	0.000182	1.000000	1.000000	1356627316.236541	1.000007	45.112954	31.936104	1.589268	1.000000	1.000000	1.000000	1.000000	1.000000	1.000000	0.995328	0.000139	1.000085	0.000155	1.000229	0.000084	0.999912	0.000139	1.000000	1.000000	
1356627317.236365	1.000000	47.933411	34.770493	4.959686	1.000000	1.000000	0.999521	0.000126	1.000000	1.000000	1.000001	1.000000	0.999421	0.000113	1.000335	0.000214	0.997192	0.000033	0.999999	1.000000	1356627317.236533	0.999992	45.127822	31.952102	1.591260	1.000000	1.000000	1.000000	1.000000	1.000000	1.000000	1.003471	0.000185	1.001910	0.000007	0.997590	0.000007	0.999838	0.000007	1.000000	1.000000	
1356627318.236365	1.000000	47.882416	34.720657	4.954697	1.000000	1.000000	1.000478	0.000111	1.000000	1.000000	1.000000	1.000000	1.000203	0.000142	0.999684	0.000289	1.001206	0.000085	1.000000	1.000000	1356627318.236523	0.999990	45.106271	31.935439	1.587952	1.000000	1.000000	1.000000	1.000000	1.000000	1.000000	0.999996	0.000105	0.999754	0.000072	1.000073	0.000064	1.000542	0.000063	1.000000	1.000000	
1356627319.236365	1.000000	47.929520	34.765579	4.964676	1.000000	1.000000	0.999316	0.000135	1.000000	1.000000	1.000000	1.000000	1.000381	0.000113	1.000575	0.000233	0.998255	0.000032	1.000000	1.000000	1356627319.236528	1.000005	45.220278	32.038475	1.591072	1.000000	1.000000	1.000000	1.000000	1.000000	1.000000	1.000093	0.000157	0.999811	0.000006	0.996781	0.000007	0.991948	0.000007	1.000000	1.000000	
1356627320.236365	1.000000	47.928482	34.763123	4.954697	1.000000	1.000000	0.999740	0.000418	1.000000	1.000000	1.000000	1.000000	0.999924	0.000143	0.999527	0.000270	1.000630	0.000073	1.000000	1.000000	1356627320.236526	0.999998	45.176600	31.998810	1.592822	1.000000	1.000000	1.000000	1.000000	1.000000	1.000000	0.999913	0.000120	0.999985	0.000077	1.000353	0.000072	1.000429	0.000070	1.000000	1.000000	
1356627321.236365	1.000000	47.924057	34.759109	4.944717	1.000000	1.000000	1.000714	0.000192	1.000000	1.000000	1.000000	1.000000	0.999985	0.000126	1.000446	0.000246	1.004069	0.000033	0.999999	1.000000	1356627321.236533	1.000007	45.105401	31.932595	1.594517	1.000000	1.000000	1.000000	1.000000	1.000000	1.000000	0.999990	0.000239	0.999728	0.000007	0.994492	0.000007	0.996161	0.000007	1.000000	1.000000	
1356627322.236365	1.000000	47.960571	34.800308	4.939728	1.000000	1.000000	1.000025	0.002095	1.000000	1.000000	1.000000	1.000000	0.998331	0.000143	0.999438	0.000271	0.995746	0.000077	1.000000	1.000000	1356627322.236531	0.999998	45.162257	31.981400	1.592548	1.000000	1.000000	1.000000	1.000000	1.000000	1.000000	0.998536	0.000126	0.997475	0.000065	0.998599	0.000070	0.998055	0.000062	1.000000	1.000000	
1356627323.236366	1.000001	715808581.109111	715816671.557236	715819299.749798	0.999929	1.000727	0.999924	1.000720	0.999936	1.000725	0.999927	1.000720	0.999929	1.000732	0.999929	1.000717	0.999928	1.000729	0.999927	1.000724	1356627323.236455	0.999924	715825169.550087	715852456.396749	715877910.646635	0.999927	1.000719	0.999925	1.000726	3.897148	0.256771	0.999925	1.000712	0.999928	1.000727	0.999930	1.000723	0.999928	1.000731	0.999927	1.000719	
1356627324.236365	0.999999	0.000000	0.000000	0.000000	-nan	-nan	-nan	-nan	0.000000	inf	-nan	-nan	-nan	0.000000	-nan	-nan	-nan	-nan	-nan	-nan	1356627324.236449	0.999994	0.000000	0.000000	0.000000	-nan	-nan	-nan	-nan	0.000000	inf	-nan	-nan	-nan	-nan	-nan	-nan	-nan	-nan	-nan	-nan	
1356627325.236372	1.000007	0.000000	0.000000	0.000000	-nan	-nan	-nan	-nan	1.345745	inf	-nan	-nan	-nan	0.000000	-nan	-nan	-nan	-nan	-nan	-nan	1356627325.236456	1.000007	0.000000	0.000000	0.000000	-nan	-nan	-nan	-nan	inf	-nan	-nan	-nan	-nan	-nan	-nan	-nan	-nan	-nan	-nan	-nan	
