ts_0	elapsed_0	pkg_0	pp0_0	dram_0	freq_ratio_0_0	c0_ratio_0_0	freq_ratio_0_1	c0_ratio_0_1	freq_ratio_0_2	c0_ratio_0_2	freq_ratio_0_3	c0_ratio_0_3	freq_ratio_0_4	c0_ratio_0_4	freq_ratio_0_5	c0_ratio_0_5	freq_ratio_0_6	c0_ratio_0_6	freq_ratio_0_7	c0_ratio_0_7	ts_1	elapsed_1	pkg_1	pp0_1	dram_1	freq_ratio_1_0	c0_ratio_1_0	freq_ratio_1_1	c0_ratio_1_1	freq_ratio_1_2	c0_ratio_1_2	freq_ratio_1_3	c0_ratio_1_3	freq_ratio_1_4	c0_ratio_1_4	freq_ratio_1_5	c0_ratio_1_5	freq_ratio_1_6	c0_ratio_1_6	freq_ratio_1_7	c0_ratio_1_7	
1356619383.893392	1.001843	37.439149	24.062572	2.479713	1.231324	0.000712	1.269034	0.992482	1.205626	0.000412	1.213354	0.000110	1.222869	0.000189	0.951373	0.000188	1.150567	0.000219	1.231587	0.000187	1356619383.893822	1.000723	17.154180	3.951687	1.708314	0.936490	0.000486	0.827927	0.000201	0.902387	0.000146	0.665497	0.000182	0.985602	0.000109	0.884777	0.000077	1.131944	0.002335	1.120133	0.001543	
1356619384.893387	0.999995	71.555290	57.675765	5.885543	1.194406	0.999029	1.194379	0.999101	1.194406	0.999058	1.193485	0.974469	1.191710	0.000350	1.200637	0.000045	1.192306	0.944770	1.237512	0.000007	1356619384.893584	0.999762	53.417999	39.931056	5.564816	1.246344	0.999482	1.233390	0.000083	1.229326	0.000006	1.234043	0.000042	1.227661	0.000006	1.232882	0.000040	1.230764	0.595047	1.246338	0.999902	
1356619385.893386	0.999999	71.535148	57.635812	6.164984	1.200119	0.999878	1.192305	0.796499	1.200120	0.999867	1.200120	0.999867	1.192278	0.000358	1.197087	0.000011	1.200122	0.999889	1.194433	0.000044	1356619385.893536	0.999952	58.798243	45.292896	5.767168	1.230760	0.999888	1.230750	0.203931	1.216200	0.000082	1.205220	0.000017	1.230884	0.000069	1.217658	0.000010	1.230760	0.999923	1.230759	0.999919	
1356619386.893387	1.000001	66.239652	52.324321	6.594964	1.230717	0.999452	1.191512	0.000018	1.230717	0.999451	1.230717	0.999451	1.193797	0.000366	1.191098	0.000040	1.230717	0.999451	1.189769	0.000011	1356619386.893539	1.000003	67.126455	53.572618	5.797208	1.230746	0.999777	1.230746	0.999777	1.192306	0.000099	1.192906	0.000040	1.193456	0.000010	1.192940	0.000038	1.230746	0.999778	1.230746	0.999773	
1356619387.893386	0.999999	66.304201	52.373600	6.598868	1.230719	0.999491	1.192813	0.000068	1.230719	0.999491	1.230719	0.999491	1.190516	0.000319	1.192477	0.000011	1.230720	0.999490	1.191573	0.000039	1356619387.893600	1.000061	67.217028	53.654745	5.864312	1.230744	0.999757	1.230744	0.999757	1.187489	0.000141	1.191406	0.000019	1.192420	0.000039	1.191014	0.000010	1.230744	0.999757	1.230744	0.999757	
1356619388.893386	1.000000	66.340424	52.424866	6.439804	1.230714	0.999447	1.193065	0.000019	1.230714	0.999446	1.230714	0.999445	1.192269	0.000363	1.191821	0.000043	1.230714	0.999446	1.192344	0.000011	1356619388.893534	0.999934	67.151865	53.586318	5.817538	1.230739	0.999779	1.230739	0.999780	1.194493	0.000317	1.192387	0.000038	1.188819	0.000010	1.192233	0.000038	1.230739	0.999779	1.230739	0.999779	
1356619389.893386	1.000000	66.398178	52.492310	6.325134	1.230702	0.999462	1.190066	0.000057	1.230702	0.999462	1.230702	0.999461	1.192503	0.000353	1.197898	0.000011	1.230702	0.999461	1.192254	0.000040	1356619389.893535	1.000001	67.063336	53.505686	5.659434	1.230744	0.999557	1.230744	0.999756	1.192277	0.000139	1.192642	0.000017	1.192873	0.000059	1.194739	0.000010	1.230743	0.999539	1.230744	0.999749	
1356619390.893386	1.000000	66.421143	52.512512	6.496674	1.230712	0.999452	1.196340	0.000038	1.230712	0.999452	1.230712	0.999451	1.192412	0.000343	1.192093	0.000046	1.230711	0.999451	1.193326	0.000011	1356619390.893540	1.000005	66.934846	53.377800	5.689867	1.230690	0.999619	1.230691	0.999626	1.192332	0.000368	1.192494	0.000038	1.192765	0.000010	1.192916	0.000037	1.230691	0.999625	1.230690	0.999626	
1356619391.893386	1.000000	67.461609	53.561783	6.280899	1.212054	0.999386	1.156169	0.002945	1.212053	0.999384	1.212053	0.999383	1.157801	0.002421	1.155173	0.002100	1.212052	0.999383	1.154293	0.001891	1356619391.893502	0.999962	66.958303	53.417339	5.749562	1.230604	0.999690	1.230604	0.999690	1.192296	0.000571	1.192308	0.003515	1.191962	0.000038	1.189286	0.000010	1.230604	0.999690	1.230604	0.999689	
1356619392.893386	1.000000	66.388321	52.459442	6.561203	1.230662	0.999481	1.191829	0.000020	1.230663	0.999481	1.230664	0.999481	1.192370	0.000352	1.184315	0.000039	1.230664	0.999481	1.193305	0.000011	1356619392.893535	1.000033	66.931117	53.362380	5.630644	1.230745	0.999780	1.230745	0.999780	1.192333	0.000089	1.183369	0.000055	1.191005	0.000010	1.184973	0.000069	1.230746	0.999773	1.230746	0.999772	
1356619393.893386	1.000000	66.368958	52.409225	6.832779	1.230712	0.999406	1.194556	0.000054	1.230713	0.999406	1.230713	0.999406	1.192321	0.000372	1.215524	0.000021	1.230713	0.999406	1.199742	0.000052	1356619393.893544	1.000009	66.927113	53.344808	5.863030	1.230655	0.999547	1.230655	0.999555	1.192317	0.001812	1.202042	0.000052	1.192267	0.000064	1.221747	0.000017	1.230655	0.999555	1.230655	0.999547	
1356619394.893386	1.000000	66.431534	52.516815	6.471298	1.230718	0.999465	1.195829	0.000018	1.230718	0.999464	1.230718	0.999472	1.191997	0.000349	1.191101	0.000039	1.230718	0.999472	1.188558	0.000011	1356619394.893537	0.999993	66.975790	53.423602	5.759851	1.230747	0.999301	1.230764	0.999772	1.192190	0.000091	1.192544	0.000058	1.190338	0.000010	1.191825	0.000036	1.230747	0.999312	1.230755	0.999510	
1356619395.893386	1.000000	66.465759	52.517670	6.753403	1.230711	0.999407	1.191916	0.000077	1.230712	0.999407	1.230712	0.999406	1.192590	0.000351	1.196129	0.000011	1.230712	0.999406	1.192950	0.000039	1356619395.893540	1.000003	67.016958	53.443056	5.679716	1.230721	0.999580	1.230721	0.999580	1.192303	0.000390	1.192414	0.000040	1.193502	0.000037	1.193317	0.000010	1.230721	0.999580	1.230721	0.999571	
1356619396.893386	1.000000	66.470917	52.534714	6.587540	1.230716	0.999451	1.191435	0.000033	1.230716	0.999451	1.230716	0.999451	1.192163	0.000362	1.191946	0.000040	1.230716	0.999451	1.185876	0.000011	1356619396.893532	0.999992	67.053247	53.485907	5.743638	1.230746	0.999772	1.230745	0.999779	1.192456	0.000108	1.192091	0.000057	1.192574	0.000009	1.192687	0.000039	1.230745	0.999779	1.230745	0.999779	
1356619397.893386	1.000000	66.416214	52.479477	6.668457	1.230719	0.999474	1.193685	0.000041	1.230718	0.999474	1.230719	0.999474	1.193142	0.000332	1.190979	0.000011	1.230719	0.999474	1.200970	0.000040	1356619397.893532	1.000000	67.005142	53.440048	5.836304	1.230743	0.999747	1.230743	0.999748	1.192351	0.000151	1.192405	0.000040	1.191954	0.000054	1.192699	0.000010	1.230743	0.999757	1.230743	0.999743	
1356619398.893386	1.000000	66.442963	52.504333	6.532883	1.230715	0.999431	1.172974	0.000011	1.230715	0.999431	1.230715	0.999430	1.191564	0.000370	1.194361	0.000039	1.230715	0.999430	1.169013	0.000011	1356619398.893536	1.000004	66.951709	53.395703	5.735954	1.230748	0.999802	1.230748	0.999802	1.192315	0.000089	1.192086	0.000056	1.193772	0.000010	1.192529	0.000037	1.230748	0.999802	1.230748	0.999795	
1356619399.893386	1.000000	66.516006	52.610153	6.398560	1.230717	0.999455	1.195955	0.000051	1.230717	0.999454	1.230717	0.999453	1.192429	0.000345	1.183938	0.000011	1.230717	0.999453	1.192015	0.000038	1356619399.893538	1.000002	66.950007	53.425435	5.662572	1.230746	0.999772	1.230746	0.999772	1.192345	0.000125	1.192463	0.000040	1.192690	0.000038	1.190531	0.000010	1.230746	0.999780	1.230746	0.999773	
1356619400.893386	1.000000	66.471497	52.502686	6.864914	1.230714	0.999429	1.192531	0.000047	1.230713	0.999428	1.230714	0.999428	1.192595	0.000344	1.192134	0.000040	1.230714	0.999427	1.188610	0.000011	1356619400.893531	0.999993	66.992620	53.424793	5.829432	1.230723	0.999605	1.230724	0.999604	1.192341	0.000350	1.192334	0.000055	1.191139	0.000010	1.193265	0.000038	1.230724	0.999604	1.230724	0.999599	
1356619401.893386	1.000000	66.543732	52.604141	6.681824	1.230715	0.999311	1.186424	0.000068	1.230715	0.999309	1.230715	0.999306	1.191970	0.000350	1.198936	0.000011	1.230684	0.999359	1.193238	0.000039	1356619401.893535	1.000004	67.042911	53.486569	5.760505	1.230744	0.999759	1.230744	0.999635	1.192296	0.000139	1.192083	0.000040	1.192942	0.000051	1.189053	0.000010	1.230744	0.999750	1.230744	0.999749	
1356619402.893386	1.000000	66.554108	52.657700	6.268555	1.230718	0.999474	1.206490	0.000030	1.230718	0.999474	1.230718	0.999473	1.192408	0.000343	1.191478	0.000039	1.230719	0.999473	1.220875	0.000011	1356619402.893541	1.000006	67.087414	53.555085	5.756512	1.230744	0.999759	1.230744	0.999751	1.188136	0.000135	1.192679	0.000055	1.192674	0.000010	1.192186	0.000038	1.230744	0.999759	1.230744	0.999753	
1356619403.893386	1.000000	66.524857	52.624817	6.437073	1.230714	0.999425	1.182319	0.000051	1.230714	0.999425	1.230714	0.999425	1.192323	0.000357	1.188613	0.000011	1.230714	0.999424	1.174665	0.000040	1356619403.893537	0.999996	67.063642	53.526874	5.664467	1.230662	0.999580	1.230662	0.999580	1.192612	0.001829	1.192197	0.000041	1.192241	0.000046	1.189044	0.000010	1.230662	0.999580	1.230662	0.999573	
1356619404.893386	1.000000	66.559662	52.644089	6.374435	1.230715	0.999427	1.220966	0.000024	1.230715	0.999427	1.230715	0.999425	1.192310	0.000353	1.182535	0.000040	1.230715	0.999426	1.184803	0.000012	1356619404.893540	1.000003	67.054663	53.505205	5.747846	1.230748	0.999802	1.230748	0.999802	1.192333	0.000088	1.183084	0.000055	1.189111	0.000010	1.180347	0.000038	1.230748	0.999802	1.230748	0.999801	
1356619405.893386	1.000000	66.572968	52.658356	6.454254	1.230700	0.999339	1.190619	0.000118	1.230700	0.999339	1.230700	0.999338	1.192191	0.000387	1.208377	0.000043	1.230701	0.999337	1.203500	0.000051	1356619405.893533	0.999993	67.101691	53.558232	5.619225	1.230716	0.999530	1.230716	0.999538	1.192309	0.000408	1.202039	0.000052	1.192544	0.000062	1.221471	0.000017	1.230716	0.999538	1.230716	0.999522	
1356619406.893386	1.000000	66.562241	52.677597	6.292496	1.230707	0.999383	1.181592	0.000109	1.230707	0.999382	1.230707	0.999381	1.191485	0.000380	1.181446	0.000058	1.230707	0.999381	1.184811	0.000011	1356619406.893540	1.000007	67.154351	53.627300	5.491509	1.230745	0.999772	1.230745	0.999773	1.192271	0.000119	1.192361	0.000054	1.193097	0.000009	1.192107	0.000038	1.230745	0.999780	1.230745	0.999774	
1356619407.893386	1.000000	66.555862	52.645630	6.487976	1.230713	0.999453	1.192498	0.000074	1.230713	0.999452	1.230713	0.999451	1.192485	0.000345	1.189865	0.000023	1.230713	0.999451	1.192134	0.000057	1356619407.893533	0.999993	67.080084	53.550099	5.658532	1.230746	0.999779	1.230746	0.999778	1.192290	0.000130	1.192276	0.000040	1.191736	0.000037	1.191421	0.000010	1.230746	0.999779	1.230746	0.999772	
1356619408.893386	1.000000	66.574463	52.619095	6.774475	1.230714	0.999448	1.190479	0.000084	1.230714	0.999448	1.230715	0.999447	1.191983	0.000363	1.191552	0.000040	1.230714	0.999447	1.191152	0.000007	1356619408.893534	1.000001	67.086133	53.518763	5.732294	1.230746	0.999779	1.230746	0.999779	1.192175	0.000105	1.192599	0.000053	1.192177	0.000010	1.192775	0.000038	1.230746	0.999779	1.230746	0.999772	
1356619409.893386	1.000000	66.570740	52.612305	6.806946	1.230715	0.999427	1.194135	0.000049	1.230715	0.999427	1.230715	0.999427	1.192580	0.000348	1.198746	0.000011	1.230715	0.999427	1.193370	0.000043	1356619409.893537	1.000003	67.094107	53.536150	5.789106	1.230691	0.999603	1.230691	0.999603	1.192321	0.000615	1.191889	0.000040	1.192754	0.000046	1.191255	0.000010	1.230691	0.999603	1.230691	0.999598	
1356619410.893386	1.000000	66.546997	52.639053	6.518570	1.230713	0.999429	1.191212	0.000038	1.230714	0.999427	1.230714	0.999426	1.192257	0.000344	1.190920	0.000040	1.230714	0.999427	1.218455	0.000011	1356619410.893536	0.999999	67.052371	53.526067	5.720739	1.230723	0.999605	1.230724	0.999603	1.192322	0.000353	1.192796	0.000054	1.191390	0.000010	1.192804	0.000037	1.230723	0.999596	1.230723	0.999597	
1356619411.893386	1.000000	66.586060	52.687851	6.364288	1.230665	0.999272	1.189809	0.000427	1.230665	0.999273	1.230665	0.999271	1.191143	0.000476	1.187806	0.000173	1.230665	0.999271	1.175008	0.000078	1356619411.893535	0.999999	67.083346	53.567388	5.699209	1.230729	0.999615	1.230729	0.999622	1.192361	0.000346	1.191829	0.000039	1.191897	0.000038	1.189841	0.000010	1.230729	0.999622	1.230729	0.999615	
1356619412.893386	1.000000	66.610977	52.654678	6.765396	1.230721	0.999420	1.197602	0.000018	1.230721	0.999495	1.230721	0.999494	1.192434	0.000345	1.191826	0.000041	1.230721	0.999431	1.237460	0.000007	1356619412.893538	1.000003	67.061834	53.510988	5.704496	1.230748	0.999680	1.230747	0.999682	1.185549	0.000090	1.192542	0.000053	1.191821	0.000010	1.192942	0.000040	1.230748	0.999681	1.230750	0.999776	
1356619413.893387	1.000001	66.591245	52.630748	6.864495	1.230714	0.999427	1.193071	0.000050	1.230714	0.999418	1.230714	0.999418	1.192285	0.000348	1.191977	0.000011	1.230714	0.999418	1.184775	0.000043	1356619413.893535	0.999997	67.080271	53.531233	5.774142	1.230661	0.999624	1.230661	0.999625	1.192647	0.001752	1.192205	0.000039	1.192674	0.000041	1.187747	0.000010	1.230661	0.999625	1.230661	0.999618	
1356619414.893387	1.000000	66.597046	52.671967	6.577698	1.230719	0.999474	1.194423	0.000011	1.230718	0.999474	1.230718	0.999474	1.192477	0.000339	1.191942	0.000040	1.230719	0.999473	1.222307	0.000011	1356619414.893539	1.000004	67.107837	53.578671	5.730949	1.230748	0.999415	1.230748	0.999406	1.192739	0.000088	1.192192	0.000054	1.193023	0.000010	1.192294	0.000038	1.230748	0.999405	1.230748	0.999431	
1356619415.893386	0.999999	66.548892	52.615605	6.560172	1.230667	0.999384	1.192339	0.000114	1.230667	0.999383	1.230667	0.999383	1.192045	0.000444	1.197106	0.000011	1.230667	0.999383	1.174456	0.000040	1356619415.893532	0.999993	67.106970	53.569767	5.737726	1.230688	0.999335	1.230688	0.999329	1.192344	0.000647	1.192399	0.000254	1.192558	0.000038	1.192624	0.000010	1.230689	0.999333	1.230689	0.999326	
1356619416.893386	1.000000	66.992523	53.051544	6.643158	1.214922	0.999365	1.156558	0.002913	1.214922	0.999365	1.214922	0.999364	1.159057	0.002609	1.154636	0.001966	1.214922	0.999364	1.155707	0.001946	1356619416.893535	1.000003	67.059851	53.519030	5.799009	1.230606	0.999727	1.230606	0.999734	1.192276	0.000444	1.192155	0.003523	1.191439	0.000010	1.181040	0.000041	1.230606	0.999733	1.230606	0.999725	
1356619417.893386	1.000000	66.568268	52.623077	6.649628	1.230715	0.999420	1.192808	0.000044	1.230715	0.999420	1.230715	0.999419	1.192960	0.000342	1.219736	0.000019	1.230715	0.999419	1.200197	0.000049	1356619417.893533	0.999998	67.043371	53.504085	5.806713	1.230740	0.999706	1.230740	0.999714	1.192351	0.000132	1.202974	0.000051	1.192479	0.000062	1.222917	0.000017	1.230740	0.999714	1.230740	0.999705	
1356619418.893386	1.000000	66.540344	52.555359	6.841660	1.230714	0.999428	1.187146	0.000034	1.230714	0.999427	1.230714	0.999427	1.192153	0.000365	1.188678	0.000038	1.230715	0.999427	1.219892	0.000011	1356619418.893536	1.000003	67.072332	53.509768	5.830182	1.230745	0.999772	1.230746	0.999779	1.192524	0.000117	1.192278	0.000056	1.190994	0.000010	1.191226	0.000038	1.230746	0.999780	1.230745	0.999774	
1356619419.893386	1.000000	66.609634	52.638458	6.864700	1.230716	0.999448	1.193836	0.000052	1.230716	0.999438	1.230717	0.999438	1.192153	0.000346	1.199005	0.000011	1.230716	0.999437	1.185114	0.000039	1356619419.893538	1.000002	67.158884	53.594380	5.784748	1.230746	0.999780	1.230746	0.999780	1.191917	0.000127	1.192272	0.000039	1.191415	0.000037	1.189201	0.000010	1.230746	0.999779	1.230746	0.999774	
1356619420.893386	1.000000	66.621918	52.685852	6.568008	1.230712	0.999408	1.194076	0.000038	1.230712	0.999407	1.230712	0.999407	1.192435	0.000356	1.199408	0.000039	1.230712	0.999407	1.194445	0.000011	1356619420.893534	0.999996	67.048718	53.526371	5.718605	1.230718	0.999625	1.230718	0.999625	1.192409	0.000349	1.192005	0.000058	1.193242	0.000010	1.192080	0.000038	1.230718	0.999625	1.230718	0.999625	
1356619421.893386	1.000000	66.621628	52.638321	6.953583	1.230714	0.999427	1.189586	0.000070	1.230714	0.999419	1.230714	0.999426	1.192874	0.000344	1.163354	0.000011	1.230714	0.999425	1.200157	0.000039	1356619421.893539	1.000005	67.100250	53.532813	5.875688	1.230743	0.999758	1.230743	0.999757	1.192264	0.000139	1.192363	0.000039	1.192878	0.000050	1.194694	0.000010	1.230743	0.999749	1.230743	0.999749	
1356619422.893386	1.000000	66.599808	52.637527	6.802307	1.230720	0.999490	1.222276	0.000007	1.230720	0.999490	1.230720	0.999490	1.191809	0.000344	1.201140	0.000039	1.230721	0.999489	1.167063	0.000011	1356619422.893530	0.999991	67.059995	53.510876	5.758750	1.230748	0.999792	1.230748	0.999792	1.192249	0.000090	1.192486	0.000058	1.191160	0.000010	1.192646	0.000038	1.230748	0.999801	1.230748	0.999801	
1356619423.893386	1.000000	66.571625	52.664627	6.316269	1.230713	0.999404	1.189871	0.000053	1.230713	0.999403	1.230713	0.999397	1.192397	0.000359	1.163792	0.000011	1.230713	0.999402	1.191760	0.000039	1356619423.893536	1.000006	67.116955	53.595140	5.725308	1.230657	0.999581	1.230657	0.999580	1.192315	0.001777	1.192248	0.000041	1.192531	0.000038	1.194193	0.000010	1.230657	0.999581	1.230657	0.999574	
1356619424.893386	1.000000	66.577057	52.659988	6.412811	1.230718	0.999474	1.197866	0.000018	1.230718	0.999473	1.230718	0.999473	1.192258	0.000350	1.192833	0.000039	1.230718	0.999472	1.190179	0.000011	1356619424.893533	0.999997	67.068613	53.539610	5.719836	1.230748	0.999795	1.230748	0.999801	1.192247	0.000088	1.192596	0.000056	1.190338	0.000010	1.190918	0.000038	1.230748	0.999792	1.230748	0.999792	
1356619425.893386	1.000000	66.660095	52.657959	7.035080	1.230712	0.999405	1.191868	0.000074	1.230711	0.999405	1.230712	0.999403	1.192298	0.000354	1.216500	0.000011	1.230711	0.999404	1.200600	0.000039	1356619425.893531	0.999998	67.026373	53.453257	5.875026	1.230688	0.999618	1.230688	0.999618	1.192305	0.000377	1.192228	0.000039	1.192095	0.000049	1.193240	0.000010	1.230688	0.999627	1.230688	0.999623	
1356619426.893386	1.000000	66.655014	52.732971	6.516724	1.230715	0.999429	1.193884	0.000037	1.230715	0.999430	1.230715	0.999429	1.192251	0.000361	1.184518	0.000039	1.230715	0.999429	1.165904	0.000011	1356619426.893536	1.000005	67.073120	53.543189	5.680681	1.230746	0.999780	1.230746	0.999780	1.192535	0.000106	1.192530	0.000056	1.191710	0.000010	1.192295	0.000037	1.230746	0.999780	1.230746	0.999772	
1356619427.893386	1.000000	66.581161	52.622070	6.867218	1.230718	0.999472	1.178495	0.000042	1.230718	0.999473	1.230718	0.999471	1.192373	0.000341	1.191927	0.000011	1.230718	0.999471	1.180567	0.000039	1356619427.893543	1.000007	67.101144	53.542934	5.785040	1.230746	0.999772	1.230746	0.999780	1.192273	0.000122	1.190844	0.000040	1.192026	0.000038	1.194864	0.000010	1.230746	0.999780	1.230746	0.999772	
1356619428.893386	1.000000	66.643051	52.677917	6.779099	1.230714	0.999430	1.217033	0.000024	1.230714	0.999429	1.230714	0.999429	1.192141	0.000360	1.181437	0.000040	1.230715	0.999428	1.191763	0.000012	1356619428.893536	0.999993	67.056631	53.503010	5.776895	1.230748	0.999796	1.230748	0.999796	1.192283	0.000089	1.183421	0.000054	1.194960	0.000010	1.178929	0.000039	1.230748	0.999803	1.230748	0.999795	
1356619429.893386	1.000000	66.596329	52.656143	6.605667	1.230712	0.999404	1.191194	0.000046	1.230712	0.999404	1.230712	0.999403	1.192855	0.000359	1.215579	0.000019	1.230712	0.999403	1.200335	0.000052	1356619429.893538	1.000002	67.091303	53.549123	5.677617	1.230740	0.999705	1.230740	0.999702	1.192153	0.000138	1.202440	0.000052	1.192472	0.000067	1.223388	0.000017	1.230740	0.999713	1.230740	0.999707	
1356619430.893386	1.000000	66.648651	52.709824	6.628296	1.230714	0.999427	1.192979	0.000046	1.230714	0.999426	1.230714	0.999426	1.192033	0.000347	1.185555	0.000039	1.230714	0.999425	1.194564	0.000011	1356619430.893535	0.999997	67.098322	53.558348	5.695040	1.230723	0.999601	1.230723	0.999600	1.192350	0.000352	1.192668	0.000054	1.192858	0.000010	1.191847	0.000037	1.230723	0.999590	1.230723	0.999590	
1356619431.893386	1.000000	66.616989	52.735260	6.206345	1.230712	0.999407	1.195398	0.000080	1.230712	0.999407	1.230713	0.999407	1.191876	0.000355	1.246397	0.000011	1.230712	0.999406	1.191786	0.000038	1356619431.893538	1.000003	67.127004	53.615526	5.467772	1.230744	0.999748	1.230744	0.999748	1.192207	0.000139	1.191896	0.000040	1.192471	0.000038	1.193659	0.000010	1.230744	0.999756	1.230744	0.999750	
1356619432.893386	1.000000	66.709778	52.770966	6.562790	1.230720	0.999496	1.138988	0.000007	1.230720	0.999496	1.230720	0.999496	1.192950	0.000344	1.189959	0.000040	1.230720	0.999496	1.187187	0.000011	1356619432.893536	0.999998	67.058050	53.530345	5.665645	1.230739	0.999690	1.230739	0.999690	1.187420	0.000145	1.192449	0.000067	1.190294	0.000010	1.191515	0.000038	1.230739	0.999690	1.230739	0.999684	
1356619433.893386	1.000000	66.690491	52.771973	6.441238	1.230715	0.999428	1.195742	0.000050	1.230715	0.999428	1.230714	0.999427	1.191813	0.000351	1.168861	0.000011	1.230715	0.999427	1.202348	0.000039	1356619433.893533	0.999997	67.118967	53.584089	5.658038	1.230661	0.999624	1.230661	0.999623	1.192721	0.001756	1.193208	0.000041	1.192584	0.000046	1.195021	0.000010	1.230660	0.999623	1.230660	0.999616	
1356619434.893386	1.000000	66.665192	52.724335	6.594681	1.230719	0.999472	1.187996	0.000011	1.230718	0.999472	1.230719	0.999472	1.192329	0.000344	1.192416	0.000038	1.230719	0.999472	1.161562	0.000011	1356619434.893540	1.000007	67.077921	53.534969	5.805380	1.230748	0.999796	1.230748	0.999802	1.192207	0.000088	1.191679	0.000053	1.189318	0.000010	1.191492	0.000037	1.230748	0.999803	1.230748	0.999794	
1356619435.893386	1.000000	66.703873	52.773636	6.585007	1.230709	0.999383	1.191969	0.000074	1.230709	0.999375	1.230709	0.999375	1.192209	0.000358	1.188626	0.000011	1.230709	0.999382	1.198944	0.000038	1356619435.893533	0.999993	67.099951	53.567387	5.785715	1.230721	0.999581	1.230721	0.999581	1.192303	0.000393	1.192381	0.000039	1.193251	0.000038	1.194776	0.000010	1.230721	0.999580	1.230721	0.999572	
1356619436.893386	1.000000	66.691696	52.741669	6.778336	1.230708	0.999362	1.193626	0.000044	1.230708	0.999361	1.230708	0.999361	1.192315	0.000360	1.191535	0.000073	1.230708	0.999361	1.171655	0.000011	1356619436.893539	1.000006	67.052472	53.507021	5.742138	1.230746	0.999772	1.230746	0.999779	1.192686	0.000108	1.192429	0.000054	1.194780	0.000010	1.192083	0.000038	1.230746	0.999773	1.230746	0.999773	
1356619437.893386	1.000000	66.723419	52.783966	6.620239	1.230719	0.999472	1.192057	0.000042	1.230719	0.999472	1.230719	0.999472	1.192069	0.000332	1.203700	0.000011	1.230719	0.999471	1.192469	0.000039	1356619437.893538	0.999999	67.122073	53.582616	5.746450	1.230746	0.999773	1.230746	0.999772	1.192199	0.000121	1.192255	0.000039	1.191773	0.000044	1.193051	0.000010	1.230746	0.999780	1.230746	0.999773	
1356619438.893386	1.000000	66.664932	52.744186	6.536926	1.230717	0.999452	1.191920	0.000011	1.230717	0.999451	1.230717	0.999451	1.192649	0.000359	1.192556	0.000038	1.230717	0.999451	1.193719	0.000011	1356619438.893531	0.999993	67.126380	53.590580	5.632226	1.230748	0.999801	1.230748	0.999800	1.185890	0.000089	1.192575	0.000053	1.191860	0.000010	1.192337	0.000037	1.230749	0.999801	1.230748	0.999795	
1356619439.893386	1.000000	66.740494	52.847061	6.303497	1.230716	0.999451	1.176663	0.000048	1.230716	0.999441	1.230717	0.999440	1.192319	0.000357	1.184150	0.000011	1.230716	0.999440	1.186367	0.000038	1356619439.893535	1.000004	67.117984	53.609951	5.549279	1.230677	0.999574	1.230677	0.999580	1.193202	0.000640	1.191781	0.000039	1.192617	0.000038	1.189839	0.000010	1.230677	0.999580	1.230677	0.999572	
1356619440.893386	1.000000	66.751678	52.818619	6.496201	1.230706	0.999359	1.206517	0.000052	1.230706	0.999358	1.230706	0.999358	1.191972	0.000349	1.187231	0.000072	1.230706	0.999358	1.172237	0.000012	1356619440.893535	1.000000	67.099258	53.568832	5.620224	1.230718	0.999619	1.230718	0.999625	1.192289	0.000344	1.182913	0.000053	1.190956	0.000010	1.179764	0.000039	1.230718	0.999626	1.230718	0.999618	
1356619441.893386	1.000000	67.725922	53.782822	6.576614	1.206926	0.999414	1.155005	0.002858	1.206925	0.999414	1.206925	0.999414	1.157833	0.002593	1.154112	0.002116	1.206923	0.999413	1.154698	0.002030	1356619441.893509	0.999974	67.086598	53.550037	5.869080	1.230582	0.999484	1.230582	0.999488	1.192314	0.000573	1.192453	0.003549	1.192507	0.000064	1.221309	0.000017	1.230582	0.999491	1.230582	0.999490	
1356619442.893386	1.000000	66.771118	52.838593	6.589340	1.230716	0.999461	1.177551	0.000018	1.230717	0.999458	1.230717	0.999458	1.192007	0.000344	1.201246	0.000033	1.230718	0.999458	1.267586	0.000010	1356619442.893541	1.000032	67.157599	53.629802	5.765303	1.230748	0.999801	1.230748	0.999801	1.186001	0.000090	1.192434	0.000056	1.188741	0.000010	1.191691	0.000037	1.230748	0.999801	1.230748	0.999794	
1356619443.893386	1.000000	66.727417	52.783096	6.567200	1.230717	0.999450	1.193726	0.000047	1.230717	0.999450	1.230716	0.999449	1.192423	0.000350	1.194400	0.000011	1.230716	0.999449	1.187179	0.000038	1356619443.893545	1.000004	67.088580	53.561520	5.705971	1.230644	0.999574	1.230644	0.999574	1.192593	0.002111	1.192297	0.000039	1.193316	0.000038	1.196711	0.000010	1.230644	0.999581	1.230644	0.999577	
1356619444.893386	1.000000	66.777252	52.814224	6.709152	1.230716	0.999449	1.191652	0.000011	1.230716	0.999449	1.230717	0.999448	1.192147	0.000358	1.192760	0.000040	1.230717	0.999448	1.188291	0.000011	1356619444.893540	0.999995	67.150162	53.602579	5.770170	1.230746	0.999779	1.230746	0.999779	1.192234	0.000104	1.192351	0.000057	1.195282	0.000010	1.191369	0.000038	1.230746	0.999779	1.230746	0.999774	
1356619445.893386	1.000000	66.764771	52.842590	6.377548	1.230711	0.999405	1.191043	0.000076	1.230711	0.999405	1.230711	0.999404	1.192329	0.000355	1.184783	0.000011	1.230711	0.999404	1.191799	0.000040	1356619445.893537	0.999997	67.105280	53.574309	5.705157	1.230689	0.999624	1.230689	0.999624	1.192323	0.000366	1.192274	0.000041	1.190752	0.000043	1.191516	0.000010	1.230689	0.999625	1.230689	0.999614	
1356619446.893386	1.000000	66.716461	52.760666	6.739182	1.230714	0.999429	1.194305	0.000039	1.230714	0.999427	1.230714	0.999428	1.192231	0.000361	1.192689	0.000039	1.230714	0.999427	1.194125	0.000011	1356619446.893531	0.999994	67.022159	53.478224	5.776554	1.230746	0.999769	1.230746	0.999769	1.192230	0.000107	1.191932	0.000057	1.193800	0.000010	1.192624	0.000038	1.230746	0.999778	1.230746	0.999770	
1356619447.893386	1.000000	66.775681	52.868240	6.403488	1.230719	0.999472	1.190069	0.000041	1.230719	0.999463	1.230719	0.999463	1.193098	0.000331	1.185645	0.000011	1.230719	0.999470	1.192932	0.000039	1356619447.893538	1.000007	67.088663	53.574016	5.658011	1.230743	0.999751	1.230743	0.999757	1.188296	0.000181	1.192708	0.000041	1.193645	0.000038	1.192836	0.000010	1.230743	0.999758	1.230743	0.999752	
1356619448.893386	1.000000	66.756775	52.797928	6.768188	1.230717	0.999450	1.198143	0.000018	1.230717	0.999450	1.230717	0.999450	1.191632	0.000363	1.190342	0.000040	1.230717	0.999449	1.191090	0.000011	1356619448.893537	0.999999	67.069461	53.525899	5.770407	1.230740	0.999779	1.230739	0.999779	1.194914	0.000273	1.192575	0.000055	1.189840	0.000010	1.193765	0.000038	1.230739	0.999779	1.230740	0.999774	
1356619449.893386	1.000000	66.663849	52.735626	6.505707	1.230701	0.999378	1.184029	0.000133	1.230701	0.999378	1.230701	0.999376	1.192166	0.000404	1.178215	0.000101	1.230702	0.999376	1.192825	0.000056	1356619449.893534	0.999997	67.081980	53.546324	5.782519	1.230732	0.999639	1.230732	0.999647	1.192138	0.000124	1.192099	0.000039	1.192346	0.000170	1.187601	0.000010	1.230732	0.999638	1.230732	0.999639	
1356619450.893386	1.000000	66.732285	52.782639	6.622253	1.230682	0.999302	1.179447	0.000249	1.230682	0.999302	1.230681	0.999302	1.188485	0.000445	1.176730	0.000166	1.230682	0.999302	1.162542	0.000065	1356619450.893533	0.999999	67.128986	53.588155	5.700628	1.230698	0.999338	1.230698	0.999331	1.192339	0.000554	1.191883	0.000055	1.188921	0.000010	1.191678	0.000038	1.230698	0.999337	1.230698	0.999328	
1356619451.893386	1.000000	66.706085	52.806244	6.324509	1.230676	0.999451	1.181999	0.000064	1.230676	0.999452	1.230676	0.999451	1.192336	0.000347	1.157189	0.000011	1.230676	0.999450	1.188259	0.000039	1356619451.893541	1.000008	67.087026	53.576668	5.685684	1.230744	0.999747	1.230744	0.999747	1.192428	0.000139	1.192221	0.000040	1.193300	0.000040	1.194272	0.000010	1.230744	0.999755	1.230744	0.999748	
1356619452.893386	1.000000	66.741135	52.851517	6.299927	1.230718	0.999473	1.237504	0.000019	1.230718	0.999474	1.230718	0.999472	1.192291	0.000350	1.185666	0.000044	1.230718	0.999474	1.169729	0.000012	1356619452.893536	0.999995	67.111466	53.601434	5.539090	1.230748	0.999792	1.230748	0.999791	1.185938	0.000090	1.184001	0.000054	1.188381	0.000010	1.179148	0.000038	1.230748	0.999800	1.230748	0.999792	
1356619453.893386	1.000000	66.734787	52.826004	6.314026	1.230712	0.999406	1.186855	0.000051	1.230712	0.999406	1.230712	0.999405	1.192382	0.000369	1.212809	0.000019	1.230712	0.999405	1.204168	0.000052	1356619453.893537	1.000001	67.117597	53.596522	5.637873	1.230655	0.999551	1.230655	0.999559	1.192638	0.001768	1.201174	0.000053	1.192773	0.000062	1.222175	0.000017	1.230655	0.999559	1.230655	0.999554	
1356619454.893386	1.000000	66.691437	52.780380	6.514099	1.230718	0.999471	1.198987	0.000018	1.230719	0.999471	1.230718	0.999470	1.192356	0.000345	1.192240	0.000041	1.230719	0.999470	1.177302	0.000011	1356619454.893534	0.999997	67.093912	53.576719	5.650317	1.230748	0.999801	1.230748	0.999801	1.192411	0.000089	1.192130	0.000053	1.192014	0.000010	1.192409	0.000037	1.230748	0.999800	1.230748	0.999793	
1356619455.893386	1.000000	66.704147	52.773987	6.474594	1.230711	0.999408	1.192550	0.000074	1.230711	0.999407	1.230711	0.999407	1.192279	0.000351	1.188732	0.000011	1.230711	0.999407	1.192452	0.000038	1356619455.893536	1.000002	67.093149	53.562779	5.595372	1.230722	0.999572	1.230722	0.999573	1.192379	0.000387	1.192978	0.000040	1.192536	0.000038	1.190324	0.000010	1.230722	0.999571	1.230722	0.999572	
1356619456.893386	1.000000	65.025528	51.165268	6.341766	1.230712	0.999409	1.193680	0.000037	1.230712	0.999408	1.230712	0.999408	1.192308	0.000381	1.192296	0.000042	1.230712	0.999408	1.195361	0.000011	1356619456.893547	1.000011	65.540358	52.060113	5.166905	1.230745	0.999770	1.230745	0.999770	1.192286	0.000122	1.192264	0.000054	1.192219	0.000010	1.192437	0.000039	1.230745	0.999778	1.230745	0.999777	
1356619457.893386	1.000000	18.046936	4.657104	2.551102	1.227650	0.023773	0.796051	0.000062	1.229295	0.023509	1.229454	0.023503	0.549309	0.000689	0.762262	0.000017	1.230633	0.023390	0.754040	0.000075	1356619457.893678	1.000131	39.408736	26.130201	1.683099	1.230570	0.023355	1.230546	0.023383	1.255450	0.000163	1.256291	0.000058	1.230418	0.000068	1.248347	0.000010	1.230726	0.023228	1.268318	0.999825	
1356619458.893385	0.999999	17.037339	3.642841	2.446886	0.528594	0.000107	0.597949	0.000022	0.607265	0.000021	0.772985	0.000017	0.505495	0.000716	0.769149	0.000061	0.712325	0.000074	0.769988	0.000017	1356619458.893765	1.000087	37.715743	24.467857	1.663399	1.262599	0.000065	1.269376	0.000009	1.268828	0.000123	1.269115	0.000079	1.269259	0.000009	1.269065	0.000049	1.262533	0.000059	1.269223	0.999911	
1356619459.893392	1.000007	17.036793	3.657140	2.452437	0.996185	0.000300	0.791813	0.000068	0.743062	0.000068	0.845464	0.000064	0.516724	0.000772	0.764094	0.000017	0.771071	0.000017	0.764140	0.000058	1356619459.893736	0.999971	37.642086	24.412560	1.693012	1.242246	0.000023	1.259558	0.000057	1.266957	0.000208	1.258462	0.000050	1.269179	0.000037	1.269306	0.000009	1.269143	0.000009	1.269221	0.999914	
1356619460.893392	1.000000	17.037430	3.671494	2.469849	0.580350	0.000152	0.587053	0.000069	0.594728	0.000026	0.696495	0.000022	0.534016	0.000679	0.759402	0.000062	0.770518	0.000060	0.703473	0.000021	1356619460.893678	0.999942	37.640029	24.398234	1.670202	1.268996	0.000059	1.269163	0.000009	1.269213	0.000386	1.269015	0.000085	1.268998	0.000009	1.268542	0.000050	1.269400	0.000057	1.269225	0.999938	
1356619461.893386	0.999994	17.015284	3.661521	2.439376	0.997527	0.000298	0.685699	0.000158	0.830377	0.000066	0.809051	0.000068	0.513290	0.000718	0.764425	0.000017	0.776864	0.000017	0.779313	0.000060	1356619461.893725	1.000047	37.590062	24.354233	1.689175	1.242142	0.000023	1.259330	0.000056	1.262628	0.000173	1.259167	0.000050	1.269184	0.000061	1.273002	0.000009	1.268094	0.000009	1.269221	0.999914	
1356619462.893385	0.999999	17.052812	3.703342	2.487917	0.527365	0.000147	1.264685	0.000006	0.762896	0.000017	0.653815	0.000020	0.512382	0.000706	0.721176	0.000063	0.731697	0.000064	0.772528	0.000017	1356619462.893774	1.000049	37.549837	24.314556	1.677087	1.268975	0.000056	1.269588	0.000009	1.269171	0.000152	1.269178	0.000065	1.269783	0.000009	1.268607	0.000049	1.269430	0.000059	1.269225	0.999934	
1356619463.893386	1.000001	16.996200	3.661816	2.483137	0.995022	0.000301	0.739237	0.000082	0.786656	0.000071	0.833970	0.000070	0.520522	0.000745	0.574759	0.000020	0.559327	0.000023	0.742089	0.000060	1356619463.893732	0.999958	37.597052	24.361313	1.718074	1.243348	0.000022	1.259261	0.000082	1.268286	0.001950	1.260118	0.000057	1.269124	0.000057	1.271126	0.000016	1.267802	0.000010	1.269217	0.999869	
1356619464.893385	0.999999	16.944764	3.584323	2.454333	0.517492	0.000142	0.579564	0.000050	0.577757	0.000050	0.761757	0.000019	0.519384	0.000689	0.751734	0.000062	0.792051	0.000058	0.769078	0.000018	1356619464.893671	0.999939	37.543444	24.311451	1.685894	1.267136	0.000056	1.269037	0.000009	1.269208	0.000115	1.262569	0.000079	1.269096	0.000009	1.259168	0.000051	1.259111	0.000050	1.269225	0.999934	
1356619465.893387	1.000002	715772450.576198	715770050.874369	715772069.386235	0.999952	1.000895	0.999949	1.000894	0.999961	1.000897	0.999951	1.000888	0.999953	1.000898	0.999954	1.000887	0.999953	1.000898	0.999951	1.000889	1356619465.893475	0.999804	715947333.663906	715959086.865722	715917758.612567	0.999952	1.000894	0.999949	1.000892	3.895615	0.256919	0.999951	1.000889	0.999953	1.000900	0.999953	1.000886	0.999951	1.000892	0.999953	1.000896	
1356619466.893386	0.999999	0.000000	0.000000	0.000000	-nan	-nan	-nan	-nan	0.000000	inf	-nan	-nan	-nan	0.000000	-nan	-nan	-nan	-nan	-nan	-nan	1356619466.893457	0.999982	0.000000	0.000000	0.000000	-nan	-nan	-nan	-nan	0.000000	inf	-nan	-nan	-nan	-nan	-nan	-nan	-nan	-nan	-nan	-nan	
