ts_0	elapsed_0	pkg_0	pp0_0	dram_0	freq_ratio_0_0	c0_ratio_0_0	freq_ratio_0_1	c0_ratio_0_1	freq_ratio_0_2	c0_ratio_0_2	freq_ratio_0_3	c0_ratio_0_3	freq_ratio_0_4	c0_ratio_0_4	freq_ratio_0_5	c0_ratio_0_5	freq_ratio_0_6	c0_ratio_0_6	freq_ratio_0_7	c0_ratio_0_7	ts_1	elapsed_1	pkg_1	pp0_1	dram_1	freq_ratio_1_0	c0_ratio_1_0	freq_ratio_1_1	c0_ratio_1_1	freq_ratio_1_2	c0_ratio_1_2	freq_ratio_1_3	c0_ratio_1_3	freq_ratio_1_4	c0_ratio_1_4	freq_ratio_1_5	c0_ratio_1_5	freq_ratio_1_6	c0_ratio_1_6	freq_ratio_1_7	c0_ratio_1_7	
1356622471.977457	1.001948	61.234437	47.209925	8.928270	1.157218	0.661932	1.154880	0.662476	1.154847	0.668914	1.154436	0.666812	1.154577	0.666237	1.154542	0.666768	1.154654	0.666707	1.155127	0.669421	1356622471.977586	1.000382	61.616953	48.029797	7.746416	0.999997	0.939965	0.999936	0.940012	1.000001	0.939963	1.000001	0.938232	1.000001	0.939919	1.000120	0.003384	1.001293	0.000032	0.999743	0.941187	
1356622472.977452	0.999995	63.941009	49.842428	9.209717	1.000000	1.000000	1.000000	1.000001	1.000000	1.000000	1.000000	1.000000	1.000000	1.000000	1.000000	0.005211	1.000000	1.000001	1.002279	0.000058	1356622472.977571	0.999985	63.931853	50.283333	8.120926	1.000000	1.000000	1.000000	1.000000	1.000000	1.000000	1.000000	1.000000	1.000000	1.000000	0.999421	0.000488	1.001315	0.000052	1.000000	1.000000	
1356622473.977451	0.999999	64.178345	50.069506	9.298730	1.000000	1.000000	1.000000	1.000000	1.000000	1.000000	1.000000	0.999577	1.000001	1.000000	0.999998	0.005853	1.000000	1.000000	1.003686	0.000069	1356622473.977563	0.999992	63.961883	50.298290	8.136602	1.000000	1.000000	1.000000	1.000000	1.000000	1.000000	1.000000	1.000000	1.000000	1.000000	1.000243	0.000100	1.008138	0.000008	1.000000	1.000000	
1356622474.977451	1.000000	64.014542	49.876144	9.395493	1.000000	1.000000	1.000000	0.999999	1.000000	1.000000	0.999999	1.000000	0.999999	1.000000	0.999778	0.001072	0.999999	1.000000	0.997603	0.000074	1356622474.977565	1.000002	64.071548	50.385097	8.099212	1.000000	1.000000	1.000000	1.000000	1.000000	1.000000	1.000000	1.000000	1.000000	1.000000	1.000033	0.000141	0.988940	0.000055	1.000000	1.000000	
1356622475.977451	1.000000	64.088928	49.988983	9.319031	1.000000	1.000000	1.000000	1.000000	1.000000	1.000000	1.000000	1.000000	1.000001	1.000001	0.999958	0.000625	1.000001	1.000000	0.999892	0.000068	1356622475.977564	0.999999	64.096588	50.445834	8.147988	1.000000	1.000000	1.000000	1.000000	1.000000	1.000000	1.000000	1.000000	1.000000	1.000000	0.999903	0.000335	1.027807	0.000022	1.000000	1.000000	
1356622476.977452	1.000001	64.132751	50.037016	9.249121	1.000000	1.000000	1.000000	1.000000	1.000000	1.000000	1.000000	1.000000	1.000000	1.000000	0.999994	0.001661	1.000000	1.000000	1.004200	0.000058	1356622476.977566	1.000002	64.260559	50.616206	8.140289	1.000000	1.000000	1.000000	1.000000	1.000000	1.000000	1.000000	1.000000	1.000000	1.000000	0.999984	0.003237	0.999393	0.000054	1.000000	1.000000	
1356622477.977451	0.999999	64.050659	49.972002	9.268792	1.000000	1.000000	1.000000	1.000000	1.000000	1.000000	1.000000	1.000000	1.000000	1.000000	0.999964	0.000380	1.000000	1.000000	0.999940	0.000070	1356622477.977565	0.999999	64.059616	50.457858	8.131981	1.000000	1.000000	1.000000	1.000000	1.000000	1.000000	1.000000	1.000000	1.000000	1.000000	1.000015	0.000106	1.000379	0.000007	1.000000	1.000000	
1356622478.977451	1.000000	64.286957	50.162430	9.291260	1.000000	1.000000	1.000000	1.000000	1.000000	1.000000	1.000000	1.000000	1.000000	1.000000	1.000137	0.004347	1.000000	1.000000	0.991881	0.000110	1356622478.977564	0.999999	64.117081	50.471835	8.145775	1.000000	1.000000	1.000000	1.000000	1.000000	1.000000	1.000000	1.000000	1.000000	1.000000	0.999977	0.000134	0.999669	0.000050	1.000000	1.000000	
1356622479.977451	1.000000	64.094482	50.005814	9.228027	1.000000	1.000000	1.000000	1.000000	1.000000	1.000000	1.000000	1.000000	1.000000	1.000000	0.997495	0.000266	1.000000	1.000000	0.999844	0.000163	1356622479.977565	1.000001	64.154938	50.545728	8.123985	1.000000	1.000000	1.000000	1.000000	1.000000	1.000000	1.000000	1.000000	1.000000	1.000000	0.999998	0.002388	1.001315	0.000008	1.000000	1.000000	
1356622480.977451	1.000000	64.289963	50.191269	9.290848	1.000000	1.000000	1.000000	1.000000	1.000000	1.000000	1.000000	1.000000	1.000000	1.000000	1.000125	0.004516	1.000000	1.000000	0.999869	0.000150	1356622480.977563	0.999998	64.221878	50.597966	8.139191	1.000000	1.000000	1.000000	1.000000	1.000000	1.000000	1.000000	1.000000	1.000000	1.000000	1.000171	0.000129	0.996762	0.000051	1.000000	1.000000	
1356622481.977451	1.000000	64.261871	50.186539	9.235214	1.000000	1.000000	1.000000	1.000000	1.000000	0.999999	1.000000	1.000000	1.000000	1.000000	0.999650	0.001797	1.000000	1.000000	0.999955	0.002111	1356622481.977565	1.000002	64.162521	50.562022	8.124450	1.000000	1.000000	1.000000	1.000000	1.000000	1.000000	1.000000	1.000000	1.000000	1.000000	0.999977	0.001418	1.000203	0.000291	1.000000	1.000000	
1356622482.977451	1.000000	64.348114	50.226959	9.323776	1.000000	1.000000	1.000000	1.000000	1.000000	1.000000	1.000000	1.000000	1.000000	1.000000	1.000030	0.004359	0.999999	1.000000	1.001948	0.000149	1356622482.977569	1.000004	64.134979	50.500436	8.109830	1.000000	1.000000	1.000000	1.000000	1.000000	1.000000	1.000000	1.000000	1.000000	1.000000	0.999825	0.000115	1.001182	0.000067	1.000000	1.000000	
1356622483.977451	1.000000	64.137634	50.011627	9.380051	1.000000	1.000000	1.000000	1.000000	1.000000	1.000001	1.000000	1.000000	1.000000	1.000000	0.999315	0.000286	1.000000	1.000000	0.998813	0.000163	1356622483.977564	0.999995	64.157685	50.520120	8.131709	1.000000	1.000000	1.000000	1.000000	1.000000	1.000000	1.000000	1.000000	1.000000	1.000000	1.000067	0.000080	0.998846	0.000033	1.000000	1.000000	
1356622484.977451	1.000000	64.289032	50.189056	9.241226	1.000000	1.000000	1.000000	1.000000	0.999999	0.999999	0.999999	0.999999	1.000000	1.000000	0.999969	0.004361	1.000000	1.000000	1.001320	0.000148	1356622484.977573	1.000009	64.161650	50.536636	8.156710	1.000000	1.000000	1.000000	1.000000	1.000000	1.000000	1.000000	1.000000	1.000000	1.000000	1.000192	0.000118	1.000174	0.000069	1.000000	1.000000	
1356622485.977452	1.000001	715778613.639902	715815309.501299	715767178.938756	0.999875	1.000407	0.999874	1.000409	1.979833	0.505235	0.999876	1.000401	0.999876	1.000404	0.999879	1.000399	0.999876	1.000404	0.999875	1.000398	1356622485.977542	0.999969	715820046.810182	715818413.735518	715811777.803660	0.999873	1.000391	0.999871	1.000395	3.900977	0.256417	0.999876	1.000402	0.999874	1.000398	0.999879	1.000402	0.999876	1.000403	0.999877	1.000411	
1356622486.977452	1.000000	0.000000	0.000000	0.000000	-nan	-nan	-nan	-nan	0.000000	inf	-nan	-nan	-nan	0.000000	0.000000	inf	-nan	-nan	-nan	-nan	1356622486.977527	0.999985	0.000000	0.000000	0.000000	-nan	-nan	-nan	-nan	0.000000	inf	-nan	-nan	-nan	-nan	-nan	-nan	-nan	-nan	-nan	-nan	
1356622487.977525	1.000073	0.000000	0.000000	0.000000	-nan	-nan	-nan	-nan	8.000000	inf	-nan	-nan	-nan	0.000000	-nan	-nan	-nan	-nan	-nan	-nan	1356622487.977603	1.000076	0.000000	0.000000	0.000000	-nan	-nan	-nan	-nan	inf	-nan	-nan	-nan	-nan	-nan	-nan	-nan	-nan	-nan	-nan	-nan	
