ts_0	elapsed_0	pkg_0	pp0_0	dram_0	freq_ratio_0_0	c0_ratio_0_0	freq_ratio_0_1	c0_ratio_0_1	freq_ratio_0_2	c0_ratio_0_2	freq_ratio_0_3	c0_ratio_0_3	freq_ratio_0_4	c0_ratio_0_4	freq_ratio_0_5	c0_ratio_0_5	freq_ratio_0_6	c0_ratio_0_6	freq_ratio_0_7	c0_ratio_0_7	ts_1	elapsed_1	pkg_1	pp0_1	dram_1	freq_ratio_1_0	c0_ratio_1_0	freq_ratio_1_1	c0_ratio_1_1	freq_ratio_1_2	c0_ratio_1_2	freq_ratio_1_3	c0_ratio_1_3	freq_ratio_1_4	c0_ratio_1_4	freq_ratio_1_5	c0_ratio_1_5	freq_ratio_1_6	c0_ratio_1_6	freq_ratio_1_7	c0_ratio_1_7	
1354697912.166091	1.001680	42.082915	28.876783	3.646767	1.157191	0.571923	1.153292	0.560778	1.153236	0.566651	1.154963	0.573932	1.155427	0.572472	1.153811	0.565277	1.154317	0.563300	1.154231	0.564432	1354697912.166261	1.000429	39.774780	26.671452	1.742996	0.999539	0.772675	0.999700	0.774320	0.999415	0.782107	0.928580	0.001916	0.949482	0.000364	0.997570	0.000108	0.628230	0.000051	0.999821	0.771373	
1354697913.166082	0.999991	46.269584	33.076472	3.797321	1.000000	1.000000	1.000000	1.000000	1.000000	1.000000	1.000000	1.000000	1.000087	0.000369	1.000479	0.000138	1.000473	0.000117	1.006777	0.000008	1354697913.166242	0.999981	46.233136	33.124381	1.585327	1.000000	1.000000	1.000000	1.000000	1.000000	1.000000	0.999953	0.000630	0.999843	0.000069	0.996745	0.000007	0.999565	0.000073	1.000000	1.000000	
1354697914.166082	1.000000	46.291611	33.107025	3.793304	1.000000	1.000000	1.000000	1.000000	1.000000	1.000000	1.000000	1.000000	0.999994	0.000345	0.999603	0.000029	1.000225	0.000153	1.000848	0.000055	1354697914.166244	1.000002	46.385471	33.273389	1.591962	1.000000	1.000000	1.000000	1.000000	1.000000	1.000000	0.999998	0.000195	1.000095	0.000040	1.000301	0.002232	1.000702	0.000007	1.000000	1.000000	
1354697915.166088	1.000006	46.192428	33.018022	3.800957	1.000000	1.000000	1.000000	1.000000	1.000000	1.000000	1.000000	1.000000	1.000012	0.000415	1.000559	0.000062	1.000090	0.000077	0.998146	0.000008	1354697915.166252	1.000008	46.367041	33.264409	1.588656	1.000000	1.000000	1.000000	1.000000	1.000000	1.000000	0.999959	0.000187	0.999996	0.000108	0.997485	0.000006	1.000139	0.000072	1.000000	1.000000	
1354697916.166081	0.999993	46.162886	32.990066	3.805263	1.000000	1.000000	1.000000	1.000000	1.000000	1.000000	1.000000	1.000000	0.999877	0.000313	0.979238	0.000008	1.000003	0.000132	0.999879	0.000064	1354697916.166246	0.999994	46.449679	33.329819	1.590387	1.000000	1.000000	1.000000	1.000000	1.000000	1.000000	1.000045	0.000481	1.000005	0.000543	0.999706	0.000080	0.993246	0.000007	1.000000	1.000000	
1354697917.166081	1.000000	46.210175	33.036865	3.805008	1.000000	1.000000	1.000000	1.000000	1.000000	1.000000	1.000000	1.000000	0.999925	0.000534	1.000144	0.001114	0.999948	0.000287	0.999919	0.000105	1354697917.166247	1.000001	46.460710	33.343657	1.588713	1.000000	1.000000	1.000000	1.000000	1.000000	1.000000	0.999899	0.000262	0.999991	0.000518	1.005814	0.000006	1.000479	0.000070	1.000000	1.000000	
1354697918.166088	1.000007	46.202043	33.025712	3.800450	1.000000	1.000000	1.000000	1.000000	1.000000	1.000000	1.000000	1.000000	1.000095	0.000306	0.996508	0.000008	1.000051	0.000165	0.989639	0.000052	1354697918.166248	1.000001	46.486665	33.368147	1.590422	1.000000	1.000000	1.000000	1.000000	1.000000	1.000000	1.000002	0.000179	1.000167	0.000032	0.999554	0.000075	0.995849	0.000006	1.000000	1.000000	
1354697919.166081	0.999993	46.198501	33.021240	3.801235	1.000000	1.000000	1.000000	1.000000	1.000000	1.000000	1.000000	1.000000	1.000296	0.000389	0.991841	0.000062	0.999995	0.000085	1.000089	0.000009	1354697919.166250	1.000002	46.480060	33.359906	1.590344	1.000000	1.000000	1.000000	1.000000	1.000000	1.000000	1.000000	0.000163	0.999966	0.000089	1.002593	0.000006	0.992178	0.000065	1.000000	1.000000	
1354697920.166081	1.000000	46.196152	33.020370	3.805054	1.000000	1.000000	1.000000	1.000000	1.000000	1.000000	1.000000	1.000000	0.999719	0.000336	1.022596	0.000023	0.999914	0.000144	1.007321	0.000073	1354697920.166250	1.000000	46.527191	33.407410	1.591843	1.000000	1.000000	1.000000	1.000000	1.000000	1.000000	1.000093	0.000179	0.984204	0.000033	0.991197	0.000074	1.002304	0.000007	1.000000	1.000000	
1354697921.166082	1.000001	715805094.514947	715766865.009185	715765869.663927	0.999916	1.000399	0.999917	1.000412	0.999927	1.000404	0.999917	1.000397	0.999917	1.000401	0.999921	1.000403	0.999919	1.000410	0.999919	1.000406	1354697921.166170	0.999920	715842649.933291	715863806.961968	715871892.148266	0.999919	1.000408	0.999916	1.000402	3.897980	0.256628	0.999918	1.000400	0.999919	1.000409	0.999920	1.000398	0.999918	1.000406	0.999920	1.000410	
1354697922.166110	1.000028	0.000000	0.000000	0.000000	-nan	-nan	-nan	-nan	0.000000	inf	-nan	-nan	-nan	0.000000	-nan	-nan	-nan	-nan	-nan	-nan	1354697922.166187	1.000017	0.000000	0.000000	0.000000	-nan	-nan	-nan	-nan	0.000000	inf	-nan	-nan	-nan	-nan	-nan	-nan	-nan	-nan	-nan	-nan	
