ts_0	elapsed_0	pkg_0	pp0_0	dram_0	freq_ratio_0_0	c0_ratio_0_0	freq_ratio_0_1	c0_ratio_0_1	freq_ratio_0_2	c0_ratio_0_2	freq_ratio_0_3	c0_ratio_0_3	freq_ratio_0_4	c0_ratio_0_4	freq_ratio_0_5	c0_ratio_0_5	freq_ratio_0_6	c0_ratio_0_6	freq_ratio_0_7	c0_ratio_0_7	ts_1	elapsed_1	pkg_1	pp0_1	dram_1	freq_ratio_1_0	c0_ratio_1_0	freq_ratio_1_1	c0_ratio_1_1	freq_ratio_1_2	c0_ratio_1_2	freq_ratio_1_3	c0_ratio_1_3	freq_ratio_1_4	c0_ratio_1_4	freq_ratio_1_5	c0_ratio_1_5	freq_ratio_1_6	c0_ratio_1_6	freq_ratio_1_7	c0_ratio_1_7	
1352516900.344549	1.020525	67.850145	54.472364	4.169054	1.158000	0.747205	1.170904	0.851164	1.157368	0.739798	1.155236	0.720501	1.154889	0.716795	1.154154	0.702174	1.153793	0.698009	1.153887	0.684506	1352516900.344603	1.000512	65.642287	52.256484	3.234627	1.157712	0.668638	1.156498	0.685517	1.153718	0.734369	1.153793	0.734390	1.153896	0.734582	1.153740	0.734598	1.153914	0.734275	1.162421	0.729586	
1352516901.344548	0.999999	80.785920	67.338809	4.803426	1.153852	0.964289	1.153862	0.964517	1.153852	0.964125	1.153847	0.964031	1.153849	0.964071	1.153848	0.964056	1.153846	0.964031	1.153846	0.964074	1352516901.344599	0.999996	76.941382	63.483076	3.959992	1.154001	0.639726	1.153972	0.967902	1.153943	0.786654	1.153848	0.963878	1.153848	0.963890	1.153859	0.964082	1.153854	0.963959	1.153848	0.963875	
1352516902.344546	0.999998	79.074217	65.652225	4.551324	1.153868	0.934219	1.153866	0.934243	1.153855	0.933694	1.153850	0.933533	1.153851	0.933642	1.153852	0.933640	1.153850	0.933509	1.153850	0.933577	1352516902.344592	0.999993	76.912885	63.492230	3.462548	1.154220	0.773014	1.154673	0.887465	1.153920	0.869139	1.153856	0.933433	1.153852	0.933363	1.153858	0.933490	1.153853	0.933422	1.153853	0.933397	
1352516903.344552	1.000006	80.987188	67.506495	4.874834	1.153851	0.962122	1.153851	0.964755	1.153848	0.970399	1.153848	0.964358	1.153849	0.964395	1.153849	0.964345	1.153847	0.964352	1.153849	0.964397	1352516903.344595	1.000003	77.966464	64.476576	3.982562	1.154126	0.904349	1.153850	0.835471	1.153860	0.687169	1.153847	0.964163	1.153847	0.964168	1.153849	0.964298	1.153849	0.964272	1.153849	0.964315	
1352516904.344547	0.999995	78.452236	65.019475	4.411628	1.153830	0.911553	1.153781	0.911734	1.153805	0.911250	1.153759	0.911297	1.153761	0.911348	1.153795	0.911178	1.153777	0.911280	1.153777	0.911272	1352516904.344593	0.999998	75.781166	62.336224	3.410651	1.153971	0.830186	1.153922	0.900188	1.154261	0.653950	1.153851	0.911031	1.153851	0.911033	1.153866	0.911210	1.153856	0.911083	1.153856	0.911112	
1352516905.344546	0.999999	80.364655	66.896945	4.735844	1.153856	0.955531	1.153885	0.955647	1.153856	0.954898	1.153853	0.954875	1.153861	0.955000	1.153851	0.954737	1.153852	0.954876	1.153852	0.954866	1352516905.344590	0.999997	77.499142	64.010407	3.863293	1.154664	0.719426	1.154593	0.863157	1.153919	0.869097	1.153855	0.954632	1.153853	0.954586	1.153862	0.954711	1.153854	0.954555	1.153854	0.954573	
1352516906.344547	1.000001	81.313704	67.848004	4.635677	1.153855	0.978306	1.153872	0.960232	1.153847	0.980923	1.153846	0.977803	1.153847	0.977853	1.153848	0.977822	1.153846	0.977798	1.153846	0.977787	1352516906.344585	0.999995	77.223989	63.757155	3.572421	1.153940	0.418453	1.153920	0.898488	1.153848	0.977796	1.153848	0.977791	1.153847	0.977779	1.153847	0.977827	1.153847	0.977802	1.153847	0.977792	
1352516907.344547	1.000000	80.137772	66.657486	4.718674	1.153905	0.939243	1.154011	0.868970	1.153850	0.936234	1.153850	0.936305	1.153850	0.936292	1.153850	0.936330	1.153849	0.936270	1.153850	0.936301	1352516907.344589	1.000004	75.543273	62.051537	3.903686	1.154270	0.221639	1.154099	0.941713	1.153850	0.936266	1.153851	0.936292	1.153851	0.936303	1.153851	0.936348	1.153849	0.936289	1.153850	0.936280	
1352516908.344546	0.999999	81.209077	67.743213	4.746007	1.153861	0.961442	1.153855	0.961129	1.153848	0.960647	1.153846	0.960653	1.153846	0.960646	1.153847	0.960593	1.153847	0.960631	1.153846	0.960600	1352516908.344595	1.000006	78.244788	64.746166	3.853783	1.154304	0.786998	1.153974	0.882811	1.153879	0.800460	1.153848	0.960574	1.153848	0.960585	1.153848	0.960632	1.153848	0.960606	1.153848	0.960602	
1352516909.344546	1.000000	79.910507	66.475418	4.605423	1.153859	0.933452	1.153855	0.933062	1.153849	0.932532	1.153850	0.932371	1.153850	0.932361	1.153849	0.932350	1.153849	0.932367	1.153849	0.932359	1352516909.344591	0.999996	77.030189	63.554884	3.581771	1.153985	0.760407	1.153941	0.725484	1.153894	0.916791	1.153848	0.932237	1.153847	0.932244	1.153858	0.932446	1.153855	0.932380	1.153847	0.932243	
1352516910.344551	1.000005	81.154943	67.692502	4.799826	1.153888	0.956680	1.153865	0.947522	1.153850	0.955057	1.153848	0.954891	1.153847	0.954884	1.153848	0.954856	1.153847	0.954893	1.153847	0.954852	1352516910.344596	1.000005	77.752220	64.241256	3.923000	1.153848	0.863638	1.153863	0.861076	1.154011	0.634008	1.153847	0.954834	1.153847	0.954851	1.153847	0.954896	1.153846	0.954875	1.153846	0.954831	
1352516911.344549	0.999998	81.491244	68.019417	4.826090	1.153845	0.963879	1.153847	0.954222	1.153846	0.962058	1.153846	0.961983	1.153846	0.961900	1.153846	0.962174	1.153846	0.962551	1.153846	0.961682	1352516911.344599	1.000003	77.861773	64.343886	3.957278	1.153848	0.968419	1.153847	0.420110	1.153848	0.943695	1.153840	0.961981	1.153847	0.961968	1.153847	0.961989	1.153846	0.961964	1.153847	0.961956	
1352516912.344547	0.999998	81.065279	67.589286	4.827203	1.153848	0.946724	1.153848	0.946418	1.153847	0.945667	1.153847	0.945796	1.153846	0.945797	1.153846	0.945912	1.153846	0.945697	1.153846	0.945789	1352516912.344594	0.999995	77.792382	64.263688	3.939488	1.153847	0.853554	1.153858	0.659412	1.153846	0.856106	1.153853	0.945659	1.153840	0.945681	1.153846	0.945715	1.153847	0.945699	1.153846	0.945664	
1352516913.344552	1.000005	81.201467	67.737713	4.721427	1.153847	0.952999	1.153846	0.952487	1.153847	0.951687	1.153847	0.951808	1.153847	0.951810	1.153847	0.951864	1.153847	0.951709	1.153847	0.951775	1352516913.344600	1.000006	78.025704	64.529919	3.781029	1.154019	0.860931	1.153862	0.842033	1.153844	0.725515	1.153845	0.951629	1.153852	0.951644	1.153845	0.951697	1.153846	0.951677	1.153845	0.951683	
1352516914.344572	1.000020	715769977.892136	715762614.729998	715803260.478617	0.999987	1.000543	0.999985	1.000546	0.999995	1.000543	0.999987	1.000543	0.999987	1.000546	0.999990	1.000541	0.999987	1.000546	0.999987	1.000543	1352516914.344661	1.000061	715767664.505874	715748893.836283	715740118.352624	0.999987	1.000543	0.999985	1.000546	3.893215	0.256995	0.999987	1.000543	0.999987	1.000547	0.999990	1.000540	0.999987	1.000546	0.999987	1.000544	
1352516915.344546	0.999974	0.000000	0.000000	0.000000	-nan	-nan	-nan	-nan	0.000000	inf	-nan	-nan	-nan	0.000000	-nan	-nan	-nan	-nan	-nan	-nan	1352516915.344618	0.999957	0.000000	0.000000	0.000000	-nan	-nan	-nan	-nan	0.000000	inf	-nan	-nan	-nan	-nan	-nan	-nan	-nan	-nan	-nan	-nan	
1352516916.344605	1.000059	0.000000	0.000000	0.000000	-nan	-nan	-nan	-nan	0.000000	inf	-nan	-nan	-nan	0.000000	0.000000	inf	-nan	-nan	-nan	-nan	1352516916.344676	1.000058	0.000000	0.000000	0.000000	-nan	-nan	-nan	-nan	inf	-nan	-nan	-nan	-nan	-nan	-nan	-nan	-nan	-nan	-nan	-nan	
