ts_0	elapsed_0	pkg_0	pp0_0	dram_0	freq_ratio_0_0	c0_ratio_0_0	freq_ratio_0_1	c0_ratio_0_1	freq_ratio_0_2	c0_ratio_0_2	freq_ratio_0_3	c0_ratio_0_3	freq_ratio_0_4	c0_ratio_0_4	freq_ratio_0_5	c0_ratio_0_5	freq_ratio_0_6	c0_ratio_0_6	freq_ratio_0_7	c0_ratio_0_7	ts_1	elapsed_1	pkg_1	pp0_1	dram_1	freq_ratio_1_0	c0_ratio_1_0	freq_ratio_1_1	c0_ratio_1_1	freq_ratio_1_2	c0_ratio_1_2	freq_ratio_1_3	c0_ratio_1_3	freq_ratio_1_4	c0_ratio_1_4	freq_ratio_1_5	c0_ratio_1_5	freq_ratio_1_6	c0_ratio_1_6	freq_ratio_1_7	c0_ratio_1_7	
1352516900.335461	1.002410	66.612250	53.219401	6.110914	1.153728	0.773447	1.153415	0.762457	1.153939	0.768867	1.153369	0.770425	1.153779	0.769094	1.153908	0.770385	1.153771	0.768898	1.153682	0.767888	1352516900.335522	1.000486	67.318852	53.903587	5.249235	1.170156	0.896392	1.154328	0.771021	1.154164	0.771033	1.154279	0.770365	1.153895	0.766123	1.153901	0.762203	1.153837	0.758348	1.166940	0.534521	
1352516901.335453	0.999992	78.267587	64.731009	6.413260	1.153946	0.965475	1.154223	0.957465	1.153851	0.964029	1.153853	0.964059	1.153852	0.964066	1.153851	0.964054	1.153851	0.964036	1.153854	0.964121	1352516901.335508	0.999986	75.625102	62.086384	6.249355	1.153889	0.935802	1.153852	0.890693	1.153927	0.857973	1.153852	0.964006	1.153852	0.963992	1.153853	0.964014	1.153851	0.964008	1.153933	0.647345	
1352516902.335448	0.999995	77.572822	64.118241	6.386369	1.154224	0.902533	1.154137	0.902708	1.153981	0.959310	1.153852	0.957560	1.153853	0.957560	1.153850	0.957530	1.153850	0.957468	1.153850	0.957538	1352516902.335496	0.999988	74.530048	61.027140	5.635367	1.153921	0.198216	1.153854	0.957992	1.153848	0.957591	1.153848	0.957601	1.153848	0.957589	1.153848	0.957603	1.153848	0.957509	1.153848	0.957500	
1352516903.335449	1.000001	78.853242	65.329116	6.460107	1.153857	0.965716	1.153860	0.965699	1.153848	0.965260	1.153848	0.965222	1.153847	0.965236	1.153848	0.965261	1.153848	0.965199	1.153848	0.965262	1352516903.335505	1.000009	77.163943	63.596317	6.245198	1.153848	0.903869	1.153814	0.804924	1.154013	0.768219	1.153847	0.965195	1.153847	0.965185	1.153847	0.965209	1.153848	0.965229	1.153848	0.965212	
1352516904.335455	1.000006	76.543764	63.084539	6.203012	1.153863	0.914160	1.153858	0.914194	1.153851	0.913770	1.153850	0.913771	1.153847	0.913679	1.153851	0.913751	1.153846	0.913683	1.153853	0.913796	1352516904.335522	1.000017	75.152536	61.689416	5.509260	1.154025	0.916126	1.153924	0.748480	1.156651	0.809536	1.153885	0.913711	1.153884	0.913699	1.153887	0.913770	1.153883	0.913625	1.153883	0.913617	
1352516905.335452	0.999997	78.346556	64.813342	6.385594	1.153861	0.953094	1.153829	0.953211	1.153855	0.952122	1.153860	0.952224	1.153854	0.952113	1.153855	0.952118	1.153855	0.952114	1.153860	0.952244	1352516905.335507	0.999985	75.999372	62.465996	6.219606	1.154428	0.891875	1.154768	0.772697	1.154314	0.799301	1.153855	0.952036	1.153854	0.952005	1.153858	0.952077	1.153854	0.952036	1.153855	0.952016	
1352516906.335450	0.999998	78.389569	64.888841	6.326321	1.153851	0.951620	1.153854	0.951740	1.153847	0.951023	1.153848	0.951152	1.153847	0.951018	1.153847	0.951031	1.153847	0.951025	1.153847	0.951067	1352516906.335506	0.999999	75.984890	62.489501	5.697164	1.153989	0.762461	1.154026	0.876462	1.153973	0.825080	1.153850	0.951006	1.153850	0.950986	1.153850	0.950996	1.153850	0.951022	1.153848	0.950920	
1352516907.335451	1.000001	77.976580	64.423721	6.412424	1.153846	0.925331	1.153846	0.925488	1.153846	0.924273	1.153846	0.924424	1.153846	0.924269	1.153846	0.924286	1.153846	0.924280	1.153846	0.924324	1352516907.335507	1.000001	75.557484	62.008181	6.182123	1.153906	0.828969	1.153886	0.861378	1.153887	0.697712	1.153849	0.924233	1.153850	0.924216	1.153850	0.924222	1.153850	0.924260	1.153850	0.924222	
1352516908.335458	1.000007	79.126360	65.579213	6.394029	1.153866	0.961350	1.153867	0.961439	1.153849	0.960869	1.153851	0.960945	1.153849	0.960864	1.153849	0.960874	1.153848	0.960867	1.153850	0.960913	1352516908.335508	1.000001	76.715869	63.176698	6.169061	1.153876	0.961313	1.154934	0.827069	1.154191	0.693496	1.153851	0.960802	1.153849	0.960757	1.153849	0.960757	1.153850	0.960784	1.153850	0.960747	
1352516909.335456	0.999998	77.878505	64.363297	6.277905	1.153853	0.929148	1.153849	0.929209	1.153848	0.928357	1.153848	0.928491	1.153848	0.928356	1.153848	0.928362	1.153848	0.928361	1.153851	0.928455	1352516909.335502	0.999994	75.447776	61.946017	5.698932	1.153882	0.929229	1.153886	0.766164	1.154665	0.694571	1.153864	0.928214	1.153864	0.928206	1.153866	0.928265	1.153865	0.928274	1.153865	0.928272	
1352516910.335448	0.999992	79.075592	65.513593	6.403647	1.153861	0.953925	1.153861	0.953282	1.153849	0.952575	1.153853	0.953188	1.153849	0.952566	1.153849	0.952579	1.153849	0.952571	1.153852	0.952685	1352516910.335486	0.999984	76.096873	62.553184	6.207283	1.154006	0.865779	1.154070	0.719580	1.154025	0.771742	1.153848	0.952530	1.153848	0.952515	1.153848	0.952519	1.153856	0.952654	1.153848	0.952517	
1352516911.335448	1.000000	79.579895	66.007294	6.361511	1.153845	0.961059	1.153862	0.966376	1.153846	0.959953	1.153846	0.960688	1.153846	0.959874	1.153846	0.959955	1.153845	0.959883	1.153846	0.959977	1352516911.335495	1.000009	76.393870	62.841228	6.237584	1.153868	0.675133	1.153975	0.949772	1.153852	0.735141	1.153847	0.959900	1.153847	0.959891	1.153847	0.959895	1.153850	0.959955	1.153850	0.959941	
1352516912.335456	1.000008	78.930375	65.361500	6.384287	1.153947	0.947001	1.153953	0.939507	1.153847	0.944095	1.153854	0.944215	1.153848	0.944113	1.153849	0.944160	1.153849	0.944139	1.153850	0.944201	1352516912.335519	1.000024	75.969148	62.422706	6.258959	1.153809	0.945713	1.153876	0.541214	1.153853	0.856914	1.153851	0.944084	1.153849	0.944021	1.153849	0.944026	1.153852	0.944098	1.153854	0.944150	
1352516913.335455	0.999999	78.742461	65.184556	6.340552	1.153846	0.947190	1.153846	0.946016	1.153847	0.945292	1.153846	0.945259	1.153846	0.945185	1.153846	0.945199	1.153846	0.945193	1.153846	0.945229	1352516913.335514	0.999995	76.474412	62.941431	5.999313	1.153856	0.894078	1.153958	0.648513	1.153846	0.887650	1.153846	0.945182	1.153846	0.945161	1.153846	0.945173	1.153846	0.945200	1.153847	0.945176	
1352516914.335477	1.000022	715758950.952927	715809072.762984	715769113.208996	0.999988	1.000545	0.999985	1.000549	0.999988	1.000554	0.999988	1.000545	0.999988	1.000548	0.999990	1.000543	0.999988	1.000549	0.999988	1.000546	1352516914.335562	1.000048	715785009.763515	715741396.191202	715740801.488500	0.999988	1.000545	0.999985	1.000548	3.893185	0.256998	0.999988	1.000546	0.999988	1.000548	0.999990	1.000544	0.999988	1.000549	0.999988	1.000546	
1352516915.335448	0.999971	0.000000	0.000000	0.000000	-nan	-nan	-nan	-nan	0.000000	inf	-nan	-nan	-nan	0.000000	-nan	-nan	-nan	-nan	-nan	-nan	1352516915.335510	0.999948	0.000000	0.000000	0.000000	-nan	-nan	-nan	-nan	0.000000	inf	-nan	-nan	-nan	-nan	-nan	-nan	-nan	-nan	-nan	-nan	
1352516916.335507	1.000059	0.000000	0.000000	0.000000	-nan	-nan	-nan	-nan	0.000000	inf	-nan	-nan	-nan	0.000000	0.000000	inf	-nan	-nan	-nan	-nan	1352516916.335588	1.000078	0.000000	0.000000	0.000000	-nan	-nan	-nan	-nan	inf	-nan	-nan	-nan	-nan	-nan	-nan	-nan	-nan	-nan	-nan	-nan	
