ts_0	elapsed_0	pkg_0	pp0_0	dram_0	freq_ratio_0_0	c0_ratio_0_0	freq_ratio_0_1	c0_ratio_0_1	freq_ratio_0_2	c0_ratio_0_2	freq_ratio_0_3	c0_ratio_0_3	freq_ratio_0_4	c0_ratio_0_4	freq_ratio_0_5	c0_ratio_0_5	freq_ratio_0_6	c0_ratio_0_6	freq_ratio_0_7	c0_ratio_0_7	ts_1	elapsed_1	pkg_1	pp0_1	dram_1	freq_ratio_1_0	c0_ratio_1_0	freq_ratio_1_1	c0_ratio_1_1	freq_ratio_1_2	c0_ratio_1_2	freq_ratio_1_3	c0_ratio_1_3	freq_ratio_1_4	c0_ratio_1_4	freq_ratio_1_5	c0_ratio_1_5	freq_ratio_1_6	c0_ratio_1_6	freq_ratio_1_7	c0_ratio_1_7	
1356621414.904502	1.001761	49.887263	36.300456	4.009130	1.155382	0.268507	1.155344	0.267867	1.154748	0.264663	1.156145	0.270095	1.154247	0.262773	1.157097	0.272891	1.154728	0.264061	1.156330	0.270509	1356621414.904656	1.000412	49.133993	35.501213	5.858701	0.913398	0.845461	0.913444	0.845117	0.913600	0.846487	0.913344	0.844251	0.895133	0.697473	0.683083	0.000055	0.981404	0.000045	0.913306	0.846192	
1356621415.904496	0.999994	50.807645	37.151604	4.600354	0.848306	0.997936	0.848306	0.997935	0.848305	0.997977	0.848305	0.997934	0.848305	0.998101	0.848305	0.997930	0.869825	0.000361	0.846601	0.003084	1356621415.904645	0.999989	50.811074	37.033762	7.683159	0.846053	0.998201	0.846060	0.998036	0.846053	0.998198	0.846053	0.998197	0.846053	0.998197	0.850737	0.000110	0.842615	0.000846	0.846050	0.998199	
1356621416.904496	1.000000	50.803558	37.152725	4.639221	0.846486	0.998292	0.846486	0.998291	0.846487	0.998289	0.846486	0.998287	0.846485	0.998286	0.846486	0.998286	0.847153	0.003369	0.847386	0.002437	1356621416.904629	0.999984	50.806582	37.030041	7.672562	0.844689	0.997783	0.844690	0.997781	0.844690	0.997781	0.844690	0.997779	0.844690	0.997777	0.835432	0.000077	0.839308	0.000023	0.844693	0.997777	
1356621417.904496	1.000000	50.805740	37.162170	4.686813	0.846230	0.998587	0.846230	0.998585	0.846230	0.998585	0.846230	0.998583	0.846231	0.998582	0.846230	0.998583	0.847292	0.006310	0.852111	0.000156	1356621417.904629	1.000000	50.756180	37.003555	7.797195	0.843880	0.997852	0.843880	0.997850	0.843880	0.997848	0.843880	0.997847	0.843880	0.997845	0.848130	0.000367	0.845695	0.000051	0.843880	0.997845	
1356621418.904496	1.000000	50.811539	37.164368	4.681885	0.845577	0.998252	0.845578	0.998250	0.845577	0.998249	0.845577	0.998249	0.845577	0.998247	0.845577	0.998247	0.846697	0.006331	0.846243	0.000174	1356621418.904621	0.999992	50.808548	37.040171	7.802035	0.844088	0.998062	0.844088	0.998059	0.844088	0.998060	0.844088	0.998060	0.844088	0.998059	0.845445	0.000039	0.842259	0.000009	0.844088	0.998058	
1356621419.904496	1.000000	50.805359	37.148239	4.646973	0.845699	0.997432	0.845698	0.998001	0.845699	0.997999	0.845699	0.997998	0.845699	0.997425	0.845699	0.997996	0.844235	0.001856	0.847402	0.004841	1356621419.904632	1.000011	50.808357	37.025976	7.713722	0.843020	0.997053	0.843020	0.997058	0.843019	0.997035	0.843019	0.997031	0.843021	0.997598	0.844691	0.000378	0.842871	0.000275	0.843021	0.997597	
1356621420.904496	1.000000	50.806442	37.161652	4.662170	0.846059	0.997134	0.846060	0.997822	0.846059	0.997817	0.846059	0.997133	0.846058	0.997814	0.846059	0.997813	0.841834	0.000357	0.849117	0.004648	1356621420.904631	0.999999	50.806704	37.033467	7.787651	0.842974	0.997428	0.842974	0.997424	0.842974	0.997426	0.842974	0.997422	0.842973	0.997419	0.845527	0.000061	0.836328	0.000009	0.842974	0.997420	
1356621421.904496	1.000000	50.805450	37.155136	4.606476	0.847270	0.998241	0.847269	0.998238	0.847270	0.998236	0.847270	0.998239	0.847270	0.998233	0.847270	0.998236	0.843702	0.002333	0.846210	0.000195	1356621421.904632	1.000001	50.810071	37.036036	7.682640	0.842759	0.997422	0.842759	0.997420	0.842759	0.997417	0.842759	0.997414	0.842759	0.997415	0.841505	0.000382	0.837822	0.000082	0.842756	0.997412	
1356621422.904496	1.000000	50.806412	37.151489	4.679031	0.847189	0.998149	0.847189	0.998147	0.847189	0.998146	0.847189	0.998144	0.847189	0.998142	0.847190	0.998140	0.848108	0.003988	0.846426	0.000173	1356621422.904629	0.999997	50.807317	37.023140	7.792184	0.842380	0.997332	0.842380	0.997331	0.842380	0.997328	0.842380	0.997327	0.842380	0.997325	0.830559	0.000093	0.841740	0.000043	0.842383	0.997325	
1356621423.904496	1.000000	50.750748	37.100861	4.646790	0.848782	0.997960	0.848782	0.997960	0.848782	0.997958	0.848782	0.997957	0.848782	0.997956	0.848782	0.997953	0.852316	0.000279	0.846014	0.000167	1356621423.904637	1.000008	50.800049	37.003545	7.688765	0.842538	0.997702	0.842538	0.997698	0.842539	0.997698	0.842539	0.997696	0.842536	0.996946	0.847354	0.000110	0.849964	0.000051	0.842541	0.997696	
1356621424.904496	1.000000	50.804993	37.153549	4.584900	0.848784	0.998149	0.848784	0.998148	0.848785	0.998148	0.848784	0.998148	0.848784	0.998145	0.848784	0.998142	0.846708	0.002163	0.840481	0.000181	1356621424.904626	0.999989	50.813820	37.046274	7.604988	0.843879	0.997822	0.843879	0.997819	0.843878	0.997818	0.843878	0.997817	0.843878	0.997814	0.829323	0.002537	0.864838	0.000008	0.843875	0.997816	
1356621425.904496	1.000000	50.809494	37.137802	4.708954	0.847237	0.998088	0.847236	0.998087	0.847236	0.998083	0.847236	0.998081	0.847235	0.998081	0.847234	0.998079	0.847191	0.004563	0.846902	0.000508	1356621425.904634	1.000008	50.806854	36.993749	7.835065	0.845022	0.997908	0.845021	0.997905	0.845021	0.997902	0.845021	0.997901	0.845021	0.997902	0.845606	0.000101	0.846492	0.000058	0.845021	0.997902	
1356621426.904496	1.000000	50.801971	37.137054	4.712006	0.849217	0.997606	0.849218	0.997602	0.849217	0.997599	0.849218	0.997598	0.849218	0.997597	0.849219	0.997594	0.848375	0.001303	0.845183	0.000177	1356621426.904630	0.999996	50.807304	37.008954	7.793641	0.845185	0.998279	0.845185	0.998277	0.845185	0.998277	0.845185	0.998274	0.845185	0.998274	0.830166	0.000068	0.840451	0.000007	0.845185	0.998274	
1356621427.904496	1.000000	50.804993	37.129822	4.661072	0.850111	0.997659	0.850110	0.997657	0.850110	0.997654	0.850110	0.997653	0.850110	0.997651	0.850111	0.997649	0.845536	0.000256	0.846171	0.000167	1356621427.904630	1.000000	50.808990	37.003952	7.762009	0.844283	0.997740	0.844283	0.997738	0.844283	0.997737	0.844282	0.997734	0.844282	0.997733	0.859987	0.000117	0.813709	0.000063	0.844280	0.997734	
1356621428.904496	1.000000	50.802338	37.125534	4.625595	0.849227	0.997052	0.849228	0.997048	0.849227	0.997168	0.849226	0.997573	0.849226	0.997571	0.849227	0.997043	0.848201	0.002166	0.851104	0.000178	1356621428.904627	0.999997	50.804006	37.003639	7.646905	0.844222	0.997681	0.844222	0.997677	0.844222	0.997676	0.844222	0.997673	0.844222	0.997672	0.843798	0.000067	0.826342	0.000009	0.844225	0.997676	
1356621429.904496	1.000000	50.803894	37.129944	4.615082	0.846990	0.997990	0.846990	0.997984	0.846989	0.997983	0.846989	0.997983	0.846989	0.997981	0.846989	0.997979	0.848372	0.006229	0.851467	0.000156	1356621429.904636	1.000009	50.807584	37.014756	7.668708	0.844300	0.997649	0.844301	0.997646	0.844301	0.997645	0.844301	0.997644	0.844300	0.997643	0.846281	0.000150	0.846388	0.000056	0.844300	0.997644	
1356621430.904496	1.000000	50.804398	37.121292	4.682556	0.846978	0.998167	0.846977	0.998163	0.846978	0.998164	0.846978	0.998160	0.846978	0.998159	0.846978	0.998158	0.847408	0.006342	0.841763	0.000517	1356621430.904630	0.999994	50.809202	37.000129	7.752060	0.843217	0.997636	0.843217	0.997634	0.843217	0.997632	0.843217	0.997638	0.843217	0.997628	0.845243	0.000062	0.841165	0.000009	0.843217	0.997636	
1356621431.904496	1.000000	35.895065	22.421066	3.349930	0.861126	0.556709	0.861161	0.556647	0.861132	0.556668	0.861141	0.556640	0.861140	0.556593	0.861160	0.556513	0.844626	0.003797	0.692168	0.000314	1356621431.904913	1.000283	41.530666	28.091629	4.802611	0.857605	0.556369	0.857604	0.556341	0.857608	0.556341	0.857607	0.556330	0.857596	0.556265	0.911443	0.000164	0.975577	0.000088	0.920611	0.998993	
1356621432.904496	1.000000	715779049.427551	715822986.765839	715799394.011017	0.999950	1.000881	0.999947	1.000884	0.999951	1.000893	0.999949	1.000879	0.999951	1.000890	0.999951	1.000873	0.999951	1.000889	0.999949	1.000878	1356621432.904590	0.999677	715994630.518173	716053460.364474	716000073.839253	0.999950	1.000882	0.999947	1.000883	3.895706	0.256910	0.999949	1.000876	0.999951	1.000887	0.999952	1.000876	0.999949	1.000879	0.999951	1.000888	
1356621433.904495	0.999999	0.000000	0.000000	0.000000	-nan	-nan	-nan	-nan	1.000008	inf	-nan	-nan	-nan	0.000000	-nan	-nan	-nan	-nan	-nan	-nan	1356621433.904571	0.999981	0.000000	0.000000	0.000000	-nan	-nan	-nan	-nan	1.345745	inf	-nan	-nan	-nan	-nan	-nan	-nan	-nan	-nan	-nan	-nan	
