ts_0	elapsed_0	pkg_0	pp0_0	dram_0	freq_ratio_0_0	c0_ratio_0_0	freq_ratio_0_1	c0_ratio_0_1	freq_ratio_0_2	c0_ratio_0_2	freq_ratio_0_3	c0_ratio_0_3	freq_ratio_0_4	c0_ratio_0_4	freq_ratio_0_5	c0_ratio_0_5	freq_ratio_0_6	c0_ratio_0_6	freq_ratio_0_7	c0_ratio_0_7	ts_1	elapsed_1	pkg_1	pp0_1	dram_1	freq_ratio_1_0	c0_ratio_1_0	freq_ratio_1_1	c0_ratio_1_1	freq_ratio_1_2	c0_ratio_1_2	freq_ratio_1_3	c0_ratio_1_3	freq_ratio_1_4	c0_ratio_1_4	freq_ratio_1_5	c0_ratio_1_5	freq_ratio_1_6	c0_ratio_1_6	freq_ratio_1_7	c0_ratio_1_7	
1352519121.097535	1.001429	39.439838	25.919807	4.880035	0.999897	0.949514	0.999553	0.634503	0.999995	0.617095	0.999560	0.008894	0.999153	0.004722	0.998969	0.003529	0.991602	0.006065	0.999309	0.004763	1352519121.097641	1.000388	37.340664	24.010873	4.277378	0.999387	0.632034	0.999579	0.631694	0.999919	0.614213	0.999961	0.613172	0.995748	0.006312	0.963835	0.005222	0.989050	0.003503	0.999927	0.412784	
1352519122.097513	0.999978	47.161313	33.548954	6.041347	1.000000	0.964829	1.000000	0.964981	1.000000	0.964343	0.999962	0.014781	1.000019	0.011755	1.000011	0.006104	1.000079	0.009697	0.999943	0.008169	1352519122.097612	0.999971	47.970512	34.568144	6.008064	1.000000	0.964459	1.000000	0.964364	1.000000	0.964360	1.000000	0.964370	1.000042	0.004095	0.999985	0.009903	0.999958	0.005390	1.000000	0.501716	
1352519123.097521	1.000008	46.866655	33.265111	5.798400	0.999999	0.947814	1.000000	0.948077	0.999999	0.947379	0.999874	0.012560	1.000111	0.007450	0.999862	0.006672	0.999827	0.007844	0.999940	0.005940	1352519123.097612	1.000000	47.259109	33.892822	5.348419	1.000000	0.947469	1.000000	0.947409	1.000000	0.947373	1.000000	0.947433	1.000000	0.005660	0.995023	0.006414	0.999933	0.004427	0.999973	0.583619	
1352519124.097514	0.999993	46.405915	32.819776	6.029079	1.000001	0.943434	1.000000	0.943675	1.000001	0.942651	0.999957	0.013709	1.000080	0.009834	0.999978	0.011964	1.000099	0.007582	1.000016	0.007759	1352519124.097659	1.000047	47.441864	34.033039	6.039023	1.000000	0.942867	1.000000	0.942706	1.000000	0.942736	1.000000	0.942723	0.999963	0.006126	0.999950	0.009927	0.999949	0.005423	1.000000	0.491086	
1352519125.097522	1.000008	46.975724	33.328740	6.050259	0.999999	0.942280	0.999999	0.942542	1.000000	0.941686	0.999959	0.013582	0.999972	0.011655	0.999908	0.006566	0.999951	0.006430	0.999870	0.006327	1352519125.097622	0.999963	47.080063	33.683740	6.041514	1.000000	0.941830	1.000000	0.941692	1.000000	0.941690	1.000000	0.941721	0.999969	0.003926	0.999974	0.006653	0.999964	0.005100	1.000000	0.477655	
1352519126.097531	1.000009	46.825519	33.194829	6.052542	1.000001	0.971639	1.000000	0.971633	1.000000	0.971159	0.999945	0.016475	1.000046	0.012020	0.999991	0.010070	1.000010	0.007469	1.000094	0.006135	1352519126.097660	1.000038	47.839556	34.431114	6.035233	1.000000	0.971262	1.000000	0.971172	1.000000	0.971172	1.000000	0.971186	0.999954	0.003073	0.999975	0.009320	0.999948	0.005411	1.000000	0.499617	
1352519127.097533	1.000002	46.802676	33.166258	6.036289	1.000000	0.948826	1.000000	0.948949	1.000000	0.948115	1.000010	0.013125	0.999994	0.009834	0.999955	0.011792	0.999855	0.007657	1.000023	0.006036	1352519127.097614	0.999954	47.157733	33.744503	6.058064	1.000000	0.948263	1.000000	0.948135	1.000000	0.948127	1.000000	0.948154	0.999968	0.003688	0.999966	0.008740	0.999944	0.005270	1.000000	0.487518	
1352519128.097513	0.999980	45.516353	31.876966	6.042479	1.000000	0.961362	1.000000	0.961515	1.000000	0.960884	0.999987	0.014121	0.999959	0.013999	0.999951	0.010053	1.000095	0.008729	0.999923	0.005750	1352519128.097657	1.000043	47.606661	34.192548	6.038056	1.000000	0.961028	1.000000	0.960904	1.000000	0.960910	1.000000	0.960918	1.000166	0.006870	1.000002	0.008786	0.999964	0.005917	0.999998	0.486959	
1352519129.097519	1.000006	47.517112	33.881954	6.042155	1.000000	0.967335	1.000000	0.967508	1.000000	0.967025	1.000008	0.065329	1.000017	0.066516	0.999977	0.014458	1.000005	0.047110	1.000042	0.005050	1352519129.097571	0.999914	47.829693	34.423419	6.019073	0.999999	0.967134	1.000000	0.967052	0.999999	0.967037	1.000000	0.967077	0.999990	0.189923	0.999996	0.125940	0.999952	0.019164	0.999996	0.397105	
1352519130.097516	0.999997	47.625651	33.987074	6.037174	1.000000	0.955604	0.999999	0.955781	0.999999	0.955057	0.999860	0.015280	0.999966	0.011796	0.999961	0.011219	0.999909	0.005093	0.999886	0.003934	1352519130.097653	1.000082	47.179572	33.771934	6.033792	1.000000	0.955172	1.000001	0.955071	1.000001	0.955087	1.000000	0.955098	1.000065	0.004984	1.000002	0.494573	1.000013	0.007670	1.000364	0.002840	
1352519131.097529	1.000013	46.821163	33.193534	6.053525	1.000000	0.970899	1.000000	0.971134	1.000000	0.970608	0.999960	0.016264	1.000075	0.012053	0.999947	0.012818	1.000048	0.005916	0.999996	0.003645	1352519131.097609	0.999956	48.437210	35.028767	6.020682	1.000000	0.970716	1.000000	0.970634	1.000000	0.970623	1.000000	0.970657	0.999968	0.005247	0.999999	0.495129	0.999969	0.007998	0.999965	0.002277	
1352519132.097514	0.999985	47.238411	33.598558	6.049346	1.000000	0.959342	1.000000	0.959553	1.000000	0.958927	0.999950	0.015567	1.000015	0.012952	0.999958	0.011704	0.999980	0.006453	0.999967	0.003143	1352519132.097602	0.999993	46.116515	32.708219	6.061230	1.000000	0.959057	1.000000	0.958943	1.000000	0.958938	1.000000	0.958958	0.999976	0.006083	0.999999	0.481269	0.999958	0.008148	0.999978	0.002816	
1352519133.097513	0.999999	46.398238	32.763901	6.041510	1.000000	0.964919	1.000000	0.964985	1.000000	0.964518	0.999953	0.014749	1.000003	0.014805	0.999954	0.010129	0.999983	0.007005	0.999968	0.003175	1352519133.097598	0.999996	47.566294	34.168031	6.056818	1.000000	0.964605	1.000000	0.964527	1.000000	0.964522	1.000000	0.964536	0.999984	0.005311	0.999999	0.469688	0.999957	0.006354	0.999959	0.002147	
1352519134.097526	1.000013	46.655241	33.017618	6.047009	1.000000	0.948726	1.000000	0.948856	0.999999	0.948057	0.999913	0.015569	0.999930	0.014753	0.999923	0.012424	0.999927	0.009785	0.999894	0.003143	1352519134.097687	1.000089	45.782565	32.389072	6.038770	1.000000	0.948226	1.000000	0.948074	1.000000	0.948078	1.000000	0.948094	1.000074	0.005657	0.999999	0.499160	0.999970	0.002932	0.999918	0.002772	
1352519135.097652	1.000126	48.261640	34.621832	6.036395	1.000000	0.960188	1.000000	0.952934	1.000000	0.956618	1.000000	0.322981	1.000008	0.092634	0.999986	0.021165	0.999996	0.058761	0.999803	0.003032	1352519135.097798	1.000111	44.874516	31.470197	6.032685	1.000000	0.956783	1.000000	0.956695	1.000000	0.956675	1.000000	0.956695	0.999970	0.019628	0.999980	0.003591	0.999954	0.003349	1.000073	0.002758	
1352519136.098617	1.000965	49.200852	35.556382	6.048697	1.000001	0.967123	1.000001	0.967158	1.000001	0.966659	1.000003	0.338686	1.000004	0.176788	0.999981	0.015988	1.000014	0.009661	1.000080	0.011042	1352519136.098765	1.000967	43.272699	29.875437	6.023381	0.999999	0.966832	0.999999	0.966726	0.999999	0.966723	0.999999	0.966745	0.999931	0.007168	0.999455	0.004070	0.999844	0.003411	0.999793	0.003317	
1352519137.097523	0.998906	716558392.081134	716565742.588524	716596986.412099	0.999983	1.000516	0.999981	1.000520	0.999983	1.000525	0.999983	1.000516	0.999983	1.000520	0.999986	1.000514	0.999983	1.000520	0.999983	1.000517	1352519137.097616	0.998851	716617430.834600	716621004.015850	716627584.258185	0.999983	1.000517	0.999981	1.000519	3.893485	0.256970	0.999983	1.000517	0.999983	1.000520	0.999986	1.000514	0.999983	1.000520	0.999983	1.000517	
1352519138.097506	0.999983	0.000000	0.000000	0.000000	-nan	-nan	-nan	-nan	1.000008	inf	-nan	-nan	-nan	0.000000	-nan	-nan	-nan	-nan	-nan	-nan	1352519138.097577	0.999961	0.000000	0.000000	0.000000	-nan	-nan	-nan	-nan	1.345746	inf	-nan	-nan	-nan	-nan	-nan	-nan	-nan	-nan	-nan	-nan	
