ts_0	elapsed_0	pkg_0	pp0_0	dram_0	freq_ratio_0_0	c0_ratio_0_0	freq_ratio_0_1	c0_ratio_0_1	freq_ratio_0_2	c0_ratio_0_2	freq_ratio_0_3	c0_ratio_0_3	freq_ratio_0_4	c0_ratio_0_4	freq_ratio_0_5	c0_ratio_0_5	freq_ratio_0_6	c0_ratio_0_6	freq_ratio_0_7	c0_ratio_0_7	ts_1	elapsed_1	pkg_1	pp0_1	dram_1	freq_ratio_1_0	c0_ratio_1_0	freq_ratio_1_1	c0_ratio_1_1	freq_ratio_1_2	c0_ratio_1_2	freq_ratio_1_3	c0_ratio_1_3	freq_ratio_1_4	c0_ratio_1_4	freq_ratio_1_5	c0_ratio_1_5	freq_ratio_1_6	c0_ratio_1_6	freq_ratio_1_7	c0_ratio_1_7	
1352519121.086921	1.001401	41.084898	27.741988	3.638549	0.999995	0.621574	0.999601	0.951447	0.999996	0.619073	0.999998	0.618763	0.999674	0.005815	0.999357	0.005213	0.994616	0.006139	0.996839	0.005089	1352519121.087029	1.000360	35.905729	22.602047	2.841033	0.999356	0.621251	0.999959	0.619671	0.999955	0.619870	0.995911	0.006212	0.971612	0.007095	0.985321	0.001576	0.996252	0.003063	0.999971	0.406669	
1352519122.086923	1.000002	49.439099	36.024528	4.548057	1.000000	0.965134	1.000000	0.965360	1.000000	0.964708	1.000000	0.964702	1.000006	0.012708	0.999957	0.010008	1.000001	0.008218	0.999971	0.007308	1352519122.086975	0.999946	47.227368	33.841179	3.723360	1.000000	0.964834	1.000000	0.964747	1.000000	0.964701	1.000016	0.010995	1.000024	0.014418	0.999899	0.002422	0.999978	0.004318	0.999999	0.505445	
1352519123.086939	1.000016	49.084818	35.677058	4.281594	0.999964	0.917403	0.999933	0.917540	0.999999	0.916693	0.999999	0.916676	0.999864	0.011185	0.999932	0.008083	0.999892	0.006545	0.999899	0.005319	1352519123.087056	1.000081	46.966514	33.601341	3.350558	1.000000	0.916848	1.000001	0.916745	1.000000	0.916694	0.998255	0.009351	0.997996	0.009040	1.000103	0.002165	0.993905	0.003249	0.999976	0.577972	
1352519124.086927	0.999988	50.173343	36.734492	4.559701	1.000000	0.965529	1.000000	0.965741	1.000000	0.965114	1.000000	0.965111	0.999999	0.012447	0.999969	0.012461	0.999958	0.008593	0.999973	0.007409	1352519124.087044	0.999988	47.164899	33.770025	3.723052	1.000000	0.965231	1.000000	0.965158	1.000000	0.965100	0.999906	0.010808	0.999971	0.008818	0.999976	0.004657	0.999967	0.004552	1.000000	0.499108	
1352519125.087069	1.000142	48.227659	34.791321	4.500657	1.000000	0.940495	1.000001	0.940724	1.000001	0.939822	1.000001	0.939812	1.000008	0.257220	0.999994	0.051886	0.999996	0.019611	0.999943	0.008537	1352519125.087163	1.000119	43.923180	30.528854	3.755809	0.999999	0.938145	1.000000	0.939856	0.999999	0.939833	1.000000	0.049170	0.999989	0.088057	0.999998	0.025050	0.999871	0.005239	0.999608	0.005347	
1352519126.086921	0.999852	50.771174	37.312531	4.801813	1.000000	0.970974	1.000000	0.972013	1.000000	0.971557	1.000000	0.971558	1.000000	0.343292	1.000004	0.161615	0.999967	0.010605	1.000038	0.006629	1352519126.086993	0.999830	43.457522	30.020072	3.824884	1.000000	0.971687	1.000000	0.971618	1.000000	0.971619	0.999953	0.011604	0.999981	0.012989	0.999959	0.006300	0.999973	0.005940	0.999706	0.003531	
1352519127.086932	1.000011	51.016515	37.579025	4.769036	1.000000	0.951372	1.000000	0.951700	1.000000	0.950828	1.000000	0.950815	1.000001	0.264206	0.999996	0.205808	0.999978	0.024869	1.000032	0.004727	1352519127.087011	1.000018	44.346344	30.912518	3.815331	1.000000	0.915668	1.000000	0.950870	1.000000	0.950876	0.999992	0.022910	0.999997	0.058861	1.000007	0.009627	1.000030	0.005358	1.000142	0.003384	
1352519128.086925	0.999993	50.162487	36.721552	4.825503	1.000000	0.962299	1.000000	0.962887	1.000000	0.962152	1.000000	0.962144	1.000000	0.257503	1.000003	0.229237	0.999942	0.008889	0.999798	0.005380	1352519128.087020	1.000009	45.618895	32.189985	3.816036	0.999940	0.017482	1.000000	0.962220	1.000000	0.962163	0.999956	0.011306	1.000000	0.962206	0.999938	0.006900	0.999916	0.005005	0.999929	0.002468	
1352519129.086922	0.999997	47.759502	34.329010	4.615127	1.000000	0.967412	1.000000	0.967700	1.000000	0.967107	1.000000	0.967099	1.000007	0.018935	1.000001	0.280729	0.999940	0.005285	1.000023	0.003518	1352519129.087037	1.000017	47.142268	33.733056	3.763272	0.999969	0.029760	1.000000	0.967147	1.000000	0.967134	0.999993	0.044218	1.000000	0.967342	1.000000	0.137556	0.999994	0.023401	0.999730	0.001923	
1352519130.086921	0.999999	48.982438	35.543201	4.771596	1.000000	0.958918	1.000000	0.959259	1.000000	0.958469	1.000000	0.958461	1.000018	0.009781	0.999999	0.483564	0.999935	0.005123	0.999902	0.002786	1352519130.087015	0.999978	45.175292	31.768153	3.803169	0.999946	0.017603	1.000000	0.958502	1.000000	0.958483	0.999979	0.014301	1.000000	0.958493	0.999988	0.009238	0.999986	0.004700	1.000199	0.002570	
1352519131.086922	1.000001	50.426694	36.984920	4.807277	1.000000	0.951469	1.000000	0.951746	1.000000	0.950850	0.999999	0.950837	0.999920	0.015478	1.000002	0.502675	0.999931	0.004537	0.999871	0.002761	1352519131.087038	1.000023	46.304345	32.875697	3.806538	0.999933	0.017034	0.999999	0.950895	1.000000	0.950872	0.999982	0.011477	1.000000	0.950871	0.999963	0.009283	1.000017	0.004279	0.999993	0.002982	
1352519132.086917	0.999995	48.737335	35.313547	4.780236	1.000000	0.937705	1.000000	0.938047	1.000000	0.936900	1.000001	0.936889	1.000020	0.010477	1.000000	0.491020	0.999932	0.005240	0.999915	0.002827	1352519132.087006	0.999968	45.277509	31.853175	3.805587	0.999941	0.017120	1.000000	0.937006	1.000000	0.936936	0.999906	0.014504	1.000000	0.937011	1.000050	0.007431	0.999959	0.004727	0.999972	0.002773	
1352519133.086929	1.000012	48.865415	35.461766	4.636755	1.000000	0.995559	1.000000	0.995565	1.000000	0.995476	1.000000	0.995471	1.000015	0.012213	0.999999	0.490080	0.999932	0.004859	0.999914	0.002536	1352519133.087051	1.000045	45.589315	32.172745	3.775159	0.999950	0.017068	1.000000	0.995491	1.000000	0.995479	1.000044	0.012443	1.000000	0.995498	0.999992	0.009405	0.999958	0.004572	0.999826	0.002895	
1352519134.086922	0.999993	49.305944	35.880757	4.787265	1.000000	0.948041	1.000000	0.948328	1.000000	0.947326	1.000000	0.947312	1.000002	0.204005	1.000000	0.299177	0.999933	0.005133	0.999904	0.002833	1352519134.087046	0.999995	45.571716	32.145013	3.796253	0.999066	0.016953	1.000000	0.947406	1.000000	0.947370	0.996693	0.013603	1.000000	0.947399	0.999212	0.010272	0.998346	0.004666	0.999943	0.002835	
1352519135.086936	1.000014	48.205239	34.794555	4.636531	1.000000	0.961743	1.000000	0.961900	1.000000	0.961200	1.000000	0.961190	1.000003	0.323912	0.999719	0.007303	0.999941	0.005275	0.999905	0.002836	1352519135.087046	1.000000	45.517548	32.107391	3.769241	1.000005	0.270447	1.000000	0.742617	1.000000	0.961203	0.999985	0.062525	1.000000	0.961231	1.000005	0.034406	1.000008	0.065342	1.000014	0.002713	
1352519136.086924	0.999988	48.782930	35.363184	4.722026	0.999999	0.970440	0.999999	0.970686	0.999998	0.970172	0.999998	0.970160	0.999996	0.416880	1.000015	0.012677	0.999972	0.046068	0.999821	0.006055	1352519136.087067	1.000021	45.302059	31.888918	3.792370	1.000000	0.970315	0.999983	0.044113	1.000000	0.970207	1.000033	0.016377	1.000001	0.970213	1.000066	0.019219	0.999987	0.010029	1.000050	0.009637	
1352519137.087071	1.000147	715686478.542172	715708648.156111	715706690.538948	0.999987	1.000543	0.999985	1.000546	0.999987	1.000551	0.999987	1.000544	0.999987	1.000546	0.999990	1.000541	0.999987	1.000547	0.999987	1.000544	1352519137.087167	1.000100	715748772.131599	715694022.600812	715707603.860962	0.999987	1.000543	0.999985	1.000546	3.893216	0.256995	0.999987	1.000544	0.999987	1.000547	0.999990	1.000541	0.999987	1.000546	0.999987	1.000544	
1352519138.087059	0.999988	0.000000	0.000000	0.000000	-nan	-nan	-nan	-nan	1.000008	inf	-nan	-nan	-nan	0.000000	-nan	-nan	-nan	-nan	-nan	-nan	1352519138.087141	0.999974	0.000000	0.000000	0.000000	-nan	-nan	-nan	-nan	1.345745	inf	-nan	-nan	-nan	-nan	-nan	-nan	-nan	-nan	-nan	-nan	
