ts_0	elapsed_0	pkg_0	pp0_0	dram_0	freq_ratio_0_0	c0_ratio_0_0	freq_ratio_0_1	c0_ratio_0_1	freq_ratio_0_2	c0_ratio_0_2	freq_ratio_0_3	c0_ratio_0_3	freq_ratio_0_4	c0_ratio_0_4	freq_ratio_0_5	c0_ratio_0_5	freq_ratio_0_6	c0_ratio_0_6	freq_ratio_0_7	c0_ratio_0_7	ts_1	elapsed_1	pkg_1	pp0_1	dram_1	freq_ratio_1_0	c0_ratio_1_0	freq_ratio_1_1	c0_ratio_1_1	freq_ratio_1_2	c0_ratio_1_2	freq_ratio_1_3	c0_ratio_1_3	freq_ratio_1_4	c0_ratio_1_4	freq_ratio_1_5	c0_ratio_1_5	freq_ratio_1_6	c0_ratio_1_6	freq_ratio_1_7	c0_ratio_1_7	
1356624858.827207	1.001931	76.487819	62.162773	7.603573	1.155504	0.257500	1.154015	0.253092	1.154260	0.254012	1.153935	0.251653	1.153798	0.250885	1.154837	0.253504	1.154079	0.250549	1.155070	0.253424	1356624858.827279	1.000329	73.896463	59.966796	7.594791	0.999983	0.969292	1.000001	0.968939	0.999980	0.968570	1.000001	0.968337	1.000001	0.968320	0.999980	0.967636	1.000001	0.967690	1.000003	0.969806	
1356624859.827202	0.999995	78.468029	64.148591	7.888803	1.000000	1.000000	1.000000	1.000000	1.000000	1.000000	1.000000	1.000000	1.000000	0.999999	1.000000	1.000000	1.000000	0.999999	1.000000	1.000000	1356624859.827268	0.999989	75.852867	61.912514	7.621177	1.000000	1.000000	1.000000	1.000000	1.000000	1.000000	1.000000	1.000000	1.000000	1.000000	1.000000	1.000000	1.000000	1.000000	1.000000	1.000000	
1356624860.827201	0.999999	78.641875	64.288513	7.870689	1.000001	1.000000	0.999999	1.000000	1.000000	0.999999	1.000000	1.000000	1.000000	1.000000	1.000000	1.000000	1.000000	1.000000	1.000000	1.000000	1356624860.827270	1.000002	76.025658	62.081394	7.699235	1.000000	1.000000	1.000000	1.000000	1.000000	1.000000	1.000000	1.000000	1.000000	1.000000	1.000000	1.000000	1.000000	1.000000	1.000000	1.000000	
1356624861.827201	1.000000	78.775101	64.359177	7.880905	1.000000	1.000000	1.000001	1.000001	1.000000	1.000001	1.000000	0.999460	1.000000	0.999460	1.000000	1.000000	1.000000	1.000001	1.000000	0.999441	1356624861.827263	0.999993	76.068122	62.098376	7.846139	1.000000	0.999464	1.000000	1.000000	1.000000	1.000000	1.000000	1.000000	1.000000	1.000000	1.000000	1.000000	1.000000	1.000000	1.000000	1.000000	
1356624862.827201	1.000000	78.775253	64.396835	7.899506	1.000000	1.000000	0.999999	0.999999	1.000000	0.999999	1.000000	0.999679	0.999999	1.000000	0.999999	1.000000	0.999999	0.999716	1.000000	1.000000	1356624862.827275	1.000012	75.751264	61.809017	7.642579	1.000000	1.000000	1.000000	1.000000	1.000000	1.000000	1.000000	1.000000	1.000000	1.000000	1.000000	1.000000	1.000000	1.000000	1.000000	1.000000	
1356624863.827201	1.000000	78.894501	64.514343	7.912003	1.000000	1.000000	1.000000	1.000001	1.000000	1.000001	1.000000	1.000000	1.000001	1.000000	1.000000	1.000000	1.000001	1.000001	1.000001	1.000000	1356624863.827265	0.999990	75.627909	61.693336	7.846377	1.000000	1.000000	1.000000	1.000000	1.000000	1.000000	1.000000	1.000000	1.000000	1.000000	1.000000	1.000000	1.000000	1.000000	1.000000	1.000000	
1356624864.827201	1.000000	78.845154	64.545105	7.975784	1.000000	1.000000	1.000000	1.000000	1.000000	1.000000	1.000000	1.000000	1.000000	1.000000	1.000000	1.000000	1.000000	1.000000	1.000000	1.000000	1356624864.827266	1.000001	75.767781	61.861437	7.572472	1.000000	1.000000	1.000000	1.000000	1.000000	1.000000	1.000000	1.000000	1.000000	1.000000	1.000000	1.000000	1.000000	1.000000	1.000000	1.000000	
1356624865.827201	1.000000	78.869781	64.554413	7.821396	1.000000	1.000000	1.000000	1.000000	1.000000	1.000000	1.000000	1.000000	1.000000	1.000000	1.000000	1.000000	1.000000	1.000000	1.000000	1.000000	1356624865.827271	1.000005	75.841020	61.903453	7.644279	1.000000	1.000000	1.000000	1.000000	1.000000	1.000000	1.000000	1.000000	1.000000	1.000000	1.000000	1.000000	1.000000	1.000000	1.000000	1.000000	
1356624866.827201	1.000000	78.863525	64.496094	7.901978	1.000000	1.000000	1.000000	1.000000	1.000000	1.000000	1.000000	1.000000	1.000000	1.000000	1.000000	1.000001	1.000000	1.000000	1.000000	1.000000	1356624866.827264	0.999993	75.953559	61.967286	7.841485	1.000000	1.000000	1.000000	1.000000	1.000000	1.000000	1.000000	1.000000	1.000000	1.000000	1.000000	1.000000	1.000000	1.000000	1.000000	1.000000	
1356624867.827201	1.000000	78.830826	64.519501	7.884399	1.000000	1.000000	1.000000	0.999999	1.000000	0.999999	1.000000	1.000000	0.999999	1.000000	1.000000	0.999999	1.000000	1.000000	1.000000	1.000000	1356624867.827272	1.000008	75.914836	61.970063	7.703063	1.000000	1.000000	1.000000	1.000000	1.000000	1.000000	1.000000	1.000000	1.000000	1.000000	1.000000	1.000000	1.000000	1.000000	1.000000	1.000000	
1356624868.827201	1.000000	78.749680	64.394699	7.925934	1.000000	1.000000	1.000000	1.000001	1.000000	1.000001	1.000000	1.000000	1.000001	1.000000	1.000000	1.000000	1.000000	0.999999	1.000000	1.000000	1356624868.827267	0.999995	75.993789	62.003988	7.714242	1.000000	1.000000	1.000000	1.000000	1.000000	1.000000	1.000000	1.000000	1.000000	1.000000	1.000000	1.000000	1.000000	1.000000	1.000000	1.000000	
1356624869.827201	1.000000	78.563614	64.239517	7.873627	1.000000	1.000000	1.000000	1.000000	1.000000	1.000000	1.000000	1.000000	1.000000	1.000001	1.000000	1.000000	1.000000	1.000001	1.000001	1.000000	1356624869.827262	0.999995	75.976073	62.021886	7.775231	1.000000	1.000000	1.000000	1.000000	1.000000	1.000000	1.000000	1.000000	1.000000	1.000000	1.000000	1.000000	1.000000	1.000000	1.000000	1.000000	
1356624870.827202	1.000001	78.463151	64.132645	7.783486	1.000000	0.999539	1.000000	0.999535	0.999999	0.999534	1.000000	0.999535	1.000001	0.999520	1.000000	0.999514	0.999999	0.999535	1.000000	0.999501	1356624870.827267	1.000005	76.010041	62.045649	7.695137	1.000000	0.999533	1.000000	0.999547	1.000000	0.999498	1.000000	1.000000	1.000000	0.999561	1.000000	0.999515	1.000000	0.999589	1.000000	0.999574	
1356624871.827201	0.999999	78.439253	64.127304	7.889992	1.000000	1.000000	1.000000	1.000000	1.000000	1.000000	1.000000	1.000000	1.000000	1.000000	1.000000	1.000000	1.000000	1.000000	1.000000	1.000000	1356624871.827267	1.000000	76.025146	62.078751	7.801193	1.000000	1.000000	1.000000	1.000000	1.000000	1.000000	1.000000	1.000000	1.000000	1.000000	1.000000	1.000000	1.000000	1.000000	1.000000	1.000000	
1356624872.827201	1.000000	78.490799	64.130173	7.850494	1.000000	1.000000	1.000000	1.000000	1.000000	1.000000	1.000000	1.000000	1.000000	1.000000	1.000000	1.000000	1.000000	1.000000	1.000000	1.000000	1356624872.827263	0.999996	76.055240	62.069938	7.685761	1.000000	1.000000	1.000000	1.000000	1.000000	1.000000	1.000000	1.000000	1.000000	1.000000	1.000000	1.000000	1.000000	1.000000	1.000000	1.000000	
1356624873.827201	1.000000	78.562637	64.179245	7.927795	1.000000	1.000000	1.000000	1.000000	1.000000	0.999999	1.000000	0.999999	1.000000	1.000000	0.999999	0.999999	1.000000	0.999999	1.000000	1.000000	1356624873.827273	1.000010	76.021761	62.034215	7.831129	1.000000	1.000000	1.000000	1.000000	1.000000	1.000000	1.000000	1.000000	1.000000	1.000000	1.000000	1.000000	1.000000	1.000000	1.000000	1.000000	
1356624874.827201	1.000000	78.544724	64.264481	7.860916	1.000000	1.000000	1.000000	1.000000	1.000000	1.000000	1.000001	1.000000	1.000000	1.000000	1.000000	1.000000	1.000000	1.000001	1.000001	1.000000	1356624874.827262	0.999989	76.066188	62.142405	7.468099	1.000000	1.000000	1.000000	1.000000	1.000000	1.000000	1.000000	1.000000	1.000000	1.000000	1.000000	1.000000	1.000000	1.000000	1.000000	1.000000	
1356624875.827201	1.000000	78.706482	64.299652	7.952057	1.000000	0.999999	1.000000	1.000000	1.000000	1.000000	1.000000	1.000000	1.000000	1.000000	1.000000	1.000000	1.000000	1.000000	0.999999	1.000000	1356624875.827267	1.000005	76.208923	62.185953	7.826713	1.000000	1.000000	1.000000	1.000000	1.000000	1.000000	1.000000	1.000000	1.000000	1.000000	1.000000	1.000000	1.000000	1.000000	1.000000	1.000000	
1356624876.827202	1.000001	78.590684	64.226776	7.915367	1.000000	0.999953	1.000000	0.999909	1.000000	0.999949	1.000000	0.999910	1.000000	0.999905	1.000000	1.000000	1.000000	0.999951	1.000000	0.999908	1356624876.827270	1.000003	76.186043	62.192221	7.795233	1.000000	0.999975	1.000000	0.999991	1.000000	0.999915	1.000000	0.999913	1.000000	0.999949	1.000000	0.999950	1.000000	0.999949	1.000000	0.999983	
1356624877.827201	0.999999	78.778640	64.357010	7.839378	1.000000	1.000000	1.000000	1.000000	1.000000	1.000000	1.000000	1.000000	1.000000	1.000001	1.000000	1.000000	1.000000	1.000000	1.000000	1.000000	1356624877.827269	0.999999	76.240536	62.210524	7.902306	1.000000	1.000000	1.000000	1.000000	1.000000	1.000000	1.000000	1.000000	1.000000	1.000000	1.000000	1.000000	1.000000	1.000000	1.000000	1.000000	
1356624878.827201	1.000000	78.783081	64.411453	7.863480	1.000000	1.000000	1.000000	1.000001	1.000000	1.000000	1.000000	1.000000	1.000000	1.000000	1.000000	1.000000	0.999999	1.000000	1.000000	1.000001	1356624878.827263	0.999994	76.259808	62.269994	7.755631	1.000000	1.000000	1.000000	1.000000	1.000000	1.000000	1.000000	1.000000	1.000000	1.000000	1.000000	1.000000	1.000000	1.000000	1.000000	1.000000	
1356624879.827201	1.000000	78.800674	64.440994	7.802139	1.000000	1.000000	1.000000	0.999999	1.000000	1.000000	1.000000	1.000000	1.000000	1.000000	1.000000	1.000000	1.000000	1.000000	1.000000	0.999999	1356624879.827269	1.000006	76.255176	62.270366	7.720932	1.000000	1.000000	1.000000	0.999804	1.000000	1.000000	1.000000	1.000000	1.000000	0.999625	1.000000	0.999624	1.000000	1.000000	1.000000	1.000000	
1356624880.827202	1.000001	55.834282	41.830420	5.894770	0.999860	0.635339	0.999973	0.635018	0.999994	0.634947	0.999992	0.634919	0.999971	0.634925	1.000000	0.634862	1.000001	0.634841	1.000000	0.634819	1356624880.827560	1.000291	58.906421	45.182556	5.860339	0.999999	0.634807	0.999999	0.634751	0.999999	0.634733	0.999999	0.634712	0.999999	0.634696	0.999999	0.634675	0.999999	0.634705	1.000000	1.000000	
1356624881.827202	1.000000	17.821457	4.447708	2.558945	0.721760	0.001336	0.674572	0.000333	0.934516	0.000054	0.795282	0.000102	0.834454	0.000104	0.639331	0.000096	1.002545	0.000043	0.634711	0.000023	1356624881.827452	0.999892	28.759774	15.498241	2.714374	1.000074	0.000052	0.999964	0.000065	0.999959	0.000028	1.000026	0.000073	0.999896	0.000019	1.000008	0.000092	1.000044	0.000070	1.000000	1.000000	
1356624882.827202	1.000000	715797468.910797	715804496.721848	715785450.333405	0.999952	1.000894	0.999951	1.000902	0.999953	1.000906	0.999953	1.000901	0.999954	1.000905	0.999955	1.000897	0.999954	1.000905	0.999953	1.000899	1356624882.827307	0.999855	715925593.597079	715924530.597514	715924523.135525	0.999953	1.000896	0.999950	1.000900	3.895564	0.256924	0.999953	1.000898	0.999954	1.000906	0.999955	1.000897	0.999953	1.000903	0.999953	1.000902	
1356624883.827245	1.000043	0.000000	0.000000	0.000000	-nan	-nan	-nan	-nan	1.000008	inf	-nan	-nan	-nan	0.000000	-nan	-nan	-nan	-nan	-nan	-nan	1356624883.827325	1.000018	0.000000	0.000000	0.000000	-nan	-nan	-nan	-nan	1.345745	inf	-nan	-nan	-nan	-nan	-nan	-nan	-nan	-nan	-nan	-nan	
