ts_0	elapsed_0	pkg_0	pp0_0	dram_0	freq_ratio_0_0	c0_ratio_0_0	freq_ratio_0_1	c0_ratio_0_1	freq_ratio_0_2	c0_ratio_0_2	freq_ratio_0_3	c0_ratio_0_3	freq_ratio_0_4	c0_ratio_0_4	freq_ratio_0_5	c0_ratio_0_5	freq_ratio_0_6	c0_ratio_0_6	freq_ratio_0_7	c0_ratio_0_7	ts_1	elapsed_1	pkg_1	pp0_1	dram_1	freq_ratio_1_0	c0_ratio_1_0	freq_ratio_1_1	c0_ratio_1_1	freq_ratio_1_2	c0_ratio_1_2	freq_ratio_1_3	c0_ratio_1_3	freq_ratio_1_4	c0_ratio_1_4	freq_ratio_1_5	c0_ratio_1_5	freq_ratio_1_6	c0_ratio_1_6	freq_ratio_1_7	c0_ratio_1_7	
1356716589.857634	1.001749	65.344694	52.127546	6.057840	1.192461	0.966109	1.194489	0.992847	1.197227	0.007934	1.191809	0.004265	1.192297	0.963411	1.192292	0.963349	1.216965	0.000200	1.192291	0.957463	1356716589.857839	1.000657	76.948142	63.587795	4.935920	1.153738	0.966090	1.153826	0.965842	1.149244	0.008005	1.153833	0.965710	1.153792	0.965817	1.153819	0.965732	1.153858	0.958108	1.153810	0.966889	
1356716590.857630	0.999996	66.368372	53.138887	6.109095	1.192302	0.999931	1.192302	0.999931	1.192108	0.004904	1.187903	0.000060	1.192302	0.999932	1.192302	0.999932	1.169079	0.000059	1.192302	0.999932	1356716590.857828	0.999989	78.966610	65.614611	4.940163	1.153846	1.000000	1.153846	1.000000	1.154222	0.000129	1.153846	1.000000	1.153846	1.000000	1.153846	1.000000	1.153846	1.000000	1.153846	1.000000	
1356716591.857631	1.000001	66.896649	53.671046	6.101709	1.181115	0.999910	1.181115	0.999910	1.156498	0.004669	1.156073	0.002715	1.181114	0.999921	1.181114	0.999921	1.153671	0.002489	1.181113	0.999909	1356716591.857766	0.999938	79.113684	65.749178	3.599817	1.153846	1.000000	1.153846	1.000000	1.153839	0.003243	1.153846	1.000000	1.153846	1.000000	1.153846	1.000000	1.153846	1.000000	1.153846	1.000000	
1356716592.857630	0.999999	66.143923	52.938481	6.102911	1.192301	0.999932	1.192301	0.999932	1.191795	0.002153	1.191180	0.001264	1.192301	0.999921	1.192301	0.999921	1.202635	0.000046	1.192302	0.999932	1356716592.857829	1.000063	79.199300	65.832618	4.005134	1.153846	1.000000	1.153846	1.000000	1.154038	0.000122	1.153846	1.000000	1.153846	1.000000	1.153846	1.000000	1.153846	1.000000	1.153846	1.000000	
1356716593.857630	1.000000	65.917480	52.715759	6.109039	1.192301	0.990083	1.192273	0.990129	1.174791	0.004394	1.188360	0.000275	1.192302	0.990080	1.192302	0.990079	1.191659	0.000011	1.192302	0.990076	1356716593.857831	1.000002	79.323900	65.949169	4.595816	1.153846	1.000000	1.153846	1.000000	1.153672	0.000119	1.153846	1.000000	1.153846	1.000000	1.153846	1.000000	1.153846	1.000000	1.153846	1.000000	
1356716594.857630	1.000000	66.332260	53.129150	6.115234	1.192306	0.999978	1.192306	0.999978	1.192212	0.004556	1.193421	0.000031	1.192306	0.999978	1.192306	0.999978	1.192737	0.000088	1.192306	0.999978	1356716594.857828	0.999997	79.481814	66.102225	4.679092	1.153846	1.000000	1.153846	1.000000	1.153742	0.000133	1.153846	1.000000	1.153846	1.000000	1.153846	1.000000	1.153846	1.000000	1.153846	1.000000	
1356716595.857630	1.000000	66.186539	52.983200	6.096741	1.192304	0.999955	1.192304	0.999955	1.192317	0.003075	1.187453	0.000064	1.192304	0.999955	1.192304	0.999955	1.186553	0.000007	1.192304	0.999955	1356716595.857822	0.999994	79.494004	66.104871	3.992898	1.153846	1.000000	1.153846	1.000000	1.153840	0.000147	1.153846	1.000000	1.153846	1.000000	1.153846	1.000000	1.153846	1.000000	1.153846	1.000000	
1356716596.857630	1.000000	66.736786	53.532166	6.115204	1.192301	0.999932	1.192302	0.999932	1.191374	0.002117	1.192175	0.006554	1.192302	0.999933	1.192302	0.999933	1.192812	0.000050	1.192302	0.999932	1356716596.857831	1.000009	79.619060	66.218272	5.059219	1.153846	1.000000	1.153846	1.000000	1.153942	0.000098	1.153846	1.000000	1.153846	1.000000	1.153846	1.000000	1.153846	1.000000	1.153846	1.000000	
1356716597.857630	1.000000	68.152496	54.944351	6.096741	1.192277	0.999641	1.192277	0.999640	1.185136	0.001379	1.192232	0.005739	1.192278	0.999650	1.192277	0.999650	1.171334	0.000011	1.192276	0.999651	1356716597.857746	0.999915	79.744916	66.339112	5.185881	1.153846	1.000000	1.153846	1.000000	1.153732	0.000098	1.153846	1.000000	1.153846	1.000000	1.153846	1.000000	1.153846	1.000000	1.153846	1.000000	
1356716598.857630	1.000000	67.562286	54.366714	6.096741	1.192285	0.999749	1.192285	0.999748	1.192331	0.003858	1.192227	0.005199	1.192285	0.999749	1.192285	0.999748	1.190032	0.000120	1.192285	0.999749	1356716598.857750	1.000004	79.806973	66.401098	5.630760	1.153846	1.000000	1.153846	1.000000	1.153848	0.000103	1.153846	1.000000	1.153846	1.000000	1.153846	1.000000	1.153846	1.000000	1.153846	1.000000	
1356716599.857631	1.000001	715826392.571235	715820220.112080	715794420.786723	0.999943	1.000850	0.999942	1.000859	0.999952	1.000856	0.999944	1.000852	0.999944	1.000856	0.999946	1.000851	0.999944	1.000857	0.999944	1.000854	1356716599.857710	0.999960	715829005.388918	715831454.710138	715855220.509977	0.999943	1.000851	0.999942	1.000857	3.896218	0.256866	0.999944	1.000855	0.999944	1.000855	0.999947	1.000853	0.999943	1.000854	0.999945	1.000857	
1356716600.857692	1.000061	0.000000	0.000000	0.000000	-nan	-nan	-nan	-nan	0.000000	inf	-nan	-nan	-nan	0.000000	-nan	-nan	-nan	-nan	-nan	-nan	1356716600.857752	1.000042	0.000000	0.000000	0.000000	-nan	-nan	-nan	-nan	0.000000	inf	-nan	-nan	-nan	-nan	-nan	-nan	-nan	-nan	-nan	-nan	
1356716601.857863	1.000171	0.000000	0.000000	0.000000	-nan	-nan	-nan	-nan	0.000000	inf	-nan	-nan	-nan	0.000000	-nan	-nan	-nan	-nan	-nan	-nan	1356716601.857926	1.000174	0.000000	0.000000	0.000000	-nan	-nan	-nan	-nan	inf	-nan	-nan	-nan	-nan	-nan	-nan	-nan	-nan	-nan	-nan	-nan	
