ts_0	elapsed_0	pkg_0	pp0_0	dram_0	freq_ratio_0_0	c0_ratio_0_0	freq_ratio_0_1	c0_ratio_0_1	freq_ratio_0_2	c0_ratio_0_2	freq_ratio_0_3	c0_ratio_0_3	freq_ratio_0_4	c0_ratio_0_4	freq_ratio_0_5	c0_ratio_0_5	freq_ratio_0_6	c0_ratio_0_6	freq_ratio_0_7	c0_ratio_0_7	ts_1	elapsed_1	pkg_1	pp0_1	dram_1	freq_ratio_1_0	c0_ratio_1_0	freq_ratio_1_1	c0_ratio_1_1	freq_ratio_1_2	c0_ratio_1_2	freq_ratio_1_3	c0_ratio_1_3	freq_ratio_1_4	c0_ratio_1_4	freq_ratio_1_5	c0_ratio_1_5	freq_ratio_1_6	c0_ratio_1_6	freq_ratio_1_7	c0_ratio_1_7	
1352519027.537939	1.050900	53.501506	40.054111	5.314760	0.999647	0.742717	0.999502	0.742379	0.999998	0.740058	0.999980	0.741863	0.999960	0.726818	0.999969	0.722420	0.999987	0.722769	0.999998	0.718866	1352519027.537998	1.000276	54.416556	41.124754	4.442621	1.000000	0.779378	0.999980	0.890433	1.000000	0.773460	1.000000	0.768520	1.000000	0.773207	1.000000	0.768466	1.000000	0.768358	0.999723	0.620102	
1352519028.537936	0.999997	63.923294	50.337421	5.996707	1.000000	0.956186	1.000000	0.955970	1.000000	0.955529	1.000000	0.955499	1.000000	0.955384	1.000000	0.955467	1.000000	0.955446	1.000000	0.955340	1352519028.537982	0.999984	60.292818	46.906816	5.946064	1.000000	0.955456	1.000000	0.955316	1.000000	0.955274	1.000000	0.955227	1.000000	0.955277	1.000000	0.955230	1.000000	0.955293	0.999998	0.533421	
1352519029.537930	0.999994	62.679146	49.126025	5.795597	1.000000	0.915840	1.000000	0.915254	1.000000	0.914513	1.000000	0.914412	1.000000	0.914263	1.000000	0.914376	1.000000	0.914317	1.000000	0.914212	1352519029.537977	0.999995	59.906031	46.561085	5.222789	1.000000	0.914312	1.000000	0.914085	1.000000	0.914055	1.000000	0.914018	1.000000	0.914086	1.000000	0.914072	1.000000	0.914053	0.999949	0.687886	
1352519030.537931	1.000001	65.156493	51.549359	5.973246	1.000000	0.989088	1.000000	0.988977	1.000000	0.988804	1.000000	0.988782	1.000000	0.988652	1.000000	0.988788	1.000000	0.988717	1.000000	0.988690	1352519030.537977	1.000000	61.633255	48.205841	5.918549	1.000000	0.988778	1.000000	0.988729	1.000000	0.988644	1.000000	0.988716	1.000000	0.988640	1.000000	0.988630	1.000000	0.988640	0.999998	0.543576	
1352519031.537930	0.999999	62.092665	48.558899	5.737753	0.999998	0.892379	1.000000	0.892029	0.999999	0.891289	0.999999	0.891154	0.999999	0.891032	0.999999	0.891152	0.999999	0.891074	0.999999	0.891024	1352519031.537996	1.000019	59.191132	45.818111	5.117578	1.000000	0.891096	1.000001	0.890874	1.000001	0.890855	1.000001	0.890827	1.000001	0.890834	1.000001	0.890827	1.000001	0.890845	0.999918	0.598675	
1352519032.537938	1.000008	63.250143	49.670450	5.969831	1.000000	0.925217	1.000000	0.924819	1.000000	0.924109	1.000000	0.923925	1.000000	0.923753	1.000000	0.923995	1.000000	0.923883	1.000000	0.923829	1352519032.537999	1.000003	59.611922	46.194055	5.902371	1.000000	0.923852	1.000000	0.923699	1.000000	0.923643	1.000000	0.923621	1.000000	0.923635	1.000000	0.923646	1.000000	0.923628	0.999999	0.467511	
1352519033.537933	0.999995	62.494911	48.976274	5.919814	1.000000	0.905644	1.000000	0.905001	1.000000	0.904123	1.000000	0.903978	1.000000	0.903819	1.000000	0.904010	1.000000	0.903886	1.000000	0.903830	1352519033.538000	1.000001	59.285817	45.910723	5.402796	1.000000	0.903917	1.000000	0.903651	1.000000	0.903618	1.000000	0.903605	1.000000	0.903625	1.000000	0.903613	1.000000	0.903616	0.999999	0.510745	
1352519034.537931	0.999998	63.473311	49.927021	6.005932	1.000000	0.930729	1.000000	0.930205	1.000000	0.929571	1.000000	0.929565	1.000000	0.929411	1.000000	0.929513	1.000000	0.929480	1.000000	0.929423	1352519034.538002	1.000002	60.007011	46.605853	5.544270	1.000000	0.929451	1.000000	0.929264	1.000000	0.929263	1.000000	0.929244	1.000000	0.929281	1.000000	0.929265	1.000000	0.929384	0.999999	0.513172	
1352519035.537940	1.000009	63.685718	50.125934	5.994819	1.000000	0.933158	1.000000	0.932648	1.000000	0.931985	1.000000	0.931814	1.000000	0.931678	1.000000	0.931827	1.000000	0.931747	1.000000	0.931689	1352519035.538002	1.000000	59.896957	46.496429	5.942490	1.000000	0.931775	1.000000	0.931555	1.000000	0.931535	1.000000	0.931523	1.000000	0.931552	1.000000	0.931535	1.000000	0.931529	0.999999	0.442684	
1352519036.537941	1.000001	61.928438	48.417770	5.750727	0.999968	0.889437	0.999924	0.889267	0.999988	0.888581	0.999996	0.888351	0.999994	0.888116	0.999987	0.888344	0.999988	0.888232	0.999988	0.888180	1352519036.538003	1.000001	59.312932	45.933184	5.051600	1.000000	0.888254	1.000000	0.888001	1.000000	0.887955	1.000000	0.887969	1.000000	0.887948	1.000000	0.887902	1.000000	0.887988	0.999839	0.661689	
1352519037.537931	0.999990	64.286502	50.718022	5.984984	1.000000	0.954702	0.999999	0.954546	1.000000	0.954164	1.000000	0.954026	1.000000	0.953951	1.000000	0.954024	1.000000	0.954000	1.000000	0.953952	1352519037.537999	0.999996	60.637499	47.214883	5.930902	1.000000	0.954006	1.000000	0.953874	1.000000	0.953851	1.000000	0.953843	1.000000	0.953870	1.000000	0.953857	1.000000	0.953846	1.000000	0.463419	
1352519038.537939	1.000008	64.393735	50.823456	5.958188	1.000000	0.967907	1.000000	0.967806	1.000000	0.967583	1.000000	0.967440	1.000000	0.967308	1.000000	0.967450	1.000000	0.967402	1.000000	0.967407	1352519038.538004	1.000005	61.236220	47.812688	5.699770	1.000000	0.967434	1.000000	0.967372	1.000000	0.967314	1.000000	0.967347	1.000000	0.967334	1.000000	0.967308	1.000000	0.967368	1.000000	0.553488	
1352519039.537940	1.000001	63.687561	50.114958	5.981394	1.000000	0.941305	1.000000	0.941137	1.000000	0.940673	1.000000	0.940530	1.000000	0.940397	1.000000	0.940539	1.000000	0.940508	1.000000	0.940428	1352519039.538001	0.999997	60.382710	46.955147	5.962116	1.000000	0.940552	1.000000	0.940333	1.000000	0.940316	1.000000	0.940298	1.000000	0.940313	1.000000	0.940301	1.000000	0.940313	1.000000	0.464815	
1352519040.537940	1.000000	55.427567	41.906723	5.337738	0.999736	0.766115	0.999721	0.765773	0.999919	0.765290	0.999867	0.765254	0.999917	0.765133	0.999881	0.765240	0.999815	0.765288	0.999950	0.765089	1352519040.538004	1.000003	54.565550	41.189203	4.907028	1.000000	0.765279	1.000000	0.765272	1.000000	0.765207	1.000000	0.765138	1.000000	0.765134	1.000000	0.765092	1.000000	0.765133	0.999972	0.662025	
1352519041.537943	1.000003	62.940555	49.365646	5.988202	0.999922	0.925815	0.999853	0.925537	0.999994	0.924609	0.999996	0.924529	0.999996	0.924282	0.999996	0.924455	0.999996	0.924402	0.999996	0.924326	1352519041.538011	1.000007	59.410676	45.987826	5.903905	0.999902	0.931839	1.000000	0.924181	1.000000	0.924072	1.000000	0.924132	1.000000	0.924035	1.000000	0.924030	1.000000	0.924074	0.999568	0.436596	
1352519042.537939	0.999996	64.037644	50.477362	5.970575	1.000000	0.965896	1.000000	0.965793	1.000000	0.965549	1.000000	0.965440	1.000000	0.965302	1.000000	0.965357	1.000000	0.965384	1.000000	0.965398	1352519042.538001	0.999990	60.821272	47.411089	5.870863	1.000000	0.965425	1.000000	0.965349	1.000000	0.965236	1.000000	0.965344	1.000000	0.965250	1.000000	0.965252	1.000000	0.965383	0.999999	0.490502	
1352519043.537943	1.000004	715762176.549772	715816261.734764	715809454.430842	0.999987	1.000540	0.999984	1.000542	0.999994	1.000540	0.999987	1.000539	0.999987	1.000543	0.999989	1.000536	0.999987	1.000543	0.999987	1.000539	1352519043.538040	1.000039	715753026.326462	715741046.761775	715739350.007135	0.999987	1.000539	0.999984	1.000542	3.893252	0.256992	0.999987	1.000539	0.999987	1.000543	0.999989	1.000537	0.999987	1.000541	0.999987	1.000540	
1352519044.537925	0.999982	0.000000	0.000000	0.000000	-nan	-nan	-nan	-nan	8.000000	inf	-nan	-nan	-nan	0.000000	-nan	-nan	-nan	-nan	-nan	-nan	1352519044.538004	0.999964	0.000000	0.000000	0.000000	-nan	-nan	-nan	-nan	0.000000	inf	-nan	-nan	-nan	-nan	-nan	-nan	-nan	-nan	-nan	-nan	
