ts_0	elapsed_0	pkg_0	pp0_0	dram_0	freq_ratio_0_0	c0_ratio_0_0	freq_ratio_0_1	c0_ratio_0_1	freq_ratio_0_2	c0_ratio_0_2	freq_ratio_0_3	c0_ratio_0_3	freq_ratio_0_4	c0_ratio_0_4	freq_ratio_0_5	c0_ratio_0_5	freq_ratio_0_6	c0_ratio_0_6	freq_ratio_0_7	c0_ratio_0_7	ts_1	elapsed_1	pkg_1	pp0_1	dram_1	freq_ratio_1_0	c0_ratio_1_0	freq_ratio_1_1	c0_ratio_1_1	freq_ratio_1_2	c0_ratio_1_2	freq_ratio_1_3	c0_ratio_1_3	freq_ratio_1_4	c0_ratio_1_4	freq_ratio_1_5	c0_ratio_1_5	freq_ratio_1_6	c0_ratio_1_6	freq_ratio_1_7	c0_ratio_1_7	
1356626699.544160	1.001789	46.512366	33.278581	3.617795	1.154984	0.465592	1.154096	0.458952	1.154318	0.458734	1.155253	0.468858	1.154370	0.461309	1.154609	0.463710	1.154907	0.461365	1.154499	0.462589	1356626699.544285	1.000377	47.256952	34.076358	2.941854	0.999971	0.662930	0.999974	0.662694	1.000001	0.646343	0.999972	0.649404	1.001856	0.000093	0.635176	0.000049	1.000001	0.658538	0.999985	0.965546	
1356626700.544153	0.999993	44.936285	31.701223	3.787349	0.999289	0.645657	0.999981	0.643249	0.999965	0.643270	0.999982	0.643247	0.999932	0.643340	0.999946	0.643324	1.000016	0.000362	0.999682	0.000072	1356626700.544274	0.999989	45.947129	32.765145	2.973345	1.000000	0.643356	1.000000	0.643331	1.000000	0.643257	1.000000	0.643283	1.000526	0.000164	0.988982	0.000045	1.000000	0.643300	1.000000	1.000000	
1356626701.544158	1.000005	56.779882	43.550456	4.265451	0.999897	0.971725	1.000000	0.971040	1.000000	0.971039	1.000000	0.971037	1.000000	0.971075	1.000000	0.971074	1.000203	0.000540	1.003966	0.000068	1356626701.544278	1.000004	55.715640	42.527629	2.991916	1.000000	0.971076	1.000000	0.971061	1.000000	0.971030	1.000000	0.971044	0.999966	0.000497	1.002492	0.000259	1.000000	0.971028	1.000000	1.000000	
1356626702.544152	0.999994	57.894724	44.664542	4.365657	1.000000	1.000000	1.000000	1.000000	1.000000	1.000000	1.000000	1.000000	1.000000	1.000000	0.999999	1.000000	0.999774	0.000581	1.000119	0.000091	1356626702.544280	1.000002	56.708769	43.508035	2.886301	1.000000	1.000000	1.000000	1.000000	1.000000	1.000000	1.000000	1.000000	1.000183	0.000239	1.000464	0.000061	1.000000	1.000000	1.000000	1.000000	
1356626703.544158	1.000006	53.658463	40.417560	4.274465	0.999850	0.876253	1.000000	0.874917	1.000000	0.874917	1.000000	0.874915	1.000000	0.875112	1.000001	0.874939	0.999987	0.000581	0.996561	0.000061	1356626703.544277	0.999997	53.540052	40.327716	3.279994	1.000000	0.874953	1.000000	0.874937	1.000000	0.874920	1.000000	0.874919	1.000000	0.076573	0.997448	0.000266	1.000000	0.874903	1.000000	1.000000	
1356626704.544159	1.000001	54.709573	41.470023	4.062588	0.999916	0.892666	1.000000	0.891334	1.000000	0.891321	1.000000	0.891320	1.000000	0.891367	1.000000	0.891352	1.000020	0.000467	1.000139	0.000086	1356626704.544278	1.000001	53.916086	40.710365	2.914579	1.000000	0.891368	1.000000	0.891354	1.000000	0.891330	1.000000	0.891324	0.999995	0.002411	0.999106	0.000090	1.000000	0.891329	1.000000	1.000000	
1356626705.544152	0.999993	51.647131	38.399207	4.041028	0.999926	0.803679	1.000000	0.800985	1.000000	0.800982	1.000000	0.800979	1.000000	0.801056	1.000000	0.801026	0.999965	0.000642	0.999950	0.000061	1356626705.544272	0.999994	51.258469	38.041319	3.112674	1.000000	0.801061	1.000000	0.801033	1.000000	0.800964	1.000000	0.800993	1.000067	0.000208	1.013785	0.000051	1.000000	0.800963	1.000000	1.000000	
1356626706.544162	1.000010	56.588423	43.347527	4.101491	0.999983	0.947430	1.000000	0.946599	1.000000	0.946586	1.000000	0.946599	1.000000	0.946632	1.000000	0.946619	1.000341	0.000562	1.002478	0.000082	1356626706.544279	1.000007	55.517210	42.306241	2.948313	1.000000	0.946629	1.000000	0.946628	1.000000	0.946597	1.000000	0.946595	1.000004	0.000576	1.000209	0.000072	1.000000	0.946580	1.000000	1.000000	
1356626707.544159	0.999997	715814788.170743	715825550.127027	715776474.419607	0.999913	1.000644	0.999912	1.000654	0.999922	1.000652	0.999912	1.000640	0.999914	1.000651	0.999916	1.000643	0.999914	1.000651	0.999914	1.000647	1356626707.544258	0.999979	715789564.871089	715809307.676041	715806989.580485	0.999913	1.000644	0.999911	1.000650	3.898217	0.256675	0.999912	1.000641	0.999915	1.000655	0.999916	1.000642	0.999915	1.000655	0.999913	1.000646	
1356626708.544152	0.999993	0.000000	0.000000	0.000000	-nan	-nan	-nan	-nan	0.000000	inf	-nan	-nan	-nan	0.000000	-nan	-nan	-nan	-nan	-nan	-nan	1356626708.544228	0.999970	0.000000	0.000000	0.000000	-nan	-nan	-nan	-nan	0.000000	inf	-nan	-nan	-nan	-nan	-nan	-nan	-nan	-nan	-nan	-nan	
