ts_0	elapsed_0	pkg_0	pp0_0	dram_0	freq_ratio_0_0	c0_ratio_0_0	freq_ratio_0_1	c0_ratio_0_1	freq_ratio_0_2	c0_ratio_0_2	freq_ratio_0_3	c0_ratio_0_3	freq_ratio_0_4	c0_ratio_0_4	freq_ratio_0_5	c0_ratio_0_5	freq_ratio_0_6	c0_ratio_0_6	freq_ratio_0_7	c0_ratio_0_7	ts_1	elapsed_1	pkg_1	pp0_1	dram_1	freq_ratio_1_0	c0_ratio_1_0	freq_ratio_1_1	c0_ratio_1_1	freq_ratio_1_2	c0_ratio_1_2	freq_ratio_1_3	c0_ratio_1_3	freq_ratio_1_4	c0_ratio_1_4	freq_ratio_1_5	c0_ratio_1_5	freq_ratio_1_6	c0_ratio_1_6	freq_ratio_1_7	c0_ratio_1_7	
1353355087.476247	1.024660	66.313821	52.687089	7.579105	1.159277	0.366678	1.156443	0.355957	1.157159	0.356570	1.159567	0.367732	1.156949	0.354666	1.159930	0.368610	1.157484	0.355739	1.159636	0.366352	1353355087.476338	1.000356	61.737545	48.290611	7.422788	0.999957	0.988764	0.999981	0.987940	0.999979	0.988266	1.000001	0.941670	0.999980	0.985542	1.000164	0.002195	0.833684	0.000125	0.999958	0.991671	
1353355088.476244	0.999997	64.710863	50.989034	8.040262	0.887865	0.995482	0.887865	0.995544	0.887866	0.995428	0.887866	0.995414	0.887867	0.995335	0.887867	0.995347	0.887868	0.995211	0.887868	0.995105	1353355088.476334	0.999996	64.052933	50.529761	8.174624	1.000000	0.999884	1.000000	1.000000	1.000000	0.999813	1.000000	0.999884	1.000000	0.999881	1.000039	0.005512	0.999830	0.000007	1.000000	0.999956	
1353355089.476245	1.000001	64.704559	50.990430	8.063179	0.888649	0.992031	0.888637	0.991981	0.888644	0.992046	0.888637	0.991976	0.888637	0.991972	0.888637	0.991968	0.888643	0.992018	0.888640	0.991917	1353355089.476334	1.000000	64.140823	50.606903	8.174759	1.000000	0.996301	1.000000	0.996260	1.000000	0.996191	1.000000	0.996224	1.000000	0.996221	0.999929	0.006180	1.000234	0.000077	1.000000	1.000000	
1353355090.476245	1.000000	64.704758	51.012314	8.045670	0.891012	0.992631	0.891003	0.992570	0.891008	0.992564	0.891002	0.992513	0.891002	0.992462	0.891002	0.992478	0.891016	0.992423	0.891014	0.992318	1353355090.476336	1.000002	63.889176	50.369594	8.157531	1.000000	0.996218	1.000000	0.996258	1.000000	0.996142	1.000000	0.996216	1.000000	0.996213	0.999977	0.005174	0.999943	0.000007	1.000000	0.999991	
1353355091.476244	0.999999	64.714341	51.026279	8.086586	0.889712	0.995968	0.889709	0.996034	0.889713	0.995963	0.889714	0.995930	0.889716	0.995902	0.889716	0.995897	0.889715	0.995857	0.889717	0.995775	1353355091.476333	0.999997	64.116425	50.586903	8.176829	1.000000	0.999911	1.000000	0.999991	1.000000	0.999874	1.000000	0.999897	1.000000	0.999894	0.999999	0.004636	0.998690	0.000517	1.000000	1.000000	
1353355092.476246	1.000002	64.698699	51.008036	8.038299	0.891419	0.991639	0.891446	0.991488	0.891451	0.991533	0.891445	0.991481	0.891451	0.991359	0.891451	0.991311	0.891455	0.991351	0.891454	0.991222	1353355092.476335	1.000002	63.903076	50.389034	8.165649	1.000000	0.995346	1.000000	0.995384	1.000000	0.995231	1.000000	0.995342	1.000000	0.995302	0.999945	0.002076	1.006693	0.000097	1.000000	1.000000	
1353355093.476245	0.999999	64.628235	50.922641	8.057045	0.950346	0.991064	0.950324	0.990632	0.950345	0.991040	0.950343	0.990974	0.950350	0.990738	0.950350	0.990735	0.950335	0.990503	0.894364	0.162811	1353355093.476364	1.000029	64.698771	51.172614	8.136330	0.941048	0.990847	0.941059	0.991029	0.941043	0.990768	0.941058	0.991024	0.941058	0.991019	0.974134	0.005129	0.929955	0.833979	0.941352	0.997031	
1353355094.476244	0.999999	64.654618	50.948153	8.039085	0.958251	0.996204	0.958252	0.996183	0.958250	0.996216	0.958252	0.996153	0.958252	0.996156	0.958252	0.996173	0.958250	0.996206	0.951627	0.001388	1353355094.476363	0.999999	64.683549	51.162265	8.158226	0.925372	0.995597	0.925372	0.995601	0.925374	0.995552	0.925351	0.996108	0.925351	0.996106	0.925774	0.004070	0.925374	0.995535	0.925351	0.996108	
1353355095.476258	1.000014	64.611167	50.905076	8.039453	0.958691	0.995297	0.958708	0.994711	0.958690	0.995257	0.958689	0.995226	0.958691	0.995252	0.958691	0.995247	0.958708	0.994791	0.948877	0.001550	1353355095.476368	1.000005	64.667706	51.162403	8.131612	0.926989	0.994852	0.926988	0.994826	0.926989	0.994833	0.926987	0.994805	0.926988	0.994792	0.925488	0.004050	0.926989	0.994772	0.927104	0.996349	
1353355096.476246	0.999988	64.688820	50.979093	8.068120	0.957568	0.996747	0.957568	0.996755	0.957567	0.996741	0.957566	0.996738	0.957566	0.996735	0.957567	0.996734	0.957567	0.996736	0.941974	0.001973	1353355096.476390	1.000022	64.694534	51.189185	8.120260	0.926487	0.996304	0.926487	0.996302	0.926487	0.996302	0.926486	0.996297	0.926486	0.996295	0.926880	0.002144	0.926482	0.996297	0.926481	0.996290	
1353355097.476243	0.999997	64.632753	50.920827	8.060236	0.958020	0.994308	0.958020	0.994157	0.958020	0.994266	0.958019	0.994228	0.958018	0.994224	0.958017	0.994214	0.958021	0.994216	0.948962	0.001540	1353355097.476359	0.999969	64.663549	51.156859	8.173944	0.925187	0.993567	0.925188	0.993562	0.925184	0.993532	0.925179	0.993552	0.925188	0.993540	0.926232	0.005336	0.925188	0.993526	0.925387	0.996168	
1353355098.476247	1.000004	64.651258	50.941032	8.057813	0.959132	0.993095	0.959119	0.992653	0.959130	0.993059	0.959128	0.993017	0.959128	0.993013	0.959128	0.993010	0.959121	0.992747	0.952207	0.001674	1353355098.476366	1.000007	64.683742	51.177747	8.143804	0.928022	0.992542	0.928022	0.992537	0.928019	0.992498	0.928030	0.992533	0.928021	0.992527	0.926400	0.002934	0.928016	0.992493	0.928290	0.996293	
1353355099.476257	1.000010	64.660394	50.944161	8.056270	0.956641	0.996648	0.956637	0.996560	0.956640	0.996644	0.956640	0.996640	0.956641	0.996639	0.956640	0.996637	0.956638	0.996578	0.950229	0.002208	1353355099.476398	1.000032	64.687051	51.179243	8.155913	0.926956	0.996320	0.926957	0.996316	0.926957	0.996317	0.926957	0.996314	0.926957	0.996308	0.934149	0.001466	0.926957	0.996310	0.926957	0.996313	
1353355100.476250	0.999993	64.604008	50.887406	8.052454	0.959092	0.990980	0.959088	0.990431	0.959102	0.991188	0.959093	0.990772	0.959092	0.990743	0.959093	0.990739	0.959091	0.990604	0.951455	0.002858	1353355100.476358	0.999960	64.658031	51.148579	8.143423	0.930576	0.990519	0.930596	0.990784	0.930571	0.990476	0.930594	0.990806	0.930596	0.990728	0.917975	0.000426	0.930596	0.990774	0.931003	0.996613	
1353355101.476246	0.999996	64.567004	50.890999	7.922411	0.956648	0.997333	0.956657	0.996736	0.956645	0.997326	0.956643	0.997324	0.956662	0.996879	0.956661	0.996901	0.956657	0.996790	0.953914	0.008760	1353355101.476372	1.000014	64.642600	51.156736	7.981821	0.934788	0.996582	0.934788	0.996583	0.934788	0.996578	0.934789	0.996579	0.934787	0.996574	0.942079	0.000882	0.934786	0.996576	0.934786	0.996571	
1353355102.476244	0.999998	64.647783	50.924047	8.071930	0.954486	0.996015	0.954485	0.995969	0.954488	0.995995	0.954488	0.995958	0.954484	0.995954	0.954484	0.995951	0.954486	0.995989	0.952165	0.004067	1353355102.476360	0.999988	64.604560	51.106139	8.147848	0.928175	0.995857	0.928175	0.995854	0.928172	0.995819	0.928175	0.995852	0.928175	0.995848	0.945645	0.000497	0.928172	0.995811	0.928224	0.996519	
1353355103.476251	1.000007	64.661678	50.940932	8.051611	0.957919	0.994104	0.957914	0.994001	0.957917	0.994085	0.957915	0.994045	0.957914	0.994018	0.957913	0.994016	0.957914	0.994050	0.926573	0.004599	1353355103.476374	1.000014	64.686514	51.176175	8.104790	0.928361	0.993922	0.928362	0.993913	0.928359	0.993880	0.928361	0.993914	0.928361	0.993902	0.926375	0.002515	0.928358	0.993868	0.928545	0.996463	
1353355104.476243	0.999992	64.637365	50.904145	8.047734	0.954646	0.996501	0.954647	0.996329	0.954648	0.996503	0.954651	0.996420	0.954652	0.996416	0.954652	0.996413	0.954650	0.996385	0.946545	0.001713	1353355104.476352	0.999978	64.667907	51.150277	8.160595	0.922971	0.996228	0.922972	0.996226	0.922972	0.996224	0.922972	0.996221	0.922973	0.996160	0.921406	0.005273	0.922975	0.996219	0.922975	0.996215	
1353355105.476249	1.000006	715791521.248017	715762531.466082	715803345.878403	0.999957	1.000471	0.999956	1.000482	0.999966	1.000479	0.999956	1.000470	0.999959	1.000483	0.999959	1.000467	0.999958	1.000482	0.999957	1.000471	1353355105.476358	1.000006	715819942.245255	715805721.489426	715820798.888862	0.999958	1.000478	0.999954	1.000473	3.895119	0.256847	0.999956	1.000467	0.999958	1.000481	0.999959	1.000469	0.999958	1.000482	0.999957	1.000472	
1353355106.476311	1.000062	0.000000	0.000000	0.000000	-nan	-nan	-nan	-nan	0.000000	inf	-nan	-nan	-nan	0.000000	-nan	-nan	-nan	-nan	-nan	-nan	1353355106.476397	1.000039	0.000000	0.000000	0.000000	-nan	-nan	-nan	-nan	0.000000	inf	-nan	-nan	-nan	-nan	-nan	-nan	-nan	-nan	-nan	-nan	
