ts_0	elapsed_0	pkg_0	pp0_0	dram_0	freq_ratio_0_0	c0_ratio_0_0	freq_ratio_0_1	c0_ratio_0_1	freq_ratio_0_2	c0_ratio_0_2	freq_ratio_0_3	c0_ratio_0_3	freq_ratio_0_4	c0_ratio_0_4	freq_ratio_0_5	c0_ratio_0_5	freq_ratio_0_6	c0_ratio_0_6	freq_ratio_0_7	c0_ratio_0_7	ts_1	elapsed_1	pkg_1	pp0_1	dram_1	freq_ratio_1_0	c0_ratio_1_0	freq_ratio_1_1	c0_ratio_1_1	freq_ratio_1_2	c0_ratio_1_2	freq_ratio_1_3	c0_ratio_1_3	freq_ratio_1_4	c0_ratio_1_4	freq_ratio_1_5	c0_ratio_1_5	freq_ratio_1_6	c0_ratio_1_6	freq_ratio_1_7	c0_ratio_1_7	
1353403349.199776	1.001937	50.981926	37.723183	5.620598	1.152472	0.753543	1.152559	0.755742	1.152916	0.758231	1.152247	0.759142	1.152156	0.758769	1.152497	0.758372	1.152671	0.756721	1.152773	0.758841	1353403349.199874	1.000372	42.627700	29.398627	2.173706	0.999898	0.925349	0.999932	0.708621	1.000001	0.708155	1.000006	0.542797	0.963153	0.000501	1.006097	0.000074	0.834897	0.000106	0.999855	0.709068	
1353403350.199758	0.999982	43.575044	30.332726	5.312854	0.998950	0.574086	1.000001	0.572129	1.000000	0.572217	1.000000	0.572235	1.000000	0.572159	0.999974	0.572174	1.000000	0.572156	0.854161	0.000525	1353403350.199846	0.999972	40.765496	27.524404	2.223908	1.000000	1.000000	1.000000	0.572221	1.000000	0.572140	1.000000	0.572255	1.000411	0.000105	0.999318	0.000011	0.998381	0.000012	1.000000	0.572219	
1353403351.199758	1.000000	59.917328	46.669907	6.064240	0.999996	0.948264	1.000000	0.947718	1.000000	0.947751	1.000000	0.947742	1.000000	0.947710	1.000000	0.947694	1.000000	0.947712	0.999955	0.000424	1353403351.199845	0.999999	49.299257	36.043385	2.233385	1.000000	1.000000	1.000000	0.947734	1.000000	0.947715	1.000000	0.947750	0.999995	0.000147	0.999983	0.000066	1.000216	0.000061	1.000000	0.947749	
1353403352.199758	1.000000	61.309418	48.069977	6.073364	1.000000	0.988783	1.000000	0.988449	1.000000	0.988478	1.000000	0.988479	1.000000	0.988434	1.000000	0.988434	1.000000	0.988432	0.999981	0.000680	1353403352.199844	0.999999	50.160448	36.903691	2.122698	1.000000	1.000000	1.000000	0.988469	1.000000	0.988449	1.000000	0.988467	0.999999	0.002322	1.001475	0.000012	0.999711	0.000012	1.000000	0.988482	
1353403353.199758	1.000000	59.302582	46.054321	6.052292	0.999883	0.921430	1.000000	0.920630	1.000000	0.920664	1.000000	0.920665	1.000000	0.920628	1.000000	0.920627	1.000000	0.920626	1.000021	0.000478	1353403353.199842	0.999998	48.923158	35.671897	2.157414	1.000000	1.000000	1.000000	0.920661	1.000000	0.920624	1.000000	0.920661	0.999953	0.000223	0.999891	0.000067	1.000147	0.000068	1.000000	0.920659	
1353403354.199758	1.000000	54.182648	40.926575	5.916840	0.999782	0.797591	1.000000	0.795553	1.000000	0.795649	1.000000	0.795632	1.000000	0.795553	1.000000	0.795550	1.000000	0.795567	0.963677	0.000433	1353403354.199845	1.000003	45.896968	32.635824	2.330285	1.000000	1.000000	1.000000	0.795626	1.000000	0.795549	1.000000	0.795623	1.000010	0.000473	1.001816	0.000012	1.001117	0.000012	1.000000	0.795620	
1353403355.199770	1.000012	56.671169	43.420671	6.006566	0.999634	0.882243	0.999999	0.756124	0.999986	0.880950	0.999974	0.880970	1.000000	0.880915	1.000000	0.880913	1.000000	0.880914	0.989554	0.003466	1353403355.199884	1.000039	48.740465	35.488221	2.229069	1.000000	1.000000	1.000000	0.880979	1.000000	0.880944	1.000000	0.880978	1.000000	0.003100	0.999991	0.003767	1.000004	0.127972	1.000000	0.881009	
1353403356.199758	0.999988	52.559953	39.302364	6.006816	0.999761	0.885616	0.999884	0.000248	1.000000	0.884651	1.000000	0.884659	1.000000	0.884614	1.000000	0.884614	1.000000	0.884632	0.999989	0.000255	1353403356.199878	0.999994	53.266858	40.001383	2.255766	1.000000	1.000000	1.000000	0.884656	1.000000	0.884621	1.000000	0.884654	1.000005	0.000084	1.000013	0.000058	1.000000	0.884643	1.000000	0.884654	
1353403357.199757	0.999999	715813339.841488	715796695.312675	715774141.792143	0.999982	1.000039	0.999979	1.000041	0.999989	1.000038	0.999982	1.000038	0.999982	1.000041	0.999984	1.000036	0.999982	1.000041	0.999982	1.000038	1353403357.199864	0.999986	715831780.416986	715810258.847342	715802585.226719	0.999980	1.000032	0.999979	1.000041	3.893621	0.256837	0.999982	1.000038	0.999982	1.000040	0.999984	1.000036	0.999982	1.000041	0.999982	1.000039	
1353403358.199898	1.000141	0.000000	0.000000	0.000000	-nan	-nan	-nan	-nan	0.000000	inf	-nan	-nan	-nan	0.000000	-nan	-nan	-nan	-nan	-nan	-nan	1353403358.199976	1.000112	0.000000	0.000000	0.000000	-nan	-nan	-nan	-nan	0.000000	inf	-nan	-nan	-nan	-nan	-nan	-nan	-nan	-nan	-nan	-nan	
