ts_0	elapsed_0	pkg_0	pp0_0	dram_0	freq_ratio_0_0	c0_ratio_0_0	freq_ratio_0_1	c0_ratio_0_1	freq_ratio_0_2	c0_ratio_0_2	freq_ratio_0_3	c0_ratio_0_3	freq_ratio_0_4	c0_ratio_0_4	freq_ratio_0_5	c0_ratio_0_5	freq_ratio_0_6	c0_ratio_0_6	freq_ratio_0_7	c0_ratio_0_7	ts_1	elapsed_1	pkg_1	pp0_1	dram_1	freq_ratio_1_0	c0_ratio_1_0	freq_ratio_1_1	c0_ratio_1_1	freq_ratio_1_2	c0_ratio_1_2	freq_ratio_1_3	c0_ratio_1_3	freq_ratio_1_4	c0_ratio_1_4	freq_ratio_1_5	c0_ratio_1_5	freq_ratio_1_6	c0_ratio_1_6	freq_ratio_1_7	c0_ratio_1_7	
1354697746.870136	1.001724	30.469032	17.169314	5.804355	1.155064	0.405307	1.153757	0.396933	1.154177	0.400306	1.154073	0.403744	1.152876	0.394506	1.156128	0.406888	1.153656	0.395701	1.155557	0.404392	1354697746.870381	1.000518	39.160589	25.733616	7.282558	0.999933	0.849364	0.999884	0.849352	0.910986	0.000709	0.931256	0.000344	0.626880	0.000051	1.010924	0.000032	0.700806	0.000119	0.999980	0.849725	
1354697747.870119	0.999983	30.535307	17.246798	6.109173	1.000574	0.000426	1.000000	1.000000	1.014256	0.000031	1.008927	0.000030	1.000998	0.000077	1.017867	0.000030	1.000351	0.000055	1.000974	0.000059	1354697747.870373	0.999992	43.165679	29.644726	8.107198	1.000000	1.000000	1.000000	1.000000	0.999617	0.000085	0.992994	0.000097	0.990244	0.000054	0.996360	0.000142	0.992600	0.000067	1.000000	1.000000	
1354697748.870119	1.000000	30.577789	17.274872	6.133728	1.000339	0.000596	1.000000	1.000000	1.000586	0.000073	1.000424	0.000095	1.000727	0.000114	0.999450	0.000050	0.999765	0.000066	0.998028	0.000099	1354697748.870373	1.000000	43.212204	29.684616	8.131302	1.000000	1.000000	1.000000	1.000000	1.000073	0.000138	1.005386	0.000126	1.016934	0.000029	1.024312	0.000021	1.009955	0.000051	1.000000	1.000000	
1354697749.870119	1.000000	36.862961	23.537262	6.109070	1.000000	0.993855	1.000000	1.000000	0.999919	0.000349	0.999197	0.000013	0.999286	0.000060	1.008711	0.000014	0.996377	0.000039	1.002061	0.000067	1354697749.870345	0.999972	36.603301	23.069323	8.093945	0.999909	0.005944	1.000000	1.000000	1.000067	0.000075	0.999743	0.000095	1.000505	0.000050	1.001026	0.000053	1.000112	0.000065	1.000000	1.000000	
1354697750.870119	1.000000	36.952103	23.617569	6.121399	1.000001	1.000000	1.000000	1.000001	0.998969	0.000684	0.999944	0.000082	1.000195	0.000103	0.999037	0.000105	0.999858	0.000065	1.000005	0.000073	1354697750.870344	0.999999	36.706868	23.162650	8.107689	0.999340	0.000113	1.000000	1.000000	1.000420	0.000055	1.000310	0.000091	0.994617	0.000007	0.992328	0.000007	0.999959	0.000037	1.000000	1.000000	
1354697751.870119	1.000000	36.965256	23.630402	6.115234	1.000000	1.000000	1.000000	0.999999	1.002325	0.000312	0.997927	0.000013	1.000409	0.000059	1.022254	0.000014	1.000625	0.000039	0.997933	0.000039	1354697751.870332	0.999988	36.618768	23.076020	8.116949	1.003988	0.000018	1.000000	1.000000	0.999237	0.000040	1.000123	0.000091	1.001043	0.000052	1.000000	0.000177	1.000278	0.000065	1.000000	1.000000	
1354697752.870119	1.000000	36.985870	23.650909	6.127563	1.000000	1.000000	0.999999	1.000000	0.998118	0.000377	1.001015	0.000097	0.999769	0.000147	0.994120	0.000049	1.000207	0.000063	1.001522	0.000074	1354697752.870351	1.000019	36.610203	23.066333	8.102644	0.999439	0.000156	1.000000	1.000000	1.000503	0.000054	0.999709	0.000090	0.998874	0.000007	1.003670	0.000007	0.999126	0.000037	1.000000	1.000000	
1354697753.870119	1.000000	36.934814	23.599899	6.121399	1.000000	1.000000	1.000000	1.000000	1.002925	0.000306	1.008349	0.000013	0.999700	0.000059	1.005856	0.000014	0.991453	0.000040	0.999919	0.000043	1354697753.870345	0.999994	36.589863	23.036621	8.076083	1.000891	0.000018	1.000000	1.000000	1.000113	0.000034	0.999972	0.000109	0.999909	0.000051	1.000378	0.000051	0.999933	0.000063	1.000000	1.000000	
1354697754.870119	1.000000	37.223602	23.889954	6.115189	1.000000	0.999999	1.000000	1.000000	0.999773	0.002532	0.996180	0.000063	1.000327	0.000100	0.999986	0.007210	1.004089	0.000080	0.999661	0.000085	1354697754.870342	0.999997	36.525870	23.004985	8.129679	0.999931	0.000202	1.000000	1.000000	0.997025	0.000056	0.993024	0.000099	0.995362	0.000021	0.994400	0.000030	1.000427	0.000035	1.000000	1.000000	
1354697755.870119	1.000000	37.046631	23.715134	6.102905	0.999999	1.000000	1.000000	1.000000	0.999630	0.000662	1.008588	0.000013	0.999812	0.000084	0.999875	0.001301	0.999921	0.000039	1.000972	0.000036	1354697755.870343	1.000001	36.585231	23.055062	8.088158	1.000068	0.000046	1.000000	1.000000	1.003697	0.000045	1.006169	0.000114	1.001859	0.000052	1.001157	0.000155	1.000125	0.000065	1.000000	1.000000	
1354697756.870119	1.000000	31.140152	17.834137	6.127563	1.000000	0.074204	1.000000	1.000000	1.000226	0.000354	0.999956	0.002850	1.000327	0.000148	0.999659	0.000048	1.002602	0.000064	0.997213	0.000076	1354697756.870368	1.000025	42.747328	29.217454	8.102397	1.000001	0.926123	1.000000	1.000000	0.999851	0.000052	0.999917	0.000089	0.997040	0.000007	0.992238	0.000007	0.999052	0.000037	1.000000	1.000000	
1354697757.870119	1.000000	30.601059	17.290771	6.109070	1.004640	0.000067	1.000000	1.000000	1.001511	0.000334	1.017544	0.000013	1.004146	0.000061	1.002324	0.000014	1.001077	0.000039	1.001055	0.000039	1354697757.870372	1.000004	43.284279	29.747682	8.082044	1.000000	1.000000	1.000000	1.000000	1.000141	0.000036	1.000053	0.000087	1.000513	0.000050	0.999846	0.000050	1.000713	0.000062	1.000000	1.000000	
1354697758.870119	1.000000	30.683594	17.376572	6.109070	0.999535	0.000316	1.000000	1.000000	0.998682	0.000429	0.999816	0.004081	0.997351	0.000119	0.994863	0.000099	0.999343	0.000066	0.999272	0.000069	1354697758.870368	0.999996	43.326775	29.787810	8.123934	1.000000	1.000000	1.000000	1.000000	0.999823	0.000076	0.999938	0.000181	1.002685	0.000007	0.999304	0.000007	0.998994	0.000038	1.000000	1.000000	
1354697759.870119	1.000000	30.598785	17.294128	6.121399	1.001816	0.000088	1.000000	1.000000	0.999550	0.000338	1.020142	0.000024	1.000030	0.000077	1.016668	0.000029	0.999260	0.000055	1.002856	0.000082	1354697759.870374	1.000006	43.332505	29.794439	8.099607	1.000000	1.000000	1.000000	1.000000	1.000142	0.000035	0.997163	0.000189	0.989556	0.000052	0.996039	0.000120	0.991753	0.000062	1.000000	1.000000	
1354697760.870119	1.000000	36.059738	22.732651	6.127563	1.000000	0.860111	1.000000	1.000000	1.000190	0.000693	1.000144	0.000070	1.000219	0.000109	1.000804	0.000051	0.997702	0.000065	0.999240	0.000070	1354697760.870348	0.999974	37.699100	24.134859	8.115491	1.000000	1.000000	0.999997	0.139948	0.999977	0.000067	1.002621	0.000204	1.018900	0.000028	1.023034	0.000021	1.010463	0.000050	1.000000	1.000000	
1354697761.870119	1.000000	36.978699	23.644257	6.127563	1.000000	1.000000	1.000000	1.000000	0.999968	0.000537	1.005096	0.000013	1.000085	0.000059	0.999646	0.000014	0.999971	0.000040	0.997096	0.000039	1354697761.870344	0.999996	36.746273	23.174822	8.089541	1.000000	1.000000	0.999715	0.000039	1.000056	0.000034	1.000200	0.000184	0.999597	0.000048	1.000695	0.000050	0.999662	0.000062	1.000000	1.000000	
1354697762.870119	1.000000	36.989868	23.656433	6.121399	1.000000	1.000000	1.000000	1.000000	0.999975	0.000458	0.999855	0.000573	1.000123	0.000113	1.001386	0.000049	1.000272	0.000064	1.000655	0.000066	1354697762.870334	0.999990	36.688722	23.148105	8.090383	1.000000	1.000000	1.000950	0.000022	0.999919	0.000052	0.999760	0.000188	1.001896	0.000007	0.994801	0.000007	1.000223	0.000036	1.000000	1.000000	
1354697763.870119	1.000000	37.012878	23.678391	6.133728	1.000000	1.000000	1.000000	1.000000	1.001926	0.000302	1.000705	0.000013	0.999049	0.000059	1.001180	0.000014	0.996777	0.000039	1.002136	0.000038	1354697763.870344	1.000010	36.707060	23.147931	8.137599	1.000000	1.000000	0.999824	0.000077	1.000157	0.000059	1.000023	0.000205	0.999836	0.000049	1.000602	0.000059	0.999957	0.000063	1.000000	1.000000	
1354697764.870119	1.000000	36.960403	23.637802	6.121399	1.000000	1.000000	1.000001	1.000001	0.998683	0.000431	0.999994	0.002109	1.002529	0.000095	0.996994	0.000046	1.001813	0.000062	0.998781	0.000088	1354697764.870331	0.999987	36.710152	23.143416	8.095931	1.000000	1.000000	0.991541	0.000017	0.997294	0.000051	1.000002	0.000186	0.979008	0.000007	0.979176	0.000007	0.999709	0.000037	1.000000	1.000000	
1354697765.870119	1.000000	36.991714	23.661057	6.114929	1.000000	1.000000	1.000000	1.000000	0.999630	0.000618	0.999885	0.000013	0.995903	0.000059	1.000136	0.000014	1.000464	0.000040	0.999990	0.000039	1354697765.870331	1.000000	36.710434	23.138916	8.123032	1.000000	1.000000	1.001692	0.000083	1.003784	0.000034	0.999977	0.000183	1.002974	0.000048	1.002963	0.000050	1.000271	0.000061	1.000000	1.000000	
1354697766.870119	1.000000	36.995148	23.664337	6.109070	1.000000	1.000000	1.000000	1.000000	0.999901	0.000373	0.997094	0.000060	1.000361	0.000099	0.998219	0.000049	1.002305	0.000063	0.999380	0.000065	1354697766.870359	1.000028	36.723661	23.156260	8.077350	1.000000	1.000000	1.000209	0.000020	0.999363	0.000049	0.999988	0.000188	1.002552	0.000007	0.995269	0.000007	0.999957	0.000036	1.000000	1.000000	
1354697767.870119	1.000000	37.005600	23.678024	6.109070	1.000000	1.000000	1.000000	1.000000	1.002245	0.000337	1.013327	0.000013	0.999094	0.000060	1.010403	0.000014	0.995689	0.000039	1.002018	0.000038	1354697767.870342	0.999983	36.733669	23.178478	8.110397	1.000000	1.000000	0.999669	0.000043	1.000056	0.000034	0.999960	0.000183	0.999929	0.000049	1.000285	0.000057	0.999883	0.000062	1.000000	1.000000	
1354697768.870119	1.000000	39.979767	26.654068	6.107895	1.000000	1.000000	1.000000	1.000000	0.999787	0.003388	0.999843	0.002720	0.999891	0.002845	0.999782	0.002697	0.999860	0.002684	0.999954	0.002582	1354697768.870258	0.999916	39.481142	25.920495	8.080772	1.000000	1.000000	1.000155	0.002875	0.999938	0.002846	1.000000	0.002825	0.999995	0.002743	0.999847	0.002721	1.000002	0.003517	1.000000	1.000000	
1354697769.870119	1.000000	37.021454	23.691681	6.115234	1.000000	1.000000	1.000000	1.000000	1.000001	0.000321	1.032163	0.000013	1.008076	0.000057	1.043048	0.000013	1.010381	0.000036	1.002555	0.000059	1354697769.870342	1.000084	36.663869	23.106398	8.103904	1.000000	1.000000	0.986618	0.000033	1.007798	0.000021	0.999987	0.000088	0.999646	0.000084	1.007626	0.000050	0.999757	0.000065	1.000000	1.000000	
1354697770.870119	1.000000	36.986221	23.658279	6.096741	1.000000	1.000001	1.000000	1.000000	1.000247	0.000679	0.992651	0.000066	0.999192	0.000095	0.991180	0.000049	0.999939	0.000063	1.000375	0.000064	1354697770.870346	1.000004	36.708698	23.135297	8.107618	1.000000	1.000000	0.999994	0.000060	1.000715	0.000049	0.999974	0.000090	1.001759	0.000022	1.010098	0.000007	1.000990	0.000032	1.000000	1.000000	
1354697771.870119	1.000000	36.989349	23.661713	6.115234	1.000000	1.000000	1.000000	1.000000	1.001982	0.000358	1.014706	0.000029	0.999602	0.000074	1.016127	0.000029	0.999870	0.000053	1.000551	0.000053	1354697771.870346	1.000000	36.717026	23.143494	8.127045	1.000000	1.000000	0.989839	0.000048	0.998888	0.000034	0.993828	0.000089	0.993952	0.000086	0.990452	0.000058	0.992450	0.000070	1.000000	1.000000	
1354697772.870119	1.000000	37.003662	23.683914	6.109070	1.000000	1.000000	1.000001	1.000001	0.997788	0.000354	1.001236	0.000060	0.999996	0.000098	0.999432	0.000049	1.000049	0.000063	0.999994	0.000067	1354697772.870344	0.999998	36.727350	23.179839	8.089432	1.000000	1.000000	1.016322	0.000030	1.000507	0.000065	1.005035	0.000105	1.012283	0.000042	1.023753	0.000021	1.010761	0.000047	1.000000	1.000000	
1354697773.870119	1.000000	37.040207	23.720520	6.127533	1.000000	1.000000	1.000000	1.000000	1.000450	0.001267	1.000259	0.000251	0.999987	0.000203	0.999854	0.000095	1.000032	0.000606	0.999147	0.000164	1354697773.870328	0.999984	36.741294	23.185551	8.057792	1.000000	1.000000	0.999957	0.000199	0.999949	0.000219	0.999993	0.000566	1.000011	0.000134	1.000039	0.000215	1.000188	0.000068	1.000000	1.000000	
1354697774.870119	1.000000	37.022217	23.707321	6.109070	1.000000	1.000000	1.000000	1.000000	0.997994	0.000373	0.999916	0.002055	0.999778	0.000096	1.002427	0.000049	0.999843	0.000039	1.000067	0.000093	1354697774.870332	1.000004	36.728336	23.169858	8.085203	1.000000	1.000000	1.000264	0.000020	0.998650	0.000099	1.000133	0.000090	0.978591	0.000007	0.975872	0.000007	1.000934	0.000031	1.000000	1.000000	
1354697775.870119	1.000000	37.003296	23.676132	6.115234	1.000000	1.000000	1.000000	0.999999	1.000026	0.000644	1.017927	0.000013	1.000470	0.000059	0.993274	0.000014	0.999750	0.000014	1.002784	0.000037	1354697775.870345	1.000013	36.726798	23.160661	8.076264	1.000000	1.000000	0.999830	0.000084	1.001425	0.000087	1.000024	0.000095	1.002940	0.000051	1.002725	0.000059	0.999717	0.000068	1.000000	1.000000	
1354697776.870119	1.000000	36.968552	23.651260	6.109070	1.000000	1.000000	1.000000	1.000000	1.000281	0.000395	0.997838	0.000066	0.999867	0.000098	1.000301	0.000047	0.999724	0.000049	0.999735	0.000065	1354697776.870330	0.999985	36.713915	23.153912	8.095413	1.000000	1.000000	1.001101	0.000020	0.999825	0.000103	0.999945	0.000090	1.001357	0.000007	0.996397	0.000007	1.000552	0.000032	1.000000	1.000000	
1354697777.870119	1.000000	37.010925	23.690155	6.109070	1.000000	1.000000	1.000000	1.000000	1.001633	0.000362	1.011270	0.000013	1.000122	0.000060	0.999169	0.000013	0.998579	0.000014	1.001475	0.000039	1354697777.870342	1.000012	36.703572	23.148101	8.091273	1.000000	1.000000	0.999862	0.000047	0.999872	0.000081	0.999869	0.000091	1.000096	0.000048	1.000289	0.000051	0.999518	0.000066	1.000000	1.000000	
1354697778.870119	1.000000	34.509995	21.185287	6.102905	1.000000	0.603174	1.000000	1.000000	0.999409	0.000942	0.999857	0.000130	0.999954	0.000151	0.999315	0.000060	1.001761	0.000067	0.999865	0.000083	1354697778.870369	1.000027	39.264521	25.725534	8.089809	1.000000	1.000000	1.000001	0.397267	1.000280	0.000134	0.999958	0.000237	0.998652	0.000019	1.000384	0.000023	1.000070	0.000033	1.000000	1.000000	
1354697779.870119	1.000000	30.750671	17.428970	6.133728	0.999939	0.005472	1.000000	1.000000	1.001526	0.000377	0.992054	0.000013	1.001687	0.000058	1.004247	0.000013	1.002547	0.000013	0.999138	0.000060	1354697779.870378	1.000009	43.265767	29.727438	8.131289	1.000000	1.000000	1.000000	1.000000	0.999953	0.000049	1.000022	0.000088	0.999730	0.000051	0.999627	0.000062	0.999484	0.000065	1.000000	1.000000	
1354697780.870119	1.000000	32.098724	18.780273	6.121399	0.999972	0.004943	1.000001	1.000001	0.999999	0.218481	1.000109	0.000067	0.998896	0.000096	0.999646	0.000050	0.997223	0.000048	1.000721	0.000064	1354697780.870350	0.999972	41.851738	28.306393	8.121442	0.999999	0.781933	1.000000	1.000000	0.999946	0.000071	1.000253	0.000089	1.006163	0.000007	1.004720	0.000006	1.001371	0.000031	1.000000	1.000000	
1354697781.870119	1.000000	37.015396	23.691696	6.127563	1.000311	0.000402	0.999999	0.999999	1.000000	1.000000	0.998798	0.000013	1.000179	0.000060	1.009129	0.000013	1.007288	0.000015	0.999161	0.000039	1354697781.870347	0.999997	36.588981	23.041407	8.123606	1.001887	0.000013	1.000000	1.000000	0.999569	0.000056	0.999947	0.000087	0.999795	0.000049	0.999523	0.000049	0.999954	0.000067	1.000000	1.000000	
1354697782.870119	1.000000	37.032761	23.706741	6.127563	0.999714	0.000538	1.000001	1.000001	1.000000	1.000000	0.991399	0.000059	0.999984	0.000094	0.988325	0.000050	0.989662	0.000047	1.000328	0.000065	1354697782.870352	1.000005	36.586075	23.029792	8.087682	0.999638	0.000302	1.000000	1.000000	1.000417	0.000071	0.999791	0.000089	0.998129	0.000007	0.999892	0.000007	0.999524	0.000032	1.000000	1.000000	
1354697783.870119	1.000000	37.037338	23.713577	6.121399	1.000316	0.000392	0.999999	1.000000	0.999999	1.000000	1.017809	0.000029	0.999865	0.000074	1.016365	0.000028	1.015393	0.000030	1.000074	0.000052	1354697783.870350	0.999998	36.573983	23.028669	8.096024	1.002842	0.000033	1.000000	1.000000	0.999965	0.000056	0.995446	0.000111	0.989775	0.000050	0.991669	0.000062	0.992176	0.000068	1.000000	1.000000	
1354697784.870119	1.000000	37.038635	23.718399	6.115234	0.999720	0.000557	1.000000	1.000000	1.000000	1.000000	0.999980	0.002064	1.000258	0.000096	0.999814	0.000048	0.966456	0.000047	0.999763	0.000088	1354697784.870352	1.000002	36.609214	23.055879	8.083099	0.999976	0.000948	1.000000	1.000000	0.999929	0.000108	0.999109	0.000107	1.016918	0.000029	1.022953	0.000022	1.011275	0.000047	1.000000	1.000000	
1354697785.870119	1.000000	37.020020	23.707489	6.127563	1.000231	0.000690	1.000001	1.000000	1.000001	1.000000	1.017082	0.000013	0.999253	0.000060	1.000948	0.000013	0.973427	0.000015	0.993736	0.000038	1354697785.870348	0.999996	36.596248	23.053255	8.143740	1.000349	0.000018	1.000000	1.000000	1.000034	0.000057	1.005633	0.000108	1.000439	0.000048	1.001001	0.000048	1.000571	0.000065	1.000000	1.000000	
1354697786.870119	1.000000	37.045441	23.719177	6.115234	0.999766	0.000570	1.000000	1.000000	0.999999	1.000000	0.996581	0.000057	0.999955	0.000095	1.000185	0.000050	1.008136	0.000047	1.003637	0.000064	1354697786.870350	1.000002	36.540778	23.001451	8.074509	0.999956	0.000354	1.000000	1.000000	1.000038	0.000071	0.999910	0.000090	0.997835	0.000007	0.998689	0.000007	0.999689	0.000032	1.000000	1.000000	
1354697787.870119	1.000000	37.047714	23.721207	6.127563	0.999365	0.000355	1.000000	1.000000	1.000000	1.000000	1.010737	0.000013	1.000496	0.000060	0.999098	0.000014	1.003176	0.000014	1.001727	0.000038	1354697787.870353	1.000003	36.572335	23.023976	8.089529	1.000995	0.000018	1.000000	1.000000	0.999453	0.000057	0.999673	0.000088	0.999546	0.000049	0.999476	0.000061	0.999550	0.000067	1.000000	1.000000	
1354697788.870119	1.000000	37.056442	23.728973	6.121399	1.000541	0.000551	1.000000	1.000000	1.000001	1.000001	0.997940	0.000060	1.001064	0.000095	0.999541	0.000046	1.033402	0.000044	0.998511	0.000064	1354697788.870344	0.999991	36.596645	23.055446	8.079816	0.999963	0.000953	1.000000	1.000000	1.000500	0.000071	1.000181	0.000111	1.005838	0.000007	0.997097	0.000007	0.999976	0.000033	1.000000	1.000000	
1354697789.870119	1.000000	37.026947	23.698410	6.121399	0.999759	0.000385	1.000000	1.000000	1.000000	0.999999	0.997933	0.000013	0.998373	0.000060	1.001245	0.000013	1.005249	0.000014	1.000351	0.000062	1354697789.870352	1.000008	36.598901	23.052639	8.112742	1.000674	0.000018	1.000000	1.000000	0.999362	0.000056	0.999816	0.000086	0.999912	0.000048	1.000282	0.000049	0.999877	0.000066	1.000000	1.000000	
1354697790.870119	1.000000	37.055649	23.727859	6.121399	0.999922	0.000846	1.000000	1.000000	0.999999	1.000001	0.999981	0.000061	0.999926	0.000094	0.999984	0.000049	0.997895	0.000045	1.000556	0.000063	1354697790.870347	0.999995	36.617264	23.086206	8.088725	0.999981	0.000998	1.000000	1.000000	1.000343	0.000071	1.000335	0.000089	0.994150	0.000007	1.000215	0.000007	0.999528	0.000033	1.000000	1.000000	
1354697791.870119	1.000000	37.027054	23.699814	6.115234	0.999767	0.000598	1.000000	1.000000	1.000001	1.000000	1.000377	0.000013	1.000281	0.000060	1.014420	0.000014	1.002031	0.000014	0.999738	0.000038	1354697791.870346	0.999999	36.583211	23.034110	8.112084	1.000742	0.000018	1.000000	1.000000	0.999911	0.000056	0.999908	0.000088	1.000852	0.000050	1.000507	0.000062	1.000375	0.000068	1.000000	1.000000	
1354697792.870119	1.000000	37.041031	23.716125	6.115112	1.000049	0.000881	1.000000	1.000000	1.000000	0.999999	1.000014	0.000458	0.999659	0.000096	0.996280	0.000047	0.966912	0.000046	1.000107	0.000065	1354697792.870350	1.000004	36.620427	23.087095	8.093015	0.999974	0.000469	1.000000	1.000000	1.000092	0.000071	0.999862	0.000115	1.000433	0.000007	0.995617	0.000007	0.999122	0.000032	1.000000	1.000000	
1354697793.870119	1.000000	38.610641	25.296585	6.119888	1.000032	0.003710	1.000000	1.000000	1.000001	1.000001	0.999837	0.003002	1.000005	0.003000	0.999989	0.002899	1.000547	0.002827	0.999738	0.002836	1354697793.870292	0.999942	38.671857	25.141242	8.099026	1.000001	0.003133	1.000000	1.000000	0.999936	0.003126	1.000003	0.003099	0.999996	0.003043	1.000002	0.002857	1.000009	0.003605	1.000000	1.000000	
1354697794.870119	1.000000	38.271637	24.945694	6.102875	0.999962	0.000676	1.000000	1.000000	1.000000	1.000000	0.999964	0.002078	0.999305	0.000481	0.986661	0.000041	0.986041	0.000037	1.005197	0.000088	1354697794.870330	1.000038	36.596681	23.057811	8.116331	0.999809	0.000468	1.000000	1.000000	1.000957	0.000190	0.999928	0.000091	1.000121	0.000112	0.999813	0.000140	0.999988	0.000032	1.000000	1.000000	
1354697795.870119	1.000000	37.055664	23.726105	6.109070	1.000361	0.000699	1.000000	1.000000	1.000000	1.000000	1.021552	0.000023	1.004245	0.000073	1.017972	0.000029	0.968702	0.000030	1.000525	0.000053	1354697795.870352	1.000022	36.543907	22.999816	8.122533	1.002526	0.000034	1.000000	1.000000	0.999948	0.000164	0.993938	0.000089	0.989576	0.000051	0.991689	0.000056	0.992964	0.000074	1.000000	1.000000	
1354697796.870119	1.000000	37.076370	23.747681	6.127563	0.999332	0.000579	1.000001	1.000000	1.000000	1.000000	1.000587	0.000056	1.000244	0.000096	1.000753	0.000048	1.031316	0.000047	1.000311	0.000067	1354697796.870350	0.999998	36.581659	23.047300	8.086777	0.999723	0.000061	1.000000	1.000000	1.000047	0.000189	1.005127	0.000105	1.018886	0.000028	1.023161	0.000021	1.010626	0.000046	1.000000	1.000000	
1354697797.870119	1.000000	37.109848	23.780396	6.121399	1.000010	0.002799	0.999999	0.999999	1.000000	1.000000	0.999315	0.000037	1.001558	0.000060	1.000141	0.000014	0.874888	0.000015	1.005708	0.000038	1354697797.870350	1.000000	36.590759	23.058578	8.096649	1.000932	0.000018	1.000000	1.000000	1.000028	0.000140	0.999913	0.000088	0.999456	0.000048	1.000062	0.000049	0.999912	0.000066	1.000000	1.000000	
1354697798.870119	1.000000	31.032974	17.711868	6.115234	1.000416	0.000749	1.000009	0.060130	1.000000	1.000000	0.999987	0.007573	0.998715	0.000094	1.001290	0.000049	1.048584	0.000044	0.996681	0.000063	1354697798.870374	1.000024	42.891530	29.352687	8.119769	1.000001	0.940131	1.000000	1.000000	0.999833	0.000067	0.999996	0.000106	1.000269	0.000007	0.998697	0.000007	1.001723	0.000031	1.000000	1.000000	
1354697799.870119	1.000000	36.703278	23.372940	6.115234	1.000000	0.921909	0.998500	0.000311	1.000000	1.000000	1.000012	0.000570	1.000989	0.000060	1.007141	0.000014	0.979118	0.000014	1.002766	0.000062	1354697799.870342	0.999968	37.118328	23.572500	8.114487	0.999992	0.077944	1.000000	1.000000	1.000106	0.000054	0.999996	0.000088	1.000585	0.000051	0.999627	0.000064	0.999369	0.000068	1.000000	1.000000	
1354697800.870119	1.000000	36.761108	23.438599	6.115234	1.000000	0.999999	1.000839	0.000676	1.000000	1.000000	0.999722	0.000065	0.999574	0.000095	0.995391	0.000048	1.000724	0.000045	0.999106	0.000063	1354697800.870338	0.999996	36.890454	23.344058	8.105746	0.999984	0.006449	1.000000	1.000000	1.000060	0.000070	1.000035	0.000087	0.998953	0.000006	1.001670	0.000007	1.000351	0.000031	1.000000	1.000000	
1354697801.870119	1.000000	36.770950	23.447174	6.115234	1.000000	1.000001	0.997722	0.000331	1.000001	0.999999	1.001646	0.000013	1.000240	0.000074	1.001636	0.000014	1.000418	0.000014	1.000370	0.000039	1354697801.870336	0.999998	36.599588	23.060148	8.076157	1.000974	0.000013	1.000000	1.000000	0.999931	0.000056	0.999819	0.000087	0.999853	0.000050	1.000447	0.000051	0.999624	0.000068	1.000000	1.000000	
1354697802.870121	1.000002	36.754111	23.434358	6.109058	1.000000	0.999683	1.001704	0.000330	1.000000	1.000000	1.000109	0.000057	0.999611	0.000094	1.000685	0.000050	1.000510	0.000046	1.000554	0.000064	1354697802.870348	1.000012	37.171859	23.646416	8.076655	0.999976	0.001551	1.000000	0.999675	0.999547	0.000072	0.999684	0.000088	0.996537	0.000007	0.996807	0.000007	0.999335	0.000032	0.999982	0.999723	
1354697803.870119	0.999998	36.796838	23.463790	6.115246	1.000000	1.000000	0.999503	0.000746	0.999999	1.000001	0.995482	0.000013	1.003146	0.000059	1.003696	0.000013	0.999639	0.000014	0.999390	0.000038	1354697803.870342	0.999994	36.626225	23.097855	8.097705	1.000085	0.000018	1.000000	1.000000	1.000556	0.000056	1.000311	0.000115	1.000053	0.000051	1.000192	0.000062	1.000508	0.000067	1.000000	1.000000	
1354697804.870119	1.000000	37.092041	23.761841	6.115234	1.000000	1.000001	1.001666	0.000329	1.000000	1.000000	1.000009	0.008766	0.998823	0.000130	0.998605	0.000045	0.999630	0.000045	0.999349	0.000082	1354697804.870328	0.999986	36.612041	23.091588	8.085746	0.999983	0.001317	1.000000	1.000000	0.999990	0.000074	0.999904	0.000089	0.967522	0.000007	0.976672	0.000007	1.000167	0.000032	1.000000	1.000000	
1354697805.870119	1.000000	36.833115	23.501297	6.121399	0.999999	1.000000	0.998999	0.000654	1.000000	1.000000	1.000775	0.000072	0.999740	0.000059	0.998220	0.000013	1.000975	0.000014	1.003091	0.000038	1354697805.870343	1.000015	36.577545	23.033574	8.078126	1.000998	0.000018	1.000000	1.000000	0.999993	0.000055	0.999983	0.000089	1.004536	0.000051	1.003226	0.000052	0.999742	0.000066	1.000000	1.000000	
1354697806.870119	1.000000	36.191559	22.856735	6.121399	1.000001	0.897999	1.001930	0.000324	1.000000	1.000000	0.999447	0.001327	1.000215	0.000097	0.989028	0.000051	0.988629	0.000047	0.998453	0.000063	1354697806.870344	1.000001	37.273188	23.728188	8.095283	0.999999	0.102067	1.000000	1.000000	0.999444	0.000072	0.999996	0.000090	1.001690	0.000006	0.999563	0.000007	1.000873	0.000033	1.000000	1.000000	
1354697807.870119	1.000000	36.805267	23.472580	6.115234	1.000000	1.000000	0.998073	0.000350	1.000001	1.000001	1.023337	0.000023	0.999571	0.000074	1.020137	0.000029	1.018609	0.000028	0.999948	0.000052	1354697807.870336	0.999992	36.573752	23.024906	8.034382	1.003180	0.000033	1.000000	1.000000	1.000540	0.000056	0.994050	0.000087	0.989608	0.000050	0.991236	0.000060	0.992484	0.000067	1.000000	1.000000	
1354697808.870119	1.000000	36.788940	23.457428	6.115234	1.000000	1.000000	1.002094	0.000333	0.999999	1.000000	0.999853	0.000063	1.000164	0.000097	1.000136	0.000048	0.999298	0.000045	1.001636	0.000064	1354697808.870345	1.000009	36.624775	23.089314	8.110827	0.999979	0.001108	1.000000	1.000000	1.000040	0.000088	1.002094	0.000249	1.018017	0.000029	1.022794	0.000021	1.010570	0.000046	1.000000	1.000000	
1354697809.870119	1.000000	36.789658	23.460831	6.109070	1.000000	1.000000	0.997961	0.000361	1.000001	1.000000	1.012368	0.000013	0.999955	0.000060	1.006506	0.000014	1.002052	0.000014	0.998151	0.000061	1354697809.870338	0.999993	36.576379	23.043342	8.080561	1.000985	0.000018	1.000000	1.000000	0.999376	0.000056	1.000027	0.000185	0.999749	0.000048	1.000243	0.000049	0.999724	0.000066	1.000000	1.000000	
1354697810.870119	1.000000	36.757553	23.440384	6.096741	1.000000	1.000000	1.001103	0.000648	0.999999	1.000000	0.997538	0.000062	0.999830	0.000095	0.999642	0.000048	0.999545	0.000046	1.001169	0.000063	1354697810.870342	1.000004	36.576466	23.034987	8.090971	0.999643	0.000057	1.000000	1.000000	1.000451	0.000072	0.999957	0.000189	1.000429	0.000007	1.004409	0.000007	0.999872	0.000033	1.000000	1.000000	
1354697811.870119	1.000000	36.781845	23.453674	6.096741	0.999999	1.000000	0.997433	0.000351	1.000000	1.000000	0.999383	0.000013	1.000123	0.000060	0.985511	0.000014	0.878688	0.000016	1.001057	0.000038	1354697811.870351	1.000009	36.532933	22.996160	8.108432	1.000698	0.000018	1.000000	1.000000	0.999418	0.000056	1.000055	0.000190	1.000206	0.000049	0.999480	0.000059	1.000092	0.000067	1.000000	1.000000	
1354697812.870119	1.000000	36.818817	23.486954	6.115234	1.000001	1.000000	0.999943	0.000309	1.000001	1.000001	0.999566	0.000061	0.999862	0.000098	1.005081	0.000046	1.049606	0.000044	0.999431	0.000065	1354697812.870346	0.999995	36.606705	23.068704	8.090312	0.999843	0.000059	1.000000	1.000000	1.000404	0.000073	0.999872	0.000196	0.999409	0.000007	1.003188	0.000007	1.000520	0.000033	1.000000	1.000000	
1354697813.870119	1.000000	36.817780	23.487061	6.127563	1.000000	1.000000	1.000536	0.000385	1.000000	1.000000	0.999595	0.000013	0.999359	0.000060	0.991839	0.000014	0.994004	0.000014	0.996930	0.000039	1354697813.870337	0.999991	36.608059	23.058482	8.113141	0.999913	0.000018	1.000000	1.000000	0.999931	0.000056	0.999995	0.000214	0.999713	0.000048	1.000086	0.000050	1.000142	0.000065	1.000000	1.000000	
1354697814.870119	1.000000	36.829956	23.495453	6.115234	1.000000	1.000000	1.001376	0.000355	1.000000	0.999999	1.000013	0.002046	1.000167	0.000095	1.002010	0.000049	0.997304	0.000047	1.000374	0.000088	1354697814.870337	1.000000	36.588593	23.049896	8.093582	0.999980	0.000058	1.000000	1.000000	0.999576	0.000072	0.997231	0.000198	0.983720	0.000007	0.973887	0.000007	0.998348	0.000033	1.000000	1.000000	
1354697815.870119	1.000000	36.872803	23.543396	6.115234	0.999999	1.000000	0.999264	0.000698	1.000000	1.000000	0.999711	0.000013	1.000187	0.000068	0.992892	0.000014	1.000556	0.000014	1.002386	0.000052	1354697815.870342	1.000005	36.586609	23.052634	8.105016	1.000044	0.000018	1.000000	1.000000	1.000377	0.000083	1.002617	0.000208	1.002937	0.000050	1.003094	0.000066	1.000577	0.000067	1.000000	1.000000	
1354697816.870119	1.000000	36.831924	23.503021	6.102905	1.000000	1.000000	1.001594	0.000364	1.000000	1.000000	0.999719	0.000067	1.000209	0.000120	1.004615	0.000046	0.999624	0.000045	0.997727	0.000064	1354697816.870336	0.999994	36.842612	23.313356	8.097720	0.999986	0.004411	1.000000	1.000000	0.999737	0.000070	1.000000	0.000165	0.999236	0.000020	0.997595	0.000007	0.999241	0.000031	1.000000	1.000000	
1354697817.870119	1.000000	36.800812	23.482025	6.115234	1.000000	1.000000	0.998404	0.000365	1.000000	1.000001	1.002108	0.000013	0.999974	0.000059	0.981402	0.000014	1.000848	0.000014	1.003984	0.000038	1354697817.870345	1.000009	36.602986	23.063649	8.077731	1.000590	0.000013	1.000000	1.000000	1.000000	0.000057	1.000054	0.000086	0.999969	0.000049	1.000078	0.000049	1.000391	0.000064	1.000000	1.000000	
1354697818.870119	1.000000	37.030777	23.701874	6.089523	1.000000	1.000001	0.999954	0.003438	1.000000	0.999999	0.999783	0.002475	0.999995	0.002509	0.999790	0.002452	0.999814	0.002594	0.999926	0.002243	1354697818.870336	0.999991	36.833799	23.294736	8.094891	0.999974	0.006634	1.000000	1.000000	1.000003	0.002439	0.999994	0.002633	1.000005	0.002377	0.999992	0.002449	1.000004	0.003775	1.000000	1.000000	
1354697819.870119	1.000000	36.784851	23.463913	6.115234	1.000000	0.999999	1.000421	0.000373	1.000001	1.000001	1.021605	0.000023	1.000190	0.000079	1.025266	0.000023	1.018218	0.000023	0.999979	0.000073	1354697819.870340	1.000004	36.586812	23.044874	8.073896	1.001682	0.000055	1.000000	1.000000	0.999517	0.000078	0.994524	0.000093	0.990145	0.000050	0.991648	0.000062	0.992480	0.000069	1.000000	1.000000	
1354697820.870119	1.000000	36.818008	23.483719	6.115234	1.000000	1.000000	1.000978	0.000679	0.999999	1.000000	1.000625	0.000059	0.999710	0.000100	0.997996	0.000047	1.001283	0.000044	1.001673	0.000067	1354697820.870345	1.000005	36.597305	23.069739	8.082967	0.999975	0.001108	1.000000	1.000000	1.000345	0.000092	1.002579	0.000194	1.017009	0.000029	1.010637	0.000050	1.006635	0.000073	1.000000	1.000000	
1354697821.870119	1.000000	36.808426	23.470673	6.115234	1.000000	1.000000	0.998632	0.000628	1.000000	1.000000	0.997453	0.000013	1.000117	0.000059	1.003811	0.000014	1.008717	0.000014	0.997914	0.000039	1354697821.870336	0.999991	36.571086	23.011347	8.090802	1.000909	0.000018	1.000000	1.000000	1.000027	0.000056	1.000051	0.000191	1.000092	0.000050	0.999225	0.000042	1.000354	0.000064	1.000000	1.000000	
1354697822.870119	1.000000	36.788879	23.454132	6.133728	1.000000	1.000000	1.000570	0.000314	0.999999	1.000000	0.999994	0.000549	0.999844	0.000096	0.999813	0.000050	0.996817	0.000048	0.999728	0.000067	1354697822.870337	1.000001	36.571773	23.021935	8.098167	0.999757	0.000091	1.000000	1.000000	0.999933	0.000075	0.999894	0.000189	0.996475	0.000007	1.002903	0.000007	0.999384	0.000034	1.000000	1.000000	
1354697823.870119	1.000000	36.798752	23.466141	6.090576	1.000000	1.000000	0.999541	0.000402	1.000001	1.000000	0.998783	0.000008	1.000208	0.000059	1.015637	0.000014	1.003354	0.000014	0.998584	0.000039	1354697823.870337	1.000000	36.580460	23.051910	8.095978	1.001505	0.000018	1.000000	1.000000	0.999938	0.000056	1.000045	0.000215	1.000466	0.000051	0.999763	0.000062	1.000089	0.000069	1.000000	1.000000	
1354697824.870119	1.000000	36.791580	23.457260	6.109070	1.000000	1.000000	1.000598	0.000312	0.999999	1.000000	1.000015	0.002120	1.000083	0.000098	0.997977	0.000047	0.999606	0.000047	1.000588	0.000089	1354697824.870335	0.999998	36.582574	23.031981	8.102982	0.999727	0.000090	1.000000	1.000000	0.999897	0.000075	0.999990	0.000193	0.979323	0.000007	0.981827	0.000007	0.999725	0.000034	1.000000	1.000000	
1354697825.870119	1.000000	36.809891	23.475067	6.115112	1.000000	1.000000	0.999739	0.000888	1.000000	1.000000	0.995766	0.000013	1.000124	0.000059	0.992646	0.000014	1.001357	0.000014	0.999706	0.000038	1354697825.870338	1.000003	36.563333	23.015432	8.098303	1.000696	0.000018	1.000000	1.000000	1.000115	0.000057	1.000002	0.000196	1.002894	0.000048	1.002768	0.000050	1.000166	0.000067	1.000000	1.000000	
1354697826.870119	1.000000	36.788727	23.492188	6.096741	1.000000	1.000000	1.002812	0.000325	1.000000	1.000001	1.000859	0.000057	1.000061	0.000095	0.999440	0.000050	0.999603	0.000047	1.002481	0.000066	1354697826.870345	1.000007	36.565864	23.028207	8.100881	0.999632	0.000061	1.000000	1.000000	1.000062	0.000074	1.000026	0.000196	1.001845	0.000007	1.003061	0.000007	0.999465	0.000032	1.000000	1.000000	
1354697827.870119	1.000000	36.819946	23.463913	6.121399	1.000000	1.000000	0.997464	0.000371	1.000000	1.000000	0.998923	0.000047	1.000124	0.000059	1.007941	0.000014	1.001375	0.000013	0.996331	0.000038	1354697827.870332	0.999987	36.555503	23.012661	8.073577	1.000781	0.000018	1.000000	1.000000	0.999880	0.000071	0.999930	0.000192	0.999759	0.000050	0.999922	0.000059	1.000080	0.000067	1.000000	1.000000	
1354697828.870119	1.000000	36.782562	23.450241	6.127563	1.000000	1.000000	1.000272	0.000314	1.000000	1.000000	1.000582	0.000060	0.999728	0.000096	0.999427	0.000046	0.959744	0.000048	1.001421	0.000065	1354697828.870350	1.000018	36.562975	23.014328	8.123863	0.999862	0.000059	1.000000	1.000000	1.000047	0.000074	1.000024	0.000209	0.998478	0.000007	0.998749	0.000007	1.000765	0.000032	1.000000	1.000000	
1354697829.870119	1.000000	36.781189	23.448685	6.115234	1.000000	1.000000	1.000329	0.000364	1.000000	1.000000	0.997997	0.000013	0.999524	0.000059	1.004463	0.000014	1.142946	0.000013	1.000481	0.000062	1354697829.870345	0.999995	36.561661	23.017922	8.109477	1.000608	0.000018	1.000000	1.000000	0.999898	0.000057	1.000144	0.000190	1.000368	0.000048	1.000355	0.000049	0.999649	0.000065	1.000000	1.000000	
1354697830.870119	1.000000	36.805695	23.471130	6.096741	1.000000	1.000000	1.001096	0.000646	1.000000	1.000000	0.992628	0.000065	0.999868	0.000093	0.986437	0.000049	0.992697	0.000046	0.998233	0.000065	1354697830.870339	0.999994	36.559819	23.010071	8.080416	0.998578	0.000062	1.000000	1.000000	1.000027	0.000073	1.000034	0.000192	0.999566	0.000007	0.999185	0.000007	1.000416	0.000032	1.000000	1.000000	
1354697831.870119	1.000000	36.793045	23.459457	6.109070	1.000001	1.000000	0.998143	0.000388	1.000000	0.999999	1.016809	0.000029	1.000153	0.000126	1.013393	0.000029	1.012079	0.000029	0.998317	0.000053	1354697831.870334	0.999995	36.549148	23.011346	8.129420	1.002494	0.000033	1.000000	1.000000	1.000055	0.000057	0.997047	0.000190	0.990221	0.000050	0.991202	0.000060	0.992374	0.000068	1.000000	1.000000	
1354697832.870119	1.000000	36.775009	23.441879	6.109070	1.000000	0.999999	1.000088	0.000364	1.000000	1.000000	1.000127	0.000064	1.000085	0.000095	1.002802	0.000047	1.000440	0.000046	1.001603	0.000066	1354697832.870339	1.000005	36.588409	23.060172	8.089239	0.999810	0.000061	1.000000	1.000000	0.999969	0.000088	1.002373	0.000210	1.015575	0.000029	1.023321	0.000021	1.011326	0.000047	1.000000	1.000000	
1354697833.870119	1.000000	36.791901	23.459198	6.127563	1.000000	1.000001	0.999965	0.000758	1.000000	1.000000	0.999680	0.000013	1.000960	0.000059	0.999227	0.000014	0.999695	0.000014	0.999489	0.000038	1354697833.870339	1.000000	36.597733	23.067459	8.071899	1.000518	0.000018	1.000000	1.000000	0.999699	0.000056	1.000081	0.000208	1.000929	0.000048	1.000724	0.000050	0.999754	0.000066	1.000000	1.000000	
1354697834.870119	1.000000	36.816742	23.484726	6.102905	1.000000	1.000000	1.001340	0.000341	1.000000	1.000000	1.000006	0.002049	0.999688	0.000100	0.999585	0.000050	0.999901	0.000047	0.999833	0.000088	1354697834.870328	0.999989	36.640035	23.111215	8.104520	0.999836	0.000059	1.000000	1.000000	1.000156	0.000072	1.000056	0.000193	0.978950	0.000007	0.977874	0.000007	0.998211	0.000033	1.000000	1.000000	
1354697835.870119	1.000000	36.804016	23.472092	6.090576	1.000000	1.000000	0.999304	0.000649	1.000000	1.000000	0.998628	0.000013	1.000078	0.000059	1.002829	0.000014	1.000166	0.000014	1.002758	0.000037	1354697835.870341	1.000013	36.579736	23.033038	8.087586	1.000196	0.000018	1.000000	1.000000	0.999911	0.000056	0.999982	0.000191	1.002677	0.000050	1.002077	0.000060	1.001276	0.000067	1.000000	1.000000	
1354697836.870119	1.000000	36.754608	23.431793	6.115234	1.000000	1.000000	1.001635	0.000331	1.000000	1.000000	0.999908	0.000055	1.000055	0.000098	1.000117	0.000046	1.000276	0.000045	0.999034	0.000065	1354697836.870343	1.000002	36.572898	23.021257	8.121811	1.000006	0.000059	1.000000	1.000000	0.999989	0.000073	0.999947	0.000195	1.000644	0.000007	0.999838	0.000007	0.997934	0.000032	1.000000	1.000000	
1354697837.870119	1.000000	36.803894	23.471375	6.102905	1.000000	1.000000	0.997817	0.000340	1.000000	1.000000	1.001036	0.000013	0.999592	0.000060	1.004723	0.000014	0.996678	0.000014	0.998994	0.000038	1354697837.870340	0.999997	36.581992	23.040919	8.091044	1.000306	0.000018	1.000000	1.000000	0.999918	0.000056	0.999988	0.000190	0.999364	0.000049	1.000000	0.000050	1.000788	0.000065	1.000000	1.000000	
1354697838.870119	1.000000	36.810715	23.476685	6.115234	1.000000	1.000000	1.000649	0.000312	1.000000	1.000000	1.000031	0.000062	0.999834	0.000093	0.998518	0.000054	0.998116	0.000046	1.001089	0.000064	1354697838.870344	1.000004	36.534260	23.001463	8.117155	0.999716	0.000060	1.000000	1.000000	1.000000	0.000071	0.999954	0.000208	1.003065	0.000007	1.003132	0.000007	1.000641	0.000034	1.000000	1.000000	
1354697839.870119	1.000000	36.813583	23.485550	6.115234	1.000000	1.000000	1.000378	0.000410	1.000000	1.000000	0.998687	0.000013	1.000025	0.000107	0.998919	0.000014	1.008419	0.000014	0.999480	0.000061	1354697839.870336	0.999992	36.565818	23.023197	8.096196	1.000434	0.000018	1.000000	1.000000	0.999596	0.000056	1.000078	0.000187	1.000420	0.000049	0.999934	0.000059	0.999994	0.000066	1.000000	1.000000	
1354697840.870119	1.000000	36.820770	23.488342	6.121399	1.000000	1.000000	1.000430	0.000650	1.000000	1.000000	1.000051	0.000068	0.999685	0.000097	1.000174	0.000046	1.000086	0.000045	1.000756	0.000064	1354697840.870342	1.000006	36.565059	23.017014	8.113019	0.999863	0.000059	1.000000	1.000000	1.000389	0.000072	0.999945	0.000196	0.998716	0.000007	0.999297	0.000007	0.998355	0.000032	1.000000	1.000000	
1354697841.870119	1.000000	32.415558	19.092697	6.127563	1.000001	0.298185	0.999683	0.001297	1.000000	1.000000	1.000409	0.000013	1.001037	0.000089	0.997963	0.000014	1.009270	0.000014	0.995409	0.000039	1354697841.870372	1.000030	41.267056	27.735037	8.098588	1.000001	0.702067	1.000000	1.000000	0.999713	0.000059	0.999961	0.000258	1.000072	0.000048	0.999426	0.000049	0.999602	0.000065	1.000000	1.000000	
1354697842.870119	1.000000	30.469254	17.156036	6.127563	1.000983	0.000244	1.001608	0.000343	1.000000	1.000000	0.991567	0.000061	0.999085	0.000098	0.989329	0.000051	0.991486	0.000049	1.000641	0.000070	1354697842.870368	0.999996	43.330757	29.791701	8.115633	1.000000	1.000000	1.000000	1.000000	1.000032	0.000072	0.999905	0.000191	1.001239	0.000007	0.999087	0.000007	0.999713	0.000032	1.000000	1.000000	
1354697843.870119	1.000000	35.958023	22.640533	6.107819	1.000000	0.859937	0.999828	0.003745	1.000000	1.000000	1.000181	0.002691	1.000010	0.002581	1.000238	0.002438	1.000108	0.002430	1.000010	0.002452	1354697843.870334	0.999966	37.627305	24.067150	8.075486	0.999997	0.142312	1.000000	1.000000	1.000001	0.002381	0.999790	0.002543	0.999784	0.002484	0.999803	0.002388	0.999873	0.003771	1.000000	1.000000	
1354697844.870119	1.000000	36.806992	23.473373	6.115234	0.999980	0.999689	1.002139	0.000324	0.999988	0.999674	0.999995	0.002044	1.000004	0.000096	0.999517	0.000041	0.999969	0.000037	0.999938	0.000086	1354697844.870337	1.000003	36.588189	23.041432	8.078207	0.994124	0.000053	1.000000	0.999705	0.999967	0.000104	0.999943	0.000109	1.018405	0.000029	1.021678	0.000022	1.010271	0.000046	1.000000	1.000000	
1354697845.870119	1.000000	36.110565	22.778671	6.115234	1.000000	0.892997	0.999385	0.001487	1.000000	1.000000	1.002242	0.000013	0.999839	0.000060	1.000302	0.000014	0.999860	0.000014	1.003371	0.000037	1354697845.870346	1.000009	37.248427	23.717559	8.113528	1.000000	0.107022	1.000000	1.000000	0.999344	0.000056	1.004851	0.000108	0.999962	0.000050	1.000115	0.000050	1.000644	0.000069	1.000000	1.000000	
1354697846.870119	1.000000	36.782669	23.448364	6.127563	1.000000	1.000000	1.001985	0.000331	1.000000	1.000000	0.999817	0.000053	1.000208	0.000113	1.000433	0.000052	1.000228	0.000047	0.998454	0.000065	1354697846.870336	0.999990	36.618424	23.056414	8.093511	0.999980	0.001371	1.000000	1.000000	1.000417	0.000075	1.000240	0.000090	0.999732	0.000007	1.006872	0.000007	0.999881	0.000032	1.000000	1.000000	
1354697847.870119	1.000000	36.801483	23.467712	6.127563	0.999999	1.000000	0.998569	0.000338	1.000000	1.000000	1.001303	0.000013	0.999160	0.000074	0.997056	0.000014	1.009435	0.000014	0.999770	0.000039	1354697847.870340	1.000004	36.556187	23.005446	8.116605	1.000825	0.000018	1.000000	1.000000	0.999406	0.000056	0.999802	0.000089	0.999833	0.000051	0.999315	0.000058	1.000188	0.000068	1.000000	1.000000	
1354697848.870119	1.000000	36.408051	23.076492	6.115234	1.000001	0.897003	1.000061	0.006977	1.000000	1.000000	0.993449	0.000109	1.000040	0.001580	1.000181	0.000047	0.998654	0.000046	0.999387	0.000063	1354697848.870334	0.999994	37.254586	23.705815	8.115267	1.000000	0.103048	1.000000	1.000000	1.000036	0.000075	1.000067	0.000109	1.001391	0.000007	0.999355	0.000007	0.999975	0.000031	1.000000	1.000000	
1354697849.870119	1.000000	37.044418	23.708725	6.102905	1.000000	1.000000	0.999908	0.007116	1.000000	1.000000	1.003606	0.000230	0.999734	0.000055	1.009685	0.000014	0.993740	0.000014	1.000690	0.000058	1354697849.870338	1.000004	36.561940	23.018828	8.115629	1.000129	0.000018	1.000000	1.000000	1.000416	0.000056	1.000063	0.000086	0.999968	0.000048	0.999873	0.000049	1.000228	0.000066	1.000000	1.000000	
1354697850.870119	1.000000	35.063385	21.733185	6.121399	0.999999	0.686023	1.000106	0.005945	1.000000	1.000000	0.999737	0.002663	0.999988	0.000093	0.999390	0.000049	1.000368	0.000045	1.000045	0.000061	1354697850.870337	0.999999	38.670096	25.133645	8.096443	1.000000	0.314043	1.000000	1.000000	0.999978	0.000069	0.999539	0.000088	1.001876	0.000007	1.000000	0.000007	0.999106	0.000033	1.000000	1.000000	
1354697851.870119	1.000000	37.068695	23.736252	6.127563	1.000000	1.000000	0.998199	0.000366	1.000000	1.000000	0.999961	0.007971	0.999920	0.000058	0.992816	0.000014	1.005487	0.000013	0.999654	0.000037	1354697851.870339	1.000002	36.574149	23.034822	8.120392	1.000799	0.000018	1.000000	0.999578	1.000014	0.000057	1.000418	0.000086	0.999506	0.000048	1.000461	0.000061	0.999474	0.000068	1.000000	1.000000	
1354697852.870119	1.000000	33.977448	20.651443	6.115234	1.000000	0.537238	1.004690	0.000145	1.000000	1.000000	1.000021	0.004876	0.999819	0.000096	0.999984	0.000047	0.998735	0.000046	1.000204	0.000062	1354697852.870337	0.999998	39.657775	26.121601	8.125138	1.000000	0.463068	1.000000	1.000000	0.999896	0.000294	0.999847	0.000088	1.001949	0.000007	0.997345	0.000007	1.002179	0.000033	1.000000	1.000000	
1354697853.870119	1.000000	36.758667	23.438980	6.115234	1.000000	1.000000	0.993573	0.000137	1.000001	1.000000	0.999388	0.000221	1.000078	0.000059	0.999832	0.000014	1.006914	0.000014	1.000231	0.000038	1354697853.870335	0.999998	36.568841	23.032194	8.062943	1.000565	0.000018	1.000000	1.000000	1.000362	0.000056	0.999986	0.000109	0.999867	0.000049	0.999923	0.000050	0.999149	0.000068	1.000000	1.000000	
1354697854.870119	1.000000	37.094986	23.760529	6.127563	1.000000	1.000000	1.001137	0.000575	1.000000	0.999999	1.000042	0.003309	0.999996	0.006749	0.989009	0.000050	0.986300	0.000046	1.000830	0.000085	1354697854.870344	1.000009	36.561711	23.029241	8.104861	0.999316	0.000178	1.000000	1.000000	1.000099	0.000070	1.000106	0.000088	0.980524	0.000007	0.983666	0.000007	1.000958	0.000031	1.000000	1.000000	
1354697855.870119	1.000000	37.032440	23.697571	6.065918	1.000000	1.000000	0.998739	0.000540	1.000000	1.000000	1.001978	0.000258	0.999996	0.007053	1.023278	0.000029	1.017289	0.000029	0.998167	0.000049	1354697855.870334	0.999990	36.592743	23.044176	8.108510	1.003158	0.000034	1.000000	1.000000	0.999244	0.000053	0.993650	0.000086	0.992872	0.000049	0.993504	0.000061	0.992441	0.000066	1.000000	1.000000	
1354697856.870119	1.000000	30.951782	17.637314	6.127563	0.999999	0.069219	1.006374	0.000115	1.000000	1.000000	0.997457	0.000268	0.999945	0.001456	0.996769	0.000045	1.003010	0.000045	1.001592	0.000065	1354697856.870373	1.000039	42.794988	29.258713	8.129229	1.000001	0.931106	1.000000	1.000000	1.000331	0.000088	1.004885	0.000106	1.016335	0.000029	1.026052	0.000022	1.010681	0.000047	1.000000	1.000000	
1354697857.870119	1.000000	30.446106	17.136017	6.127563	0.996217	0.000068	0.994878	0.000142	1.000000	1.000000	1.000024	0.000224	1.000299	0.000077	0.999972	0.000014	0.995885	0.000013	1.000229	0.000039	1354697857.870372	0.999999	43.306484	29.770780	8.107216	1.000000	1.000000	1.000000	1.000000	1.000074	0.000058	1.000324	0.000087	1.000073	0.000048	0.999852	0.000050	0.999850	0.000064	1.000000	1.000000	
1354697858.870119	1.000000	36.474930	23.144333	6.115234	1.000000	0.950065	1.005307	0.000128	1.000000	1.000000	1.000000	0.000290	1.000005	0.001489	1.000935	0.000051	0.999199	0.000049	0.997255	0.000067	1354697858.870337	0.999965	36.952543	23.394649	8.123820	0.999986	0.049930	1.000000	1.000000	1.000043	0.000072	0.999976	0.000112	1.003150	0.000007	0.998586	0.000007	0.999667	0.000032	1.000000	1.000000	
1354697859.870119	1.000000	36.784363	23.448700	6.133728	1.000000	1.000000	1.001227	0.000145	1.000000	1.000000	1.002711	0.000250	0.999708	0.000074	1.000358	0.000014	0.997546	0.000014	1.001204	0.000061	1354697859.870335	0.999998	36.571160	23.014402	8.091644	1.000303	0.000018	1.000000	1.000000	0.999433	0.000057	0.999964	0.000087	0.999836	0.000049	0.999337	0.000060	0.999454	0.000066	1.000000	1.000000	
1354697860.870119	1.000000	36.103073	22.783249	6.102905	1.000001	0.895003	0.999560	0.000449	1.000001	1.000000	0.997448	0.000264	1.000016	0.001212	0.999392	0.000047	1.000366	0.000046	0.999317	0.000063	1354697860.870330	0.999995	37.278202	23.729611	8.076304	1.000000	0.105043	1.000000	1.000000	1.000241	0.000072	0.999735	0.000089	0.999519	0.000007	1.001779	0.000007	1.001591	0.000033	1.000000	1.000000	
1354697861.870119	1.000000	35.681595	22.350723	6.127563	0.999999	0.820156	0.996791	0.000207	1.000000	1.000000	1.002301	0.000293	1.000030	0.001469	0.997863	0.000014	0.990566	0.000014	1.001869	0.000038	1354697861.870367	1.000037	37.787971	24.246739	8.103353	1.000003	0.180131	1.000000	1.000000	0.999837	0.000119	1.000102	0.000155	1.000033	0.000047	0.999701	0.000048	0.999777	0.000066	1.000000	1.000000	
1354697862.870119	1.000000	36.199112	22.866821	6.127563	1.000000	0.910075	1.004438	0.000155	1.000000	1.000000	0.997798	0.000333	0.999959	0.000907	1.000991	0.000050	1.002096	0.000048	1.000942	0.000065	1354697862.870345	0.999978	37.198371	23.653992	8.044580	0.999993	0.091588	1.000000	1.000000	0.999920	0.000111	0.999958	0.000129	1.000483	0.000007	1.003512	0.000007	1.000106	0.000033	1.000000	1.000000	
1354697863.870119	1.000000	36.786636	23.452133	6.127563	1.000000	1.000000	0.998866	0.000562	1.000000	1.000000	1.002764	0.000246	0.999769	0.000057	0.998482	0.000014	1.002918	0.000014	0.998116	0.000040	1354697863.870337	0.999992	36.589988	23.052387	8.090215	1.000677	0.000038	1.000000	1.000000	1.000187	0.000159	1.000142	0.000111	0.999931	0.000050	0.999879	0.000102	0.999498	0.000067	1.000000	1.000000	
1354697864.870119	1.000000	36.817856	23.484177	6.115234	1.000000	1.000000	1.005416	0.000110	1.000000	1.000000	0.999722	0.002232	1.000094	0.000098	0.999951	0.000047	0.999175	0.000045	0.999646	0.000088	1354697864.870337	1.000000	36.574493	23.034958	8.096191	0.999479	0.000055	1.000000	1.000000	0.999945	0.000182	0.999850	0.000090	0.980287	0.000007	0.985132	0.000007	1.000462	0.000033	1.000000	1.000000	
1354697865.870119	1.000000	36.763199	23.429062	6.109070	1.000000	1.000000	0.998704	0.000441	1.000000	1.000000	1.003625	0.000231	0.999706	0.000059	0.998683	0.000014	1.001475	0.000014	1.001551	0.000038	1354697865.870343	1.000006	36.563106	23.010529	8.109021	1.000349	0.000018	1.000000	1.000000	0.999789	0.000166	0.999973	0.000087	1.003118	0.000049	1.001754	0.000049	1.000188	0.000066	1.000000	1.000000	
1354697866.870119	1.000000	36.768295	23.434525	6.133728	1.000000	1.000000	1.006814	0.000111	0.999999	1.000000	0.997244	0.000261	1.000028	0.000096	0.991554	0.000050	0.989650	0.000046	1.000720	0.000065	1354697866.870343	1.000000	36.561630	23.026382	8.082947	0.998242	0.000060	1.000000	1.000000	1.000218	0.000182	1.000043	0.000089	0.998654	0.000007	1.004715	0.000006	0.999812	0.000033	1.000000	1.000000	
1354697867.870119	1.000000	36.773514	23.440292	6.121399	1.000000	1.000000	0.995644	0.000153	1.000000	1.000000	1.001939	0.000246	1.000313	0.000074	1.014707	0.000029	1.005817	0.000029	1.000308	0.000054	1354697867.870344	1.000001	36.589534	23.046243	8.123787	1.002690	0.000033	1.000000	1.000000	0.999986	0.000165	0.993955	0.000089	0.989561	0.000050	0.996095	0.000131	0.992523	0.000067	1.000000	1.000000	
1354697868.870119	1.000000	37.144028	23.808075	6.120209	1.000000	1.000000	1.000188	0.003455	1.000000	1.000000	0.999778	0.003082	0.999987	0.002869	1.000001	0.002849	1.000075	0.002696	0.999999	0.002691	1354697868.870341	0.999997	36.675925	23.122935	8.082423	0.999998	0.002794	1.000000	0.999562	0.999988	0.002909	1.000169	0.003025	1.000189	0.002754	1.000168	0.002826	1.000121	0.003732	1.000000	1.000000	
1354697869.870119	1.000000	36.727615	23.406906	6.121399	1.000000	1.000000	0.997008	0.000211	1.000000	1.000000	1.001650	0.000425	1.002593	0.000058	1.004634	0.000014	1.007844	0.000014	0.998074	0.000060	1354697869.870335	0.999994	36.566166	23.015503	8.082339	1.006468	0.000046	1.000000	1.000000	1.000515	0.000052	0.999723	0.000160	1.000094	0.000049	0.999865	0.000051	1.000782	0.000065	1.000000	1.000000	
1354697870.870119	1.000000	36.771149	23.437744	6.121399	1.000000	1.000000	1.001078	0.000433	1.000000	1.000000	0.997291	0.000259	0.998799	0.000095	1.000516	0.000093	1.000906	0.000044	1.001559	0.000064	1354697870.870341	1.000006	36.534969	23.007111	8.087751	0.995059	0.000058	1.000000	1.000000	1.000083	0.000074	1.000303	0.000192	0.998344	0.000007	1.000643	0.000007	0.998819	0.000033	1.000000	1.000000	
1354697871.870119	1.000000	36.771454	23.437042	6.109070	1.000000	1.000000	0.994830	0.000140	1.000000	1.000000	1.002504	0.000232	1.000611	0.000060	0.999552	0.000014	0.995735	0.000014	0.997291	0.000039	1354697871.870339	0.999998	36.551339	23.003233	8.086395	1.000196	0.000018	1.000000	1.000000	0.999741	0.000057	0.999953	0.000196	1.000030	0.000052	1.000064	0.000132	1.000660	0.000070	1.000000	1.000000	
1354697872.870119	1.000000	36.772339	23.443787	6.127563	1.000000	1.000001	1.006212	0.000110	1.000000	1.000000	0.997859	0.000268	0.999688	0.000097	0.998966	0.000048	0.999349	0.000046	0.999427	0.000066	1354697872.870338	0.999999	36.555943	23.014304	8.101204	0.999863	0.000059	1.000000	1.000000	1.000090	0.000073	0.999966	0.000195	0.999037	0.000007	1.003127	0.000007	0.999611	0.000033	1.000000	1.000000	
1354697873.870119	1.000000	36.752991	23.422745	6.115234	1.000000	0.999999	1.000278	0.000144	1.000000	1.000000	1.002850	0.000234	0.999531	0.000060	0.996006	0.000014	1.002242	0.000014	1.001012	0.000038	1354697873.870338	1.000000	36.542053	22.987152	8.128098	1.000022	0.000018	1.000000	1.000000	0.999408	0.000056	1.000036	0.000214	1.000415	0.000050	0.999766	0.000049	1.000168	0.000067	1.000000	1.000000	
1354697874.870119	1.000000	36.781952	23.447693	6.096741	1.000000	1.000000	0.999761	0.000142	1.000000	1.000000	0.999769	0.002286	0.999285	0.000097	1.004348	0.000051	0.999746	0.000047	1.000061	0.000088	1354697874.870334	0.999996	36.544643	22.990816	8.114153	0.999650	0.000060	1.000000	1.000000	0.999899	0.000088	0.997161	0.000196	0.979132	0.000007	0.975808	0.000007	1.000475	0.000032	1.000000	1.000000	
1354697875.870119	1.000000	36.789902	23.455475	6.115234	1.000000	1.000001	0.998608	0.000459	1.000000	1.000000	1.002624	0.000214	1.000568	0.000059	0.983850	0.000014	0.997621	0.000014	1.002033	0.000038	1354697875.870344	1.000010	36.553681	23.004759	8.089351	1.000562	0.000018	1.000000	1.000000	1.000749	0.000057	1.002691	0.000216	1.002690	0.000051	1.001182	0.000143	1.000111	0.000069	1.000000	1.000000	
1354697876.870119	1.000000	36.780029	23.446762	6.127563	1.000000	1.000000	1.006060	0.000137	1.000000	1.000000	0.997764	0.000265	1.000331	0.000118	0.999862	0.000047	0.999225	0.000060	0.999727	0.000066	1354697876.870341	0.999997	36.552283	23.009700	8.098246	0.999973	0.000058	1.000000	1.000000	1.000016	0.000072	0.999827	0.000190	0.998716	0.000006	1.000667	0.000034	0.998640	0.000033	1.000000	1.000000	
1354697877.870119	1.000000	36.762619	23.429214	6.109070	1.000000	1.000000	0.995867	0.000207	1.000000	1.000000	1.002491	0.000261	0.999940	0.000109	1.000215	0.000029	1.008193	0.000014	0.998901	0.000052	1354697877.870338	0.999997	36.550895	22.999552	8.093470	1.000698	0.000018	1.000000	1.000000	0.999935	0.000071	0.999904	0.000189	1.000197	0.000051	1.000294	0.000050	1.000017	0.000068	1.000000	1.000000	
1354697878.870119	1.000000	36.792587	23.459152	6.109070	1.000000	1.000000	1.004823	0.000143	1.000000	1.000000	0.997839	0.000286	1.000102	0.000095	0.989374	0.000051	0.989228	0.000047	1.001035	0.000064	1354697878.870337	0.999999	36.507420	22.968101	8.088875	0.997924	0.000059	1.000000	1.000000	0.999974	0.000074	0.999982	0.000209	0.997725	0.000007	0.997104	0.000007	1.000036	0.000032	1.000000	1.000000	
1354697879.870119	1.000000	36.751953	23.432083	6.090576	1.000000	1.000000	0.997452	0.000140	1.000000	1.000001	1.002058	0.000252	1.000288	0.000074	1.017517	0.000029	1.014578	0.000029	0.999370	0.000075	1354697879.870323	0.999986	36.540278	22.997043	8.090537	1.003773	0.000033	1.000000	1.000000	0.999912	0.000057	0.997235	0.000192	0.990353	0.000051	0.991712	0.000062	0.992428	0.000067	1.000000	1.000000	
1354697880.870119	1.000000	36.772644	23.437714	6.121399	1.000000	1.000000	0.999689	0.000465	0.999999	1.000000	0.997368	0.000286	0.999700	0.000105	1.000337	0.000048	1.001388	0.000046	0.999112	0.000065	1354697880.870340	1.000017	36.549003	22.996666	8.095536	0.999950	0.000093	1.000000	1.000000	0.999630	0.000089	1.002600	0.000206	1.015068	0.000034	1.023022	0.000021	1.010121	0.000047	1.000000	1.000000	
1354697881.870119	1.000000	36.776337	23.443604	6.133728	1.000000	1.000000	0.999301	0.000341	1.000001	1.000000	1.000094	0.000216	1.000162	0.000060	0.998529	0.000014	0.999607	0.000014	1.002061	0.000039	1354697881.870346	1.000006	36.552654	23.016541	8.087812	1.000237	0.000018	1.000000	1.000000	1.000579	0.000057	0.999964	0.000194	0.999700	0.000049	1.000495	0.000050	1.000595	0.000066	1.000000	1.000000	
1354697882.870119	1.000000	36.799240	23.465393	6.121399	1.000000	1.000000	0.999596	0.000112	1.000000	1.000000	1.000211	0.000750	1.000078	0.000094	1.000442	0.000096	1.000182	0.000047	0.998271	0.000065	1354697882.870335	0.999989	36.537678	22.990685	8.104947	0.999784	0.000105	1.000000	1.000000	0.999958	0.000073	0.999783	0.000192	1.001245	0.000007	0.998752	0.000007	1.000196	0.000032	1.000000	1.000000	
1354697883.870119	1.000000	36.789124	23.455475	6.115234	1.000000	1.000000	1.000370	0.000145	1.000000	1.000000	1.002321	0.000234	0.999961	0.000060	0.997748	0.000014	1.000673	0.000014	1.002454	0.000038	1354697883.870344	1.000009	36.538274	22.989019	8.097278	1.000478	0.000018	1.000000	1.000000	0.999738	0.000056	1.000159	0.000210	1.000070	0.000049	1.001117	0.000058	1.000501	0.000068	1.000000	1.000000	
1354697884.870119	1.000000	36.808014	23.473801	6.127563	1.000000	1.000000	0.999986	0.000167	1.000000	1.000001	0.999777	0.002341	0.999869	0.000097	1.000239	0.000047	1.002817	0.000046	0.998417	0.000089	1354697884.870337	0.999993	36.528603	22.974860	8.078089	0.999838	0.000088	1.000000	1.000000	1.000091	0.000072	1.000012	0.000195	0.972776	0.000007	0.970972	0.000007	0.998675	0.000033	1.000000	1.000000	
1354697885.870119	1.000000	36.810532	23.475708	6.109009	1.000000	1.000000	1.000271	0.000673	1.000000	1.000000	0.999181	0.000215	1.000613	0.000059	1.007962	0.000014	0.991690	0.000014	1.001843	0.000037	1354697885.870338	1.000001	36.547603	22.996209	8.092796	1.000108	0.000018	1.000000	1.000000	0.999829	0.000057	1.000028	0.000195	1.004189	0.000049	1.002481	0.000049	1.000446	0.000066	1.000000	1.000000	
1354697886.870119	1.000000	36.785461	23.451904	6.133728	1.000000	1.000000	0.998601	0.000112	1.000000	1.000000	1.000023	0.000290	0.999711	0.000096	0.997516	0.000049	0.999483	0.000046	1.000248	0.000065	1354697886.870337	0.999999	36.523457	22.989234	8.089180	0.999955	0.000060	1.000000	1.000000	0.999722	0.000072	0.999905	0.000190	1.002261	0.000007	0.999946	0.000007	0.999111	0.000032	1.000000	1.000000	
1354697887.870119	1.000000	36.783264	23.450394	6.121399	1.000000	1.000000	0.999805	0.000150	1.000000	1.000000	1.000032	0.000214	1.000111	0.000059	0.999362	0.000014	1.000167	0.000014	1.002796	0.000038	1354697887.870343	1.000006	36.557628	23.020249	8.091810	0.999171	0.000018	1.000000	1.000000	1.000489	0.000057	1.000024	0.000192	0.999413	0.000051	1.000307	0.000104	1.000053	0.000066	1.000000	1.000000	
1354697888.870119	1.000000	36.768692	23.449799	6.121399	1.000000	1.000000	0.999817	0.000145	1.000000	1.000000	1.000011	0.000289	0.999913	0.000098	0.997248	0.000048	0.998749	0.000045	0.997697	0.000065	1354697888.870337	0.999994	36.559529	23.016556	8.101992	1.000241	0.000059	1.000000	1.000000	0.999889	0.000073	1.000020	0.000217	1.001528	0.000007	1.000439	0.000007	1.000654	0.000033	1.000000	1.000000	
1354697889.870119	1.000000	36.802048	23.469330	6.115234	1.000000	1.000000	1.000718	0.000163	1.000000	1.000000	1.003186	0.000213	1.000196	0.000059	1.009227	0.000014	1.005705	0.000014	1.000444	0.000062	1354697889.870336	0.999999	36.538823	22.995063	8.087349	1.000567	0.000018	1.000000	1.000000	1.000109	0.000057	0.999924	0.000193	0.999645	0.000049	1.000094	0.000049	0.999454	0.000065	1.000000	1.000000	
1354697890.870119	1.000000	36.797134	23.463776	6.121399	1.000000	1.000000	0.999796	0.000430	1.000000	1.000000	0.998117	0.000286	0.999758	0.000094	0.991576	0.000049	0.988449	0.000046	1.000024	0.000063	1354697890.870336	1.000000	36.549683	23.011108	8.069809	0.998040	0.000060	1.000000	1.000000	0.999978	0.000071	0.999968	0.000195	1.001950	0.000007	0.998800	0.000007	0.999536	0.000032	1.000000	1.000000	
1354697891.870119	1.000000	36.764938	23.430618	6.127563	0.999999	1.000000	1.001129	0.000161	1.000000	1.000000	0.998950	0.000232	1.000073	0.000074	1.014884	0.000029	1.017808	0.000029	1.000194	0.000054	1354697891.870338	1.000002	36.553061	22.993761	8.097381	1.003500	0.000033	1.000000	1.000000	0.999980	0.000057	0.997392	0.000194	0.989625	0.000050	0.990711	0.000057	0.993194	0.000068	1.000000	1.000000	
1354697892.870119	1.000000	36.784851	23.451324	6.109070	1.000000	1.000000	1.000034	0.000112	1.000000	1.000000	1.000137	0.000287	1.001460	0.000095	0.999101	0.000047	1.002713	0.000046	0.999487	0.000064	1354697892.870333	0.999995	36.545761	23.010247	8.088465	0.999846	0.000060	1.000000	1.000000	0.999973	0.000087	1.002394	0.000209	1.016991	0.000028	1.023809	0.000021	1.010849	0.000046	1.000000	1.000000	
1354697893.870119	1.000000	37.245895	23.910263	6.126343	1.000000	1.000000	1.000028	0.004022	1.000000	1.000000	1.000214	0.003351	0.999982	0.003047	1.000048	0.002768	0.999953	0.002699	0.999998	0.002680	1354697893.870336	1.000003	37.286261	23.733249	8.072759	1.000100	0.002921	1.000000	1.000000	0.999929	0.002766	0.999997	0.002969	1.000019	0.002684	0.999995	0.002610	0.999998	0.003767	1.000000	1.000000	
1354697894.870119	1.000000	36.801483	23.469452	6.127563	1.000000	1.000000	0.998521	0.000224	1.000000	1.000000	0.999720	0.002240	0.999841	0.000095	0.996986	0.000042	0.998955	0.000038	0.999896	0.000089	1354697894.870336	1.000000	36.563461	23.030792	8.109207	0.994037	0.000051	1.000000	1.000000	1.002271	0.000067	1.000118	0.000091	0.978199	0.000007	0.978912	0.000007	0.999255	0.000033	1.000000	1.000000	
1354697895.870119	1.000000	36.816879	23.483414	6.127563	1.000000	1.000000	0.999916	0.000450	1.000001	0.999999	0.999686	0.000213	1.000213	0.000060	1.001019	0.000014	1.012408	0.000014	1.000910	0.000038	1354697895.870341	1.000005	36.507202	22.980567	8.054006	1.000653	0.000018	1.000000	1.000000	1.000730	0.000057	0.999774	0.000089	1.002712	0.000051	1.002665	0.000057	0.999946	0.000071	1.000000	1.000000	
1354697896.870119	1.000000	30.936264	17.636246	6.102905	0.999999	0.063205	1.001640	0.000113	1.000000	1.000001	0.999982	0.001459	0.999760	0.000096	0.999323	0.000047	0.999505	0.000047	0.999976	0.005727	1354697896.870371	1.000030	42.801525	29.265799	8.104935	1.000001	0.937118	1.000000	1.000000	0.999887	0.000072	0.999855	0.000088	0.995858	0.000007	1.001086	0.000007	1.001873	0.000031	1.000000	1.000000	
1354697897.870119	1.000000	30.591080	17.285538	6.109070	0.993706	0.000072	1.000062	0.008820	0.999999	1.000000	1.002895	0.000239	0.998234	0.000057	0.999631	0.000014	1.007583	0.000013	1.000512	0.000283	1354697897.870363	0.999992	43.302780	29.766477	8.131398	1.000000	1.000000	1.000000	1.000000	0.999921	0.000054	1.000059	0.000084	1.000569	0.000049	1.000273	0.000051	0.999340	0.000064	1.000000	1.000000	
1354697898.870119	1.000000	35.616455	22.294235	6.115234	1.000000	0.822075	0.999618	0.001720	1.000000	1.000000	0.998112	0.000270	1.000037	0.000094	1.001076	0.000052	0.995899	0.000048	0.999023	0.000065	1354697898.870339	0.999976	37.794855	24.251530	8.103467	0.999996	0.177954	1.000000	1.000000	0.999956	0.000070	0.999976	0.000111	1.002164	0.000007	0.998191	0.000007	0.999739	0.000033	1.000000	1.000000	
1354697899.870119	1.000000	36.733948	23.403214	6.115234	1.000000	1.000000	1.000239	0.000186	1.000000	1.000000	1.002055	0.000232	1.000098	0.000059	1.004028	0.000014	0.998653	0.000014	1.001305	0.000061	1354697899.870343	1.000004	36.582036	23.046064	8.101530	0.999460	0.000018	1.000000	1.000000	0.999463	0.000057	1.000092	0.000088	1.000038	0.000051	0.999571	0.000061	0.999590	0.000067	1.000000	1.000000	
1354697900.870119	1.000000	36.739044	23.410797	6.115234	1.000001	1.000000	0.999831	0.000438	1.000000	1.000000	0.997638	0.000288	1.002230	0.000096	0.996947	0.000048	1.004744	0.000045	0.999295	0.000062	1354697900.870335	0.999992	36.864938	23.326971	8.075963	0.999984	0.006538	1.000000	1.000000	1.000459	0.000071	1.000097	0.000087	0.992942	0.000007	1.002200	0.000007	1.001084	0.000030	1.000000	1.000000	
1354697901.870119	1.000000	36.751556	23.416595	6.115234	0.999999	1.000000	1.000522	0.000131	1.000000	1.000000	0.999956	0.000213	0.997361	0.000060	1.002379	0.000014	0.983738	0.000014	1.001802	0.000039	1354697901.870343	1.000008	36.578225	23.031780	8.113551	1.000502	0.000013	1.000000	1.000000	0.999610	0.000057	0.999635	0.000089	1.000114	0.000051	0.999655	0.000050	0.999416	0.000067	1.000000	1.000000	
1354697902.870119	1.000000	37.039810	23.705811	6.133728	1.000000	1.000000	1.000082	0.006215	1.000000	1.000000	1.000069	0.001874	0.999664	0.000091	0.991315	0.000051	0.989351	0.000047	0.998371	0.000062	1354697902.870324	0.999981	36.570888	23.016095	8.077287	0.999322	0.000178	1.000000	1.000000	1.000359	0.000070	1.000237	0.000088	1.003785	0.000007	1.001712	0.000007	1.001082	0.000033	1.000000	1.000000	
1354697903.870119	1.000000	37.014053	23.680191	6.115234	1.000001	1.000000	0.999899	0.007444	1.000000	1.000000	1.001621	0.000319	1.000050	0.000070	1.015592	0.000029	1.018704	0.000029	0.999573	0.000051	1354697903.870339	1.000015	36.574417	23.026372	8.097031	1.003264	0.000034	1.000000	1.000000	0.999906	0.000053	0.994866	0.000105	0.989753	0.000051	0.991827	0.000059	0.992352	0.000068	1.000000	1.000000	
1354697904.870119	1.000000	30.966660	17.655884	6.121399	0.999993	0.072198	1.000141	0.000229	1.000000	1.000000	0.999677	0.002260	0.999435	0.000098	1.000524	0.000046	1.001591	0.000044	1.000258	0.000481	1354697904.870369	1.000030	42.718443	29.198281	8.114151	1.000001	0.931112	1.000000	1.000000	0.999949	0.000166	0.999827	0.000105	1.018697	0.000029	1.021049	0.000022	1.010750	0.000048	1.000000	1.000000	
1354697905.870119	1.000000	35.752716	22.441666	6.115234	1.000000	0.850895	0.999959	0.001395	1.000000	1.000000	1.003106	0.000235	1.001187	0.000060	0.999420	0.000014	0.992500	0.000014	0.998563	0.000037	1354697905.870344	0.999975	37.595912	24.037879	8.115422	0.999996	0.148949	1.000000	1.000000	0.999979	0.000111	1.005176	0.000107	0.999730	0.000049	1.001347	0.000049	1.000051	0.000068	1.000000	1.000000	
1354697906.870119	1.000000	37.031616	23.700211	6.102905	1.000000	1.000000	1.000048	0.000129	1.000000	1.000000	0.999738	0.002880	0.999993	0.005401	1.000228	0.000049	1.000376	0.000046	0.998719	0.000063	1354697906.870337	0.999993	36.589349	23.047217	8.104182	0.999989	0.000172	1.000000	1.000000	1.000016	0.000071	0.999526	0.000086	1.003084	0.000007	0.994109	0.000007	0.999256	0.000032	1.000000	1.000000	
1354697907.870119	1.000000	37.027588	23.693665	6.115234	0.999999	1.000000	0.999954	0.007334	1.000000	0.999999	1.001546	0.000477	1.000144	0.000056	1.007138	0.000014	0.996825	0.000014	1.000452	0.000038	1354697907.870345	1.000008	36.583917	23.030148	8.106074	1.000261	0.000018	1.000000	1.000000	0.999993	0.000055	1.000331	0.000085	0.999577	0.000048	1.000502	0.000060	1.000047	0.000066	1.000000	1.000000	
1354697908.870119	1.000000	30.974716	17.662582	6.115234	1.000000	0.063193	1.000242	0.000291	1.000000	1.000000	0.999486	0.001441	1.001025	0.000094	0.997207	0.000044	1.002748	0.000043	0.999982	0.005481	1354697908.870371	1.000026	42.779055	29.247546	8.122592	1.000001	0.937121	1.000000	1.000000	0.999895	0.000070	1.000025	0.000109	0.997468	0.000007	0.998321	0.000007	1.000575	0.000031	1.000000	1.000000	
1354697909.870119	1.000000	30.528381	17.227554	6.127563	1.004888	0.000060	1.000227	0.000148	1.000000	1.000000	1.002943	0.000241	1.000053	0.000059	0.998242	0.000014	1.004221	0.000013	0.999985	0.006351	1354697909.870373	1.000002	43.247278	29.723805	8.066284	1.000000	1.000000	1.000000	1.000000	1.000036	0.000053	0.999925	0.000083	1.000361	0.000047	0.999729	0.000048	1.000247	0.000063	1.000000	1.000000	
1354697910.870119	1.000000	35.818405	22.497040	6.127563	1.000000	0.857096	1.000228	0.000427	1.000000	1.000000	0.998137	0.000270	1.001125	0.000093	1.007072	0.000050	0.999441	0.000048	1.000135	0.001040	1354697910.870342	0.999969	37.568456	24.015454	8.112861	0.999995	0.142947	1.000000	1.000000	0.999636	0.000072	1.000039	0.000089	1.000217	0.000007	0.998102	0.000007	0.998456	0.000033	1.000000	1.000000	
1354697911.870119	1.000000	29.117798	15.820663	5.113708	0.999980	0.614022	0.955134	0.000383	0.999993	0.613938	0.754918	0.000282	0.936320	0.000063	0.761178	0.000017	0.995448	0.000014	0.906075	0.000042	1354697911.870528	1.000186	33.181040	19.893182	5.392857	1.000073	0.000032	0.999999	0.613658	1.000503	0.000070	1.000049	0.000103	1.000104	0.000071	0.999933	0.000081	1.000608	0.000083	1.000000	1.000000	
1354697912.870118	0.999999	18.046923	4.796407	3.486072	0.891168	0.000543	0.561405	0.000202	0.722265	0.000065	0.696423	0.000932	0.647896	0.000153	0.709124	0.000062	0.730733	0.000063	0.667451	0.000104	1354697912.870589	1.000061	28.825313	15.771712	2.713595	1.000038	0.000091	1.000039	0.000020	0.999985	0.000328	0.999994	0.000139	0.997007	0.000007	1.003728	0.000007	1.000019	0.000060	1.000000	1.000000	
1354697913.870118	1.000000	17.989029	4.745056	3.403656	0.590789	0.000107	0.605559	0.000301	0.717789	0.000019	0.561577	0.000345	0.597712	0.000095	0.714217	0.000019	0.631866	0.000021	0.731442	0.000053	1354697913.870532	0.999943	28.803140	15.753431	2.715243	0.999764	0.000052	1.000000	0.000081	1.000005	0.000073	1.000000	0.000171	1.000244	0.000063	0.999345	0.000063	0.999480	0.000100	1.000000	1.000000	
1354697914.870118	1.000000	18.038208	4.800262	3.424744	0.814736	0.000321	0.598586	0.000242	0.773861	0.000079	0.892547	0.002517	0.663763	0.000147	0.738589	0.000065	0.741426	0.000062	0.651295	0.000146	1354697914.870479	0.999947	28.777402	15.742380	2.714896	0.998902	0.000109	0.999965	0.000033	0.999976	0.000111	0.999969	0.000150	0.505191	0.000014	0.981552	0.000007	1.001002	0.000053	1.000000	1.000000	
1354697915.870118	1.000000	17.948792	4.709290	3.556274	0.558221	0.000135	0.679012	0.000702	0.567823	0.000052	0.554078	0.000367	0.602723	0.000122	0.552878	0.000052	0.559943	0.000052	0.616903	0.000086	1354697915.870513	1.000034	28.785151	15.740461	2.717620	1.002115	0.000060	0.995199	0.000108	0.999753	0.000061	0.995608	0.000121	1.090301	0.000072	0.995782	0.000080	0.994990	0.000104	1.000000	1.000000	
1354697916.870118	1.000000	17.977676	4.742035	3.446442	0.787550	0.000342	0.576325	0.000197	0.746360	0.000074	0.567417	0.000428	0.675014	0.000143	0.650867	0.000069	0.694185	0.000068	0.609922	0.000103	1354697916.870529	1.000016	28.792600	15.750298	2.698443	0.999909	0.000059	1.010436	0.000050	1.000044	0.000141	1.003226	0.000166	1.014697	0.000035	1.012428	0.000042	1.005586	0.000093	1.000000	1.000000	
1354697917.870119	1.000001	18.048048	4.815334	3.419995	0.555646	0.000465	0.587995	0.000236	0.529637	0.000022	0.541001	0.000360	0.650754	0.000088	0.554961	0.000020	0.539450	0.000021	0.642851	0.000057	1354697917.870528	0.999999	28.784985	15.742752	2.714267	1.000248	0.000025	0.999893	0.000065	1.000039	0.000088	0.999997	0.000124	0.999984	0.000070	0.999904	0.000072	0.999609	0.000089	1.000000	1.000000	
1354697918.870118	0.999999	21.815267	8.578103	3.460346	0.989781	0.003419	0.978398	0.003590	0.992704	0.002811	0.962144	0.003075	0.980742	0.002695	0.975105	0.002769	0.992468	0.002691	0.988419	0.002580	1354697918.870362	0.999834	29.043714	16.000198	2.709953	0.999995	0.002774	0.999998	0.002600	0.999991	0.002641	0.999998	0.002630	0.999997	0.002623	0.999994	0.002439	1.000000	0.003694	1.000000	1.000000	
1354697919.870118	1.000000	17.953796	4.732147	3.324463	0.580444	0.000107	0.580968	0.000232	0.707693	0.000019	0.542920	0.000355	0.629536	0.000088	0.716788	0.000018	0.675355	0.000019	0.636728	0.000091	1354697919.870471	1.000109	28.779152	15.737040	2.704219	1.010276	0.000028	0.999994	0.000065	1.000056	0.000076	0.999991	0.000122	1.000011	0.000072	1.000078	0.000079	0.999992	0.000102	1.000000	1.000000	
1354697920.870118	1.000000	18.017212	4.786697	3.410645	0.842940	0.000288	0.690523	0.000631	0.757171	0.000072	0.598120	0.000393	0.661776	0.000145	0.720579	0.000061	0.668752	0.000062	0.681007	0.000093	1354697920.870481	1.000010	28.767397	15.726436	2.713703	0.995858	0.000075	0.999929	0.000060	0.999831	0.000107	0.999984	0.000142	0.998758	0.000007	0.999076	0.000007	1.000108	0.000054	1.000000	1.000000	
1354697921.870118	1.000000	17.987640	4.757751	3.350571	0.563897	0.000143	0.585475	0.000239	0.713194	0.000019	0.537837	0.000362	0.631255	0.000093	0.570102	0.000020	0.715878	0.000019	0.652524	0.000060	1354697921.870503	1.000022	28.748286	15.711646	2.709810	1.000545	0.000018	1.000071	0.000076	1.000141	0.000095	0.999926	0.000135	1.000133	0.000078	0.999896	0.000074	0.999763	0.000115	1.000000	1.000000	
1354697922.870118	1.000000	18.009796	4.782104	3.331924	0.841346	0.000285	0.581391	0.000193	0.737616	0.000075	0.576745	0.000425	0.662827	0.000146	0.728122	0.000066	0.702497	0.000067	0.617657	0.000102	1354697922.870554	1.000051	28.747557	15.711982	2.715026	0.999906	0.000090	1.000044	0.000026	0.999993	0.000117	0.999948	0.000125	1.000162	0.000007	1.001421	0.000007	1.000928	0.000054	1.000000	1.000000	
1354697923.870118	1.000000	18.005356	4.776413	3.417450	0.570903	0.000115	0.750862	0.000720	0.481963	0.000026	0.570000	0.000341	0.638551	0.000090	0.538542	0.000021	0.694378	0.000019	0.639394	0.000058	1354697923.870522	0.999968	28.754810	15.715773	2.709407	1.000304	0.000018	0.999983	0.000067	0.999861	0.000108	0.999955	0.000164	0.999988	0.000065	0.999972	0.000082	0.999725	0.000118	1.000000	1.000000	
1354697924.870118	1.000000	17.993439	4.766373	3.425873	0.832442	0.000292	0.634126	0.000219	0.768272	0.000089	0.893367	0.002505	0.663095	0.000152	0.694326	0.000067	0.728556	0.000066	0.655472	0.000134	1354697924.870485	0.999963	28.721215	15.695770	2.716150	0.999837	0.000073	0.999971	0.000027	1.000060	0.000149	1.000024	0.000142	0.976937	0.000007	0.977796	0.000007	1.000019	0.000060	1.000000	1.000000	
1354697925.870118	1.000000	17.944168	4.718369	3.403976	0.572895	0.000108	0.697117	0.000632	0.713644	0.000019	0.594534	0.000321	0.593978	0.000095	0.709055	0.000019	0.709943	0.000019	0.684239	0.000056	1354697925.870554	1.000069	28.748614	15.713227	2.709164	1.000891	0.000018	0.999950	0.000108	0.999841	0.000082	1.000082	0.000132	1.002418	0.000070	1.002142	0.000073	1.000152	0.000109	1.000000	1.000000	
1354697926.870118	1.000000	17.968277	4.743011	3.434616	0.820962	0.000315	0.571987	0.000196	0.746322	0.000074	0.577780	0.000416	0.627311	0.000146	0.714553	0.000068	0.701030	0.000067	0.668526	0.000096	1354697926.870532	0.999978	28.745977	15.708062	2.706999	0.998793	0.000092	1.000267	0.000023	1.000105	0.000121	0.999974	0.000131	1.000054	0.000007	0.999781	0.000007	1.000154	0.000052	1.000000	1.000000	
1354697927.870118	1.000000	17.918045	4.691483	3.343750	0.564395	0.000138	0.567233	0.000271	0.496966	0.000056	0.546087	0.000379	0.571512	0.000124	0.505658	0.000053	0.513814	0.000055	0.601111	0.000090	1354697927.870501	0.999969	28.738287	15.699629	2.712746	1.002016	0.000052	0.992255	0.000066	0.999995	0.000080	0.995778	0.000127	0.992823	0.000071	0.993923	0.000085	0.994834	0.000104	1.000000	1.000000	
1354697928.870125	1.000007	17.969404	4.743162	3.405616	0.819961	0.000312	0.612152	0.000263	0.687779	0.000079	0.574219	0.000418	0.612806	0.000151	0.728789	0.000065	0.753807	0.000061	0.641013	0.000101	1354697928.870441	0.999940	28.739962	15.704450	2.707301	0.999824	0.000083	1.006291	0.000082	0.999988	0.000159	1.002528	0.000211	1.010869	0.000048	1.010486	0.000046	1.006625	0.000080	1.000000	1.000000	
1354697929.870118	0.999993	17.947802	4.722155	3.388375	0.609712	0.000111	0.594576	0.000237	0.706969	0.000019	0.544824	0.000358	0.627322	0.000092	0.658192	0.000020	0.704950	0.000019	0.637481	0.000096	1354697929.870478	1.000037	28.725654	15.695206	2.717902	1.000521	0.000018	0.999997	0.000112	0.999923	0.000075	0.999897	0.000119	0.999907	0.000071	0.999926	0.000073	1.000112	0.000107	1.000000	1.000000	
1354697930.870118	1.000000	17.987885	4.765060	3.342789	0.842129	0.000289	0.691295	0.000635	0.737216	0.000083	0.590675	0.000395	0.650845	0.000150	0.673213	0.000069	0.764583	0.000061	0.664807	0.000095	1354697930.870545	1.000067	28.729734	15.697297	2.708025	1.000000	0.000084	1.000025	0.000136	0.999976	0.000111	1.000063	0.000146	0.998980	0.000007	1.005017	0.000007	0.999514	0.000052	1.000000	1.000000	
1354697931.870118	1.000000	17.960098	4.735764	3.336060	0.567667	0.000137	0.567403	0.000229	0.516020	0.000023	0.549009	0.000355	0.614702	0.000092	0.554610	0.000020	0.705684	0.000019	0.650982	0.000059	1354697931.870555	1.000010	28.733446	15.700648	2.709552	0.999673	0.000018	0.999904	0.000056	1.000044	0.000088	1.000006	0.000128	1.000030	0.000077	0.999930	0.000083	0.999944	0.000103	1.000000	1.000000	
1354697932.870118	1.000000	17.981506	4.758972	3.335709	0.840629	0.000286	0.571185	0.000196	0.632398	0.000084	0.586781	0.000454	0.660299	0.000151	0.734153	0.000063	0.724815	0.000063	0.632321	0.000098	1354697932.870537	0.999982	28.730479	15.696020	2.706713	0.999937	0.000086	1.000000	0.000024	1.000036	0.000118	0.999983	0.000140	1.000436	0.000007	1.000874	0.000007	1.000044	0.000053	1.000000	1.000000	
1354697933.870119	1.000001	715817168.750427	715767734.117014	715777584.091873	0.999941	1.000555	0.999941	1.000565	0.999942	1.000567	0.999942	1.000556	0.999944	1.000567	0.999943	1.000551	0.999943	1.000566	0.999941	1.000556	1354697933.870209	0.999672	716029177.247174	716042151.082173	716030242.278396	0.999942	1.000557	0.999940	1.000561	3.896298	0.256785	0.999941	1.000555	0.999944	1.000569	0.999945	1.000558	0.999944	1.000568	0.999943	1.000563	
1354697934.870118	0.999999	0.000000	0.000000	0.000000	-nan	-nan	-nan	-nan	0.000000	inf	-nan	-nan	-nan	0.000000	-nan	-nan	-nan	-nan	-nan	-nan	1354697934.870188	0.999979	0.000000	0.000000	0.000000	-nan	-nan	-nan	-nan	0.000000	inf	-nan	-nan	-nan	-nan	-nan	-nan	-nan	-nan	-nan	-nan	
