ts_0	elapsed_0	pkg_0	pp0_0	dram_0	freq_ratio_0_0	c0_ratio_0_0	freq_ratio_0_1	c0_ratio_0_1	freq_ratio_0_2	c0_ratio_0_2	freq_ratio_0_3	c0_ratio_0_3	freq_ratio_0_4	c0_ratio_0_4	freq_ratio_0_5	c0_ratio_0_5	freq_ratio_0_6	c0_ratio_0_6	freq_ratio_0_7	c0_ratio_0_7	ts_1	elapsed_1	pkg_1	pp0_1	dram_1	freq_ratio_1_0	c0_ratio_1_0	freq_ratio_1_1	c0_ratio_1_1	freq_ratio_1_2	c0_ratio_1_2	freq_ratio_1_3	c0_ratio_1_3	freq_ratio_1_4	c0_ratio_1_4	freq_ratio_1_5	c0_ratio_1_5	freq_ratio_1_6	c0_ratio_1_6	freq_ratio_1_7	c0_ratio_1_7	
1354694293.396755	1.001794	35.487997	22.194434	4.041364	1.156233	0.331799	1.154157	0.325406	1.155100	0.325452	1.156785	0.332143	1.154435	0.321423	1.157356	0.333105	1.154474	0.320255	1.157116	0.332150	1354694293.396926	1.000428	44.243471	30.923534	2.053626	0.999998	0.872197	0.999965	0.518873	1.000001	0.518708	0.999968	0.518602	1.000003	0.518262	0.857745	0.000137	1.003142	0.000083	0.999816	0.519354	
1354694294.396752	0.999997	45.492588	32.173577	4.976441	0.999816	0.940821	1.000001	0.940182	0.999982	0.940218	0.999999	0.940176	0.998581	0.000488	1.001522	0.000089	1.002980	0.000009	1.000031	0.000260	1354694294.396921	0.999995	51.742630	38.414514	2.084758	0.927034	0.999077	0.922491	0.939339	0.922491	0.939337	0.922490	0.939335	0.922487	0.939304	0.911454	0.000085	0.950768	0.000034	0.922482	0.939332	
1354694295.396752	1.000000	42.760498	29.427673	4.820984	0.999359	0.808994	0.999970	0.806536	0.999987	0.806545	0.999987	0.806496	1.001723	0.000384	1.002362	0.000040	0.999884	0.000053	0.984775	0.002764	1354694295.396925	1.000004	50.637337	37.313066	2.168128	0.905135	0.998662	0.902486	0.970599	0.902486	0.970598	0.902486	0.970596	0.902483	0.970560	0.936622	0.000111	0.903035	0.000099	0.902486	0.970595	
1354694296.396754	1.000002	42.032909	28.694632	4.871954	0.999535	0.791800	1.000000	0.789757	1.000000	0.789764	1.000000	0.789695	0.983838	0.000403	1.001417	0.000094	1.029290	0.000008	1.000049	0.000180	1354694296.397005	1.000080	47.841489	34.506040	2.081544	0.933450	0.998963	0.915976	0.788565	0.915976	0.788540	0.915976	0.788518	0.915973	0.788463	0.956088	0.000071	0.944505	0.000023	0.915979	0.788420	
1354694297.396751	0.999997	44.942049	31.598365	4.928268	0.999871	0.909456	0.999979	0.908619	0.999955	0.908694	0.999980	0.908616	1.002008	0.000413	0.994914	0.000040	0.996332	0.000054	1.000143	0.000197	1354694297.396998	0.999993	50.067180	36.727991	2.001738	0.915411	0.998831	0.907016	0.907555	0.907018	0.907570	0.907017	0.907552	0.907012	0.907508	0.944630	0.000124	0.985446	0.000086	0.907019	0.907552	
1354694298.396752	1.000001	44.662006	31.321915	4.909541	0.999681	0.887881	1.000000	0.886431	1.000000	0.886414	1.000000	0.886458	0.997959	0.000422	0.999832	0.000071	0.997846	0.000009	0.999819	0.000238	1354694298.397001	1.000003	51.282541	37.947011	2.003397	0.913873	0.998371	0.910035	0.955793	0.910035	0.955817	0.910035	0.955846	0.910031	0.955828	0.900062	0.000063	0.963217	0.000013	0.910035	0.955953	
1354694299.396752	1.000000	43.226425	29.885437	4.872971	0.999341	0.815817	1.000000	0.813175	1.000000	0.813278	1.000000	0.813219	1.001391	0.000381	0.999545	0.000040	0.999481	0.000053	0.999880	0.000199	1354694299.396939	0.999938	49.776035	36.457445	2.102944	0.919819	0.998243	0.909709	0.885463	0.909709	0.885461	0.909709	0.885458	0.909705	0.885427	0.889678	0.000113	0.890832	0.000088	0.909706	0.885456	
1354694300.396751	0.999999	44.031124	30.696166	4.778844	0.999878	0.851309	1.000000	0.850077	0.999999	0.850110	1.000000	0.850086	0.963344	0.000474	0.999975	0.000078	0.999598	0.000009	1.000001	0.000511	1354694300.396922	0.999983	49.210641	35.885434	2.052937	0.925413	0.998567	0.912324	0.848692	0.912323	0.848674	0.912324	0.848690	0.912321	0.848658	0.892600	0.000054	0.909255	0.000018	0.912323	0.848690	
1354694301.396751	1.000000	44.639954	31.292206	4.895309	0.999702	0.896343	1.000000	0.895263	1.000000	0.895296	1.000000	0.895248	0.989007	0.000493	0.999981	0.000041	0.990415	0.000055	1.000020	0.000188	1354694301.396920	0.999998	49.870701	36.562982	2.148274	0.919403	0.998254	0.910033	0.893565	0.910033	0.893562	0.910033	0.893559	0.910029	0.893523	0.904159	0.000156	0.915190	0.000117	0.910033	0.893555	
1354694302.396751	1.000000	44.844421	31.492203	4.883041	0.999881	0.906323	1.000001	0.905083	1.000000	0.905115	1.000000	0.905082	0.998857	0.000413	0.992842	0.000069	1.004882	0.000009	0.999830	0.000177	1354694302.396926	1.000006	50.010047	36.702525	2.042560	0.916961	0.998683	0.908369	0.903819	0.908369	0.903818	0.908369	0.903817	0.908366	0.903783	0.894268	0.000070	0.918304	0.000018	0.908369	0.903815	
1354694303.396751	1.000000	715804089.611267	715823954.016373	715820287.763245	0.999952	1.000623	0.999951	1.000632	0.999961	1.000629	0.999951	1.000623	0.999954	1.000635	0.999954	1.000619	0.999954	1.000636	0.999951	1.000623	1354694303.396841	0.999915	715881005.302058	715870616.470436	715870262.390173	0.999952	1.000626	0.999950	1.000630	3.895528	0.256857	0.999951	1.000623	0.999953	1.000634	0.999955	1.000623	0.999951	1.000625	0.999954	1.000634	
1354694304.396828	1.000077	0.000000	0.000000	0.000000	-nan	-nan	-nan	-nan	1514552788460.301758	inf	-nan	-nan	-nan	0.000000	0.000000	inf	-nan	-nan	-nan	-nan	1354694304.396909	1.000068	0.000000	0.000000	0.000000	-nan	-nan	-nan	-nan	1.345745	inf	-nan	-nan	-nan	-nan	-nan	-nan	-nan	-nan	-nan	-nan	
