ts_0	elapsed_0	pkg_0	pp0_0	dram_0	freq_ratio_0_0	c0_ratio_0_0	freq_ratio_0_1	c0_ratio_0_1	freq_ratio_0_2	c0_ratio_0_2	freq_ratio_0_3	c0_ratio_0_3	freq_ratio_0_4	c0_ratio_0_4	freq_ratio_0_5	c0_ratio_0_5	freq_ratio_0_6	c0_ratio_0_6	freq_ratio_0_7	c0_ratio_0_7	ts_1	elapsed_1	pkg_1	pp0_1	dram_1	freq_ratio_1_0	c0_ratio_1_0	freq_ratio_1_1	c0_ratio_1_1	freq_ratio_1_2	c0_ratio_1_2	freq_ratio_1_3	c0_ratio_1_3	freq_ratio_1_4	c0_ratio_1_4	freq_ratio_1_5	c0_ratio_1_5	freq_ratio_1_6	c0_ratio_1_6	freq_ratio_1_7	c0_ratio_1_7	
1352518692.691654	1.015607	61.318553	47.474919	6.575491	0.999986	0.847421	0.999739	0.905311	1.000001	0.847712	1.000000	0.846648	0.999979	0.847040	1.000001	0.846632	1.000000	0.846823	1.000001	0.846272	1352518692.691719	1.000333	50.227122	36.675910	5.440647	0.999711	0.860764	0.999995	0.860306	0.988018	0.011022	0.999972	0.859881	0.999939	0.852564	0.968606	0.001339	0.999967	0.852462	0.999959	0.827439	
1352518693.691650	0.999996	65.750740	51.732754	7.536728	0.999893	0.946825	0.999892	0.946828	0.999951	0.946640	0.999976	0.946426	0.999976	0.946559	0.999977	0.946500	0.999973	0.946442	0.999946	0.946558	1352518693.691702	0.999983	53.191086	39.481656	6.518253	1.000000	0.946591	1.000000	0.946537	1.000018	0.003947	1.000000	0.946459	1.000000	0.946450	1.000028	0.002226	1.000000	0.946507	0.999999	0.852589	
1352518694.691653	1.000003	59.489058	45.366604	7.495536	0.999886	0.802345	0.999998	0.802240	0.999999	0.801947	0.999901	0.803925	0.999998	0.801827	0.999999	0.801829	0.999998	0.801698	0.999999	0.801856	1352518694.691744	1.000042	51.406595	37.619775	6.337701	1.000001	0.801844	1.000001	0.801781	0.999947	0.003471	1.000001	0.801685	1.000001	0.801675	1.000229	0.003040	1.000001	0.801732	0.999901	0.851300	
1352518695.691662	1.000009	65.254307	50.843854	8.889965	0.999998	0.398153	0.999987	0.720977	0.999999	0.697824	1.000000	0.988245	1.000000	0.988254	1.000000	0.988218	1.000000	0.988210	1.000000	0.988285	1352518695.691765	1.000021	63.454403	49.468536	7.551996	1.000000	0.988400	1.000000	0.988335	1.000001	0.926535	1.000000	0.988219	1.000000	0.988223	1.000000	0.926542	1.000000	0.988313	1.000000	0.127118	
1352518696.691662	1.000000	65.125183	50.678864	8.934753	1.000002	0.965538	1.000001	0.975698	1.000001	0.732114	0.999994	0.108330	1.000001	0.986522	1.000001	0.986518	1.000001	0.986523	1.000001	0.986530	1352518696.691729	0.999964	63.689961	49.668124	7.635117	0.999999	0.986678	0.999999	0.986587	0.999999	0.986570	0.999999	0.986528	0.999999	0.986465	0.999999	0.986563	0.999999	0.986579	0.999745	0.007135	
1352518697.691666	1.000004	65.052516	50.627053	8.891474	0.999998	0.747054	1.000001	0.930866	1.000000	0.994473	0.999998	0.125421	1.000000	0.994444	1.000000	0.994457	1.000000	0.994468	1.000000	0.994497	1352518697.691742	1.000013	63.879198	49.858492	7.600654	0.999999	0.994536	1.000000	0.994509	1.000000	0.994522	1.000000	0.994481	1.000000	0.994498	1.000000	0.994486	1.000000	0.994522	1.000031	0.007789	
1352518698.691652	0.999986	65.209581	50.757016	8.957676	1.000000	0.988803	1.000000	0.791182	1.000000	0.988530	1.000007	0.016092	1.000000	0.988511	1.000000	0.988520	1.000000	0.988539	1.000000	0.988551	1352518698.691704	0.999962	63.517178	49.510941	7.620391	1.000001	0.988619	1.000000	0.988556	1.000000	0.988551	1.000000	0.988541	1.000000	0.988550	1.000000	0.988548	1.000000	0.988547	1.000000	0.008405	
1352518699.691649	0.999997	65.180225	50.728139	8.942700	1.000000	0.987869	0.999999	0.893466	0.999999	0.860034	1.000015	0.043505	1.000000	0.987566	1.000000	0.987573	1.000000	0.987578	1.000000	0.987594	1352518699.691694	0.999990	63.704984	49.698847	7.591858	1.000000	0.987659	1.000000	0.987603	1.000000	0.987595	1.000000	0.987590	1.000000	0.987595	1.000000	0.987592	1.000000	0.987590	1.000008	0.007562	
1352518700.691652	1.000003	65.275081	50.819957	8.912890	0.999999	0.696967	1.000001	0.972620	1.000000	0.977814	0.999984	0.151396	1.000000	0.993699	1.000000	0.993644	1.000000	0.993649	1.000000	0.993731	1352518700.691730	1.000036	63.608519	49.608749	7.581926	1.000000	0.993769	1.000000	0.993728	1.000000	0.993734	1.000000	0.993723	1.000000	0.993737	1.000000	0.993665	1.000000	0.993728	1.000005	0.006041	
1352518701.691646	0.999994	65.086875	50.655957	8.864829	1.000000	0.989661	1.000000	0.758268	1.000000	0.989376	1.000004	0.039034	1.000000	0.989374	1.000000	0.989379	1.000000	0.989386	1.000000	0.989393	1352518701.691685	0.999955	63.462958	49.488390	7.571584	1.000000	0.989461	1.000000	0.989408	1.000000	0.989400	1.000000	0.989392	1.000000	0.989393	1.000000	0.989396	1.000000	0.989396	1.000014	0.006439	
1352518702.691650	1.000004	65.333445	50.853706	8.935694	1.000000	0.986786	1.000000	0.836117	1.000000	0.899800	0.999985	0.066737	1.000000	0.982926	1.000000	0.982935	1.000000	0.982943	1.000000	0.982952	1352518702.691706	1.000021	63.480312	49.474182	7.661811	1.000000	0.983065	1.000000	0.982972	1.000000	0.982960	1.000000	0.982948	1.000000	0.982944	1.000000	0.982959	1.000000	0.982954	0.999898	0.006558	
1352518703.691651	1.000001	65.049071	50.633527	8.733436	1.000000	0.983894	1.000000	0.804623	1.000000	0.983453	0.999993	0.013875	1.000000	0.983473	1.000000	0.983425	1.000000	0.983440	1.000000	0.983509	1352518703.691695	0.999989	62.909549	48.951251	7.453222	1.000000	0.983587	1.000000	0.983510	1.000000	0.983501	1.000000	0.983488	1.000000	0.983514	1.000000	0.983461	1.000000	0.983492	1.000091	0.005980	
1352518704.691650	0.999999	65.277574	50.826144	8.980721	1.000000	0.992593	1.000000	0.795280	1.000000	0.992337	0.999948	0.018409	1.000000	0.992336	1.000000	0.992330	1.000000	0.992320	1.000000	0.992393	1352518704.691729	1.000034	63.186505	49.192888	7.618225	1.000000	0.992462	1.000000	0.992394	1.000000	0.992362	1.000000	0.992313	1.000000	0.992325	1.000000	0.992311	1.000000	0.992387	0.999948	0.006141	
1352518705.691665	1.000015	65.390055	50.924025	8.972308	1.000000	0.988311	0.999998	0.818675	1.000001	0.967268	0.999995	0.015328	1.000000	0.987993	1.000000	0.988004	1.000000	0.988016	1.000000	0.987968	1352518705.691727	0.999998	63.269362	49.272769	7.615813	1.000000	0.988117	1.000000	0.988053	1.000000	0.988033	1.000000	0.988020	1.000000	0.987967	1.000000	0.988027	1.000000	0.988040	1.000041	0.006525	
1352518706.691666	1.000001	65.470183	50.997998	8.945762	1.000001	0.814155	1.000000	0.990964	0.999999	0.975771	0.999958	0.013885	1.000000	0.990716	1.000000	0.990715	1.000000	0.990746	1.000000	0.990792	1352518706.691723	0.999996	63.561613	49.558947	7.656113	1.000000	0.990863	1.000000	0.990793	1.000000	0.990824	1.000000	0.990734	1.000000	0.990758	1.000000	0.990741	1.000000	0.990814	0.999947	0.006277	
1352518707.691653	0.999987	65.430362	50.960202	8.974483	0.999999	0.974132	1.000001	0.812809	1.000000	0.989716	0.999766	0.013740	1.000000	0.989680	1.000000	0.989688	1.000000	0.989697	1.000000	0.989748	1352518707.691729	1.000006	63.286656	49.301357	7.606629	0.999999	0.989780	1.000000	0.989747	1.000000	0.989768	1.000000	0.989713	1.000000	0.989738	1.000000	0.989718	1.000000	0.989763	0.999970	0.006390	
1352518708.691650	0.999997	65.429204	50.964452	8.956143	1.000001	0.987246	1.000000	0.797184	1.000000	0.986855	1.000161	0.015631	1.000000	0.986888	1.000000	0.986924	1.000000	0.986915	1.000000	0.986956	1352518708.691707	0.999978	63.318253	49.318999	7.619796	1.000001	0.987027	1.000000	0.986954	1.000000	0.986934	1.000000	0.986911	1.000000	0.986920	1.000000	0.986912	1.000000	0.986934	1.000103	0.005560	
1352518709.691663	1.000013	65.508769	51.038363	8.963490	1.000000	0.985538	1.000000	0.796865	1.000000	0.985113	0.999941	0.014325	1.000000	0.985109	1.000000	0.985119	1.000000	0.985132	1.000000	0.985165	1352518709.691741	1.000034	63.031451	49.030067	7.660185	1.000000	0.985242	1.000000	0.985167	1.000000	0.985161	1.000000	0.985141	1.000000	0.985166	1.000000	0.985147	1.000000	0.985158	0.999992	0.004713	
1352518710.691659	0.999996	715782482.134610	715766492.802287	715817152.899296	0.999987	1.000540	0.999984	1.000542	0.999987	1.000548	0.999987	1.000538	0.999987	1.000542	0.999989	1.000536	0.999987	1.000543	0.999987	1.000539	1352518710.691749	1.000008	715789249.291615	715772761.820149	715763301.059468	0.999987	1.000539	0.999984	1.000542	3.893252	0.256992	0.999987	1.000539	0.999987	1.000543	0.999989	1.000537	0.999987	1.000541	0.999987	1.000540	
1352518711.691647	0.999988	0.000000	0.000000	0.000000	-nan	-nan	-nan	-nan	0.000000	inf	-nan	-nan	-nan	0.000000	-nan	-nan	-nan	-nan	-nan	-nan	1352518711.691723	0.999974	0.000000	0.000000	0.000000	-nan	-nan	-nan	-nan	0.000000	inf	-nan	-nan	-nan	-nan	-nan	-nan	-nan	-nan	-nan	-nan	
