ts_0	elapsed_0	pkg_0	pp0_0	dram_0	freq_ratio_0_0	c0_ratio_0_0	freq_ratio_0_1	c0_ratio_0_1	freq_ratio_0_2	c0_ratio_0_2	freq_ratio_0_3	c0_ratio_0_3	freq_ratio_0_4	c0_ratio_0_4	freq_ratio_0_5	c0_ratio_0_5	freq_ratio_0_6	c0_ratio_0_6	freq_ratio_0_7	c0_ratio_0_7	ts_1	elapsed_1	pkg_1	pp0_1	dram_1	freq_ratio_1_0	c0_ratio_1_0	freq_ratio_1_1	c0_ratio_1_1	freq_ratio_1_2	c0_ratio_1_2	freq_ratio_1_3	c0_ratio_1_3	freq_ratio_1_4	c0_ratio_1_4	freq_ratio_1_5	c0_ratio_1_5	freq_ratio_1_6	c0_ratio_1_6	freq_ratio_1_7	c0_ratio_1_7	
1356715901.837487	1.002760	29.133735	15.936013	3.791842	1.156193	0.599498	1.153492	0.591844	1.153394	0.596752	1.154803	0.602207	1.155090	0.599951	1.154030	0.595161	1.154342	0.592563	1.154254	0.592925	1356715901.837720	1.000506	39.923924	26.826775	1.602934	0.999975	0.956736	0.999983	0.956644	1.004558	0.000103	1.004361	0.000065	0.835073	0.000112	1.003243	0.000136	1.003247	0.000178	0.999949	0.957256	
1356715902.837468	0.999981	29.284723	16.077699	3.834515	0.999803	0.001917	1.000000	1.000000	1.000327	0.000022	1.000203	0.000089	0.991608	0.000076	1.002468	0.000013	1.000118	0.000056	1.000218	0.000110	1356715902.837713	0.999993	40.414876	27.300070	1.730908	1.000000	0.999999	1.000000	1.000000	1.000401	0.000084	1.000103	0.000075	1.000226	0.000012	1.000045	0.000147	0.999940	0.000123	1.000000	1.000000	
1356715903.837472	1.000004	33.215426	20.012752	3.801178	1.000001	0.730917	1.000000	1.000000	0.997513	0.000257	1.000727	0.000037	1.000544	0.000014	0.999674	0.000051	0.999940	0.000013	1.000726	0.000083	1356715903.837683	0.999970	36.372827	23.274961	1.585497	0.999997	0.269021	1.000000	1.000001	0.996732	0.000012	0.998982	0.000012	0.999752	0.000065	0.993902	0.000094	0.999994	0.000602	1.000000	1.000000	
1356715904.837467	0.999995	34.701620	21.488084	3.845097	1.000000	1.000000	1.000000	1.000000	0.999986	0.000347	0.999955	0.000076	1.006548	0.000098	1.005032	0.000013	1.000138	0.000050	0.999557	0.000091	1356715904.837687	1.000004	34.807018	21.714634	1.665612	0.999970	0.000051	1.000000	1.000000	1.000020	0.000079	0.999985	0.000079	1.000000	0.000012	1.000007	0.002205	1.000013	0.000092	1.000000	1.000000	
1356715905.837466	0.999999	34.839679	21.633932	3.797947	1.000000	1.000000	1.000000	1.000000	0.999995	0.000371	0.999673	0.000037	1.000060	0.000013	0.998531	0.000046	0.999259	0.000013	0.999814	0.000081	1356715905.837680	0.999993	34.567912	21.475139	1.592098	1.000029	0.000053	0.999999	1.000000	0.992216	0.000012	1.000224	0.000048	0.999847	0.000066	1.001314	0.000408	1.000022	0.000138	1.000000	1.000000	
1356715906.837467	1.000001	32.825439	19.622647	3.800091	0.999177	0.867284	0.999980	0.865283	1.000109	0.000325	1.000512	0.000076	1.001057	0.000070	1.005624	0.000013	0.999993	0.000055	1.000296	0.000207	1356715906.837689	1.000009	33.837111	20.734645	1.858382	0.999543	0.000052	1.000001	0.865330	1.001215	0.000077	0.999831	0.000078	1.000488	0.000012	1.000027	0.000174	0.999955	0.000094	1.000000	1.000000	
1356715907.837466	0.999999	34.730944	21.525915	3.809391	1.000000	1.000000	1.000000	1.000000	0.999989	0.000381	1.000688	0.000036	0.997685	0.000013	0.999915	0.000045	1.005204	0.000013	0.999899	0.000080	1356715907.837688	0.999999	34.615893	21.522634	1.592134	1.000194	0.000052	1.000000	1.000000	0.999771	0.000012	1.000744	0.000012	0.999794	0.000058	1.000006	0.000335	1.000017	0.000158	1.000000	1.000000	
1356715908.837467	1.000001	34.622815	21.406855	3.842541	0.999988	0.991153	0.999999	0.991039	1.000005	0.000319	1.000267	0.000072	0.999882	0.000055	0.999216	0.000013	0.998978	0.000049	0.999684	0.000089	1356715908.837681	0.999993	34.491205	21.388087	1.687817	0.999539	0.000066	0.999999	0.991032	0.999888	0.000079	0.999711	0.000077	1.001394	0.000012	0.999952	0.000138	0.999924	0.000086	1.000000	1.000000	
1356715909.837466	0.999999	34.745105	21.538518	3.793918	1.000000	1.000000	1.000001	1.000000	0.999592	0.000377	0.998574	0.000036	1.001850	0.000013	0.999891	0.000046	0.999521	0.000013	1.000474	0.000080	1356715909.837681	1.000000	34.587357	21.492950	1.588974	1.000633	0.000067	1.000001	1.000000	1.000588	0.000012	1.000294	0.000012	1.000111	0.000059	0.999655	0.000082	1.000087	0.000133	1.000000	1.000000	
1356715910.837467	1.000001	34.747144	21.530741	3.863781	1.000000	1.000000	1.000000	1.000000	1.000428	0.000337	1.000441	0.000074	0.989379	0.000066	1.000623	0.000013	0.990221	0.000051	0.999970	0.000180	1356715910.837685	1.000004	34.602399	21.498707	1.691247	0.999620	0.000060	1.000000	1.000000	0.999934	0.000076	0.999845	0.000110	0.999393	0.000012	1.000057	0.000460	0.999837	0.000087	1.000000	1.000000	
1356715911.837466	0.999999	34.847491	21.637914	3.794071	1.000000	1.000000	1.000000	1.000000	0.999948	0.000361	0.999825	0.000051	1.024947	0.000028	0.999879	0.000061	1.000468	0.000014	0.999972	0.000109	1356715911.837681	0.999996	34.587375	21.492778	1.590415	0.998247	0.000064	0.999999	1.000000	1.000000	0.000012	1.001182	0.000012	0.990906	0.000058	0.999934	0.000087	0.999970	0.000128	1.000000	1.000000	
1356715912.837466	1.000000	34.717453	21.499100	3.849182	1.000000	1.000000	1.000000	1.000000	0.999931	0.000320	1.000109	0.000071	0.999116	0.000055	1.000926	0.000008	1.008314	0.000063	1.000072	0.000102	1356715912.837676	0.999995	34.589513	21.482362	1.682732	1.001670	0.000082	1.000001	1.000000	0.999916	0.000111	1.000085	0.000090	1.012744	0.000041	1.000018	0.000149	0.999991	0.000131	1.000000	1.000000	
1356715913.837466	1.000000	34.722885	21.515457	3.801529	1.000000	1.000000	1.000000	1.000000	1.000002	0.000422	1.000140	0.000088	1.002287	0.000013	0.999967	0.000047	0.997312	0.000013	1.000073	0.000080	1356715913.837675	0.999999	34.636874	21.538457	1.590273	0.999880	0.000167	1.000000	1.000000	0.938160	0.000027	0.999901	0.000012	1.000066	0.000065	0.994604	0.000110	1.000018	0.000129	1.000000	1.000000	
1356715914.837467	1.000001	34.289671	21.086039	3.855496	0.999887	0.972472	0.999982	0.971930	0.999993	0.000323	0.806289	0.000092	1.000106	0.000062	0.999675	0.000013	0.997289	0.000052	0.999779	0.000093	1356715914.837684	1.000009	34.359766	21.265676	1.711319	0.999689	0.000050	1.000000	0.971911	1.030928	0.000055	0.999957	0.000054	1.000141	0.000011	1.000011	0.002130	1.000107	0.000087	1.000000	1.000000	
1356715915.837466	0.999999	36.774998	23.565635	3.804615	1.000000	1.000000	1.000001	1.000000	0.999963	0.002896	0.999999	0.002649	0.999784	0.002663	0.999996	0.002759	0.999837	0.002849	1.000002	0.002931	1356715915.837658	0.999974	35.213638	22.117060	1.592082	0.999867	0.002740	1.000000	1.000000	0.999999	0.002844	0.999991	0.002772	1.000002	0.002821	1.000166	0.003161	0.999988	0.003512	1.000000	1.000000	
1356715916.837472	1.000006	34.678489	21.460153	3.855492	1.000000	1.000000	1.000000	1.000000	1.000291	0.000112	1.000440	0.000071	1.011192	0.000050	1.000721	0.000013	0.999815	0.000250	0.999865	0.000125	1356715916.837701	1.000043	34.559323	21.452525	1.688404	1.005727	0.000065	1.000000	1.000000	1.000016	0.000072	1.000187	0.000083	0.999367	0.000011	1.000150	0.000185	1.000300	0.000090	1.000000	1.000000	
1356715917.837469	0.999997	34.684586	21.467611	3.815243	1.000000	1.000000	1.000000	1.000000	0.998802	0.000143	0.998618	0.000037	0.994197	0.000013	0.999536	0.000047	1.000213	0.000212	0.997649	0.000081	1356715917.837680	0.999979	34.541649	21.435173	1.625049	0.999857	0.000064	1.000000	0.999999	0.875185	0.000014	0.999284	0.000012	0.999461	0.000069	0.999981	0.000081	0.999815	0.000161	1.000000	1.000000	
1356715918.837466	0.999997	34.737779	21.526998	3.829724	1.000000	1.000000	1.000000	1.000000	1.000463	0.000113	1.000239	0.000078	1.000484	0.000061	1.000815	0.000013	1.000035	0.000274	1.002131	0.000092	1356715918.837683	1.000003	34.591140	21.489344	1.640681	1.000048	0.000064	1.000000	1.000001	1.021709	0.000078	1.000090	0.000077	1.003458	0.000011	0.999920	0.000121	1.000300	0.000093	1.000000	1.000000	
1356715919.837467	1.000001	33.530638	20.312572	3.793286	0.999648	0.900229	1.000000	0.898991	1.000706	0.000192	1.000926	0.000037	1.000422	0.000013	1.000173	0.000047	1.001564	0.000363	0.999900	0.000081	1356715919.837689	1.000006	33.993679	20.884519	1.806782	0.998976	0.000057	1.000000	0.898994	0.999806	0.000012	0.998855	0.000012	1.000052	0.000059	1.000302	0.000088	0.999997	0.000124	1.000000	1.000000	
1356715920.837466	0.999999	34.722674	21.516042	3.805332	1.000000	1.000000	1.000000	1.000000	0.999978	0.000336	0.999930	0.000072	1.000457	0.000056	0.999371	0.000013	0.997689	0.000054	0.999907	0.000091	1356715920.837677	0.999988	34.611527	21.515820	1.588749	1.000693	0.000071	1.000000	1.000000	0.999995	0.000080	0.999945	0.000111	0.999805	0.000012	0.999895	0.000468	0.999973	0.000086	1.000000	1.000000	
1356715921.837466	1.000000	34.658234	21.440842	3.858551	1.000000	1.000000	1.000000	1.000000	0.999965	0.000377	0.999830	0.000036	1.001930	0.000013	0.999751	0.000047	1.012796	0.000013	1.000029	0.000107	1356715921.837676	0.999999	34.601336	21.493322	1.689699	1.000223	0.000062	1.000000	1.000000	0.875099	0.000014	0.999935	0.000012	0.999983	0.000315	1.000196	0.000087	0.999985	0.000131	1.000000	1.000000	
1356715922.837466	1.000000	34.727173	21.519043	3.801559	1.000000	1.000000	1.000000	1.000000	0.999994	0.000317	1.000120	0.000074	0.989229	0.000060	1.000754	0.000013	0.989973	0.000049	0.999979	0.000090	1356715922.837681	1.000005	34.853372	21.753416	1.592048	0.999748	0.000066	0.999999	1.000000	0.999265	0.000078	1.000050	0.000069	1.000974	0.000007	1.000054	0.000114	0.999984	0.000124	1.000000	1.000000	
1356715923.837467	1.000001	33.463362	20.261181	3.777676	0.999715	0.900515	0.999980	0.899636	0.999941	0.000355	1.000571	0.000051	1.021147	0.000028	0.999994	0.000061	0.999834	0.000014	0.998429	0.000081	1356715923.837685	1.000004	34.215682	21.108130	1.811974	0.998436	0.000063	1.000001	0.899641	1.159952	0.000011	1.000097	0.000012	0.991417	0.000062	0.992697	0.000074	1.000003	0.000123	1.000000	1.000000	
1356715924.837466	0.999999	34.758975	21.539465	3.805363	1.000000	1.000000	1.000000	1.000000	0.999991	0.000367	0.999257	0.000074	1.001004	0.000056	1.000021	0.000037	1.007309	0.000069	1.001224	0.000105	1356715924.837683	0.999998	34.855474	21.759883	1.590305	1.000903	0.000109	1.000000	1.000000	0.999969	0.000113	1.000011	0.000109	1.012741	0.000041	1.000236	0.002144	0.999900	0.000123	1.000000	1.000000	
1356715925.837467	1.000001	34.614591	21.410990	3.868740	1.000000	1.000000	1.000000	1.000000	0.999981	0.000412	1.000042	0.000037	0.995609	0.000013	0.999794	0.000041	1.000000	0.000013	0.999799	0.000080	1356715925.837676	0.999993	34.596385	21.490291	1.671841	0.999807	0.000062	1.000000	1.000001	0.998681	0.000012	1.000184	0.000079	0.999925	0.000067	1.000040	0.000460	1.000117	0.000125	1.000000	1.000000	
1356715926.837466	0.999999	34.728427	21.522268	3.801410	1.000000	1.000000	1.000000	1.000000	1.000015	0.000386	1.000266	0.000072	1.000809	0.000058	1.001500	0.000013	0.999572	0.000046	0.999977	0.000119	1356715926.837692	1.000016	34.759043	21.674123	1.593892	1.000011	0.000102	1.000000	1.000000	0.991571	0.000078	0.999896	0.000078	1.000384	0.000011	1.000047	0.000180	0.999923	0.000076	1.000000	1.000000	
1356715927.837467	1.000001	33.508376	20.294521	3.797558	0.999781	0.903310	0.999999	0.902395	1.000014	0.000351	1.000105	0.000037	0.997039	0.000013	0.999540	0.000047	0.998375	0.000013	0.999908	0.000080	1356715927.837681	0.999989	34.133553	21.022402	1.765553	1.000011	0.000068	0.999999	0.902390	1.001429	0.000471	0.999020	0.000012	0.999825	0.000059	1.000026	0.000073	1.000034	0.000161	1.000000	1.000000	
1356715928.837466	0.999999	34.739398	21.533895	3.805576	1.000000	1.000000	1.000000	1.000000	0.999896	0.000336	0.999160	0.000072	1.000758	0.000054	1.001299	0.000013	1.000698	0.000049	1.000223	0.000088	1356715928.837685	1.000004	34.611005	21.510426	1.591912	0.999995	0.000070	1.000001	1.000000	0.998508	0.000066	1.000314	0.000076	1.002754	0.000012	0.999963	0.000136	0.999925	0.000077	1.000000	1.000000	
1356715929.837467	1.000001	34.623838	21.407374	3.857937	1.000000	1.000000	1.000000	1.000000	1.000000	0.000350	1.001569	0.000036	0.999665	0.000013	0.999775	0.000046	0.996506	0.000013	0.999914	0.000081	1356715929.837687	1.000002	34.546168	21.434148	1.681805	0.999201	0.000061	1.000000	1.000000	1.008204	0.000012	0.998147	0.000012	0.999682	0.000065	0.999965	0.000087	1.000033	0.000105	1.000000	1.000000	
1356715930.837466	0.999999	34.734744	21.525198	3.805622	1.000000	1.000000	1.000000	1.000000	0.999927	0.000341	0.999952	0.000072	0.999295	0.000057	1.000653	0.000013	0.999394	0.000045	0.999931	0.000090	1356715930.837685	0.999998	34.816641	21.713329	1.588901	1.000127	0.000127	1.000000	1.000000	0.999995	0.000083	1.000090	0.000111	1.001459	0.000012	0.998799	0.000470	0.999910	0.000086	1.000000	1.000000	
1356715931.837467	1.000001	33.771086	20.555049	3.822384	0.999443	0.916907	0.999929	0.915210	0.980961	0.000444	0.999876	0.000074	1.002111	0.000020	0.999981	0.000062	1.003142	0.000020	0.857468	0.000290	1356715931.837693	1.000008	34.179121	21.068265	1.794434	0.999780	0.000100	1.000000	0.915010	0.999866	0.000057	0.999970	0.000065	1.000007	0.000111	1.003100	0.000176	1.000011	0.000269	1.000000	1.000000	
1356715932.837466	0.999999	34.845858	21.639806	3.797672	1.000000	1.000000	1.000000	1.000000	0.999979	0.000335	0.999962	0.000070	1.000022	0.000054	0.998732	0.000013	1.000073	0.000048	1.000070	0.000089	1356715932.837683	0.999990	34.610042	21.509096	1.593629	1.000507	0.000070	0.999999	1.000000	0.999843	0.000076	1.000075	0.000078	1.000033	0.000012	1.000237	0.000120	1.000117	0.000125	1.000000	1.000000	
1356715933.837473	1.000007	34.676442	21.459156	3.858738	1.000000	1.000000	1.000000	1.000000	0.999981	0.000365	1.000248	0.000037	0.999939	0.000013	1.000217	0.000046	0.997063	0.000013	0.999913	0.000080	1356715933.837688	1.000005	34.569499	21.459777	1.686530	1.000000	0.000063	1.000001	1.000000	1.001050	0.000012	0.999995	0.000150	0.999723	0.000065	0.992916	0.000082	0.999824	0.000114	1.000000	1.000000	
1356715934.837466	0.999993	34.736629	21.529293	3.793773	1.000000	1.000000	1.000000	1.000000	0.999967	0.000336	0.999922	0.000103	0.995382	0.000137	0.999823	0.000013	0.989634	0.000046	0.999975	0.000094	1356715934.837685	0.999997	34.608292	21.508551	1.591878	0.999901	0.000094	1.000000	1.000000	0.999990	0.000120	0.999989	0.000068	1.001450	0.000012	1.000011	0.002116	1.000039	0.000088	1.000000	1.000000	
1356715935.837467	1.000001	34.160673	20.959086	3.800915	0.999990	0.950704	1.000000	0.950254	1.000032	0.000362	1.000052	0.000052	1.022073	0.000029	0.999908	0.000088	1.000741	0.000014	0.999829	0.000115	1356715935.837685	1.000000	34.259018	21.159760	1.726288	0.999114	0.000077	1.000000	0.950249	0.999980	0.000039	0.999330	0.000050	0.993060	0.000079	1.001260	0.000421	0.999944	0.000132	1.000000	1.000000	
1356715936.837467	1.000000	34.657471	21.441498	3.863312	1.000000	1.000000	1.000000	1.000000	1.000019	0.000317	0.999853	0.000071	0.999985	0.000079	0.999363	0.000008	1.007978	0.000063	1.000130	0.000133	1356715936.837683	0.999998	34.565679	21.452449	1.675830	1.000637	0.000104	1.000000	1.000000	0.999976	0.000112	1.000048	0.000105	1.015524	0.000034	1.000000	0.000156	1.000006	0.000129	1.000000	1.000000	
1356715937.837466	0.999999	34.715167	21.505987	3.801517	1.000000	1.000000	1.000000	1.000000	0.999923	0.000372	1.000480	0.000036	1.000031	0.000013	1.000084	0.000046	0.999940	0.000013	0.999971	0.000080	1356715937.837686	1.000003	34.623901	21.522532	1.593638	1.000018	0.000063	1.000000	1.000000	0.999807	0.000012	1.001425	0.000012	1.000000	0.000066	0.999898	0.000087	1.000000	0.000152	1.000000	1.000000	
1356715938.837467	1.000001	715774277.627344	715796759.307153	715819725.187762	0.999886	1.000487	0.999887	1.000499	0.999896	1.000491	0.999887	1.000484	0.999887	1.000489	0.999891	1.000490	0.999889	1.000498	0.999889	1.000495	1356715938.837561	0.999875	715902469.549811	715877543.490834	715911183.866118	0.999889	1.000497	0.999885	1.000487	3.900081	0.256504	0.999887	1.000487	0.999889	1.000497	0.999889	1.000487	0.999888	1.000494	0.999890	1.000498	
1356715939.837466	0.999999	0.000000	0.000000	0.000000	-nan	-nan	-nan	-nan	1521689182873.623779	inf	-nan	-nan	-nan	0.000000	0.000000	inf	-nan	-nan	-nan	-nan	1356715939.837547	0.999986	0.000000	0.000000	0.000000	-nan	-nan	-nan	-nan	1.345745	inf	-nan	-nan	-nan	-nan	-nan	-nan	-nan	-nan	-nan	-nan	
1356715940.837503	1.000037	0.000000	0.000000	0.000000	-nan	-nan	-nan	-nan	0.000000	inf	-nan	-nan	-nan	0.000000	-nan	-nan	-nan	-nan	-nan	-nan	1356715940.837584	1.000037	0.000000	0.000000	0.000000	-nan	-nan	-nan	-nan	inf	-nan	-nan	-nan	-nan	-nan	-nan	-nan	-nan	-nan	-nan	-nan	
