ts_0	elapsed_0	pkg_0	pp0_0	dram_0	freq_ratio_0_0	c0_ratio_0_0	freq_ratio_0_1	c0_ratio_0_1	freq_ratio_0_2	c0_ratio_0_2	freq_ratio_0_3	c0_ratio_0_3	freq_ratio_0_4	c0_ratio_0_4	freq_ratio_0_5	c0_ratio_0_5	freq_ratio_0_6	c0_ratio_0_6	freq_ratio_0_7	c0_ratio_0_7	ts_1	elapsed_1	pkg_1	pp0_1	dram_1	freq_ratio_1_0	c0_ratio_1_0	freq_ratio_1_1	c0_ratio_1_1	freq_ratio_1_2	c0_ratio_1_2	freq_ratio_1_3	c0_ratio_1_3	freq_ratio_1_4	c0_ratio_1_4	freq_ratio_1_5	c0_ratio_1_5	freq_ratio_1_6	c0_ratio_1_6	freq_ratio_1_7	c0_ratio_1_7	
1354696106.956335	1.001533	37.819722	24.623171	4.994799	1.156064	0.346204	1.154458	0.337450	1.154658	0.340555	1.155776	0.343473	1.153381	0.334505	1.156916	0.348152	1.155050	0.339712	1.155836	0.342990	1354696106.956477	1.000340	47.534025	34.324146	3.651163	0.999769	0.515346	0.999999	0.772248	0.999969	0.514252	1.000001	0.514181	0.999963	0.514189	1.000002	0.510675	1.006309	0.000068	0.999750	0.739889	
1354696107.956339	1.000004	46.881478	33.696931	6.114584	0.998771	0.808290	0.999987	0.805235	0.999959	0.805311	0.972319	0.005234	0.993737	0.002741	0.999970	0.805279	1.001039	0.000050	0.999987	0.805246	1354696107.956475	0.999998	58.278279	45.050531	3.369681	1.000000	0.805328	1.000000	0.805299	1.000000	0.805212	1.000000	0.805210	1.000000	0.805243	1.000000	0.805255	1.001200	0.000088	1.000000	1.000000	
1354696108.956333	0.999994	51.679965	38.492539	6.112021	0.999944	0.961336	1.000000	0.960964	1.000000	0.961009	0.999974	0.005162	0.999965	0.000299	1.000000	0.960994	0.999951	0.000008	1.000000	0.960964	1354696108.956480	1.000005	63.915375	50.662039	3.227599	1.000000	0.961004	1.000000	0.961002	1.000000	0.960969	1.000000	0.960969	1.000000	0.960968	1.000000	0.960967	0.999757	0.000057	1.000000	1.000000	
1354696109.956333	1.000000	49.079803	35.868805	6.107285	0.999348	0.880933	0.999987	0.879402	0.999963	0.879469	0.875373	0.006676	0.999906	0.000272	0.999973	0.879412	1.000143	0.000048	0.999988	0.879388	1354696109.956465	0.999985	61.275807	48.015446	3.408376	1.000000	0.879454	1.000000	0.879440	1.000000	0.879386	1.000000	0.879400	1.000000	0.879390	1.000000	0.879413	0.999908	0.000096	1.000000	1.000000	
1354696110.956333	1.000000	51.123962	37.926514	6.101730	0.999597	0.927545	1.000000	0.926485	1.000000	0.926524	0.946448	0.007947	1.000044	0.001530	1.000000	0.926524	0.999020	0.000008	1.000000	0.926486	1354696110.956467	1.000002	63.250993	50.004192	4.977621	1.000000	0.926523	1.000000	0.926521	1.000000	0.926475	1.000000	0.926491	1.000000	0.926490	1.000000	0.926473	1.000104	0.000052	1.000000	1.000000	
1354696111.956339	1.000006	50.113364	36.900613	5.996302	0.999737	0.904250	1.000000	0.903266	0.999989	0.903335	0.999964	0.001616	0.999998	0.000879	0.999990	0.903334	0.999386	0.000053	1.000000	0.903263	1354696111.956486	1.000019	62.072974	48.836471	3.224243	1.000000	0.903353	1.000000	0.903337	1.000000	0.903240	1.000000	0.903238	1.000000	0.903252	1.000000	0.903273	0.999620	0.000110	1.000000	1.000000	
1354696112.956339	1.000000	50.244247	37.026245	6.013275	0.999666	0.918664	1.000000	0.917570	0.999977	0.917600	0.935084	0.000783	0.999989	0.000614	0.999986	0.917583	1.003827	0.000008	1.000000	0.917547	1354696112.956483	0.999997	62.631084	49.392548	3.148890	1.000000	0.917610	1.000000	0.917609	1.000000	0.917557	1.000000	0.917556	1.000000	0.917555	1.000000	0.917575	1.000478	0.000070	1.000000	1.000000	
1354696113.956333	0.999994	51.998891	38.788989	5.970510	0.999553	0.804457	1.000000	0.802943	1.000000	0.803018	1.000000	0.762604	1.000036	0.001552	1.000000	0.802997	1.000039	0.000049	1.000000	0.802923	1354696113.956457	0.999974	54.172901	40.925731	3.138036	0.999985	0.040360	1.000000	0.803004	1.000000	0.802937	1.000000	0.802940	1.000000	0.802933	1.000000	0.802935	0.999956	0.003966	1.000000	1.000000	
1354696114.956337	1.000004	715791047.296418	715763717.897162	715790392.870604	0.999950	1.000610	0.999949	1.000620	0.999959	1.000615	0.999950	1.000612	0.999952	1.000623	0.999952	1.000605	0.999951	1.000618	0.999950	1.000613	1354696114.956427	0.999970	715806928.189360	715803576.671670	715797946.550907	0.999950	1.000612	0.999947	1.000614	3.895692	0.256842	0.999950	1.000611	0.999951	1.000620	0.999953	1.000610	0.999951	1.000620	0.999950	1.000613	
1354696115.956332	0.999995	0.000000	0.000000	0.000000	-nan	-nan	-nan	-nan	8.000000	inf	-nan	-nan	-nan	0.000000	-nan	-nan	-nan	-nan	-nan	-nan	1354696115.956416	0.999989	0.000000	0.000000	0.000000	-nan	-nan	-nan	-nan	0.000000	inf	-nan	-nan	-nan	-nan	-nan	-nan	-nan	-nan	-nan	-nan	
