ts_0	elapsed_0	pkg_0	pp0_0	dram_0	freq_ratio_0_0	c0_ratio_0_0	freq_ratio_0_1	c0_ratio_0_1	freq_ratio_0_2	c0_ratio_0_2	freq_ratio_0_3	c0_ratio_0_3	freq_ratio_0_4	c0_ratio_0_4	freq_ratio_0_5	c0_ratio_0_5	freq_ratio_0_6	c0_ratio_0_6	freq_ratio_0_7	c0_ratio_0_7	ts_1	elapsed_1	pkg_1	pp0_1	dram_1	freq_ratio_1_0	c0_ratio_1_0	freq_ratio_1_1	c0_ratio_1_1	freq_ratio_1_2	c0_ratio_1_2	freq_ratio_1_3	c0_ratio_1_3	freq_ratio_1_4	c0_ratio_1_4	freq_ratio_1_5	c0_ratio_1_5	freq_ratio_1_6	c0_ratio_1_6	freq_ratio_1_7	c0_ratio_1_7	
1354696106.948265	1.001595	46.882771	33.772792	4.177419	1.156441	0.306692	1.158254	0.317522	1.157082	0.308029	1.159095	0.315305	1.157007	0.305174	1.159451	0.315452	1.158040	0.308408	1.158705	0.311171	1354696106.948365	1.000345	37.097187	23.930465	1.951399	0.999914	0.513338	0.999951	0.513205	0.999915	0.512482	0.878910	0.000208	0.755629	0.000139	1.003623	0.000103	0.999901	0.492844	0.999875	0.732174	
1354696107.948257	0.999992	58.240233	45.095336	4.777733	0.999904	0.815650	1.000000	0.813320	1.000000	0.813318	1.000000	0.813244	1.000000	0.813244	1.000001	0.813241	1.000000	0.813237	0.999974	0.000423	1354696107.948353	0.999988	46.665794	33.483447	2.119227	1.000000	0.813251	1.000000	0.813312	1.000000	0.813249	0.999995	0.000163	1.003344	0.000012	1.000193	0.000012	1.000000	0.813310	1.000000	1.000000	
1354696108.948257	1.000000	63.956924	50.790848	5.030167	1.000000	0.958811	1.000000	0.958363	1.000000	0.958364	1.000000	0.958325	1.000000	0.958324	0.999999	0.958323	1.000000	0.958322	1.000008	0.000710	1354696108.948351	0.999998	49.894855	36.693674	2.182804	1.000000	0.958329	1.000000	0.958360	1.000000	0.958328	0.999996	0.000181	1.000019	0.000061	0.999957	0.000054	1.000000	0.958359	1.000000	1.000000	
1354696109.948257	1.000000	61.160706	47.987213	4.903503	1.000000	0.881975	1.000000	0.880652	1.000000	0.880650	1.000000	0.880612	1.000000	0.880611	1.000001	0.880609	1.000000	0.880609	1.001076	0.000673	1354696109.948346	0.999995	48.268751	35.059456	2.192974	1.000000	0.880615	1.000000	0.880645	1.000000	0.880614	0.999977	0.000169	0.999225	0.000012	1.002398	0.000011	1.000000	0.880644	1.000000	1.000000	
1354696110.948256	0.999999	63.354995	50.187823	4.984929	0.999909	0.931254	1.000000	0.930346	1.000000	0.930345	1.000000	0.930307	1.000000	0.930305	1.000000	0.930305	1.000000	0.930304	0.999325	0.001033	1354696110.948350	1.000004	49.592252	36.390920	2.059852	1.000000	0.930312	0.999994	0.930343	1.000000	0.930312	1.000015	0.000154	0.999796	0.000047	0.999907	0.000058	1.000000	0.930343	1.000000	1.000000	
1354696111.948257	1.000001	62.557039	49.378768	5.061549	0.999846	0.915022	1.000000	0.913338	1.000000	0.913287	1.000000	0.913230	1.000000	0.913225	1.000000	0.913210	1.000000	0.913208	1.000188	0.000579	1354696111.948350	1.000000	49.091309	35.878403	2.147217	1.000000	0.913229	1.000006	0.913287	1.000000	0.913216	0.999947	0.000614	1.000723	0.000012	1.000392	0.000012	1.000000	0.913285	1.000000	1.000000	
1354696112.948257	1.000000	63.178650	49.989960	5.023575	1.000000	0.925818	1.000000	0.924772	1.000000	0.924759	1.000000	0.924737	1.000000	0.924735	1.000000	0.924722	1.000000	0.924719	0.999947	0.003159	1354696112.948348	0.999998	49.362292	36.145714	2.182576	1.000000	0.924738	1.000000	0.924764	1.000000	0.924722	1.000157	0.000170	0.998072	0.000066	0.997091	0.000054	1.000000	0.924762	1.000000	1.000000	
1354696113.948256	0.999999	58.911143	45.731519	4.813374	0.999790	0.816962	1.000000	0.814169	1.000000	0.814151	1.000000	0.814096	1.000000	0.814093	1.000000	0.814077	1.000000	0.814073	0.999956	0.000480	1354696113.948351	1.000003	47.031333	33.840181	2.069955	1.000000	0.814094	1.000000	0.814155	1.000000	0.814080	0.999995	0.000170	1.012425	0.000011	1.013997	0.000011	1.000000	0.814153	1.000000	1.000000	
1354696114.948257	1.000001	715808603.428578	715803773.050036	715792720.494903	0.999956	1.000634	0.999951	1.000627	0.999963	1.000633	0.999954	1.000627	0.999956	1.000638	0.999957	1.000624	0.999955	1.000635	0.999955	1.000630	1354696114.948354	1.000003	715799331.249540	715800586.015106	715800622.731896	0.999954	1.000627	0.999953	1.000633	3.895235	0.256880	0.999952	1.000619	0.999955	1.000634	0.999958	1.000629	0.999956	1.000637	0.999954	1.000627	
1354696115.948426	1.000169	0.000000	0.000000	0.000000	-nan	-nan	-nan	-nan	0.000000	inf	-nan	-nan	-nan	0.000000	-nan	-nan	-nan	-nan	-nan	-nan	1354696115.948503	1.000149	0.000000	0.000000	0.000000	-nan	-nan	-nan	-nan	0.000000	inf	-nan	-nan	-nan	-nan	-nan	-nan	-nan	-nan	-nan	-nan	
