ts_0	elapsed_0	pkg_0	pp0_0	dram_0	freq_ratio_0_0	c0_ratio_0_0	freq_ratio_0_1	c0_ratio_0_1	freq_ratio_0_2	c0_ratio_0_2	freq_ratio_0_3	c0_ratio_0_3	freq_ratio_0_4	c0_ratio_0_4	freq_ratio_0_5	c0_ratio_0_5	freq_ratio_0_6	c0_ratio_0_6	freq_ratio_0_7	c0_ratio_0_7	ts_1	elapsed_1	pkg_1	pp0_1	dram_1	freq_ratio_1_0	c0_ratio_1_0	freq_ratio_1_1	c0_ratio_1_1	freq_ratio_1_2	c0_ratio_1_2	freq_ratio_1_3	c0_ratio_1_3	freq_ratio_1_4	c0_ratio_1_4	freq_ratio_1_5	c0_ratio_1_5	freq_ratio_1_6	c0_ratio_1_6	freq_ratio_1_7	c0_ratio_1_7	
1356628315.586340	1.001678	31.471468	18.244030	5.614328	1.152548	0.189837	1.152566	0.188903	1.152954	0.189310	1.151579	0.189384	1.153062	0.188164	1.153807	0.189464	1.153592	0.188668	1.153510	0.188486	1356628315.586570	1.000480	35.391385	22.189210	3.380976	0.999997	0.835457	1.000001	0.568137	1.002468	0.000096	0.619496	0.000050	1.012566	0.000031	1.002964	0.000118	1.005581	0.000041	0.999958	0.835915	
1356628316.586334	0.999994	33.953236	20.716936	6.121344	1.000000	0.780104	0.998254	0.000304	1.000000	1.000001	0.999236	0.000145	0.999439	0.000276	1.004481	0.000243	1.006124	0.000050	1.001727	0.000141	1356628316.586540	0.999970	35.025100	21.810927	2.227957	0.999997	0.221826	1.000000	1.000000	1.000120	0.000258	0.999898	0.000105	1.000234	0.000068	0.999687	0.000108	1.000034	0.000459	1.000000	1.000000	
1356628317.586334	1.000000	35.212387	21.968857	6.115234	1.000000	1.000000	0.999954	0.000309	1.000000	1.000000	1.000558	0.000013	1.000149	0.000052	1.016206	0.000013	0.994769	0.000037	0.998207	0.000110	1356628317.586537	0.999997	33.739317	20.534838	1.672277	0.999742	0.000018	1.000000	0.999994	0.999978	0.000070	1.000598	0.000012	0.999755	0.000011	0.999965	0.000111	1.001556	0.000012	1.000000	1.000000	
1356628318.586333	0.999999	35.314594	22.072867	6.133734	1.000000	1.000000	0.999954	0.000389	1.000000	1.000000	0.999871	0.000072	0.999658	0.000023	0.995782	0.000046	0.999535	0.000055	0.999926	0.000140	1356628318.586539	1.000002	33.925289	20.719657	1.673260	0.999970	0.004004	1.000000	1.000006	0.999831	0.000043	1.000145	0.000072	0.999805	0.000043	1.000481	0.000071	0.999541	0.000053	1.000000	1.000000	
1356628319.586333	1.000000	35.557449	22.314560	6.115234	1.000000	1.000000	0.999972	0.006603	1.000000	1.000000	1.001401	0.000013	1.003585	0.000057	0.999092	0.000013	1.000377	0.000038	1.000159	0.000102	1356628319.586540	1.000001	33.802458	20.595500	2.409681	0.999883	0.000013	1.000000	1.000000	1.000078	0.000089	0.998658	0.000012	1.000650	0.000012	0.999677	0.000105	0.999012	0.000011	1.000000	1.000000	
1356628320.586333	1.000000	35.104782	21.876633	6.096741	1.000000	0.933980	0.999966	0.004049	1.000000	1.000000	0.999397	0.000058	0.996666	0.000060	0.999826	0.000044	0.999461	0.000046	0.999944	0.000444	1356628320.586542	1.000002	34.411296	21.204641	2.248561	1.000000	0.066065	1.000000	1.000000	0.999725	0.000045	0.999986	0.000053	0.999557	0.000045	0.999979	0.006316	1.000166	0.000060	1.000000	1.000000	
1356628321.586334	1.000001	35.561230	22.320749	6.127558	1.000001	1.000000	0.999973	0.003970	1.000000	1.000000	0.996645	0.000153	1.002908	0.000066	1.000033	0.000035	1.000053	0.000072	0.999993	0.000212	1356628321.586549	1.000007	34.053170	20.848092	2.135621	0.999956	0.000079	1.000000	1.000000	0.999608	0.000077	0.999804	0.000012	1.000868	0.000023	0.999972	0.006643	1.000289	0.000041	1.000000	1.000000	
1356628322.586333	0.999999	35.543903	22.302191	6.115240	1.000000	1.000000	0.999955	0.004019	1.000000	1.000000	1.000010	0.000297	0.991232	0.000022	0.988547	0.000046	1.000185	0.000148	0.999994	0.000133	1356628322.586553	1.000004	34.036254	20.830451	2.177954	0.998783	0.000081	1.000000	1.000000	1.000654	0.000042	0.999944	0.000055	0.999529	0.000048	0.999980	0.006307	0.999541	0.000051	1.000000	1.000000	
1356628323.586334	1.000001	32.102814	18.866605	6.109018	0.999999	0.413017	1.000023	0.001254	1.000000	1.000000	1.000169	0.002699	0.999927	0.005428	1.001637	0.000014	0.984183	0.000036	0.999995	0.000401	1356628323.586585	1.000032	37.195055	23.988980	3.731723	1.000001	0.587246	1.000000	1.000000	0.998133	0.000073	1.000356	0.000012	1.001757	0.000011	0.999970	0.003122	0.999825	0.000011	1.000000	1.000000	
1356628324.586333	0.999999	33.110963	19.880207	6.109076	1.000000	0.593251	1.000144	0.001001	1.000000	1.000000	0.999953	0.003583	1.000595	0.000510	1.007998	0.000065	1.008750	0.000063	1.001341	0.000156	1356628324.586528	0.999943	36.583307	23.352603	3.102380	1.000000	1.000000	0.999999	0.406747	1.001421	0.000100	0.999922	0.000079	1.000016	0.000073	0.999951	0.006033	1.000116	0.000130	1.000000	1.000000	
1356628325.586334	1.000001	34.991971	21.753519	6.084406	1.000000	0.807005	0.999937	0.010950	1.000000	1.000000	1.009737	0.000013	0.999278	0.000077	1.013988	0.000013	1.004488	0.000034	0.999462	0.000394	1356628325.586542	1.000014	34.951611	21.731231	3.291976	0.999999	0.561778	1.000001	0.631262	0.999960	0.000068	1.000033	0.000012	0.999968	0.000012	0.992567	0.000094	0.999840	0.000041	1.000000	1.000000	
1356628326.586333	0.999999	32.107315	18.876223	6.109076	1.000000	0.363000	0.999975	0.009336	1.000000	1.000000	0.999972	0.001315	1.002607	0.000022	0.995626	0.000044	0.996576	0.000050	1.000991	0.000122	1356628326.586582	1.000040	37.461115	24.241247	3.672567	1.000001	0.637306	1.000000	1.000000	0.999939	0.000044	0.999967	0.000058	0.999807	0.000050	1.000100	0.000516	1.000250	0.000045	1.000000	1.000000	
1356628327.586334	1.000001	29.828142	16.601730	6.102899	0.998233	0.000057	0.999968	0.010364	1.000000	1.000000	1.000205	0.000013	1.004169	0.000049	0.999737	0.000013	0.999967	0.000035	0.998761	0.000101	1356628327.586580	0.999998	39.486526	26.255162	4.050453	1.000000	1.000000	1.000000	1.000000	0.999956	0.000062	0.999902	0.000012	1.000941	0.000011	1.006148	0.000103	0.997955	0.000011	1.000000	1.000000	
1356628328.586333	0.999999	33.196519	19.963749	6.115194	1.000000	0.619276	0.999939	0.004219	1.000000	1.000000	0.999988	0.000063	0.990774	0.000022	0.999650	0.000045	0.999749	0.000043	0.999986	0.000136	1356628328.586545	0.999965	36.013256	22.784887	2.649782	1.000000	1.000000	0.999999	0.380764	0.999865	0.000043	0.999956	0.000052	0.999805	0.000043	1.000532	0.000076	1.000514	0.000051	1.000000	1.000000	
1356628329.586334	1.000001	37.441615	24.199882	6.102899	1.000000	1.000000	1.000002	0.346229	1.000000	1.000000	0.995114	0.000161	1.000142	0.000046	1.000052	0.000074	1.000371	0.000036	1.000132	0.000102	1356628329.586523	0.999978	32.302421	19.086448	1.671866	0.999999	0.653786	0.999864	0.005283	1.000004	0.000098	1.000297	0.000012	0.997673	0.000012	0.999649	0.000091	0.995308	0.000011	1.000000	1.000000	
1356628330.586333	0.999999	40.043190	26.811641	6.096686	0.999999	0.774019	1.000001	1.000001	1.000000	1.000000	1.000631	0.000385	1.003269	0.000058	1.000545	0.000291	1.004047	0.000053	1.000393	0.000437	1356628330.586523	1.000000	30.136169	16.928848	1.719528	1.000000	0.226057	1.000074	0.010136	1.000247	0.000042	1.000010	0.000074	1.000311	0.000071	1.000429	0.000069	1.000464	0.000057	1.000000	1.000000	
1356628331.586334	1.000001	38.107630	24.891227	6.102899	1.000001	0.359468	1.000000	0.999999	1.000000	1.000000	0.999787	0.000970	0.995616	0.000047	1.003026	0.000013	0.994335	0.000036	0.998202	0.000098	1356628331.586538	1.000015	32.096701	18.878028	2.467965	1.000001	0.646221	0.999922	0.003620	0.999942	0.000080	0.999674	0.000012	1.001251	0.000012	0.999733	0.000121	1.001956	0.000011	1.000000	1.000000	
1356628332.586333	0.999999	36.029026	22.788810	6.121405	0.999969	0.009370	1.000000	1.000000	1.000000	1.000000	1.000051	0.002188	1.000252	0.000090	0.995424	0.000043	0.999991	0.000041	0.999850	0.000154	1356628332.586547	1.000009	33.858977	20.630215	2.858312	1.000000	1.000000	0.999960	0.000029	0.999814	0.000041	1.000284	0.000058	0.999828	0.000052	1.000340	0.000068	0.999657	0.000057	1.000000	1.000000	
1356628333.586335	1.000002	715775846.093204	715786364.199699	715821257.292966	0.999965	1.000976	0.999963	1.000980	0.999965	1.000984	0.999965	1.000977	0.999965	1.000981	0.999967	1.000974	0.999965	1.000980	0.999965	1.000978	1356628333.586429	0.999882	715878874.006838	715877972.584461	715859194.672299	0.999965	1.000977	0.999963	1.000979	3.894753	0.257000	0.999965	1.000977	0.999965	1.000979	0.999968	1.000976	0.999965	1.000980	0.999965	1.000978	
1356628334.586334	0.999999	0.000000	0.000000	0.000000	-nan	-nan	-nan	-nan	0.000000	inf	-nan	-nan	-nan	0.000000	-nan	-nan	-nan	-nan	-nan	-nan	1356628334.586411	0.999982	0.000000	0.000000	0.000000	-nan	-nan	-nan	-nan	0.000000	inf	-nan	-nan	-nan	-nan	-nan	-nan	-nan	-nan	-nan	-nan	
