ts_0	elapsed_0	pkg_0	pp0_0	dram_0	freq_ratio_0_0	c0_ratio_0_0	freq_ratio_0_1	c0_ratio_0_1	freq_ratio_0_2	c0_ratio_0_2	freq_ratio_0_3	c0_ratio_0_3	freq_ratio_0_4	c0_ratio_0_4	freq_ratio_0_5	c0_ratio_0_5	freq_ratio_0_6	c0_ratio_0_6	freq_ratio_0_7	c0_ratio_0_7	ts_1	elapsed_1	pkg_1	pp0_1	dram_1	freq_ratio_1_0	c0_ratio_1_0	freq_ratio_1_1	c0_ratio_1_1	freq_ratio_1_2	c0_ratio_1_2	freq_ratio_1_3	c0_ratio_1_3	freq_ratio_1_4	c0_ratio_1_4	freq_ratio_1_5	c0_ratio_1_5	freq_ratio_1_6	c0_ratio_1_6	freq_ratio_1_7	c0_ratio_1_7	
1352518123.068005	1.002743	34.204578	21.024437	4.319344	0.997055	0.015111	0.999588	0.978499	0.992554	0.007915	0.999950	0.002549	1.000020	0.003727	0.996167	0.003579	0.995473	0.003409	0.992667	0.004767	1352518123.068085	1.000327	36.760955	23.554627	3.408217	0.999728	0.709511	0.999317	0.116130	0.996795	0.030724	0.999982	0.702195	0.999641	0.274773	0.983344	0.007210	0.975425	0.003815	0.997601	0.033399	
1352518124.068005	1.000000	35.611420	22.397491	4.920364	0.999939	0.016328	1.000000	0.989357	0.999943	0.012492	0.999938	0.004948	1.000001	0.005248	0.999868	0.005206	0.999966	0.004959	0.999994	0.006939	1352518124.068125	1.000040	42.705672	29.452678	4.073949	1.000000	0.989198	0.999931	0.006159	0.999879	0.005946	1.000000	0.989143	1.000000	0.571061	0.999959	0.004528	0.999930	0.004267	0.999930	0.005099	
1352518125.068006	1.000001	35.413052	22.197779	4.926234	0.999940	0.016838	1.000000	0.937276	1.000008	0.008009	0.999948	0.007147	1.000033	0.004544	1.000013	0.005412	0.999991	0.005220	0.999989	0.006659	1352518125.068116	0.999991	42.454852	29.212270	4.020514	1.000000	0.936394	0.999817	0.005938	1.000021	0.006920	1.000000	0.936196	1.000002	0.576952	0.999933	0.003906	1.000084	0.004668	0.999940	0.004015	
1352518126.068024	1.000018	35.447837	22.233031	4.920154	0.999814	0.014385	0.999999	0.961786	0.999862	0.010855	0.999913	0.008128	0.999943	0.005530	0.999864	0.005287	0.999891	0.005169	0.999942	0.006912	1352518126.068227	1.000111	43.252992	29.994943	4.066016	1.000001	0.961120	1.000161	0.006998	1.000015	0.005985	1.000001	0.961026	1.000002	0.568985	1.000118	0.004341	1.000087	0.004337	1.000125	0.004143	
1352518127.068021	0.999997	34.785569	21.584509	4.910889	0.999940	0.016711	1.000000	0.964933	0.999943	0.007580	0.999964	0.009498	0.999961	0.006732	0.999938	0.005276	0.999954	0.005121	0.999987	0.006361	1352518127.068218	0.999991	43.584440	30.322113	4.052176	1.000000	0.964426	1.000041	0.006967	0.999927	0.006250	1.000000	0.964787	1.000000	0.567343	0.999936	0.004033	1.000044	0.004258	0.999957	0.003969	
1352518128.068020	0.999999	36.766469	23.552742	4.930180	0.999992	0.094786	1.000000	0.960409	0.999999	0.465517	0.999914	0.003965	1.000004	0.006364	0.999942	0.004334	0.999973	0.008527	0.999981	0.007486	1352518128.068203	0.999985	39.348736	26.079234	4.148073	1.000000	0.959891	0.999905	0.006248	0.999952	0.006190	1.000000	0.959766	0.999930	0.003731	1.000037	0.004028	0.999973	0.018130	0.999978	0.004140	
1352518129.068018	0.999998	36.942392	23.729537	4.930261	0.999985	0.078427	1.000000	0.969729	0.999999	0.482719	0.999965	0.021967	1.000023	0.006416	0.999767	0.004404	0.999989	0.004035	0.999870	0.007604	1352518129.068267	1.000064	40.338090	27.069956	4.128185	1.000000	0.969357	0.999907	0.004862	0.999929	0.005867	1.000000	0.969251	1.000015	0.004722	1.000082	0.004275	0.999996	0.005275	0.999757	0.002390	
1352518130.068008	0.999990	35.117448	21.904821	4.910144	0.999994	0.077245	1.000001	0.976868	1.000002	0.409834	1.000143	0.007525	1.000014	0.010026	1.000267	0.004617	1.000070	0.004415	1.000257	0.004560	1352518130.068171	0.999904	39.413028	26.158535	4.101255	1.000000	0.976564	0.999991	0.103041	0.999930	0.007513	0.999999	0.976486	0.999518	0.004439	0.999768	0.004184	0.999749	0.004568	0.999883	0.002683	
1352518131.068006	0.999998	37.849178	24.634660	4.908838	0.999990	0.079633	1.000000	0.972428	0.999999	0.455648	0.999987	0.053225	1.000006	0.006541	0.999958	0.003966	0.999974	0.004616	1.000057	0.004186	1352518131.068106	0.999935	38.568871	25.293639	4.188093	1.000000	0.972053	1.000096	0.004939	0.999978	0.007230	1.000000	0.971955	1.000059	0.005144	1.000214	0.002164	1.000122	0.005557	0.999714	0.003248	
1352518132.068007	1.000001	36.709468	23.507927	4.927257	0.999989	0.090031	1.000000	0.942335	0.999942	0.009745	0.999958	0.009833	1.000001	0.008173	0.999958	0.004465	0.999986	0.004502	0.999982	0.004604	1352518132.068181	1.000075	41.411059	28.142936	4.075225	1.000000	0.941557	0.999997	0.490666	0.999852	0.006849	1.000000	0.941380	0.999960	0.004110	0.999907	0.001940	0.999974	0.004118	1.000112	0.002507	
1352518133.068005	0.999998	36.362160	23.148833	4.912226	0.999711	0.013215	1.000000	0.960720	0.999936	0.008911	0.999953	0.011477	1.000012	0.008389	0.999980	0.004103	0.999959	0.004526	1.000012	0.004698	1352518133.068087	0.999906	41.573470	28.308796	4.028455	1.000000	0.960154	1.000002	0.584172	1.000014	0.006468	1.000000	0.960019	0.999882	0.004104	0.999889	0.002179	1.000027	0.004466	0.999897	0.002467	
1352518134.068010	1.000005	36.495560	23.281362	4.906744	1.000079	0.016903	0.999999	0.951781	0.999732	0.011522	0.999884	0.008684	0.999920	0.005571	0.999843	0.003936	0.999909	0.004769	0.999894	0.005312	1352518134.068274	1.000187	40.581724	27.315176	4.061344	1.000001	0.951092	0.999988	0.585465	0.997897	0.006796	1.000000	0.950931	1.000169	0.003866	1.000068	0.002341	1.000046	0.004419	1.000156	0.002374	
1352518135.068020	1.000010	35.965689	22.757340	4.921215	0.999942	0.017066	1.000000	0.946593	1.000018	0.011022	0.999977	0.010351	1.000026	0.004043	0.999976	0.004324	0.999991	0.004557	1.000008	0.004549	1352518135.068153	0.999879	40.508690	27.248478	3.997448	1.000000	0.945846	1.000000	0.549943	0.999984	0.006254	1.000000	0.945697	0.999907	0.003872	0.999868	0.002147	0.999968	0.004759	1.000176	0.002182	
1352518136.068018	0.999998	35.652763	22.442532	4.920099	0.999962	0.017406	1.000000	0.967831	0.999880	0.011118	0.999881	0.010803	1.000048	0.004373	0.999866	0.003859	0.999948	0.004542	0.999996	0.005076	1352518136.068212	1.000059	39.695599	26.434646	3.995172	1.000000	0.967417	1.000000	0.565072	0.999896	0.002353	1.000000	0.967318	0.999983	0.004141	0.999879	0.002194	1.000072	0.004155	0.999815	0.002251	
1352518137.068014	0.999996	35.632179	22.419738	4.917638	0.999943	0.018246	0.999999	0.975984	0.999958	0.011481	1.000015	0.014506	0.999949	0.004334	1.000083	0.004095	0.999844	0.005099	1.000009	0.004508	1352518137.068132	0.999920	41.623787	28.368636	4.041965	1.000000	0.975651	1.000000	0.571245	0.999889	0.002969	1.000000	0.975559	0.999989	0.004190	0.999894	0.002214	0.999870	0.004429	0.999982	0.002314	
1352518138.068017	1.000003	36.264292	23.064046	4.931595	0.999942	0.017808	1.000001	0.943214	1.000001	0.010493	0.999958	0.013258	0.999919	0.004492	0.999693	0.003920	1.000114	0.005426	0.999987	0.004590	1352518138.068208	1.000076	40.009301	26.736904	4.059490	1.000000	0.942341	1.000000	0.586366	0.999898	0.002509	1.000000	0.942152	0.999953	0.004056	0.999887	0.002331	0.999946	0.004148	0.999989	0.002436	
1352518139.068020	1.000003	36.096995	22.884527	4.927673	0.999939	0.017457	1.000000	0.967607	0.999943	0.011124	0.999969	0.010970	1.000130	0.004868	1.000229	0.004411	1.000008	0.005122	1.000040	0.004853	1352518139.068143	0.999935	41.553959	28.285777	4.008424	1.000000	0.967147	1.000000	0.565028	0.999876	0.002458	1.000000	0.967029	0.999954	0.004207	0.999874	0.002188	0.999942	0.004161	0.999972	0.002165	
1352518140.068009	0.999989	36.252992	23.040551	4.903099	1.000034	0.018076	1.000001	0.951254	0.999976	0.010930	0.999984	0.009839	1.000117	0.005527	0.999860	0.004570	0.999885	0.005020	0.999911	0.004915	1352518140.068158	1.000015	40.353627	27.082906	4.025971	0.999999	0.950562	0.999997	0.580762	0.999574	0.002542	0.999999	0.950421	0.999737	0.004168	0.999531	0.002326	0.999654	0.004090	0.999676	0.002418	
1352518141.068034	1.000025	715772412.287797	715778223.186822	715800764.674674	0.999945	1.000280	0.999947	1.000301	0.999948	1.000301	0.999948	1.000292	0.999949	1.000299	0.999951	1.000291	0.999949	1.000299	0.999949	1.000295	1352518141.068152	0.999994	715794481.038897	715767036.472010	715813899.189749	0.999949	1.000295	0.999946	1.000296	3.895846	0.256749	0.999948	1.000294	0.999949	1.000299	0.999952	1.000295	0.999949	1.000298	0.999950	1.000300	
1352518142.068003	0.999969	0.000000	0.000000	0.000000	-nan	-nan	-nan	-nan	0.000000	inf	-nan	-nan	-nan	0.000000	-nan	-nan	-nan	-nan	-nan	-nan	1352518142.068082	0.999930	0.000000	0.000000	0.000000	-nan	-nan	-nan	-nan	0.000000	inf	-nan	-nan	-nan	-nan	-nan	-nan	-nan	-nan	-nan	-nan	
