ts_0	elapsed_0	pkg_0	pp0_0	dram_0	freq_ratio_0_0	c0_ratio_0_0	freq_ratio_0_1	c0_ratio_0_1	freq_ratio_0_2	c0_ratio_0_2	freq_ratio_0_3	c0_ratio_0_3	freq_ratio_0_4	c0_ratio_0_4	freq_ratio_0_5	c0_ratio_0_5	freq_ratio_0_6	c0_ratio_0_6	freq_ratio_0_7	c0_ratio_0_7	ts_1	elapsed_1	pkg_1	pp0_1	dram_1	freq_ratio_1_0	c0_ratio_1_0	freq_ratio_1_1	c0_ratio_1_1	freq_ratio_1_2	c0_ratio_1_2	freq_ratio_1_3	c0_ratio_1_3	freq_ratio_1_4	c0_ratio_1_4	freq_ratio_1_5	c0_ratio_1_5	freq_ratio_1_6	c0_ratio_1_6	freq_ratio_1_7	c0_ratio_1_7	
1356620966.314605	1.001832	49.694954	36.101007	4.738237	1.154437	0.251732	1.153854	0.249587	1.153633	0.248548	1.155195	0.251512	1.154339	0.248156	1.155377	0.251519	1.154840	0.249606	1.154713	0.248908	1356620966.314712	1.000353	49.568755	36.141093	4.115170	0.803159	0.814730	0.803108	0.814481	0.802666	0.812607	0.802428	0.811752	0.802409	0.811610	0.799967	0.801730	0.799696	0.800768	0.803115	0.815419	
1356620967.314599	0.999994	50.859785	37.050651	5.806324	0.733345	0.997652	0.733345	0.997650	0.733346	0.997648	0.733346	0.997647	0.733345	0.997645	0.733346	0.997643	0.733346	0.997643	0.733346	0.997641	1356620967.314684	0.999972	50.859817	37.288882	5.724693	0.734094	0.997647	0.734093	0.997985	0.734093	0.997993	0.734093	0.997992	0.734094	0.997635	0.734094	0.997631	0.734094	0.997693	0.734093	0.997985	
1356620968.314599	1.000000	50.856918	37.113510	5.783173	0.733496	0.997766	0.733496	0.997763	0.733496	0.997762	0.733496	0.997761	0.733496	0.997759	0.733496	0.997760	0.733496	0.997757	0.733496	0.997755	1356620968.314686	1.000002	50.857538	37.342061	5.476735	0.733504	0.997998	0.733504	0.998000	0.733504	0.997997	0.733504	0.997996	0.733503	0.997996	0.733503	0.997995	0.733503	0.997993	0.733503	0.997990	
1356620969.314598	0.999999	50.860171	37.026723	5.864874	0.733070	0.997329	0.733070	0.997325	0.733070	0.997324	0.733088	0.997808	0.733088	0.997807	0.733088	0.997805	0.733087	0.997805	0.733087	0.997805	1356620969.314687	1.000001	50.856748	37.268794	5.703699	0.733057	0.997543	0.733057	0.997543	0.733056	0.998027	0.733056	0.998025	0.733058	0.997537	0.733057	0.998020	0.733058	0.997581	0.733057	0.998017	
1356620970.314598	1.000000	50.855484	37.072830	5.765900	0.732600	0.997978	0.732600	0.997976	0.732600	0.997969	0.732600	0.997971	0.732600	0.997970	0.732600	0.997969	0.732600	0.997970	0.732600	0.997969	1356620970.314690	1.000003	50.852305	37.302558	5.685300	0.734086	0.997872	0.734087	0.997870	0.734087	0.997865	0.734087	0.997863	0.734087	0.997862	0.734087	0.997860	0.734087	0.997858	0.734087	0.997858	
1356620971.314598	1.000000	50.860397	37.085190	5.769638	0.732408	0.998001	0.732407	0.997998	0.732408	0.998000	0.732408	0.997997	0.732408	0.997998	0.732408	0.997995	0.732408	0.997997	0.732408	0.997995	1356620971.314685	0.999995	50.858455	37.316303	5.554380	0.734969	0.997447	0.734969	0.997443	0.734969	0.997441	0.734968	0.997439	0.734968	0.997439	0.734968	0.997436	0.734968	0.997435	0.734968	0.997434	
1356620972.314598	1.000000	50.857834	37.053833	5.801407	0.732371	0.998055	0.732372	0.998055	0.732371	0.998053	0.732371	0.998051	0.732372	0.997247	0.732372	0.997238	0.732372	0.997265	0.732373	0.997217	1356620972.314689	1.000004	50.857735	37.285722	5.587395	0.735231	0.997327	0.735231	0.997318	0.735231	0.997307	0.735231	0.997315	0.735231	0.997306	0.735231	0.997316	0.735231	0.997321	0.735231	0.997318	
1356620973.314600	1.000002	50.856196	37.091482	5.807057	0.732310	0.997377	0.732311	0.997376	0.732311	0.997372	0.732312	0.997370	0.732312	0.997368	0.732334	0.997938	0.732332	0.997870	0.732313	0.997361	1356620973.314696	1.000007	50.853607	37.310289	5.438241	0.734969	0.997239	0.734969	0.997237	0.734969	0.997232	0.734969	0.997231	0.734972	0.996687	0.734970	0.997229	0.734970	0.997228	0.734972	0.996737	
1356620974.314598	0.999998	50.858099	37.055033	5.821468	0.732136	0.997946	0.732136	0.997943	0.732136	0.997946	0.732136	0.997944	0.732136	0.997950	0.732136	0.997940	0.732136	0.997939	0.732136	0.997937	1356620974.314689	0.999993	50.808106	37.246748	5.568505	0.734793	0.997553	0.734793	0.997551	0.734793	0.997550	0.734793	0.997548	0.734793	0.997547	0.734793	0.997546	0.734792	0.997541	0.734792	0.997543	
1356620975.314598	1.000000	50.861496	37.040085	5.802917	0.731421	0.997661	0.731420	0.997659	0.731420	0.997657	0.731419	0.997655	0.731419	0.997652	0.731419	0.997652	0.731418	0.997651	0.731418	0.997648	1356620975.314688	0.999999	50.855151	37.266301	5.602117	0.734374	0.997550	0.734374	0.997548	0.734374	0.997549	0.734374	0.997546	0.734374	0.997546	0.734374	0.997544	0.734374	0.997540	0.734374	0.997540	
1356620976.314598	1.000000	50.860535	37.086075	5.769012	0.732402	0.997444	0.732402	0.998036	0.732402	0.998034	0.732403	0.997480	0.732401	0.998031	0.732401	0.998029	0.732402	0.998030	0.732402	0.998027	1356620976.314690	1.000002	50.859736	37.311345	5.564610	0.734994	0.997409	0.734996	0.996808	0.734993	0.997405	0.734993	0.997402	0.734996	0.996805	0.734996	0.996801	0.734993	0.997399	0.734993	0.997398	
1356620977.314598	1.000000	50.808655	37.029922	5.779785	0.732049	0.998172	0.732049	0.998168	0.732049	0.998165	0.732049	0.998166	0.732049	0.998165	0.732049	0.998166	0.732048	0.998163	0.732049	0.998163	1356620977.314685	0.999995	50.855876	37.293339	5.640958	0.734847	0.997485	0.734847	0.997485	0.734847	0.997483	0.734846	0.997481	0.734847	0.997479	0.734846	0.997478	0.734847	0.997477	0.734846	0.997477	
1356620978.314598	1.000000	50.858292	37.074677	5.833389	0.731701	0.998139	0.731701	0.998128	0.731701	0.998128	0.731701	0.998127	0.731701	0.998127	0.731701	0.998123	0.731701	0.998123	0.731701	0.998121	1356620978.314680	0.999995	50.857249	37.299244	5.481549	0.734659	0.997412	0.734659	0.997411	0.734659	0.997406	0.734659	0.997407	0.734659	0.997407	0.734659	0.997403	0.734659	0.997401	0.734659	0.997400	
1356620979.314598	1.000000	50.858536	37.075638	5.797043	0.731802	0.998027	0.731803	0.998026	0.731803	0.998026	0.731802	0.998022	0.731802	0.998021	0.731802	0.998022	0.731802	0.998019	0.731802	0.998018	1356620979.314686	1.000006	50.854220	37.295127	5.466581	0.734633	0.997569	0.734633	0.997567	0.734632	0.997564	0.734633	0.997563	0.734632	0.997560	0.734633	0.997560	0.734633	0.997558	0.734632	0.997557	
1356620980.314598	1.000000	50.861343	37.090897	5.796219	0.731013	0.997860	0.731012	0.997860	0.731013	0.997857	0.731013	0.997856	0.731012	0.997854	0.731012	0.997853	0.731012	0.997853	0.731012	0.997849	1356620980.314688	1.000002	50.857447	37.308446	5.370519	0.734925	0.997775	0.734925	0.997776	0.734925	0.997776	0.734925	0.997774	0.734925	0.997773	0.734925	0.997771	0.734925	0.997768	0.734925	0.997768	
1356620981.314598	1.000000	50.855606	37.056046	5.797607	0.730526	0.997997	0.730526	0.997995	0.730526	0.997995	0.730526	0.997993	0.730528	0.997993	0.730527	0.997990	0.730528	0.997990	0.730528	0.997990	1356620981.314695	1.000007	50.856155	37.283189	5.601417	0.734393	0.997910	0.734393	0.997907	0.734393	0.997907	0.734393	0.997906	0.734393	0.997905	0.734393	0.997905	0.734393	0.997902	0.734393	0.997899	
1356620982.314598	1.000000	50.861115	37.095642	5.715622	0.730718	0.997941	0.730717	0.997940	0.730717	0.997938	0.730717	0.997934	0.730716	0.997934	0.730716	0.997933	0.730715	0.997931	0.730715	0.997932	1356620982.314682	0.999987	50.852992	37.305665	5.389368	0.734711	0.997741	0.734711	0.997736	0.734711	0.997736	0.734711	0.997733	0.734711	0.997732	0.734711	0.997731	0.734711	0.997729	0.734711	0.997727	
1356620983.314598	1.000000	50.865463	37.082581	5.773773	0.730586	0.997893	0.730586	0.997894	0.730585	0.997894	0.730585	0.997893	0.730585	0.997892	0.730584	0.997891	0.730584	0.997890	0.730584	0.997887	1356620983.314695	1.000013	50.861684	37.308471	5.441976	0.734760	0.997969	0.734759	0.997968	0.734759	0.997966	0.734760	0.997965	0.734759	0.997963	0.734759	0.997961	0.734759	0.997961	0.734759	0.997958	
1356620984.314598	1.000000	50.856323	37.065796	5.729340	0.730329	0.997923	0.730329	0.997925	0.730330	0.997922	0.730330	0.997922	0.730330	0.997922	0.730331	0.997918	0.730330	0.997918	0.730331	0.997917	1356620984.314683	0.999988	50.858074	37.296007	5.496098	0.734689	0.997871	0.734690	0.997872	0.734689	0.997870	0.734689	0.997869	0.734689	0.997867	0.734689	0.997866	0.734689	0.997866	0.734689	0.997865	
1356620985.314598	1.000000	50.858490	37.068939	5.749283	0.731567	0.998096	0.731567	0.998095	0.731567	0.998094	0.731567	0.998094	0.731567	0.998093	0.731567	0.998091	0.731568	0.998091	0.731568	0.998088	1356620985.314687	1.000004	50.852455	37.296388	5.468713	0.734434	0.997667	0.734434	0.997665	0.734434	0.997664	0.734434	0.997661	0.734434	0.997661	0.734434	0.997660	0.734434	0.997659	0.734434	0.997657	
1356620986.314599	1.000001	50.856641	37.058558	5.761698	0.732838	0.997933	0.732839	0.997612	0.732839	0.997932	0.732839	0.997917	0.732840	0.997626	0.732840	0.997589	0.732840	0.997822	0.732841	0.997618	1356620986.314703	1.000016	50.857235	37.295562	5.501896	0.734433	0.997495	0.734434	0.997520	0.734436	0.997578	0.734435	0.997815	0.734435	0.997813	0.734434	0.997515	0.734434	0.997530	0.734436	0.997705	
1356620987.314598	0.999999	50.861087	37.071080	5.774877	0.732396	0.997811	0.732395	0.997811	0.732395	0.997808	0.732395	0.997818	0.732394	0.997807	0.732394	0.997803	0.732393	0.997803	0.732393	0.997803	1356620987.314681	0.999978	50.807633	37.259316	5.423642	0.734425	0.997709	0.734425	0.997707	0.734425	0.997706	0.734425	0.997705	0.734425	0.997704	0.734425	0.997701	0.734425	0.997700	0.734425	0.997700	
1356620988.314598	1.000000	50.861328	37.068604	5.800781	0.732115	0.997791	0.732115	0.997790	0.732115	0.997786	0.732115	0.997786	0.732114	0.997788	0.732114	0.997785	0.732114	0.997785	0.732113	0.997781	1356620988.314680	0.999999	50.909732	37.324437	5.560964	0.734329	0.998011	0.734329	0.998012	0.734329	0.998012	0.734329	0.998007	0.734329	0.998009	0.734329	0.998010	0.734329	0.998009	0.734329	0.998007	
1356620989.314598	1.000000	50.855362	37.078445	5.782623	0.731930	0.997704	0.731930	0.997701	0.731930	0.997703	0.731931	0.997700	0.731931	0.997700	0.731931	0.997697	0.731931	0.997697	0.731932	0.997696	1356620989.314681	1.000001	50.804578	37.250193	5.563563	0.734064	0.997992	0.734064	0.997992	0.734064	0.997992	0.734064	0.997989	0.734064	0.997989	0.734064	0.997986	0.734063	0.997985	0.734064	0.997986	
1356620990.314598	1.000000	50.856689	37.076645	5.753403	0.732155	0.997945	0.732156	0.997944	0.732155	0.997943	0.732154	0.997940	0.732155	0.997939	0.732155	0.997938	0.732155	0.997936	0.732154	0.997934	1356620990.314680	0.999999	50.854358	37.286489	5.436773	0.733857	0.997858	0.733857	0.997857	0.733857	0.997855	0.733857	0.997855	0.733857	0.997854	0.733858	0.997853	0.733858	0.997851	0.733858	0.997849	
1356620991.314598	1.000000	50.860352	37.079254	5.845535	0.731589	0.997570	0.731589	0.997569	0.731589	0.997566	0.731590	0.997565	0.731589	0.997564	0.731589	0.997561	0.731589	0.997562	0.731590	0.997560	1356620991.314681	1.000001	50.861035	37.289424	5.378489	0.733858	0.997887	0.733857	0.997884	0.733857	0.997885	0.733857	0.997882	0.733857	0.997882	0.733857	0.997881	0.733856	0.997878	0.733856	0.997878	
1356620992.314599	1.000001	50.861875	37.114680	5.719477	0.732128	0.997887	0.732128	0.997886	0.732128	0.997882	0.732128	0.997881	0.732128	0.997883	0.732128	0.997882	0.732128	0.997878	0.732128	0.997876	1356620992.314684	1.000003	50.856684	37.310218	5.346068	0.733824	0.997595	0.733824	0.997592	0.733824	0.997592	0.733824	0.997589	0.733824	0.997590	0.733824	0.997589	0.733824	0.997587	0.733824	0.997585	
1356620993.314598	0.999999	50.855700	37.111302	5.724386	0.732351	0.997899	0.732351	0.997896	0.732351	0.997895	0.732351	0.997895	0.732351	0.997892	0.732351	0.997889	0.732351	0.997890	0.732351	0.997886	1356620993.314681	0.999997	50.858190	37.310067	5.467638	0.734004	0.997740	0.734005	0.997739	0.734004	0.997740	0.734004	0.997738	0.734004	0.997737	0.734004	0.997735	0.734004	0.997736	0.734004	0.997731	
1356620994.314598	1.000000	50.859467	37.067123	5.841202	0.732895	0.997688	0.732895	0.997686	0.732895	0.997685	0.732895	0.997681	0.732895	0.997681	0.732895	0.997679	0.732894	0.997678	0.732895	0.997678	1356620994.314682	1.000001	50.857373	37.265849	5.503886	0.733977	0.998039	0.733976	0.998035	0.733976	0.998034	0.733976	0.998033	0.733977	0.998032	0.733976	0.998031	0.733976	0.998028	0.733976	0.998029	
1356620995.314598	1.000000	50.858368	37.052246	5.822708	0.732385	0.997593	0.732385	0.997594	0.732385	0.997588	0.732385	0.997588	0.732385	0.997588	0.732385	0.997587	0.732385	0.997586	0.732385	0.997585	1356620995.314687	1.000005	50.857335	37.253781	5.673083	0.733846	0.998075	0.733846	0.998073	0.733846	0.998072	0.733846	0.998070	0.733846	0.998068	0.733846	0.998067	0.733846	0.998066	0.733845	0.998066	
1356620996.314600	1.000002	50.856684	37.113912	5.742802	0.733363	0.997086	0.733363	0.997110	0.733364	0.997084	0.733363	0.997460	0.733363	0.997077	0.733363	0.997076	0.733363	0.997239	0.733363	0.997074	1356620996.314694	1.000007	50.856429	37.301530	5.453286	0.734010	0.997828	0.734010	0.997826	0.734011	0.997497	0.734011	0.997448	0.734010	0.997822	0.734010	0.997820	0.734011	0.997621	0.734011	0.997599	
1356620997.314597	0.999997	41.220434	27.705591	4.246733	0.745664	0.657020	0.745703	0.656192	0.745688	0.656120	0.745704	0.656109	0.745714	0.656102	0.745703	0.656038	0.745685	0.655941	0.745705	0.655968	1356620997.314979	1.000285	43.281202	29.896695	3.974499	0.745359	0.655936	0.745380	0.655971	0.745357	0.655886	0.745363	0.655883	0.745340	0.655804	0.745340	0.655782	0.745366	0.655824	0.832489	0.998705	
1356620998.314597	1.000000	715768547.781586	715778057.794281	715817065.715988	0.999953	1.000901	0.999951	1.000906	0.999954	1.000912	0.999953	1.000901	0.999954	1.000908	0.999956	1.000898	0.999954	1.000906	0.999954	1.000904	1356620998.314709	0.999730	715956195.433040	716014293.395637	715957766.976553	0.999953	1.000903	0.999951	1.000906	3.895540	0.256926	0.999954	1.000903	0.999953	1.000903	0.999957	1.000904	0.999953	1.000904	0.999954	1.000906	
1356620999.314603	1.000006	0.000000	0.000000	0.000000	-nan	-nan	-nan	-nan	0.000000	inf	-nan	-nan	-nan	0.000000	-nan	-nan	-nan	-nan	-nan	-nan	1356620999.314679	0.999970	0.000000	0.000000	0.000000	-nan	-nan	-nan	-nan	0.000000	inf	-nan	-nan	-nan	-nan	-nan	-nan	-nan	-nan	-nan	-nan	
