ts_0	elapsed_0	pkg_0	pp0_0	dram_0	freq_ratio_0_0	c0_ratio_0_0	freq_ratio_0_1	c0_ratio_0_1	freq_ratio_0_2	c0_ratio_0_2	freq_ratio_0_3	c0_ratio_0_3	freq_ratio_0_4	c0_ratio_0_4	freq_ratio_0_5	c0_ratio_0_5	freq_ratio_0_6	c0_ratio_0_6	freq_ratio_0_7	c0_ratio_0_7	ts_1	elapsed_1	pkg_1	pp0_1	dram_1	freq_ratio_1_0	c0_ratio_1_0	freq_ratio_1_1	c0_ratio_1_1	freq_ratio_1_2	c0_ratio_1_2	freq_ratio_1_3	c0_ratio_1_3	freq_ratio_1_4	c0_ratio_1_4	freq_ratio_1_5	c0_ratio_1_5	freq_ratio_1_6	c0_ratio_1_6	freq_ratio_1_7	c0_ratio_1_7	
1357205323.027244	1.001789	35.667206	22.430954	6.116498	1.152491	0.205049	1.152435	0.204021	1.152706	0.204067	1.153148	0.204572	1.153105	0.204078	1.153265	0.203767	1.153243	0.203543	1.153330	0.203858	1357205323.027448	1.000419	34.098799	20.858709	2.932716	0.999979	0.998683	0.999986	0.000186	0.859045	0.000145	0.999887	0.000136	0.603783	0.000051	0.998887	0.000055	0.831424	0.000099	0.999945	0.954204	
1357205324.027243	0.999999	35.506153	22.249502	6.113165	0.999566	0.002560	1.000000	1.000000	1.000000	1.000000	0.999913	0.000137	1.001571	0.000072	1.000017	0.001598	0.999448	0.000051	0.998981	0.000020	1357205324.027443	0.999995	34.219852	20.951490	3.146592	1.000000	1.000000	0.999082	0.000037	1.000034	0.000056	0.999582	0.000027	1.000001	0.002137	1.000357	0.000104	1.000617	0.000091	1.000000	1.000000	
1357205325.027241	0.999998	34.623662	21.371379	6.121411	0.999872	0.000376	1.000000	1.000000	1.000000	1.000000	0.999978	0.000105	0.999341	0.000013	1.050472	0.000012	1.002058	0.000013	1.000837	0.000063	1357205325.027463	1.000020	34.236390	20.982383	2.716422	1.000000	1.000000	1.000514	0.000065	0.999970	0.000104	1.000068	0.000051	0.997462	0.000007	0.999915	0.000346	0.999978	0.000051	1.000000	1.000000	
1357205326.027242	1.000001	31.586090	18.329023	6.106760	1.000356	0.001827	0.999999	0.427250	1.000000	1.000000	0.999032	0.000117	0.995772	0.000089	0.998898	0.000491	0.989739	0.000048	0.996291	0.000013	1357205326.027491	1.000028	37.456963	24.191021	3.412777	1.000000	1.000000	1.000001	0.576173	0.999983	0.000090	0.999903	0.000020	1.000103	0.000056	1.000292	0.000070	0.999772	0.000071	1.000000	1.000000	
1357205327.027241	0.999999	29.278730	16.028503	6.127569	0.999919	0.000418	0.999972	0.006645	1.000000	1.000000	0.999987	0.000118	0.999807	0.000032	0.983894	0.000009	0.997758	0.000014	0.985593	0.000046	1357205327.027487	0.999996	40.097742	26.835726	3.828034	1.000000	1.000000	1.000000	1.000000	0.994808	0.000131	0.988989	0.000047	0.999871	0.000012	0.999990	0.000039	0.999180	0.000036	1.000000	1.000000	
1357205328.027242	1.000001	32.489059	19.234570	6.106958	0.999684	0.002277	1.000000	0.549626	1.000000	1.000000	0.999819	0.000170	1.004813	0.000075	1.008806	0.000070	1.008833	0.000061	1.029630	0.000023	1357205328.027474	0.999987	36.838465	23.566334	3.387038	0.999998	0.452922	1.000000	1.000000	1.007937	0.000085	1.010435	0.000050	1.000083	0.000079	0.999706	0.000117	0.999894	0.000102	1.000000	1.000000	
1357205329.027241	0.999999	35.287479	22.040304	6.127569	1.000009	0.113239	1.000000	1.000000	1.000000	1.000000	0.996549	0.000142	1.011633	0.000013	0.993237	0.000013	1.000505	0.000013	0.999378	0.000048	1357205329.027435	0.999961	34.558205	21.301065	2.709045	1.000025	0.004172	0.999999	0.886898	0.999992	0.000100	1.000000	0.000065	0.999060	0.000012	1.000410	0.000071	1.000865	0.000043	1.000000	1.000000	
1357205330.027242	1.000001	40.347358	27.122319	6.113520	1.000000	1.000000	1.000000	1.000000	1.000000	1.000000	0.999982	0.000546	0.999974	0.000059	1.000013	0.000058	0.999821	0.000047	1.003667	0.000013	1357205330.027436	1.000001	29.224002	15.959213	2.865644	0.999905	0.003267	0.999710	0.000020	0.999267	0.000049	0.999921	0.000024	1.000463	0.000051	0.999937	0.000362	0.999993	0.006942	1.000000	1.000000	
1357205331.027241	0.999999	37.184591	23.964912	6.115240	0.999997	0.427144	1.000000	1.000000	1.000000	1.000000	1.000104	0.000437	0.992220	0.000013	1.008259	0.000013	1.000150	0.000013	0.996585	0.000044	1357205331.027465	1.000029	32.610349	19.358522	2.710386	1.000001	0.573123	0.999984	0.000073	1.000413	0.000092	0.999860	0.000066	0.997961	0.000012	1.000234	0.000038	0.999990	0.009337	1.000000	1.000000	
1357205332.027242	1.000001	31.013322	17.776945	6.119409	0.902128	0.006149	0.999999	0.417098	1.000000	0.897332	0.902731	0.006352	1.001668	0.000058	0.999896	0.000045	0.999379	0.000042	0.998140	0.000012	1357205332.027494	1.000029	36.486808	23.218853	4.547353	1.000000	0.897338	1.000001	0.480424	0.999933	0.000046	1.000490	0.000020	0.999944	0.000055	1.000068	0.000074	1.000000	0.000114	1.000000	1.000000	
1357205333.027241	0.999999	36.658223	23.442741	6.121405	1.000000	0.786584	1.000000	0.557009	1.000000	1.000000	0.999986	0.000396	1.000459	0.000013	0.991060	0.000013	1.002412	0.000013	1.002688	0.000053	1357205333.027437	0.999943	32.645049	19.400214	3.160931	0.999997	0.214943	0.999999	0.442903	0.999985	0.000100	0.999803	0.000063	1.000195	0.000012	0.999975	0.002820	1.000044	0.000052	1.000000	1.000000	
1357205334.027242	1.000001	40.234886	27.008214	6.101007	1.000000	1.000000	1.000000	1.000000	1.000000	1.000000	0.999983	0.000455	0.998521	0.000056	0.999700	0.000051	0.997482	0.000048	0.997170	0.000013	1357205334.027425	0.999988	28.881005	15.619891	2.864612	0.999554	0.000028	0.999844	0.000020	0.999883	0.000063	1.000429	0.000021	1.000003	0.002072	0.999854	0.000098	1.000394	0.000086	1.000000	1.000000	
1357205335.027241	0.999999	37.051137	23.829521	6.127569	0.999999	0.411143	1.000000	1.000000	1.000000	1.000000	1.000055	0.000445	0.995968	0.000013	1.011685	0.000013	1.010074	0.000013	1.001075	0.000044	1357205335.027476	1.000051	32.271760	19.017783	2.715605	1.000001	0.589114	0.999984	0.004893	1.000081	0.000090	1.000037	0.000062	1.000322	0.000007	1.000078	0.000387	0.999699	0.000041	1.000000	1.000000	
1357205336.027242	1.000001	38.938439	25.710791	6.101007	1.000001	0.755921	1.000000	1.000000	1.000000	1.000000	1.000119	0.000450	1.001472	0.000056	0.997143	0.000045	0.999742	0.000043	1.000575	0.000013	1357205336.027434	0.999958	30.451916	17.188282	2.855924	0.999997	0.243905	0.999980	0.002758	1.000006	0.000062	0.999765	0.000020	1.000026	0.000059	0.999626	0.000076	1.000000	0.005239	1.000000	1.000000	
1357205337.027248	1.000006	37.958636	24.734609	6.120432	0.999999	0.432123	1.000000	1.000000	1.000000	1.000000	0.999975	0.003210	0.999973	0.002692	0.999824	0.002708	0.999975	0.002539	0.999988	0.002381	1357205337.027443	1.000009	34.046979	20.792658	2.710287	1.000001	0.571097	0.999998	0.002702	0.999827	0.002677	0.999807	0.002751	0.999806	0.002584	0.999999	0.002895	0.999997	0.008339	1.000000	1.000000	
1357205338.027242	0.999994	36.035371	22.812346	6.113363	0.999559	0.001487	1.000000	1.000000	1.000000	1.000000	0.999989	0.001482	0.999886	0.003965	1.001388	0.000041	0.990442	0.000049	0.999539	0.000013	1357205338.027447	1.000004	34.244429	20.973822	3.518403	1.000000	1.000000	1.000076	0.000020	1.008832	0.000052	1.025262	0.000021	1.008610	0.000058	0.999933	0.000086	1.000043	0.000081	1.000000	1.000000	
1357205339.027254	1.000012	32.015472	18.797612	6.115161	1.000121	0.003928	0.999999	0.419123	1.000000	1.000000	0.999991	0.004347	1.025222	0.000007	0.991406	0.000014	1.000945	0.000014	0.987649	0.000042	1357205339.027498	1.000051	37.641649	24.379722	3.756614	1.000000	1.000000	1.000001	0.581130	0.990309	0.000070	0.991156	0.000058	0.999034	0.000012	1.000421	0.000038	1.000178	0.000041	1.000000	1.000000	
1357205340.027250	0.999996	32.397028	19.170335	6.113321	1.000001	0.566585	0.998893	0.000659	1.000000	1.000000	0.999998	0.002318	1.004581	0.000076	1.010259	0.000064	1.009252	0.000065	1.023453	0.000023	1357205340.027471	0.999973	35.668151	22.394768	3.157281	0.999998	0.343071	1.000000	0.908226	1.010572	0.000063	1.017074	0.000030	0.999664	0.000084	0.999945	0.000454	0.999889	0.000093	0.999985	0.998096	
1357205341.027242	0.999992	31.605450	18.385357	6.096577	1.000000	1.000000	1.000641	0.000239	0.999999	0.443054	0.999962	0.002868	1.012726	0.000012	0.998935	0.000013	0.992851	0.000013	0.999476	0.000046	1357205341.027485	1.000014	37.351647	24.104565	2.855932	1.000001	0.557178	1.000000	1.000000	0.999889	0.000084	1.000026	0.000059	1.003059	0.000012	0.999893	0.000043	1.000368	0.000058	1.000000	1.000000	
1357205342.027242	1.000000	29.091568	15.868958	6.101288	1.000000	1.000000	1.000042	0.000247	1.005904	0.000021	1.000301	0.000482	0.999735	0.000055	1.000054	0.000050	0.999060	0.000048	1.001730	0.000013	1357205342.027500	1.000015	39.834546	26.558637	2.879382	1.000000	1.000000	1.000000	1.000000	1.000097	0.000060	1.000099	0.000027	0.997419	0.000275	1.000230	0.000114	0.999676	0.000087	1.000000	1.000000	
1357205343.027242	1.000000	32.204025	18.993057	6.108978	1.000000	1.000000	1.000001	0.568055	0.999848	0.004687	0.999016	0.000282	0.988577	0.000013	1.000554	0.000013	0.999909	0.000013	0.999787	0.000049	1357205343.027455	0.999955	36.732231	23.457112	3.195456	0.999998	0.431848	1.000000	1.000000	1.000004	0.000088	0.999863	0.000062	1.001475	0.000474	0.999655	0.000046	1.000064	0.000042	1.000000	1.000000	
1357205344.027241	0.999999	34.720263	21.495855	6.115240	1.000000	1.000000	1.000000	1.000000	0.999973	0.003664	1.001163	0.000231	0.999955	0.000060	0.999950	0.000047	0.998618	0.000044	0.984399	0.000013	1357205344.027469	1.000014	34.325521	21.068612	2.914998	0.999833	0.000028	1.000000	1.000000	0.999597	0.000068	0.998935	0.000021	0.999999	0.002048	0.999624	0.000085	0.999469	0.000084	1.000000	1.000000	
1357205345.027242	1.000001	31.941681	18.718244	6.127497	0.999999	0.444174	1.000000	1.000000	0.999973	0.004563	0.999867	0.000249	1.013560	0.000013	1.000964	0.000012	1.008142	0.000013	1.003300	0.000054	1357205345.027483	1.000014	37.388375	24.118176	3.468030	1.000001	0.557207	1.000000	1.000000	0.999873	0.000073	1.000591	0.000053	0.995118	0.000007	1.000026	0.000366	1.001155	0.000037	1.000000	1.000000	
1357205346.027241	0.999999	34.310046	21.089269	6.084417	1.000000	0.946884	1.000000	1.000000	1.000115	0.000668	1.000060	0.000243	0.997750	0.000055	0.999912	0.000048	0.999676	0.000048	1.001753	0.000013	1357205346.027465	0.999982	34.635278	21.376664	2.790715	0.999988	0.054156	1.000000	1.000000	1.000441	0.000059	0.999698	0.000022	1.000551	0.000058	0.999981	0.000121	1.000162	0.000072	1.000000	1.000000	
1357205347.027243	1.000002	33.403592	20.176979	6.105366	0.999562	0.903635	0.999999	0.901997	0.999494	0.000240	1.000026	0.000234	0.705403	0.000018	0.999279	0.000013	0.998142	0.000017	0.999598	0.000045	1357205347.027462	0.999997	34.382812	21.114018	2.947153	1.000009	0.006105	1.000000	1.000000	0.999893	0.000086	0.999915	0.000059	1.000950	0.000012	1.000032	0.000036	1.000185	0.000042	1.000000	0.999157	
1357205348.027241	0.999998	38.383710	25.158495	6.109081	1.000000	1.000000	1.000000	1.000000	1.000001	0.628975	1.000117	0.000705	1.000192	0.000225	0.995381	0.000054	0.999875	0.000077	1.000043	0.000054	1357205348.027426	0.999964	31.148308	17.890842	2.721411	0.999874	0.002491	0.999998	0.370905	1.000031	0.000177	1.000049	0.000078	0.999921	0.000142	0.999990	0.004383	0.999804	0.000087	1.000000	1.000000	
1357205349.027242	1.000001	38.523447	25.294562	6.102823	0.999999	0.601117	1.000000	1.000000	1.000000	1.000000	0.999981	0.000998	0.987795	0.000008	1.028026	0.000008	1.001806	0.000008	0.999511	0.000038	1357205349.027467	1.000041	31.099051	17.845414	2.887287	1.000002	0.400767	0.999637	0.000045	0.999746	0.000133	0.998947	0.000037	0.999515	0.000007	0.999974	0.005016	0.999714	0.000035	1.000000	1.000000	
1357205350.027241	0.999999	30.504988	17.286195	6.121405	0.998319	0.000247	0.999999	0.232190	1.000000	1.000000	0.999934	0.003124	0.994803	0.000062	0.991411	0.000054	0.990914	0.000053	1.001148	0.000013	1357205350.027491	1.000024	38.704222	25.440488	3.015003	1.000000	1.000000	1.000001	0.768093	0.994498	0.000119	1.001327	0.000020	1.000047	0.000074	1.000046	0.000387	1.000028	0.000068	1.000000	1.000000	
1357205351.027242	1.000001	34.438764	21.215236	6.115106	1.000001	0.985880	0.999495	0.000050	1.000000	1.000000	1.000270	0.000556	0.996832	0.000014	0.977113	0.000014	0.996204	0.000014	0.988588	0.000046	1357205351.027465	0.999974	34.826421	21.555110	2.870039	0.999950	0.019370	1.000000	1.000000	1.000249	0.000162	0.991827	0.000059	1.000994	0.000012	1.000350	0.000045	1.000120	0.000048	1.000000	1.000000	
1357205352.027241	0.999999	34.676211	21.451681	6.127569	1.000000	1.000000	1.000294	0.000054	1.000000	1.000000	0.999975	0.000437	1.005102	0.000076	1.000245	0.002943	1.009768	0.000059	1.025963	0.000022	1357205352.027463	0.999998	34.395268	21.137507	3.022863	0.999989	0.001338	1.000000	1.000000	1.004867	0.000130	1.010992	0.000045	0.999866	0.000080	0.999990	0.000114	0.999826	0.000102	1.000000	1.000000	
1357205353.027242	1.000001	34.364011	21.150447	6.108698	1.000000	1.000000	0.999065	0.000036	1.000000	1.000000	0.999990	0.000540	0.996800	0.000013	1.000698	0.000013	0.994824	0.000013	0.999562	0.000047	1357205353.027454	0.999991	34.214238	20.946174	2.837840	1.000134	0.000069	1.000000	1.000000	0.999707	0.000118	0.999920	0.000044	1.000939	0.000012	0.999949	0.000053	0.999969	0.000050	1.000000	1.000000	
1357205354.027241	0.999999	31.802643	18.580584	6.127569	0.999999	0.424161	0.999062	0.000050	1.000000	1.000000	0.999969	0.006911	1.000921	0.000056	0.999834	0.000513	0.998448	0.000046	0.995652	0.000013	1357205354.027502	1.000048	37.633481	24.372901	4.138504	1.000001	0.576110	1.000000	1.000000	1.000320	0.000068	0.999946	0.000021	0.999992	0.002305	1.000000	0.000088	0.999827	0.000069	1.000000	1.000000	
1357205355.027250	1.000009	33.912931	20.690212	6.114706	1.000000	0.876140	1.001034	0.000073	1.000000	1.000000	0.999984	0.000404	1.004112	0.000013	1.007136	0.000008	1.008841	0.000013	1.000903	0.000045	1357205355.027467	0.999965	35.241302	21.965949	2.957211	0.999982	0.034977	1.000000	1.000000	1.000059	0.000105	0.999860	0.000047	1.000011	0.000534	0.999860	0.000366	0.999764	0.000044	1.000000	0.995826	
1357205356.027241	0.999991	34.538490	21.320948	6.121454	1.000000	1.000000	0.997374	0.000055	1.000000	1.000000	0.999965	0.000399	0.999788	0.000062	0.999992	0.000050	1.000792	0.000045	0.999878	0.000013	1357205356.027469	1.000002	34.224041	20.965139	2.715602	0.998309	0.000028	1.000000	1.000000	0.999991	0.000082	1.000093	0.000021	0.999777	0.000050	1.000283	0.000076	1.000728	0.000075	1.000000	1.000000	
1357205357.027242	1.000001	34.478498	21.256785	6.120981	1.000000	1.000000	1.003573	0.000035	1.000000	1.000000	0.999988	0.000423	0.992940	0.000013	1.000091	0.000013	0.998870	0.000013	0.998518	0.000047	1357205357.027465	0.999996	35.059102	21.800381	2.834545	1.000011	0.001092	1.000000	1.000000	0.999981	0.000125	0.999889	0.000052	1.000905	0.000012	1.000693	0.000037	0.999699	0.000049	1.000000	1.000000	
1357205358.027241	0.999999	34.547610	21.329000	6.115240	1.000000	1.000000	1.000050	0.000061	1.000000	1.000000	0.999980	0.000484	1.001441	0.000055	0.999872	0.000048	0.999950	0.000046	1.004566	0.000013	1357205358.027465	1.000000	34.252991	20.994019	2.715378	0.998520	0.000028	1.000000	1.000000	0.999612	0.000088	1.000216	0.000021	1.000148	0.000063	0.999768	0.000120	0.999740	0.000076	1.000000	1.000000	
1357205359.027242	1.000001	34.483411	21.259547	6.115122	1.000000	1.000000	0.999958	0.000065	1.000000	1.000000	0.999991	0.000443	0.998778	0.000035	1.000762	0.000013	0.999606	0.000013	1.000367	0.000045	1357205359.027457	0.999992	35.123011	21.855356	2.836723	1.000004	0.001119	1.000000	1.000000	1.000252	0.000124	1.000019	0.000059	0.998049	0.000011	1.000546	0.000039	0.999991	0.000044	1.000000	1.000000	
1357205360.027242	1.000000	34.503326	21.280975	6.109070	1.000000	1.000000	1.000405	0.000169	1.000000	1.000000	0.999739	0.000436	1.000594	0.000057	0.999299	0.000047	0.997010	0.000045	1.000764	0.000013	1357205360.027464	1.000007	34.210289	20.951454	2.727185	0.998473	0.000028	1.000000	1.000000	0.999902	0.000083	0.999909	0.000021	1.000163	0.000064	0.999942	0.000357	0.999723	0.000082	1.000000	1.000000	
1357205361.027242	1.000000	24.956039	11.699066	6.007401	0.976667	0.073543	0.997152	0.000035	0.999997	0.059337	0.999753	0.000229	1.011416	0.000013	0.999701	0.000013	1.010873	0.000013	0.999124	0.000048	1357205361.027495	1.000031	29.536285	16.142780	5.649086	1.000034	0.004500	0.999991	0.059127	1.000078	0.000099	0.999874	0.000046	0.999936	0.000012	1.000700	0.000032	1.000281	0.000048	1.000000	1.000000	
1357205362.027245	1.000003	25.010710	11.742990	5.946637	0.821311	0.019230	0.870216	0.005448	0.999989	0.002504	0.993340	0.002710	0.999777	0.002576	0.999757	0.002225	0.992763	0.002418	0.999742	0.002360	1357205362.027450	0.999955	30.282874	16.899840	5.622492	0.999923	0.005123	0.999778	0.002399	0.999985	0.002499	0.999998	0.002556	0.999786	0.002467	0.999987	0.002424	1.000006	0.003583	1.000000	1.000000	
1357205363.027242	0.999997	22.548700	9.263121	6.128895	0.733439	0.020237	1.010710	0.000049	0.776682	0.000072	0.721914	0.000512	1.002018	0.000014	1.003267	0.000014	1.001099	0.000009	1.002566	0.000040	1357205363.027524	1.000074	29.042394	15.651050	5.836437	0.999968	0.005800	1.000417	0.000042	0.992178	0.000083	0.988584	0.000043	1.046944	0.000011	1.000140	0.000036	0.999357	0.000035	1.000000	1.000000	
1357205364.027242	1.000000	24.699066	11.415955	6.194061	0.825335	0.017799	0.999028	0.000050	1.001284	0.000016	0.706981	0.006608	0.801192	0.000087	0.838725	0.002468	0.706583	0.000121	1.016905	0.000022	1357205364.027492	0.999968	28.689363	15.305314	5.885640	1.001971	0.000040	1.016591	0.000031	1.006709	0.000096	1.015587	0.000032	1.000000	0.002059	1.000070	0.000105	1.000044	0.000079	1.000000	1.000000	
1357205365.027242	1.000000	24.140213	10.853851	6.069077	0.869927	0.019622	0.681600	0.000090	0.908601	0.000056	0.832172	0.000250	1.002315	0.000013	1.053228	0.000012	1.005199	0.000013	1.003212	0.000046	1357205365.027496	1.000004	28.562247	15.178222	5.917380	0.999950	0.000054	0.999967	0.000047	1.000368	0.000090	0.999619	0.000048	0.999095	0.000007	0.999996	0.001543	0.999798	0.000036	1.000000	1.000000	
1357205366.027244	1.000002	24.070633	10.793986	6.043095	0.844000	0.016490	0.989515	0.000058	1.000559	0.000025	0.717765	0.000303	0.999055	0.000063	1.000065	0.000053	0.999426	0.000049	1.000622	0.000012	1357205366.027488	0.999992	28.552813	15.177934	5.730561	0.999846	0.000028	0.998608	0.000021	0.999909	0.000080	0.998812	0.000026	0.999959	0.000047	0.999412	0.000079	1.000188	0.000066	1.000000	1.000000	
1357205367.027242	0.999998	24.734773	11.457526	5.887523	0.912545	0.013206	1.017553	0.000035	0.999706	0.000067	0.964273	0.002459	1.003340	0.000017	0.999066	0.000013	1.005841	0.000012	0.999787	0.000045	1357205367.027497	1.000009	28.601029	15.226196	5.476482	1.000038	0.000051	1.000711	0.000043	0.999666	0.000088	1.000830	0.000044	1.000700	0.000011	0.999994	0.003257	0.999795	0.000043	1.000000	1.000000	
1357205368.027243	1.000001	24.286735	11.010884	6.191400	0.911394	0.017076	0.988545	0.000054	1.001139	0.000017	0.963637	0.001505	0.997004	0.000059	1.000566	0.000046	0.998683	0.000044	1.001731	0.000013	1357205368.027489	0.999992	28.570315	15.190171	5.819871	0.998695	0.000028	0.999741	0.000021	0.999940	0.000077	0.999852	0.000021	0.999873	0.000052	1.000012	0.001078	1.000016	0.000072	1.000000	1.000000	
1357205369.027242	0.999999	25.080117	11.800854	6.120825	0.972011	0.017583	1.020265	0.000034	0.999428	0.000049	0.978321	0.000729	1.015528	0.000012	0.998271	0.000012	1.003530	0.000012	0.999132	0.000045	1357205369.027483	0.999994	28.567080	15.171828	5.933400	1.000450	0.000054	1.000075	0.000052	1.000328	0.000109	1.000112	0.000052	0.997491	0.000012	0.998976	0.000030	1.000322	0.000042	1.000000	1.000000	
1357205370.027242	1.000000	25.127228	11.845428	6.132294	0.975701	0.018065	0.999077	0.000088	0.999930	0.000022	1.000030	0.000215	0.998951	0.000053	1.000206	0.000045	0.999214	0.000045	1.004547	0.000013	1357205370.027487	1.000004	28.567938	15.175857	5.886954	1.000181	0.000028	1.000019	0.000020	0.999904	0.000068	0.999717	0.000022	1.000520	0.000052	1.000057	0.000370	0.999791	0.000068	1.000000	1.000000	
1357205371.027248	1.000006	715807491.016538	715815154.038566	715795143.198703	0.999960	1.001022	0.999957	1.001026	0.999968	1.001024	0.999960	1.001023	0.999960	1.001026	0.999962	1.001022	0.999960	1.001027	0.999960	1.001024	1357205371.027348	0.999861	715907950.818184	715860899.847802	715894728.066475	0.999960	1.001022	0.999957	1.001026	3.895135	0.256985	0.999960	1.001024	0.999960	1.001026	0.999962	1.001022	0.999960	1.001027	0.999960	1.001024	
1357205372.027241	0.999993	0.000000	0.000000	0.000000	-nan	-nan	-nan	-nan	1523525072622.580078	inf	-nan	-nan	-nan	0.000000	0.000000	inf	-nan	-nan	-nan	-nan	1357205372.027321	0.999973	0.000000	0.000000	0.000000	-nan	-nan	-nan	-nan	1.345745	inf	-nan	-nan	-nan	-nan	-nan	-nan	-nan	-nan	-nan	-nan	
