ts_0	elapsed_0	pkg_0	pp0_0	dram_0	freq_ratio_0_0	c0_ratio_0_0	freq_ratio_0_1	c0_ratio_0_1	freq_ratio_0_2	c0_ratio_0_2	freq_ratio_0_3	c0_ratio_0_3	freq_ratio_0_4	c0_ratio_0_4	freq_ratio_0_5	c0_ratio_0_5	freq_ratio_0_6	c0_ratio_0_6	freq_ratio_0_7	c0_ratio_0_7	ts_1	elapsed_1	pkg_1	pp0_1	dram_1	freq_ratio_1_0	c0_ratio_1_0	freq_ratio_1_1	c0_ratio_1_1	freq_ratio_1_2	c0_ratio_1_2	freq_ratio_1_3	c0_ratio_1_3	freq_ratio_1_4	c0_ratio_1_4	freq_ratio_1_5	c0_ratio_1_5	freq_ratio_1_6	c0_ratio_1_6	freq_ratio_1_7	c0_ratio_1_7	
1354694485.274850	1.001631	50.891939	37.475955	5.492522	1.159522	0.460862	1.155545	0.443200	1.156492	0.452135	1.155422	0.449982	1.154096	0.439662	1.155724	0.446932	1.156127	0.444933	1.154756	0.440006	1354694485.274942	1.000344	48.280234	34.974448	4.738650	0.946670	0.836551	0.946661	0.836286	0.946661	0.835969	0.945312	0.815694	0.936642	0.703830	0.922012	0.003314	0.994585	0.000076	0.946651	0.837293	
1354694486.274846	0.999996	50.854973	37.369262	5.880960	0.737806	0.996225	0.737805	0.996266	0.737806	0.996215	0.737805	0.996216	0.737805	0.996235	0.737805	0.996282	0.737805	0.996230	0.737802	0.996645	1354694486.274934	0.999992	50.793655	37.405104	5.902361	0.879612	0.996804	0.879612	0.996845	0.879613	0.996840	0.879612	0.996817	0.879612	0.996850	0.879940	0.005426	0.720831	0.000030	0.879595	0.996900	
1354694487.274844	0.999998	50.855856	37.353282	5.880443	0.737738	0.996713	0.737739	0.996711	0.737739	0.996711	0.737739	0.996708	0.737738	0.996706	0.737738	0.996705	0.737738	0.996702	0.737738	0.996698	1354694487.274929	0.999995	50.791270	37.397328	5.929412	0.877474	0.996648	0.877474	0.996654	0.877474	0.996653	0.877474	0.996644	0.877474	0.996641	0.866237	0.006474	0.877421	0.001887	0.877477	0.996650	
1354694488.274845	1.000001	50.853391	37.360636	5.876536	0.736844	0.996329	0.736844	0.996360	0.736841	0.996757	0.736844	0.996323	0.736842	0.996752	0.736845	0.996339	0.736845	0.996300	0.736844	0.996315	1354694488.274933	1.000004	50.790337	37.404084	5.894538	0.879413	0.996643	0.879417	0.997387	0.879411	0.996308	0.879417	0.997381	0.879415	0.997002	0.884986	0.000068	0.877903	0.002075	0.879411	0.996360	
1354694489.274844	0.999999	50.854709	37.347951	5.861105	0.737223	0.996409	0.737223	0.996400	0.737224	0.996396	0.737224	0.996399	0.737224	0.996395	0.737224	0.996392	0.737234	0.996344	0.737224	0.996390	1354694489.274930	0.999997	50.791829	37.396646	5.920383	0.879066	0.996785	0.879066	0.996785	0.879067	0.997095	0.879067	0.997091	0.879067	0.997092	0.874922	0.000253	0.878818	0.001017	0.879065	0.997089	
1354694490.274844	1.000000	50.855240	37.353531	5.867203	0.736765	0.996943	0.736765	0.996942	0.736765	0.996941	0.736765	0.996939	0.736765	0.996940	0.736765	0.996934	0.736764	0.996932	0.736765	0.996932	1354694490.274927	0.999997	50.790151	37.403589	5.905719	0.879329	0.997356	0.879329	0.997355	0.879329	0.997352	0.879329	0.997349	0.879329	0.997348	0.864258	0.000078	0.858334	0.000013	0.879332	0.997347	
1354694491.274844	1.000000	50.852554	37.329544	5.860962	0.736528	0.996979	0.736528	0.996978	0.736528	0.996975	0.736529	0.996975	0.736529	0.996973	0.736529	0.996973	0.736529	0.996971	0.736529	0.996968	1354694491.274921	0.999994	50.737943	37.346643	5.926671	0.877639	0.996969	0.877639	0.996966	0.877639	0.996962	0.877639	0.996959	0.877639	0.996957	0.863275	0.000631	0.874311	0.004628	0.877639	0.996959	
1354694492.274844	1.000000	50.857651	37.352707	5.861267	0.737187	0.997036	0.737187	0.997033	0.737187	0.997032	0.737187	0.997029	0.737186	0.997030	0.737186	0.997026	0.737186	0.997024	0.737187	0.997025	1354694492.274921	1.000000	50.795120	37.403610	5.897018	0.876207	0.996800	0.876207	0.996798	0.876207	0.996795	0.876206	0.996787	0.876206	0.996780	0.878808	0.001148	0.875486	0.003573	0.876204	0.996789	
1354694493.274844	1.000000	50.855301	37.342529	5.870667	0.736533	0.997012	0.736533	0.997010	0.736532	0.997006	0.736532	0.997006	0.736533	0.997005	0.736533	0.997003	0.736533	0.997001	0.736532	0.997000	1354694493.274923	1.000002	50.789454	37.389302	5.927754	0.877368	0.996659	0.877368	0.996656	0.877368	0.996654	0.877369	0.996649	0.877369	0.996649	0.878465	0.001926	0.877166	0.001663	0.877371	0.996648	
1354694494.274844	1.000000	50.854065	37.341904	5.835541	0.736670	0.996356	0.736671	0.996350	0.736670	0.996347	0.736671	0.996350	0.736670	0.996345	0.736670	0.996394	0.736666	0.996995	0.736670	0.996338	1354694494.274927	1.000004	50.791649	37.388017	5.908271	0.876438	0.996952	0.876438	0.996950	0.876438	0.996948	0.876438	0.996945	0.876438	0.996942	0.885544	0.000065	0.877731	0.005333	0.876438	0.996943	
1354694495.274844	1.000000	50.851273	37.337677	5.865082	0.736651	0.996928	0.736651	0.996931	0.736651	0.996926	0.736651	0.996926	0.736651	0.996925	0.736651	0.996921	0.736651	0.996918	0.736651	0.996919	1354694495.274923	0.999996	50.787163	37.383345	5.916879	0.875602	0.996485	0.875602	0.996482	0.875603	0.996480	0.875603	0.996479	0.875602	0.996475	0.875127	0.005788	0.872950	0.000693	0.875602	0.996476	
1354694496.274845	1.000001	50.858136	37.341273	5.848459	0.736508	0.996379	0.736507	0.996400	0.736508	0.996367	0.736508	0.996399	0.736505	0.996969	0.736508	0.996413	0.736507	0.996363	0.736504	0.996964	1354694496.274931	1.000008	50.790482	37.387072	5.955518	0.876341	0.995706	0.876341	0.995741	0.876341	0.995742	0.876346	0.996299	0.876345	0.996186	0.877966	0.005396	0.897622	0.000013	0.876341	0.995776	
1354694497.274844	0.999999	50.805880	37.308324	5.848898	0.736365	0.996918	0.736365	0.996915	0.736365	0.996912	0.736365	0.996912	0.736365	0.996908	0.736365	0.996909	0.736365	0.996907	0.736364	0.996905	1354694497.274926	0.999995	50.794947	37.392826	5.934142	0.876093	0.996542	0.876093	0.996542	0.876093	0.996539	0.876093	0.996534	0.876093	0.996534	0.847135	0.009936	0.877716	0.001274	0.876093	0.996534	
1354694498.274844	1.000000	50.852036	37.337433	5.882904	0.737122	0.996779	0.737123	0.996777	0.737123	0.996775	0.737124	0.996773	0.737124	0.996773	0.737124	0.996772	0.737124	0.996769	0.737125	0.996767	1354694498.274922	0.999996	50.791527	37.391143	5.914941	0.878479	0.996537	0.878479	0.996532	0.878478	0.996574	0.878479	0.996534	0.878477	0.996586	0.899521	0.000084	0.898645	0.000045	0.878471	0.996759	
1354694499.274844	1.000000	50.855011	37.332153	5.880264	0.737495	0.996558	0.737494	0.996557	0.737495	0.996547	0.737495	0.996553	0.737495	0.996544	0.737494	0.996540	0.737494	0.996536	0.737494	0.996541	1354694499.274917	0.999995	50.736826	37.342930	5.905608	0.877550	0.996861	0.877551	0.996862	0.877551	0.996856	0.877551	0.996854	0.877551	0.996850	0.888713	0.000121	0.875921	0.001974	0.877553	0.996852	
1354694500.274846	1.000002	50.855646	37.340886	5.884068	0.737022	0.996785	0.737024	0.996555	0.737024	0.996548	0.737022	0.996775	0.737023	0.996548	0.737023	0.996564	0.737023	0.996524	0.737022	0.996540	1354694500.274927	1.000010	50.790812	37.389503	5.897829	0.878000	0.996494	0.878000	0.996489	0.877979	0.996564	0.877999	0.996481	0.877979	0.996560	0.832542	0.000088	0.695058	0.000025	0.877988	0.996536	
1354694501.274844	0.999998	50.855169	37.316172	5.880504	0.738217	0.996191	0.738217	0.996213	0.738216	0.996183	0.738217	0.996212	0.738228	0.996566	0.738217	0.996230	0.738216	0.996178	0.738217	0.996212	1354694501.274929	1.000002	50.790583	37.371343	5.933308	0.876429	0.996076	0.876428	0.996097	0.876427	0.996112	0.876428	0.996093	0.876417	0.996452	0.884688	0.000109	0.877794	0.004427	0.876417	0.996449	
1354694502.274850	1.000006	715804897.634168	715815091.780896	715819916.872161	0.999931	1.000503	0.999933	1.000522	0.999942	1.000511	0.999935	1.000513	0.999937	1.000525	0.999938	1.000513	0.999935	1.000520	0.999937	1.000522	1354694502.274960	1.000031	715768118.244092	715745695.461687	715777547.583824	0.999934	1.000509	0.999930	1.000507	3.896821	0.256736	0.999935	1.000513	0.999936	1.000522	0.999937	1.000514	0.999936	1.000522	0.999937	1.000524	
1354694503.274843	0.999993	0.000000	0.000000	0.000000	-nan	-nan	-nan	-nan	0.000000	inf	-nan	-nan	-nan	0.000000	-nan	-nan	-nan	-nan	-nan	-nan	1354694503.274928	0.999968	0.000000	0.000000	0.000000	-nan	-nan	-nan	-nan	0.000000	inf	-nan	-nan	-nan	-nan	-nan	-nan	-nan	-nan	-nan	-nan	
1354694504.274887	1.000044	0.000000	0.000000	0.000000	-nan	-nan	-nan	-nan	0.000000	inf	-nan	-nan	-nan	-nan	-nan	-nan	-nan	-nan	-nan	-nan	1354694504.274969	1.000041	0.000000	0.000000	0.000000	-nan	-nan	-nan	-nan	-nan	-nan	-nan	-nan	-nan	-nan	-nan	-nan	-nan	-nan	-nan	-nan	
