ts_0	elapsed_0	pkg_0	pp0_0	dram_0	freq_ratio_0_0	c0_ratio_0_0	freq_ratio_0_1	c0_ratio_0_1	freq_ratio_0_2	c0_ratio_0_2	freq_ratio_0_3	c0_ratio_0_3	freq_ratio_0_4	c0_ratio_0_4	freq_ratio_0_5	c0_ratio_0_5	freq_ratio_0_6	c0_ratio_0_6	freq_ratio_0_7	c0_ratio_0_7	ts_1	elapsed_1	pkg_1	pp0_1	dram_1	freq_ratio_1_0	c0_ratio_1_0	freq_ratio_1_1	c0_ratio_1_1	freq_ratio_1_2	c0_ratio_1_2	freq_ratio_1_3	c0_ratio_1_3	freq_ratio_1_4	c0_ratio_1_4	freq_ratio_1_5	c0_ratio_1_5	freq_ratio_1_6	c0_ratio_1_6	freq_ratio_1_7	c0_ratio_1_7	
1356711378.671868	1.001694	46.810887	33.439753	5.570703	1.154947	0.387258	1.154111	0.381737	1.154766	0.385893	1.155272	0.387139	1.154213	0.381689	1.155243	0.386808	1.154783	0.384358	1.154581	0.383093	1356711378.672043	1.000392	59.699409	45.985149	6.888596	0.999983	0.997901	1.000001	0.994313	0.999985	0.993754	1.000000	0.993734	0.999980	0.992771	0.999924	0.000147	0.998549	0.000031	0.999973	0.994078	
1356711379.671866	0.999998	48.000015	34.586843	5.845791	1.000000	1.000000	1.000000	1.000000	1.000000	1.000000	1.000000	1.000000	1.000091	0.000296	1.000103	0.001974	1.001012	0.000121	1.006630	0.000013	1356711379.672028	0.999985	61.255894	47.455730	7.517218	1.000000	1.000000	1.000000	1.000000	1.000000	1.000000	1.000000	1.000000	1.000000	1.000000	1.000184	0.000132	1.000304	0.000044	1.000000	1.000000	
1356711380.671866	1.000000	47.999802	34.576782	5.842102	1.000000	1.000000	0.999999	1.000000	1.000000	1.000000	1.000000	1.000000	0.999476	0.000391	0.996702	0.000054	0.998861	0.000113	1.000206	0.000056	1356711380.672032	1.000004	61.367076	47.555014	7.527863	1.000000	1.000000	1.000000	1.000000	1.000000	1.000000	1.000000	1.000000	1.000000	1.000000	0.999959	0.000236	1.002401	0.000011	1.000000	1.000000	
1356711381.671866	1.000000	49.422974	36.002960	5.885712	0.999999	1.000000	1.000001	0.999982	1.000000	0.999240	1.000000	0.999238	1.000696	0.000283	1.000013	0.004082	0.999595	0.000127	0.995456	0.000013	1356711381.672028	0.999996	61.418111	47.614375	7.615631	1.000000	0.999645	1.000000	1.000000	1.000000	1.000000	1.000000	1.000000	1.000000	1.000000	0.999764	0.000121	0.999881	0.000045	1.000000	0.999644	
1356711382.671866	1.000000	48.050934	34.644653	5.816315	1.000000	1.000000	1.000000	1.000000	1.000001	1.000000	1.000000	1.000000	0.999371	0.000270	0.998475	0.000024	0.994517	0.000113	0.993925	0.000088	1356711382.672033	1.000005	61.471418	47.667532	7.483071	1.000000	1.000000	1.000000	1.000000	1.000000	1.000000	1.000000	1.000000	1.000000	1.000000	1.000005	0.000157	0.998827	0.000012	1.000000	1.000000	
1356711383.671866	1.000000	49.268341	35.845947	5.836197	1.000000	1.000000	1.000000	1.000000	1.000000	1.000000	1.000000	1.000000	1.000394	0.002005	0.999977	0.001110	1.006096	0.000140	1.013427	0.000044	1356711383.672029	0.999996	61.484609	47.686915	7.437667	1.000000	1.000000	1.000000	1.000000	1.000000	1.000000	1.000000	1.000000	1.000000	1.000000	1.000044	0.000175	0.999725	0.000063	1.000000	1.000000	
1356711384.671867	1.000001	48.112183	34.676999	5.884195	1.000000	1.000000	1.000000	1.000000	1.000000	1.000000	1.000000	1.000000	0.997022	0.000269	0.979276	0.000009	0.997879	0.000112	0.999692	0.000065	1356711384.672038	1.000009	61.522682	47.695872	7.618400	1.000000	1.000000	1.000000	1.000000	1.000000	1.000000	1.000000	1.000000	1.000000	1.000000	0.999983	0.000155	1.003815	0.000011	1.000000	1.000000	
1356711385.671866	0.999999	48.204331	34.755984	5.851141	1.000000	1.000000	1.000000	0.999794	1.000000	1.000000	1.000000	1.000000	0.999947	0.001644	1.000879	0.000182	1.000026	0.000120	0.991685	0.000026	1356711385.672041	1.000003	61.548149	47.718266	7.562812	1.000000	1.000000	1.000000	0.999805	1.000000	0.999735	1.000000	1.000000	1.000000	1.000000	0.999947	0.000477	0.999905	0.000256	1.000000	0.999734	
1356711386.671866	1.000000	48.513321	35.065933	5.876068	1.000000	1.000000	1.000000	0.999887	1.000000	0.999860	0.999999	0.999859	1.000003	0.006810	0.995356	0.000009	1.000000	0.003421	1.001586	0.000124	1356711386.672036	0.999995	61.636219	47.789866	7.653114	1.000000	0.999856	1.000000	1.000000	1.000000	1.000000	1.000000	1.000000	1.000000	0.999859	1.000316	0.000127	0.999489	0.000039	1.000000	1.000000	
1356711387.671865	0.999999	48.229660	34.797442	5.853338	1.000000	1.000000	1.000000	1.000000	1.000000	0.999999	1.000001	1.000000	1.000175	0.001384	0.997127	0.000052	0.999572	0.000145	0.994528	0.000014	1356711387.672036	1.000000	61.610809	47.788284	7.588989	1.000000	1.000000	1.000000	1.000000	1.000000	1.000000	1.000000	1.000000	1.000000	1.000000	0.999699	0.000104	1.000749	0.000063	1.000000	1.000000	
1356711388.671866	1.000001	48.321014	34.882459	5.893625	1.000000	1.000000	0.999999	1.000000	1.000000	1.000000	0.999999	1.000000	0.999931	0.003153	1.009005	0.000013	0.999963	0.002869	1.000936	0.000053	1356711388.672036	1.000000	61.574951	47.750870	7.537903	1.000000	1.000000	1.000000	1.000000	1.000000	1.000000	1.000000	1.000000	1.000000	1.000000	1.000168	0.000127	0.999541	0.000036	1.000000	1.000000	
1356711389.671866	1.000000	48.221115	34.770981	5.863342	1.000000	1.000000	1.000000	0.999847	1.000000	1.000000	1.000001	1.000001	1.000064	0.001002	1.005587	0.000049	1.000320	0.000495	1.016701	0.000013	1356711389.672031	0.999995	61.607822	47.758525	7.559654	1.000000	0.999818	1.000000	1.000000	1.000000	0.999816	1.000000	1.000000	1.000000	1.000000	0.999603	0.000102	0.999671	0.000066	1.000000	1.000000	
1356711390.671866	1.000000	48.303528	34.865692	5.825012	1.000000	0.999854	1.000000	1.000000	1.000000	0.999825	1.000000	0.999852	0.999754	0.000267	0.982172	0.000013	0.999970	0.005407	0.996245	0.000046	1356711390.672037	1.000006	61.529907	47.708441	7.537049	1.000000	0.999840	1.000000	0.999882	1.000000	0.999838	1.000000	0.999858	1.000000	0.999841	1.000174	0.000190	0.999665	0.000036	1.000000	0.999837	
1356711391.671866	1.000000	48.203125	34.772171	5.815475	1.000000	1.000000	1.000000	1.000000	1.000000	1.000000	0.999999	1.000000	0.999929	0.000310	0.999813	0.000047	0.999982	0.001170	0.996277	0.000013	1356711391.672037	1.000000	61.514374	47.705154	7.450363	1.000000	1.000000	1.000000	1.000000	1.000000	1.000000	1.000000	1.000000	1.000000	1.000000	0.999925	0.000103	0.999804	0.000065	1.000000	1.000000	
1356711392.671866	1.000000	48.332275	34.906906	5.843002	1.000000	1.000000	1.000000	1.000000	1.000000	1.000000	1.000000	1.000000	0.999751	0.000248	1.004063	0.000013	0.999992	0.006211	0.999656	0.000051	1356711392.672031	0.999994	61.350143	47.520196	7.474395	1.000000	1.000000	1.000000	1.000000	1.000000	1.000000	1.000000	1.000000	1.000000	1.000000	0.999778	0.000122	1.000279	0.000036	1.000000	1.000000	
1356711393.671866	1.000000	48.246719	34.801010	5.870621	1.000000	1.000000	1.000001	1.000000	1.000000	1.000000	1.000000	1.000000	1.000408	0.000617	0.989083	0.000049	1.000004	0.001171	1.001296	0.000013	1356711393.672040	1.000009	61.333764	47.496381	7.497903	1.000000	1.000000	1.000000	1.000000	1.000000	1.000000	1.000000	1.000000	1.000000	1.000000	1.000127	0.000103	1.000383	0.000061	1.000000	1.000000	
1356711394.671866	1.000000	48.338196	34.890091	5.855667	1.000000	1.000000	0.999999	1.000000	1.000000	1.000000	1.000000	1.000000	0.999732	0.000264	1.016583	0.000029	0.999882	0.005425	0.989213	0.000047	1356711394.672043	1.000003	61.350045	47.507696	7.631644	1.000000	0.999668	1.000000	1.000000	1.000000	0.999668	1.000000	1.000000	1.000000	1.000000	1.000373	0.000124	1.000292	0.000034	1.000000	1.000000	
1356711395.671866	1.000000	715823042.468033	715784899.689072	715762568.866867	0.999927	1.000745	0.999926	1.000755	0.999935	1.000747	0.999927	1.000746	0.999928	1.000755	0.999930	1.000743	0.999928	1.000752	0.999928	1.000751	1356711395.671961	0.999918	715874618.506523	715885687.650148	715861210.745937	0.999928	1.000749	0.999924	1.000748	3.897310	0.256763	0.999927	1.000747	0.999928	1.000751	0.999931	1.000749	0.999927	1.000751	0.999928	1.000751	
1356711396.671937	1.000071	0.000000	0.000000	0.000000	-nan	-nan	-nan	-nan	1514594571532.152832	inf	-nan	-nan	-nan	0.000000	0.000000	inf	-nan	-nan	-nan	-nan	1356711396.672017	1.000056	0.000000	0.000000	0.000000	-nan	-nan	-nan	-nan	1.345745	inf	-nan	-nan	-nan	-nan	-nan	-nan	-nan	-nan	-nan	-nan	
