ts_0	elapsed_0	pkg_0	pp0_0	dram_0	freq_ratio_0_0	c0_ratio_0_0	freq_ratio_0_1	c0_ratio_0_1	freq_ratio_0_2	c0_ratio_0_2	freq_ratio_0_3	c0_ratio_0_3	freq_ratio_0_4	c0_ratio_0_4	freq_ratio_0_5	c0_ratio_0_5	freq_ratio_0_6	c0_ratio_0_6	freq_ratio_0_7	c0_ratio_0_7	ts_1	elapsed_1	pkg_1	pp0_1	dram_1	freq_ratio_1_0	c0_ratio_1_0	freq_ratio_1_1	c0_ratio_1_1	freq_ratio_1_2	c0_ratio_1_2	freq_ratio_1_3	c0_ratio_1_3	freq_ratio_1_4	c0_ratio_1_4	freq_ratio_1_5	c0_ratio_1_5	freq_ratio_1_6	c0_ratio_1_6	freq_ratio_1_7	c0_ratio_1_7	
1357205280.114310	1.001697	38.774742	25.608579	6.004078	1.153166	0.185448	1.154301	0.185775	1.153967	0.185083	1.154227	0.185196	1.153615	0.183805	1.154070	0.184700	1.153845	0.184137	1.153762	0.183574	1357205280.114508	1.000457	39.562332	26.483898	2.756141	0.999912	0.939625	0.999981	0.939357	0.999828	0.000372	0.710223	0.000057	1.013730	0.000033	0.677049	0.000047	1.000930	0.000476	0.999769	0.940330	
1357205281.114313	1.000003	39.180863	26.019435	6.158382	1.000000	1.000000	1.000000	1.000000	1.000000	1.000000	1.000768	0.000165	1.001299	0.000041	0.992035	0.000054	0.995672	0.000132	0.990983	0.000055	1357205281.114503	0.999995	40.250583	27.159590	2.934768	1.000000	1.000003	1.000000	1.000000	1.000042	0.000530	1.000329	0.000063	1.000109	0.000064	0.989950	0.000064	1.000007	0.000227	1.000000	1.000000	
1357205282.114306	0.999993	38.548271	25.397652	6.108258	1.000000	0.934249	1.000000	0.933449	1.000000	0.933429	1.000063	0.000250	0.995063	0.000089	0.998555	0.000009	1.008680	0.000089	1.004938	0.000008	1357205282.114503	1.000000	39.787018	26.682800	2.999359	1.000000	0.933433	1.000000	0.933423	1.002828	0.000198	0.999645	0.000015	0.997498	0.000007	1.002203	0.000296	1.000034	0.000135	1.000000	1.000000	
1357205283.114309	1.000003	39.419189	26.254359	6.122631	1.000000	1.000000	1.000000	1.000000	1.000000	1.000000	0.999744	0.000765	1.007699	0.000054	1.006335	0.000071	0.994277	0.000116	1.005322	0.000070	1357205283.114508	1.000005	40.591624	27.484115	2.797349	1.000000	1.000000	1.000000	1.000000	0.999899	0.000080	0.999982	0.000086	1.000169	0.000087	0.999963	0.000063	0.999751	0.002209	1.000000	1.000000	
1357205284.114305	0.999996	39.547691	26.384598	6.140223	1.000000	1.000000	1.000000	1.000000	1.000000	1.000000	0.999683	0.000363	0.999915	0.000082	1.006499	0.000008	1.007984	0.000084	1.020614	0.000009	1357205284.114492	0.999984	40.617073	27.514676	2.793792	1.000000	1.000000	1.000000	1.000000	1.000000	0.000015	1.000128	0.000015	1.001500	0.000006	1.000710	0.000007	1.003057	0.000177	1.000000	1.000000	
1357205285.114306	1.000001	38.989388	25.817007	6.148889	0.999890	0.963625	1.000000	0.962856	1.000000	0.962856	1.000219	0.000673	1.001258	0.000055	0.998716	0.000071	1.000610	0.000116	1.000561	0.000067	1357205285.114487	0.999995	40.173892	27.063871	2.923995	1.000000	0.962861	1.000000	0.962847	1.000033	0.000071	0.999845	0.000070	0.999945	0.000070	1.000036	0.000076	1.000001	0.000534	1.000000	1.000000	
1357205286.114306	1.000000	39.507156	26.333725	6.150177	1.000000	1.000000	1.000000	1.000000	1.000000	1.000000	0.999967	0.000460	0.999349	0.000075	1.018695	0.000008	0.999742	0.000107	1.007289	0.000008	1357205286.114498	1.000011	40.575956	27.465778	2.867049	1.000000	1.000000	1.000000	1.000000	0.999633	0.000017	0.999838	0.000017	1.000270	0.000007	0.999945	0.000007	0.999968	0.000220	1.000000	1.000000	
1357205287.114306	1.000000	39.514343	26.339111	6.132950	1.000000	1.000000	1.000000	1.000000	1.000000	1.000000	0.999825	0.000539	1.001311	0.000039	0.999410	0.000053	1.000016	0.000096	0.997196	0.000053	1357205287.114487	0.999989	40.549242	27.436626	2.864045	1.000000	1.000000	1.000000	1.000000	1.000052	0.000066	1.000000	0.000061	0.999986	0.000056	1.000205	0.000066	0.999950	0.000179	1.000000	1.000000	
1357205288.114305	0.999999	41.982538	28.814175	6.127325	1.000000	1.000000	1.000000	1.000000	1.000000	1.000000	0.999989	0.002314	1.000001	0.002597	0.999777	0.001950	0.999996	0.001961	0.999999	0.001856	1357205288.114480	0.999993	40.664069	27.559135	2.714924	1.000000	1.000000	1.000000	1.000000	0.904897	0.000019	1.000836	0.000017	1.001418	0.000007	0.993066	0.000007	1.000046	0.000740	1.000000	1.000000	
1357205289.114305	1.000000	39.545822	26.368011	6.157043	1.000000	1.000000	1.000000	1.000000	1.000000	1.000000	1.000072	0.000580	0.999724	0.000032	0.996883	0.000057	0.999658	0.000104	1.000721	0.000042	1357205289.114501	1.000021	40.534870	27.433537	2.865907	1.000000	1.000000	1.000000	1.000000	1.026123	0.000067	0.999924	0.000071	0.999868	0.000070	1.000491	0.000072	0.999772	0.000167	1.000000	1.000000	
1357205290.114305	1.000000	39.493057	26.329346	6.158676	1.000000	1.000000	1.000000	1.000000	1.000000	1.000000	1.000010	0.000649	0.999666	0.000087	0.996288	0.000009	0.999987	0.000326	0.997047	0.000009	1357205290.114495	0.999994	40.609342	27.492229	2.856172	1.000000	1.000000	1.000000	1.000000	0.999956	0.000017	0.999696	0.000016	1.000700	0.000007	1.000271	0.000007	0.999970	0.000461	1.000000	1.000000	
1357205291.114305	1.000000	39.531128	26.358185	6.096603	1.000000	1.000000	1.000000	1.000000	1.000000	1.000000	0.999978	0.000424	1.000990	0.000032	1.002324	0.000281	1.000012	0.000126	1.000490	0.000054	1357205291.114502	1.000007	40.578821	27.462533	2.849635	1.000000	1.000000	1.000000	1.000000	0.999971	0.000065	0.989455	0.000064	1.000006	0.000063	0.999976	0.000063	1.000062	0.000229	1.000000	1.000000	
1357205292.114306	1.000001	39.571221	26.399007	6.127237	1.000000	1.000000	1.000000	1.000000	1.000000	1.000000	1.000540	0.000927	1.000015	0.000080	1.000396	0.000008	0.999818	0.000091	0.995111	0.000009	1357205292.114484	0.999982	40.625787	27.509952	2.848760	1.000000	1.000000	1.000000	1.000000	1.000197	0.000016	1.002515	0.000269	0.999190	0.000007	1.000109	0.000007	0.999935	0.000149	1.000000	1.000000	
1357205293.114305	0.999999	39.660408	26.487956	6.146063	1.000000	1.000000	1.000000	1.000000	1.000000	1.000000	0.998943	0.000390	0.999609	0.000033	0.991185	0.000060	1.000103	0.000105	0.990941	0.000054	1357205293.114500	1.000016	40.758977	27.651353	2.712420	1.000000	1.000000	1.000000	1.000000	1.000024	0.000065	1.000085	0.000059	1.000000	0.000063	1.000042	0.000064	1.000001	0.002127	1.000000	1.000000	
1357205294.114305	1.000000	39.504929	26.333755	6.096466	1.000000	1.000000	1.000000	1.000000	1.000000	1.000000	0.999983	0.000341	0.999971	0.000080	1.003648	0.000008	0.999787	0.000092	0.999228	0.000009	1357205294.114497	0.999997	40.687748	27.571558	2.861490	1.000000	1.000000	1.000000	1.000000	0.999567	0.000017	0.999610	0.000016	1.000108	0.000007	0.999837	0.000007	0.999938	0.000149	1.000000	1.000000	
1357205295.114306	1.000001	39.133462	25.961752	6.127039	1.000000	0.971750	1.000000	0.971437	1.000000	0.971417	0.999957	0.000462	0.999505	0.000063	1.007059	0.000069	1.000156	0.000114	1.007780	0.000068	1357205295.114499	1.000002	40.415786	27.299096	2.923533	1.000000	0.971451	1.000000	0.971425	0.999982	0.000085	0.999900	0.000092	1.000076	0.000086	0.999934	0.000099	0.998898	0.000484	1.000000	1.000000	
1357205296.114306	1.000000	39.544617	26.372253	6.120728	1.000000	1.000000	1.000000	1.000000	1.000000	1.000000	0.999996	0.000353	1.000566	0.000078	0.998566	0.000008	0.999971	0.000107	0.999671	0.000008	1357205296.114501	1.000002	40.732054	27.615594	2.862788	1.000000	1.000000	1.000000	1.000000	0.999920	0.000048	1.000668	0.000016	1.000217	0.000007	1.000873	0.000007	1.002326	0.000228	1.000000	1.000000	
1357205297.114306	1.000000	39.646637	26.473495	6.121384	1.000000	1.000000	1.000000	1.000000	1.000000	1.000000	0.999914	0.000357	0.998825	0.000032	1.000462	0.000059	0.999812	0.000101	0.997993	0.000054	1357205297.114496	0.999995	40.804144	27.695894	2.714827	1.000000	1.000000	1.000000	1.000000	1.000056	0.000056	0.999882	0.000062	0.999906	0.000062	0.999897	0.000064	1.000009	0.000172	1.000000	1.000000	
1357205298.114305	0.999999	39.527916	26.366022	6.120627	1.000000	1.000000	1.000000	1.000000	1.000000	1.000000	1.000027	0.000371	1.000349	0.000078	1.001791	0.000008	1.000047	0.000082	1.009487	0.000008	1357205298.114493	0.999997	40.686466	27.581262	2.844796	1.000000	1.000000	1.000000	1.000000	0.999840	0.000017	1.000343	0.000016	1.000162	0.000007	0.999891	0.000007	0.999967	0.000150	1.000000	1.000000	
1357205299.114305	1.000000	38.452423	25.276917	6.041885	0.999980	0.920688	1.000000	0.919220	1.000000	0.919205	1.000013	0.000343	0.998772	0.000032	0.999190	0.000051	1.000333	0.000090	0.999933	0.000052	1357205299.114498	1.000005	39.820418	26.703525	2.920029	1.000000	0.919225	1.000000	0.919211	0.999995	0.000072	1.000145	0.000069	0.999989	0.000069	1.000056	0.000069	1.000020	0.000195	1.000000	1.000000	
1357205300.114305	1.000000	39.541565	26.364471	6.102142	1.000000	1.000000	1.000000	1.000000	1.000000	1.000000	0.999964	0.000465	1.000029	0.000080	1.004884	0.000008	0.999558	0.000083	1.010035	0.000008	1357205300.114493	0.999995	40.680273	27.563508	2.880981	1.000000	1.000000	1.000000	1.000000	0.999572	0.000017	0.999676	0.000017	1.000054	0.000007	1.000270	0.000007	0.999988	0.000434	1.000000	1.000000	
1357205301.114305	1.000000	38.982895	25.805466	6.120590	1.000000	0.956951	1.000000	0.955679	0.999999	0.955678	0.999969	0.000418	1.001138	0.000033	0.997899	0.000062	1.000071	0.000114	0.998544	0.000053	1357205301.114492	0.999999	40.190911	27.075358	2.888354	1.000000	0.955684	1.000000	0.955670	1.000011	0.000069	1.000109	0.000049	0.999957	0.000063	0.999840	0.000063	1.000008	0.000229	1.000000	1.000000	
1357205302.114304	0.999999	39.686943	26.513056	6.115240	1.000000	1.000000	1.000000	1.000000	1.000000	1.000000	1.000001	0.000356	1.000035	0.000077	1.018920	0.000008	1.000546	0.000083	0.999581	0.000008	1357205302.114493	1.000001	40.792533	27.683674	2.696134	1.000000	1.000000	1.000000	1.000000	0.997365	0.000017	0.999603	0.000016	1.001468	0.000007	0.996095	0.000007	1.000130	0.000154	1.000000	1.000000	
1357205303.114305	1.000001	39.542901	26.366583	6.114405	1.000000	1.000000	1.000000	1.000000	1.000000	1.000000	1.000004	0.000373	0.996549	0.000033	0.999412	0.000052	0.999329	0.000153	0.999529	0.000052	1357205303.114496	1.000003	40.697429	27.580252	2.873221	1.000000	1.000000	1.000000	1.000000	1.000440	0.000094	0.999972	0.000070	0.999835	0.000070	1.000631	0.000056	0.999985	0.002163	1.000000	1.000000	
1357205304.114305	1.000000	39.430084	26.253815	6.108429	1.000000	0.988993	1.000000	0.988622	1.000000	0.988620	0.999973	0.000814	1.001220	0.000079	0.999852	0.000008	1.001168	0.000089	1.008143	0.000008	1357205304.114493	0.999997	40.583546	27.466623	2.889367	1.000000	0.988625	1.000000	0.988611	0.999753	0.000016	0.999744	0.000017	0.999837	0.000007	1.000825	0.000006	1.000011	0.000144	1.000000	1.000000	
1357205305.114307	1.000002	37.394109	24.203125	6.093967	0.999995	0.871702	0.999999	0.868213	0.999999	0.868185	0.999884	0.000939	1.000827	0.000032	0.990607	0.000054	1.000101	0.000091	0.989207	0.000053	1357205305.114560	1.000067	38.870504	25.708925	3.743524	0.999999	0.867984	0.999999	0.867993	1.000101	0.000050	0.999985	0.000050	0.999413	0.000051	0.999767	0.000050	0.999948	0.000501	1.000000	1.000000	
1357205306.114324	1.000017	23.093603	9.914612	5.744867	0.792996	0.021584	0.975934	0.000224	0.991485	0.000019	0.998924	0.000162	0.999475	0.000098	0.988092	0.000108	1.000032	0.000277	0.943522	0.000082	1357205306.114794	1.000234	28.839278	15.636434	5.836648	0.998887	0.000023	0.999799	0.000592	0.997946	0.000017	1.000047	0.000016	1.005976	0.000006	0.996435	0.000007	1.000093	0.000314	1.000000	1.000000	
1357205307.114306	0.999982	22.666116	9.486772	5.858137	0.721872	0.022157	0.954406	0.000068	0.928453	0.000075	0.756950	0.000212	0.582532	0.000080	0.775724	0.000081	0.753179	0.000141	0.948626	0.000063	1357205307.114570	0.999776	28.801285	15.615804	5.909924	1.002093	0.000072	1.014539	0.000043	0.999926	0.000094	1.000065	0.000077	0.999748	0.000072	1.000215	0.000084	0.996575	0.000151	1.000000	1.000000	
1357205308.114306	1.000000	22.251877	9.073959	5.899963	0.714201	0.022768	0.997924	0.000017	0.997126	0.000018	0.767864	0.000148	0.999859	0.000085	0.985790	0.000008	0.999115	0.000082	0.996911	0.000008	1357205308.114578	1.000008	28.774944	15.582241	5.824522	0.999403	0.000023	1.000000	0.000017	1.001857	0.000017	0.997624	0.000017	1.004640	0.000007	0.997190	0.000007	1.003174	0.000152	1.000000	1.000000	
1357205309.114308	1.000002	23.894989	10.708949	5.731877	0.860459	0.023043	1.000053	0.000051	0.889884	0.000057	1.001246	0.000148	0.996577	0.000032	0.982539	0.000053	1.002121	0.000102	0.999436	0.000053	1357205309.114721	1.000143	28.801636	15.589338	5.744326	1.000000	0.000058	1.000058	0.000053	0.999961	0.000049	1.000585	0.000051	0.999692	0.000051	1.001029	0.000053	1.000057	0.000164	1.000000	1.000000	
1357205310.114318	1.000010	23.759345	10.581971	5.799350	0.849901	0.021249	1.000227	0.000017	0.844622	0.000018	0.861040	0.000133	1.000942	0.000083	0.715599	0.000011	0.827129	0.000098	1.004399	0.000008	1357205310.114560	0.999839	28.808210	15.603021	5.888826	0.998059	0.000023	0.999978	0.000051	0.997928	0.000017	1.000777	0.000016	0.999837	0.000007	0.994461	0.000007	1.000010	0.000447	1.000000	1.000000	
1357205311.114306	0.999988	23.335560	10.154235	5.912744	0.794388	0.024432	0.999522	0.000052	1.000381	0.000052	0.766578	0.000195	1.001557	0.000032	0.745689	0.000069	0.774852	0.000155	0.744370	0.000069	1357205311.114543	0.999983	28.815185	15.607274	5.862114	1.000618	0.000076	0.999947	0.000073	1.000721	0.000051	1.000127	0.000049	0.999367	0.000048	1.000047	0.000049	1.000141	0.000186	1.000000	1.000000	
1357205312.114312	1.000006	23.034195	9.862765	5.837535	0.775262	0.022890	1.002553	0.000017	0.989411	0.000016	0.896970	0.000125	0.998974	0.000079	0.885130	0.000009	0.824513	0.000099	1.023390	0.000008	1357205312.114629	1.000086	28.802682	15.603256	5.914194	0.999768	0.000023	0.999632	0.000017	0.999424	0.000017	0.999410	0.000016	1.003817	0.000007	1.003253	0.000007	0.999825	0.000132	1.000000	1.000000	
1357205313.114306	0.999994	27.930708	14.754437	5.677036	0.930310	0.022230	0.999976	0.002289	1.000088	0.001613	0.999976	0.001728	0.999988	0.002599	0.998098	0.001646	0.987952	0.001509	0.999865	0.001436	1357205313.114552	0.999923	28.823356	15.617017	5.739929	0.999903	0.000071	1.000037	0.000052	0.999836	0.000050	0.999655	0.000053	1.000141	0.000052	0.999857	0.000051	0.999998	0.002716	1.000000	1.000000	
1357205314.114306	1.000000	22.683289	9.513367	5.785355	0.750315	0.022870	1.003618	0.000017	0.996816	0.000018	0.883905	0.000134	1.000258	0.000060	0.995966	0.000009	0.838738	0.000097	0.994534	0.000008	1357205314.114552	1.000000	28.785767	15.590851	5.829193	1.000384	0.000021	0.999837	0.000017	0.998250	0.000017	0.999491	0.000017	0.994953	0.000007	0.994832	0.000007	0.999579	0.000131	1.000000	1.000000	
1357205315.114307	1.000001	22.355432	9.200599	5.703150	0.722849	0.023386	0.999993	0.000056	1.001019	0.000053	0.771802	0.000185	1.012961	0.000008	0.754844	0.000070	0.723648	0.000126	1.003145	0.000054	1357205315.114559	1.000007	28.780929	15.594558	5.880117	0.999389	0.000083	1.000007	0.000111	1.000589	0.000052	1.000502	0.000050	0.999902	0.000051	1.000291	0.000053	1.000017	0.000486	1.000000	1.000000	
1357205316.114312	1.000005	715776937.365256	715790605.741722	715779361.595993	0.999964	1.001048	0.999961	1.001050	0.999971	1.001048	0.999963	1.001048	0.999964	1.001052	0.999966	1.001046	0.999964	1.001052	0.999964	1.001050	1357205316.114407	0.999848	715895350.378572	715935719.608182	715925868.088951	0.999961	1.001038	0.999961	1.001051	3.894875	0.257009	0.999964	1.001051	0.999964	1.001052	0.999966	1.001047	0.999964	1.001053	0.999964	1.001051	
1357205317.114312	1.000000	0.000000	0.000000	0.000000	-nan	-nan	-nan	-nan	0.000000	inf	-nan	-nan	-nan	0.000000	-nan	-nan	-nan	-nan	-nan	-nan	1357205317.114390	0.999983	0.000000	0.000000	0.000000	-nan	-nan	-nan	-nan	0.000000	inf	-nan	-nan	-nan	-nan	-nan	-nan	-nan	-nan	-nan	-nan	
