ts_0	elapsed_0	pkg_0	pp0_0	dram_0	freq_ratio_0_0	c0_ratio_0_0	freq_ratio_0_1	c0_ratio_0_1	freq_ratio_0_2	c0_ratio_0_2	freq_ratio_0_3	c0_ratio_0_3	freq_ratio_0_4	c0_ratio_0_4	freq_ratio_0_5	c0_ratio_0_5	freq_ratio_0_6	c0_ratio_0_6	freq_ratio_0_7	c0_ratio_0_7	ts_1	elapsed_1	pkg_1	pp0_1	dram_1	freq_ratio_1_0	c0_ratio_1_0	freq_ratio_1_1	c0_ratio_1_1	freq_ratio_1_2	c0_ratio_1_2	freq_ratio_1_3	c0_ratio_1_3	freq_ratio_1_4	c0_ratio_1_4	freq_ratio_1_5	c0_ratio_1_5	freq_ratio_1_6	c0_ratio_1_6	freq_ratio_1_7	c0_ratio_1_7	
1357205764.040858	1.001738	51.875885	38.409240	7.199127	1.154417	0.404552	1.153841	0.400592	1.154502	0.402480	1.154623	0.403915	1.154160	0.401196	1.154705	0.404005	1.154317	0.401931	1.154452	0.402566	1357205764.040947	1.000344	47.421506	34.076884	5.042760	0.945257	0.875753	0.945276	0.875372	0.945182	0.874855	0.930771	0.691548	0.910317	0.534053	0.968571	0.000166	0.811958	0.000105	0.945131	0.876717	
1357205765.040853	0.999995	50.855617	37.235553	8.017725	0.740838	0.996138	0.740838	0.996134	0.740838	0.996133	0.740838	0.996137	0.740838	0.996124	0.740838	0.996123	0.740838	0.996117	0.740838	0.996116	1357205765.040933	0.999986	50.798108	37.388145	6.035119	0.860830	0.996540	0.860830	0.996537	0.860830	0.996533	0.860830	0.996530	0.860830	0.996528	0.846013	0.000161	0.863717	0.000084	0.860830	0.996529	
1357205766.040854	1.000001	50.850354	37.201197	8.068077	0.741366	0.996069	0.741366	0.996069	0.741366	0.996066	0.741366	0.996065	0.741366	0.996064	0.741366	0.996064	0.741366	0.996062	0.741366	0.996059	1357205766.040938	1.000005	50.799718	37.371883	6.012680	0.860149	0.996522	0.860148	0.996517	0.860148	0.996476	0.860147	0.996471	0.860151	0.996647	0.846537	0.000130	0.876223	0.000039	0.860150	0.996588	
1357205767.040853	0.999999	50.832629	37.108892	8.515206	0.768071	0.995912	0.742574	0.446334	0.768072	0.995906	0.768073	0.995903	0.768073	0.995902	0.768071	0.995897	0.768073	0.995895	0.768073	0.995892	1357205767.040954	1.000016	50.814816	37.366057	6.274100	0.823624	0.996398	0.823624	0.996394	0.823624	0.996391	0.823624	0.996387	0.823623	0.996386	0.795501	0.554015	0.811375	0.004649	0.823621	0.996384	
1357205768.040852	0.999999	50.828067	36.968816	9.170510	0.792759	0.995246	0.795171	0.000532	0.792766	0.995755	0.792769	0.995752	0.792761	0.995244	0.792771	0.995748	0.792765	0.995476	0.792770	0.995742	1357205768.040972	1.000018	50.829017	37.333134	6.714785	0.796175	0.996176	0.796175	0.996172	0.796175	0.996172	0.796175	0.996168	0.796175	0.996166	0.796175	0.996164	0.776380	0.000140	0.796175	0.996163	
1357205769.040853	1.000001	50.781034	36.937266	9.192054	0.792278	0.995806	0.793188	0.000544	0.792279	0.995805	0.792275	0.996040	0.792275	0.995783	0.792275	0.995768	0.792274	0.996034	0.792274	0.996031	1357205769.040964	0.999992	50.830597	37.328199	6.777048	0.795919	0.995989	0.795918	0.995956	0.795918	0.995935	0.795918	0.995949	0.795917	0.995930	0.795917	0.995928	0.803452	0.000260	0.795916	0.995975	
1357205770.040853	1.000000	50.825836	36.996643	9.081985	0.792198	0.994905	0.786402	0.000528	0.792208	0.995533	0.792200	0.994886	0.792207	0.995525	0.792208	0.995540	0.792206	0.995619	0.792201	0.995852	1357205770.040959	0.999995	50.826274	37.335926	6.657275	0.795536	0.995548	0.795538	0.995927	0.795534	0.995603	0.795538	0.995919	0.795551	0.994950	0.795538	0.995918	0.805192	0.000156	0.795540	0.995918	
1357205771.040853	1.000000	50.828705	36.971893	9.315277	0.792690	0.995793	0.788494	0.000530	0.792681	0.995210	0.792682	0.996141	0.792675	0.995557	0.792681	0.995201	0.792681	0.996093	0.792681	0.996133	1357205771.040972	1.000013	50.828664	37.323333	6.761920	0.795697	0.996117	0.795697	0.996112	0.795698	0.996112	0.795697	0.996106	0.795697	0.996104	0.795697	0.996101	0.814104	0.000290	0.795695	0.996100	
1357205772.040853	1.000000	50.827652	36.950027	9.501617	0.792145	0.996119	0.783396	0.000535	0.792145	0.996123	0.792132	0.996118	0.792145	0.996112	0.792145	0.996111	0.792145	0.996109	0.792145	0.996105	1357205772.040973	1.000001	50.826764	37.314173	6.879769	0.794883	0.996155	0.794883	0.996151	0.794883	0.996149	0.794883	0.996149	0.794883	0.996144	0.794883	0.996144	0.772065	0.003152	0.794883	0.996143	
1357205773.040853	1.000000	50.830688	36.988037	9.047821	0.792237	0.995777	0.792486	0.000584	0.792235	0.995779	0.792248	0.995782	0.792232	0.995772	0.792234	0.995775	0.792234	0.995763	0.792234	0.995772	1357205773.040960	0.999987	50.776682	37.288010	6.656139	0.795571	0.995909	0.795571	0.995905	0.795571	0.995901	0.795571	0.995900	0.795571	0.995897	0.795571	0.995897	0.799288	0.000184	0.795571	0.995893	
1357205774.040853	1.000000	50.828247	36.993622	9.065109	0.793348	0.995818	0.787210	0.000569	0.793350	0.995810	0.793350	0.995808	0.793350	0.995810	0.793350	0.995802	0.793351	0.995800	0.793351	0.995798	1357205774.040959	0.999999	50.828555	37.332891	6.679206	0.795101	0.996141	0.795101	0.996135	0.795101	0.996135	0.795101	0.996131	0.795101	0.996129	0.795101	0.996128	0.802530	0.000211	0.795101	0.996127	
1357205775.040852	0.999999	50.828418	36.967000	9.188882	0.793251	0.995888	0.792283	0.000567	0.793251	0.995888	0.793251	0.995885	0.793253	0.995880	0.793251	0.995877	0.793250	0.995875	0.793251	0.995871	1357205775.040955	0.999996	50.823769	37.315810	6.760403	0.795199	0.995844	0.795199	0.995841	0.795199	0.995839	0.795199	0.995836	0.795199	0.995833	0.795199	0.995829	0.799640	0.000223	0.795201	0.995829	
1357205776.040853	1.000001	50.827802	36.984523	9.074027	0.793555	0.995843	0.797535	0.000560	0.793554	0.995843	0.793554	0.995841	0.793553	0.995835	0.793550	0.995831	0.793553	0.995834	0.793552	0.995826	1357205776.040951	0.999996	50.826088	37.323134	6.714398	0.794884	0.996293	0.794884	0.996289	0.794884	0.996287	0.794884	0.996281	0.794884	0.996280	0.794884	0.996278	0.792534	0.000158	0.794884	0.996280	
1357205777.040852	0.999999	50.828753	36.963460	9.319513	0.793787	0.995993	0.794123	0.000492	0.793789	0.995996	0.793790	0.995986	0.793798	0.995959	0.793798	0.995969	0.793782	0.996012	0.793791	0.995981	1357205777.040958	1.000007	50.828659	37.320070	6.767409	0.794776	0.996073	0.794776	0.996046	0.794777	0.996132	0.794777	0.996126	0.794775	0.995970	0.794775	0.995983	0.799958	0.000590	0.794776	0.996062	
1357205778.040853	1.000001	50.828244	36.979991	9.130851	0.793594	0.996030	0.799032	0.000550	0.793592	0.996030	0.793592	0.996027	0.793592	0.996025	0.793591	0.996021	0.793591	0.996009	0.793591	0.996017	1357205778.040959	1.000001	50.830915	37.325419	6.719857	0.794270	0.995921	0.794269	0.995915	0.794269	0.995916	0.794269	0.995912	0.794269	0.995914	0.794268	0.995910	0.775606	0.000164	0.794267	0.995910	
1357205779.040853	1.000000	50.829041	36.960281	9.166809	0.793358	0.995890	0.788980	0.000545	0.793358	0.995895	0.793358	0.995874	0.793360	0.995881	0.793358	0.995849	0.793361	0.996110	0.793358	0.995879	1357205779.040958	0.999999	50.827273	37.311422	6.787284	0.794418	0.995603	0.794417	0.995577	0.794417	0.995555	0.794418	0.995571	0.794417	0.995567	0.794418	0.995565	0.797838	0.000247	0.794418	0.995598	
1357205780.040872	1.000019	48.628482	34.939870	8.202724	0.811068	0.923120	0.796927	0.000522	0.810969	0.922250	0.810971	0.922187	0.810970	0.922157	0.810967	0.922106	0.810968	0.922069	0.810972	0.922020	1357205780.041270	1.000312	49.293362	35.835099	5.943793	0.810254	0.921926	0.810254	0.921897	0.810255	0.921869	0.810254	0.921838	0.810255	0.921806	0.810255	0.921776	0.792725	0.000164	0.824326	0.996358	
1357205781.040852	0.999980	17.508239	4.357540	3.553980	0.798195	0.001653	0.556894	0.000694	0.649871	0.000058	1.002170	0.000008	0.705569	0.000054	0.617630	0.000065	0.700524	0.000065	0.984697	0.000008	1357205781.041253	0.999983	28.740751	15.465762	2.911640	1.000351	0.000074	1.003447	0.000007	1.000060	0.000051	0.999614	0.000007	0.999427	0.000064	0.999811	0.000063	0.999977	0.000235	1.000000	1.000000	
1357205782.040852	1.000000	21.823700	8.625488	6.082718	0.692980	0.011414	0.743065	0.000287	0.874819	0.000026	1.000381	0.000060	0.968405	0.000027	0.759175	0.000015	1.023548	0.000033	1.003346	0.000048	1357205782.041212	0.999959	28.849770	15.517986	5.483486	0.999842	0.000088	0.999830	0.000061	0.999998	0.002122	0.999951	0.000063	1.003013	0.000012	0.998632	0.000012	1.000012	0.000532	1.000000	1.000000	
1357205783.040857	1.000005	21.267685	8.057790	6.109451	0.645967	0.013009	0.728131	0.000281	0.678530	0.000068	1.001336	0.000012	0.936119	0.000054	1.000476	0.000058	1.000795	0.000048	1.002258	0.000012	1357205783.041250	1.000038	28.874989	15.546667	5.553684	0.997810	0.000053	1.000357	0.000012	0.999723	0.000039	0.999902	0.000012	0.999975	0.000046	1.000357	0.000046	0.999472	0.000197	1.000000	1.000000	
1357205784.040852	0.999995	20.333445	7.124288	6.257920	0.616730	0.016931	0.671178	0.000331	0.699880	0.000030	0.746271	0.000074	0.806664	0.000027	0.695905	0.000018	0.693545	0.000018	1.000221	0.000050	1357205784.041216	0.999966	28.852882	15.520869	5.669825	1.004174	0.000027	0.999994	0.000070	0.999982	0.000022	0.999979	0.000074	0.999479	0.000012	1.001483	0.000012	1.000489	0.000181	1.000000	1.000000	
1357205785.040852	1.000000	18.418900	5.214310	6.343445	0.569919	0.019516	0.625204	0.000318	0.958178	0.000048	0.777430	0.000015	0.709047	0.000064	0.702939	0.000065	0.713933	0.000064	0.693849	0.000018	1357205785.041253	1.000037	28.868913	15.540243	5.904140	0.998367	0.000073	0.999515	0.000012	0.999970	0.000051	1.000627	0.000012	1.000155	0.000045	0.999218	0.000057	1.000113	0.000188	1.000000	1.000000	
1357205786.040853	1.000001	21.883051	8.682380	6.031336	0.702059	0.010923	0.815947	0.000270	0.851575	0.000047	0.757413	0.000097	0.724381	0.000057	0.791198	0.000016	0.998384	0.000014	0.941437	0.000052	1357205786.041276	1.000023	28.864223	15.542140	5.287217	1.023850	0.000031	0.990341	0.000056	1.000180	0.000021	0.991334	0.000058	1.000350	0.000012	0.991162	0.000012	0.999624	0.000132	1.000000	1.000000	
1357205787.040853	1.000000	20.396408	7.197678	6.180603	0.631923	0.014783	0.662979	0.000304	0.656279	0.000067	0.651659	0.000010	0.734314	0.000065	0.602999	0.000100	0.616362	0.000099	0.591964	0.000037	1357205787.041262	0.999986	28.855615	15.534307	5.544130	0.994058	0.000109	1.013162	0.000040	0.998632	0.000080	1.018701	0.000021	0.999947	0.000072	1.002652	0.000058	0.999824	0.000513	1.000000	1.000000	
1357205788.040852	0.999999	18.504885	5.306966	6.341208	0.575773	0.018589	0.650310	0.000312	0.823034	0.000026	0.742467	0.000079	0.906506	0.000024	0.556463	0.000020	0.558479	0.000020	0.778881	0.000058	1357205788.041209	0.999947	28.871600	15.546187	5.938043	1.000075	0.000026	1.000255	0.000054	1.003676	0.000021	1.001888	0.000055	0.999555	0.000012	0.996436	0.000012	1.000906	0.000126	1.000000	1.000000	
1357205789.040855	1.000003	19.497010	6.300243	6.140331	0.594121	0.015981	0.609094	0.000420	0.793911	0.000056	0.699098	0.000018	0.999671	0.000047	0.999632	0.000050	0.995990	0.000052	0.656610	0.000019	1357205789.041183	0.999974	28.874560	15.552192	5.598549	0.999881	0.000071	1.000000	0.000012	0.998217	0.000049	0.999705	0.000012	1.000317	0.000045	1.000347	0.000062	0.999487	0.000213	1.000000	1.000000	
1357205790.040852	0.999997	18.791623	5.597216	6.292164	0.581490	0.019019	0.701763	0.000290	0.794497	0.000028	0.999577	0.000056	0.792890	0.000026	0.705031	0.000018	0.705347	0.000018	0.693743	0.000063	1357205790.041106	0.999923	28.827492	15.517827	5.733184	1.000293	0.000038	0.989806	0.000054	1.004933	0.000021	0.999948	0.000059	0.999150	0.000012	0.996778	0.000006	1.000878	0.000119	1.000000	1.000000	
1357205791.040860	1.000008	22.514496	9.331238	5.921659	0.706645	0.011375	0.799777	0.000255	0.726123	0.000061	0.978456	0.000013	1.000327	0.000051	0.999329	0.000047	0.990632	0.000049	0.986134	0.000013	1357205791.041266	1.000160	28.839380	15.525272	5.245392	0.999966	0.000057	1.000599	0.000920	0.988064	0.000050	1.000623	0.000012	1.000097	0.000048	0.999881	0.000065	0.999894	0.000182	1.000000	1.000000	
1357205792.040857	0.999997	21.069798	7.873331	6.105076	0.697519	0.018304	0.966313	0.003511	0.999970	0.002556	0.998624	0.002420	0.999970	0.002258	0.999372	0.002009	0.998273	0.002064	1.000072	0.002021	1357205792.041222	0.999956	28.945811	15.626147	5.463483	0.999994	0.002254	0.999996	0.002078	1.000163	0.003686	0.999977	0.001795	0.999991	0.001393	1.000003	0.000923	0.999994	0.004107	1.000000	1.000000	
1357205793.040853	0.999996	19.305300	6.111292	6.222407	0.581465	0.017415	0.619156	0.000321	0.683928	0.000060	0.706756	0.000018	0.705455	0.000057	0.696502	0.000069	0.720249	0.000057	0.699956	0.000018	1357205793.041277	1.000055	28.841826	15.524887	5.675087	0.999930	0.000066	0.999522	0.000012	0.999728	0.000037	1.002868	0.000011	0.999844	0.000062	1.001063	0.000039	1.000214	0.000162	1.000000	1.000000	
1357205794.040852	0.999999	21.021123	7.823921	6.073431	0.649471	0.014439	0.832821	0.000482	0.933721	0.000113	0.805672	0.000109	0.873382	0.000032	0.877060	0.000053	0.999702	0.000031	0.860751	0.000064	1357205794.041229	0.999952	28.895092	15.576873	5.478687	1.000027	0.000227	0.999972	0.000082	0.999003	0.000033	0.999573	0.000085	1.000437	0.000041	0.998365	0.000035	0.999989	0.000306	1.000000	1.000000	
1357205795.040852	1.000000	22.154678	8.960403	5.942490	0.709438	0.010942	0.851468	0.000241	0.903055	0.000041	0.762647	0.000014	0.864878	0.000056	0.932246	0.000055	1.000294	0.000051	0.565754	0.000022	1357205795.041301	1.000072	28.857053	15.544352	5.301895	0.996601	0.000069	0.999420	0.000012	1.000430	0.000073	1.002930	0.000012	0.998919	0.000047	1.000296	0.000047	0.999989	0.000171	1.000000	1.000000	
1357205796.040852	1.000000	21.911942	8.715546	5.902405	0.692654	0.013619	0.701547	0.000287	0.744824	0.000028	0.936563	0.000063	0.766291	0.000032	1.005297	0.000013	0.844431	0.000015	0.868887	0.000058	1357205796.041289	0.999988	28.863290	15.546221	5.223420	1.002746	0.000082	1.000082	0.000080	1.000360	0.000021	0.999913	0.000076	1.003788	0.000012	1.000000	0.000012	0.999972	0.000165	1.000000	1.000000	
1357205797.040852	1.000000	19.818298	6.624115	6.155151	0.591176	0.014071	0.644788	0.000317	0.917648	0.000051	0.461866	0.000025	0.924937	0.000053	0.989623	0.000050	0.946654	0.000054	0.560993	0.000020	1357205797.041295	1.000006	28.846706	15.533156	5.651105	0.999936	0.000126	1.000000	0.000012	0.999777	0.000048	1.000163	0.000012	0.999462	0.000047	1.000697	0.000045	0.999954	0.000434	1.000000	1.000000	
1357205798.040855	1.000003	20.309309	7.112725	6.180889	0.627026	0.015881	0.666715	0.000323	0.693770	0.000053	0.599551	0.000116	0.640199	0.000060	0.698189	0.000019	0.556679	0.000025	0.659563	0.000070	1357205798.041264	0.999969	28.860910	15.545846	5.632056	0.998266	0.000054	0.990589	0.000058	1.000000	0.000022	0.991129	0.000059	0.992764	0.000012	0.598362	0.000020	1.000157	0.000123	1.000000	1.000000	
1357205799.040852	0.999997	19.787003	6.604726	6.039066	0.604304	0.017106	0.728912	0.000314	1.000447	0.000050	0.768948	0.000011	0.937819	0.000053	0.812722	0.000082	0.773189	0.000088	0.872182	0.000024	1357205799.041275	1.000011	28.846424	15.530912	5.577621	1.000736	0.000124	1.026669	0.000020	1.000034	0.000090	1.024874	0.000021	1.001482	0.000068	1.099651	0.000081	0.999903	0.000228	1.000000	1.000000	
1357205800.040857	1.000005	19.356898	6.163086	6.291030	0.601282	0.018542	0.608647	0.000334	0.790301	0.000028	0.694969	0.000085	0.996287	0.000021	0.698987	0.000019	0.996993	0.000012	0.728509	0.000062	1357205800.041249	0.999974	28.847185	15.529456	5.748028	0.999865	0.000051	0.999945	0.000056	0.999694	0.000021	1.000028	0.000056	0.999893	0.000011	0.996870	0.000011	0.999982	0.000110	1.000000	1.000000	
1357205801.040852	0.999995	19.628974	6.439730	6.160965	0.594460	0.018592	0.592206	0.000342	0.701196	0.000064	0.692277	0.000019	0.746722	0.000061	0.696569	0.000066	0.726768	0.000064	0.999307	0.000013	1357205801.041272	1.000023	28.819058	15.520336	5.633096	1.000091	0.000072	1.000065	0.000012	0.987943	0.000047	0.999616	0.000012	0.999916	0.000046	1.000596	0.000044	0.999955	0.000137	1.000000	1.000000	
1357205802.040852	1.000000	18.337311	5.146881	6.297913	0.562918	0.019331	0.554892	0.000374	0.691838	0.000032	0.775606	0.000073	0.806550	0.000027	0.577867	0.000021	0.692706	0.000019	0.731959	0.000062	1357205802.041200	0.999928	28.876896	15.556937	5.922393	0.999964	0.000098	1.000037	0.000063	1.000262	0.002050	1.000074	0.000057	1.000064	0.000012	0.997344	0.000012	1.000019	0.000406	1.000000	1.000000	
1357205803.040852	1.000000	21.909470	8.717194	6.029083	0.689532	0.012842	0.716616	0.000289	0.670671	0.000066	1.000093	0.000012	0.746005	0.000063	0.739502	0.000062	0.754595	0.000061	1.001096	0.000013	1357205803.041262	1.000062	28.838575	15.523498	5.372988	0.999978	0.000088	0.999533	0.000012	1.000354	0.000059	0.999311	0.000012	0.999499	0.000066	0.999959	0.000066	1.000029	0.000146	1.000000	1.000000	
1357205804.040852	1.000000	21.645233	8.467712	6.140335	0.660429	0.012660	0.732118	0.000291	0.878495	0.000029	0.999394	0.000060	0.997509	0.000021	0.776641	0.000016	0.976842	0.000017	0.904134	0.000051	1357205804.041131	0.999869	28.844932	15.532215	5.454266	0.997617	0.000068	0.999937	0.000055	0.999982	0.000021	0.999930	0.000055	0.993437	0.000012	0.998621	0.000012	0.999457	0.000146	1.000000	1.000000	
1357205805.040853	1.000001	20.366237	7.179055	6.135157	0.620983	0.014483	0.710657	0.000291	1.001619	0.000051	0.692379	0.000018	0.983711	0.000047	0.998882	0.000048	0.932334	0.000050	0.752869	0.000015	1357205805.041218	1.000087	28.842369	15.527839	5.581134	1.001854	0.000083	1.000486	0.000012	0.999355	0.000051	1.000000	0.000012	1.002525	0.000045	1.000536	0.000045	1.000555	0.000133	1.000000	1.000000	
1357205806.040852	0.999999	22.373099	9.181695	6.028723	0.716008	0.012213	0.757737	0.000293	0.961746	0.000023	0.712926	0.000078	0.630894	0.000034	0.569470	0.000022	0.758311	0.000017	1.004036	0.000045	1357205806.041234	1.000016	28.841870	15.525066	5.257896	1.000073	0.000058	0.999903	0.000071	0.997011	0.000022	0.998959	0.000085	1.000988	0.000011	0.999545	0.000012	1.000000	0.000106	1.000000	1.000000	
1357205807.040852	1.000000	18.687256	5.500443	6.129303	0.584319	0.019493	0.571588	0.000349	0.669468	0.000066	0.556992	0.000020	0.693651	0.000066	0.672162	0.000066	0.679532	0.000066	1.000844	0.000013	1357205807.041098	0.999864	28.858658	15.541190	5.715834	0.999804	0.000118	1.000096	0.000012	1.001904	0.000050	1.007230	0.000012	0.999677	0.000049	1.000765	0.000045	0.999979	0.000462	1.000000	1.000000	
1357205808.040855	1.000003	21.139110	7.952047	6.135815	0.650015	0.014663	0.792073	0.000258	0.908795	0.000025	0.999636	0.000054	0.997191	0.000021	0.702430	0.000017	0.966881	0.000013	0.997683	0.000046	1357205808.041306	1.000208	28.851439	15.540974	5.570482	0.912012	0.000057	0.999953	0.000074	0.998515	0.000020	1.000028	0.000055	1.002381	0.000011	0.999107	0.000011	0.999042	0.000100	1.000000	1.000000	
1357205809.040866	1.000011	19.944972	6.759508	6.106226	0.609410	0.015337	0.758927	0.000356	0.719181	0.000079	0.696617	0.000018	0.990284	0.000047	0.909410	0.000057	0.920215	0.000051	1.004056	0.000017	1357205809.041271	0.999965	28.853184	15.543147	5.475305	1.071178	0.000071	0.999969	0.000012	1.000768	0.000047	0.999538	0.000012	0.999246	0.000070	0.999731	0.000090	1.000452	0.000195	1.000000	1.000000	
1357205810.040852	0.999986	19.214427	6.024377	6.303784	0.593504	0.021495	0.562444	0.000384	0.583774	0.000063	0.651508	0.000106	0.568824	0.000065	0.562426	0.000022	0.697084	0.000020	0.721178	0.000062	1357205810.041347	1.000076	28.853900	15.537652	5.828002	1.008544	0.000071	0.942188	0.000057	0.997979	0.000022	0.991462	0.000057	1.003119	0.000012	1.002706	0.000012	0.999916	0.000147	1.000000	1.000000	
1357205811.040852	1.000000	21.148254	7.960571	6.047256	0.644947	0.013087	0.834822	0.000325	0.702802	0.000064	0.459572	0.000014	0.680614	0.000067	0.612939	0.000097	0.619308	0.000099	0.589124	0.000037	1357205811.041285	0.999938	28.831652	15.520661	5.492635	0.994177	0.000108	1.081708	0.000041	0.991015	0.000064	1.014176	0.000034	0.999925	0.000067	0.999367	0.000066	1.000094	0.000186	1.000000	1.000000	
1357205812.040859	1.000007	21.867586	8.677247	5.916814	0.690858	0.013777	0.669374	0.000309	0.730418	0.000029	0.943497	0.000063	1.001958	0.000021	0.664069	0.000023	0.789128	0.000035	1.000017	0.000046	1357205812.041269	0.999984	28.847125	15.536167	5.402140	1.000014	0.000136	0.999922	0.000055	1.000293	0.002086	1.000119	0.000074	1.000324	0.000012	1.000290	0.000019	0.999905	0.000460	1.000000	1.000000	
1357205813.040853	0.999994	20.957278	7.765061	6.154089	0.638678	0.015956	0.699099	0.000293	0.854633	0.000052	0.566511	0.000022	0.693965	0.000065	0.682351	0.000067	0.686043	0.000066	0.688846	0.000018	1357205813.041262	0.999993	28.809632	15.503815	5.537010	0.999781	0.000070	0.999261	0.000011	0.999968	0.000049	0.999114	0.000012	0.999825	0.000044	1.000449	0.000049	1.000195	0.000156	1.000000	1.000000	
1357205814.040854	1.000001	21.281794	8.106682	6.132395	0.657769	0.014069	0.710534	0.000362	0.716182	0.000027	0.716114	0.000076	0.799586	0.000076	0.759802	0.000016	1.005486	0.000013	0.992537	0.000046	1357205814.041257	0.999995	28.824500	15.515687	5.571546	0.999694	0.000076	1.000081	0.000067	0.998375	0.000027	1.000103	0.000071	1.001392	0.000011	1.000480	0.000012	1.000072	0.000155	1.000000	1.000000	
1357205815.040853	0.999999	18.252871	5.065724	6.295080	0.560112	0.020198	0.594828	0.000333	0.669873	0.000064	0.703032	0.000018	0.711543	0.000053	0.722968	0.000063	0.719029	0.000064	0.545468	0.000021	1357205815.041165	0.999908	28.833128	15.522562	5.899423	1.000496	0.000068	1.000400	0.000012	0.999974	0.000059	0.999415	0.000012	0.999823	0.000046	0.999406	0.000045	0.999966	0.000159	1.000000	1.000000	
1357205816.040852	0.999999	19.316516	6.127768	6.263037	0.594027	0.018972	0.602862	0.000382	0.968568	0.000030	1.000264	0.000066	1.003747	0.000029	0.701688	0.000018	0.691255	0.000018	0.934193	0.000061	1357205816.041257	1.000092	28.843598	15.534291	5.856974	0.999810	0.000053	0.999961	0.000068	1.001540	0.000020	0.999921	0.000087	1.000047	0.000017	0.999651	0.000012	1.000178	0.000115	1.000000	1.000000	
1357205817.040856	1.000004	25.516635	12.327480	5.812888	0.816436	0.014317	0.972682	0.003107	0.988675	0.002642	0.999647	0.002635	0.999352	0.002682	0.989102	0.002534	0.989691	0.002620	0.998613	0.002476	1357205817.041069	0.999812	31.027550	17.717719	5.133595	0.999993	0.002711	0.999998	0.002444	0.999985	0.002613	0.999996	0.002515	0.999798	0.002661	0.999845	0.002845	0.999987	0.003815	1.000000	1.000000	
1357205818.040852	0.999996	21.970029	8.781698	6.042429	0.691003	0.012002	0.605652	0.000333	0.932404	0.000024	1.016123	0.000053	1.002482	0.000021	1.046807	0.000012	0.999188	0.000012	0.724710	0.000054	1357205818.041097	1.000028	28.833607	15.524866	5.417940	0.999867	0.000026	0.999821	0.000050	1.001358	0.000022	0.999949	0.000053	1.049108	0.000011	1.039595	0.000011	1.000148	0.000101	1.000000	1.000000	
1357205819.040858	1.000006	715778235.362760	715788740.070517	715773048.573790	0.999920	1.000766	0.999918	1.000774	0.999928	1.000769	0.999920	1.000767	0.999921	1.000773	0.999922	1.000764	0.999920	1.000772	0.999920	1.000768	1357205819.040958	0.999861	715892802.472039	715893456.497441	715901962.937601	0.999920	1.000769	0.999917	1.000770	3.897872	0.256728	0.999920	1.000769	0.999920	1.000772	0.999923	1.000766	0.999921	1.000773	0.999920	1.000768	
1357205820.040858	1.000000	0.000000	0.000000	0.000000	-nan	-nan	-nan	-nan	0.000000	inf	-nan	-nan	-nan	0.000000	-nan	-nan	-nan	-nan	-nan	-nan	1357205820.040937	0.999979	0.000000	0.000000	0.000000	-nan	-nan	-nan	-nan	0.000000	inf	-nan	-nan	-nan	-nan	-nan	-nan	-nan	-nan	-nan	-nan	
