ts_0	elapsed_0	pkg_0	pp0_0	dram_0	freq_ratio_0_0	c0_ratio_0_0	freq_ratio_0_1	c0_ratio_0_1	freq_ratio_0_2	c0_ratio_0_2	freq_ratio_0_3	c0_ratio_0_3	freq_ratio_0_4	c0_ratio_0_4	freq_ratio_0_5	c0_ratio_0_5	freq_ratio_0_6	c0_ratio_0_6	freq_ratio_0_7	c0_ratio_0_7	ts_1	elapsed_1	pkg_1	pp0_1	dram_1	freq_ratio_1_0	c0_ratio_1_0	freq_ratio_1_1	c0_ratio_1_1	freq_ratio_1_2	c0_ratio_1_2	freq_ratio_1_3	c0_ratio_1_3	freq_ratio_1_4	c0_ratio_1_4	freq_ratio_1_5	c0_ratio_1_5	freq_ratio_1_6	c0_ratio_1_6	freq_ratio_1_7	c0_ratio_1_7	
1353402348.223124	1.001842	32.595050	19.484480	4.203073	1.156234	0.415314	1.158348	0.426757	1.155019	0.409509	1.157630	0.422554	1.155073	0.406518	1.157332	0.423049	1.156716	0.413394	1.155869	0.415261	1353402348.223347	1.000468	36.956931	23.882926	2.729100	0.999938	0.658471	1.000002	0.658184	1.000001	0.658144	0.738002	0.000110	1.003894	0.000097	1.004263	0.000083	0.688736	0.000062	0.999821	0.659041	
1353402349.223120	0.999996	34.603702	21.473415	4.978429	1.000000	1.000000	0.999467	0.000368	1.000000	1.000000	0.997672	0.000065	0.997546	0.000016	1.011900	0.000008	1.002392	0.000039	1.000840	0.000106	1353402349.223332	0.999985	46.027547	32.937415	2.714228	1.000000	1.000000	1.000000	1.000000	1.000000	1.000000	1.000537	0.000068	0.999959	0.000130	1.002164	0.000007	0.999856	0.000064	1.000000	1.000000	
1353402350.223119	0.999999	34.493166	21.359685	4.947881	0.999999	1.000000	1.000263	0.000389	1.000000	1.000000	1.007133	0.000008	0.999906	0.000074	0.997810	0.000162	1.002941	0.000069	0.996407	0.000176	1353402350.223337	1.000005	46.082884	32.986819	2.724092	1.000000	1.000000	1.000000	1.000000	1.000000	1.000000	1.000005	0.000144	1.000148	0.000117	0.999653	0.000099	1.001321	0.000019	1.000000	1.000000	
1353402351.223119	1.000000	34.635071	21.500671	4.977554	1.000000	1.000000	0.999956	0.005340	1.000000	1.000000	0.997486	0.000084	0.999147	0.000017	1.003108	0.000113	0.994801	0.000040	1.001282	0.000496	1353402351.223339	1.000002	46.149646	33.051451	2.712428	1.000000	1.000000	1.000000	1.000000	1.000000	1.000000	0.999911	0.000095	0.999837	0.000121	0.979351	0.000006	0.999794	0.000146	1.000000	1.000000	
1353402352.223119	1.000000	34.581680	21.446884	4.973236	1.000000	1.000000	1.000635	0.000325	0.999999	1.000000	1.024530	0.000008	1.000083	0.000121	1.003157	0.000064	1.002935	0.000071	1.000022	0.000194	1353402352.223335	0.999996	46.169285	33.068036	2.720790	1.000000	1.000000	1.000000	1.000000	1.000000	1.000000	0.999710	0.000098	0.999961	0.000080	1.002478	0.000062	0.999625	0.000007	1.000000	1.000000	
1353402353.223119	1.000000	34.513687	21.377792	4.968063	1.000000	1.000000	1.000000	0.000397	1.000000	1.000000	0.999693	0.000063	0.999366	0.000016	0.976081	0.000009	0.994715	0.000039	0.999828	0.000135	1353402353.223341	1.000006	46.140258	33.034044	2.707046	1.000000	1.000000	1.000000	1.000000	1.000000	1.000000	1.000106	0.000055	1.000026	0.000131	1.001512	0.000006	1.000018	0.000065	1.000000	1.000000	
1353402354.223119	1.000000	34.590347	21.455246	4.973053	1.000000	1.000000	0.999963	0.000343	1.000000	1.000000	1.001128	0.000008	1.000315	0.000054	1.000007	0.000056	1.003065	0.000067	1.001722	0.000115	1353402354.223336	0.999995	46.189593	33.080915	2.710722	1.000000	1.000000	1.000000	1.000000	1.000000	1.000000	1.000310	0.000127	1.000084	0.000078	0.999447	0.000062	0.996938	0.000006	1.000000	1.000000	
1353402355.223119	1.000000	34.511124	21.374863	4.968231	1.000000	1.000000	0.999980	0.000408	1.000000	1.000000	1.000187	0.000060	0.999656	0.000018	1.002216	0.000009	0.995580	0.000047	0.992253	0.000106	1353402355.223333	0.999997	46.164541	33.056285	2.717049	1.000000	1.000000	1.000000	1.000000	1.000000	1.000000	0.999772	0.000063	1.000000	0.000147	1.002878	0.000006	0.999997	0.000122	1.000000	1.000000	
1353402356.223119	1.000000	34.584366	21.449066	4.957840	1.000000	1.000000	1.000001	0.000344	1.000000	1.000000	0.999386	0.000008	0.990343	0.000055	0.993203	0.000072	0.999972	0.000069	1.001211	0.000502	1353402356.223338	1.000005	46.154966	33.058642	2.721193	1.000000	1.000000	1.000000	1.000000	1.000000	1.000000	0.999620	0.000136	0.999951	0.000079	0.999835	0.000070	1.003265	0.000007	1.000000	1.000000	
1353402357.223119	1.000000	34.538559	21.417099	4.972961	1.000000	1.000000	1.000352	0.000368	1.000000	1.000000	0.992023	0.000063	0.999516	0.000018	0.977836	0.000009	0.986117	0.000040	0.999847	0.000106	1353402357.223338	1.000000	46.187576	33.079697	2.706161	1.000000	1.000000	1.000000	1.000000	1.000000	1.000000	1.000633	0.000055	0.999969	0.000122	1.004038	0.000007	0.991977	0.000064	1.000000	1.000000	
1353402358.223119	1.000000	34.509995	21.377319	4.973495	1.000000	1.000000	0.999594	0.000382	1.000000	1.000000	1.020640	0.000024	1.011018	0.000069	1.012983	0.000069	1.006669	0.000081	1.000214	0.000153	1353402358.223338	1.000000	46.150925	33.039963	2.714844	1.000000	1.000000	1.000000	1.000000	1.000000	1.000000	1.000081	0.000138	0.994514	0.000114	0.991543	0.000062	1.001985	0.000007	1.000000	1.000000	
1353402359.223119	1.000000	34.565887	21.432556	4.973068	1.000000	1.000000	0.999807	0.000383	1.000000	1.000000	1.000020	0.000059	0.985756	0.000016	0.974662	0.000008	0.999403	0.000039	0.999618	0.000105	1353402359.223335	0.999997	46.252997	33.143642	2.713998	1.000000	1.000000	1.000000	1.000000	1.000000	1.000000	0.999965	0.000055	1.004502	0.000141	1.013872	0.000034	1.003228	0.000147	1.000000	1.000000	
1353402360.223119	1.000000	34.529129	21.395859	4.957886	1.000000	1.000000	1.000549	0.000320	1.000000	1.000000	0.999579	0.000008	1.003647	0.000057	1.002943	0.000071	1.000463	0.000066	0.996132	0.000161	1353402360.223334	0.999999	46.201155	33.092134	2.716510	1.000000	1.000000	1.000000	1.000000	1.000000	1.000000	0.999548	0.000102	0.999945	0.000112	1.000339	0.000063	1.003807	0.000007	1.000000	1.000000	
1353402361.223119	1.000000	34.577789	21.443665	4.972839	1.000000	1.000000	1.000004	0.002425	1.000000	1.000000	1.000088	0.000061	0.988727	0.000016	0.974414	0.000009	1.000040	0.000039	1.001494	0.000428	1353402361.223336	1.000002	46.256504	33.148802	2.711085	1.000000	1.000000	1.000000	1.000000	1.000000	1.000000	1.000432	0.000088	1.000041	0.000123	0.983943	0.000006	0.999877	0.000072	1.000000	1.000000	
1353402362.223119	1.000000	34.572937	21.440918	4.973206	1.000000	1.000000	0.999770	0.000547	1.000000	1.000000	0.999206	0.000008	0.999575	0.000052	0.999853	0.000052	0.999822	0.000065	1.001763	0.000110	1353402362.223334	0.999998	46.174099	33.062960	2.713491	1.000000	1.000000	1.000000	1.000000	1.000000	1.000000	0.999743	0.000090	0.999848	0.000079	1.002218	0.000056	0.997241	0.000006	1.000000	1.000000	
1353402363.223119	1.000000	34.505585	21.374252	4.967987	1.000000	1.000000	0.999986	0.000374	1.000000	1.000000	1.000019	0.000060	0.999977	0.000017	0.989282	0.000009	1.000138	0.000039	0.998382	0.000126	1353402363.223333	0.999999	46.181090	33.070069	2.705798	1.000000	1.000000	1.000000	1.000000	1.000000	1.000000	0.999910	0.000060	1.000081	0.000123	1.000063	0.000006	1.000268	0.000078	1.000000	1.000000	
1353402364.223119	1.000000	34.545837	21.412766	4.972839	1.000000	1.000000	0.999967	0.000329	1.000000	1.000000	1.000094	0.000008	1.000210	0.000057	1.005542	0.000057	1.003235	0.000066	1.000117	0.000119	1353402364.223333	1.000000	46.157379	33.045975	2.709335	1.000000	1.000000	1.000000	1.000000	1.000000	1.000000	1.000295	0.000102	0.999877	0.000078	0.999801	0.000070	0.997028	0.000007	1.000000	1.000000	
1353402365.223119	1.000000	34.903397	21.766891	4.939590	0.999979	0.970051	1.000005	0.152616	0.999990	0.970021	0.994908	0.000127	1.000278	0.000018	0.973290	0.000009	0.994325	0.000038	0.993972	0.000105	1353402365.223310	0.999977	45.263686	32.150531	2.708817	0.999999	0.847496	1.000000	1.000000	1.000000	1.000000	0.999684	0.000055	1.000049	0.000165	0.995758	0.000006	1.000238	0.000070	1.000000	1.000000	
1353402366.223119	1.000000	40.614609	27.473663	4.966843	1.000000	1.000000	1.000000	1.000000	1.000000	1.000000	0.999997	0.002897	1.000002	0.002646	0.999999	0.002545	0.999999	0.003218	1.000057	0.003054	1353402366.223303	0.999993	41.921310	28.831910	2.709736	1.000001	0.002514	1.000000	1.000000	1.000000	1.000000	0.999998	0.002496	0.999992	0.002454	1.000017	0.002514	0.999999	0.002322	1.000000	1.000000	
1353402367.223119	1.000000	40.481842	27.353760	4.953247	1.000000	1.000000	1.000000	1.000000	1.000000	1.000000	0.999246	0.000333	0.986275	0.000017	0.973568	0.000009	0.995296	0.000041	1.001334	0.000153	1353402367.223311	1.000008	40.249353	27.152627	2.712441	0.999794	0.000079	1.000000	1.000000	1.000000	1.000000	1.000067	0.000058	1.000072	0.000102	1.000693	0.000006	0.999811	0.000080	1.000000	1.000000	
1353402368.223119	1.000000	40.470825	27.325729	4.978409	1.000000	1.000000	1.000000	1.000000	1.000000	1.000000	1.000664	0.000334	0.998137	0.000054	0.996418	0.000063	1.002816	0.000073	1.001600	0.000136	1353402368.223304	0.999993	40.219196	27.122182	2.698795	1.000879	0.000013	1.000000	1.000000	1.000000	1.000000	1.000008	0.000095	0.999965	0.000066	0.999520	0.000072	0.994854	0.000006	1.000000	1.000000	
1353402369.223119	1.000000	40.567078	27.420944	4.968216	1.000000	1.000000	1.000000	1.000000	1.000000	1.000000	0.999910	0.000353	0.992205	0.000017	0.986398	0.000009	1.000302	0.000033	1.002269	0.000103	1353402369.223306	1.000002	40.277236	27.180215	2.712565	0.998545	0.000087	1.000000	1.000000	1.000000	1.000000	1.000215	0.000047	1.000065	0.000118	1.003534	0.000006	0.993255	0.000072	1.000000	1.000000	
1353402370.223119	1.000000	40.478149	27.333221	4.963425	1.000000	1.000000	1.000000	1.000000	1.000000	1.000000	1.000073	0.000360	1.003642	0.000119	1.011983	0.000067	0.999765	0.000087	0.993122	0.000125	1353402370.223303	0.999997	40.226702	27.127510	2.714867	1.002885	0.000041	1.000000	1.000000	1.000000	1.000000	0.999905	0.000130	0.995071	0.000107	0.992671	0.000070	1.001865	0.000007	1.000000	1.000000	
1353402371.223119	1.000000	40.620987	27.474579	4.967865	1.000000	1.000000	1.000000	1.000000	1.000000	1.000000	0.999948	0.002378	0.988685	0.000017	0.974115	0.000009	0.999538	0.000033	1.001585	0.000405	1353402371.223308	1.000005	40.231610	27.136507	2.711931	0.999994	0.000069	1.000000	1.000000	1.000000	1.000000	0.999912	0.000092	0.962592	0.000134	1.011054	0.000034	1.005043	0.000098	1.000000	1.000000	
1353402372.223121	1.000002	40.184021	27.038538	4.962744	1.000000	0.966840	1.000000	0.966839	1.000000	1.000000	1.000539	0.000315	1.007165	0.000057	1.003558	0.000061	1.000210	0.000072	1.000069	0.000112	1353402372.223311	1.000003	40.127088	27.031029	2.717963	0.772666	0.000025	1.000000	1.000000	1.000000	1.000000	1.000128	0.000109	1.077130	0.000072	1.001598	0.000064	0.999313	0.000006	1.000000	0.976780	
1353402373.223119	0.999998	40.562577	27.417762	4.963419	1.000000	1.000000	1.000000	1.000000	1.000000	1.000000	0.999879	0.000354	0.987999	0.000017	0.976547	0.000009	1.000374	0.000034	0.999863	0.000132	1353402373.223312	1.000001	40.249275	27.156819	2.712186	1.048563	0.000115	1.000000	1.000000	1.000000	1.000000	0.999684	0.000060	1.000043	0.000116	1.004938	0.000006	1.000049	0.000071	1.000000	1.000000	
1353402374.223119	1.000000	40.612854	27.465683	4.972992	1.000000	1.000000	1.000000	1.000000	1.000000	1.000000	1.000160	0.000305	0.999669	0.000054	1.003802	0.000051	1.002752	0.000069	0.998902	0.000112	1353402374.223308	0.999996	40.247386	27.151676	2.706737	1.000192	0.000020	1.000000	1.000000	1.000000	1.000000	1.000007	0.000103	0.999971	0.000079	0.999576	0.000064	1.002666	0.000006	1.000000	1.000000	
1353402375.223119	1.000000	40.464676	27.318436	4.968155	1.000000	1.000000	1.000000	1.000000	1.000000	1.000000	0.999829	0.001129	1.000224	0.000034	0.993315	0.000033	0.993908	0.000033	0.996160	0.000139	1353402375.223305	0.999997	40.230334	27.135155	2.706857	0.999948	0.000178	1.000000	1.000000	1.000000	1.000000	0.999995	0.000211	0.999964	0.000269	0.999567	0.000044	0.999653	0.000112	1.000000	1.000000	
1353402376.223119	1.000000	40.539139	27.408356	4.963135	1.000000	1.000000	0.999999	1.000000	1.000000	1.000000	0.999994	0.000327	0.999986	0.000056	1.003493	0.000061	1.002893	0.000069	1.001477	0.000420	1353402376.223308	1.000003	40.230085	27.148475	2.701530	0.999937	0.000073	1.000000	1.000000	1.000000	1.000000	1.000014	0.000142	1.000079	0.000073	1.000081	0.000072	0.999918	0.000014	1.000000	1.000000	
1353402377.223119	1.000000	40.494736	27.351227	4.972839	1.000000	1.000000	1.000000	1.000000	1.000000	1.000000	1.000495	0.000369	1.012119	0.000016	1.001394	0.000008	0.999895	0.000041	1.001981	0.000105	1353402377.223324	1.000016	40.256986	27.162408	2.715197	0.999900	0.000061	1.000000	1.000000	1.000000	1.000000	0.999984	0.000049	0.999968	0.000109	1.000493	0.000066	1.000280	0.000065	1.000000	1.000000	
1353402378.223119	1.000000	40.571884	27.428253	4.963196	1.000000	1.000000	1.000000	1.000000	1.000000	1.000000	0.999422	0.000327	0.996148	0.000052	0.999985	0.000052	1.000023	0.000068	0.998386	0.000133	1353402378.223307	0.999983	40.251566	27.157412	2.709732	1.000029	0.000013	1.000000	1.000000	1.000000	1.000000	0.999896	0.000085	0.999864	0.000065	0.999950	0.000054	1.002223	0.000007	1.000000	1.000000	
1353402379.223119	1.000000	40.569061	27.422867	4.978149	1.000000	1.000000	1.000000	1.000000	1.000000	1.000000	1.000410	0.000359	0.999314	0.000018	0.974503	0.000009	0.987877	0.000033	0.997921	0.000105	1353402379.223302	0.999995	40.256870	27.163756	2.712492	0.999920	0.000087	1.000000	1.000000	1.000000	1.000000	0.999968	0.000049	0.999982	0.000110	0.999685	0.000006	0.999705	0.000061	1.000000	1.000000	
1353402380.223119	1.000000	40.347717	27.200134	4.973236	1.000000	1.000000	0.999999	0.977431	1.000000	0.977446	1.000067	0.000307	0.994325	0.000056	0.992348	0.000091	1.002796	0.000069	0.996382	0.000115	1353402380.223311	1.000009	40.278261	27.186369	2.706457	1.000322	0.000013	1.000000	1.000000	1.000000	1.000000	1.000096	0.000132	1.000069	0.000117	0.999542	0.000072	0.996498	0.000007	1.000000	1.000000	
1353402381.223119	1.000000	40.654327	27.508041	4.968140	1.000000	1.000000	1.000001	1.000000	1.000000	1.000000	0.999939	0.002337	0.981755	0.000019	0.990026	0.000010	0.993298	0.000035	1.001559	0.000407	1353402381.223309	0.999998	40.261063	27.166815	2.715017	0.998458	0.000082	1.000000	1.000000	1.000000	1.000000	0.999861	0.000094	0.999967	0.000104	0.987067	0.000006	0.993227	0.000072	1.000000	1.000000	
1353402382.223119	1.000000	40.541626	27.395966	4.977921	1.000000	1.000000	1.000000	1.000000	1.000001	1.000000	0.999862	0.000332	1.010033	0.000067	1.010783	0.000074	1.005369	0.000083	1.001723	0.000120	1353402382.223308	0.999999	40.233620	27.139293	2.706912	1.002803	0.000042	1.000000	1.000000	1.000000	1.000000	0.999914	0.000103	0.992790	0.000073	0.993694	0.000063	1.000815	0.000037	1.000000	1.000000	
1353402383.223119	1.000000	40.635803	27.489700	4.968292	1.000000	1.000000	1.000000	1.000000	1.000000	1.000000	0.999902	0.000369	1.000021	0.000018	0.998010	0.000009	0.993497	0.000033	0.993494	0.000132	1353402383.223308	1.000000	40.315903	27.222031	2.712326	0.999938	0.000068	1.000000	1.000000	1.000000	1.000000	0.999992	0.000048	1.004186	0.000123	1.014143	0.000034	1.005027	0.000098	1.000000	1.000000	
1353402384.223119	1.000000	40.614090	27.467712	4.958328	1.000000	1.000000	1.000000	1.000000	1.000000	1.000000	1.000055	0.000308	0.999430	0.000055	1.000249	0.000057	0.999955	0.000069	1.005694	0.000148	1353402384.223307	0.999999	40.237252	27.139888	2.712329	1.000879	0.000013	1.000000	1.000000	1.000000	1.000000	1.000040	0.000106	1.000136	0.000071	1.000049	0.000071	0.997360	0.000007	1.000000	1.000000	
1353402385.223119	1.000000	40.515167	27.381866	4.968246	1.000000	1.000000	1.000000	1.000000	1.000000	1.000000	0.999965	0.000365	1.002324	0.000018	0.998647	0.000009	0.999837	0.000033	0.991890	0.000104	1353402385.223307	1.000000	40.224396	27.131409	2.704559	1.000017	0.000116	1.000000	1.000000	1.000000	1.000000	0.999888	0.000048	1.000014	0.000136	1.002048	0.000006	1.000000	0.000071	1.000000	1.000000	
1353402386.223119	1.000000	40.599396	27.453094	4.968292	1.000000	1.000000	1.000001	1.000000	1.000000	1.000000	0.999982	0.000326	0.999782	0.000051	0.999992	0.000051	0.999039	0.000068	1.002106	0.000399	1353402386.223302	0.999995	40.171328	27.091383	2.704359	0.999769	0.000020	1.000000	1.000000	1.000000	1.000000	1.000030	0.000128	1.000049	0.000079	1.000107	0.000069	0.999939	0.000006	1.000000	1.000000	
1353402387.223121	1.000002	40.420211	27.273126	4.978186	1.000000	0.989545	1.000000	0.989540	1.000000	1.000000	1.000481	0.000351	1.011476	0.000017	1.002343	0.000009	1.002559	0.000033	0.998217	0.000105	1353402387.223310	1.000008	40.204386	27.111688	2.706887	0.999942	0.000080	1.000000	1.000000	1.000000	1.000000	0.999968	0.000048	1.000050	0.000115	0.994805	0.000006	1.000253	0.000075	1.000000	0.995717	
1353402388.223119	0.999998	40.586396	27.439582	4.968027	1.000000	1.000000	1.000000	1.000000	1.000000	1.000000	0.999361	0.000327	0.999842	0.000051	1.003846	0.000056	1.000062	0.000069	0.999982	0.000175	1353402388.223307	0.999997	40.222720	27.129570	2.709725	1.000347	0.000020	1.000000	1.000000	1.000000	1.000000	1.000056	0.000096	0.999561	0.000078	1.000218	0.000072	0.995471	0.000007	1.000000	1.000000	
1353402389.223119	1.000000	40.589783	27.443375	4.967987	1.000000	1.000000	1.000000	1.000000	1.000000	1.000000	1.000505	0.000377	0.983208	0.000018	0.949383	0.000009	0.993785	0.000033	0.997885	0.000105	1353402389.223305	0.999998	40.235444	27.142844	2.712514	0.999985	0.000079	1.000000	1.000000	1.000000	1.000000	0.999857	0.000048	1.000099	0.000102	1.002425	0.000006	1.000385	0.000065	1.000000	1.000000	
1353402390.223119	1.000000	40.525558	27.380386	4.948135	1.000000	1.000000	1.000000	1.000000	1.000000	1.000000	0.999943	0.000306	1.002145	0.000051	1.008120	0.000051	1.006038	0.000068	0.996033	0.000110	1353402390.223310	1.000005	40.227673	27.134508	2.704012	1.000000	0.000013	1.000000	1.000000	1.000000	1.000000	0.999988	0.000095	1.000070	0.000099	0.999552	0.000062	1.000565	0.000006	1.000000	1.000000	
1353402391.223119	1.000000	43.662704	30.523056	4.966904	1.000000	1.000000	1.000000	1.000000	1.000000	1.000000	1.000004	0.005286	0.999999	0.002886	0.999761	0.002836	0.999937	0.003256	1.000185	0.003473	1353402391.223285	0.999975	42.721376	29.622812	2.714729	0.999995	0.002789	1.000000	1.000000	1.000000	1.000000	1.000001	0.002842	0.999995	0.002850	0.999949	0.002645	0.999990	0.002644	1.000000	1.000000	
1353402392.223119	1.000000	40.480072	27.346436	4.943314	1.000000	1.000000	1.000000	1.000000	1.000000	1.000000	0.999310	0.000307	0.994049	0.000051	0.999891	0.000060	0.999622	0.000078	0.999379	0.000119	1353402392.223301	1.000016	40.209364	27.113550	2.698703	0.999532	0.000013	1.000000	1.000000	1.000000	1.000000	0.999869	0.000088	1.000175	0.000073	1.002017	0.000062	1.005607	0.000006	1.000000	1.000000	
1353402393.223119	1.000000	40.598618	27.454071	4.967773	1.000000	1.000000	1.000000	1.000000	1.000000	1.000000	1.000990	0.000363	0.998753	0.000019	1.000126	0.000009	1.004106	0.000033	1.000502	0.000133	1353402393.223302	1.000001	40.227180	27.133092	2.707090	0.998564	0.000087	1.000000	1.000000	1.000000	1.000000	0.999847	0.000048	0.999989	0.000103	1.003518	0.000007	0.992484	0.000072	1.000000	1.000000	
1353402394.223119	1.000000	40.585144	27.441422	4.968048	1.000000	1.000000	1.000000	1.000000	0.999999	1.000000	0.998781	0.000324	1.004778	0.000068	1.006917	0.000067	0.998708	0.000087	1.000103	0.000127	1353402394.223310	1.000008	40.243845	27.150979	2.709725	1.002950	0.000042	1.000000	1.000000	1.000000	1.000000	0.999997	0.000123	0.992760	0.000073	0.994500	0.000093	1.001072	0.000007	1.000000	1.000000	
1353402395.223119	1.000000	40.538986	27.392670	4.972763	1.000000	1.000000	1.000000	1.000000	1.000000	1.000000	0.999936	0.000942	0.999870	0.000317	1.000012	0.000133	1.000256	0.000033	0.995517	0.000105	1353402395.223310	1.000000	40.213928	27.132629	2.704178	0.999995	0.000075	1.000000	1.000000	1.000000	1.000000	1.000033	0.000083	1.003405	0.000152	1.014829	0.000034	1.005934	0.000086	1.000000	1.000000	
1353402396.223119	1.000000	40.614746	27.468445	4.968277	1.000000	1.000000	1.000000	1.000000	1.000000	1.000000	0.999820	0.000328	1.000344	0.000055	1.003391	0.000062	1.002508	0.000072	1.001050	0.000422	1353402396.223306	0.999996	40.230189	27.137454	2.712337	1.000153	0.000020	1.000000	1.000000	1.000000	1.000000	0.999971	0.000120	0.999946	0.000078	0.999689	0.000072	0.998342	0.000006	1.000000	1.000000	
1353402397.223120	1.000001	715801847.181420	715814887.674721	715808768.222702	0.999951	1.000439	0.999947	1.000433	0.999960	1.000443	0.999950	1.000433	0.999953	1.000448	0.999953	1.000430	0.999951	1.000443	0.999951	1.000439	1353402397.223243	0.999937	715810827.396912	715863074.809747	715811220.583769	0.999952	1.000443	0.999948	1.000440	3.895615	0.256802	0.999950	1.000434	0.999952	1.000446	0.999953	1.000434	0.999951	1.000442	0.999951	1.000438	
1353402398.223119	0.999999	0.000000	0.000000	0.000000	-nan	-nan	-nan	-nan	0.000000	inf	-nan	-nan	-nan	0.000000	0.000000	inf	-nan	-nan	-nan	-nan	1353402398.223202	0.999959	0.000000	0.000000	0.000000	-nan	-nan	-nan	-nan	0.000000	inf	-nan	-nan	-nan	-nan	-nan	-nan	-nan	-nan	-nan	-nan	
