ts_0	elapsed_0	pkg_0	pp0_0	dram_0	freq_ratio_0_0	c0_ratio_0_0	freq_ratio_0_1	c0_ratio_0_1	freq_ratio_0_2	c0_ratio_0_2	freq_ratio_0_3	c0_ratio_0_3	freq_ratio_0_4	c0_ratio_0_4	freq_ratio_0_5	c0_ratio_0_5	freq_ratio_0_6	c0_ratio_0_6	freq_ratio_0_7	c0_ratio_0_7	ts_1	elapsed_1	pkg_1	pp0_1	dram_1	freq_ratio_1_0	c0_ratio_1_0	freq_ratio_1_1	c0_ratio_1_1	freq_ratio_1_2	c0_ratio_1_2	freq_ratio_1_3	c0_ratio_1_3	freq_ratio_1_4	c0_ratio_1_4	freq_ratio_1_5	c0_ratio_1_5	freq_ratio_1_6	c0_ratio_1_6	freq_ratio_1_7	c0_ratio_1_7	
1356713382.506349	0.010300	32.907386	19.956575	4.851740	1.156998	0.380534	1.155852	0.373845	1.156609	0.375800	1.156909	0.381163	1.156106	0.373468	1.157668	0.381684	1.156179	0.373758	1.157504	0.380495	1356713382.506802	0.009333	36.333427	22.151897	4.093907	1.256231	0.673648	1.276342	0.009412	0.839590	0.008839	1.011686	0.013144	0.997402	0.007294	0.581374	0.008109	0.650401	0.004501	1.269892	0.001117	
1356713382.508592	0.002243	25.877551	14.034014	4.972789	0.776913	0.023673	0.512843	0.066694	1.253858	0.003088	1.250765	0.003357	1.220390	0.003239	1.252891	0.003586	1.190053	0.011390	1.264723	0.007276	1356713382.508886	0.002084	32.867635	19.849445	3.660908	1.260322	0.399703	1.279776	0.002743	0.794734	0.027005	1.264186	0.002680	1.254102	0.012271	1.271801	0.002322	0.577093	0.023028	1.272451	0.002310	
1356713382.523713	0.015121	33.578254	20.366939	5.502696	0.999983	0.004549	0.594955	0.008582	1.272212	0.001639	0.785147	0.002631	1.244170	0.000465	1.261367	0.001479	1.229591	0.001106	0.727352	0.000756	1356713382.524113	0.015227	37.193292	24.199289	3.788874	1.266840	0.917850	1.270777	0.000375	1.269300	0.000364	1.280049	0.000369	1.269661	0.000374	1.268464	0.000972	1.267730	0.000375	1.270543	0.000319	
1356713384.035624	1.511911	38.360989	25.089370	6.113241	1.236670	0.000913	1.269127	0.998544	1.244648	0.000052	1.269249	0.003002	1.204786	0.000059	1.266572	0.000053	1.249440	0.000077	1.252398	0.000381	1356713384.035834	1.511721	53.964656	40.759572	2.274898	1.230764	0.998931	1.230799	0.998601	1.056178	0.000099	1.235547	0.000077	0.811489	0.000054	1.245778	0.000023	1.110350	0.000081	1.230738	0.997979	
1356713384.059695	0.024071	40.088985	26.637454	6.060796	1.266373	0.011103	1.268556	0.995619	1.229708	0.002859	1.233514	0.001126	1.215180	0.000296	1.222710	0.000961	1.244715	0.000702	1.218646	0.000297	1356713384.059947	0.024113	50.969279	37.530399	5.977476	1.231645	0.997283	1.231588	0.997294	1.722275	0.000203	1.228281	0.000238	1.230375	0.000240	1.227747	0.000673	1.224886	0.000242	1.230597	0.946871	
1356713385.582758	1.523063	40.787722	27.500722	6.120114	1.269177	0.234323	1.269205	0.963248	1.238608	0.000116	1.262273	0.000072	1.260218	0.000043	1.260640	0.000037	1.258556	0.000044	1.264258	0.000105	1356713385.583213	1.523266	52.096948	38.884163	2.187125	1.230760	0.729203	1.240091	0.962925	1.137065	0.000136	1.229600	0.000089	1.231914	0.000062	1.231880	0.000059	0.912215	0.000059	1.241143	0.998904	
1356713385.629382	0.046624	30.435468	17.218522	5.906308	1.087894	0.004244	1.270557	0.001506	1.248745	0.001297	1.250122	0.000544	1.267561	0.000144	1.252641	0.000493	1.246776	0.000341	1.269560	0.000703	1356713385.629819	0.046606	37.268508	24.048128	5.996644	1.268345	0.000230	1.268326	0.000104	1.268874	0.000120	1.263384	0.000121	1.267193	0.000124	0.582027	0.000823	1.265477	0.000124	1.268091	0.968753	
1356713387.139408	1.510026	46.970696	33.706823	6.114142	1.268982	0.991208	1.269099	0.991062	1.226464	0.000405	1.232121	0.000061	1.225983	0.000016	1.249467	0.000023	1.248965	0.000034	1.232136	0.000140	1356713387.139675	1.509856	47.048021	33.847839	2.036788	1.233292	0.000039	1.269204	0.991534	1.230444	0.000103	0.951380	0.000080	1.233408	0.000055	0.977341	0.000066	1.243917	0.000055	1.269170	0.998880	
1356713387.186555	0.047147	27.139050	14.519578	6.099045	0.757146	0.015021	1.269061	0.001651	1.266304	0.000162	1.277271	0.000493	1.257189	0.000867	1.257561	0.000900	1.255579	0.001345	1.273452	0.001238	1356713387.187002	0.047327	37.751824	24.462016	6.031677	1.268800	0.001274	1.269051	0.000119	0.964644	0.001972	1.271103	0.000119	1.239260	0.000492	1.262873	0.000121	0.644970	0.001141	1.269030	0.974719	
1356713388.688229	1.501674	47.361585	34.086320	6.115033	1.269143	0.998722	1.269144	0.998734	1.230406	0.000327	1.232789	0.000094	1.244396	0.000027	1.242379	0.000033	1.239998	0.000030	1.230655	0.000281	1356713388.688437	1.501435	47.112175	33.906049	2.140276	1.228524	0.000069	1.269186	0.999438	1.238972	0.000038	1.229274	0.000077	1.232112	0.000055	1.231198	0.000155	1.242635	0.000033	1.269183	0.998798	
1356713388.713889	0.025660	45.832791	32.187910	5.925111	1.268493	0.996307	1.268514	0.996323	1.227799	0.002102	1.230150	0.000902	1.232381	0.000269	1.281850	0.000268	1.230086	0.000894	1.230764	0.000632	1356713388.714105	0.025668	45.986383	32.339145	6.075479	1.229763	0.000421	1.268768	0.997427	1.240216	0.001709	1.230438	0.000226	1.230294	0.000960	1.236421	0.000230	1.249636	0.001000	1.268811	0.940937	
1356713390.212350	1.498461	47.083464	33.818236	6.111953	1.269149	0.999279	1.269149	0.999276	1.230453	0.000305	1.228180	0.000082	1.224396	0.000036	1.230752	0.000048	1.230179	0.000039	1.230765	0.000182	1356713390.212543	1.498438	47.428299	34.221674	2.108865	1.228402	0.000096	1.269197	0.999767	1.227711	0.000071	1.227203	0.000060	1.231029	0.000041	1.230194	0.000053	1.230854	0.000033	1.269198	0.998890	
1356713390.237063	0.024713	43.967816	30.878114	5.905185	1.268493	0.996104	1.267961	0.996109	1.231035	0.002202	1.230819	0.000941	1.233663	0.000278	1.230939	0.000275	1.232511	0.000939	1.231817	0.000648	1356713390.237284	0.024741	44.112517	31.021538	5.812183	1.231699	0.000437	1.268786	0.997393	1.257439	0.001446	1.230728	0.000235	1.230495	0.000961	1.233486	0.000239	1.248273	0.001090	1.268808	0.938125	
1356713391.760913	1.523850	47.373302	34.097789	6.118325	1.258145	0.978716	1.258263	0.978563	1.170610	0.001921	1.157632	0.001451	1.158099	0.001503	1.165079	0.001662	1.159301	0.001562	1.164016	0.001530	1356713391.761369	1.524085	47.495497	34.291634	2.107878	1.159262	0.001415	1.261858	0.978609	1.156208	0.001392	1.171299	0.002311	1.151812	0.001570	1.158695	0.001490	1.159488	0.001476	1.261988	0.998931	
1356713391.800064	0.039151	22.874375	9.506988	6.240167	0.569089	0.015221	0.634716	0.003753	1.273807	0.000198	0.874932	0.001287	1.303595	0.000173	1.271208	0.000174	1.231963	0.000179	0.642994	0.001266	1356713391.800377	0.039008	37.898674	24.500260	5.774868	0.787101	0.001493	1.268650	0.000143	0.827838	0.001571	1.269420	0.000143	1.268837	0.000145	1.266891	0.000144	1.242234	0.000375	1.268271	0.961545	
1356713393.299670	1.499606	47.163973	33.905209	6.115447	1.269039	0.998531	1.269037	0.998551	1.222712	0.000410	1.230723	0.001152	1.226055	0.000055	1.232391	0.000053	1.238241	0.000034	1.231149	0.000330	1356713393.299943	1.499566	47.109127	33.903647	2.138192	1.229116	0.000105	1.269205	0.999612	1.228223	0.000050	1.229218	0.000069	1.237897	0.000040	1.230511	0.000057	1.232266	0.000043	1.269202	0.999173	
1356713393.339272	0.039602	42.836072	29.276485	6.168703	1.268701	0.763123	1.268724	0.760938	1.246072	0.001743	1.250871	0.001521	1.252674	0.000177	1.247078	0.000174	1.213619	0.000178	1.239760	0.000176	1356713393.339718	0.039775	43.846069	30.362673	5.531925	0.825980	0.001563	1.269011	0.749054	0.767839	0.001582	1.248999	0.000145	1.267498	0.000148	1.275131	0.000146	1.239819	0.000372	1.268265	0.963972	
1356713394.839122	1.499850	47.180305	33.910546	6.110311	1.269160	0.998805	1.269160	0.998823	1.230531	0.000320	1.229775	0.000057	1.233572	0.000033	1.234433	0.000033	1.231992	0.000017	1.231887	0.000127	1356713394.839323	1.499605	47.146064	33.939664	1.990759	1.235546	0.000065	1.269204	0.999609	1.224809	0.000019	1.228710	0.000070	1.237333	0.000054	1.232127	0.000048	1.236641	0.000014	1.269201	0.998906	
1356713394.857887	0.018765	45.891088	32.228496	6.114909	1.268229	0.994899	1.268255	0.994872	1.231289	0.003315	1.229934	0.001211	1.226401	0.000368	1.230367	0.001802	1.254746	0.000372	1.228676	0.000374	1356713394.858141	0.018818	46.066896	32.377053	5.898236	1.230596	0.001089	1.268519	0.995423	1.240806	0.002595	1.231510	0.000309	1.231288	0.000866	1.225229	0.000270	1.231122	0.000803	1.268634	0.925612	
1356713396.369944	1.512057	46.755797	33.487207	6.095737	1.269128	0.973815	1.269162	0.973693	1.232493	0.000265	1.241168	0.000059	1.224164	0.000046	1.232059	0.000038	1.236342	0.000036	1.230943	0.000373	1356713396.370384	1.512243	47.091186	33.893284	2.073954	1.237361	0.000113	1.269197	0.973598	1.227441	0.000038	1.236599	0.000081	1.232575	0.000038	1.022096	0.000089	1.232101	0.000038	1.269197	0.998860	
1356713396.396613	0.026669	33.247868	19.706700	6.229613	1.270161	0.007128	1.268447	0.002885	1.248900	0.000618	1.252331	0.000853	1.100442	0.000340	1.268870	0.001018	1.236498	0.000263	1.255032	0.000264	1356713396.397051	0.026667	38.232347	24.595226	6.088726	1.251593	0.000735	1.268806	0.000207	1.250674	0.002049	1.260165	0.000211	0.603313	0.001199	1.258076	0.000211	1.243905	0.000553	1.268005	0.935642	
1356713397.899774	1.503161	47.144356	33.876813	6.098030	1.269163	0.998848	1.269164	0.998856	1.231120	0.000269	1.228014	0.000035	1.257167	0.000045	1.233454	0.000048	1.233772	0.000038	1.231526	0.000171	1356713397.899976	1.502925	47.346377	34.144246	2.088751	1.231329	0.000089	1.269205	0.999613	1.232783	0.000037	1.232471	0.000061	1.237284	0.000014	1.250402	0.000027	1.233443	0.000043	1.269202	0.998762	
1356713397.919966	0.020192	44.906779	31.642937	6.087825	1.268230	0.994165	1.268234	0.994171	1.230575	0.003103	1.234675	0.001127	1.254237	0.000335	1.230877	0.001308	1.230491	0.000354	1.233874	0.001199	1356713397.920188	0.020212	45.051772	31.656125	5.837193	1.230309	0.001014	1.268566	0.995699	1.238471	0.002722	1.227758	0.000288	1.230772	0.001232	1.230688	0.000289	1.229537	0.000753	1.268714	0.919118	
1356713399.415335	1.495369	47.167596	33.889796	6.121591	1.269146	0.999294	1.269146	0.999293	1.230109	0.000319	1.219756	0.000062	1.217204	0.000047	1.222134	0.000038	1.220705	0.000033	1.230716	0.000263	1356713399.415531	1.495343	47.316785	34.109225	2.037392	1.233146	0.000108	1.269198	0.999784	1.216525	0.000048	1.223938	0.000079	1.231065	0.000038	1.241560	0.000042	1.222572	0.000039	1.269199	0.998925	
1356713399.436465	0.021130	45.017941	31.693814	5.826191	1.268253	0.993871	1.268233	0.993863	1.230968	0.003826	1.231412	0.001110	1.230209	0.000358	1.226302	0.001276	1.232017	0.000363	1.236052	0.000333	1356713399.436661	0.021130	45.120484	31.688760	5.701984	1.230317	0.000969	1.268618	0.995918	1.241030	0.002377	1.226592	0.000265	1.230322	0.001206	1.235340	0.000279	1.222553	0.000722	1.268739	0.924986	
1356713400.933535	1.497070	47.164371	33.882405	6.122891	1.269156	0.998744	1.269156	0.998763	1.229819	0.000255	1.242906	0.000081	1.233308	0.000193	1.252923	0.000028	1.252651	0.000022	1.230742	0.000147	1356713400.933735	1.497074	47.208720	33.997289	2.185222	1.236397	0.000096	1.269197	0.998920	1.238766	0.000038	1.234576	0.000058	1.232225	0.000050	1.026318	0.000095	1.247389	0.000028	1.269197	0.998896	
1356713400.963549	0.030014	35.215557	21.839349	6.148449	1.269198	0.006699	1.269565	0.002332	1.238444	0.000544	1.243350	0.000768	1.242161	0.000232	1.224727	0.000921	1.220336	0.000243	1.278149	0.000225	1356713400.963979	0.030244	37.307308	23.966260	5.939221	1.269135	0.000633	1.273702	0.000184	0.559189	0.002802	1.267941	0.000185	0.597777	0.001318	1.269847	0.000186	1.244582	0.000489	1.268464	0.948431	
1356713402.462101	1.498552	47.497620	34.219280	6.132680	1.266085	0.997810	1.266086	0.997814	1.206655	0.001648	1.228916	0.013980	1.228835	0.001447	1.233060	0.000041	1.226345	0.000030	1.229016	0.000133	1356713402.462297	1.498318	47.188861	33.987270	2.356494	1.232617	0.000158	1.269027	0.999273	1.230204	0.002489	1.228159	0.000100	1.233357	0.000028	1.240806	0.000055	1.230160	0.000043	1.269023	0.998789	
1356713402.483807	0.021706	43.654577	30.698095	5.941521	1.268271	0.994488	1.268288	0.994496	1.236312	0.002846	1.238828	0.001354	1.198056	0.000328	1.224307	0.001694	1.227253	0.000329	1.231446	0.000324	1356713402.484062	0.021765	45.921502	32.256942	5.644316	1.230479	0.000945	1.268517	0.995063	1.239998	0.002412	1.226747	0.000268	1.229368	0.000800	1.227345	0.000269	1.239582	0.000842	1.268621	0.940614	
1356713403.997595	1.513788	46.738048	33.462574	6.083999	1.269050	0.956697	1.269050	0.956550	1.230422	0.000266	1.231355	0.001115	1.231116	0.000378	1.233865	0.000043	1.232686	0.000039	1.230936	0.000317	1356713403.998058	1.513996	47.193839	33.989015	2.364333	1.233587	0.000231	1.267636	0.957171	1.230771	0.038639	1.232241	0.000055	1.237055	0.000014	1.252922	0.000028	1.232157	0.000041	1.267702	0.998842	
1356713404.039832	0.042237	32.457182	19.162609	6.105749	1.268473	0.004936	1.249615	0.001730	1.261288	0.000392	1.242030	0.000559	1.258230	0.000165	1.264175	0.000631	1.262039	0.000167	1.270905	0.000165	1356713404.040264	0.042206	37.778528	24.440571	5.545160	1.253937	0.000458	1.273531	0.000131	0.758086	0.001500	1.270257	0.000132	1.269358	0.000411	1.270618	0.000114	1.243935	0.000352	1.269049	0.963669	
1356713405.566350	1.526518	46.894556	33.619896	6.125644	1.269133	0.978033	1.269174	0.977941	1.230107	0.000271	1.242246	0.000078	1.232715	0.000056	1.239111	0.000040	1.236128	0.000036	1.232307	0.000110	1356713405.566798	1.526534	46.934787	33.726669	2.071321	1.108286	0.000159	1.269196	0.978171	1.229423	0.000059	1.229856	0.000086	1.234824	0.000035	0.985392	0.000082	1.234514	0.000045	1.269192	0.998861	
1356713405.610387	0.044037	32.487350	19.152703	6.145497	1.267583	0.003915	1.268773	0.001628	1.247967	0.000380	1.252882	0.000533	1.236484	0.000158	1.260028	0.000614	1.274678	0.000157	1.272307	0.000157	1356713405.610816	0.044018	37.749687	24.358998	5.071123	1.253420	0.000461	1.269132	0.000127	0.765761	0.001454	1.269281	0.000127	0.604731	0.000728	1.269173	0.000128	1.245569	0.000340	1.268496	0.965024	
1356713407.118074	1.507687	47.245156	33.971970	6.120459	1.269167	0.998852	1.269167	0.998859	1.230249	0.000286	1.227700	0.000076	1.233272	0.000027	1.247148	0.000018	1.239537	0.000012	1.231499	0.000151	1356713407.118275	1.507459	47.100059	33.892065	2.020612	1.232626	0.000143	1.269204	0.999583	1.228396	0.000045	1.228275	0.000042	1.233549	0.000028	1.239260	0.000055	1.238620	0.000010	1.269200	0.998837	
1356713407.155674	0.037600	34.128112	20.949970	6.210645	1.264440	0.447785	1.268584	0.445921	1.231711	0.001281	1.230824	0.000617	1.208692	0.000187	1.255637	0.000687	1.264401	0.001072	1.259714	0.001052	1356713407.155884	0.037609	40.706765	27.518004	5.861446	1.266598	0.001180	1.268661	0.437471	0.819143	0.003387	1.265812	0.000879	0.603853	0.000847	1.249390	0.000155	1.232572	0.001291	1.268301	0.957181	
1356713408.663123	1.507449	47.270861	33.990477	6.125506	1.269129	0.998696	1.269129	0.998701	1.230208	0.000425	1.228255	0.000079	1.230642	0.000058	1.232580	0.000039	1.226655	0.000018	1.231022	0.000275	1356713408.663324	1.507440	47.133848	33.925184	2.071897	1.232985	0.000141	1.269198	0.999598	1.224463	0.000018	1.229225	0.000065	1.232379	0.000046	1.237925	0.000071	1.231865	0.000074	1.269194	0.998924	
1356713408.686070	0.022947	45.423795	31.977724	6.147516	1.268313	0.994401	1.268313	0.994399	1.230840	0.003459	1.232110	0.000977	1.228080	0.000290	1.230076	0.001148	1.230666	0.000312	1.232047	0.000306	1356713408.686262	0.022938	45.656602	32.115415	5.956366	1.230792	0.000892	1.268643	0.996228	1.241506	0.002169	1.224908	0.000255	1.230754	0.001016	1.226254	0.000256	1.230413	0.000661	1.268771	0.947015	
1356713410.197654	1.511584	46.504851	33.225354	6.126626	1.268869	0.959117	1.269135	0.958633	1.235509	0.000249	1.234632	0.000332	1.230030	0.000069	1.231891	0.000038	1.233022	0.000030	1.237461	0.000144	1356713410.198106	1.511844	46.964387	33.758126	2.059311	1.080394	0.000112	1.269197	0.958575	1.229718	0.000101	1.229268	0.000060	1.232797	0.000039	1.241274	0.000052	1.232740	0.000035	1.269177	0.998805	
1356713410.238534	0.040880	23.686603	10.593073	6.110613	0.591686	0.016454	0.553619	0.003878	1.270695	0.000569	1.276887	0.000185	1.295641	0.000162	1.118251	0.000474	1.301228	0.000167	0.638682	0.000765	1356713410.239017	0.040911	38.070364	24.633546	5.914274	1.269187	0.000647	1.268846	0.000117	1.255019	0.000602	1.270153	0.000136	0.751032	0.001255	1.270443	0.000139	1.258336	0.000627	1.269034	0.964645	
1356713411.749267	1.510733	47.172024	33.884036	6.116331	1.269156	0.990505	1.269160	0.990459	1.231195	0.000271	1.251743	0.000038	1.229889	0.000044	1.267579	0.000047	1.221529	0.000040	1.230989	0.000096	1356713411.749548	1.510531	47.076476	33.867444	1.979076	1.237604	0.000085	1.269206	0.990883	1.226398	0.000047	1.228347	0.000081	1.240884	0.000015	1.251124	0.000021	1.227257	0.000047	1.269184	0.998901	
1356713411.778803	0.029536	34.682531	21.517593	6.026331	1.268765	0.009502	1.269029	0.002335	1.272099	0.000787	1.248092	0.001264	1.212987	0.000257	1.245316	0.000577	1.246079	0.000257	1.266963	0.000561	1356713411.779233	0.029685	37.305747	24.163202	5.411122	1.269462	0.000890	1.268799	0.000161	1.254966	0.000813	1.267957	0.000180	1.269988	0.000813	1.262866	0.000190	1.256899	0.000840	1.268957	0.952205	
1356713413.281142	1.502339	47.240691	33.956178	6.117638	1.268774	0.998326	1.268774	0.998331	1.231029	0.000544	1.230701	0.001244	1.238910	0.000062	1.236086	0.000107	1.242238	0.000038	1.231142	0.000350	1356713413.281398	1.502165	47.208573	33.997315	2.156972	1.230180	0.000272	1.269168	0.999299	1.232101	0.000163	1.233498	0.000081	1.230759	0.000084	1.230980	0.000098	1.235259	0.000082	1.269165	0.998767	
1356713413.308085	0.026943	43.661154	30.718663	6.154380	1.268124	0.991358	1.268126	0.991348	1.230693	0.005007	1.231993	0.001345	1.227795	0.000262	1.230672	0.000858	1.228225	0.000268	1.232410	0.000264	1356713413.308283	0.026885	44.181476	32.198077	5.362279	1.243340	0.002052	1.268653	0.995998	1.230685	0.000968	1.228281	0.000212	1.250644	0.000217	1.247895	0.000215	1.231356	0.001113	1.268809	0.947929	
1356713413.310015	0.001930	46.938604	33.118715	3.194070	1.257290	0.939623	1.257338	0.939641	1.231040	0.026499	1.230589	0.030361	1.225941	0.008120	1.231879	0.008241	1.233801	0.003601	1.229327	0.008486	1356713413.310261	0.001978	62.649952	28.358727	6.233365	1.230447	0.005450	1.263313	0.966573	1.230733	0.002875	1.232223	0.002874	1.230780	0.015797	1.229668	0.012203	1.236828	0.002931	1.255275	0.314426	
