ts_0	elapsed_0	pkg_0	pp0_0	dram_0	freq_ratio_0_0	c0_ratio_0_0	freq_ratio_0_1	c0_ratio_0_1	freq_ratio_0_2	c0_ratio_0_2	freq_ratio_0_3	c0_ratio_0_3	freq_ratio_0_4	c0_ratio_0_4	freq_ratio_0_5	c0_ratio_0_5	freq_ratio_0_6	c0_ratio_0_6	freq_ratio_0_7	c0_ratio_0_7	ts_1	elapsed_1	pkg_1	pp0_1	dram_1	freq_ratio_1_0	c0_ratio_1_0	freq_ratio_1_1	c0_ratio_1_1	freq_ratio_1_2	c0_ratio_1_2	freq_ratio_1_3	c0_ratio_1_3	freq_ratio_1_4	c0_ratio_1_4	freq_ratio_1_5	c0_ratio_1_5	freq_ratio_1_6	c0_ratio_1_6	freq_ratio_1_7	c0_ratio_1_7	
1354689510.175334	1.001882	34.544268	21.090037	6.577937	1.153000	0.657803	1.152669	0.652728	1.152981	0.658286	1.152916	0.659709	1.152708	0.658199	1.153161	0.658940	1.153370	0.657642	1.153067	0.655495	1354689510.175555	1.000481	32.999679	19.546844	5.303693	0.999912	0.853525	1.005557	0.000080	1.003302	0.000104	0.784695	0.000080	0.871753	0.000136	1.009733	0.000044	1.020442	0.000032	0.999891	0.853905	
1354689511.175329	0.999995	35.695583	22.199391	7.117452	0.999922	0.000542	1.000000	0.999999	1.000000	1.000000	1.000509	0.000067	1.001281	0.000072	1.004632	0.000046	1.001486	0.000109	1.002394	0.000048	1354689511.175546	0.999991	35.488557	22.011109	5.968301	1.000000	1.000000	1.000785	0.000022	1.000406	0.000079	1.000526	0.000056	0.999940	0.000071	0.987080	0.000051	1.000000	0.000058	1.000000	1.000000	
1354689512.175329	1.000000	35.712463	22.205841	7.154282	1.000007	0.000420	1.000000	1.000001	1.000000	1.000000	0.994609	0.000013	0.998974	0.000038	0.996091	0.000013	0.999739	0.000083	0.996584	0.000013	1354689512.175547	1.000001	35.543637	22.040247	5.985971	1.000000	1.000000	0.999740	0.000050	0.998194	0.000057	0.999054	0.000012	0.999722	0.002028	1.012666	0.000052	0.998154	0.000012	1.000000	1.000000	
1354689513.175329	1.000000	35.698837	22.225327	7.077286	0.999966	0.000523	1.000000	1.000000	1.000000	1.000000	0.993632	0.000063	0.997379	0.000078	0.991212	0.000047	1.000324	0.000108	0.991303	0.000059	1354689513.175552	1.000005	35.569127	22.082363	5.922410	1.000000	1.000000	0.999840	0.000022	1.001449	0.000078	0.999855	0.000093	1.001584	0.000356	1.000466	0.000041	1.000133	0.000046	1.000000	1.000000	
1354689514.175329	1.000000	35.730209	22.223755	7.093307	1.000006	0.000424	1.000000	1.000000	1.000000	1.000000	0.998902	0.000014	0.991042	0.000039	0.999776	0.000014	0.998784	0.000084	0.999419	0.000014	1354689514.175548	0.999996	35.536353	22.030210	5.959436	1.000000	1.000000	0.994553	0.000102	0.999798	0.000057	1.001455	0.000012	0.999875	0.000059	0.998309	0.000012	0.999298	0.000012	1.000000	1.000000	
1354689515.175329	1.000000	35.731934	22.229904	7.087051	0.999961	0.000557	1.000000	1.000000	1.000000	1.000000	1.007661	0.000078	1.004228	0.000125	1.008358	0.000061	1.000596	0.000152	1.001985	0.000286	1354689515.175550	1.000002	35.561456	22.059727	5.972981	1.000000	0.999520	1.017759	0.000031	1.000222	0.000111	0.999944	0.000069	1.000062	0.000087	0.997679	0.000281	1.000323	0.000071	1.000000	1.000000	
1354689516.175329	1.000000	35.750839	22.242432	7.142776	0.999889	0.000381	1.000000	1.000000	1.000000	1.000000	0.997669	0.000013	1.001437	0.000038	0.995475	0.000013	1.000550	0.000083	0.990169	0.000013	1354689516.175555	1.000005	35.560964	22.054882	5.992356	1.000000	1.000000	1.000065	0.000048	0.999640	0.000057	0.998865	0.000012	0.999887	0.000058	1.002525	0.000262	0.997505	0.000007	1.000000	1.000000	
1354689517.175329	1.000000	35.755753	22.242477	7.141220	1.000067	0.000578	1.000000	1.000000	1.000000	1.000000	0.999041	0.000082	1.000063	0.000074	0.999646	0.000046	0.999405	0.000108	1.001896	0.000059	1354689517.175548	0.999993	35.539751	22.028122	6.000774	1.000000	1.000000	0.999698	0.000029	0.998731	0.000077	0.998697	0.000054	0.993748	0.000090	1.000140	0.000038	0.999671	0.000070	1.000000	1.000000	
1354689518.175329	1.000000	35.768906	22.261124	7.123398	0.999804	0.000368	1.000000	1.000000	1.000000	1.000000	1.002714	0.000013	0.999788	0.000038	1.000841	0.000013	1.000600	0.000083	0.998964	0.000013	1354689518.175547	0.999999	35.572239	22.068838	5.972891	1.000000	1.000000	1.000039	0.000128	1.001950	0.000057	1.001800	0.000047	1.001619	0.000348	0.998905	0.000012	1.001206	0.000012	1.000000	1.000000	
1354689519.175329	1.000000	35.755692	22.251572	7.090744	0.999917	0.000551	1.000000	1.000000	1.000000	1.000000	0.999029	0.000061	0.996984	0.000071	1.000853	0.000045	0.999868	0.000108	0.998960	0.000048	1354689519.175553	1.000006	35.563188	22.063849	5.961283	1.000000	1.000000	1.000246	0.000022	0.999611	0.000072	0.999855	0.000053	1.000128	0.000066	0.999893	0.000047	0.999987	0.000058	1.000000	1.000000	
1354689520.175329	1.000000	35.773895	22.269531	7.142181	1.000113	0.000350	1.000000	1.000000	1.000000	1.000000	1.000426	0.000013	1.006043	0.000038	0.999274	0.000013	0.999911	0.000104	0.997694	0.000013	1354689520.175547	0.999994	35.557753	22.072336	5.963323	1.000000	1.000000	0.999703	0.000047	0.995158	0.000079	0.990835	0.000012	1.000020	0.000059	0.999902	0.000012	1.001355	0.000012	1.000000	1.000000	
1354689521.175329	1.000000	35.760849	22.233810	7.244690	1.000082	0.000543	1.000000	1.000000	1.000000	1.000000	1.001425	0.000059	0.999493	0.000073	1.000693	0.000046	1.000004	0.000106	1.001703	0.000055	1354689521.175544	0.999997	35.580204	22.060280	6.087848	1.000000	1.000000	1.000266	0.000022	1.006313	0.000074	1.000451	0.000055	0.999945	0.000070	1.000435	0.000044	0.999958	0.000045	1.000000	1.000000	
1354689522.175329	1.000000	35.785141	22.289108	7.077332	0.999789	0.000364	1.000000	1.000000	1.000000	1.000000	1.000519	0.000013	1.000432	0.000038	0.997315	0.000013	0.999722	0.000083	0.995733	0.000013	1354689522.175552	1.000008	35.600404	22.109104	5.939237	1.000000	1.000000	1.000091	0.000089	0.997966	0.000056	1.007156	0.000012	0.999722	0.002001	0.998310	0.000011	0.998762	0.000011	1.000000	1.000000	
1354689523.175329	1.000000	35.760010	22.257233	7.103836	1.000125	0.000522	1.000000	1.000000	1.000000	1.000000	0.999968	0.000061	1.000189	0.000072	1.000571	0.000045	1.000549	0.000107	1.000761	0.000047	1354689523.175552	1.000000	35.592209	22.096848	5.931992	1.000000	1.000000	0.998746	0.000022	1.000436	0.000073	0.999961	0.000089	1.000007	0.000355	0.999650	0.000045	1.000037	0.000052	1.000000	1.000000	
1354689524.175329	1.000000	35.729919	22.225632	7.155838	0.999959	0.000385	1.000000	1.000000	1.000000	1.000000	1.002662	0.000013	1.000265	0.000038	0.996308	0.000013	1.000233	0.000083	0.996401	0.000013	1354689524.175550	0.999998	35.561591	22.051128	6.012066	1.000000	1.000000	1.000635	0.000047	0.998450	0.000057	1.000484	0.000021	1.005989	0.000090	1.000426	0.000012	1.002587	0.000012	1.000000	1.000000	
1354689525.175329	1.000000	35.778748	22.277054	7.099228	0.999920	0.000538	1.000000	1.000000	1.000000	1.000000	0.990199	0.000061	0.999885	0.000074	0.989509	0.000046	0.999746	0.000126	0.991274	0.000052	1354689525.175556	1.000006	35.567339	22.071646	5.943812	1.000000	1.000000	0.999149	0.000022	1.000168	0.000094	0.999909	0.000055	1.000122	0.000070	1.000572	0.000044	0.999932	0.000045	1.000000	1.000000	
1354689526.175329	1.000000	35.774933	22.271713	7.100861	1.000079	0.000372	1.000000	1.000001	1.000000	1.000000	0.991072	0.000014	0.986486	0.000039	0.999223	0.000014	0.999196	0.000082	1.000000	0.000014	1354689526.175549	0.999993	35.557283	22.058487	5.935618	1.000000	0.999718	0.990331	0.000053	0.997550	0.000057	0.992391	0.000012	0.971639	0.000061	0.998164	0.000012	0.997115	0.000012	1.000000	1.000000	
1354689527.175331	1.000002	35.721398	22.193271	7.222581	0.999811	0.000550	1.000000	1.000000	1.000000	0.999119	1.009644	0.000073	1.006023	0.000086	1.008593	0.000059	1.000672	0.000128	1.006851	0.000061	1354689527.175549	1.000000	35.531998	22.011215	6.058929	1.000000	0.999027	1.016491	0.000030	1.001963	0.000086	1.001015	0.000067	0.832678	0.000101	1.000547	0.000059	1.000286	0.000065	0.999937	0.999216	
1354689528.175329	0.999998	35.774910	22.252850	7.149351	1.000125	0.000363	1.000000	1.000000	1.000000	1.000000	0.999909	0.000013	0.997708	0.000038	0.999453	0.000013	0.998976	0.000083	0.996955	0.000013	1354689528.175548	0.999999	35.554325	22.040091	6.025305	1.000000	1.000000	1.000180	0.000047	1.000964	0.000058	1.000470	0.000048	1.001635	0.000345	0.995527	0.000007	0.996953	0.000007	1.000000	1.000000	
1354689529.175329	1.000000	35.775238	22.265915	7.119110	1.000009	0.000583	1.000000	1.000000	1.000000	1.000000	0.998994	0.000057	0.999647	0.000071	1.000125	0.000046	1.000534	0.000107	1.001058	0.000048	1354689529.175555	1.000007	35.556715	22.053742	5.970021	1.000000	1.000000	0.999877	0.000022	0.999904	0.000072	0.999552	0.000054	1.000059	0.000066	1.000032	0.000061	0.999955	0.000051	1.000000	1.000000	
1354689530.175329	1.000000	35.766525	22.257141	7.139420	0.999860	0.000357	1.000000	1.000000	1.000000	1.000000	0.999360	0.000013	1.002878	0.000038	0.994620	0.000013	0.999940	0.000102	1.002391	0.000013	1354689530.175548	0.999993	35.503587	22.012497	5.982890	1.000000	1.000000	0.999992	0.000048	0.999425	0.000081	1.002264	0.000012	0.971529	0.000061	1.001584	0.000007	1.000419	0.000012	1.000000	1.000000	
1354689531.175329	1.000000	35.904221	22.392776	7.125961	1.000018	0.003502	1.000000	1.000000	1.000000	1.000000	1.000008	0.002924	0.999990	0.003377	1.000009	0.002886	1.000007	0.002998	0.999987	0.002940	1354689531.175550	1.000002	35.985451	22.478732	5.975681	1.000000	1.000000	0.999999	0.002896	1.000010	0.002821	0.999992	0.002850	1.000609	0.002837	1.000001	0.002874	0.999997	0.002866	1.000000	1.000000	
1354689532.175329	1.000000	35.778824	22.260696	7.163223	0.999991	0.000387	1.000001	1.000001	1.000000	1.000000	1.003547	0.000013	1.000376	0.000034	1.001212	0.000013	0.998650	0.000082	1.003204	0.000013	1354689532.175549	0.999999	35.569309	22.057638	6.007818	1.000000	1.000000	0.999908	0.000042	0.999973	0.000057	1.002125	0.000012	0.999651	0.001996	1.000587	0.000012	1.001788	0.000012	1.000000	1.000000	
1354689533.175329	1.000000	35.764145	22.253098	7.114410	1.000015	0.000517	0.999999	1.000000	1.000000	1.000000	0.999889	0.000059	1.000284	0.000079	1.000768	0.000048	1.000651	0.000108	1.003421	0.000049	1354689533.175547	0.999998	35.565223	22.061504	5.974239	1.000000	1.000000	0.999121	0.000022	0.998224	0.000075	0.999915	0.000091	1.000072	0.000355	0.999868	0.000047	0.999549	0.000046	1.000000	1.000000	
1354689534.175329	1.000000	35.750839	22.268784	7.084976	0.999756	0.000394	1.000000	1.000000	1.000000	1.000000	0.999695	0.000013	0.999527	0.000034	0.998156	0.000013	1.000144	0.000083	0.987762	0.000013	1354689534.175553	1.000006	35.566805	22.075933	5.934184	1.000000	1.000000	0.999868	0.000067	1.000586	0.000071	0.999914	0.000022	1.007483	0.000090	0.999013	0.000012	1.000258	0.000012	1.000000	1.000000	
1354689535.175329	1.000000	35.790848	22.276398	7.159393	1.000116	0.000553	1.000000	1.000000	1.000000	1.000000	1.000694	0.000062	0.999677	0.000078	0.999356	0.000046	0.999913	0.000129	0.999117	0.000047	1354689535.175543	0.999990	35.573553	22.066398	6.017409	1.000000	1.000000	1.001214	0.000034	0.999852	0.000110	0.998510	0.000076	0.999560	0.000072	1.000151	0.000046	1.000169	0.000053	1.000000	1.000000	
1354689536.175329	1.000000	35.771011	22.265778	7.112320	0.999998	0.000367	1.000000	0.999621	1.000000	1.000000	0.997054	0.000013	0.999471	0.000034	1.004349	0.000013	0.998293	0.000082	1.004762	0.000013	1354689536.175548	1.000005	35.574193	22.074322	5.960969	1.000000	1.000000	0.999514	0.000044	0.999270	0.000487	1.011314	0.000011	0.971587	0.000061	0.998701	0.000012	0.999872	0.000012	1.000000	1.000000	
1354689537.175329	1.000000	35.775803	22.257507	7.157440	0.999955	0.000843	1.000000	1.000000	1.000000	1.000000	0.992242	0.000056	1.000412	0.000077	0.986583	0.000047	1.001217	0.000108	0.988725	0.000048	1354689537.175542	0.999994	35.556105	22.042475	5.986089	1.000000	1.000000	0.999176	0.000022	1.005501	0.000071	0.999823	0.000054	1.014596	0.000071	1.000435	0.000045	0.999807	0.000046	1.000000	1.000000	
1354689538.175329	1.000000	35.788223	22.274521	7.153183	1.000141	0.000375	0.999983	0.999910	0.999991	0.999896	0.996275	0.000049	0.985096	0.000035	0.999723	0.000014	0.999715	0.000082	0.998461	0.000014	1354689538.175551	1.000009	35.589628	22.081434	5.983039	1.000000	1.000000	0.990276	0.000050	1.001527	0.000059	0.999266	0.000047	1.002003	0.000345	0.998471	0.000012	0.999395	0.000012	1.000000	1.000000	
1354689539.175329	1.000000	35.805740	22.299438	7.122482	0.999954	0.000562	1.000000	1.000000	1.000001	1.000000	1.005734	0.000112	1.005963	0.000091	1.010815	0.000059	1.000258	0.000127	1.008539	0.000061	1354689539.175548	0.999997	35.617969	22.117302	5.974048	1.000000	1.000000	1.005484	0.000093	0.998836	0.000093	1.000366	0.000069	0.979161	0.000083	1.000041	0.000084	1.000175	0.000075	1.000000	1.000000	
1354689540.175329	1.000000	35.816742	22.294296	7.184555	0.999820	0.000439	1.000000	1.000000	1.000000	1.000000	0.999927	0.000153	0.999762	0.000034	0.999515	0.000033	0.999313	0.000141	1.000569	0.000052	1354689540.175550	1.000002	35.614327	22.101429	5.983006	1.000000	1.000000	0.999984	0.000149	1.000277	0.000253	0.999895	0.000018	1.015837	0.000109	0.999966	0.000045	0.999713	0.000071	1.000000	1.000000	
1354689541.175329	1.000000	35.766006	22.254883	7.141693	1.000132	0.000537	1.000000	1.000000	1.000000	1.000000	0.999590	0.000056	0.999872	0.000076	0.999557	0.000046	1.000682	0.000108	0.999572	0.000042	1354689541.175547	0.999997	35.581669	22.078621	5.977909	1.000000	1.000000	0.999592	0.000022	1.000228	0.000074	0.999627	0.000054	1.000252	0.000069	0.985350	0.000045	1.000218	0.000046	1.000000	1.000000	
1354689542.175329	1.000000	35.797470	22.280884	7.135208	0.999961	0.000381	1.000000	1.000000	1.000000	1.000000	0.999298	0.000043	0.999536	0.000034	0.992936	0.000013	0.999836	0.000083	0.999546	0.000013	1354689542.175546	0.999999	35.595798	22.087179	5.978903	1.000000	1.000000	1.000284	0.000052	0.997765	0.000058	0.993861	0.000012	0.999995	0.002229	1.020528	0.000032	1.000063	0.000012	1.000000	1.000000	
1354689543.175329	1.000000	35.801880	22.278793	7.200867	0.999663	0.000520	1.000000	1.000001	1.000000	1.000000	1.000073	0.000058	1.000040	0.000078	1.001765	0.000045	1.000205	0.000107	0.997837	0.000047	1354689543.175547	1.000001	35.539441	22.037012	6.040934	1.000000	1.000000	0.999702	0.000045	1.000560	0.000081	1.000891	0.000090	0.999075	0.000367	0.999584	0.000046	1.000262	0.000057	1.000000	1.000000	
1354689544.175329	1.000000	35.795715	22.295868	7.166794	1.000365	0.000397	1.000000	0.999999	1.000000	1.000000	0.999330	0.000013	0.998649	0.000034	0.993028	0.000013	1.000023	0.000084	1.009283	0.000013	1354689544.175549	1.000002	35.593316	22.085773	6.020359	1.000000	1.000000	0.999969	0.000063	1.001787	0.000056	1.000230	0.000012	0.996379	0.000059	1.001135	0.000019	1.000323	0.000012	1.000000	1.000000	
1354689545.175329	1.000000	35.783386	22.264709	7.132492	1.000037	0.000537	1.000000	1.000000	1.000000	1.000000	1.000123	0.000053	0.999469	0.000075	1.000375	0.000045	0.999716	0.000128	1.000229	0.000047	1354689545.175547	0.999998	35.562034	22.052136	5.989330	1.000000	1.000000	1.000040	0.000048	0.996194	0.000078	0.998614	0.000063	0.988910	0.000106	0.999679	0.000049	0.999166	0.000045	1.000000	1.000000	
1354689546.175329	1.000000	35.818024	22.309540	7.138626	0.999885	0.000361	1.000000	1.000000	1.000000	1.000000	0.999235	0.000013	1.001309	0.000034	0.990266	0.000013	0.999789	0.000082	0.999632	0.000013	1354689546.175552	1.000005	35.587590	22.084957	5.991562	1.000000	1.000000	0.999659	0.000049	1.004496	0.000056	1.007332	0.000012	1.029448	0.000058	1.001250	0.000012	1.001579	0.000012	1.000000	1.000000	
1354689547.175329	1.000000	35.802582	22.283066	7.173950	1.000026	0.000540	1.000000	1.000000	1.000000	0.999999	0.999508	0.000058	1.000192	0.000076	1.004611	0.000045	1.000637	0.000108	0.998948	0.000046	1354689547.175548	0.999996	35.541938	22.030485	6.018289	1.000000	1.000000	1.000213	0.000022	0.998344	0.000076	1.000087	0.000053	0.993988	0.000092	1.000075	0.000056	1.000114	0.000058	1.000000	1.000000	
1354689548.175329	1.000000	35.782806	22.259933	7.190231	0.999836	0.000359	1.000000	1.000001	1.000000	1.000000	0.999666	0.000013	0.997582	0.000034	1.000060	0.000013	0.999165	0.000082	1.002272	0.000013	1354689548.175555	1.000007	35.573820	22.060257	6.024754	1.000000	1.000000	1.000291	0.000048	1.002312	0.000058	0.999199	0.000047	1.001632	0.000348	0.997198	0.000007	1.000351	0.000012	1.000000	1.000000	
1354689549.175329	1.000000	35.808578	22.279800	7.194641	1.000113	0.000551	0.999999	1.000000	1.000000	1.000000	0.990646	0.000056	1.001313	0.000077	0.989089	0.000046	1.000474	0.000108	0.989187	0.000047	1354689549.175556	1.000001	35.571530	22.053095	6.048655	1.000000	1.000000	0.999982	0.000022	0.999426	0.000077	1.000517	0.000055	0.999719	0.000066	1.000426	0.000049	1.000041	0.000047	1.000000	1.000000	
1354689550.175329	1.000000	715823077.157776	715819453.312607	715824601.995255	0.999966	1.000116	0.999964	1.000121	0.999971	1.000119	0.999966	1.000116	0.999966	0.999875	0.999968	1.000113	0.999966	1.000119	0.999966	1.000117	1354689550.175431	0.999875	715873703.149773	715904265.480341	715875321.045518	0.999964	1.000109	0.999963	1.000119	3.894725	0.256780	0.999966	1.000116	0.999966	1.000119	0.999968	1.000114	0.999966	1.000119	0.999966	1.000117	
1354689551.175335	1.000006	0.000000	0.000000	0.000000	-nan	-nan	-nan	-nan	1.000003	inf	-nan	-nan	-nan	0.000000	0.000000	inf	-nan	-nan	-nan	-nan	1354689551.175416	0.999985	0.000000	0.000000	0.000000	-nan	-nan	-nan	-nan	1.345745	inf	-nan	-nan	-nan	-nan	-nan	-nan	-nan	-nan	-nan	-nan	
1354689552.175328	0.999993	0.000000	0.000000	0.000000	-nan	-nan	-nan	-nan	0.000000	inf	-nan	-nan	-nan	0.000000	-nan	-nan	-nan	-nan	-nan	-nan	1354689552.175424	1.000008	0.000000	0.000000	0.000000	-nan	-nan	-nan	-nan	-nan	-nan	-nan	-nan	-nan	-nan	-nan	-nan	-nan	-nan	-nan	-nan	
1354689553.175328	1.000000	0.000000	0.000000	0.000000	-nan	-nan	-nan	-nan	-nan	-nan	-nan	-nan	-nan	-nan	-nan	-nan	-nan	-nan	-nan	-nan	1354689553.175411	0.999987	0.000000	0.000000	0.000000	-nan	-nan	-nan	-nan	-nan	-nan	-nan	-nan	-nan	-nan	-nan	-nan	-nan	-nan	-nan	-nan	
1354689554.175328	1.000000	0.000000	0.000000	0.000000	-nan	-nan	-nan	-nan	-nan	-nan	-nan	-nan	-nan	-nan	-nan	-nan	-nan	-nan	-nan	-nan	1354689554.175416	1.000005	0.000000	0.000000	0.000000	-nan	-nan	-nan	-nan	-nan	-nan	-nan	-nan	-nan	-nan	-nan	-nan	-nan	-nan	-nan	-nan	
1354689555.175328	1.000000	0.000000	0.000000	0.000000	-nan	-nan	-nan	-nan	-nan	-nan	-nan	-nan	-nan	-nan	-nan	-nan	-nan	-nan	-nan	-nan	1354689555.175412	0.999996	0.000000	0.000000	0.000000	-nan	-nan	-nan	-nan	-nan	-nan	-nan	-nan	-nan	-nan	-nan	-nan	-nan	-nan	-nan	-nan	
1354689556.175328	1.000000	0.000000	0.000000	0.000000	-nan	-nan	-nan	-nan	-nan	-nan	-nan	-nan	-nan	-nan	-nan	-nan	-nan	-nan	-nan	-nan	1354689556.175414	1.000002	0.000000	0.000000	0.000000	-nan	-nan	-nan	-nan	-nan	-nan	-nan	-nan	-nan	-nan	-nan	-nan	-nan	-nan	-nan	-nan	
1354689557.175328	1.000000	0.000000	0.000000	0.000000	-nan	-nan	-nan	-nan	8.000000	inf	-nan	-nan	-nan	0.000000	-nan	-nan	-nan	-nan	-nan	-nan	1354689557.175419	1.000005	0.000000	0.000000	0.000000	-nan	-nan	-nan	-nan	inf	-nan	-nan	-nan	-nan	-nan	-nan	-nan	-nan	-nan	-nan	-nan	
1354689558.175328	1.000000	0.000000	0.000000	0.000000	-nan	-nan	-nan	-nan	0.000000	inf	-nan	-nan	-nan	0.000000	-nan	-nan	-nan	-nan	-nan	-nan	1354689558.175414	0.999995	0.000000	0.000000	0.000000	-nan	-nan	-nan	-nan	-nan	-nan	-nan	-nan	-nan	-nan	-nan	-nan	-nan	-nan	-nan	-nan	
1354689559.175328	1.000000	0.000000	0.000000	0.000000	-nan	-nan	-nan	-nan	-nan	-nan	-nan	-nan	-nan	-nan	-nan	-nan	-nan	-nan	-nan	-nan	1354689559.175400	0.999986	0.000000	0.000000	0.000000	-nan	-nan	-nan	-nan	-nan	-nan	-nan	-nan	-nan	-nan	-nan	-nan	-nan	-nan	-nan	-nan	
1354689560.175335	1.000007	0.000000	0.000000	0.000000	-nan	-nan	-nan	-nan	inf	-nan	-nan	-nan	-nan	0.000000	-nan	-nan	-nan	-nan	-nan	-nan	1354689560.175420	1.000020	0.000000	0.000000	0.000000	-nan	-nan	-nan	-nan	inf	-nan	-nan	-nan	-nan	-nan	-nan	-nan	-nan	-nan	-nan	-nan	
1354689561.175334	0.999999	0.000000	0.000000	0.000000	-nan	-nan	-nan	-nan	8.000000	inf	-nan	-nan	-nan	0.000000	-nan	-nan	-nan	-nan	-nan	-nan	1354689561.175418	0.999998	0.000000	0.000000	0.000000	-nan	-nan	-nan	-nan	inf	-nan	-nan	-nan	-nan	-nan	-nan	-nan	-nan	-nan	-nan	-nan	
