ts_0	elapsed_0	pkg_0	pp0_0	dram_0	freq_ratio_0_0	c0_ratio_0_0	freq_ratio_0_1	c0_ratio_0_1	freq_ratio_0_2	c0_ratio_0_2	freq_ratio_0_3	c0_ratio_0_3	freq_ratio_0_4	c0_ratio_0_4	freq_ratio_0_5	c0_ratio_0_5	freq_ratio_0_6	c0_ratio_0_6	freq_ratio_0_7	c0_ratio_0_7	ts_1	elapsed_1	pkg_1	pp0_1	dram_1	freq_ratio_1_0	c0_ratio_1_0	freq_ratio_1_1	c0_ratio_1_1	freq_ratio_1_2	c0_ratio_1_2	freq_ratio_1_3	c0_ratio_1_3	freq_ratio_1_4	c0_ratio_1_4	freq_ratio_1_5	c0_ratio_1_5	freq_ratio_1_6	c0_ratio_1_6	freq_ratio_1_7	c0_ratio_1_7	
1354688189.390567	1.021537	70.715252	57.067429	5.397069	1.240577	0.283313	1.184425	0.751008	1.184513	0.750073	1.184498	0.749453	1.184820	0.752376	1.155430	0.001722	1.184471	0.748700	1.184476	0.748636	1354688189.390822	1.000701	67.827045	54.226410	5.432456	1.192058	0.770319	1.192102	0.770866	1.192155	0.770477	1.192101	0.770199	1.192306	0.701357	0.930086	0.000129	1.057350	0.000053	1.192268	0.770554	
1354688190.390562	0.999995	82.003829	68.063283	6.660968	1.153135	0.000430	1.192068	0.998902	1.192069	0.998901	1.192069	0.998899	1.192069	0.998900	1.153962	0.000441	1.192069	0.998900	1.192069	0.998899	1354688190.390739	0.999917	84.038925	70.141287	7.160430	1.192299	0.999568	1.192308	0.999890	1.192299	0.999609	1.192308	0.999890	1.192299	0.999547	1.154227	0.000044	1.152946	0.000037	1.192308	0.999890	
1354688191.390561	0.999999	82.096850	68.217472	6.521536	1.154087	0.000798	1.191902	0.995825	1.191902	0.995820	1.191902	0.995818	1.191902	0.995823	1.153819	0.002553	1.191902	0.995811	1.191902	0.995808	1354688191.390737	0.999998	83.650291	69.834041	6.847227	1.192297	0.999887	1.192297	0.999887	1.192297	0.999887	1.192297	0.999887	1.192297	0.999887	1.153217	0.000076	1.160936	0.000011	1.192297	0.999886	
1354688192.390561	1.000000	82.285477	68.411163	6.505753	1.153342	0.000224	1.192045	0.997368	1.192045	0.997365	1.192045	0.997364	1.192045	0.997362	1.153875	0.001613	1.192045	0.997362	1.192046	0.997360	1354688192.390738	1.000001	83.701519	69.895517	6.750695	1.192299	0.999910	1.192299	0.999907	1.192299	0.999909	1.192299	0.999909	1.192299	0.999909	1.154524	0.000052	1.152088	0.000038	1.192299	0.999910	
1354688193.390561	1.000000	82.482376	68.566757	6.549255	1.153927	0.000793	1.191888	0.995756	1.191888	0.995751	1.191888	0.995751	1.191888	0.995742	1.153828	0.002569	1.191888	0.995745	1.191888	0.995742	1354688193.390737	0.999999	83.973789	70.150885	6.868918	1.192294	0.999865	1.192294	0.999863	1.192294	0.999865	1.192294	0.999865	1.192294	0.999856	1.153707	0.000118	1.156955	0.000016	1.192294	0.999864	
1354688194.390561	1.000000	82.461975	68.562515	6.593872	1.154043	0.000234	1.191996	0.996649	1.191999	0.996708	1.191996	0.996647	1.191995	0.996644	1.155126	0.001818	1.191995	0.996665	1.191995	0.996663	1354688194.390670	0.999933	84.006895	70.159440	6.927390	1.192299	0.999505	1.192299	0.999909	1.192299	0.999517	1.192298	0.999909	1.192299	0.999918	1.154786	0.000049	1.153258	0.000041	1.192299	0.999908	
1354688195.390561	1.000000	82.342209	68.473068	6.437088	1.153837	0.003909	1.191237	0.991226	1.191237	0.991224	1.191237	0.991214	1.191238	0.991210	1.153908	0.004155	1.191237	0.991178	1.191238	0.991171	1354688195.390737	1.000067	83.994953	70.172011	6.744253	1.192257	0.999731	1.192257	0.999730	1.192257	0.999731	1.192257	0.999731	1.192257	0.999721	1.152915	0.000227	1.153226	0.000234	1.192257	0.999730	
1354688196.390561	1.000000	82.396103	68.562256	6.462051	1.153866	0.000482	1.191239	0.991074	1.191239	0.991069	1.191239	0.991061	1.191239	0.991053	1.153818	0.005625	1.191239	0.991049	1.191240	0.991044	1354688196.390739	1.000002	84.047493	70.246982	6.629718	1.192295	0.999864	1.192295	0.999864	1.192295	0.999864	1.192295	0.999864	1.192295	0.999872	1.156582	0.000071	1.157164	0.000048	1.192295	0.999864	
1354688197.390561	1.000000	82.449829	68.618820	6.449936	1.153808	0.000430	1.191324	0.991287	1.191323	0.991284	1.191324	0.991280	1.191324	0.991273	1.153830	0.005565	1.191323	0.991268	1.191324	0.991256	1354688197.390738	0.999999	84.132191	70.332709	6.645453	1.192299	0.999911	1.192299	0.999910	1.192299	0.999911	1.192299	0.999911	1.192299	0.999911	1.153768	0.000075	1.150804	0.000006	1.192299	0.999910	
1354688198.390561	1.000000	82.644150	68.739014	6.635071	1.153691	0.000215	1.191426	0.991238	1.191426	0.991239	1.191426	0.991229	1.191426	0.991220	1.153820	0.005627	1.191426	0.991219	1.191427	0.991210	1354688198.390736	0.999998	84.131295	70.256558	7.056028	1.192297	0.999888	1.192297	0.999888	1.192296	0.999887	1.192297	0.999888	1.192297	0.999887	1.153489	0.000049	1.153624	0.000047	1.192297	0.999888	
1354688199.390561	1.000000	82.554306	68.729340	6.384583	1.153884	0.000443	1.191524	0.991138	1.191524	0.991133	1.191524	0.991128	1.191524	0.991120	1.153828	0.005636	1.191524	0.991115	1.191524	0.991106	1354688199.390739	1.000003	84.220625	70.422206	6.544337	1.192297	0.999888	1.192297	0.999884	1.192297	0.999888	1.192297	0.999888	1.192297	0.999888	1.153518	0.000073	1.152478	0.000011	1.192297	0.999887	
1354688200.390561	1.000000	82.723465	68.897781	6.259811	1.153833	0.007849	1.189440	0.537835	1.190722	0.993698	1.190722	0.993692	1.190723	0.993686	1.191928	0.459589	1.190723	0.993697	1.190723	0.993690	1354688200.390688	0.999949	84.266430	70.467646	6.445702	1.192127	0.999483	1.192127	0.999482	1.192127	0.999474	1.192127	0.999482	1.192127	0.999473	1.153856	0.003296	1.153847	0.002844	1.192127	0.999473	
1354688201.390561	1.000000	82.968979	69.003052	6.659195	1.153872	0.000805	1.155051	0.000067	1.192264	0.999297	1.192230	0.998811	1.192229	0.998810	1.192230	0.998808	1.192264	0.999292	1.192229	0.998806	1354688201.390688	1.000000	84.393723	70.453506	7.318634	1.192297	0.999887	1.192297	0.999887	1.192297	0.999887	1.192296	0.999887	1.192296	0.999389	1.153801	0.000079	1.154533	0.000011	1.192297	0.999887	
1354688202.390561	1.000000	715766732.750443	715772750.960373	715806015.813705	0.999907	1.000329	0.999905	1.000336	0.999906	1.000334	0.999901	1.000306	0.999905	1.000324	0.999908	1.000319	0.999905	1.000323	0.999906	1.000323	1354688202.390642	0.999954	715847643.813505	715802341.360453	715802052.319443	0.999904	1.000319	0.999902	1.000322	3.898833	0.256547	0.999906	1.000325	0.999906	1.000325	0.999909	1.000322	0.999905	1.000323	0.999906	1.000326	
1354688203.390610	1.000049	0.000000	0.000000	0.000000	-nan	-nan	-nan	-nan	1.000008	inf	-nan	-nan	-nan	0.000000	-nan	-nan	-nan	-nan	-nan	-nan	1354688203.390675	1.000033	0.000000	0.000000	0.000000	-nan	-nan	-nan	-nan	1.345745	inf	-nan	-nan	-nan	-nan	-nan	-nan	-nan	-nan	-nan	-nan	
1354688204.390786	1.000176	0.000000	0.000000	0.000000	-nan	-nan	-nan	-nan	0.000000	inf	-nan	-nan	-nan	0.000000	-nan	-nan	-nan	-nan	-nan	-nan	1354688204.390863	1.000188	0.000000	0.000000	0.000000	-nan	-nan	-nan	-nan	inf	-nan	-nan	-nan	-nan	-nan	-nan	-nan	-nan	-nan	-nan	-nan	
