ts_0	elapsed_0	pkg_0	pp0_0	dram_0	freq_ratio_0_0	c0_ratio_0_0	freq_ratio_0_1	c0_ratio_0_1	freq_ratio_0_2	c0_ratio_0_2	freq_ratio_0_3	c0_ratio_0_3	freq_ratio_0_4	c0_ratio_0_4	freq_ratio_0_5	c0_ratio_0_5	freq_ratio_0_6	c0_ratio_0_6	freq_ratio_0_7	c0_ratio_0_7	ts_1	elapsed_1	pkg_1	pp0_1	dram_1	freq_ratio_1_0	c0_ratio_1_0	freq_ratio_1_1	c0_ratio_1_1	freq_ratio_1_2	c0_ratio_1_2	freq_ratio_1_3	c0_ratio_1_3	freq_ratio_1_4	c0_ratio_1_4	freq_ratio_1_5	c0_ratio_1_5	freq_ratio_1_6	c0_ratio_1_6	freq_ratio_1_7	c0_ratio_1_7	
1356723391.036237	1.025010	52.479118	39.069484	5.627192	1.153530	0.274763	1.154740	0.278252	1.153558	0.273462	1.155221	0.278053	1.153592	0.271285	1.155831	0.279476	1.154762	0.274879	1.154785	0.273732	1356723391.036305	1.000331	53.807587	40.537809	5.352995	0.999933	0.690620	0.999971	0.690563	1.000001	0.690092	0.999972	0.689791	1.000001	0.826541	1.000002	0.493646	1.000003	0.334895	0.999748	0.955030	
1356723392.036242	1.000005	62.280450	48.772095	5.976899	0.999898	0.909488	1.000000	0.907337	1.000000	0.907365	1.000000	0.907223	1.000000	0.907308	1.000000	0.907208	1.000000	0.907196	0.999999	0.907302	1356723392.036306	1.000001	64.119171	50.758558	5.933100	1.000000	0.907191	1.000000	0.907362	1.000000	0.907206	1.000000	0.907202	1.000000	0.907357	1.000000	0.907174	1.000000	0.907203	1.000000	1.000000	
1356723393.036228	0.999986	62.741102	49.163961	6.030175	0.999967	0.910151	1.000000	0.908152	1.000000	0.908160	1.000000	0.908055	1.000000	0.908142	1.000000	0.908050	1.000000	0.908049	1.000000	0.908112	1356723393.036292	0.999986	64.679102	51.231067	6.238796	1.000000	0.908052	1.000000	0.908167	1.000000	0.908050	1.000000	0.908047	1.000000	0.908164	1.000000	0.908015	1.000000	0.908042	1.000000	1.000000	
1356723394.036234	1.000006	61.264329	47.689413	5.979441	0.999995	0.880355	1.000000	0.857536	1.000000	0.857539	1.000000	0.857379	1.000000	0.857493	1.000000	0.857376	1.000000	0.857343	1.000000	0.857487	1356723394.036294	1.000002	63.273134	49.817059	6.461642	1.000000	0.857371	1.000000	0.857562	1.000000	0.857366	1.000000	0.857347	1.000000	0.857556	1.000000	0.857313	1.000000	0.857324	1.000000	1.000000	
1356723395.036228	0.999994	63.387356	49.800956	6.011358	0.999959	0.920244	0.999949	0.917913	0.999950	0.917951	0.999969	0.917811	0.999951	0.917902	0.999960	0.917806	0.999984	0.917780	0.999951	0.917897	1356723395.036296	1.000002	65.417371	51.945305	6.538592	1.000000	0.917828	1.000000	0.917977	1.000000	0.917841	1.000000	0.917806	1.000000	0.917988	1.000000	0.917754	1.000000	0.917800	1.000000	1.000000	
1356723396.036240	1.000012	63.465995	49.904755	5.977742	0.999880	0.922940	1.000000	0.921263	1.000000	0.921254	1.000000	0.921106	1.000000	0.921235	1.000000	0.921114	1.000000	0.921097	1.000000	0.921192	1356723396.036305	1.000009	65.603318	52.149750	6.330433	1.000000	0.921123	1.000000	0.921248	1.000000	0.921117	1.000000	0.921083	1.000000	0.921275	1.000000	0.921061	1.000000	0.921076	1.000000	1.000000	
1356723397.036231	0.999991	62.894933	49.335835	5.947411	0.999948	0.904749	1.000001	0.902128	1.000000	0.902150	1.000000	0.901995	1.000000	0.902115	1.000000	0.902040	1.000000	0.901990	1.000001	0.902111	1356723397.036292	0.999987	65.095153	51.621679	6.389793	1.000000	0.902033	1.000000	0.902137	1.000000	0.902031	1.000000	0.901979	1.000000	0.902177	1.000000	0.901972	1.000000	0.901986	1.000000	1.000000	
1356723398.036230	0.999999	62.756285	49.208619	5.986944	0.999984	0.901707	1.000000	0.898856	1.000000	0.898877	1.000000	0.898709	1.000000	0.898823	1.000000	0.898733	1.000000	0.898683	1.000000	0.898823	1356723398.036291	0.999999	64.869431	51.417728	6.485648	1.000000	0.898729	1.000000	0.898886	1.000000	0.898707	1.000000	0.898686	1.000000	0.898894	1.000000	0.898638	1.000000	0.898666	1.000000	1.000000	
1356723399.036229	0.999999	63.918930	50.345263	5.985128	0.999950	0.926622	1.000000	0.924618	1.000000	0.924658	1.000000	0.924464	1.000000	0.924593	1.000000	0.924527	1.000000	0.924507	1.000000	0.924591	1356723399.036289	0.999998	66.088841	52.587365	6.595182	1.000000	0.924528	1.000000	0.924616	1.000000	0.924523	1.000000	0.924455	1.000000	0.924674	1.000000	0.924467	1.000000	0.924464	1.000000	1.000000	
1356723400.036238	1.000009	63.944352	50.410371	5.977332	0.999913	0.930819	1.000000	0.929084	1.000000	0.929108	1.000000	0.928957	1.000000	0.929063	1.000000	0.928957	1.000000	0.928949	1.000000	0.929054	1356723400.036301	1.000012	66.096044	52.643202	6.393509	1.000000	0.928945	1.000000	0.929101	1.000000	0.928943	1.000000	0.928921	1.000000	0.929111	1.000000	0.928919	1.000000	0.928971	1.000000	1.000000	
1356723401.036233	0.999995	63.341809	49.807500	5.978332	0.999991	0.917379	1.000000	0.915444	1.000000	0.915474	1.000000	0.915326	1.000000	0.915418	1.000000	0.915307	1.000000	0.915311	1.000000	0.915417	1356723401.036298	0.999997	65.588155	52.123910	6.381901	1.000000	0.915286	1.000000	0.915472	1.000000	0.915282	1.000000	0.915278	1.000000	0.915466	1.000000	0.915277	1.000000	0.915332	1.000000	1.000000	
1356723402.036228	0.999995	64.453005	50.905132	5.984710	0.999950	0.938681	1.000000	0.936862	1.000000	0.936871	1.000000	0.936766	1.000001	0.936837	1.000000	0.936763	1.000000	0.936747	1.000000	0.936833	1356723402.036288	0.999990	66.589091	53.132688	6.482822	1.000000	0.936766	1.000000	0.936879	1.000000	0.936765	1.000000	0.936761	1.000000	0.936875	1.000000	0.936730	1.000000	0.936742	1.000000	1.000000	
1356723403.036228	1.000000	63.187424	49.641998	5.998184	0.999972	0.906870	1.000000	0.904324	1.000000	0.904346	1.000000	0.904204	1.000000	0.904298	1.000000	0.904200	1.000000	0.904182	1.000000	0.904296	1356723403.036289	1.000001	65.442854	51.992001	6.504602	1.000000	0.904170	1.000000	0.904349	1.000000	0.904167	1.000000	0.904162	1.000000	0.904340	1.000000	0.904175	1.000000	0.904191	1.000000	1.000000	
1356723404.036241	1.000013	63.716099	50.180464	5.972029	0.999979	0.929229	1.000000	0.927621	1.000000	0.927634	1.000000	0.927511	1.000000	0.927586	0.999999	0.927512	1.000000	0.927504	1.000000	0.927584	1356723404.036304	1.000015	65.938646	52.502065	6.351849	1.000000	0.927513	1.000000	0.927621	1.000000	0.927509	1.000000	0.927492	1.000000	0.927633	1.000000	0.927473	1.000000	0.927526	1.000000	1.000000	
1356723405.036228	0.999987	63.088260	49.543527	5.987032	0.999999	0.907619	1.000000	0.905301	1.000000	0.905319	1.000000	0.905148	1.000000	0.905260	1.000000	0.905141	1.000000	0.905107	1.000000	0.905251	1356723405.036289	0.999985	65.347676	51.897386	6.430761	1.000000	0.905086	1.000000	0.905321	1.000000	0.905116	1.000000	0.905098	1.000000	0.905316	1.000000	0.905094	1.000000	0.905125	1.000000	1.000000	
1356723406.036228	1.000000	61.011978	47.451950	6.006134	0.999787	0.855714	1.000000	0.852097	1.000000	0.852134	1.000000	0.851993	1.000000	0.852073	1.000000	0.851974	1.000000	0.851981	1.000000	0.852071	1356723406.036291	1.000002	63.345537	49.895016	6.427341	1.000000	0.851942	1.000000	0.852129	1.000000	0.851957	1.000000	0.851937	1.000000	0.852125	1.000000	0.851950	1.000000	0.852003	1.000000	1.000000	
1356723407.036233	1.000005	61.726467	48.186221	5.964753	0.999834	0.874659	0.999974	0.872048	0.999976	0.872088	0.999976	0.871958	0.999977	0.872035	0.999977	0.871955	1.000000	0.871922	0.999978	0.872032	1356723407.036294	1.000003	64.115570	50.675212	6.342220	1.000000	0.871956	1.000000	0.872145	1.000000	0.871985	1.000000	0.871949	1.000000	0.872139	1.000000	0.871910	1.000000	0.871936	1.000000	1.000000	
1356723408.036228	0.999995	61.976018	48.415159	6.020340	0.999906	0.880735	1.000000	0.877679	1.000000	0.877695	1.000000	0.877515	1.000000	0.877639	1.000000	0.877488	1.000000	0.877494	1.000000	0.877626	1356723408.036290	0.999996	64.329179	50.866783	6.363399	1.000000	0.877494	1.000000	0.877703	1.000000	0.877487	1.000000	0.877485	1.000000	0.877697	1.000000	0.877469	1.000000	0.877501	1.000000	1.000000	
1356723409.036234	1.000006	63.028494	49.469950	6.021754	0.999878	0.903134	0.999964	0.900312	0.999951	0.900357	0.999977	0.900198	0.999964	0.900302	0.999978	0.900179	0.999987	0.900179	0.999965	0.900296	1356723409.036295	1.000005	65.368829	51.896804	6.509504	1.000000	0.900190	1.000000	0.900366	1.000000	0.900188	1.000000	0.900183	1.000000	0.900362	1.000000	0.900184	1.000000	0.900199	1.000000	1.000000	
1356723410.036228	0.999994	63.877990	50.308741	6.002233	0.999945	0.923567	0.999999	0.921347	1.000000	0.921385	0.999999	0.921224	1.000000	0.921323	1.000000	0.921220	0.999999	0.921219	1.000000	0.921319	1356723410.036302	1.000007	66.023515	52.557620	6.601288	1.000000	0.921213	1.000000	0.921378	1.000000	0.921211	1.000000	0.921190	1.000000	0.921372	1.000000	0.921188	1.000000	0.921240	1.000000	1.000000	
1356723411.036228	1.000000	64.179001	50.630341	5.967728	1.000000	0.932211	1.000000	0.930533	1.000000	0.930573	1.000000	0.930431	1.000000	0.930506	1.000000	0.930385	1.000000	0.930410	1.000000	0.930505	1356723411.036298	0.999996	66.298517	52.851517	6.414119	1.000000	0.930388	1.000000	0.930561	1.000000	0.930385	1.000000	0.930380	1.000000	0.930556	1.000000	0.930399	1.000000	0.930429	1.000000	1.000000	
1356723412.036228	1.000000	61.675125	48.095291	6.001953	0.999900	0.864718	1.000000	0.860829	1.000000	0.860865	1.000001	0.860667	1.000000	0.860791	1.000000	0.860659	1.000000	0.860670	1.000001	0.860782	1356723412.036289	0.999991	63.995941	50.517029	6.521467	1.000000	0.860625	1.000000	0.860859	1.000000	0.860636	1.000000	0.860615	1.000000	0.860850	1.000000	0.860646	1.000000	0.860680	1.000000	1.000000	
1356723413.036241	1.000013	61.996364	48.413824	6.092053	0.999515	0.886221	0.999957	0.883945	0.999957	0.883966	0.999976	0.883815	0.999958	0.883934	0.999977	0.883798	0.999970	0.883842	0.999958	0.883931	1356723413.036301	1.000012	64.382808	50.899997	6.588239	1.000000	0.883836	1.000000	0.883997	1.000000	0.883831	1.000000	0.883814	1.000000	0.883993	1.000000	0.883802	1.000000	0.883834	1.000000	1.000000	
1356723414.036232	0.999991	61.853969	48.313075	5.985314	0.999868	0.869707	0.999962	0.865884	0.999949	0.865944	0.999978	0.865783	0.999963	0.865869	0.999979	0.865762	0.999988	0.865726	0.999964	0.865849	1356723414.036291	0.999990	64.884744	51.444088	6.518895	1.000000	0.913809	1.000000	0.913989	1.000000	0.865781	1.000000	0.913818	1.000000	0.913804	1.000000	0.865724	1.000000	0.865756	1.000000	1.000000	
1356723415.036228	0.999996	63.650527	50.027897	6.096125	0.999959	0.918322	1.000000	0.916358	1.000000	0.916380	0.999999	0.916236	1.000000	0.916318	0.999999	0.916207	0.999999	0.916219	1.000000	0.916307	1356723415.036297	1.000006	65.569616	52.061747	6.535850	1.000000	0.916206	1.000000	0.916377	1.000000	0.916206	1.000000	0.916197	1.000000	0.916373	1.000000	0.916199	1.000000	0.916232	1.000000	1.000000	
1356723416.036234	1.000006	64.298094	50.696918	6.040125	1.000000	0.931070	1.000000	0.929271	1.000000	0.929280	1.000001	0.929136	1.000000	0.929245	1.000001	0.929133	1.000000	0.929125	1.000000	0.929243	1356723416.036295	0.999998	66.152500	52.651834	6.604367	1.000000	0.929130	1.000000	0.929289	1.000000	0.929140	1.000000	0.929108	1.000000	0.929284	1.000000	0.929090	1.000000	0.929118	1.000000	1.000000	
1356723417.036228	0.999994	63.513913	49.935585	6.011770	0.999978	0.911535	1.000000	0.909160	1.000000	0.909164	1.000000	0.909038	1.000000	0.909147	1.000000	0.909032	1.000000	0.909001	1.000000	0.909145	1356723417.036291	0.999996	65.376745	51.903515	6.554546	1.000000	0.909023	1.000000	0.909192	1.000000	0.909018	1.000000	0.909016	1.000000	0.909183	1.000000	0.908997	1.000000	0.909010	1.000000	1.000000	
1356723418.036238	1.000010	63.454534	49.890049	6.000672	0.999867	0.914494	1.000000	0.912079	1.000000	0.912090	1.000000	0.911981	1.000000	0.912056	1.000000	0.911963	1.000000	0.911973	1.000000	0.912053	1356723418.036299	1.000008	65.327656	51.852485	6.407404	1.000000	0.911954	1.000000	0.912094	1.000000	0.911986	1.000000	0.911966	1.000000	0.912091	1.000000	0.911949	1.000000	0.911966	1.000000	1.000000	
1356723419.036236	0.999998	64.797899	51.239920	5.951687	0.999999	0.946950	1.000000	0.945633	1.000000	0.945657	1.000000	0.945549	1.000000	0.945614	1.000000	0.945537	1.000000	0.945543	1.000000	0.945610	1356723419.036299	1.000000	66.530289	53.074814	6.484009	1.000000	0.945506	1.000000	0.945655	1.000000	0.945538	1.000000	0.945503	1.000000	0.945652	1.000000	0.945517	1.000000	0.945552	1.000000	1.000000	
1356723420.036237	1.000001	64.640594	51.061200	5.969965	0.999980	0.941549	1.000000	0.939861	1.000000	0.939867	1.000000	0.939739	1.000000	0.939848	1.000000	0.939722	1.000000	0.939706	1.000000	0.939833	1356723420.036303	1.000004	66.512578	53.038664	6.549153	1.000000	0.939728	1.000000	0.939884	1.000000	0.939723	1.000000	0.939719	1.000000	0.939878	1.000000	0.939693	1.000000	0.939687	1.000000	1.000000	
1356723421.036229	0.999992	62.944160	49.339252	6.063068	0.999987	0.897203	1.000000	0.894407	1.000000	0.894442	1.000000	0.894273	1.000000	0.894391	1.000000	0.894256	1.000000	0.894239	1.000000	0.894384	1356723421.036290	0.999987	64.810039	51.302354	6.591029	1.000000	0.894251	1.000000	0.894453	1.000000	0.894243	1.000000	0.894240	1.000000	0.894449	1.000000	0.894215	1.000000	0.894236	1.000000	1.000000	
1356723422.036230	1.000001	61.812029	48.232925	6.036325	0.999885	0.874038	1.000000	0.870810	1.000000	0.870858	1.000000	0.870710	1.000000	0.870801	1.000000	0.870701	1.000000	0.870681	1.000000	0.870791	1356723422.036291	1.000001	63.786652	50.310606	6.438547	1.000000	0.870685	1.000000	0.870847	1.000000	0.870680	1.000000	0.870663	1.000000	0.870844	1.000000	0.870665	1.000000	0.870696	1.000000	1.000000	
1356723423.036232	1.000002	62.296298	48.736327	5.963261	0.999909	0.882372	0.999976	0.879781	0.999977	0.879784	0.999978	0.879689	0.999978	0.879769	0.999979	0.879684	1.000000	0.879623	0.999979	0.879750	1356723423.036293	1.000002	64.148315	50.691950	6.489734	1.000000	0.879699	1.000000	0.879858	1.000000	0.879698	1.000000	0.879694	1.000000	0.879851	1.000000	0.879614	1.000000	0.879623	1.000000	1.000000	
1356723424.036228	0.999996	63.414396	49.832844	6.040125	0.999680	0.916177	0.999999	0.913415	1.000000	0.913427	1.000000	0.913335	1.000000	0.913410	1.000000	0.913305	1.000000	0.913315	1.000000	0.913407	1356723424.036292	0.999999	65.263932	51.798771	6.542410	1.000000	0.913316	1.000000	0.913437	1.000000	0.913311	1.000000	0.913311	1.000000	0.913435	1.000000	0.913291	1.000000	0.913308	1.000000	1.000000	
1356723425.036228	1.000000	62.452530	48.879822	5.957764	0.999968	0.885366	1.000001	0.882467	1.000000	0.882473	1.000000	0.882303	1.000000	0.882450	1.000000	0.882315	1.000000	0.882251	1.000000	0.882447	1356723425.036287	0.999995	64.396959	50.927318	6.489458	1.000000	0.882298	1.000000	0.882486	1.000000	0.882295	1.000000	0.882292	1.000000	0.882496	1.000000	0.882229	1.000000	0.882254	1.000000	1.000000	
1356723426.036228	1.000000	63.443863	49.897827	6.002426	0.999995	0.915554	1.000000	0.913392	1.000000	0.913430	1.000000	0.913293	1.000000	0.913381	1.000000	0.913274	1.000000	0.913281	1.000000	0.913379	1356723426.036288	1.000001	65.336943	51.883816	6.474420	1.000000	0.913259	1.000000	0.913435	1.000000	0.913257	1.000000	0.913253	1.000000	0.913429	1.000000	0.913253	1.000000	0.913289	1.000000	1.000000	
1356723427.036229	1.000001	64.423400	50.864545	5.960428	1.000000	0.937799	1.000000	0.936325	1.000000	0.936343	0.999999	0.936216	0.999999	0.936312	0.999999	0.936209	1.000000	0.936181	1.000000	0.936309	1356723427.036294	1.000006	66.175433	52.722037	6.433708	1.000000	0.936199	1.000000	0.936363	1.000000	0.936195	1.000000	0.936192	1.000000	0.936360	1.000000	0.936174	1.000000	0.936190	1.000000	1.000000	
1356723428.036229	1.000000	62.065323	48.500412	5.964706	0.999999	0.877078	1.000000	0.873655	0.999999	0.873660	1.000000	0.873525	1.000000	0.873640	1.000000	0.873522	1.000000	0.873503	1.000000	0.873624	1356723428.036292	0.999998	63.927582	50.466710	6.420438	1.000000	0.873510	1.000000	0.873673	1.000000	0.873505	1.000000	0.873502	1.000000	0.873671	1.000000	0.873482	1.000000	0.873499	1.000000	1.000000	
1356723429.036231	1.000002	63.298982	49.728192	5.957142	1.000000	0.905954	1.000000	0.903440	1.000001	0.903461	1.000000	0.903323	1.000000	0.903427	1.000000	0.903318	1.000000	0.903300	1.000000	0.903413	1356723429.036290	0.999998	65.174136	51.709968	6.373593	1.000000	0.903309	1.000000	0.903470	1.000000	0.903304	1.000000	0.903301	1.000000	0.903465	1.000000	0.903289	1.000000	0.903299	1.000000	1.000000	
1356723430.036233	1.000002	63.757279	50.201320	5.930790	0.999999	0.921020	1.000000	0.919211	1.000000	0.919221	1.000000	0.919125	1.000000	0.919204	1.000000	0.919122	1.000000	0.919105	1.000000	0.919191	1356723430.036293	1.000003	65.546855	52.098731	6.345317	1.000000	0.919099	1.000000	0.919234	1.000000	0.919113	1.000000	0.919093	1.000000	0.919228	1.000000	0.919090	1.000000	0.919105	1.000000	1.000000	
1356723431.036228	0.999995	63.646879	50.075858	5.990875	1.000000	0.916897	1.000000	0.914431	0.999999	0.914469	1.000000	0.914326	1.000000	0.914424	1.000000	0.914325	1.000000	0.914319	1.000000	0.914414	1356723431.036290	0.999997	65.473027	52.005471	6.475911	1.000000	0.914286	1.000000	0.914470	1.000000	0.914298	1.000000	0.914279	1.000000	0.914463	1.000000	0.914275	1.000000	0.914329	1.000000	1.000000	
1356723432.036228	1.000000	61.713303	48.161545	5.948013	1.000000	0.868058	1.000000	0.864477	1.000000	0.864484	1.000000	0.864322	1.000000	0.864460	1.000000	0.864305	1.000000	0.864276	1.000000	0.864445	1356723432.036294	1.000004	63.665132	50.217204	6.439580	1.000000	0.864310	1.000000	0.864508	1.000000	0.864304	1.000000	0.864301	1.000000	0.864500	1.000000	0.864260	1.000000	0.864270	1.000000	1.000000	
1356723433.036231	1.000003	63.105151	49.529632	5.995114	0.999973	0.899962	1.000000	0.897266	1.000000	0.897265	1.000000	0.897109	1.000000	0.897244	1.000000	0.897105	1.000000	0.897079	1.000000	0.897216	1356723433.036291	0.999997	64.869510	51.398612	6.497975	1.000000	0.897101	1.000000	0.897292	1.000000	0.897093	1.000000	0.897090	1.000000	0.897284	1.000000	0.897048	1.000000	0.897070	1.000000	1.000000	
1356723434.036228	0.999997	62.350428	48.784041	5.982440	1.000000	0.882946	1.000000	0.880316	1.000000	0.880334	1.000000	0.880195	1.000000	0.880292	1.000000	0.880190	1.000000	0.880159	1.000000	0.880285	1356723434.036289	0.999998	64.125473	50.680364	6.347150	1.000000	0.880176	1.000000	0.880342	1.000000	0.880175	1.000000	0.880169	1.000000	0.880331	1.000000	0.880138	1.000000	0.880151	1.000000	1.000000	
1356723435.036242	1.000014	62.026670	48.451543	6.004844	0.999992	0.878067	1.000000	0.874894	1.000000	0.874901	1.000000	0.874764	1.000000	0.874867	1.000000	0.874745	1.000000	0.874754	1.000000	0.874850	1356723435.036302	1.000013	63.982910	50.503686	6.316049	1.000000	0.874736	1.000000	0.874910	1.000000	0.874749	1.000000	0.874729	1.000000	0.874904	1.000000	0.874715	1.000000	0.874760	1.000000	1.000000	
1356723436.036230	0.999988	64.526145	50.964337	5.980387	1.000000	0.954084	1.000000	0.952768	1.000000	0.952778	1.000000	0.952675	1.000000	0.904135	1.000000	0.904047	1.000000	0.904041	1.000000	0.952745	1356723436.036294	0.999992	66.077821	52.622649	6.449149	1.000000	0.904054	1.000000	0.952783	1.000000	0.952672	1.000000	0.904033	1.000000	0.952652	1.000000	0.952641	1.000000	0.904042	1.000000	0.999982	
1356723437.036233	1.000003	63.471361	49.879942	6.000088	0.999999	0.907203	1.000000	0.904888	1.000000	0.904891	1.000000	0.904727	1.000000	0.904868	1.000000	0.904716	1.000000	0.904700	1.000000	0.904829	1356723437.036294	1.000000	65.290497	51.806717	6.506439	1.000000	0.904715	1.000000	0.904913	1.000000	0.904731	1.000000	0.904706	1.000000	0.904908	1.000000	0.904661	1.000000	0.904674	1.000000	1.000000	
1356723438.036228	0.999995	64.106843	50.510919	6.037292	1.000000	0.930478	1.000000	0.928659	1.000000	0.928686	1.000000	0.928579	1.000000	0.928651	1.000000	0.928553	1.000000	0.928562	1.000000	0.928634	1356723438.036289	0.999995	66.004099	52.517200	6.492479	1.000000	0.928548	1.000000	0.928687	1.000000	0.928543	1.000000	0.928544	1.000000	0.928683	1.000000	0.928539	1.000000	0.928577	1.000000	1.000000	
1356723439.036237	1.000009	62.208314	48.636263	5.992026	0.999961	0.888146	1.000000	0.885201	1.000000	0.885223	0.999999	0.885089	1.000000	0.885188	1.000000	0.885074	1.000000	0.885070	1.000000	0.885184	1356723439.036298	1.000009	64.382550	50.917156	6.252827	1.000000	0.885066	1.000000	0.885235	1.000000	0.885062	1.000000	0.885057	1.000000	0.885230	1.000000	0.885044	1.000000	0.885061	1.000000	1.000000	
1356723440.036241	1.000004	61.992821	48.418551	5.948340	0.999999	0.878732	1.000000	0.875447	1.000000	0.875451	1.000000	0.875316	1.000000	0.875434	0.999999	0.875310	1.000000	0.875327	1.000000	0.875402	1356723440.036303	1.000005	64.013336	50.547843	6.444533	1.000000	0.875296	1.000000	0.875466	1.000000	0.875307	1.000000	0.875289	1.000000	0.875461	1.000000	0.875272	1.000000	0.875287	1.000000	1.000000	
1356723441.036228	0.999987	63.692928	50.116853	5.975786	1.000000	0.919146	1.000000	0.917203	1.000000	0.917208	1.000000	0.917086	1.000000	0.917191	1.000000	0.917083	1.000000	0.917054	1.000000	0.917160	1356723441.036288	0.999985	65.678935	52.209250	6.454061	1.000000	0.917071	1.000000	0.917225	1.000000	0.917068	1.000000	0.917049	1.000000	0.917218	1.000000	0.917046	1.000000	0.917043	1.000000	1.000000	
1356723442.036231	1.000003	63.212771	49.605925	6.004879	1.000000	0.908745	1.000000	0.906329	1.000000	0.906353	1.000000	0.906218	1.000000	0.906318	1.000000	0.906216	1.000000	0.906195	1.000000	0.906315	1356723442.036291	1.000003	65.170498	51.678322	6.534266	1.000000	0.906211	1.000000	0.906366	1.000000	0.906209	1.000000	0.906205	1.000000	0.906360	1.000000	0.906171	1.000000	0.906170	1.000000	1.000000	
1356723443.036229	0.999998	61.781841	48.249177	5.937099	0.999985	0.875967	1.000000	0.873161	1.000000	0.873195	1.000000	0.873030	1.000000	0.873147	1.000000	0.873014	1.000000	0.872999	1.000000	0.873128	1356723443.036290	0.999999	63.858856	50.421481	6.324652	1.000000	0.872986	1.000000	0.873206	1.000000	0.872995	1.000000	0.872977	1.000000	0.873201	1.000000	0.872956	1.000000	0.873010	1.000000	1.000000	
1356723444.036229	1.000000	63.189636	49.582413	6.006302	1.000000	0.902707	1.000000	0.900214	1.000000	0.900219	1.000000	0.900089	1.000000	0.900190	1.000000	0.900084	1.000000	0.900067	1.000000	0.900159	1356723444.036291	1.000001	65.119170	51.616055	6.594354	1.000000	0.900071	1.000000	0.900232	1.000000	0.900084	1.000000	0.900066	1.000000	0.900228	1.000000	0.900020	1.000000	0.900062	1.000000	1.000000	
1356723445.036228	0.999999	63.158065	49.596986	5.942083	1.000000	0.902382	1.000000	0.899506	1.000000	0.899512	1.000000	0.899392	1.000000	0.899493	1.000000	0.899389	1.000000	0.899345	1.000000	0.899478	1356723445.036292	1.000001	65.060561	51.604184	6.442499	1.000000	0.899377	1.000000	0.899535	1.000000	0.899373	1.000000	0.899367	1.000000	0.899530	1.000000	0.899322	1.000000	0.899340	1.000000	1.000000	
1356723446.036228	1.000000	65.196625	51.634888	6.017441	1.000000	0.960452	1.000000	0.959504	1.000000	0.959498	1.000000	0.959402	1.000000	0.959482	0.999999	0.959397	1.000000	0.959379	1.000000	0.959464	1356723446.036296	1.000004	67.059955	53.603176	6.349095	1.000000	0.959414	1.000000	0.959516	1.000000	0.959401	1.000000	0.959399	1.000000	0.959509	1.000000	0.959355	1.000000	0.959367	1.000000	1.000000	
1356723447.036228	1.000000	63.306244	49.725815	5.962921	0.999999	0.911251	1.000000	0.908868	1.000000	0.908857	1.000000	0.908733	1.000000	0.908852	1.000000	0.908729	1.000000	0.908698	1.000000	0.908823	1356723447.036298	1.000002	65.376127	51.906258	6.402530	1.000000	0.908721	1.000000	0.908884	1.000000	0.908719	1.000000	0.908715	1.000000	0.908878	1.000000	0.908682	1.000000	0.908693	1.000000	1.000000	
1356723448.036230	1.000002	63.422914	49.834866	5.986744	1.000000	0.913953	1.000000	0.911494	1.000000	0.911497	1.000000	0.911381	1.000000	0.911476	1.000001	0.911358	1.000000	0.911329	1.000000	0.911473	1356723448.036293	0.999995	65.405326	51.925233	6.539553	1.000000	0.911355	1.000000	0.911520	1.000000	0.911351	1.000000	0.911348	1.000000	0.911513	1.000000	0.911322	1.000000	0.911337	1.000000	1.000000	
1356723449.036242	1.000012	61.706235	48.144903	5.958425	0.999946	0.867954	1.000000	0.864739	1.000000	0.864790	1.000000	0.864653	1.000000	0.864731	1.000000	0.864648	1.000000	0.864643	1.000000	0.864725	1356723449.036302	1.000009	63.802233	50.351198	6.446368	1.000000	0.864608	1.000000	0.864793	1.000000	0.864624	1.000000	0.864604	1.000000	0.864785	1.000000	0.864600	1.000000	0.864652	1.000000	1.000000	
1356723450.036228	0.999986	63.659343	50.095080	5.964821	1.000000	0.921809	1.000000	0.919499	1.000000	0.919506	1.000000	0.919386	1.000000	0.919487	1.000000	0.919384	1.000000	0.919352	1.000000	0.919484	1356723450.036289	0.999987	65.652747	52.194059	6.398735	1.000000	0.919373	1.000000	0.919529	1.000000	0.919371	1.000000	0.919365	1.000000	0.919524	1.000000	0.919321	1.000000	0.919348	1.000000	1.000000	
1356723451.036232	1.000004	63.093464	49.488233	6.049536	0.999999	0.907719	1.000000	0.905258	1.000000	0.905281	1.000000	0.905145	1.000000	0.905246	1.000000	0.905128	1.000000	0.905103	1.000000	0.905216	1356723451.036293	1.000004	65.132182	51.645039	6.529194	1.000000	0.905125	1.000000	0.905283	1.000000	0.905122	1.000000	0.905117	1.000000	0.905279	1.000000	0.905099	1.000000	0.905130	1.000000	1.000000	
1356723452.036228	0.999996	62.760874	49.176408	5.978372	0.999873	0.866975	1.000000	0.863570	1.000000	0.931515	1.000000	0.931385	1.000000	0.863552	1.000000	0.863437	1.000000	0.931365	1.000000	0.931480	1356723452.036290	0.999997	64.301454	50.808568	6.447728	1.000000	0.863442	1.000000	0.931443	1.000000	0.863436	1.000000	0.863415	1.000000	0.931529	1.000000	0.863384	1.000000	0.863395	1.000000	0.999924	
1356723453.036228	1.000000	61.186035	47.573456	6.030609	0.999999	0.855255	0.999999	0.851447	1.000000	0.851457	1.000000	0.851312	0.999999	0.851423	1.000000	0.851291	1.000000	0.851253	1.000000	0.851417	1356723453.036295	1.000005	63.344593	49.834238	6.550825	1.000000	0.851275	1.000000	0.851482	1.000000	0.851269	1.000000	0.851263	1.000000	0.851478	1.000000	0.851248	1.000000	0.851264	1.000000	1.000000	
1356723454.036228	1.000000	61.813339	48.267883	5.970230	0.999985	0.879235	1.000000	0.875827	1.000000	0.875830	1.000000	0.875673	1.000000	0.875806	1.000000	0.875669	1.000000	0.875634	1.000000	0.875791	1356723454.036296	1.000001	63.894623	50.459486	6.250055	1.000000	0.875649	1.000000	0.875856	1.000000	0.875658	1.000000	0.875638	1.000000	0.875853	1.000000	0.875620	1.000000	0.875613	1.000000	1.000000	
1356723455.036228	1.000000	62.483536	48.888840	5.974869	1.000000	0.888309	1.000000	0.885579	1.000000	0.885597	1.000000	0.885433	1.000001	0.885566	1.000000	0.885396	1.000000	0.885430	1.000000	0.885530	1356723455.036289	0.999993	64.515918	51.030230	6.481032	1.000000	0.885408	1.000000	0.885604	1.000000	0.885402	1.000000	0.885382	1.000000	0.885599	1.000000	0.885370	1.000000	0.885398	1.000000	1.000000	
1356723456.036240	1.000012	62.518359	48.920544	5.984822	0.999990	0.886623	1.000000	0.884004	1.000000	0.884011	1.000000	0.883880	1.000000	0.883991	1.000001	0.883876	1.000000	0.883858	1.000000	0.883987	1356723456.036300	1.000011	64.543634	51.055119	6.536641	1.000000	0.883859	1.000000	0.884022	1.000000	0.883855	1.000000	0.883852	1.000000	0.884020	1.000000	0.883833	1.000000	0.883847	1.000000	1.000000	
1356723457.036228	0.999988	62.630599	49.060827	5.983271	0.999999	0.894536	1.000000	0.891510	1.000000	0.891513	0.999999	0.891385	1.000000	0.891484	0.999999	0.891383	1.000000	0.891365	1.000000	0.891478	1356723457.036295	0.999995	64.634204	51.176144	6.514330	1.000000	0.891376	1.000000	0.891533	1.000000	0.891374	1.000000	0.891370	1.000000	0.891529	1.000000	0.891325	1.000000	0.891356	1.000000	1.000000	
1356723458.036228	1.000000	61.714172	48.148224	5.957886	1.000000	0.873837	1.000000	0.870883	1.000000	0.870901	1.000000	0.870732	1.000000	0.870856	1.000000	0.870728	1.000000	0.870711	1.000000	0.870834	1356723458.036293	0.999998	63.833007	50.377110	6.392560	1.000000	0.870705	1.000000	0.870906	1.000000	0.870702	1.000000	0.870713	1.000000	0.870901	1.000000	0.870656	1.000000	0.870681	1.000000	1.000000	
1356723459.036229	1.000001	64.050262	50.468488	5.967020	0.999900	0.928350	1.000000	0.926416	1.000000	0.926419	1.000001	0.926297	1.000000	0.926402	1.000000	0.926294	1.000001	0.926266	1.000000	0.926400	1356723459.036291	0.999998	65.980762	52.516168	6.487332	1.000000	0.926289	1.000000	0.926448	1.000000	0.926300	1.000000	0.926282	1.000000	0.926442	1.000000	0.926236	1.000000	0.926247	1.000000	1.000000	
1356723460.036228	0.999999	63.992004	50.386233	6.010443	1.000000	0.924832	1.000000	0.922419	1.000000	0.922426	1.000000	0.922300	0.999999	0.922392	1.000000	0.922297	0.999999	0.922267	1.000000	0.922389	1356723460.036295	1.000004	65.988334	52.488831	6.553669	1.000000	0.922270	1.000000	0.922447	1.000000	0.922284	1.000000	0.922265	1.000000	0.922440	1.000000	0.922247	1.000000	0.922275	1.000000	1.000000	
1356723461.036238	1.000010	64.070953	50.456312	6.019730	1.000000	0.929252	1.000000	0.927415	1.000000	0.927451	1.000000	0.927319	1.000001	0.927403	1.000001	0.927313	1.000001	0.927296	1.000000	0.927387	1356723461.036303	1.000008	66.002181	52.490862	6.446466	1.000000	0.927290	1.000000	0.927457	1.000000	0.927286	1.000000	0.927265	1.000000	0.927454	1.000000	0.927265	1.000000	0.927300	1.000000	1.000000	
1356723462.036244	1.000006	62.163326	48.593979	5.989558	0.999999	0.884100	1.000000	0.880619	1.000000	0.880655	1.000000	0.880521	1.000000	0.880607	1.000000	0.880513	1.000000	0.880494	1.000000	0.880600	1356723462.036306	1.000003	64.289992	50.812800	6.435985	1.000000	0.880507	1.000000	0.880666	1.000000	0.880502	1.000000	0.880498	1.000000	0.880661	1.000000	0.880456	1.000000	0.880501	1.000000	1.000000	
1356723463.036233	0.999989	62.383054	48.773866	5.997945	0.999999	0.884036	1.000000	0.880750	1.000000	0.880784	1.000000	0.880610	1.000000	0.880732	1.000000	0.880623	1.000000	0.880589	1.000000	0.880729	1356723463.036294	0.999988	64.459860	50.954785	6.524095	1.000000	0.880614	1.000000	0.880790	1.000000	0.880608	1.000000	0.880588	1.000000	0.880799	1.000000	0.880556	1.000000	0.880567	1.000000	1.000000	
1356723464.036238	1.000005	63.468524	49.890635	5.968522	1.000000	0.915830	1.000000	0.913696	1.000000	0.913722	1.000000	0.913618	1.000000	0.913689	1.000000	0.913617	1.000000	0.913603	1.000000	0.913688	1356723464.036299	1.000005	65.458168	51.991149	6.419112	1.000000	0.913601	1.000000	0.913729	1.000000	0.913598	1.000000	0.913595	1.000000	0.913725	1.000000	0.913578	1.000000	0.913613	1.000000	1.000000	
1356723465.036228	0.999990	61.139254	47.535968	5.996749	0.999971	0.856663	1.000000	0.853014	0.999999	0.853019	1.000000	0.852870	1.000000	0.852999	1.000000	0.852865	1.000000	0.852821	1.000000	0.852977	1356723465.036296	0.999997	63.300398	49.806826	6.470784	1.000000	0.852863	1.000000	0.853048	1.000000	0.852863	1.000000	0.852840	1.000000	0.853043	1.000000	0.852797	1.000000	0.852801	1.000000	1.000000	
1356723466.036232	1.000004	63.389788	49.780438	6.010169	0.999933	0.910849	1.000000	0.908376	1.000001	0.908362	1.000000	0.908219	1.000000	0.908359	1.000000	0.908214	1.000000	0.908170	1.000000	0.908325	1356723466.036292	0.999996	65.441580	51.939435	6.501995	1.000000	0.908219	1.000000	0.908405	1.000000	0.908205	1.000000	0.908202	1.000000	0.908389	1.000000	0.908125	1.000000	0.908153	1.000000	1.000000	
1356723467.036236	1.000004	62.743657	49.158904	5.981436	1.000000	0.896761	1.000000	0.894100	1.000000	0.894106	1.000000	0.893959	1.000000	0.894087	1.000000	0.893976	1.000000	0.893942	1.000000	0.894068	1356723467.036300	1.000008	64.756998	51.281902	6.540703	1.000000	0.893974	1.000000	0.894114	1.000000	0.893974	1.000000	0.893935	1.000000	0.894124	1.000000	0.893948	1.000000	0.893980	1.000000	1.000000	
1356723468.036229	0.999993	64.134767	50.524123	6.008388	1.000000	0.929037	1.000000	0.927193	1.000000	0.927200	1.000001	0.927081	1.000000	0.927180	1.000000	0.927078	1.000000	0.927034	1.000000	0.927178	1356723468.036292	0.999992	66.080507	52.587508	6.591927	1.000000	0.927059	1.000000	0.927226	1.000000	0.927051	1.000000	0.927046	1.000000	0.927212	1.000000	0.927014	1.000000	0.927031	1.000000	1.000000	
1356723469.036232	1.000003	65.338802	51.732536	6.021176	0.999995	0.957622	1.000000	0.956550	1.000000	0.956562	1.000000	0.956476	1.000000	0.956542	1.000000	0.956471	1.000000	0.956444	1.000000	0.956540	1356723469.036295	1.000003	67.215398	53.712007	6.492030	1.000000	0.956456	1.000000	0.956580	1.000000	0.956467	1.000000	0.956448	1.000000	0.956570	1.000000	0.956435	1.000000	0.956430	1.000000	1.000000	
1356723470.036228	0.999996	63.179303	49.588382	6.007013	0.999999	0.904383	1.000000	0.901992	1.000000	0.902012	1.000000	0.901858	1.000000	0.901980	1.000000	0.901858	1.000001	0.901839	1.000000	0.901962	1356723470.036294	0.999999	65.211198	51.729496	6.457037	1.000000	0.901876	1.000000	0.902011	1.000000	0.901868	1.000000	0.901845	1.000000	0.902016	1.000000	0.901812	1.000000	0.901825	1.000000	1.000000	
1356723471.036238	1.000010	63.422812	49.832799	5.938661	0.999989	0.910007	1.000000	0.907767	1.000000	0.907757	1.000000	0.907634	1.000000	0.907752	1.000000	0.907629	1.000000	0.907623	1.000000	0.907723	1356723471.036306	1.000012	65.417006	51.935187	6.533263	1.000000	0.907630	1.000000	0.907787	1.000000	0.907618	1.000000	0.907614	1.000000	0.907774	1.000000	0.907568	1.000000	0.907580	1.000000	1.000000	
1356723472.036228	0.999990	62.616121	49.061343	5.954573	0.999999	0.892976	1.000000	0.890054	1.000000	0.890042	1.000000	0.889887	0.999999	0.890041	1.000000	0.889881	1.000000	0.889848	1.000000	0.889978	1356723472.036295	0.999989	64.732186	51.271421	6.390008	1.000000	0.889872	1.000000	0.890076	1.000000	0.889877	1.000000	0.889857	1.000000	0.890067	1.000000	0.889808	1.000000	0.889835	1.000000	1.000000	
1356723473.036228	1.000000	63.180756	49.589249	5.954285	1.000000	0.905993	1.000000	0.903570	1.000000	0.903594	1.000000	0.903472	1.000000	0.903557	1.000000	0.903469	1.000000	0.903439	1.000000	0.903554	1356723473.036295	1.000000	65.205048	51.713928	6.405182	1.000000	0.903458	1.000000	0.903613	1.000000	0.903453	1.000000	0.903430	1.000000	0.903608	1.000000	0.903413	1.000000	0.903425	1.000000	1.000000	
1356723474.036229	1.000001	62.580583	48.967361	6.027063	1.000000	0.889248	1.000000	0.886702	1.000000	0.886719	1.000000	0.886567	1.000001	0.886689	1.000000	0.886563	1.000000	0.886522	1.000000	0.886682	1356723474.036288	0.999993	64.626301	51.119494	6.535415	1.000000	0.886550	1.000000	0.886748	1.000000	0.886548	1.000000	0.886542	1.000000	0.886739	1.000000	0.886494	1.000000	0.886504	1.000000	1.000000	
1356723475.036240	1.000011	62.899457	49.284448	5.995372	1.000000	0.898188	1.000000	0.895652	1.000000	0.895642	1.000000	0.895512	1.000000	0.895626	0.999999	0.895528	1.000000	0.895503	1.000000	0.895621	1356723475.036302	1.000014	64.919329	51.409433	6.560531	1.000000	0.895497	1.000000	0.895663	1.000000	0.895494	1.000000	0.895508	1.000000	0.895674	1.000000	0.895474	1.000000	0.895468	1.000000	1.000000	
1356723476.036228	0.999988	63.489694	49.899276	5.950663	0.999953	0.916325	1.000000	0.914198	1.000000	0.914206	1.000001	0.914076	1.000000	0.914188	1.000000	0.914069	1.000000	0.914036	1.000000	0.914167	1356723476.036288	0.999986	65.495062	52.015884	6.348417	1.000000	0.914051	1.000000	0.914219	1.000000	0.914051	1.000000	0.914048	1.000000	0.914215	1.000000	0.914015	1.000000	0.914069	1.000000	1.000000	
1356723477.036229	1.000001	63.010804	49.407225	6.014063	1.000000	0.902160	0.999999	0.899485	1.000000	0.899504	1.000000	0.899337	1.000000	0.899473	1.000000	0.899331	1.000000	0.899311	1.000000	0.899455	1356723477.036293	1.000005	64.981501	51.500810	6.387541	1.000000	0.899369	1.000000	0.899521	1.000000	0.899318	1.000000	0.899312	1.000000	0.899517	1.000000	0.899282	1.000000	0.899290	1.000000	1.000000	
1356723478.036228	0.999999	61.490415	47.885986	6.007574	0.999999	0.864258	1.000000	0.860711	1.000000	0.860735	1.000000	0.860599	1.000000	0.860699	1.000000	0.860597	1.000000	0.860579	1.000000	0.860682	1356723478.036291	0.999998	63.592864	50.098683	6.486936	1.000000	0.860569	1.000000	0.860743	1.000000	0.860567	1.000000	0.860563	1.000000	0.860740	1.000000	0.860545	1.000000	0.860579	1.000000	1.000000	
1356723479.036228	1.000000	62.206619	48.647034	5.941757	0.999993	0.883593	1.000001	0.880913	1.000000	0.880924	1.000000	0.880820	1.000000	0.880905	1.000000	0.880818	1.000000	0.880814	1.000000	0.880901	1356723479.036289	0.999998	64.249054	50.801672	6.289868	1.000000	0.880817	1.000000	0.880936	1.000000	0.880813	1.000000	0.880811	1.000000	0.880933	1.000000	0.880793	1.000000	0.880806	1.000000	1.000000	
1356723480.036228	1.000000	60.508667	46.894928	6.014954	0.999905	0.841313	1.000000	0.837918	0.999999	0.837951	0.999999	0.837784	0.999999	0.837905	0.999999	0.837770	1.000000	0.837747	1.000000	0.837896	1356723480.036296	1.000007	62.789300	49.265727	6.431444	1.000000	0.837745	1.000000	0.837964	1.000000	0.837758	1.000000	0.837752	1.000000	0.837957	1.000000	0.837747	1.000000	0.837745	1.000000	1.000000	
1356723481.036228	1.000000	64.324905	50.734344	5.988312	1.000000	0.935025	1.000000	0.933269	1.000000	0.933293	1.000000	0.933194	1.000000	0.933263	1.000000	0.933192	1.000000	0.933176	1.000000	0.933256	1356723481.036293	0.999997	66.251838	52.772014	6.546605	1.000000	0.933173	1.000000	0.933302	1.000000	0.933170	1.000000	0.933167	1.000000	0.933299	1.000000	0.933164	1.000000	0.933178	1.000000	1.000000	
1356723482.036229	1.000001	62.800798	49.232466	5.939432	0.999999	0.892760	1.000000	0.889920	1.000000	0.889926	1.000000	0.889793	1.000000	0.889904	1.000001	0.889789	1.000000	0.889748	1.000000	0.889900	1356723482.036292	0.999999	64.803254	51.348041	6.506110	1.000000	0.889764	1.000000	0.889940	1.000000	0.889760	1.000000	0.889759	1.000000	0.889936	1.000000	0.889748	1.000000	0.889748	1.000000	1.000000	
1356723483.036228	0.999999	63.323776	49.772844	5.978857	0.999939	0.911805	1.000000	0.909739	1.000000	0.909733	1.000000	0.909645	1.000000	0.909730	1.000000	0.909641	1.000000	0.909601	1.000000	0.909713	1356723483.036290	0.999998	65.333605	51.892540	6.308911	1.000000	0.909637	1.000000	0.909753	1.000000	0.909634	1.000000	0.909630	1.000000	0.909748	1.000000	0.909582	1.000000	0.909611	1.000000	1.000000	
1356723484.036228	1.000000	62.203903	48.604584	5.985779	0.999995	0.880882	1.000000	0.877687	1.000000	0.877710	1.000000	0.877542	1.000000	0.877677	1.000000	0.877537	0.999999	0.877520	1.000000	0.877644	1356723484.036293	1.000003	64.268096	50.775859	6.483500	1.000000	0.877505	1.000000	0.877725	1.000000	0.877518	1.000000	0.877498	1.000000	0.877719	1.000000	0.877479	1.000000	0.877534	1.000000	1.000000	
1356723485.036248	1.000020	62.278431	48.695650	5.944980	1.000000	0.880817	1.000000	0.877633	1.000000	0.877654	1.000000	0.877495	1.000000	0.877616	1.000000	0.877489	1.000001	0.877464	1.000000	0.877613	1356723485.036307	1.000014	64.341350	50.862734	6.600966	1.000000	0.877486	1.000000	0.877674	1.000000	0.877480	1.000000	0.877473	1.000000	0.877667	1.000000	0.877413	1.000000	0.877425	1.000000	1.000000	
1356723486.036228	0.999980	63.308610	49.685260	6.020918	0.999896	0.905780	1.000000	0.903547	1.000000	0.903569	1.000000	0.903427	1.000000	0.903537	0.999999	0.903438	1.000000	0.903420	1.000000	0.903518	1356723486.036296	0.999989	65.362472	51.847447	6.537730	1.000000	0.903430	1.000000	0.903571	1.000000	0.903425	1.000000	0.903407	1.000000	0.903582	1.000000	0.903387	1.000000	0.903401	1.000000	1.000000	
1356723487.036228	1.000000	62.961853	49.371475	5.978317	1.000000	0.902221	1.000000	0.899727	1.000000	0.899752	1.000000	0.899619	1.000000	0.899713	1.000000	0.899602	1.000000	0.899587	1.000000	0.899710	1356723487.036294	0.999998	64.904100	51.440223	6.390515	1.000000	0.899596	1.000000	0.899761	1.000000	0.899592	1.000000	0.899588	1.000000	0.899758	1.000000	0.899571	1.000000	0.899584	1.000000	1.000000	
1356723488.036234	1.000006	63.759264	50.194601	5.987376	1.000000	0.925215	1.000000	0.923726	1.000000	0.923731	1.000000	0.923603	1.000001	0.923714	1.000000	0.923601	1.000000	0.923584	1.000000	0.923695	1356723488.036295	1.000001	65.736861	52.284984	6.383020	1.000000	0.923587	1.000000	0.923752	1.000000	0.923583	1.000000	0.923580	1.000000	0.923749	1.000000	0.923547	1.000000	0.923579	1.000000	1.000000	
1356723489.036228	0.999994	62.361852	48.774690	5.966588	0.999999	0.880451	1.000000	0.877531	1.000000	0.877568	1.000000	0.877434	1.000000	0.877517	1.000000	0.877404	1.000000	0.877438	1.000000	0.877514	1356723489.036288	0.999993	64.430820	50.953584	6.515014	1.000000	0.877406	1.000000	0.877572	1.000000	0.877402	1.000000	0.877397	1.000000	0.877567	1.000000	0.877379	1.000000	0.877416	1.000000	1.000000	
1356723490.036231	1.000003	62.908374	49.324279	5.951993	1.000000	0.899364	1.000000	0.896825	1.000000	0.896832	1.000000	0.896711	1.000000	0.896815	1.000000	0.896708	1.000000	0.896676	1.000000	0.896800	1356723490.036296	1.000008	64.961281	51.489878	6.614372	1.000000	0.896704	1.000000	0.896854	1.000000	0.896702	1.000000	0.896698	1.000000	0.896850	1.000000	0.896635	1.000000	0.896664	1.000000	1.000000	
1356723491.036228	0.999997	65.479970	51.893899	6.006534	1.000000	0.964855	1.000000	0.963969	1.000000	0.963978	1.000000	0.963921	1.000000	0.963964	1.000000	0.963918	1.000000	0.963905	1.000000	0.963961	1356723491.036290	0.999994	67.423025	53.933366	6.470147	1.000000	0.963904	1.000000	0.963992	1.000000	0.963920	1.000000	0.963901	1.000000	0.963990	1.000000	0.963885	1.000000	0.963902	1.000000	1.000000	
1356723492.036242	1.000014	62.767962	49.168452	5.998939	0.999958	0.896999	1.000000	0.894216	1.000000	0.894224	1.000000	0.894104	1.000000	0.894191	1.000000	0.894101	1.000000	0.894095	1.000000	0.894186	1356723492.036304	1.000014	64.863681	51.378397	6.475495	1.000000	0.894086	1.000000	0.894245	1.000000	0.894077	1.000000	0.894076	1.000000	0.894241	1.000000	0.894043	1.000000	0.894062	1.000000	1.000000	
1356723493.036229	0.999987	63.762372	50.175478	6.000262	0.999990	0.916869	1.000000	0.914494	1.000000	0.914485	1.000000	0.914368	1.000000	0.914482	1.000000	0.914364	1.000000	0.914324	1.000000	0.914462	1356723493.036291	0.999987	65.743263	52.272567	6.513940	1.000000	0.914366	1.000000	0.914513	1.000000	0.914362	1.000000	0.914341	1.000000	0.914506	1.000000	0.914299	1.000000	0.914311	1.000000	1.000000	
1356723494.036228	0.999999	63.533340	49.937181	5.982794	1.000000	0.912060	1.000000	0.909891	1.000000	0.909946	0.999999	0.909796	0.999999	0.909879	1.000000	0.909792	1.000000	0.909777	0.999999	0.909876	1356723494.036303	1.000012	65.568798	52.082311	6.547178	1.000000	0.909786	1.000000	0.909940	1.000000	0.909783	1.000000	0.909778	1.000000	0.909935	1.000000	0.909758	1.000000	0.909772	1.000000	1.000000	
1356723495.036237	1.000009	62.852015	49.237164	6.038138	0.999946	0.896105	1.000000	0.893281	1.000000	0.893270	1.000001	0.893146	1.000001	0.893253	1.000000	0.893143	1.000001	0.893099	1.000001	0.893235	1356723495.036298	0.999995	64.978871	51.476591	6.553835	1.000000	0.893137	1.000000	0.893292	1.000000	0.893131	1.000000	0.893128	1.000000	0.893287	1.000000	0.893093	1.000000	0.893143	1.000000	1.000000	
1356723496.036234	0.999997	62.408213	48.834899	5.972232	0.999999	0.888750	1.000000	0.885813	1.000000	0.885797	1.000000	0.885655	1.000000	0.885798	1.000000	0.885648	1.000000	0.885612	1.000000	0.885764	1356723496.036296	0.999998	64.434937	50.990149	6.409589	1.000000	0.885643	1.000000	0.885830	1.000000	0.885638	1.000000	0.885633	1.000000	0.885824	1.000000	0.885574	1.000000	0.885569	1.000000	1.000000	
1356723497.036228	0.999994	63.277690	49.691275	5.982046	0.999998	0.907297	0.999998	0.905067	0.999999	0.905072	1.000000	0.904927	0.999999	0.905049	0.999999	0.904923	1.000000	0.904869	1.000000	0.905048	1356723497.036313	1.000017	65.262781	51.789666	6.360091	1.000000	0.904895	0.999999	0.905101	1.000000	0.904892	1.000000	0.904885	1.000000	0.905092	1.000000	0.904879	1.000000	0.904896	1.000000	1.000000	
1356723498.036228	1.000000	63.505310	49.894501	5.973740	1.000001	0.873696	1.000002	0.925503	1.000000	0.925467	1.000000	0.925419	1.000001	0.925492	1.000001	0.870242	1.000000	0.925409	1.000001	0.870301	1356723498.036288	0.999975	65.602213	52.103477	6.600293	1.000000	0.925405	1.000001	0.925242	1.000000	0.925402	1.000000	0.870267	1.000000	0.925518	1.000000	0.925368	1.000000	0.870232	1.000000	1.000000	
1356723499.036235	1.000007	64.118957	50.522768	5.953053	1.000000	0.925203	1.000000	0.922869	1.000000	0.922877	1.000000	0.922770	1.000000	0.922856	1.000000	0.922751	1.000000	0.922709	1.000000	0.922839	1356723499.036296	1.000008	65.989196	52.506212	6.559731	1.000000	0.922742	1.000000	0.922894	1.000000	0.922741	1.000000	0.922733	1.000000	0.922889	1.000000	0.922701	1.000000	0.922703	1.000000	1.000000	
1356723500.036228	0.999993	61.461179	47.893657	5.954311	0.999994	0.838252	1.000000	0.834428	1.000000	0.883285	1.000000	0.883357	1.000000	0.834413	1.000000	0.883354	1.000000	0.883310	1.000000	0.834403	1356723500.036292	0.999996	63.105511	49.636508	6.433162	1.000000	0.834296	1.000000	0.883312	1.000000	0.834293	1.000000	0.834290	1.000000	0.883303	1.000000	0.834255	1.000000	0.834266	1.000000	0.999796	
1356723501.036228	1.000000	62.943024	49.356064	5.978683	0.999907	0.900645	1.000000	0.898039	1.000000	0.898042	1.000000	0.897925	1.000000	0.898026	0.999999	0.897923	1.000000	0.897882	1.000000	0.898005	1356723501.036295	1.000003	64.936063	51.460397	6.459056	1.000000	0.897911	1.000000	0.898068	1.000000	0.897906	1.000000	0.897903	1.000000	0.898063	1.000000	0.897871	1.000000	0.897882	1.000000	1.000000	
1356723502.036228	1.000000	64.064148	50.467667	5.979553	1.000000	0.922738	1.000000	0.920576	1.000000	0.920583	1.000000	0.920480	1.000000	0.920565	1.000000	0.920476	1.000000	0.920473	1.000000	0.920549	1356723502.036292	0.999997	65.982230	52.496974	6.604528	1.000000	0.920459	1.000000	0.920596	1.000000	0.920473	1.000000	0.920454	1.000000	0.920593	1.000000	0.920450	1.000000	0.920466	1.000000	1.000000	
1356723503.036235	1.000007	62.800286	49.204280	5.964207	0.999889	0.895683	0.999919	0.892813	0.999905	0.892860	0.999954	0.892710	0.999930	0.892792	0.999955	0.892708	0.999976	0.892667	0.999932	0.892785	1356723503.036298	1.000006	64.563107	51.081483	6.458336	1.000000	0.892739	1.000000	0.892897	1.000000	0.892738	1.000000	0.892719	1.000000	0.892896	1.000000	0.892669	1.000000	0.841590	1.000000	1.000000	
1356723504.036228	0.999993	65.000434	51.407674	5.981929	1.000000	0.946347	1.000000	0.944878	1.000000	0.944893	1.000000	0.944795	1.000001	0.944875	1.000000	0.944795	1.000000	0.944776	1.000000	0.944854	1356723504.036289	0.999991	66.916774	53.434414	6.452329	1.000000	0.944789	1.000000	0.944905	1.000000	0.944785	1.000000	0.944782	1.000000	0.944901	1.000000	0.944753	1.000000	0.944751	1.000000	1.000000	
1356723505.036228	1.000000	63.371567	49.796127	5.971191	0.999990	0.910172	1.000000	0.908343	1.000000	0.908344	1.000000	0.908234	1.000000	0.908329	1.000000	0.908231	1.000000	0.908190	1.000000	0.908325	1356723505.036290	1.000001	65.331008	51.869381	6.354517	1.000000	0.908225	1.000000	0.908374	1.000000	0.908219	1.000000	0.908217	1.000000	0.908368	1.000000	0.908169	1.000000	0.908182	1.000000	1.000000	
1356723506.036228	1.000000	62.532379	48.950272	5.956985	0.999999	0.887196	1.000000	0.884333	1.000000	0.884366	1.000000	0.884191	1.000000	0.884318	1.000000	0.884185	1.000000	0.884152	1.000000	0.884311	1356723506.036290	1.000000	64.424362	50.968338	6.409225	1.000000	0.884182	1.000000	0.884371	1.000000	0.884176	1.000000	0.884173	1.000000	0.884363	1.000000	0.884124	1.000000	0.884120	1.000000	1.000000	
1356723507.036235	1.000007	715762121.879509	715808996.678427	715785084.952307	0.999949	1.000884	0.999945	1.000882	0.999949	1.000893	0.999947	1.000880	0.999949	1.000890	0.999950	1.000875	0.999948	1.000886	0.999948	1.000885	1356723507.036330	1.000040	715784898.578647	715730742.498458	715762982.437791	0.999949	1.000883	0.999945	1.000883	3.895862	0.256899	0.999947	1.000879	0.999948	1.000885	0.999951	1.000883	0.999948	1.000884	0.999949	1.000886	
1356723508.036330	1.000095	0.000000	0.000000	0.000000	-nan	-nan	-nan	-nan	1.000008	inf	-nan	-nan	-nan	0.000000	-nan	-nan	-nan	-nan	-nan	-nan	1356723508.036409	1.000079	0.000000	0.000000	0.000000	-nan	-nan	-nan	-nan	1.345745	inf	-nan	-nan	-nan	-nan	-nan	-nan	-nan	-nan	-nan	-nan	
