ts_0	elapsed_0	pkg_0	pp0_0	dram_0	freq_ratio_0_0	c0_ratio_0_0	freq_ratio_0_1	c0_ratio_0_1	freq_ratio_0_2	c0_ratio_0_2	freq_ratio_0_3	c0_ratio_0_3	freq_ratio_0_4	c0_ratio_0_4	freq_ratio_0_5	c0_ratio_0_5	freq_ratio_0_6	c0_ratio_0_6	freq_ratio_0_7	c0_ratio_0_7	ts_1	elapsed_1	pkg_1	pp0_1	dram_1	freq_ratio_1_0	c0_ratio_1_0	freq_ratio_1_1	c0_ratio_1_1	freq_ratio_1_2	c0_ratio_1_2	freq_ratio_1_3	c0_ratio_1_3	freq_ratio_1_4	c0_ratio_1_4	freq_ratio_1_5	c0_ratio_1_5	freq_ratio_1_6	c0_ratio_1_6	freq_ratio_1_7	c0_ratio_1_7	
1356751640.337798	1.001701	63.864397	50.200675	7.280050	1.160739	0.429468	1.154870	0.408435	1.154606	0.404894	1.155692	0.409058	1.154384	0.401380	1.156245	0.411532	1.155254	0.405417	1.155443	0.406412	1356751640.337901	1.000317	52.286353	38.368525	9.004255	0.999961	0.997907	1.000001	0.910166	0.999980	0.909967	1.000000	0.909858	1.000101	0.000046	0.999981	0.004549	0.999658	0.000032	0.999925	0.911014	
1356751641.337797	0.999999	68.725529	55.054771	7.434440	1.000000	0.999999	1.000000	0.999884	1.000000	0.999859	1.000000	1.000000	1.000001	0.999858	0.999999	0.999857	1.000000	0.999856	1.000041	0.003068	1356751641.337897	0.999996	55.070246	41.124480	9.406502	1.000000	1.000000	1.000000	1.000000	1.000000	0.999899	1.000000	0.999863	0.996644	0.000047	0.999987	0.008470	0.998795	0.000122	1.000000	0.999911	
1356751642.337795	0.999998	68.897196	55.203932	7.631027	1.000000	1.000000	1.000000	1.000000	1.000000	1.000000	1.000000	1.000000	1.000000	1.000000	1.000001	1.000000	1.000000	1.000000	0.999634	0.000804	1356751642.337892	0.999995	54.790771	40.808554	9.631289	1.000000	1.000000	1.000000	1.000000	1.000000	1.000000	1.000000	1.000000	1.003949	0.000034	0.999979	0.003518	1.018701	0.000007	1.000000	1.000000	
1356751643.337795	1.000000	68.620407	54.917267	7.311874	1.000000	1.000000	1.000000	1.000000	1.000000	1.000000	1.000000	1.000000	0.999999	1.000000	0.999999	1.000000	1.000001	1.000000	1.000467	0.000466	1356751643.337890	0.999998	54.929457	40.970308	9.269320	1.000000	1.000000	1.000000	1.000000	1.000000	1.000000	1.000000	1.000000	1.000354	0.000040	0.999986	0.006641	1.000040	0.000106	1.000000	1.000000	
1356751644.337795	1.000000	68.615372	54.889877	7.620819	1.000000	0.999421	1.000000	0.999438	1.000000	1.000000	1.000000	1.000000	1.000000	1.000000	1.000000	1.000000	1.000000	1.000000	1.000235	0.000551	1356751644.337894	1.000004	54.880912	40.883044	9.574119	1.000000	1.000000	1.000000	1.000000	1.000000	1.000000	1.000000	1.000000	0.998346	0.000033	0.999863	0.004906	0.999756	0.000036	1.000000	1.000000	
1356751645.337795	1.000000	68.679276	54.946747	7.625961	1.000000	1.000000	1.000000	1.000000	1.000001	1.000000	1.000000	1.000000	1.000000	1.000000	1.000000	1.000000	1.000000	1.000000	0.999364	0.000474	1356751645.337889	0.999995	55.002900	40.998130	9.562411	1.000000	1.000000	1.000000	1.000000	1.000000	1.000000	1.000000	1.000000	1.001013	0.000061	1.000107	0.004910	0.999708	0.000063	1.000000	1.000000	
1356751646.337795	1.000000	68.590958	54.893646	7.357681	1.000000	1.000000	1.000001	1.000000	0.999999	1.000000	1.000000	1.000000	1.000000	1.000000	1.000000	1.000000	1.000000	1.000000	0.999900	0.000476	1356751646.337892	1.000003	54.906904	40.969462	9.365694	1.000000	1.000000	1.000000	1.000000	1.000000	1.000000	1.000000	1.000000	1.000370	0.000033	0.999982	0.004919	1.000868	0.000012	1.000000	1.000000	
1356751647.337795	1.000000	68.648285	54.952591	7.204987	1.000000	1.000000	0.999999	1.000000	1.000000	1.000000	1.000000	1.000000	1.000000	1.000000	1.000000	1.000000	1.000000	1.000000	1.000206	0.000797	1356751647.337891	0.999999	55.038322	41.095895	9.278268	1.000000	1.000000	1.000000	1.000000	1.000000	1.000000	1.000000	1.000000	0.998751	0.000040	0.999991	0.006591	1.000352	0.000104	1.000000	1.000000	
1356751648.337795	1.000000	63.655640	49.912094	7.609116	0.999999	0.131499	1.000000	0.999386	1.000000	1.000000	1.000000	1.000000	1.000000	1.000000	0.999999	0.999365	0.999999	1.000000	0.999970	0.004058	1356751648.337920	1.000029	62.039532	48.011451	9.612529	1.000000	0.999408	1.000000	1.000000	1.000000	1.000000	1.000000	1.000000	1.000000	0.872478	0.999985	0.004713	0.999818	0.002767	1.000000	1.000000	
1356751649.337795	1.000000	62.556137	48.821213	7.666840	0.999994	0.004297	1.000001	1.000001	1.000000	1.000000	1.000000	1.000000	1.000000	1.000000	1.000001	1.000000	1.000000	1.000000	0.999921	0.000457	1356751649.337920	1.000000	60.968414	46.919266	9.646408	1.000000	1.000000	1.000000	1.000000	1.000000	1.000000	1.000000	1.000000	1.000000	1.000000	1.000506	0.000092	1.010380	0.000045	1.000000	1.000000	
1356751650.337797	1.000002	62.608142	48.897246	7.408906	0.999969	0.004617	0.999999	0.999999	1.000001	1.000001	1.000001	0.999878	1.000000	1.000000	0.999999	0.999877	1.000000	1.000000	1.000117	0.000402	1356751650.337929	1.000009	60.979764	46.978334	9.428259	1.000000	1.000000	1.000000	1.000000	1.000000	1.000000	1.000000	0.999879	1.000000	1.000000	0.999952	0.000105	0.998597	0.000012	1.000000	0.999925	
1356751651.337795	0.999998	62.610624	48.881548	7.678283	0.999930	0.004834	1.000000	1.000000	0.999999	1.000000	1.000000	1.000000	1.000001	1.000000	1.000000	1.000000	1.000000	1.000000	1.000037	0.002491	1356751651.337922	0.999993	60.989206	46.952229	9.562764	1.000000	1.000000	1.000000	1.000000	1.000000	1.000000	1.000000	1.000000	1.000000	1.000000	0.998634	0.000118	0.999012	0.000096	1.000000	1.000000	
1356751652.337795	1.000000	62.604019	48.903488	7.431198	1.000058	0.002966	1.000000	0.999522	1.000000	0.999502	1.000000	1.000000	1.000000	1.000000	1.000001	1.000000	1.000000	1.000000	0.999857	0.002303	1356751652.337916	0.999994	60.934888	47.002447	9.387965	1.000000	1.000000	1.000000	1.000000	1.000000	1.000000	1.000000	1.000000	1.000000	1.000000	1.001442	0.000107	1.010491	0.000012	1.000000	1.000000	
1356751653.337795	1.000000	62.550674	48.815811	7.673294	0.999728	0.000289	1.000000	1.000000	0.999999	1.000000	1.000000	1.000000	0.999999	1.000000	1.000000	1.000000	1.000000	1.000000	1.000015	0.003770	1356751653.337923	1.000007	61.033895	46.946666	9.604258	1.000000	1.000000	1.000000	1.000000	1.000000	1.000000	1.000000	1.000000	1.000000	1.000000	1.000116	0.000097	0.999841	0.000046	1.000000	1.000000	
1356751654.337795	1.000000	58.033600	44.374268	7.183640	0.999491	0.000174	1.000000	0.894359	1.000001	0.894350	1.000000	0.894326	1.000001	0.894293	1.000000	0.894263	0.999999	0.894229	0.999993	0.004224	1356751654.338098	1.000175	56.841661	42.948676	8.509329	0.999999	0.894102	1.000000	0.894069	0.999999	0.894051	1.000000	0.894022	0.999999	0.893998	0.999568	0.000108	1.000672	0.000012	1.000000	1.000000	
1356751655.337802	1.000007	24.726453	11.413739	5.539879	0.980692	0.009400	0.772092	0.000070	0.761844	0.000063	0.769070	0.003618	0.802473	0.000091	0.976756	0.000009	0.642732	0.000067	0.926079	0.001106	1356751655.338156	1.000058	28.556405	15.288436	5.133736	0.999427	0.000211	0.999715	0.000016	0.999927	0.000068	1.002183	0.000017	0.999138	0.000036	0.999982	0.003287	1.000112	0.000079	1.000000	1.000000	
1356751656.337795	0.999993	21.428096	8.104380	6.141934	0.656150	0.016566	1.018477	0.000029	0.562300	0.000052	0.583962	0.000038	0.762568	0.000037	0.775096	0.000076	0.746714	0.000037	0.683135	0.000375	1356751656.338044	0.999888	28.588882	15.309638	5.934533	1.000273	0.000018	0.987726	0.000042	1.000100	0.000039	0.986870	0.000042	1.002337	0.000011	0.999990	0.007411	0.998804	0.000012	1.000000	1.000000	
1356751657.337809	1.000014	20.973689	7.664748	6.228306	0.620243	0.018544	0.999779	0.000091	0.982854	0.000054	0.999301	0.000054	0.667894	0.006190	1.016509	0.000008	1.003421	0.000051	0.711294	0.002874	1356751657.338156	1.000112	28.407751	15.138044	6.018369	1.001095	0.000097	1.017168	0.000030	1.000059	0.000066	1.015769	0.000033	1.000110	0.000067	0.999949	0.000970	0.999806	0.000083	1.000000	1.000000	
1356751658.337798	0.999989	22.828101	9.510251	6.126151	0.778332	0.016629	1.002768	0.000013	0.800858	0.000015	0.704353	0.000019	0.985942	0.000008	0.716953	0.000065	1.001641	0.000013	0.709615	0.001163	1356751658.338048	0.999892	28.360363	15.095625	6.057631	0.999723	0.000018	0.999959	0.000048	0.999932	0.000034	0.999915	0.000045	1.000171	0.000011	1.000212	0.000129	1.001331	0.000011	1.000000	1.000000	
1356751659.337801	1.000003	25.072661	11.757410	5.995739	0.968424	0.014654	0.999760	0.000084	0.996262	0.000055	0.999732	0.000053	1.002733	0.000060	1.014964	0.000013	0.995166	0.000044	0.928565	0.000278	1356751659.338132	1.000084	28.321308	15.068209	6.036130	0.999844	0.000059	1.000190	0.000022	1.000031	0.000050	0.999573	0.000022	0.999734	0.000042	1.000060	0.000096	0.999994	0.000060	1.000000	1.000000	
1356751660.337795	0.999994	715802028.670371	715819682.140691	715781657.498214	0.999916	1.000697	0.999920	1.000726	0.999924	1.000735	0.999922	1.000722	0.999924	1.000734	0.999924	1.000717	0.999923	1.000729	0.999923	1.000726	1356751660.337887	0.999755	715975318.900724	715998120.066873	715977285.695930	0.999921	1.000719	0.999920	1.000727	3.897607	0.256737	0.999922	1.000722	0.999924	1.000732	0.999926	1.000726	0.999924	1.000732	0.999924	1.000728	
1356751661.337935	1.000140	0.000000	0.000000	0.000000	-nan	-nan	-nan	-nan	1.000008	inf	-nan	-nan	-nan	0.000000	-nan	-nan	-nan	-nan	-nan	-nan	1356751661.338013	1.000126	0.000000	0.000000	0.000000	-nan	-nan	-nan	-nan	1.345745	inf	-nan	-nan	-nan	-nan	-nan	-nan	-nan	-nan	-nan	-nan	
