ts_0	elapsed_0	pkg_0	pp0_0	dram_0	freq_ratio_0_0	c0_ratio_0_0	freq_ratio_0_1	c0_ratio_0_1	freq_ratio_0_2	c0_ratio_0_2	freq_ratio_0_3	c0_ratio_0_3	freq_ratio_0_4	c0_ratio_0_4	freq_ratio_0_5	c0_ratio_0_5	freq_ratio_0_6	c0_ratio_0_6	freq_ratio_0_7	c0_ratio_0_7	ts_1	elapsed_1	pkg_1	pp0_1	dram_1	freq_ratio_1_0	c0_ratio_1_0	freq_ratio_1_1	c0_ratio_1_1	freq_ratio_1_2	c0_ratio_1_2	freq_ratio_1_3	c0_ratio_1_3	freq_ratio_1_4	c0_ratio_1_4	freq_ratio_1_5	c0_ratio_1_5	freq_ratio_1_6	c0_ratio_1_6	freq_ratio_1_7	c0_ratio_1_7	
1353354504.796753	1.021207	41.884547	28.462255	5.997804	1.183245	0.014902	1.212223	0.701772	1.189395	0.007840	1.192874	0.006916	1.188881	0.004392	1.178756	0.003414	1.171431	0.002039	1.188930	0.003287	1353354504.797065	1.000713	48.507325	35.221907	5.060920	1.227968	0.711130	1.227931	0.710321	1.208726	0.001848	1.263493	0.079731	1.211189	0.001554	1.206981	0.001948	1.207024	0.002021	1.225519	0.607811	
1353354505.796807	1.000054	45.719949	32.274750	6.115149	1.181506	0.013966	1.210175	0.670137	1.181446	0.010644	1.178963	0.009663	1.208053	0.112805	1.177325	0.003618	1.175086	0.002146	1.175667	0.003992	1353354505.797054	0.999989	48.174524	34.874986	5.516387	1.232908	0.638734	1.233305	0.663651	1.225387	0.444019	1.206755	0.002516	1.207403	0.002000	1.207899	0.002237	1.205634	0.002721	1.228429	0.093916	
1353354506.796641	0.999834	44.261632	30.826801	6.137783	1.194617	0.016842	1.217607	0.664255	1.195226	0.009195	1.190080	0.009827	1.181464	0.002546	1.186172	0.003488	1.176957	0.002596	1.184021	0.004092	1353354506.796846	0.999792	48.824619	35.504024	5.663531	1.223325	0.657369	1.223305	0.656661	1.223121	0.630884	1.220007	0.002107	1.213861	0.002206	1.216878	0.002123	1.213142	0.002275	1.217271	0.002020	
1353354507.796641	1.000000	45.020172	31.575592	6.113785	1.191381	0.015047	1.212705	0.717748	1.189547	0.009823	1.189077	0.009762	1.177599	0.002221	1.176703	0.003590	1.173086	0.002150	1.179979	0.005415	1353354507.796745	0.999899	48.400385	35.080161	5.564436	1.231687	0.709852	1.231671	0.709119	1.228847	0.579218	1.226647	0.002220	1.218300	0.002138	1.217472	0.002296	1.217520	0.002259	1.217579	0.002267	
1353354508.796641	1.000000	44.284088	30.835388	6.158722	1.192477	0.014403	1.222833	0.665368	1.186595	0.010819	1.182651	0.008960	1.177259	0.002094	1.181144	0.003597	1.173056	0.002196	1.178963	0.005250	1353354508.796864	1.000119	49.303933	35.979286	5.512284	1.226894	0.658902	1.226883	0.657957	1.225306	0.637343	1.206943	0.002272	1.208252	0.001799	1.206711	0.002094	1.205543	0.002324	1.206116	0.002179	
1353354509.796641	1.000000	44.398682	30.951477	6.111038	1.190926	0.014681	1.225524	0.636182	1.195330	0.010127	1.189822	0.010148	1.180201	0.002194	1.180155	0.003573	1.174157	0.002179	1.183277	0.005261	1353354509.796843	0.999979	49.423309	36.108836	5.529337	1.222807	0.634273	1.222809	0.633466	1.218133	0.604090	1.204744	0.002234	1.202401	0.002020	1.202232	0.002280	1.198390	0.002288	1.201908	0.001896	
1353354510.796641	1.000000	45.521652	32.074783	6.127151	1.185756	0.015747	1.208809	0.783145	1.181462	0.009730	1.182979	0.009344	1.175787	0.002224	1.172920	0.003654	1.169668	0.002230	1.177560	0.005421	1353354510.797065	1.000222	50.700843	37.359490	5.660227	1.225429	0.774687	1.225422	0.774232	1.223778	0.617732	1.202533	0.002255	1.201953	0.001829	1.202513	0.002358	1.198158	0.002861	1.201618	0.001975	
1353354511.796641	1.000000	44.837402	31.402847	6.142059	1.192579	0.014939	1.219899	0.664498	1.192093	0.007932	1.192030	0.010714	1.178887	0.003502	1.179632	0.003749	1.176624	0.002164	1.183822	0.005367	1353354511.796861	0.999796	49.275453	35.953810	5.422661	1.226323	0.660440	1.226303	0.660124	1.223053	0.613422	1.207257	0.002225	1.207496	0.002007	1.205213	0.002235	1.203694	0.002255	1.206295	0.001871	
1353354512.796649	1.000008	45.054902	31.608219	6.155544	1.183754	0.015236	1.214276	0.714578	1.186025	0.008871	1.180126	0.009106	1.176909	0.003696	1.180966	0.003301	1.169074	0.002168	1.171636	0.005300	1353354512.797031	1.000170	49.813050	36.479150	5.569213	1.226258	0.709019	1.226251	0.708272	1.224360	0.621078	1.202483	0.002292	1.204227	0.001839	1.202632	0.002175	1.202735	0.002307	1.202978	0.001949	
1353354513.796805	1.000156	45.379887	31.935298	6.116661	1.185732	0.014940	1.208081	0.711100	1.184220	0.008656	1.182559	0.009509	1.176207	0.003718	1.177312	0.003568	1.172110	0.001857	1.172970	0.004894	1353354513.797035	1.000004	49.580411	36.245764	5.406655	1.228573	0.705423	1.228561	0.704563	1.205309	0.002491	1.225813	0.613746	1.206795	0.002001	1.205871	0.002168	1.204792	0.002245	1.208388	0.001941	
1353354514.796801	0.999996	46.331929	32.883785	6.104074	1.177580	0.016522	1.200681	0.739185	1.176580	0.008552	1.173269	0.010670	1.168634	0.003737	1.170556	0.003291	1.167380	0.001703	1.165603	0.004031	1353354514.796884	0.999849	50.095527	36.756783	5.498510	1.225253	0.730928	1.225245	0.730303	1.223559	0.484990	1.215370	0.117066	1.204032	0.001859	1.202435	0.002187	1.202167	0.002365	1.202825	0.002009	
1353354515.796649	0.999848	45.470524	32.021640	6.118927	1.185580	0.015180	1.213302	0.721991	1.188377	0.008616	1.182913	0.009276	1.182501	0.003182	1.174601	0.003549	1.172489	0.002004	1.173420	0.003994	1353354515.796954	1.000070	50.568279	37.234283	5.349067	1.225373	0.715817	1.225382	0.715113	1.217543	0.619884	1.206186	0.002024	1.203437	0.001920	1.199365	0.002191	1.203780	0.002677	1.201650	0.001834	
1353354516.796647	0.999998	45.298533	31.851730	6.110913	1.182129	0.019967	1.213248	0.727043	1.176653	0.013444	1.175297	0.010920	1.167980	0.006056	1.168938	0.005748	1.166147	0.004978	1.165842	0.006682	1353354516.797081	1.000127	50.554474	37.235945	5.629030	1.223513	0.720515	1.223517	0.719973	1.177115	0.006979	1.222522	0.408128	1.178347	0.005810	1.173515	0.005457	1.181319	0.005697	1.211317	0.196641	
1353354517.796641	0.999994	45.443386	31.996666	6.123816	1.184226	0.015759	1.211188	0.791376	1.182720	0.008326	1.177223	0.008447	1.176831	0.001688	1.180642	0.003762	1.179057	0.003552	1.174407	0.004390	1353354517.797070	0.999989	53.122836	39.781015	5.552429	1.203171	0.786533	1.203162	0.785951	1.189983	0.004001	1.185078	0.005620	1.187693	0.003680	1.172987	0.002409	1.183939	0.005969	1.201561	0.600024	
1353354518.796642	1.000001	44.892123	31.459107	6.137430	1.183040	0.014584	1.206919	0.752106	1.183677	0.007944	1.180904	0.009760	1.183921	0.001905	1.169641	0.004332	1.179261	0.003590	1.178858	0.004047	1353354518.796889	0.999819	52.296710	38.958680	5.616037	1.206133	0.747877	1.206129	0.747258	1.195861	0.003931	1.191595	0.005718	1.177471	0.004253	1.173715	0.002275	1.182125	0.005645	1.208958	0.593723	
1353354519.796641	0.999999	45.431058	31.982788	6.176993	1.191203	0.014292	1.218004	0.747838	1.191337	0.006886	1.185198	0.008903	1.183022	0.001690	1.176240	0.004025	1.179012	0.004122	1.177310	0.004113	1353354519.797067	1.000178	51.622383	38.281970	5.629033	1.219001	0.740813	1.219009	0.740272	1.207240	0.005772	1.203594	0.005766	1.204305	0.003875	1.181325	0.002334	1.186391	0.004585	1.215238	0.602361	
1353354520.796650	1.000009	45.055119	31.606205	6.168432	1.189493	0.015911	1.215339	0.763367	1.185113	0.007861	1.180732	0.008637	1.179500	0.002136	1.182532	0.003496	1.176652	0.003985	1.174315	0.004221	1353354520.796772	0.999705	52.433234	39.093362	5.661796	1.213043	0.755510	1.213045	0.754809	1.196380	0.004278	1.199755	0.006955	1.196790	0.003818	1.178776	0.002284	1.188933	0.004992	1.211511	0.615889	
1353354521.796650	1.000000	45.488358	32.038574	6.101242	1.186853	0.016140	1.213802	0.804033	1.184809	0.008090	1.183635	0.006944	1.175116	0.002203	1.178974	0.004227	1.173084	0.003840	1.175568	0.003803	1353354521.796764	0.999992	52.689056	39.361388	5.463103	1.212741	0.796797	1.212742	0.796376	1.199499	0.006124	1.196643	0.005174	1.197970	0.003788	1.178253	0.002333	1.182249	0.004166	1.210698	0.605749	
1353354522.796649	0.999999	45.607328	32.159027	6.156088	1.182065	0.016533	1.205709	0.808930	1.177660	0.008137	1.176642	0.009025	1.171857	0.002266	1.175065	0.004131	1.175257	0.004957	1.175699	0.004107	1353354522.796754	0.999990	53.099393	39.758348	5.588969	1.206666	0.802528	1.206666	0.801916	1.196732	0.006076	1.198067	0.005867	1.192742	0.003782	1.170540	0.002437	1.173610	0.004524	1.207305	0.593061	
1353354523.796811	1.000162	49.096041	35.647916	6.102253	1.206432	0.263167	1.206412	0.714877	1.217271	0.325973	1.181306	0.007943	1.177699	0.002701	1.175486	0.003659	1.180214	0.003409	1.173851	0.004745	1353354523.796988	1.000234	47.671605	34.336452	5.181680	1.227671	0.684026	1.227691	0.683246	1.197137	0.007979	1.199242	0.016030	1.200228	0.004235	1.182946	0.002887	1.194135	0.005344	1.182359	0.003462	
1353354524.796830	1.000019	47.793553	34.343385	6.217716	1.227236	0.616166	1.221270	0.624250	1.188628	0.009156	1.174509	0.011216	1.187124	0.003260	1.185535	0.003944	1.188491	0.003016	1.183544	0.004243	1353354524.796928	0.999940	46.265048	32.927409	5.035276	1.230233	0.619175	1.230341	0.618051	1.195876	0.005551	1.201406	0.008631	1.188746	0.004174	1.189588	0.002758	1.191850	0.005339	1.190580	0.002965	
1353354525.796639	0.999809	48.468210	35.033943	6.139326	1.229234	0.723561	1.224534	0.619645	1.189429	0.009171	1.221088	0.023911	1.195351	0.003204	1.188695	0.003555	1.190829	0.003395	1.180721	0.003997	1353354525.796820	0.999892	48.505300	35.166655	5.026986	1.218939	0.732345	1.218999	0.731205	1.197280	0.006751	1.195671	0.008260	1.202623	0.005108	1.172400	0.003266	1.176991	0.004407	1.172923	0.002529	
1353354526.796643	1.000004	49.580091	36.142874	6.097220	1.211930	0.760147	1.209753	0.623718	1.181685	0.009430	1.183369	0.005572	1.176307	0.003343	1.179307	0.003314	1.174488	0.003518	1.173508	0.003931	1353354526.796732	0.999912	48.325006	34.987072	4.898624	1.220638	0.763039	1.220637	0.762357	1.197554	0.008375	1.196757	0.006050	1.195127	0.004275	1.186856	0.002858	1.185984	0.003000	1.187838	0.002518	
1353354527.796643	1.000000	48.292511	34.864105	6.088242	1.220018	0.720395	1.220613	0.612255	1.187471	0.008948	1.192843	0.005650	1.187318	0.004841	1.190937	0.003784	1.185969	0.003130	1.183870	0.004147	1353354527.796687	0.999955	47.951486	34.628620	4.994717	1.224446	0.725073	1.224501	0.724342	1.199665	0.006595	1.207076	0.009609	1.201777	0.004030	1.182506	0.002978	1.181683	0.003089	1.186511	0.002570	
1353354528.796643	1.000000	49.202179	35.760803	6.166824	1.200303	0.657704	1.202359	0.617788	1.173609	0.007738	1.175236	0.005461	1.174588	0.004746	1.175286	0.003846	1.174687	0.003627	1.171598	0.003764	1353354528.796782	1.000095	47.232838	33.902514	4.965471	1.219819	0.655871	1.219973	0.654633	1.197868	0.006474	1.193468	0.008311	1.187837	0.004351	1.187462	0.002957	1.188013	0.002999	1.189127	0.002674	
1353354529.796662	1.000019	48.948178	35.520959	6.100943	1.213373	0.535324	1.214552	0.709547	1.212434	0.093401	1.181498	0.006980	1.183346	0.004957	1.179256	0.003879	1.180303	0.003558	1.176504	0.003804	1353354529.796740	0.999958	47.836175	34.501570	4.998669	1.227950	0.708641	1.227972	0.707900	1.202889	0.006010	1.197811	0.007469	1.195464	0.004539	1.176420	0.002881	1.176774	0.002893	1.178889	0.002538	
1353354530.796642	0.999980	46.979258	33.531311	6.200701	1.225417	0.296328	1.230919	0.685995	1.236373	0.263732	1.198393	0.018394	1.201140	0.005147	1.197762	0.004168	1.196522	0.004140	1.193521	0.004131	1353354530.796844	1.000104	48.283113	34.949721	5.078772	1.220764	0.719038	1.220836	0.690410	1.216879	0.023434	1.194495	0.023297	1.188372	0.004526	1.188972	0.002405	1.173237	0.003304	1.176709	0.002483	
1353354531.796648	1.000006	47.676794	34.229090	6.244851	1.209751	0.319842	1.225795	0.689182	1.214909	0.194025	1.196953	0.006958	1.195211	0.004519	1.187455	0.003462	1.188396	0.003796	1.185854	0.004311	1353354531.796820	0.999976	48.407309	35.072698	5.339454	1.226618	0.620387	1.226500	0.146122	1.226703	0.689461	1.221773	0.056797	1.222870	0.019099	1.188273	0.003087	1.183581	0.003003	1.192547	0.002791	
1353354532.796646	0.999998	49.499621	36.060509	6.108410	1.211044	0.388708	1.202394	0.739001	1.198218	0.199294	1.175328	0.007461	1.176634	0.002965	1.178232	0.003230	1.188030	0.004387	1.171419	0.003566	1353354532.796783	0.999963	47.689583	34.360660	4.940460	1.223645	0.737637	1.200615	0.005656	1.223679	0.736961	1.198395	0.004531	1.196317	0.004439	1.184953	0.002836	1.185357	0.002915	1.188309	0.002159	
1353354533.796645	0.999999	47.488540	34.044252	6.152594	1.225719	0.295258	1.217890	0.667678	1.212446	0.084038	1.185108	0.008411	1.184082	0.003086	1.180818	0.003510	1.181956	0.003650	1.177752	0.004105	1353354533.796915	1.000132	48.042421	34.710045	5.200577	1.225058	0.686147	1.223533	0.229237	1.225396	0.667803	1.193972	0.010660	1.197012	0.007479	1.190241	0.002598	1.191185	0.002499	1.192663	0.001915	
1353354534.796645	1.000000	44.785629	31.334839	6.103561	1.185997	0.014290	1.211656	0.719160	1.185752	0.006509	1.173746	0.009376	1.180711	0.004413	1.184609	0.003219	1.178750	0.003481	1.172972	0.003990	1353354534.796771	0.999856	51.098011	37.777535	5.249276	1.214253	0.713867	1.226545	0.046347	1.214256	0.713265	1.209637	0.612052	1.199217	0.005199	1.193459	0.002130	1.193459	0.002214	1.194633	0.001549	
1353354535.796647	1.000002	44.716040	31.266176	5.951786	1.181734	0.012787	1.212326	0.531483	1.182563	0.007065	1.183402	0.007052	1.180238	0.003286	1.181395	0.003044	1.172550	0.003495	1.172426	0.003645	1353354535.796744	0.999973	50.437455	37.113030	5.058806	1.208700	0.524350	1.194222	0.003303	1.208715	0.523538	1.204111	0.674532	1.196395	0.004938	1.191108	0.002042	1.186377	0.002653	1.188378	0.001661	
1353354536.796641	0.999994	45.193537	31.757147	6.081060	1.185438	0.015151	1.210496	0.714079	1.183615	0.007534	1.182910	0.008259	1.177951	0.003772	1.181334	0.003290	1.173572	0.004075	1.171236	0.004233	1353354536.796751	1.000007	51.237225	37.904309	5.198939	1.214313	0.707974	1.205555	0.003915	1.214309	0.707306	1.214622	0.619660	1.186949	0.005618	1.188632	0.002112	1.186444	0.002330	1.188583	0.001985	
1353354537.796652	1.000011	44.469071	31.020717	6.188989	1.191775	0.013398	1.221665	0.668413	1.196266	0.008437	1.187616	0.007321	1.189233	0.004434	1.183019	0.003585	1.178681	0.003695	1.178998	0.004074	1353354537.796876	1.000125	51.122169	37.789331	5.369187	1.212978	0.664023	1.197286	0.003588	1.212979	0.663197	1.210333	0.627108	1.201616	0.005451	1.178154	0.002177	1.177270	0.002226	1.185800	0.001843	
1353354538.796642	0.999990	43.144765	29.700447	5.974852	1.197762	0.011668	1.233847	0.535138	1.197278	0.007791	1.185283	0.006422	1.188574	0.004383	1.190750	0.003084	1.180977	0.003490	1.178068	0.003598	1353354538.796904	1.000028	49.632206	36.308908	4.710531	1.221317	0.530423	1.187768	0.004113	1.221313	0.529539	1.212808	0.720394	1.193576	0.004495	1.181530	0.001892	1.182598	0.001961	1.186379	0.001407	
1353354539.796640	0.999998	45.400203	31.949661	6.101422	1.185495	0.014953	1.212909	0.695600	1.181191	0.007264	1.177848	0.006477	1.175429	0.005455	1.177989	0.003343	1.171559	0.003732	1.171876	0.003959	1353354539.796853	0.999949	51.576774	38.244688	5.452747	1.216976	0.689593	1.202607	0.005324	1.216985	0.688892	1.214614	0.627617	1.201988	0.005496	1.179286	0.002330	1.179498	0.002297	1.182867	0.001822	
1353354540.796650	1.000010	44.754313	31.304359	6.140426	1.188461	0.015273	1.216525	0.671317	1.191361	0.006707	1.180366	0.006409	1.181003	0.007160	1.183283	0.003443	1.178703	0.003882	1.177780	0.004304	1353354540.797080	1.000227	50.280107	36.962131	5.515075	1.221419	0.667795	1.199805	0.005613	1.221420	0.667149	1.216220	0.605072	1.205843	0.005716	1.195674	0.002248	1.201469	0.002759	1.196670	0.002033	
1353354541.796642	0.999992	45.426714	31.977264	6.112705	1.181182	0.017555	1.210421	0.676083	1.175727	0.011092	1.167388	0.008434	1.170933	0.006939	1.168159	0.005729	1.166552	0.006423	1.167410	0.006206	1353354541.796855	0.999775	51.836862	38.496991	5.457161	1.212046	0.669774	1.191136	0.009404	1.212074	0.669116	1.203485	0.609487	1.186049	0.007755	1.173816	0.005734	1.168077	0.004983	1.169911	0.004253	
1353354542.796648	1.000006	43.423081	29.975972	6.105341	1.203679	0.015671	1.221501	0.661542	1.194018	0.008031	1.184584	0.007001	1.184153	0.004508	1.189061	0.001824	1.193669	0.006677	1.190841	0.004032	1353354542.796770	0.999915	50.309015	36.974079	5.372253	1.211928	0.660352	1.199517	0.004199	1.211880	0.659497	1.215201	0.569918	1.203368	0.005556	1.179930	0.002221	1.177191	0.002861	1.194535	0.003884	
1353354543.796646	0.999998	44.968698	31.531585	6.213833	1.192304	0.015818	1.214373	0.785117	1.194436	0.008854	1.185209	0.007793	1.181302	0.004276	1.188105	0.001835	1.183663	0.004691	1.176832	0.004145	1353354543.796728	0.999958	51.066092	37.731396	5.475465	1.224297	0.779794	1.203292	0.004624	1.224291	0.779329	1.220394	0.596883	1.216602	0.005467	1.199312	0.002286	1.198512	0.002267	1.203155	0.004044	
1353354544.796647	1.000001	44.989932	31.540345	6.084513	1.185907	0.015151	1.217990	0.628027	1.184023	0.009132	1.174100	0.007649	1.174749	0.004100	1.172145	0.001730	1.175230	0.003272	1.169789	0.004059	1353354544.796731	1.000003	49.223740	35.933482	5.638258	1.222709	0.621585	1.217012	0.005973	1.222672	0.620658	1.223079	0.601415	1.215367	0.005644	1.200853	0.002274	1.201012	0.002313	1.205029	0.004108	
1353354545.796641	0.999994	45.095133	31.644048	6.140540	1.192830	0.015755	1.222376	0.721787	1.189087	0.008578	1.186924	0.008503	1.184547	0.003932	1.175383	0.001994	1.178627	0.003674	1.175491	0.003997	1353354545.796844	1.000113	51.430894	38.060213	5.654467	1.216607	0.719364	1.199142	0.004493	1.216607	0.718747	1.214073	0.609865	1.201365	0.005243	1.180501	0.002678	1.183126	0.002780	1.192955	0.003679	
1353354546.796669	1.000028	44.836991	31.386637	6.164150	1.186915	0.016056	1.217600	0.746317	1.185248	0.008833	1.183130	0.008777	1.179135	0.003274	1.176910	0.002106	1.182671	0.003839	1.181046	0.003534	1353354546.797010	1.000166	51.817985	38.479958	5.547724	1.214028	0.740969	1.199419	0.005977	1.214032	0.740307	1.210564	0.618443	1.198439	0.004174	1.182247	0.002288	1.184312	0.002310	1.194856	0.003641	
1353354547.796650	0.999981	44.959476	31.508139	6.167674	1.191516	0.015352	1.216133	0.769059	1.192132	0.009792	1.191677	0.011120	1.179682	0.002365	1.176559	0.002291	1.180523	0.003814	1.184264	0.004488	1353354547.796722	0.999712	51.843041	38.496408	5.525761	1.213637	0.765249	1.197974	0.006114	1.213623	0.764833	1.214931	0.602169	1.207871	0.005826	1.186604	0.002344	1.185153	0.002271	1.194793	0.003999	
1353354548.796649	0.999999	44.957868	31.520568	6.163016	1.191886	0.016423	1.213629	0.688949	1.187713	0.007487	1.185308	0.009425	1.182373	0.003867	1.172434	0.002272	1.181599	0.003472	1.172064	0.004280	1353354548.796876	1.000154	51.826063	38.487297	5.457686	1.207596	0.685729	1.195270	0.006424	1.207605	0.685020	1.208425	0.602591	1.196784	0.004016	1.173223	0.002391	1.173563	0.002378	1.190369	0.003798	
1353354549.796654	1.000005	44.421729	30.972272	6.129547	1.190084	0.015351	1.217111	0.642444	1.195935	0.006348	1.181843	0.010262	1.182920	0.003861	1.173415	0.002164	1.181239	0.003485	1.171023	0.004178	1353354549.796741	0.999865	51.752788	38.422864	5.420424	1.203798	0.078144	1.209139	0.639440	1.209145	0.639265	1.205240	0.551281	1.193792	0.003890	1.173408	0.002275	1.173585	0.002219	1.187665	0.003885	
1353354550.796642	0.999988	45.043246	31.591853	6.110684	1.190729	0.015244	1.215334	0.733624	1.185914	0.008263	1.186227	0.011892	1.183510	0.003651	1.173654	0.002203	1.177364	0.002840	1.175211	0.004314	1353354550.796853	1.000112	52.461147	39.131952	5.501855	1.197014	0.007059	1.213308	0.727078	1.213308	0.726937	1.210079	0.624483	1.193936	0.003896	1.194857	0.002628	1.181528	0.002685	1.191270	0.003949	
1353354551.796641	0.999999	45.374250	31.921585	6.168402	1.195361	0.016756	1.219314	0.755815	1.197195	0.009820	1.186801	0.008061	1.188771	0.003757	1.177966	0.002217	1.177649	0.002104	1.182988	0.003725	1353354551.796756	0.999903	52.885976	39.568506	5.544941	1.198214	0.007550	1.207448	0.752151	1.207449	0.752099	1.204945	0.622940	1.198597	0.003782	1.174877	0.002401	1.175019	0.002369	1.187515	0.003818	
1353354552.796646	1.000005	45.461076	32.010536	6.137985	1.193978	0.016781	1.213291	0.841109	1.194442	0.008977	1.189364	0.010057	1.185635	0.003577	1.178672	0.002240	1.178228	0.002258	1.184681	0.003874	1353354552.796841	1.000085	53.089872	39.761752	5.616862	1.204161	0.007460	1.220092	0.835190	1.220094	0.835102	1.216224	0.604676	1.200037	0.003673	1.188895	0.002328	1.188001	0.002376	1.197955	0.003994	
1353354553.796645	0.999999	44.267514	30.816848	6.116720	1.190413	0.016352	1.213719	0.631145	1.184322	0.007971	1.184659	0.009850	1.181579	0.003663	1.181855	0.002231	1.181005	0.002255	1.174050	0.004166	1353354553.796692	0.999851	50.934424	37.603916	5.534623	1.210652	0.008544	1.209978	0.622874	1.209980	0.622719	1.211970	0.618279	1.197418	0.004234	1.192780	0.002439	1.193016	0.002396	1.202892	0.004080	
1353354554.796674	1.000029	715773180.514918	715779437.032595	715751723.202052	0.999953	1.000444	0.999953	1.000455	0.999954	1.000452	0.999955	1.000449	0.999955	1.000451	0.999956	1.000443	0.999955	1.000456	0.999953	1.000443	1353354554.796769	1.000077	715715534.089308	715735623.378765	715724079.467963	0.999954	1.000447	0.999951	1.000448	3.895482	0.256813	0.999953	1.000443	0.999955	1.000455	0.999957	1.000448	0.999955	1.000452	0.999955	1.000454	
1353354555.796648	0.999974	0.000000	0.000000	0.000000	-nan	-nan	-nan	-nan	0.000000	inf	-nan	-nan	-nan	0.000000	-nan	-nan	-nan	-nan	-nan	-nan	1353354555.796707	0.999938	0.000000	0.000000	0.000000	-nan	-nan	-nan	-nan	0.000000	inf	-nan	-nan	-nan	-nan	-nan	-nan	-nan	-nan	-nan	-nan	
