ts_0	elapsed_0	pkg_0	pp0_0	dram_0	freq_ratio_0_0	c0_ratio_0_0	freq_ratio_0_1	c0_ratio_0_1	freq_ratio_0_2	c0_ratio_0_2	freq_ratio_0_3	c0_ratio_0_3	freq_ratio_0_4	c0_ratio_0_4	freq_ratio_0_5	c0_ratio_0_5	freq_ratio_0_6	c0_ratio_0_6	freq_ratio_0_7	c0_ratio_0_7	ts_1	elapsed_1	pkg_1	pp0_1	dram_1	freq_ratio_1_0	c0_ratio_1_0	freq_ratio_1_1	c0_ratio_1_1	freq_ratio_1_2	c0_ratio_1_2	freq_ratio_1_3	c0_ratio_1_3	freq_ratio_1_4	c0_ratio_1_4	freq_ratio_1_5	c0_ratio_1_5	freq_ratio_1_6	c0_ratio_1_6	freq_ratio_1_7	c0_ratio_1_7	
1353354504.780991	1.022865	44.427566	31.165556	3.714431	1.194771	0.702753	1.252425	0.100933	1.193357	0.007470	1.190221	0.003365	1.198097	0.005525	1.189764	0.003745	1.186199	0.003220	1.189004	0.002918	1353354504.781093	1.000413	47.789683	34.570350	3.333813	1.194712	0.716410	1.194645	0.716197	1.213780	0.008458	1.189718	0.612938	1.191725	0.001641	1.179140	0.001812	1.168031	0.003150	1.214074	0.015890	
1353354505.780990	0.999999	46.500288	33.224748	3.802021	1.191762	0.659036	1.189665	0.015866	1.189610	0.007276	1.189959	0.007899	1.197704	0.004885	1.177995	0.003572	1.176580	0.004315	1.183401	0.003119	1353354505.781103	1.000010	49.458062	36.214786	3.820198	1.207685	0.653577	1.207682	0.652929	1.206306	0.005843	1.203093	0.645971	1.195392	0.002037	1.194963	0.002218	1.205554	0.003610	1.201488	0.003595	
1353354506.780989	0.999999	46.991012	33.709551	3.848316	1.199768	0.660944	1.191961	0.016248	1.188884	0.009153	1.185814	0.006930	1.177357	0.002005	1.182717	0.004447	1.182372	0.004272	1.181377	0.003494	1353354506.781137	1.000034	49.143634	35.893750	3.830787	1.208318	0.661253	1.208315	0.660688	1.197726	0.002615	1.205333	0.664546	1.201576	0.001738	1.197736	0.002145	1.197547	0.003704	1.210446	0.003446	
1353354507.780997	1.000008	46.660739	33.370610	3.790558	1.198143	0.734839	1.198859	0.014523	1.195656	0.008870	1.196705	0.007532	1.172724	0.002829	1.183097	0.004740	1.178164	0.003822	1.186294	0.003028	1353354507.781115	0.999978	48.747789	35.504700	3.803565	1.220859	0.729767	1.220835	0.729275	1.206972	0.002145	1.211635	0.622480	1.206681	0.001937	1.206243	0.002075	1.214384	0.003429	1.203336	0.003716	
1353354508.780989	0.999992	46.690823	33.397610	3.836671	1.195591	0.654293	1.194389	0.015776	1.193876	0.008997	1.190011	0.007477	1.186364	0.001997	1.188568	0.004992	1.180846	0.004035	1.183684	0.003487	1353354508.781134	1.000019	50.059043	36.812546	3.826038	1.204191	0.652742	1.204176	0.652207	1.184102	0.002272	1.201577	0.674365	1.188126	0.001749	1.182191	0.002166	1.199878	0.003396	1.191203	0.003764	
1353354509.780989	1.000000	44.277298	30.994858	3.815521	1.221132	0.645954	1.206206	0.016830	1.205130	0.009217	1.208764	0.007956	1.201887	0.002162	1.201293	0.004920	1.201033	0.004040	1.202893	0.004056	1353354509.781188	1.000054	49.265275	36.041103	3.791376	1.202525	0.649230	1.202528	0.648738	1.199382	0.002108	1.198192	0.644008	1.195110	0.001943	1.192345	0.002148	1.198546	0.002051	1.200350	0.003592	
1353354510.780989	1.000000	46.883621	33.586929	3.817657	1.196648	0.797100	1.197392	0.016318	1.197073	0.009570	1.193499	0.008533	1.174393	0.002608	1.182764	0.003735	1.183098	0.004244	1.183787	0.003529	1353354510.781296	1.000108	51.025525	37.780649	3.827254	1.205715	0.795783	1.205715	0.795330	1.192084	0.002225	1.200177	0.645348	1.195200	0.001746	1.197215	0.002122	1.195750	0.001520	1.201638	0.003718	
1353354511.780990	1.000001	45.880388	32.581756	3.838955	1.201394	0.677658	1.198192	0.014655	1.197110	0.008897	1.196933	0.009286	1.187424	0.003722	1.182094	0.004161	1.187160	0.003847	1.191502	0.003125	1353354511.781132	0.999836	46.903583	33.684648	3.785731	1.230559	0.672173	1.230532	0.671716	1.220590	0.002165	1.229838	0.641477	1.222633	0.001926	1.220767	0.002109	1.221368	0.001969	1.212773	0.003971	
1353354512.780996	1.000006	46.987849	33.685605	3.816353	1.196635	0.713645	1.188757	0.015317	1.185841	0.009832	1.181135	0.008748	1.174531	0.004540	1.180457	0.003454	1.175042	0.003752	1.181125	0.003297	1353354512.781074	0.999942	48.181304	34.947597	3.837152	1.230638	0.710717	1.230649	0.710247	1.217182	0.002126	1.219639	0.631382	1.218036	0.001828	1.212825	0.002123	1.212464	0.002052	1.208331	0.004029	
1353354513.780997	1.000001	47.368256	34.066816	3.844692	1.194942	0.725193	1.189957	0.015207	1.184372	0.009343	1.183318	0.008550	1.184189	0.003838	1.181739	0.003861	1.180639	0.003790	1.184528	0.003097	1353354513.781147	1.000073	49.367141	36.141360	3.820568	1.225636	0.725603	1.225649	0.725138	1.211491	0.002158	1.216247	0.634838	1.196535	0.001948	1.196777	0.002118	1.200764	0.001750	1.197584	0.003790	
1353354514.781158	1.000161	48.720858	35.420371	3.806547	1.175457	0.756741	1.173328	0.014738	1.173277	0.009008	1.170496	0.007853	1.171750	0.003438	1.170054	0.003255	1.165975	0.003773	1.170049	0.003167	1353354514.781251	1.000104	49.594088	36.367481	3.804948	1.214540	0.749068	1.214537	0.748600	1.207003	0.630252	1.200361	0.009356	1.203092	0.001767	1.201758	0.002150	1.202409	0.001992	1.210971	0.003396	
1353354515.781087	0.999929	46.729532	33.427073	3.845152	1.193134	0.735283	1.194174	0.015856	1.193069	0.008610	1.192142	0.008563	1.200124	0.004137	1.181234	0.004066	1.177841	0.003696	1.185199	0.002932	1353354515.781281	1.000030	49.399074	36.180172	3.864538	1.217596	0.731100	1.217593	0.730785	1.210565	0.635579	1.207041	0.003618	1.203780	0.001900	1.201308	0.002072	1.203838	0.001718	1.210966	0.003418	
1353354516.781021	0.999934	47.538769	34.246418	3.807182	1.190388	0.742533	1.189238	0.015426	1.187221	0.009664	1.186866	0.008224	1.191756	0.002302	1.182476	0.003490	1.172118	0.004466	1.176348	0.003294	1353354516.781478	1.000197	48.805299	35.588557	3.819774	1.225524	0.739299	1.225518	0.738883	1.223276	0.631796	1.205746	0.002554	1.207251	0.001748	1.205486	0.002107	1.207044	0.001938	1.211889	0.003718	
1353354517.780991	0.999970	48.329043	35.026244	3.818444	1.184767	0.800445	1.186226	0.014831	1.184450	0.009536	1.183548	0.008833	1.174748	0.002054	1.177308	0.003348	1.175494	0.004234	1.176890	0.003587	1353354517.781161	0.999683	49.529545	36.320813	3.841550	1.220699	0.793451	1.220702	0.793178	1.213412	0.633666	1.208904	0.002173	1.208666	0.001973	1.207431	0.002099	1.210727	0.001727	1.215221	0.003567	
1353354518.780990	0.999999	48.315613	35.010959	3.790760	1.191684	0.761043	1.184039	0.019329	1.185575	0.010026	1.180381	0.008945	1.167478	0.005671	1.169554	0.006245	1.171220	0.005696	1.168305	0.006072	1353354518.781111	0.999950	51.232408	38.013591	3.778876	1.200329	0.759182	1.200336	0.758747	1.188419	0.624882	1.186247	0.004585	1.181130	0.003562	1.183944	0.005531	1.171310	0.003563	1.187326	0.005188	
1353354519.780992	1.000002	48.231536	34.929773	3.803521	1.182224	0.765163	1.182305	0.014779	1.172553	0.008613	1.178829	0.004338	1.177535	0.004220	1.171830	0.004829	1.168568	0.003826	1.177936	0.004499	1353354519.781219	1.000108	51.893016	38.670826	3.815750	1.198394	0.762748	1.198395	0.762370	1.194650	0.649644	1.190396	0.004066	1.193876	0.003896	1.182190	0.002169	1.188146	0.003666	1.191383	0.003413	
1353354520.780999	1.000007	47.734854	34.430670	3.821385	1.194133	0.767196	1.188813	0.015769	1.185608	0.008727	1.181745	0.006011	1.178831	0.003726	1.181131	0.003399	1.175998	0.004222	1.181262	0.004939	1353354520.781121	0.999902	51.707292	38.484789	3.796240	1.197536	0.765498	1.197539	0.765066	1.190958	0.650328	1.175254	0.004170	1.182894	0.003550	1.177035	0.002216	1.192202	0.003561	1.193488	0.003595	
1353354521.780996	0.999997	48.234738	34.930406	3.798367	1.188180	0.817560	1.187960	0.015151	1.181689	0.008900	1.187010	0.006098	1.183501	0.003678	1.176070	0.003517	1.169422	0.004210	1.183785	0.004203	1353354521.781075	0.999954	51.897453	38.673838	3.826150	1.202607	0.815218	1.202609	0.814879	1.196383	0.601789	1.201467	0.037564	1.193424	0.003625	1.179710	0.002211	1.190854	0.003350	1.190767	0.003476	
1353354522.780990	0.999994	48.723252	35.432752	3.828972	1.178563	0.816939	1.177542	0.015866	1.175585	0.007246	1.176324	0.007865	1.174385	0.004990	1.169309	0.003959	1.170663	0.003654	1.173575	0.003477	1353354522.781102	1.000027	51.061735	37.854693	3.837375	1.211007	0.809971	1.211017	0.809607	1.201350	0.638636	1.194846	0.004340	1.202753	0.003631	1.191185	0.002164	1.200911	0.003746	1.202272	0.003698	
1353354523.781021	1.000031	45.468973	32.165812	3.842654	1.212885	0.719334	1.200608	0.015974	1.208343	0.009697	1.200303	0.007584	1.193461	0.004589	1.196417	0.004179	1.189369	0.004673	1.201990	0.003317	1353354523.781233	1.000131	49.400348	36.181543	3.813267	1.214266	0.717155	1.214255	0.716656	1.208525	0.628790	1.178488	0.004429	1.195140	0.004016	1.202843	0.002131	1.188216	0.003984	1.189854	0.004223	
1353354524.781008	0.999987	46.628022	33.325175	3.836781	1.193623	0.624596	1.195413	0.015454	1.191262	0.009172	1.188451	0.006478	1.190373	0.003881	1.183558	0.004279	1.188421	0.004090	1.187684	0.003550	1353354524.781096	0.999863	49.367715	36.144466	3.861903	1.209183	0.621011	1.209183	0.620430	1.203496	0.634688	1.193624	0.004092	1.202613	0.004267	1.192094	0.002218	1.193854	0.003789	1.199210	0.003708	
1353354525.780989	0.999981	48.007172	34.698965	3.808270	1.183806	0.740971	1.181544	0.015738	1.178987	0.008737	1.181717	0.006794	1.169747	0.005405	1.177034	0.003736	1.170898	0.003998	1.177334	0.004029	1353354525.781100	1.000004	51.404317	38.181913	3.786224	1.205294	0.737032	1.205298	0.736452	1.201318	0.655021	1.189459	0.004181	1.202198	0.004891	1.182796	0.002189	1.194524	0.003581	1.195775	0.004011	
1353354526.780999	1.000010	48.595644	35.289869	3.797600	1.183752	0.772129	1.184517	0.014972	1.179239	0.006697	1.176866	0.008175	1.177703	0.003601	1.178782	0.003548	1.171884	0.003946	1.171275	0.003562	1353354526.781130	1.000030	51.180134	37.959248	3.795891	1.204537	0.769664	1.204531	0.769247	1.200631	0.630628	1.182630	0.004245	1.199835	0.003917	1.182064	0.002246	1.190825	0.003757	1.196511	0.004066	
1353354527.780989	0.999990	47.497073	34.191947	3.802391	1.189996	0.738818	1.192286	0.014536	1.190345	0.008077	1.190080	0.008306	1.166699	0.008906	1.178452	0.002687	1.179329	0.004148	1.183590	0.003295	1353354527.781109	0.999979	51.606918	38.385540	3.804386	1.203186	0.736498	1.203190	0.736011	1.196751	0.640560	1.182459	0.004901	1.194612	0.003442	1.176634	0.002215	1.191008	0.003939	1.191980	0.003519	
1353354528.781002	1.000013	46.688063	33.382771	3.809703	1.190318	0.682744	1.187907	0.014150	1.192050	0.009103	1.194258	0.008004	1.190155	0.003913	1.178246	0.002281	1.178617	0.004192	1.185459	0.003659	1353354528.781113	1.000004	50.670357	37.465150	3.819397	1.194759	0.678821	1.194720	0.678349	1.194187	0.643643	1.185683	0.004282	1.197319	0.004149	1.182259	0.002224	1.188742	0.003681	1.192826	0.003421	
1353354529.780989	0.999987	47.545286	34.253135	3.846715	1.186294	0.732885	1.188407	0.015271	1.191556	0.009356	1.190250	0.006292	1.181176	0.004660	1.176484	0.002023	1.176501	0.004011	1.179913	0.003672	1353354529.781093	0.999980	51.040115	37.821360	3.807266	1.200883	0.727224	1.200884	0.726702	1.199118	0.648151	1.191043	0.004108	1.190550	0.003838	1.186762	0.002168	1.199122	0.003550	1.197858	0.003629	
1353354530.780989	1.000000	45.898270	32.590851	3.828217	1.209776	0.690528	1.202692	0.016160	1.203688	0.009256	1.197062	0.006147	1.198211	0.004229	1.183184	0.002285	1.190400	0.004265	1.190413	0.003676	1353354530.781116	1.000023	50.785566	37.565775	3.802525	1.198439	0.655663	1.198471	0.687889	1.198000	0.676096	1.187210	0.005538	1.196410	0.003386	1.184036	0.002179	1.200397	0.003589	1.198622	0.003567	
1353354531.780989	1.000000	46.620605	33.312714	3.805389	1.200638	0.695713	1.193291	0.014722	1.194113	0.007122	1.196631	0.007440	1.195066	0.003214	1.185904	0.002003	1.182354	0.005392	1.184348	0.004233	1353354531.781147	1.000031	51.512792	38.291461	3.800984	1.191615	0.663992	1.195989	0.693218	1.195982	0.693271	1.183003	0.006232	1.179622	0.003413	1.177306	0.002208	1.168143	0.003474	1.172458	0.003531	
1353354532.781002	1.000013	44.383558	31.080693	3.808879	1.221880	0.614394	1.215335	0.015307	1.208176	0.007449	1.210104	0.007803	1.200757	0.004119	1.193951	0.002123	1.194947	0.004014	1.198095	0.003429	1353354532.781097	0.999950	49.687134	36.472331	3.774801	1.189446	0.612383	1.192841	0.612972	1.192838	0.612953	1.156689	0.006154	1.176463	0.003606	1.177755	0.002078	1.169282	0.003295	1.192481	0.003005	
1353354533.780988	0.999986	46.747392	33.442579	3.810967	1.197817	0.683050	1.199638	0.014658	1.197150	0.008131	1.196479	0.006820	1.194282	0.003143	1.184736	0.002009	1.178388	0.004408	1.183590	0.003887	1353354533.781165	1.000068	51.420197	38.202513	3.788576	1.187046	0.638683	1.189262	0.679650	1.189258	0.679778	1.172683	0.006068	1.184219	0.003536	1.174777	0.002150	1.169566	0.003337	1.184976	0.003288	
1353354534.780993	1.000005	46.570003	33.280000	3.760815	1.190868	0.706141	1.195751	0.014968	1.196951	0.009345	1.193737	0.007093	1.191172	0.003627	1.181382	0.002077	1.186457	0.003524	1.185773	0.003437	1353354534.781220	1.000055	50.432937	37.211192	3.737831	1.202565	0.678617	1.202403	0.702118	1.202403	0.702144	1.194681	0.005511	1.205550	0.003218	1.190972	0.001994	1.192088	0.003662	1.206986	0.003102	
1353354535.780988	0.999995	43.228290	29.929898	3.782307	1.223401	0.532153	1.208268	0.013976	1.216011	0.009443	1.219735	0.007176	1.194627	0.004301	1.196633	0.002323	1.208234	0.003880	1.208693	0.004228	1353354535.781154	0.999934	47.904027	34.684114	3.669508	1.209425	0.687410	1.208944	0.528818	1.208943	0.528683	1.181862	0.005943	1.198518	0.003677	1.208390	0.001949	1.198013	0.003704	1.176682	0.004068	
1353354536.781161	1.000173	48.503613	35.196316	3.826257	1.212486	0.709009	1.201550	0.558658	1.219570	0.013135	1.206745	0.007252	1.203279	0.003851	1.192942	0.001971	1.196357	0.003914	1.200397	0.003571	1353354536.781257	1.000103	47.951833	34.716181	3.757563	1.225856	0.092308	1.204897	0.710627	1.204879	0.710599	1.170462	0.006956	1.175259	0.004289	1.177716	0.002715	1.183180	0.004183	1.182696	0.004190	
1353354537.780990	0.999829	49.510997	36.190925	3.820767	1.208878	0.670397	1.206450	0.677730	1.196794	0.011467	1.198682	0.007716	1.201100	0.005459	1.191000	0.001705	1.191158	0.003549	1.190731	0.003379	1353354537.781124	0.999867	46.316388	33.080756	3.580997	1.165656	0.004277	1.208237	0.673153	1.208201	0.673070	1.150501	0.006715	1.171188	0.004437	1.176360	0.002509	1.186448	0.003945	1.160806	0.004277	
1353354538.780991	1.000001	47.472901	34.163145	3.745083	1.230447	0.602205	1.238872	0.466412	1.203863	0.198466	1.224769	0.071547	1.210867	0.005787	1.201834	0.001657	1.205208	0.003068	1.202744	0.002906	1353354538.781062	0.999938	46.103551	32.862755	3.154233	1.127212	0.003892	1.189742	0.626078	1.192169	0.603167	1.147896	0.016893	1.148587	0.003674	1.173187	0.002278	1.178664	0.003399	1.153684	0.003464	
1353354539.780995	1.000004	50.973121	37.662674	3.793915	1.192273	0.693774	1.183931	0.012780	1.192322	0.691015	1.189245	0.008923	1.187769	0.006081	1.183721	0.002000	1.176075	0.003935	1.179884	0.004175	1353354539.781224	1.000162	46.694650	33.442386	3.786802	1.207024	0.005088	1.208059	0.663449	1.216269	0.686453	1.196288	0.005952	1.202299	0.004444	1.194754	0.002037	1.196473	0.003666	1.201184	0.003129	
1353354540.780989	0.999994	49.048678	35.739150	3.836800	1.208762	0.670111	1.207069	0.015348	1.208808	0.666751	1.195130	0.008876	1.203127	0.008575	1.191925	0.002217	1.190748	0.002341	1.193600	0.004028	1353354540.781137	0.999913	46.023704	32.773818	3.833372	1.211953	0.004703	1.203212	0.636857	1.210633	0.667171	1.202251	0.003929	1.203130	0.003552	1.194251	0.002124	1.201174	0.005419	1.198268	0.003687	
1353354541.780989	1.000000	48.247025	34.945740	3.806107	1.204326	0.194307	1.188981	0.013919	1.191370	0.676663	1.186700	0.007801	1.189356	0.008861	1.174898	0.001979	1.171040	0.002405	1.180670	0.003250	1353354541.781178	1.000041	48.514841	35.278735	3.836909	1.208179	0.513892	1.211712	0.425400	1.213304	0.672473	1.196101	0.207472	1.203364	0.003635	1.197616	0.002144	1.208597	0.005064	1.200382	0.003363	
1353354542.780997	1.000008	46.008370	32.717234	3.824340	1.199245	0.013413	1.198074	0.013452	1.202201	0.687766	1.190473	0.006353	1.195910	0.007918	1.186850	0.002160	1.187533	0.001894	1.190670	0.003697	1353354542.781106	0.999928	50.789118	37.568684	3.803054	1.184005	0.626486	1.186729	0.687495	1.186726	0.687407	1.184156	0.003712	1.170820	0.003503	1.176693	0.002084	1.182181	0.005001	1.182633	0.003238	
1353354543.780997	1.000000	49.089706	35.806396	3.847000	1.183083	0.017965	1.200354	0.379162	1.201892	0.788262	1.178452	0.008969	1.183791	0.007709	1.171480	0.004807	1.181330	0.005957	1.176503	0.006064	1353354543.781247	1.000141	50.828714	37.605160	3.795486	1.201199	0.276636	1.183721	0.794475	1.183713	0.794429	1.169849	0.006722	1.166397	0.006180	1.163058	0.005757	1.171616	0.007818	1.169662	0.006545	
1353354544.780989	0.999992	48.772124	35.473600	3.841675	1.219723	0.029133	1.206548	0.619911	1.211275	0.625209	1.189786	0.006225	1.202477	0.004956	1.190978	0.003810	1.199504	0.003684	1.196311	0.003156	1353354544.781082	0.999835	46.855692	33.625558	3.776227	1.158088	0.009395	1.189162	0.632427	1.189121	0.632443	1.180176	0.004577	1.158830	0.004596	1.173361	0.002469	1.154239	0.006600	1.173066	0.002547	
1353354545.780987	0.999998	51.253623	37.954067	3.820564	1.185373	0.011932	1.184681	0.654553	1.188237	0.719718	1.180065	0.006291	1.187835	0.006151	1.178951	0.003516	1.175457	0.003579	1.183312	0.003130	1353354545.781082	1.000000	47.979385	34.734238	3.749039	1.172238	0.008940	1.192101	0.725146	1.192054	0.725253	1.171831	0.004329	1.173391	0.004208	1.173893	0.002729	1.163159	0.005878	1.171641	0.002316	
1353354546.780986	0.999999	51.218539	37.912481	3.848148	1.199442	0.014035	1.193984	0.665381	1.201278	0.749534	1.187102	0.005297	1.190489	0.003850	1.192828	0.003525	1.180880	0.003901	1.189786	0.003379	1353354546.781165	1.000083	47.350869	34.104852	3.779929	1.209643	0.009661	1.208877	0.754812	1.208875	0.754775	1.200374	0.004381	1.196073	0.004593	1.189581	0.002713	1.203402	0.006007	1.190220	0.002492	
1353354547.780987	1.000001	49.868574	36.558208	3.830319	1.217634	0.376953	1.208841	0.607929	1.201821	0.469915	1.206328	0.005208	1.201907	0.003822	1.189019	0.004395	1.186277	0.003895	1.201751	0.003385	1353354547.781086	0.999921	48.362291	35.118570	3.714984	1.194254	0.009541	1.197982	0.782620	1.197985	0.782660	1.191546	0.004316	1.187151	0.004157	1.177704	0.002719	1.191366	0.005606	1.179261	0.002645	
1353354548.780993	1.000006	50.101172	36.784342	3.829460	1.202038	0.699663	1.201446	0.647236	1.197491	0.009041	1.193528	0.007492	1.190908	0.003329	1.192335	0.003241	1.184266	0.003873	1.192123	0.003385	1353354548.781083	0.999997	46.966653	33.722486	3.803814	1.182259	0.009794	1.200818	0.703091	1.200794	0.703096	1.195379	0.004722	1.199431	0.004379	1.179150	0.002786	1.185846	0.006312	1.183111	0.002905	
1353354549.780990	0.999997	51.128470	37.859126	3.815808	1.190061	0.661056	1.184232	0.657189	1.187341	0.007808	1.187657	0.007121	1.186244	0.003548	1.181650	0.003521	1.179705	0.003568	1.185661	0.002990	1353354549.781061	0.999978	46.881644	33.637197	3.733068	1.194387	0.008859	1.198287	0.662832	1.198284	0.662888	1.191035	0.004407	1.197768	0.004123	1.185507	0.002637	1.195899	0.005450	1.185425	0.002491	
1353354550.780987	0.999997	50.317081	36.959129	3.848462	1.215741	0.724146	1.209007	0.657347	1.199787	0.008795	1.198126	0.007155	1.192380	0.003432	1.186457	0.003895	1.197524	0.003661	1.194393	0.003590	1353354550.781113	1.000052	46.770946	33.525052	3.747425	1.198875	0.009356	1.209593	0.727814	1.209592	0.727803	1.194746	0.006670	1.193875	0.003960	1.182934	0.002723	1.195571	0.006187	1.190091	0.002532	
1353354551.780987	1.000000	50.266510	36.943893	3.874847	1.210937	0.763406	1.204360	0.641612	1.199374	0.010476	1.190405	0.007660	1.199086	0.004702	1.191086	0.003487	1.192040	0.003593	1.199969	0.004180	1353354551.781327	1.000214	47.791556	34.551135	3.810753	1.197263	0.010254	1.209243	0.764575	1.209247	0.764555	1.187007	0.004396	1.195184	0.003760	1.182833	0.002760	1.197488	0.007626	1.185312	0.002394	
1353354552.780994	1.000007	49.954626	36.631873	3.866444	1.215133	0.841173	1.208899	0.644214	1.205097	0.007677	1.200713	0.007811	1.194280	0.004293	1.197213	0.003688	1.205218	0.008463	1.202260	0.003443	1353354552.781084	0.999757	47.678301	34.444892	3.771912	1.194066	0.011726	1.207100	0.850139	1.207087	0.850152	1.188651	0.005810	1.188920	0.003958	1.189431	0.002697	1.191462	0.003992	1.189179	0.002529	
1353354553.780992	0.999998	50.113209	36.793207	3.854912	1.204749	0.647382	1.199826	0.676662	1.194177	0.008711	1.196068	0.006097	1.190005	0.003641	1.189765	0.003517	1.186294	0.003625	1.196757	0.003049	1353354553.781058	0.999974	46.633582	33.389234	3.706868	1.178275	0.010097	1.196884	0.650576	1.196880	0.650673	1.172702	0.005458	1.182090	0.004129	1.179022	0.002694	1.167568	0.004123	1.179792	0.002351	
1353354554.780992	1.000000	715764715.355652	715767937.880737	715825266.313004	0.999953	1.000446	0.999953	1.000459	0.999955	1.000464	0.999954	1.000450	0.999956	1.000460	0.999956	1.000444	0.999955	1.000458	0.999954	1.000450	1353354554.781076	1.000018	715750558.947689	715747993.782849	715794265.821545	0.999953	1.000449	0.999952	1.000455	3.895402	0.256820	0.999954	1.000448	0.999956	1.000460	0.999957	1.000452	0.999955	1.000456	0.999956	1.000459	
1353354555.780996	1.000004	0.000000	0.000000	0.000000	-nan	-nan	-nan	-nan	0.000000	inf	-nan	-nan	-nan	0.000000	-nan	-nan	-nan	-nan	-nan	-nan	1353354555.781054	0.999978	0.000000	0.000000	0.000000	-nan	-nan	-nan	-nan	0.000000	inf	-nan	-nan	-nan	-nan	-nan	-nan	-nan	-nan	-nan	-nan	
