ts_0	elapsed_0	pkg_0	pp0_0	dram_0	freq_ratio_0_0	c0_ratio_0_0	freq_ratio_0_1	c0_ratio_0_1	freq_ratio_0_2	c0_ratio_0_2	freq_ratio_0_3	c0_ratio_0_3	freq_ratio_0_4	c0_ratio_0_4	freq_ratio_0_5	c0_ratio_0_5	freq_ratio_0_6	c0_ratio_0_6	freq_ratio_0_7	c0_ratio_0_7	ts_1	elapsed_1	pkg_1	pp0_1	dram_1	freq_ratio_1_0	c0_ratio_1_0	freq_ratio_1_1	c0_ratio_1_1	freq_ratio_1_2	c0_ratio_1_2	freq_ratio_1_3	c0_ratio_1_3	freq_ratio_1_4	c0_ratio_1_4	freq_ratio_1_5	c0_ratio_1_5	freq_ratio_1_6	c0_ratio_1_6	freq_ratio_1_7	c0_ratio_1_7	
1356623608.635998	1.001805	60.928091	47.148003	5.858002	1.155280	0.406465	1.153825	0.400765	1.154530	0.401198	1.155694	0.405941	1.154130	0.397113	1.155998	0.406057	1.154202	0.396176	1.155851	0.405240	1356623608.636097	1.000354	57.997334	44.301804	4.765037	0.999935	0.878210	0.999960	0.877977	1.000001	0.877853	1.000001	0.877093	1.000001	0.877022	1.000003	0.260549	1.008313	0.000046	0.999894	0.878660	
1356623609.635993	0.999995	71.216940	57.140026	7.026524	1.000000	0.999614	1.000001	1.000000	1.000000	0.999613	1.000000	1.000000	1.000000	0.999588	1.000001	0.999612	1.000001	0.999611	1.000609	0.000854	1356623609.636080	0.999983	71.054548	57.087270	6.497348	1.000000	1.000000	1.000000	0.999616	1.000000	1.000000	1.000000	1.000000	1.000000	0.999615	1.000000	1.000000	1.000135	0.000572	1.000000	1.000000	
1356623610.635994	1.000001	71.452141	57.317542	7.076333	1.000000	1.000000	1.000000	1.000000	1.000000	0.999680	1.000000	1.000000	1.000001	1.000000	1.000000	1.000000	1.000000	0.999999	0.999909	0.000846	1356623610.636086	1.000006	71.125904	57.121806	6.608466	1.000000	0.999674	0.999992	0.999723	1.000000	0.999674	1.000000	0.999673	1.000000	0.999672	1.000000	0.999671	0.999959	0.000038	0.999984	0.999739	
1356623611.635992	0.999998	71.522460	57.403430	6.996733	1.000000	1.000000	1.000000	1.000000	1.000000	1.000000	1.000000	1.000000	1.000000	1.000000	1.000000	1.000000	1.000000	1.000000	1.000110	0.000464	1356623611.636081	0.999995	71.166753	57.195675	6.398927	1.000000	0.999471	1.000000	0.999935	1.000000	0.999475	1.000000	1.000000	1.000000	0.999469	1.000000	0.999468	1.000056	0.000069	1.000000	1.000000	
1356623612.635992	1.000000	71.717880	57.518585	7.135132	1.000000	1.000000	1.000000	1.000000	1.000000	1.000000	1.000000	1.000000	1.000000	1.000000	1.000000	1.000000	1.000000	1.000000	0.998897	0.000421	1356623612.636081	1.000000	71.305679	57.249588	6.793488	1.000000	1.000000	1.000000	1.000000	1.000000	1.000000	1.000000	1.000000	1.000000	1.000000	1.000000	1.000000	0.999379	0.000053	1.000000	1.000000	
1356623613.635992	1.000000	71.744965	57.617706	7.040024	1.000000	1.000000	1.000000	1.000000	1.000000	1.000000	1.000000	1.000001	1.000000	1.000000	1.000000	0.999999	1.000000	1.000000	0.999872	0.000457	1356623613.636081	1.000000	71.301132	57.301285	6.533203	1.000000	1.000000	1.000000	1.000000	1.000000	1.000000	1.000000	1.000000	1.000000	1.000000	1.000000	1.000000	1.000145	0.000066	1.000000	1.000000	
1356623614.635992	1.000000	71.866272	57.700592	7.014145	1.000000	1.000000	1.000001	1.000000	1.000000	1.000000	1.000000	1.000000	1.000000	1.000000	1.000000	1.000000	1.000000	1.000000	1.000045	0.000441	1356623614.636082	1.000001	71.423440	57.401267	6.508188	1.000000	1.000000	1.000000	1.000000	1.000000	1.000000	1.000000	1.000000	1.000000	1.000000	1.000000	1.000000	1.000447	0.000059	1.000000	1.000000	
1356623615.635992	1.000000	71.942734	57.797409	6.962448	1.000000	1.000000	1.000000	1.000000	1.000000	1.000000	1.000000	1.000000	1.000000	1.000000	1.000000	1.000000	1.000000	1.000000	1.000145	0.003421	1356623615.636080	0.999998	71.365920	57.370120	6.368344	1.000000	0.999455	1.000000	1.000000	1.000000	0.999454	1.000000	0.999453	1.000000	1.000000	1.000000	1.000000	0.998173	0.000307	1.000000	1.000000	
1356623616.635992	1.000000	71.959244	57.759384	7.085373	1.000000	1.000000	1.000000	1.000000	1.000000	1.000000	1.000000	1.000000	1.000000	1.000000	1.000000	1.000000	1.000000	1.000000	1.000043	0.000453	1356623616.636080	1.000000	71.389450	57.340515	6.653717	1.000000	1.000000	1.000000	1.000000	1.000000	1.000000	1.000000	1.000000	1.000000	1.000000	1.000000	1.000000	1.010381	0.000053	1.000000	1.000000	
1356623617.635992	1.000000	71.889481	57.778854	6.976578	1.000000	1.000000	1.000000	1.000000	1.000000	1.000000	1.000000	1.000000	1.000000	1.000000	1.000000	1.000000	1.000000	1.000000	0.998365	0.000446	1356623617.636082	1.000002	71.191377	57.227888	6.399966	1.000000	1.000000	1.000000	1.000000	1.000000	1.000000	1.000000	1.000000	1.000000	1.000000	1.000000	1.000000	0.999810	0.000089	1.000000	1.000000	
1356623618.635992	1.000000	71.900421	57.785217	6.982437	1.000000	0.999861	0.999975	0.999916	1.000000	0.999859	0.999976	0.999915	1.000000	0.999843	1.000000	0.999859	1.000000	0.999858	1.000156	0.003952	1356623618.636082	1.000000	71.291595	57.336609	6.297897	1.000000	0.999870	1.000000	0.999882	1.000000	1.000000	1.000000	1.000000	1.000000	1.000000	1.000000	1.000000	1.000006	0.003532	1.000000	1.000000	
1356623619.635992	1.000000	72.047333	57.838867	7.119003	1.000001	1.000000	1.000000	1.000000	1.000000	1.000001	1.000000	1.000000	1.000000	1.000000	1.000000	1.000000	1.000000	1.000000	1.000002	0.000466	1356623619.636076	0.999994	71.313886	57.271780	6.629098	1.000000	1.000000	1.000000	1.000000	1.000000	1.000000	1.000000	1.000000	1.000000	1.000000	1.000000	1.000000	0.999564	0.000089	1.000000	1.000000	
1356623620.635992	1.000000	72.073853	57.924927	6.979309	1.000000	1.000000	1.000000	0.999999	1.000000	1.000000	0.999999	0.999999	0.999999	0.999999	1.000000	1.000000	1.000000	1.000000	0.999497	0.000724	1356623620.636090	1.000014	71.181540	57.190922	6.344210	1.000000	1.000000	1.000000	1.000000	1.000000	1.000000	1.000000	1.000000	1.000000	1.000000	1.000000	1.000000	1.000141	0.000052	1.000000	1.000000	
1356623621.635992	1.000000	72.175583	57.967682	7.062698	1.000000	1.000000	1.000000	1.000001	1.000000	1.000000	1.000001	1.000001	1.000000	1.000000	1.000000	1.000000	1.000000	1.000000	1.000801	0.000463	1356623621.636078	0.999988	71.108514	57.066232	6.718540	1.000000	1.000000	1.000000	1.000000	1.000000	1.000000	1.000000	1.000000	1.000000	1.000000	1.000000	1.000000	0.999840	0.000070	1.000000	1.000000	
1356623622.635992	1.000000	72.078796	57.955704	6.913422	1.000000	1.000000	1.000000	1.000000	1.000000	1.000000	1.000000	1.000000	1.000000	1.000000	1.000000	1.000000	1.000000	1.000000	1.000097	0.000447	1356623622.636077	0.999999	70.929633	56.981957	6.258307	1.000000	1.000000	1.000000	1.000000	1.000000	1.000000	1.000000	1.000000	1.000000	1.000000	1.000000	1.000000	1.000125	0.000061	1.000000	1.000000	
1356623623.635994	1.000002	72.053436	57.895230	7.014284	1.000000	0.999383	1.000000	1.000000	1.000000	0.999382	1.000000	1.000000	0.999999	0.999380	1.000000	0.999999	1.000000	1.000000	0.998673	0.000452	1356623623.636087	1.000010	70.925269	56.916041	6.507503	1.000000	1.000000	1.000000	1.000000	1.000000	1.000000	1.000000	0.999383	1.000000	1.000000	1.000000	0.999384	0.999812	0.000068	1.000000	0.999422	
1356623624.635992	0.999998	72.218277	58.041966	7.064879	1.000000	1.000000	1.000000	1.000000	1.000000	1.000000	1.000000	1.000000	1.000000	1.000000	1.000000	1.000000	1.000000	1.000000	0.999637	0.000433	1356623624.636078	0.999991	70.923265	56.910382	6.483595	1.000000	1.000000	1.000000	1.000000	1.000000	1.000000	1.000000	1.000000	1.000000	1.000000	1.000000	1.000000	1.000360	0.000060	1.000000	1.000000	
1356623625.635992	1.000000	72.257187	58.029312	7.121368	1.000000	1.000000	1.000000	1.000000	1.000000	1.000000	1.000000	1.000000	1.000000	1.000000	1.000000	1.000000	1.000000	1.000000	0.999989	0.002716	1356623625.636080	1.000002	71.018602	56.958571	6.686862	1.000000	1.000000	1.000000	1.000000	1.000000	1.000000	1.000000	1.000000	1.000000	1.000000	1.000000	1.000000	0.999818	0.000066	1.000000	1.000000	
1356623626.635992	1.000000	72.252075	58.061691	7.040771	1.000000	1.000000	1.000000	1.000000	1.000000	1.000000	1.000000	1.000000	1.000000	1.000000	1.000000	1.000000	1.000000	1.000000	1.001484	0.000463	1356623626.636081	1.000001	70.992303	56.972495	6.469369	1.000000	1.000000	1.000000	1.000000	1.000000	1.000000	1.000000	1.000000	1.000000	1.000000	1.000000	1.000000	0.999930	0.000039	1.000000	1.000000	
1356623627.635992	1.000000	72.198074	58.004456	7.073105	1.000000	1.000000	1.000000	1.000000	1.000000	1.000000	1.000000	1.000000	1.000000	1.000001	1.000001	1.000001	1.000000	1.000001	1.000062	0.000688	1356623627.636081	1.000000	71.016403	56.987930	6.539551	1.000000	1.000000	1.000000	1.000000	1.000000	1.000000	1.000000	1.000000	1.000000	1.000000	1.000000	1.000000	0.998463	0.000313	1.000000	1.000000	
1356623628.635994	1.000002	72.293518	58.007305	7.293153	1.000000	1.000000	1.000000	0.999843	1.000000	0.999658	1.000000	1.000000	0.999999	0.999657	0.999999	0.999655	1.000000	1.000000	0.999978	0.000695	1356623628.636086	1.000005	71.063517	56.941960	7.015468	1.000000	1.000000	1.000000	1.000000	1.000000	1.000000	1.000000	1.000000	1.000000	1.000000	1.000000	1.000000	1.008160	0.000058	1.000000	0.999846	
1356623629.635992	0.999998	72.315964	58.099125	7.065672	1.000000	1.000000	1.000000	1.000000	1.000001	1.000000	1.000000	1.000000	1.000001	1.000000	1.000001	1.000000	1.000000	1.000000	0.999986	0.000450	1356623629.636074	0.999988	71.060158	57.005379	6.584475	1.000000	1.000000	1.000000	1.000000	1.000000	1.000000	1.000000	1.000000	1.000000	1.000000	1.000000	1.000000	1.000013	0.000087	1.000000	1.000000	
1356623630.635992	1.000000	72.293076	58.142853	6.925674	1.000000	1.000000	1.000000	1.000000	1.000000	1.000000	1.000000	1.000000	1.000000	1.000000	0.999999	1.000000	0.999999	1.000000	0.999880	0.000729	1356623630.636082	1.000008	70.966832	56.965252	6.358515	1.000000	1.000000	1.000000	1.000000	1.000000	1.000000	1.000000	1.000000	1.000000	1.000000	1.000000	1.000000	1.000101	0.000038	1.000000	1.000000	
1356623631.635994	1.000002	72.353942	58.156429	7.069750	1.000000	0.999685	1.000000	1.000000	1.000000	0.999685	1.000000	0.999960	1.000000	0.999656	1.000000	1.000000	1.000000	0.999684	0.998546	0.000437	1356623631.636088	1.000006	71.046253	56.990001	6.532493	1.000000	0.999672	1.000000	0.999687	1.000000	1.000000	1.000000	0.999686	1.000000	1.000000	1.000000	0.999685	1.000359	0.000067	1.000000	0.999727	
1356623632.635992	0.999998	72.323945	58.152211	7.013166	1.000000	1.000000	1.000000	1.000000	1.000001	1.000000	1.000000	0.999999	1.000000	1.000000	1.000000	1.000000	1.000000	1.000000	0.999423	0.000438	1356623632.636084	0.999996	71.060270	57.026614	6.410197	1.000000	1.000000	1.000000	1.000000	1.000000	1.000000	1.000000	1.000000	1.000000	1.000000	1.000000	1.000000	0.999988	0.000062	1.000000	1.000000	
1356623633.635992	1.000000	72.267899	58.107590	7.033188	1.000000	1.000000	1.000000	1.000000	1.000000	1.000000	1.000000	1.000000	1.000000	1.000001	1.000000	1.000001	1.000000	1.000000	1.001740	0.000452	1356623633.636076	0.999992	70.923991	56.898471	6.526954	1.000000	1.000000	1.000000	1.000000	1.000000	1.000000	1.000000	1.000000	1.000000	1.000000	1.000000	1.000000	0.999527	0.000064	1.000000	1.000000	
1356623634.635992	1.000000	72.357178	58.184509	7.057709	1.000000	1.000000	1.000000	1.000000	1.000000	1.000000	1.000000	1.000000	1.000000	1.000000	1.000000	1.000000	1.000000	1.000000	1.000629	0.000553	1356623634.636078	1.000002	71.036928	57.009489	6.497561	1.000000	1.000000	1.000000	1.000000	1.000000	1.000000	1.000000	1.000000	1.000000	1.000000	1.000000	1.000000	1.000214	0.000061	1.000000	1.000000	
1356623635.636006	1.000014	715793714.531378	715786175.780887	715777872.800774	0.999924	1.000715	0.999923	1.000724	0.999925	1.000729	0.999924	1.000715	0.999926	1.000729	0.999926	1.000713	0.999926	1.000730	0.999924	1.000716	1356623635.636102	1.000024	715804404.393651	715753990.395888	715787002.980330	0.999925	1.000719	0.999923	1.000723	3.897436	0.256748	0.999924	1.000716	0.999926	1.000728	0.999927	1.000717	0.999924	1.000719	0.999926	1.000725	
1356623636.636125	1.000119	0.000000	0.000000	0.000000	-nan	-nan	-nan	-nan	1.000008	inf	-nan	-nan	-nan	0.000000	-nan	-nan	-nan	-nan	-nan	-nan	1356623636.636204	1.000102	0.000000	0.000000	0.000000	-nan	-nan	-nan	-nan	1.345745	inf	-nan	-nan	-nan	-nan	-nan	-nan	-nan	-nan	-nan	-nan	
