ts_0	elapsed_0	pkg_0	pp0_0	dram_0	freq_ratio_0_0	c0_ratio_0_0	freq_ratio_0_1	c0_ratio_0_1	freq_ratio_0_2	c0_ratio_0_2	freq_ratio_0_3	c0_ratio_0_3	freq_ratio_0_4	c0_ratio_0_4	freq_ratio_0_5	c0_ratio_0_5	freq_ratio_0_6	c0_ratio_0_6	freq_ratio_0_7	c0_ratio_0_7	ts_1	elapsed_1	pkg_1	pp0_1	dram_1	freq_ratio_1_0	c0_ratio_1_0	freq_ratio_1_1	c0_ratio_1_1	freq_ratio_1_2	c0_ratio_1_2	freq_ratio_1_3	c0_ratio_1_3	freq_ratio_1_4	c0_ratio_1_4	freq_ratio_1_5	c0_ratio_1_5	freq_ratio_1_6	c0_ratio_1_6	freq_ratio_1_7	c0_ratio_1_7	
1352526848.551625	1.001774	47.628531	34.272161	4.145645	0.999999	0.905986	0.999876	0.969299	0.999999	0.905874	0.999804	0.006199	0.999645	0.005500	0.995675	0.005751	0.998363	0.001353	0.999451	0.003582	1352526848.551769	1.000424	53.474722	40.062714	5.367338	0.999901	0.907406	0.999993	0.906710	0.999996	0.906651	1.000001	0.906552	0.999130	0.004543	1.000030	0.002179	0.986023	0.002430	0.999992	0.801522	
1352526849.551622	0.999997	49.903200	36.497336	4.282545	1.000000	1.000000	1.000000	0.999983	1.000000	1.000000	1.000016	0.006654	1.000071	0.007698	1.000118	0.006938	1.000605	0.001633	1.000012	0.004089	1352526849.551776	1.000007	58.966359	45.532934	5.752569	1.000000	1.000000	1.000000	0.999986	1.000000	1.000000	1.000000	1.000000	0.999973	0.006343	1.000092	0.003839	1.000040	0.002790	1.000000	0.837251	
1352526850.551620	0.999998	48.246415	34.828573	4.362756	1.000000	0.957448	1.000000	0.957602	1.000000	0.956765	0.999877	0.007285	1.000108	0.004898	1.000068	0.005792	0.999910	0.001607	1.000334	0.003796	1352526850.551821	1.000045	56.902114	43.461543	5.802320	1.000000	0.956889	1.000000	0.956711	1.000000	0.956704	1.000000	0.956717	0.999973	0.005587	0.999808	0.004098	0.999689	0.002470	1.000000	0.851306	
1352526851.551621	1.000001	48.546081	35.125165	4.290096	1.000000	0.987231	1.000000	0.987237	1.000000	0.987031	0.999808	0.008705	0.999831	0.006836	0.999739	0.005431	0.999514	0.001707	0.999696	0.003160	1352526851.551745	0.999924	57.130551	43.688275	5.758373	1.000000	0.987098	1.000000	0.986968	1.000000	0.986981	1.000000	0.987164	0.999966	0.005241	1.000133	0.005314	1.000273	0.002494	1.000000	0.838491	
1352526852.551622	1.000001	48.099808	34.681012	4.263820	1.000000	0.999897	1.000000	0.999880	1.000000	0.999903	1.000106	0.007767	1.000045	0.006977	0.999908	0.004837	1.000849	0.001432	0.999913	0.003190	1352526852.551782	1.000037	57.235296	43.800643	5.634664	1.000000	0.999905	1.000000	0.999856	1.000000	0.999861	1.000000	1.000000	0.999968	0.006016	0.999979	0.003452	0.999996	0.002509	1.000000	0.849639	
1352526853.551620	0.999998	49.481204	36.055382	4.328149	1.000000	0.980192	1.000000	0.980337	1.000000	0.979937	0.999938	0.007467	0.999993	0.007593	1.000028	0.005193	0.999844	0.001674	1.000417	0.002875	1352526853.551724	0.999942	58.950864	45.517652	5.768050	1.000000	0.979987	1.000000	0.979890	1.000000	0.979890	1.000000	0.979989	0.999980	0.006505	0.999870	0.004203	0.999719	0.002719	1.000000	0.846170	
1352526854.551623	1.000003	50.225430	36.812523	4.318346	1.000000	0.956176	1.000000	0.956132	1.000000	0.955235	0.999974	0.006587	0.999968	0.005441	0.999914	0.004871	0.999785	0.001460	0.999468	0.002627	1352526854.551763	1.000039	57.039121	43.588078	5.755817	1.000000	0.955355	1.000000	0.955180	1.000000	0.955172	1.000000	0.955185	0.999961	0.004935	1.000133	0.004270	1.000390	0.002353	1.000000	0.858425	
1352526855.551623	1.000000	48.679276	35.256454	4.315918	1.000000	0.967865	1.000000	0.967946	1.000000	0.967390	0.999988	0.007909	1.000145	0.006301	1.000064	0.005699	0.999814	0.002099	1.000340	0.003004	1352526855.551751	0.999988	58.774352	45.325049	5.768211	1.000000	0.967680	1.000000	0.967349	1.000000	0.967339	1.000000	0.967658	0.999970	0.006102	0.999990	0.004341	0.999967	0.002627	1.000000	0.834674	
1352526856.551623	1.000000	49.695541	36.268661	4.342484	1.000000	0.982131	1.000000	0.982141	1.000000	0.981766	0.999683	0.007850	0.999860	0.005318	1.000089	0.004944	0.999643	0.002832	0.999774	0.004906	1352526856.551767	1.000016	57.659327	44.199443	5.772018	1.000000	0.981830	1.000000	0.981735	1.000000	0.981725	1.000000	0.981775	0.999981	0.005295	1.000006	0.003824	1.000015	0.002369	1.000000	0.851358	
1352526857.551622	0.999999	49.199876	35.776417	4.324055	1.000000	0.982794	1.000000	0.982908	1.000000	0.982592	0.999864	0.007926	1.000015	0.006613	0.999771	0.004600	1.000121	0.003106	1.000177	0.003559	1352526857.551764	0.999997	58.992859	45.537846	5.784610	1.000000	0.982614	1.000000	0.982541	1.000000	0.982538	1.000000	0.982544	0.999973	0.005641	0.999969	0.004482	0.999978	0.002643	1.000000	0.842062	
1352526858.551628	1.000006	50.177924	36.752299	4.341344	1.000000	0.983947	1.000000	0.984017	1.000000	0.983705	1.000302	0.007647	1.000195	0.006371	1.000109	0.005982	0.999964	0.002832	1.000390	0.002820	1352526858.551741	0.999977	57.250288	43.789241	5.786433	1.000000	0.983791	1.000000	0.983671	1.000000	0.983662	1.000000	0.983699	1.000082	0.005165	0.999946	0.004517	0.999905	0.002766	1.000000	0.849461	
1352526859.551678	1.000050	50.689647	37.262890	4.313932	1.000000	0.977685	1.000000	0.977764	1.000000	0.977297	0.999887	0.005799	0.999768	0.006332	0.999727	0.006062	0.999743	0.002934	0.999881	0.002876	1352526859.551808	1.000067	58.150538	44.701778	5.788598	1.000000	0.977364	1.000000	0.977270	1.000000	0.977262	1.000000	0.977454	1.000001	0.859981	0.999998	0.006737	1.000115	0.002516	0.999443	0.002596	
1352526860.551622	0.999944	50.821146	37.447121	4.314558	1.000000	0.999764	1.000000	0.999730	1.000000	0.999770	0.999880	0.008185	1.000135	0.006159	1.000092	0.006884	1.000105	0.003356	0.999619	0.002901	1352526860.551749	0.999941	57.124656	43.662331	5.777241	1.000000	0.999772	1.000000	0.999763	1.000000	0.999758	1.000000	1.000000	1.000000	0.850187	0.999979	0.004468	1.000008	0.002699	0.999820	0.001341	
1352526861.551619	0.999997	50.230441	36.763496	4.324415	1.000000	0.978632	1.000000	0.978572	1.000000	0.978138	1.000082	0.007592	1.000143	0.006225	1.000095	0.006681	1.000068	0.003726	1.000412	0.002863	1352526861.551767	1.000018	56.557369	43.095329	5.783817	1.000000	0.978200	1.000000	0.978100	1.000000	0.978101	1.000000	0.978110	1.000000	0.856505	1.000001	0.004045	0.999936	0.002562	0.999979	0.001396	
1352526862.551628	1.000009	50.099140	36.677723	4.320853	1.000000	0.966853	1.000000	0.966738	0.999999	0.966020	0.999938	0.009302	0.999977	0.008546	0.999954	0.008190	1.000041	0.006440	0.999903	0.007061	1352526862.551722	0.999955	56.650120	43.201272	5.598351	1.000000	0.966121	1.000000	0.965977	1.000000	0.965966	1.000000	0.965993	1.000000	0.860615	1.000070	0.006926	1.000007	0.005151	0.999980	0.005994	
1352526863.551641	1.000013	50.262936	36.828588	4.336125	1.000000	0.980097	1.000000	0.979911	1.000000	0.979522	0.999898	0.006031	0.999792	0.005905	0.999741	0.005840	0.999479	0.002794	0.999770	0.004064	1352526863.551783	1.000061	56.019820	42.555890	5.788068	1.000000	0.979579	1.000000	0.979495	1.000000	0.979492	1.000000	0.979499	0.999993	0.202587	0.999800	0.003651	1.000002	0.661883	0.999733	0.003707	
1352526864.551623	0.999982	49.801672	36.368006	4.331941	1.000000	0.972244	1.000000	0.972403	1.000000	0.971846	0.999894	0.008822	1.000071	0.006816	1.000092	0.006032	1.000179	0.004098	1.000161	0.003131	1352526864.551747	0.999964	56.153023	42.690563	5.783976	1.000000	0.971853	1.000000	0.971759	1.000000	0.971808	1.000000	0.971818	0.999847	0.004177	1.000091	0.002821	1.000000	0.844532	1.000325	0.002718	
1352526865.551628	1.000005	49.908777	36.474732	4.366174	1.000000	0.975870	1.000000	0.975796	1.000000	0.975336	1.000069	0.007373	1.000191	0.005954	0.999966	0.006991	1.000104	0.003708	1.000373	0.002679	1352526865.551788	1.000041	56.644207	43.180740	5.797660	1.000000	0.975413	1.000000	0.975275	1.000000	0.975272	1.000000	0.975302	1.000102	0.003807	0.999939	0.002501	1.000000	0.852246	0.999817	0.002522	
1352526866.551626	0.999998	49.907703	36.487344	4.308571	1.000000	0.996056	0.999999	0.996050	1.000000	0.996005	0.999911	0.008017	0.999760	0.006478	0.999832	0.006310	0.999616	0.003880	0.999706	0.005208	1352526866.551789	1.000001	57.454733	44.002979	5.786677	1.000000	0.996018	1.000000	0.995994	1.000000	0.995988	1.000000	0.996077	0.999882	0.004138	0.999896	0.002744	1.000000	0.852298	0.999963	0.002763	
1352526867.551620	0.999994	50.071313	36.639287	4.291621	1.000000	0.985826	1.000001	0.985792	1.000000	0.985547	0.999995	0.008414	1.000165	0.007987	1.000084	0.005850	1.000211	0.003967	1.000158	0.003468	1352526867.551734	0.999945	56.576816	43.112467	5.792037	1.000000	0.985583	1.000000	0.985524	1.000000	0.985518	1.000000	0.985735	1.000030	0.005444	1.000094	0.002362	1.000000	0.842701	0.999795	0.002606	
1352526868.551623	1.000003	50.429928	36.994545	4.320742	1.000000	0.966478	1.000000	0.966501	1.000000	0.965841	0.999882	0.006856	0.999760	0.005379	0.999834	0.005980	0.999609	0.003313	1.000223	0.002625	1352526868.551768	1.000034	56.943371	43.470167	5.801728	1.000000	0.965956	0.999999	0.965796	1.000000	0.965790	1.000000	0.965802	0.999834	0.003324	0.999898	0.001709	1.000000	0.864227	1.000006	0.002249	
1352526869.551623	1.000000	50.328033	36.897461	4.291718	1.000000	0.978345	1.000000	0.978331	1.000000	0.977920	0.999953	0.007964	1.000096	0.007888	1.000051	0.006412	1.000195	0.002783	0.999761	0.002989	1352526869.551762	0.999994	56.051588	42.583689	5.806279	1.000000	0.977982	1.000001	0.977894	1.000000	0.977890	1.000000	0.977895	0.999958	0.002867	0.999988	0.002879	1.000000	0.848778	1.000026	0.002746	
1352526870.551626	1.000003	50.177152	36.745415	4.332750	1.000000	0.987941	1.000000	0.987811	1.000000	0.987596	0.999974	0.009111	1.000149	0.006280	1.000121	0.006209	1.000305	0.002622	1.000366	0.002830	1352526870.551749	0.999987	57.620842	44.145431	5.809616	1.000000	0.987629	1.000000	0.987571	1.000000	0.987562	1.000000	0.987579	1.000148	0.002846	1.000017	0.002656	1.000000	0.851286	0.999895	0.002740	
1352526871.551624	0.999998	50.070744	36.637811	4.299416	1.000000	0.976447	1.000000	0.976524	1.000000	0.976063	0.999921	0.006656	0.999753	0.006351	0.999782	0.007311	0.999396	0.002528	0.999489	0.002925	1352526871.551785	1.000036	57.268812	43.794535	5.763831	1.000000	0.976134	1.000000	0.976030	1.000000	0.976023	1.000000	0.976037	0.999790	0.002490	0.999933	0.002591	1.000000	0.855424	1.000053	0.002546	
1352526872.551622	0.999998	50.095249	36.676462	4.309029	1.000000	0.998919	1.000000	0.998921	1.000000	0.998913	0.999849	0.007601	1.000143	0.006331	1.000088	0.008175	1.000163	0.003738	1.000087	0.003418	1352526872.551751	0.999966	57.283523	43.822020	5.796890	1.000000	0.998915	1.000000	0.998902	1.000000	0.998897	1.000000	0.998971	0.999880	0.002705	1.000093	0.002703	1.000000	0.851836	0.999943	0.002818	
1352526873.551629	1.000007	50.101689	36.666845	4.305695	1.000000	0.968899	1.000000	0.968969	1.000000	0.968372	1.000107	0.008170	1.000140	0.005376	1.000050	0.006172	0.999974	0.003600	1.000429	0.002657	1352526873.551809	1.000058	57.389268	43.909977	5.783662	1.000000	0.968460	1.000000	0.968330	1.000000	0.968322	1.000000	0.968334	1.000217	0.002527	0.999927	0.002468	1.000000	0.853436	0.999876	0.003200	
1352526874.551622	0.999993	51.131762	37.700090	4.242034	1.000000	0.994502	1.000000	0.994505	1.000000	0.994419	0.999876	0.006898	0.999791	0.006891	0.999730	0.005749	1.000040	0.004393	0.999612	0.003049	1352526874.551741	0.999932	57.563299	44.090658	5.776699	1.000000	0.994430	1.000000	0.994346	1.000000	0.994341	1.000000	0.994512	0.999809	0.004310	0.999941	0.002764	1.000000	0.845029	1.000023	0.003873	
1352526875.552015	1.000393	49.318040	35.891720	4.305376	1.000000	0.983026	1.000000	0.982916	1.000000	0.982582	1.000031	0.006881	1.000173	0.008113	1.000150	0.006257	1.000024	0.003983	1.000393	0.003419	1352526875.552092	1.000351	55.819506	42.352415	5.759819	1.000000	0.982634	1.000000	0.982544	1.000000	0.982540	1.000000	0.982555	1.000151	0.003277	1.000023	0.002683	1.000000	0.839989	0.999841	0.003719	
1352526876.551623	0.999608	50.349050	36.908845	4.295324	1.000000	0.982219	1.000000	0.982228	1.000000	0.981906	0.999843	0.005818	0.999825	0.008289	0.999635	0.005221	0.999607	0.004037	0.999711	0.005113	1352526876.551764	0.999672	56.443352	42.959894	5.776614	1.000000	0.981955	1.000000	0.981878	1.000000	0.981872	1.000000	0.982288	0.999738	0.002576	1.000092	0.002541	1.000000	0.852252	0.999939	0.003779	
1352526877.551620	0.999997	48.995757	35.564518	4.302717	1.000000	0.987574	1.000000	0.987638	1.000000	0.987411	0.999981	0.008262	1.000125	0.008011	1.000167	0.006676	1.000203	0.004315	1.000108	0.003589	1352526877.551725	0.999961	56.510083	43.039906	5.784635	1.000000	0.987449	1.000000	0.987385	1.000000	0.987376	1.000000	0.987540	1.000212	0.002881	0.999900	0.002902	1.000000	0.838782	0.999906	0.004308	
1352526878.551623	1.000003	50.166364	36.729973	4.275972	1.000000	0.966854	1.000000	0.966860	1.000000	0.966242	0.999888	0.006920	0.999760	0.005679	0.999772	0.004836	0.999674	0.004490	0.999775	0.002828	1352526878.551743	1.000018	57.791386	44.326478	5.785175	1.000000	0.966344	1.000000	0.966194	1.000000	0.966184	1.000000	0.966403	0.999822	0.002418	0.999901	0.002487	1.000000	0.860375	1.000074	0.003728	
1352526879.551623	1.000000	50.281067	36.860901	4.256622	1.000000	0.979734	1.000000	0.979864	1.000000	0.979483	0.999870	0.007607	1.000146	0.007531	1.000017	0.005354	1.000096	0.004844	1.000226	0.003076	1352526879.551757	1.000014	56.557295	43.083119	5.777232	1.000000	0.979537	1.000000	0.979451	1.000000	0.979445	1.000000	0.979536	0.999919	0.003670	0.999995	0.002846	1.000000	0.842771	0.999987	0.003229	
1352526880.551623	1.000000	48.774521	35.344635	4.307343	1.000000	0.982538	1.000000	0.982537	1.000000	0.982201	1.000009	0.007233	0.999898	0.006257	0.999860	0.005036	0.999821	0.003729	0.999869	0.002757	1352526880.551765	1.000008	57.037608	43.570799	5.658737	1.000000	0.982254	1.000000	0.982169	1.000000	0.982163	1.000000	0.982175	0.999962	0.003833	0.999941	0.002619	1.000000	0.860855	0.999842	0.002519	
1352526881.551621	0.999998	50.008549	36.577188	4.292260	1.000000	0.971508	1.000000	0.971572	1.000000	0.971078	0.999742	0.007640	1.000172	0.006664	1.000180	0.005943	1.000162	0.004615	1.000111	0.003185	1352526881.551766	1.000001	56.924918	43.449498	5.779276	1.000000	0.971138	1.000000	0.971035	1.000000	0.971023	1.000000	0.971448	1.000022	0.003912	1.000075	0.002637	1.000000	0.840263	0.999999	0.002891	
1352526882.551618	0.999997	48.641020	35.222994	4.316496	1.000000	0.990701	1.000000	0.990774	1.000000	0.990568	1.000185	0.006456	1.000099	0.005535	1.000056	0.005366	1.000052	0.004273	1.000313	0.002810	1352526882.551814	1.000048	56.976151	43.522283	5.478589	1.000000	0.990598	1.000000	0.990550	1.000000	0.990544	1.000000	0.990626	1.000008	0.003455	1.000012	0.002231	1.000000	0.857899	0.999829	0.002400	
1352526883.551625	1.000007	715761595.956174	715771319.298766	715796458.192518	0.999983	1.000516	0.999981	1.000518	0.999983	1.000524	0.999983	1.000516	0.999983	1.000519	0.999986	1.000513	0.999983	1.000520	0.999983	1.000516	1352526883.551729	0.999915	715875519.365592	715872039.949674	715858566.265533	0.999983	1.000516	0.999980	1.000518	3.893515	0.256968	0.999983	1.000516	0.999983	1.000519	0.999986	1.000514	0.999983	1.000519	0.999983	1.000516	
1352526884.551618	0.999993	0.000000	0.000000	0.000000	-nan	-nan	-nan	-nan	0.000000	inf	-nan	-nan	-nan	0.000000	-nan	-nan	-nan	-nan	-nan	-nan	1352526884.551702	0.999973	0.000000	0.000000	0.000000	-nan	-nan	-nan	-nan	0.000000	inf	-nan	-nan	-nan	-nan	-nan	-nan	-nan	-nan	-nan	-nan	
