ts_0	elapsed_0	pkg_0	pp0_0	dram_0	freq_ratio_0_0	c0_ratio_0_0	freq_ratio_0_1	c0_ratio_0_1	freq_ratio_0_2	c0_ratio_0_2	freq_ratio_0_3	c0_ratio_0_3	freq_ratio_0_4	c0_ratio_0_4	freq_ratio_0_5	c0_ratio_0_5	freq_ratio_0_6	c0_ratio_0_6	freq_ratio_0_7	c0_ratio_0_7	ts_1	elapsed_1	pkg_1	pp0_1	dram_1	freq_ratio_1_0	c0_ratio_1_0	freq_ratio_1_1	c0_ratio_1_1	freq_ratio_1_2	c0_ratio_1_2	freq_ratio_1_3	c0_ratio_1_3	freq_ratio_1_4	c0_ratio_1_4	freq_ratio_1_5	c0_ratio_1_5	freq_ratio_1_6	c0_ratio_1_6	freq_ratio_1_7	c0_ratio_1_7	
1354694349.484440	1.021248	27.650755	14.583365	5.716338	1.152944	0.388384	1.154407	0.398607	1.152227	0.390236	1.152458	0.392655	1.151937	0.388276	1.152976	0.391247	1.152592	0.385069	1.153979	0.390232	1354694349.484695	1.000534	39.321956	26.133397	1.848485	1.000001	0.846908	1.000002	0.847015	1.000201	0.000096	0.830253	0.000110	1.000711	0.000085	0.816517	0.000107	0.999991	0.151972	0.999970	0.847429	
1354694350.484360	0.999920	33.904663	20.812992	6.105317	1.000000	0.742193	0.999982	0.003871	1.000000	1.000000	1.000954	0.000013	1.000580	0.000057	1.000104	0.000104	1.000458	0.000013	0.993902	0.000013	1354694350.484616	0.999921	36.566240	23.351742	2.711533	1.000000	1.000000	1.000000	0.257969	1.000870	0.000012	0.999713	0.000019	0.997821	0.000011	1.009145	0.000012	0.999784	0.000084	1.000000	1.000000	
1354694351.484359	0.999999	35.622013	22.528143	6.103872	1.000000	0.990527	1.000043	0.007919	1.000000	1.000000	0.999942	0.000113	0.998536	0.000023	0.999576	0.000066	1.000046	0.000050	0.999781	0.000109	1354694351.484580	0.999964	34.970314	21.781073	3.027087	1.000000	1.000000	0.999949	0.009570	0.999839	0.000062	1.000100	0.000069	0.998102	0.000060	0.997832	0.000051	1.000111	0.000090	1.000000	1.000000	
1354694352.484378	1.000019	32.862380	19.770894	6.116110	0.999999	0.528581	0.999974	0.007591	1.000000	1.000000	0.998734	0.000009	1.000257	0.000049	1.001991	0.000097	1.000088	0.000013	1.000662	0.000013	1354694352.484614	1.000034	37.758967	24.560381	3.351555	1.000000	1.000000	1.000001	0.471801	0.999315	0.000011	0.998325	0.000012	1.012917	0.000011	1.009106	0.000012	1.000179	0.000060	1.000000	1.000000	
1354694353.484361	0.999983	32.707570	19.612560	6.084164	1.000001	0.457716	0.999854	0.006385	1.000000	1.000000	0.996662	0.000091	1.007852	0.000021	0.996691	0.000058	0.988423	0.000049	0.990688	0.000049	1354694353.484560	0.999946	38.127283	24.945817	3.417436	1.000000	1.000000	0.999999	0.544264	0.999993	0.000052	1.000266	0.000052	0.999001	0.000044	0.999631	0.000043	0.999625	0.000074	1.000000	0.999141	
1354694354.484359	0.999998	33.779651	20.686502	6.111920	1.000000	0.745522	1.000257	0.002859	1.000000	1.000000	0.978719	0.000009	0.987431	0.000054	0.993484	0.000097	0.999894	0.000015	0.999572	0.000014	1354694354.484617	1.000057	36.322088	23.140375	2.531243	1.000000	1.000000	1.000002	0.254795	1.004374	0.000012	0.999904	0.000012	1.003807	0.000011	0.999860	0.000011	1.000447	0.000084	1.000000	1.000000	
1354694355.484360	1.000001	32.780959	19.699871	6.115366	1.000000	0.473817	0.999958	0.003866	1.000000	1.000000	1.000192	0.003520	1.021174	0.000033	1.008809	0.000074	1.008683	0.000062	1.003607	0.000146	1354694355.484574	0.999957	38.035904	24.855010	3.524550	1.000000	1.000000	0.999999	0.528254	0.999797	0.000080	0.999936	0.000084	0.999748	0.000069	1.000705	0.000068	0.999874	0.000101	1.000000	1.000000	
1354694356.484360	1.000000	32.448959	19.355225	6.122574	0.999275	0.529568	0.996410	0.001415	1.000000	0.955626	0.973501	0.006683	0.992718	0.000053	0.860678	0.000110	1.000259	0.000013	0.999537	0.000013	1354694356.484715	1.000141	37.167706	23.985069	3.356964	0.999999	0.955371	1.000000	0.427212	0.995571	0.000013	0.999937	0.000012	0.982071	0.000008	0.989976	0.000015	0.998953	0.000092	1.000000	1.000000	
1354694357.484362	1.000002	31.626939	18.540812	6.118580	0.941413	0.008025	1.000000	0.431640	1.000000	0.916963	0.625709	0.000504	0.852296	0.000023	1.003592	0.000056	1.002983	0.000046	1.000195	0.000048	1354694357.484590	0.999875	37.385515	24.207507	3.453389	1.000001	0.917226	1.000000	0.485470	1.001036	0.000054	1.000053	0.000051	1.002741	0.000049	1.002121	0.000060	1.001560	0.000064	1.000000	1.000000	
1354694358.484360	0.999998	33.651614	20.556848	6.094570	1.000009	0.008665	1.000000	0.644316	1.000000	1.000000	1.015211	0.000013	1.003255	0.000062	1.000012	0.000195	0.997430	0.000051	1.001674	0.000020	1354694358.484553	0.999963	36.976968	23.804469	3.230664	1.000000	1.000000	1.000000	0.356074	0.998914	0.000031	0.999870	0.000024	1.000484	0.000052	0.999578	0.000068	0.999988	0.000095	1.000000	1.000000	
1354694359.484359	0.999999	34.818499	21.724767	6.115179	0.917605	0.003189	0.999994	0.956631	1.000000	0.956576	0.995324	0.000054	0.977697	0.000017	0.994626	0.000038	0.921688	0.000050	0.957880	0.000108	1354694359.484839	1.000286	34.783643	21.599548	2.095516	0.999999	0.956278	0.999999	0.004484	1.000427	0.000073	0.999928	0.000074	0.999726	0.000065	1.000484	0.000064	0.998859	0.000093	1.000000	1.000000	
1354694360.484380	1.000021	32.652406	19.561494	6.129922	0.904661	0.003231	0.999539	0.530853	0.999996	0.937805	0.999991	0.006653	0.935990	0.000053	0.792786	0.000084	0.758199	0.000015	0.755048	0.000015	1354694360.484805	0.999966	37.001277	23.814777	4.057756	1.000000	0.937834	1.000000	0.407673	0.999477	0.000012	1.000098	0.000012	1.001000	0.000012	0.999421	0.000012	1.001803	0.000059	1.000000	1.000000	
1354694361.484360	0.999980	31.231659	18.143125	6.118943	0.882153	0.004645	0.999616	0.393168	0.999996	0.916944	0.999703	0.000058	0.991938	0.000022	0.959225	0.000071	1.003283	0.000063	1.000756	0.000048	1354694361.484608	0.999803	37.590685	24.407074	3.384410	1.000000	0.529087	1.000000	0.917010	0.999885	0.000124	0.999932	0.000074	0.996466	0.000043	0.999142	0.000064	0.999769	0.000078	1.000000	1.000000	
1354694362.484359	0.999999	34.334750	21.247625	6.124243	0.814306	0.001990	0.999977	0.910275	0.999986	0.910289	1.002515	0.000013	0.999874	0.000049	0.997743	0.000093	0.982631	0.000014	1.001232	0.000013	1354694362.484585	0.999977	34.479381	21.279296	2.086641	1.000029	0.005017	1.000000	0.910546	1.001430	0.000012	1.001295	0.000012	1.013667	0.000011	1.001418	0.000012	1.000261	0.000077	1.000000	1.000000	
1354694363.484360	1.000001	35.889340	22.792886	6.113184	0.999951	0.011317	1.000000	1.000000	1.000000	1.000000	1.000319	0.000565	1.010027	0.000021	1.000388	0.000058	1.001732	0.000044	1.000327	0.000050	1354694363.484550	0.999965	34.795501	21.583657	3.728921	0.999239	0.000406	1.000000	1.000000	0.999971	0.000054	0.999799	0.000052	0.999424	0.000049	1.000624	0.000043	1.000056	0.000068	1.000000	1.000000	
1354694364.484359	0.999999	34.616717	21.534078	6.077139	0.999993	0.005646	0.999999	0.547532	1.000000	0.958293	0.999968	0.008252	0.999815	0.002769	1.000002	0.003212	0.999810	0.002689	1.000002	0.002743	1354694364.484551	1.000001	39.436089	26.256170	3.368680	1.000000	0.413830	1.000000	0.958088	0.999849	0.002769	0.999821	0.002765	0.999849	0.002736	0.999813	0.002648	0.999838	0.002723	1.000000	1.000000	
1354694365.484359	1.000000	29.224701	16.134003	6.136398	0.952066	0.005746	1.015336	0.000044	0.999999	0.935051	0.914716	0.000058	1.018748	0.000016	0.999439	0.000032	0.903164	0.000047	0.999848	0.000068	1354694365.484747	1.000196	40.196132	27.016266	3.058513	1.000000	0.934961	1.000000	0.934937	1.008166	0.000046	1.010785	0.000044	1.011791	0.000036	1.008991	0.000056	1.006203	0.000068	1.000000	1.000000	
1354694366.484379	1.000020	31.758519	18.666908	6.135436	0.998830	0.445325	0.998903	0.000745	0.999998	0.946502	0.762984	0.000017	0.994563	0.000056	0.965433	0.000077	0.760345	0.000017	0.986554	0.000039	1354694366.484609	0.999862	37.525444	24.356542	2.226946	1.000000	0.503021	1.000001	0.946803	1.000528	0.000011	1.001773	0.000012	1.001235	0.000011	0.996714	0.000011	1.000172	0.000083	1.000000	1.000000	
1354694367.484375	0.999996	34.731784	21.630108	6.140116	0.999591	0.960196	0.995630	0.000750	1.000000	0.959145	1.007058	0.000074	1.005763	0.000032	1.008678	0.000050	1.007555	0.000067	1.006009	0.000084	1354694367.484847	1.000238	34.517193	21.314692	2.129864	1.001868	0.000058	0.999999	0.958802	1.000303	0.000111	0.999952	0.000104	0.999808	0.000100	1.000555	0.000099	0.999799	0.000125	1.000000	1.000000	
1354694368.484360	0.999985	34.540772	21.444841	6.135117	0.999407	0.914052	0.994192	0.003459	1.000000	0.952559	1.014609	0.000013	0.928413	0.000049	1.000089	0.000078	0.869995	0.000015	0.999802	0.000037	1354694368.484587	0.999740	34.507053	21.302065	2.575682	0.999934	0.000482	1.000000	0.952899	0.999740	0.000012	1.000262	0.000012	1.000186	0.000006	0.999290	0.000007	1.000192	0.000076	1.000000	1.000000	
1354694369.484359	0.999999	715788560.960694	715822603.632259	715814383.613433	0.999945	1.000570	0.999940	1.000563	0.999952	1.000569	0.999944	1.000566	0.999945	1.000573	0.999947	1.000565	0.999945	1.000576	0.999944	1.000569	1354694369.484449	0.999862	715887233.122729	715883983.339825	715904321.849270	0.999944	1.000568	0.999942	1.000569	3.896216	0.256793	0.999943	1.000562	0.999945	1.000571	0.999947	1.000568	0.999945	1.000575	0.999945	1.000571	
1354694370.484358	0.999999	0.000000	0.000000	0.000000	-nan	-nan	-nan	-nan	0.000000	inf	-nan	-nan	-nan	0.000000	0.000000	inf	-nan	-nan	-nan	-nan	1354694370.484436	0.999987	0.000000	0.000000	0.000000	-nan	-nan	-nan	-nan	0.000000	inf	-nan	-nan	-nan	-nan	-nan	-nan	-nan	-nan	-nan	-nan	
