ts_0	elapsed_0	pkg_0	pp0_0	dram_0	freq_ratio_0_0	c0_ratio_0_0	freq_ratio_0_1	c0_ratio_0_1	freq_ratio_0_2	c0_ratio_0_2	freq_ratio_0_3	c0_ratio_0_3	freq_ratio_0_4	c0_ratio_0_4	freq_ratio_0_5	c0_ratio_0_5	freq_ratio_0_6	c0_ratio_0_6	freq_ratio_0_7	c0_ratio_0_7	ts_1	elapsed_1	pkg_1	pp0_1	dram_1	freq_ratio_1_0	c0_ratio_1_0	freq_ratio_1_1	c0_ratio_1_1	freq_ratio_1_2	c0_ratio_1_2	freq_ratio_1_3	c0_ratio_1_3	freq_ratio_1_4	c0_ratio_1_4	freq_ratio_1_5	c0_ratio_1_5	freq_ratio_1_6	c0_ratio_1_6	freq_ratio_1_7	c0_ratio_1_7	
1352516706.087615	1.001921	43.852880	30.559690	6.881572	1.215049	0.011085	1.236332	0.456382	1.219156	0.740743	1.208949	0.002929	1.226810	0.004434	1.210998	0.002074	1.214212	0.001842	1.215413	0.002281	1352516706.087770	1.000410	46.699584	33.262651	6.696366	1.223705	0.744094	1.224113	0.743896	1.220704	0.046669	1.210076	0.091965	1.106874	0.001966	1.143515	0.001811	1.195512	0.055595	1.211514	0.235945	
1352516707.087609	0.999994	49.659766	36.278918	7.852632	1.224757	0.009438	1.219722	0.838594	1.222354	0.986898	1.222510	0.005139	1.220514	0.002107	1.215979	0.002034	1.214843	0.002002	1.210493	0.001912	1352516707.087742	0.999972	53.069519	39.438768	8.040569	1.203930	0.989982	1.203945	0.989960	1.210909	0.003695	1.216790	0.001744	1.218333	0.002258	1.207840	0.002949	1.216691	0.002312	1.207257	0.002472	
1352516708.087612	1.000003	50.981333	37.588354	7.964590	1.228031	0.053365	1.203381	0.816090	1.207465	0.960156	1.218075	0.003907	1.214136	0.002134	1.216326	0.001979	1.211679	0.001816	1.210277	0.001878	1352516708.087934	1.000192	53.956929	40.316664	8.022951	1.190270	0.962047	1.190264	0.961940	1.215247	0.003462	1.213154	0.001097	1.215743	0.002058	1.205533	0.002529	1.212695	0.002596	1.214469	0.002109	
1352516709.087619	1.000007	48.557587	35.164887	8.002523	1.203060	0.038228	1.236212	0.821078	1.235591	0.983253	1.227163	0.004096	1.210924	0.003747	1.221730	0.002138	1.225244	0.004368	1.216418	0.002039	1352516709.087755	0.999821	52.415009	38.770553	8.026904	1.221332	0.986874	1.221332	0.986849	1.225524	0.004059	1.223868	0.001091	1.226358	0.002311	1.219769	0.002190	1.219888	0.002597	1.218872	0.002210	
1352516710.087611	0.999992	49.661062	36.279820	7.938816	1.229307	0.024150	1.223656	0.836715	1.225717	0.986943	1.219787	0.004335	1.217224	0.001049	1.224034	0.001952	1.218285	0.001868	1.217389	0.001913	1352516710.087727	0.999972	52.605777	38.965854	8.066372	1.221471	0.990009	1.221471	0.989995	1.222782	0.003625	1.216515	0.001198	1.212700	0.002670	1.220620	0.002618	1.216891	0.002342	1.221059	0.002360	
1352516711.087619	1.000008	49.354489	35.965147	7.885861	1.222202	0.012779	1.222208	0.443371	1.217568	0.987180	1.200269	0.291902	1.210147	0.000942	1.213983	0.002227	1.208866	0.002132	1.207297	0.002087	1352516711.087902	1.000175	55.086033	41.460197	8.015931	1.195498	0.990181	1.195498	0.990162	1.218856	0.007264	1.196577	0.123149	1.212683	0.002065	1.210483	0.002889	1.212931	0.002231	1.196870	0.001731	
1352516712.087615	0.999996	44.453717	31.104481	7.558899	1.221707	0.013477	1.221180	0.009198	1.214047	0.969353	1.220187	0.005379	1.210159	0.001220	1.212351	0.002458	1.214031	0.002038	1.207119	0.002007	1352516712.087848	0.999946	55.574787	42.053703	7.931275	1.233449	0.722719	1.233153	0.970799	1.230769	0.599568	1.226182	0.427832	1.226100	0.002099	1.224668	0.002305	1.225229	0.002389	1.223013	0.000887	
1352516713.087636	1.000021	45.942243	32.575504	7.821369	1.221910	0.009963	1.233665	0.300031	1.221897	0.971672	1.221198	0.005321	1.212538	0.001131	1.213367	0.002418	1.213017	0.001959	1.209787	0.002045	1352516713.087834	0.999986	57.173992	43.619769	7.996710	1.208114	0.143913	1.207577	0.975174	1.207576	0.975152	1.206999	0.422170	1.216758	0.002462	1.207500	0.002315	1.213553	0.002047	1.206324	0.001065	
1352516714.087618	0.999982	49.588793	36.201804	7.940297	1.221903	0.010807	1.230949	0.205594	1.217996	0.975362	1.211023	0.654675	1.209509	0.001067	1.212644	0.001992	1.208983	0.001775	1.212672	0.001744	1352516714.087755	0.999921	54.300626	40.670217	8.008750	1.220008	0.002596	1.205422	0.978804	1.205422	0.978799	1.203572	0.003012	1.209416	0.002391	1.214310	0.002402	1.209504	0.002797	1.204260	0.001113	
1352516715.087613	0.999995	48.030667	34.638204	7.879266	1.231369	0.011687	1.241475	0.825934	1.242507	0.968206	1.259123	0.035558	1.223989	0.001298	1.227678	0.002865	1.221173	0.001726	1.222613	0.002169	1352516715.087801	1.000046	51.693056	38.054142	8.053569	1.228665	0.003227	1.229750	0.973296	1.229750	0.973292	1.221320	0.002206	1.220051	0.002228	1.221750	0.002568	1.219565	0.002451	1.220933	0.001278	
1352516716.087616	1.000003	46.678017	33.312961	7.797202	1.220448	0.010539	1.221800	0.251731	1.209146	0.970593	1.216575	0.005850	1.210584	0.001150	1.217979	0.002263	1.210549	0.002287	1.207742	0.002088	1352516716.087829	1.000028	55.881086	42.324717	8.052617	1.229661	0.153314	1.222586	0.972921	1.222584	0.972888	1.218194	0.447290	1.220208	0.002549	1.216021	0.002117	1.222965	0.005045	1.214337	0.001072	
1352516717.087617	1.000001	46.029146	32.687835	7.838219	1.203292	0.011305	1.202610	0.008966	1.194852	0.980522	1.202238	0.005477	1.203298	0.000982	1.199529	0.002148	1.196234	0.002281	1.196231	0.002324	1352516717.087829	1.000000	57.710861	44.166519	8.029373	1.213558	0.860403	1.216878	0.980749	1.216877	0.980749	1.222211	0.002265	1.223025	0.002197	1.216092	0.002235	1.223845	0.001841	1.218766	0.000979	
1352516718.087615	0.999998	45.838329	32.481736	7.798950	1.209097	0.008997	1.208576	0.008478	1.196955	0.971120	1.210138	0.005875	1.199620	0.001094	1.200140	0.002264	1.202610	0.002517	1.194545	0.002088	1352516718.087965	1.000136	59.196194	45.655813	7.978469	1.204426	0.619308	1.204787	0.972856	1.204787	0.972864	1.193442	0.239418	1.203218	0.002242	1.215930	0.001909	1.205101	0.001997	1.203678	0.000881	
1352516719.087661	1.000046	43.997960	30.644311	7.722743	1.226833	0.024403	1.230915	0.108151	1.223172	0.973345	1.224482	0.006214	1.223691	0.003155	1.210045	0.002053	1.214561	0.002343	1.210555	0.002037	1352516719.087924	0.999959	58.980034	45.426820	8.054453	1.186761	0.734440	1.193839	0.975987	1.193838	0.975972	1.210960	0.002173	1.215187	0.002156	1.211616	0.002255	1.220240	0.002262	1.208768	0.001084	
1352516720.087610	0.999949	50.857240	37.467991	7.865285	1.222027	0.012684	1.207397	0.764240	1.208721	0.986924	1.186227	0.093867	1.205018	0.001044	1.210020	0.001745	1.232782	0.005449	1.209125	0.001790	1352516720.087785	0.999861	54.369664	40.748202	8.025759	1.215162	0.002078	1.198985	0.992010	1.198985	0.992003	1.206133	0.002039	1.208712	0.002259	1.209501	0.002359	1.212739	0.002165	1.206526	0.001060	
1352516721.087610	1.000000	49.129257	35.739838	7.926056	1.224710	0.013628	1.231823	0.806069	1.233452	0.969765	1.248483	0.050990	1.211769	0.000882	1.222665	0.003093	1.208037	0.001742	1.208776	0.001824	1352516721.087777	0.999992	54.704408	41.073072	8.062657	1.210146	0.001790	1.184143	0.976275	1.184142	0.976261	1.210551	0.001947	1.208395	0.002282	1.207318	0.002559	1.207760	0.002098	1.198996	0.001180	
1352516722.087612	1.000002	51.129358	37.735997	7.913727	1.222345	0.013594	1.199647	0.845846	1.203447	0.972425	1.213137	0.006379	1.198139	0.001078	1.211062	0.001887	1.203321	0.001790	1.211422	0.002229	1352516722.087712	0.999935	51.758877	38.133280	8.016070	1.226627	0.002199	1.222175	0.975775	1.222175	0.975762	1.223092	0.002092	1.222197	0.002231	1.221539	0.003329	1.220468	0.002275	1.223563	0.001091	
1352516723.087616	1.000004	46.562800	33.190814	7.826079	1.200845	0.052172	1.234828	0.245041	1.214298	0.962683	1.218185	0.004567	1.207797	0.001031	1.212353	0.001940	1.205267	0.001966	1.210009	0.001973	1352516723.087760	1.000048	58.126258	44.552400	8.007414	1.183914	0.533909	1.196095	0.966594	1.196094	0.966582	1.198304	0.052256	1.208166	0.002213	1.207561	0.003871	1.212306	0.002126	1.198796	0.001111	
1352516724.087608	0.999992	49.903847	36.525046	7.938770	1.249428	0.051645	1.219486	0.812212	1.223398	0.986524	1.223642	0.005014	1.215524	0.001033	1.214550	0.001951	1.213973	0.001765	1.218316	0.001901	1352516724.087894	1.000134	54.638751	41.011381	8.027641	1.218754	0.002926	1.192711	0.992024	1.192710	0.992016	1.206229	0.001229	1.208706	0.002537	1.215033	0.002717	1.208456	0.002338	1.202679	0.001114	
1352516725.087610	1.000002	49.396955	35.999336	7.854538	1.223130	0.009326	1.227387	0.858795	1.228339	0.961951	1.227209	0.006057	1.205919	0.000958	1.206967	0.002473	1.201224	0.002440	1.206455	0.001766	1352516725.087783	0.999889	53.521709	39.883582	8.007069	1.216127	0.003227	1.203610	0.967139	1.203609	0.967118	1.206284	0.001165	1.215897	0.002308	1.211934	0.002232	1.216136	0.002224	1.205286	0.001162	
1352516726.087613	1.000003	49.086762	35.691204	7.947775	1.228875	0.007953	1.233229	0.855359	1.234302	0.987659	1.230829	0.006386	1.207904	0.001046	1.211498	0.001835	1.210784	0.001720	1.212046	0.001819	1352516726.087742	0.999959	54.101645	40.470379	8.041406	1.201251	0.005041	1.196434	0.991215	1.196433	0.991205	1.213127	0.001230	1.216469	0.002563	1.212958	0.002142	1.216035	0.002330	1.212149	0.001086	
1352516727.087610	0.999997	50.429859	37.032143	7.943399	1.204721	0.012514	1.221921	0.857643	1.222914	0.987973	1.197855	0.006707	1.176082	0.004310	1.180232	0.005074	1.176132	0.004873	1.175118	0.004302	1352516727.087779	1.000037	53.677628	40.043671	8.031182	1.192880	0.005833	1.206966	0.991197	1.206966	0.991188	1.181206	0.004245	1.187968	0.004549	1.190331	0.005277	1.188374	0.004906	1.180816	0.003791	
1352516728.087608	0.999998	51.732414	38.332120	7.964874	1.212473	0.007523	1.200595	0.867221	1.203963	0.986924	1.208163	0.002196	1.209745	0.003009	1.215538	0.002746	1.213001	0.002040	1.216156	0.001949	1352516728.087787	1.000008	56.137683	42.498069	8.077220	1.209419	0.003445	1.183008	0.990946	1.183007	0.990939	1.203683	0.003126	1.198986	0.002669	1.202948	0.002353	1.200356	0.003280	1.201084	0.002414	
1352516729.087610	1.000002	49.907238	36.506751	7.946777	1.217588	0.007857	1.222412	0.861677	1.224322	0.966024	1.216844	0.002174	1.207485	0.004670	1.223954	0.002871	1.214010	0.001797	1.218151	0.001999	1352516729.087794	1.000007	56.549002	42.908914	8.062337	1.208794	0.003705	1.174226	0.971206	1.174224	0.971183	1.204820	0.002048	1.199094	0.002100	1.197827	0.002276	1.209233	0.003211	1.201216	0.002587	
1352516730.087608	0.999998	50.410191	37.025385	7.953354	1.223242	0.007223	1.212095	0.852323	1.215046	0.970897	1.217856	0.002518	1.219139	0.002999	1.217715	0.003124	1.212315	0.001946	1.217920	0.002113	1352516730.087712	0.999918	54.777091	41.162357	8.019441	1.202746	0.005743	1.191012	0.973544	1.191012	0.973530	1.207966	0.002077	1.203802	0.002220	1.208084	0.002366	1.210581	0.003466	1.206682	0.002312	
1352516731.087620	1.000012	50.826344	37.429836	7.910398	1.214291	0.008473	1.229669	0.098736	1.207361	0.957983	1.201903	0.765239	1.205007	0.002212	1.207653	0.001976	1.199080	0.001820	1.198560	0.001898	1352516731.087773	1.000061	54.453509	40.816356	8.021056	1.214826	0.004127	1.201358	0.959164	1.201358	0.959161	1.212492	0.002311	1.207720	0.002340	1.198474	0.002250	1.211320	0.003056	1.195906	0.002145	
1352516732.087613	0.999993	51.786125	38.394675	7.980203	1.207762	0.008464	1.201865	0.010538	1.191631	0.960091	1.187322	0.846124	1.201353	0.002150	1.199593	0.001985	1.195438	0.001816	1.202487	0.002187	1352516732.087698	0.999925	53.098485	39.469059	8.121566	1.220354	0.004484	1.211563	0.961693	1.211563	0.961677	1.216111	0.003392	1.211271	0.002325	1.210150	0.002646	1.217335	0.003669	1.209046	0.002019	
1352516733.087619	1.000006	52.395531	38.994580	7.895049	1.206775	0.007302	1.195578	0.866128	1.198642	0.974792	1.204164	0.003842	1.211977	0.001929	1.206087	0.002178	1.199239	0.001747	1.202642	0.002880	1352516733.087849	1.000151	55.771368	42.134388	8.045081	1.207561	0.003098	1.178137	0.977991	1.178137	0.977990	1.207507	0.004059	1.194005	0.002033	1.193792	0.002025	1.201507	0.002943	1.198667	0.002225	
1352516734.087609	0.999990	52.629220	39.223995	7.957721	1.210718	0.005940	1.197866	0.872874	1.201445	0.975402	1.217617	0.004188	1.209953	0.002218	1.202925	0.001715	1.201499	0.001634	1.215118	0.001923	1352516734.087802	0.999953	54.702185	41.052465	8.051205	1.218561	0.003508	1.205071	0.977201	1.205071	0.977180	1.215385	0.004716	1.200306	0.001934	1.210304	0.001911	1.210076	0.002361	1.200953	0.001914	
1352516735.087609	1.000000	715794316.126099	715815435.599182	715789693.591797	0.999951	1.000309	0.999948	1.000309	0.999950	1.000312	0.999949	1.000300	0.999950	1.000308	0.999952	1.000298	0.999950	1.000307	0.999950	1.000304	1352516735.087705	0.999903	715879769.864311	715889539.509206	715840958.654517	0.999950	1.000307	0.999947	1.000304	3.895771	0.256756	0.999950	1.000304	0.999950	1.000306	0.999953	1.000303	0.999950	1.000305	0.999951	1.000307	
1352516736.087609	1.000000	0.000000	0.000000	0.000000	-nan	-nan	-nan	-nan	0.000000	inf	-nan	-nan	-nan	0.000000	-nan	-nan	-nan	-nan	-nan	-nan	1352516736.087668	0.999963	0.000000	0.000000	0.000000	-nan	-nan	-nan	-nan	0.000000	inf	-nan	-nan	-nan	-nan	-nan	-nan	-nan	-nan	-nan	-nan	
