ts_0	elapsed_0	pkg_0	pp0_0	dram_0	freq_ratio_0_0	c0_ratio_0_0	freq_ratio_0_1	c0_ratio_0_1	freq_ratio_0_2	c0_ratio_0_2	freq_ratio_0_3	c0_ratio_0_3	freq_ratio_0_4	c0_ratio_0_4	freq_ratio_0_5	c0_ratio_0_5	freq_ratio_0_6	c0_ratio_0_6	freq_ratio_0_7	c0_ratio_0_7	ts_1	elapsed_1	pkg_1	pp0_1	dram_1	freq_ratio_1_0	c0_ratio_1_0	freq_ratio_1_1	c0_ratio_1_1	freq_ratio_1_2	c0_ratio_1_2	freq_ratio_1_3	c0_ratio_1_3	freq_ratio_1_4	c0_ratio_1_4	freq_ratio_1_5	c0_ratio_1_5	freq_ratio_1_6	c0_ratio_1_6	freq_ratio_1_7	c0_ratio_1_7	
1354694260.871037	1.001850	47.373180	34.094567	3.273592	1.157462	0.397656	1.154394	0.381793	1.154250	0.384256	1.155653	0.391617	1.154706	0.384708	1.156015	0.388202	1.155011	0.383842	1.155601	0.386774	1354694260.871112	1.000330	44.741508	31.532381	2.366193	0.999891	0.563478	0.999969	0.563138	1.000002	0.561534	1.000014	0.010100	1.000103	0.003557	1.000002	0.559583	1.000002	0.551482	0.999797	0.771570	
1354694261.871033	0.999996	42.093783	28.804102	3.635604	0.858235	0.634953	0.859397	0.632675	0.859413	0.632597	0.859429	0.632579	0.859409	0.632574	0.859409	0.632525	0.859382	0.632542	0.859439	0.632372	1354694261.871447	1.000335	45.081060	31.861275	2.390694	0.967547	0.633882	0.967543	0.633790	0.967547	0.633855	0.972976	0.000286	0.965016	0.002847	0.967541	0.633739	0.967539	0.633671	0.979267	0.999588	
1354694262.871038	1.000005	53.734930	40.440349	4.077693	0.823505	0.990367	0.823553	0.990206	0.823552	0.990233	0.823549	0.990243	0.823546	0.990282	0.823548	0.990351	0.823547	0.990437	0.823545	0.990452	1354694262.871114	0.999667	52.463397	39.226108	2.163318	0.928194	0.991834	0.928192	0.991833	0.928194	0.991890	0.922292	0.000787	0.949353	0.002231	0.928189	0.991940	0.928188	0.991965	0.928614	0.997884	
1354694263.871032	0.999994	50.777036	37.524775	4.144495	0.792499	0.996090	0.792499	0.996088	0.792500	0.996084	0.792499	0.996083	0.792499	0.996081	0.792500	0.996078	0.792500	0.996077	0.792499	0.996073	1354694263.871104	0.999990	50.777135	37.530268	2.191855	0.912129	0.997191	0.912129	0.997189	0.912129	0.997187	0.932073	0.000512	0.931295	0.001330	0.912129	0.997188	0.912129	0.997185	0.912129	0.997183	
1354694264.871032	1.000000	50.833359	37.497849	4.082932	0.788517	0.995987	0.788517	0.995983	0.788517	0.995983	0.788517	0.995980	0.788517	0.995977	0.788517	0.995976	0.788517	0.995973	0.788517	0.995970	1354694264.871102	0.999998	50.774007	37.532863	2.454274	0.904177	0.997716	0.904178	0.997714	0.904177	0.997712	0.932661	0.000373	0.901236	0.003808	0.904177	0.997713	0.904177	0.997712	0.904177	0.997710	
1354694265.871032	1.000000	50.830521	37.523407	4.145630	0.791821	0.996240	0.791821	0.996236	0.791821	0.996234	0.791821	0.996232	0.791821	0.996231	0.791821	0.996228	0.791821	0.996226	0.791820	0.996224	1354694265.871108	1.000006	50.724170	37.482778	2.402741	0.910689	0.997652	0.910689	0.997650	0.910689	0.997648	0.928975	0.000424	0.913448	0.003336	0.910689	0.997649	0.910689	0.997647	0.910689	0.997645	
1354694266.871047	1.000015	50.831466	37.526734	4.096694	0.786592	0.996036	0.786592	0.996033	0.786592	0.996030	0.786592	0.996027	0.786592	0.996025	0.786592	0.996023	0.786592	0.996024	0.786592	0.996021	1354694266.871116	1.000008	50.776215	37.528642	2.135908	0.903170	0.997398	0.903170	0.997397	0.903170	0.997395	0.840671	0.004654	0.863057	0.005581	0.903170	0.997396	0.903170	0.997393	0.903170	0.997391	
1354694267.871032	0.999985	50.829667	37.518996	4.145494	0.790509	0.996189	0.790510	0.996187	0.790510	0.996185	0.790509	0.996182	0.790509	0.996179	0.790509	0.996178	0.790510	0.996176	0.790509	0.996174	1354694267.871105	0.999989	50.776741	37.519638	2.486645	0.908767	0.998155	0.908767	0.998153	0.908767	0.998150	0.922593	0.000722	0.903444	0.003462	0.908767	0.998152	0.908767	0.998150	0.908767	0.998150	
1354694268.871032	1.000000	715791601.036652	715776510.076080	715799028.061218	0.999942	1.000562	0.999943	1.000579	0.999945	1.000582	0.999943	1.000567	0.999945	1.000576	0.999946	1.000568	0.999945	1.000577	0.999944	1.000572	1354694268.871131	1.000026	715775958.003395	715759456.058615	715763143.507541	0.999945	1.000573	0.999940	1.000570	3.896124	0.256801	0.999943	1.000567	0.999946	1.000582	0.999947	1.000572	0.999945	1.000578	0.999945	1.000580	
1354694269.871031	0.999999	0.000000	0.000000	0.000000	-nan	-nan	-nan	-nan	0.000000	inf	-nan	-nan	-nan	0.000000	-nan	-nan	-nan	-nan	-nan	-nan	1354694269.871110	0.999979	0.000000	0.000000	0.000000	-nan	-nan	-nan	-nan	0.000000	inf	-nan	-nan	-nan	-nan	-nan	-nan	-nan	-nan	-nan	-nan	
