ts_0	elapsed_0	pkg_0	pp0_0	dram_0	freq_ratio_0_0	c0_ratio_0_0	freq_ratio_0_1	c0_ratio_0_1	freq_ratio_0_2	c0_ratio_0_2	freq_ratio_0_3	c0_ratio_0_3	freq_ratio_0_4	c0_ratio_0_4	freq_ratio_0_5	c0_ratio_0_5	freq_ratio_0_6	c0_ratio_0_6	freq_ratio_0_7	c0_ratio_0_7	ts_1	elapsed_1	pkg_1	pp0_1	dram_1	freq_ratio_1_0	c0_ratio_1_0	freq_ratio_1_1	c0_ratio_1_1	freq_ratio_1_2	c0_ratio_1_2	freq_ratio_1_3	c0_ratio_1_3	freq_ratio_1_4	c0_ratio_1_4	freq_ratio_1_5	c0_ratio_1_5	freq_ratio_1_6	c0_ratio_1_6	freq_ratio_1_7	c0_ratio_1_7	
1356628180.659457	1.001641	34.055594	20.901552	4.015779	1.154539	0.254847	1.156118	0.261527	1.155066	0.254219	1.155951	0.256800	1.154220	0.250353	1.156912	0.259902	1.154925	0.252464	1.156329	0.257507	1356628180.659685	1.000471	34.028113	20.852908	1.602761	1.000000	0.966860	1.004723	0.000195	0.848304	0.000127	1.006090	0.000030	0.790897	0.000078	1.008650	0.000030	0.616533	0.000050	0.999951	0.967390	
1356628181.659453	0.999996	34.319338	21.164637	4.055467	1.000230	0.000574	1.000000	1.000000	1.000001	1.000000	0.999734	0.000208	1.003116	0.000023	1.000844	0.000068	1.001683	0.000054	1.021002	0.000013	1356628181.659678	0.999993	34.265892	21.092431	1.590969	1.000000	1.000000	1.000151	0.000056	1.000005	0.000081	1.000519	0.000131	0.999299	0.000101	1.000000	0.000073	0.999989	0.000071	1.000000	1.000000	
1356628182.659452	0.999999	34.350771	21.195485	4.147373	0.999606	0.000359	1.000000	1.000000	1.000000	1.000000	0.999591	0.000138	0.999634	0.000054	0.999436	0.000038	1.014937	0.000013	0.996373	0.000053	1356628182.659673	0.999995	34.201541	21.036879	1.587944	1.000000	1.000000	0.999931	0.000117	0.999993	0.000053	1.002322	0.000012	0.999072	0.000044	0.873579	0.000014	1.001997	0.000011	1.000000	1.000000	
1356628183.659452	1.000000	34.305679	21.161484	4.184448	1.000225	0.000568	1.000000	1.000000	1.000000	1.000000	1.000064	0.000594	0.999593	0.000046	0.999979	0.000075	0.995406	0.000048	0.999591	0.000013	1356628183.659676	1.000003	34.290482	21.096813	1.592540	1.000000	1.000000	0.999708	0.000065	1.000005	0.000160	0.997742	0.000116	1.000882	0.000098	1.029034	0.000058	0.999395	0.000059	1.000000	1.000000	
1356628184.659452	1.000000	34.324783	21.164856	4.289398	0.999570	0.000364	1.000000	1.000000	1.000000	1.000000	1.000120	0.000138	1.005245	0.000042	1.000179	0.000039	0.997076	0.000013	0.998685	0.000047	1356628184.659672	0.999996	34.239458	21.071481	1.588111	1.000000	1.000000	1.000035	0.000198	0.999684	0.000055	0.915576	0.000008	0.997133	0.000044	1.004287	0.000012	1.001969	0.000017	1.000000	1.000000	
1356628185.659452	1.000000	34.321899	21.164368	4.179443	1.000257	0.000559	1.000000	1.000000	1.000000	1.000000	1.000005	0.000151	0.990753	0.000022	1.000099	0.000070	0.990356	0.000048	1.004019	0.000013	1356628185.659682	1.000010	34.287651	21.106646	1.591125	1.000000	1.000000	1.000466	0.000056	1.000209	0.000067	1.011969	0.000075	1.001785	0.000093	0.999890	0.000059	0.999817	0.000059	1.000000	1.000000	
1356628186.659452	1.000000	34.353867	21.194427	4.118835	0.999940	0.000336	1.000000	1.000000	1.000000	1.000000	0.999906	0.000159	0.988942	0.000058	0.987935	0.000039	0.999783	0.000014	0.989707	0.000050	1356628186.659677	0.999995	34.291111	21.109664	1.586403	1.000000	1.000000	0.999805	0.000105	1.000057	0.000054	0.997034	0.000054	0.999754	0.000044	1.000229	0.000012	1.000709	0.000012	1.000000	1.000000	
1356628187.659452	1.000000	34.322174	21.162735	4.110092	1.000003	0.000816	1.000000	1.000000	1.000000	1.000000	1.000003	0.000249	1.020629	0.000031	0.996992	0.000082	1.008425	0.000063	1.031461	0.000023	1356628187.659670	0.999993	34.293419	21.112512	1.587917	1.000000	1.000000	1.000079	0.000092	1.000007	0.000110	1.002195	0.000099	0.999314	0.000118	0.979895	0.000085	0.999980	0.000079	1.000000	1.000000	
1356628188.659452	1.000000	34.347260	21.187958	4.171204	0.999968	0.000374	1.000000	1.000000	1.000000	1.000000	0.999950	0.000440	1.000414	0.000047	1.000140	0.000284	1.016321	0.000013	0.995525	0.000047	1356628188.659673	1.000003	34.331330	21.151088	1.587962	1.000000	1.000000	0.999743	0.000185	0.999790	0.000092	0.996209	0.000038	1.001759	0.000043	1.268516	0.000006	0.996861	0.000007	1.000000	1.000000	
1356628189.659452	1.000000	35.738892	22.577133	4.208267	1.000000	0.003313	1.000000	1.000000	1.000000	1.000000	0.999986	0.002980	0.999810	0.002666	1.000131	0.005124	0.999704	0.002678	0.999812	0.002606	1356628189.659613	0.999940	36.955254	23.773432	1.590855	1.000000	1.000000	0.999842	0.002656	0.999828	0.002645	0.999871	0.002662	0.999846	0.002897	0.999841	0.002605	1.000182	0.002654	1.000000	1.000000	
1356628190.659452	1.000000	34.369675	21.211121	4.202209	0.999964	0.000374	1.000000	1.000000	1.000000	1.000000	1.000256	0.000137	1.010348	0.000047	1.005463	0.000038	1.074650	0.000007	1.011829	0.000043	1356628190.659673	1.000060	34.309096	21.128125	1.591198	1.000000	1.000000	1.004674	0.000097	1.009264	0.000050	1.048412	0.000007	1.007352	0.000049	0.836308	0.000008	0.925147	0.000006	1.000000	1.000000	
1356628191.659452	1.000000	34.332123	21.175507	4.233688	0.999726	0.000544	1.000000	1.000000	1.000000	1.000000	0.999995	0.000226	0.999517	0.000023	0.999391	0.000341	1.000506	0.000052	0.998529	0.000013	1356628191.659676	1.000003	34.286851	21.105541	1.589366	1.000000	1.000000	1.000175	0.000064	0.999995	0.000072	1.001129	0.000121	0.999360	0.000116	1.025276	0.000067	0.999666	0.000069	1.000000	1.000000	
1356628192.659452	1.000000	34.283493	21.137222	4.226685	1.000398	0.000342	1.000000	1.000000	1.000000	1.000000	0.999961	0.000137	0.999984	0.000047	0.999940	0.000039	1.001010	0.000013	1.004800	0.000048	1356628192.659669	0.999993	34.295754	21.113092	1.592708	1.000000	1.000000	1.000026	0.000104	0.999984	0.000047	0.999845	0.000012	1.001275	0.000044	1.000162	0.000012	1.002341	0.000011	1.000000	1.000000	
1356628193.659452	1.000000	34.332993	21.175552	4.164230	0.999791	0.000551	1.000000	1.000000	1.000000	1.000000	0.999547	0.000460	0.991207	0.000023	0.999834	0.000072	0.999517	0.000048	0.981931	0.000013	1356628193.659671	1.000002	34.319301	21.136358	1.583096	1.000000	1.000000	0.999567	0.000065	0.999847	0.000108	0.999659	0.000070	0.999471	0.000101	0.999538	0.000059	0.999088	0.000060	1.000000	1.000000	
1356628194.659452	1.000000	34.320282	21.160767	4.103775	1.000261	0.000370	1.000000	1.000000	1.000000	1.000000	1.001425	0.000138	1.003870	0.000052	1.005209	0.000038	0.999126	0.000013	1.000471	0.000048	1356628194.659672	1.000001	34.287229	21.116771	1.591414	1.000000	1.000000	1.000205	0.000094	1.000362	0.000048	0.943443	0.000012	1.001106	0.000044	0.999403	0.000011	1.005147	0.000012	1.000000	1.000000	
1356628195.659452	1.000000	34.347839	21.188461	4.237808	1.000011	0.000541	1.000000	1.000000	1.000000	1.000000	1.000010	0.000148	0.999728	0.000023	0.997019	0.000070	0.999977	0.000050	1.000831	0.000013	1356628195.659670	0.999998	34.333882	21.149851	1.586475	1.000000	1.000000	0.999796	0.000064	0.999995	0.000071	0.999158	0.000069	1.000113	0.000095	1.000639	0.000058	0.999123	0.000059	1.000000	1.000000	
1356628196.659452	1.000000	34.315689	21.158188	4.230713	0.999959	0.000336	1.000000	1.000000	1.000000	1.000000	1.000002	0.000159	0.999975	0.000047	1.000097	0.000040	1.016065	0.000013	0.999975	0.000047	1356628196.659671	1.000001	34.301054	21.116603	1.587935	1.000000	1.000000	0.999950	0.000115	1.000007	0.000053	1.014445	0.000054	0.999813	0.000043	0.999548	0.000012	1.004186	0.000012	1.000000	1.000000	
1356628197.659452	1.000000	34.330139	21.169601	4.269424	0.999721	0.000559	1.000000	1.000000	1.000000	1.000000	0.998439	0.000152	0.990849	0.000021	0.997126	0.000068	0.980429	0.000047	0.982529	0.000013	1356628197.659670	0.999999	34.334795	21.151021	1.591310	1.000000	1.000000	1.000170	0.000098	0.999972	0.000069	0.999972	0.000095	1.000088	0.000092	1.000151	0.000059	0.999191	0.000059	1.000000	1.000000	
1356628198.659452	1.000000	34.177780	21.016586	4.192947	1.000360	0.000388	1.000000	0.972838	1.000000	1.000000	1.000518	0.000445	0.995466	0.000051	0.991779	0.000040	1.013628	0.000015	0.992756	0.000047	1356628198.659677	1.000007	34.324897	21.140555	1.594426	1.000000	1.000000	0.999563	0.000103	0.999761	0.000126	0.991263	0.000040	0.999251	0.000050	0.999042	0.000012	1.003778	0.000012	1.000000	1.000000	
1356628199.659452	1.000000	34.336914	21.175751	4.255981	0.999984	0.000570	1.000000	1.000000	1.000000	1.000000	1.000004	0.000201	1.014042	0.000031	1.000253	0.002028	1.007991	0.000064	1.024116	0.000022	1356628199.659687	1.000010	34.328331	21.145952	1.589568	1.000000	1.000000	1.000273	0.000085	1.000248	0.000110	1.001974	0.000099	1.001241	0.000111	1.000049	0.000079	0.999612	0.000068	1.000000	1.000000	
1356628200.659452	1.000000	34.292694	21.131500	4.244278	0.999464	0.000370	1.000000	1.000000	1.000000	1.000000	0.999986	0.000137	0.990945	0.000047	0.999820	0.000041	1.001999	0.000013	1.000944	0.000047	1356628200.659674	0.999987	34.294776	21.113299	1.591421	1.000000	1.000000	1.000072	0.000106	1.000014	0.000055	0.975884	0.000008	0.998036	0.000043	0.995385	0.000007	1.002246	0.000006	1.000000	1.000000	
1356628201.659452	1.000000	34.314819	21.167252	4.234421	1.000184	0.000743	1.000000	1.000000	1.000000	1.000000	0.999999	0.002090	1.000696	0.000479	0.999699	0.000069	0.998543	0.000046	0.997482	0.000013	1356628201.659666	0.999992	34.558416	21.377477	1.651396	1.000000	1.000000	0.999987	0.001028	0.999995	0.018532	1.000378	0.000873	0.999781	0.000093	1.000579	0.000064	1.000044	0.000071	1.000000	1.000000	
1356628202.659453	1.000001	34.316816	21.156657	4.210857	0.999679	0.000340	1.000000	1.000000	1.000000	1.000000	0.999432	0.000151	1.000025	0.000562	1.000559	0.000050	1.020348	0.000013	0.999305	0.000047	1356628202.659681	1.000015	34.708433	21.525540	1.761357	1.000000	1.000000	0.999979	0.000282	1.000001	0.072346	0.994827	0.000019	1.000733	0.000044	0.999648	0.000018	0.999832	0.000018	1.000000	1.000000	
1356628203.659452	0.999999	34.342867	21.181737	4.196797	0.999857	0.000548	1.000000	1.000000	1.000000	1.000000	1.000181	0.000478	1.000959	0.000139	0.999890	0.000073	0.995693	0.000050	1.002127	0.000013	1356628203.659675	0.999994	34.282568	21.110660	1.587793	1.000000	1.000000	0.999930	0.000094	0.999988	0.000096	1.001384	0.000069	0.999793	0.000102	0.999960	0.000058	0.999755	0.000061	1.000000	1.000000	
1356628204.659452	1.000000	34.313522	21.150635	4.203705	1.000557	0.000351	1.000000	1.000000	1.000000	1.000000	0.999945	0.000147	1.000020	0.000057	0.999960	0.000039	1.016483	0.000013	1.000008	0.000046	1356628204.659684	1.000009	34.351328	21.167701	1.588029	1.000000	1.000000	0.999969	0.000138	1.000023	0.000051	0.990938	0.000012	1.001791	0.000045	0.999504	0.000011	1.000770	0.000012	1.000000	1.000000	
1356628205.659454	1.000002	34.270030	21.109091	4.241737	0.999760	0.000540	1.000000	1.000000	1.000000	0.994228	0.999560	0.000153	1.008899	0.000021	1.000176	0.000066	0.995760	0.000047	0.999734	0.000013	1356628205.659677	0.999993	34.294366	21.110803	1.594326	1.000000	1.000000	0.991507	0.000066	0.999996	0.000088	0.997013	0.000070	1.000046	0.000093	1.000071	0.000060	1.000140	0.000058	1.000000	0.994266	
1356628206.659452	0.999998	34.370274	21.207819	4.329613	1.000256	0.000436	1.000000	1.000000	1.000000	1.000001	1.000118	0.000305	1.000029	0.000080	1.000374	0.000046	1.000117	0.000049	0.999966	0.000149	1356628206.659672	0.999995	34.349247	21.164321	1.592553	1.000000	1.000000	1.001689	0.000327	1.000755	0.000498	1.000960	0.000328	0.998520	0.000057	0.999226	0.000036	0.999729	0.000064	1.000000	1.000000	
1356628207.659452	1.000000	34.322495	21.160110	4.352432	0.999989	0.000549	1.000000	1.000000	1.000000	1.000000	1.000081	0.000172	0.990326	0.000023	0.999046	0.000066	0.999234	0.000047	1.000747	0.000034	1356628207.659685	1.000013	34.275277	21.091642	1.591196	1.000000	1.000000	0.999448	0.000021	0.997314	0.000142	0.998443	0.000065	1.000806	0.000096	1.000471	0.000056	1.000102	0.000061	1.000000	1.000000	
1356628208.659452	1.000000	34.344818	21.183685	4.352158	0.999958	0.000372	1.000000	1.000000	1.000000	1.000000	1.000034	0.000439	0.999817	0.000049	0.981966	0.000040	1.017626	0.000013	0.999824	0.000068	1356628208.659679	0.999994	34.341757	21.156422	1.591104	1.000000	1.000000	0.999827	0.000085	0.999757	0.000087	0.999369	0.000012	0.999518	0.000044	0.999420	0.000012	1.001547	0.000011	1.000000	1.000000	
1356628209.659452	1.000000	34.290649	21.142242	4.226501	0.999704	0.000541	1.000000	1.000000	1.000000	1.000000	0.998560	0.000150	0.992263	0.000023	1.000269	0.002021	0.985438	0.000048	1.000269	0.000034	1356628209.659674	0.999995	34.323521	21.138396	1.587990	1.000000	1.000000	1.000556	0.000022	1.000332	0.000066	0.999413	0.000072	0.999189	0.000086	1.000140	0.000053	0.999759	0.000053	1.000000	1.000000	
1356628210.659452	1.000000	34.355347	21.194687	4.314667	1.000338	0.000363	1.000000	1.000000	1.000000	1.000000	1.001638	0.000130	0.991275	0.000051	0.988560	0.000039	1.012616	0.000014	1.000017	0.000067	1356628210.659679	1.000005	34.320232	21.135163	1.587776	1.000000	1.000000	1.000180	0.000066	1.000072	0.000054	1.005696	0.000012	1.001735	0.000050	0.999286	0.000012	0.999756	0.000011	1.000000	1.000000	
1356628211.659452	1.000000	34.319336	21.159531	4.270370	1.000033	0.000599	1.000000	1.000000	1.000000	1.000000	0.999925	0.000236	1.009905	0.000067	1.007663	0.000087	1.003223	0.000096	1.003135	0.000066	1356628211.659670	0.999991	34.323034	21.138299	1.589355	1.000000	1.000000	0.999957	0.000134	0.999951	0.000126	1.000651	0.000124	0.999383	0.000141	1.000132	0.000131	1.000000	0.000081	1.000000	1.000000	
1356628212.659452	1.000000	34.338455	21.178864	4.297134	0.999816	0.000354	1.000000	1.000000	1.000000	1.000000	0.999972	0.000137	0.999170	0.000046	0.999680	0.000039	0.998930	0.000013	0.999906	0.000065	1356628212.659670	1.000000	34.344330	21.171677	1.588150	1.000000	1.000000	0.999981	0.000080	1.000029	0.000053	0.922398	0.000009	1.000210	0.000044	0.996809	0.000006	1.000000	0.000007	1.000000	1.000000	
1356628213.659454	1.000002	34.110546	20.950903	4.265953	1.000095	0.000549	1.000000	0.963444	1.000000	1.000000	1.000366	0.000477	1.000274	0.000023	0.999924	0.000071	1.000236	0.000047	0.993599	0.000034	1356628213.659688	1.000018	34.181304	20.996863	1.589541	1.000000	1.000000	0.999490	0.000022	0.999689	0.000110	1.007167	0.000082	1.000975	0.000092	1.000393	0.000063	1.000054	0.000064	1.000000	0.980461	
1356628214.659452	0.999998	35.584617	22.423093	4.205712	0.999954	0.003298	1.000001	1.000000	1.000000	1.000000	0.999941	0.003092	1.000008	0.002798	1.000068	0.003082	0.999831	0.002798	0.999861	0.002751	1356628214.659632	0.999944	36.738417	23.552147	1.594099	1.000000	1.000000	0.999842	0.002910	1.000010	0.002882	1.000043	0.002826	0.998002	0.002823	0.999847	0.002757	0.999818	0.002587	1.000000	1.000000	
1356628215.659452	1.000000	34.281418	21.119507	4.300613	0.999992	0.000544	1.000000	1.000000	1.000000	1.000000	0.999968	0.000226	1.000254	0.000042	0.997488	0.000068	1.009758	0.000047	1.011475	0.000033	1356628215.659668	1.000036	34.299684	21.114642	1.588001	1.000000	1.000000	1.029324	0.000016	0.999977	0.000115	0.999976	0.000098	1.057897	0.000096	1.007064	0.000058	1.007312	0.000062	1.000000	1.000000	
1356628216.659453	1.000001	715806632.752036	715813935.943359	715791409.481795	0.999953	1.000898	0.999948	1.000892	0.999960	1.000899	0.999952	1.000895	0.999954	1.000903	0.999953	1.000889	0.999953	1.000903	0.999952	1.000895	1356628216.659544	0.999876	715886833.980333	715865017.673578	715867810.221558	0.999953	1.000901	0.999948	1.000892	3.895549	0.256925	0.999951	1.000891	0.999953	1.000904	0.999954	1.000891	0.999951	1.000896	0.999953	1.000902	
1356628217.659459	1.000006	0.000000	0.000000	0.000000	-nan	-nan	-nan	-nan	0.000000	inf	-nan	-nan	-nan	0.000000	0.000000	inf	-nan	-nan	-nan	-nan	1356628217.659538	0.999994	0.000000	0.000000	0.000000	-nan	-nan	-nan	-nan	0.000000	inf	-nan	-nan	-nan	-nan	-nan	-nan	-nan	-nan	-nan	-nan	
1356628218.659452	0.999993	0.000000	0.000000	0.000000	-nan	-nan	-nan	-nan	1521681149279.886963	inf	-nan	-nan	-nan	0.000000	-nan	-nan	-nan	-nan	-nan	-nan	1356628218.659544	1.000006	0.000000	0.000000	0.000000	-nan	-nan	-nan	-nan	inf	-nan	-nan	-nan	-nan	-nan	-nan	-nan	-nan	-nan	-nan	-nan	
