ts_0	elapsed_0	pkg_0	pp0_0	dram_0	freq_ratio_0_0	c0_ratio_0_0	freq_ratio_0_1	c0_ratio_0_1	freq_ratio_0_2	c0_ratio_0_2	freq_ratio_0_3	c0_ratio_0_3	freq_ratio_0_4	c0_ratio_0_4	freq_ratio_0_5	c0_ratio_0_5	freq_ratio_0_6	c0_ratio_0_6	freq_ratio_0_7	c0_ratio_0_7	ts_1	elapsed_1	pkg_1	pp0_1	dram_1	freq_ratio_1_0	c0_ratio_1_0	freq_ratio_1_1	c0_ratio_1_1	freq_ratio_1_2	c0_ratio_1_2	freq_ratio_1_3	c0_ratio_1_3	freq_ratio_1_4	c0_ratio_1_4	freq_ratio_1_5	c0_ratio_1_5	freq_ratio_1_6	c0_ratio_1_6	freq_ratio_1_7	c0_ratio_1_7	
1353402203.966804	1.001601	31.116656	17.900632	4.911723	1.158523	0.501982	1.154947	0.488818	1.154950	0.495196	1.156211	0.498684	1.154040	0.485212	1.157132	0.504152	1.156336	0.492480	1.155775	0.497926	1353402203.967022	1.000431	37.250255	24.067308	2.341215	0.999979	0.998571	1.000002	0.521686	0.844115	0.000112	0.995506	0.000129	0.991271	0.000054	0.747508	0.000077	1.010764	0.000059	0.999915	0.892524	
1353402204.966803	0.999999	29.197919	15.981140	5.358434	0.999886	0.003357	1.001480	0.000067	1.000000	1.000000	1.000552	0.000061	0.999944	0.000240	0.998765	0.000013	1.053353	0.000012	1.002668	0.000048	1353402204.967040	1.000018	40.597449	27.382552	2.060510	1.000000	1.000000	1.000000	1.000000	0.999926	0.000021	0.999997	0.002276	1.019273	0.000054	1.001198	0.000052	1.000112	0.000055	1.000000	1.000000	
1353402205.966802	0.999999	32.398392	19.186969	5.255788	1.000000	0.525243	0.996611	0.000178	1.000000	1.000000	0.999576	0.000013	0.999582	0.000201	1.000049	0.000055	0.999756	0.000367	0.992841	0.000013	1353402205.967010	0.999970	37.557967	24.348403	1.926785	0.999998	0.476157	1.000000	1.000000	0.999476	0.000065	1.004448	0.000124	0.995497	0.000012	1.000935	0.000011	0.999201	0.000012	1.000000	1.000000	
1353402206.966802	1.000000	35.037277	21.845840	5.241486	1.000000	1.000000	0.999920	0.000372	1.000000	1.000000	1.000000	0.000056	1.000244	0.000205	0.999697	0.000013	1.010484	0.000008	1.001539	0.000058	1353402206.967014	1.000004	34.785763	21.577503	1.972129	1.000000	0.000028	1.000000	1.000000	0.999697	0.000022	0.993856	0.000089	1.000103	0.000067	0.999942	0.000066	1.000067	0.000057	1.000000	1.000000	
1353402207.966807	1.000005	33.839018	20.657016	5.317494	0.999439	0.910814	0.999942	0.000352	1.000000	0.909486	1.000062	0.000012	0.856554	0.002185	0.997222	0.000046	1.000154	0.000050	0.999970	0.000026	1353402207.967050	1.000036	34.390959	21.191711	2.493807	0.999971	0.002492	0.999998	0.909254	1.000423	0.000064	0.997014	0.000408	1.006134	0.000019	1.001396	0.000019	1.000172	0.000031	1.000000	1.000000	
1353402208.966802	0.999995	34.761878	21.586854	5.365383	0.999916	0.954193	1.000140	0.002776	0.999982	0.953885	0.999903	0.000056	0.983494	0.005367	1.005313	0.000025	1.000000	0.000012	0.999919	0.000048	1353402208.967004	0.999954	34.544390	21.341070	2.686174	0.999659	0.000021	1.000002	0.954153	0.998603	0.000021	1.024997	0.000071	0.997931	0.000086	0.999953	0.000066	0.999712	0.000066	1.000000	1.000000	
1353402209.966801	0.999999	32.544480	19.340961	5.186147	0.999999	0.483701	0.999939	0.008315	1.000000	1.000000	1.000399	0.000013	1.000018	0.003150	0.999645	0.000043	0.999490	0.000043	0.999940	0.000013	1353402209.967011	1.000007	37.814039	24.609266	3.468818	1.000001	0.517854	1.000000	1.000000	0.999802	0.000045	1.000156	0.000074	1.013307	0.000012	0.993859	0.000013	1.000959	0.000012	1.000000	1.000000	
1353402210.966801	1.000000	32.102905	18.898132	5.079666	0.999371	0.582541	0.999859	0.002516	0.999981	0.928966	0.999900	0.000054	0.999964	0.002061	1.000935	0.000013	1.001256	0.000013	0.999772	0.000076	1353402210.967011	1.000000	36.447205	23.256210	2.751587	0.999998	0.347229	1.000000	0.928991	1.000571	0.000020	0.999824	0.000066	0.999310	0.000066	0.992040	0.000079	0.999774	0.000065	1.000000	1.000000	
1353402211.966802	1.000001	34.172682	20.980647	5.049190	0.999862	0.911619	1.000011	0.000587	1.000000	0.910773	0.997442	0.000028	0.999948	0.001105	0.999252	0.000087	0.999140	0.000083	1.000200	0.000108	1353402211.967045	1.000034	34.339100	21.137722	2.010765	0.999978	0.000197	0.999999	0.910521	1.000453	0.000067	0.997889	0.000267	1.001910	0.000032	1.004020	0.000174	0.999975	0.000137	1.000000	1.000000	
1353402212.966802	1.000000	35.067627	21.881775	5.160370	0.999982	0.988119	0.999970	0.005798	1.000000	0.988044	1.001696	0.000053	1.000812	0.000172	1.006795	0.000008	1.004633	0.000008	0.999658	0.000069	1353402212.967013	0.999968	34.738704	21.533693	2.450762	0.999932	0.000023	1.000000	0.988286	0.999925	0.000021	1.001522	0.000374	0.998077	0.000066	0.990239	0.000070	1.000103	0.000060	1.000000	1.000000	
1353402213.966802	1.000000	31.893372	18.701385	5.102280	0.999857	0.492839	0.999951	0.002671	1.000000	0.918196	0.999431	0.000013	0.999968	0.002940	1.000078	0.000049	0.990041	0.000049	1.000457	0.000039	1353402213.967018	1.000005	36.879897	23.675647	2.461627	1.000001	0.427052	1.000000	0.918192	0.998982	0.000042	0.991754	0.000068	0.923711	0.000012	1.012163	0.000045	1.000278	0.000011	0.999998	1.000000	
1353402214.966802	1.000000	32.197495	18.989914	5.015762	0.999968	0.007718	1.000002	0.003277	0.999999	0.911853	0.999757	0.002654	0.999794	0.002817	0.999794	0.002981	0.999928	0.002262	0.999776	0.002470	1353402214.966976	0.999958	42.512572	29.307916	2.534851	0.999999	0.911721	0.999999	0.911690	0.999817	0.002721	1.000093	0.005844	1.000147	0.002746	1.000194	0.002651	1.000140	0.002507	1.000002	1.000000	
1353402215.966811	1.000009	29.021435	15.810190	5.067093	0.925560	0.001876	1.000037	0.000105	1.000000	0.966184	1.028722	0.000022	1.002751	0.000210	1.004998	0.000121	1.010009	0.000068	1.009871	0.000054	1353402215.967030	1.000054	40.270901	27.062980	1.929919	1.000001	0.966311	1.000001	0.966336	1.004959	0.000099	0.999987	0.000116	1.008261	0.000029	0.988643	0.000036	0.989694	0.000035	1.000000	1.000000	
1353402216.966807	0.999996	32.377405	19.180620	5.195044	1.000000	0.541875	0.999913	0.000288	1.000000	1.000000	0.999928	0.000059	0.999998	0.000178	1.000428	0.000020	1.000030	0.000013	1.000230	0.000064	1353402216.967026	0.999996	37.547515	24.339591	1.967354	0.999999	0.458203	1.000000	1.000000	0.999673	0.000020	0.992061	0.000096	1.000994	0.000364	1.000226	0.000067	0.999752	0.000068	1.000000	1.000000	
1353402217.966801	0.999994	33.876117	20.690172	5.212555	0.999427	0.930029	0.979490	0.000306	0.999989	0.928885	0.993465	0.000013	0.996435	0.000179	0.999762	0.000047	0.999723	0.000045	0.999244	0.000038	1353402217.967023	0.999997	34.573105	21.369054	1.999899	0.999993	0.003935	1.000000	0.928900	1.000156	0.000067	1.001557	0.000421	1.003257	0.000011	0.998994	0.000012	0.999584	0.000011	1.000000	1.000000	
1353402218.966889	1.000088	36.405809	23.225908	4.968099	1.000000	0.913851	1.000006	0.384998	1.000000	0.913385	0.998382	0.000180	1.004007	0.000232	1.023659	0.000012	1.022081	0.000012	1.004775	0.000063	1353402218.967104	1.000081	31.949604	18.749594	1.964364	0.997593	0.004929	0.999999	0.913128	0.833058	0.000026	0.926799	0.000056	0.923801	0.000056	0.930765	0.000061	0.994627	0.000056	0.999985	0.614852	
1353402219.966808	0.999919	40.494661	27.321368	4.942448	1.000000	0.975044	1.000000	1.000000	1.000000	0.974961	0.999908	0.000294	1.000143	0.000194	1.000353	0.000044	1.000227	0.000042	1.000253	0.000037	1353402219.966972	0.999868	28.650345	15.444530	1.898932	0.993308	0.000189	0.999981	0.975206	0.943619	0.000065	0.959046	0.000107	0.751967	0.000015	0.756355	0.000015	0.987587	0.000013	0.969262	0.000069	
1353402220.966803	0.999995	39.967363	26.781476	4.911722	1.000000	0.914547	1.000000	1.000000	1.000000	0.914177	1.000023	0.000340	0.999922	0.000173	0.999719	0.000011	1.000349	0.000011	1.000057	0.000061	1353402220.966998	1.000026	27.958395	14.757917	1.864591	0.711312	0.000040	1.000000	0.913928	0.954490	0.000024	1.006369	0.000104	1.001862	0.000057	0.998625	0.000064	1.000484	0.000064	0.771515	0.000017	
1353402221.966802	0.999999	40.457070	27.270808	4.964711	1.000000	0.969073	1.000000	1.000000	1.000000	0.968995	0.999950	0.000302	1.000031	0.000173	1.000231	0.000043	1.000131	0.000044	1.000084	0.000037	1353402221.966966	0.999968	28.599257	15.393757	1.887939	0.992562	0.000221	0.999982	0.969236	0.949278	0.000063	0.994331	0.000137	0.834964	0.000016	1.006443	0.000013	0.850487	0.000015	0.946832	0.000070	
1353402222.966802	1.000000	39.944534	26.756378	4.952423	1.000000	0.915638	1.000000	1.000000	0.999999	0.914860	1.000002	0.000371	0.999986	0.000171	0.998459	0.000011	0.998227	0.000011	0.999837	0.000064	1353402222.967008	1.000042	27.970811	14.771322	1.894345	0.714855	0.000040	1.000000	0.914603	0.955212	0.000024	1.002115	0.000362	0.993104	0.000066	0.998750	0.000056	0.999879	0.000064	0.951695	0.000021	
1353402223.966813	1.000011	715770697.638765	715807876.655726	715775312.017296	0.999940	1.000374	0.999941	1.000386	0.999942	1.000386	0.999942	1.000376	0.999944	1.000389	0.999943	1.000370	0.999942	1.000383	0.999942	1.000377	1353402223.966906	0.999898	715885265.702337	715843858.839874	715889310.194793	0.999939	1.000367	0.999938	1.000375	3.896236	0.256744	0.999941	1.000374	0.999941	1.000378	0.999945	1.000377	0.999942	1.000381	0.999942	1.000382	
1353402224.966904	1.000091	0.000000	0.000000	0.000000	-nan	-nan	-nan	-nan	1.000008	inf	-nan	-nan	-nan	0.000000	-nan	-nan	-nan	-nan	-nan	-nan	1353402224.966998	1.000092	0.000000	0.000000	0.000000	-nan	-nan	-nan	-nan	1.345745	inf	-nan	-nan	-nan	-nan	-nan	-nan	-nan	-nan	-nan	-nan	
