ts_0	elapsed_0	pkg_0	pp0_0	dram_0	freq_ratio_0_0	c0_ratio_0_0	freq_ratio_0_1	c0_ratio_0_1	freq_ratio_0_2	c0_ratio_0_2	freq_ratio_0_3	c0_ratio_0_3	freq_ratio_0_4	c0_ratio_0_4	freq_ratio_0_5	c0_ratio_0_5	freq_ratio_0_6	c0_ratio_0_6	freq_ratio_0_7	c0_ratio_0_7	ts_1	elapsed_1	pkg_1	pp0_1	dram_1	freq_ratio_1_0	c0_ratio_1_0	freq_ratio_1_1	c0_ratio_1_1	freq_ratio_1_2	c0_ratio_1_2	freq_ratio_1_3	c0_ratio_1_3	freq_ratio_1_4	c0_ratio_1_4	freq_ratio_1_5	c0_ratio_1_5	freq_ratio_1_6	c0_ratio_1_6	freq_ratio_1_7	c0_ratio_1_7	
1356619942.915323	1.002670	39.862255	26.580898	5.948640	1.249913	0.002524	1.264076	0.033869	1.267782	0.925887	1.242157	0.000244	1.211204	0.000061	1.267557	0.065378	1.251053	0.000166	1.130225	0.000163	1356619942.915672	1.000805	54.981929	41.241417	7.502674	1.230491	0.895376	1.230774	0.928787	1.158674	0.000135	0.949226	0.000127	0.978989	0.000161	0.604094	0.000129	0.900518	0.000105	1.230624	0.929556	
1356619943.915297	0.999974	49.098337	35.801315	6.100577	1.230939	0.004846	1.268233	0.992982	1.268157	0.921361	1.203978	0.000015	1.228755	0.000061	1.214290	0.000007	1.230409	0.001152	1.199703	0.000026	1356619943.915736	1.000064	50.567463	36.795363	8.030294	1.230772	0.071981	1.266440	0.999826	1.207400	0.000013	1.230524	0.000038	1.230280	0.000054	1.230556	0.000042	1.230919	0.000039	1.266432	0.999782	
1356619944.915297	1.000000	40.025162	26.723938	6.082458	1.269194	0.064796	1.269214	0.999860	1.267318	0.000299	1.237821	0.000074	1.237547	0.000017	1.252368	0.000082	1.263233	0.000145	1.268063	0.000066	1356619944.915507	0.999771	57.197234	43.409472	7.995314	1.230762	0.935166	1.233247	0.999869	1.213478	0.000054	1.230914	0.000053	1.231456	0.000036	1.226711	0.000005	1.215965	0.000035	1.233252	0.999912	
1356619945.915297	1.000000	50.634659	37.305969	6.109833	1.257196	0.999399	1.257196	0.999396	1.161225	0.003010	1.155297	0.002738	1.158926	0.002881	1.154727	0.002583	1.156912	0.002725	1.155145	0.002657	1356619945.915507	1.000000	52.864944	39.092148	8.064255	1.157607	0.002573	1.238921	0.999672	1.156912	0.002533	1.157734	0.003241	1.156913	0.002480	1.156220	0.002549	1.155424	0.002290	1.238921	0.999671	
1356619946.915297	1.000000	49.783585	36.452698	6.076080	1.269134	0.999103	1.269135	0.999101	1.230629	0.000296	1.217789	0.000042	1.229935	0.000276	1.230916	0.000081	1.230535	0.000106	1.231079	0.000056	1356619946.915509	1.000002	50.185924	36.436790	7.999100	1.230301	0.000011	1.269204	0.999761	1.229965	0.000035	1.238850	0.000068	1.236893	0.000082	1.257310	0.000018	1.258718	0.000017	1.269203	0.999761	
1356619947.915297	1.000000	49.799896	36.468384	6.094315	1.269067	0.999336	1.269067	0.999336	1.228889	0.000291	1.211532	0.000016	1.231020	0.001821	1.233800	0.000007	1.231040	0.000081	1.228616	0.000028	1356619947.915507	0.999998	50.188267	36.441079	8.016663	1.225619	0.000058	1.269186	0.999619	1.212653	0.000013	1.222355	0.000034	1.230843	0.000173	1.230839	0.000042	1.231419	0.000042	1.269187	0.999619	
1356619948.915297	1.000000	49.733948	36.397308	6.081650	1.269166	0.999378	1.269167	0.999378	1.231671	0.000281	1.241234	0.000077	1.221977	0.000007	1.230719	0.000054	1.230556	0.000109	1.230687	0.000056	1356619948.915504	0.999997	50.177341	36.428488	7.998468	1.229865	0.000011	1.269209	0.999826	1.230549	0.000042	1.230878	0.000055	1.230756	0.000066	1.226424	0.000005	1.231310	0.000006	1.269209	0.999826	
1356619949.915297	1.000000	49.690735	36.364716	6.081635	1.269172	0.999444	1.269171	0.999442	1.229513	0.000284	1.190862	0.000014	1.214576	0.000056	1.226487	0.000007	1.230782	0.000079	1.230742	0.000027	1356619949.915508	1.000004	50.215556	36.464192	8.021360	1.225640	0.000063	1.269190	0.999664	1.210395	0.000013	1.222971	0.000033	1.230788	0.000137	1.230962	0.000041	1.230816	0.000041	1.269190	0.999664	
1356619950.915297	1.000000	49.724625	36.388214	6.082001	1.269158	0.999293	1.269158	0.999292	1.230802	0.000285	1.231351	0.000052	1.203529	0.000008	1.230481	0.000092	1.230835	0.000107	1.231583	0.000056	1356619950.915512	1.000004	50.238703	36.486318	7.973616	1.230471	0.000011	1.269209	0.999827	1.230775	0.000043	1.230504	0.000056	1.230779	0.000067	1.232435	0.000005	1.231334	0.000006	1.269209	0.999826	
1356619951.915297	1.000000	49.756134	36.419662	6.063721	1.269149	0.999283	1.269149	0.999294	1.229551	0.000295	1.211169	0.000014	1.230578	0.000311	1.229299	0.000007	1.229913	0.000080	1.229924	0.000028	1356619951.915517	1.000005	50.190651	36.456635	7.985022	1.225219	0.000056	1.269190	0.999661	1.207947	0.000014	1.221911	0.000034	1.230665	0.000134	1.231092	0.000042	1.230114	0.000042	1.269190	0.999661	
1356619952.915297	1.000000	49.760925	36.425568	6.082214	1.269153	0.999254	1.269153	0.999254	1.230792	0.000310	1.231123	0.000080	1.249256	0.000039	1.231669	0.000072	1.233513	0.000110	1.231297	0.000083	1356619952.915509	0.999992	50.241237	36.490118	8.002186	1.230724	0.000020	1.269184	0.999654	1.230240	0.000072	1.230547	0.000056	1.230856	0.000220	1.218927	0.000064	1.230694	0.000029	1.269184	0.999654	
1356619953.915297	1.000000	49.743851	36.404266	6.075775	1.269172	0.999445	1.269172	0.999444	1.229717	0.000305	1.206123	0.000015	1.223911	0.000053	1.258329	0.000007	1.229125	0.000080	1.217830	0.000007	1356619953.915506	0.999997	50.234470	36.479682	7.987680	1.225344	0.000063	1.269194	0.999696	1.210835	0.000014	1.221136	0.000033	1.230680	0.000136	1.231321	0.000057	1.231763	0.000041	1.269194	0.999697	
1356619954.915297	1.000000	49.732468	36.392471	6.075500	1.269168	0.999400	1.269168	0.999398	1.230773	0.000265	1.231980	0.000049	1.232885	0.000007	1.226030	0.000053	1.229273	0.000104	1.229311	0.000044	1356619954.915504	0.999998	50.244267	36.488229	7.978012	1.229973	0.000011	1.269207	0.999805	1.230513	0.000042	1.230667	0.000055	1.231081	0.000066	1.229161	0.000026	1.225036	0.000005	1.269207	0.999805	
1356619955.915297	1.000000	49.758209	36.416397	6.100250	1.269173	0.999433	1.269173	0.999442	1.228828	0.000301	1.212233	0.000014	1.215942	0.000054	1.237575	0.000007	1.230670	0.000080	1.249946	0.000007	1356619955.915502	0.999998	50.230534	36.474786	8.005295	1.223414	0.000060	1.269190	0.999663	1.208360	0.000014	1.220812	0.000034	1.230611	0.000139	1.231322	0.000055	1.230182	0.000042	1.269191	0.999663	
1356619956.915298	1.000001	49.790846	36.451351	6.100305	1.269141	0.999166	1.269141	0.999165	1.232180	0.000281	1.215560	0.000043	1.230736	0.000270	1.219596	0.000043	1.230750	0.000106	1.220284	0.000042	1356619956.915518	1.000016	50.207816	36.459256	8.000559	1.230734	0.000011	1.269207	0.999805	1.218054	0.000042	1.231219	0.000054	1.230893	0.000068	1.229523	0.000027	1.234295	0.000006	1.269207	0.999604	
1356619957.915297	0.999999	49.791002	36.452473	6.082098	1.269057	0.999233	1.269056	0.999231	1.229085	0.000299	1.244707	0.000026	1.230918	0.001681	1.255467	0.000019	1.229795	0.000098	1.253695	0.000019	1356619957.915509	0.999991	50.209332	36.454630	8.006039	1.229231	0.000106	1.269180	0.999555	1.236795	0.000026	1.207349	0.000036	1.227931	0.000172	1.221549	0.000054	1.219502	0.000043	1.269180	0.999554	
1356619958.915297	1.000000	49.786835	36.448166	6.069839	1.269169	0.999401	1.269170	0.999400	1.229963	0.000290	1.229725	0.000048	1.233712	0.000007	1.230609	0.000049	1.231564	0.000105	1.231350	0.000039	1356619958.915503	0.999994	50.247400	36.493321	7.957247	1.230653	0.000017	1.269202	0.999740	1.231507	0.000037	1.238347	0.000065	1.236756	0.000082	1.243827	0.000038	1.259680	0.000017	1.269201	0.999740	
1356619959.915297	1.000000	49.837860	36.496353	6.070053	1.269173	0.999466	1.269173	0.999464	1.229328	0.000286	1.214373	0.000014	1.214348	0.000057	1.226309	0.000007	1.229727	0.000081	1.232303	0.000007	1356619959.915511	1.000008	50.251073	36.497659	7.989147	1.225346	0.000054	1.269193	0.999674	1.209775	0.000013	1.223169	0.000032	1.230524	0.000135	1.230829	0.000054	1.230616	0.000041	1.269193	0.999674	
1356619960.915297	1.000000	49.792404	36.450745	6.081650	1.269162	0.999313	1.269161	0.999312	1.231049	0.000313	1.230973	0.000042	1.225094	0.000008	1.230970	0.000043	1.231742	0.000107	1.228215	0.000042	1356619960.915504	0.999993	50.232342	36.477669	8.001291	1.231269	0.000011	1.269208	0.999805	1.230903	0.000040	1.230674	0.000053	1.231225	0.000067	1.231932	0.000026	1.226821	0.000005	1.269207	0.999804	
1356619961.915298	1.000001	49.724150	36.395321	6.063501	1.269145	0.999315	1.269146	0.998980	1.230463	0.000285	1.210636	0.000014	1.232035	0.000305	1.222988	0.000007	1.229822	0.000079	1.244565	0.000007	1356619961.915509	1.000005	50.245384	36.488785	8.007437	1.224435	0.000054	1.269193	0.999327	1.207841	0.000014	1.221445	0.000034	1.230679	0.000136	1.230309	0.000053	1.230755	0.000042	1.269161	0.999372	
1356619962.915297	0.999999	49.803438	36.462010	6.075750	1.269168	0.999402	1.269169	0.999401	1.230819	0.000270	1.230137	0.000045	1.228753	0.000007	1.232686	0.000047	1.231447	0.000104	1.230735	0.000042	1356619962.915512	1.000003	50.195966	36.447061	8.013159	1.230560	0.000011	1.269203	0.999761	1.229969	0.000041	1.231292	0.000055	1.230961	0.000101	1.230873	0.000026	1.233893	0.000005	1.269203	0.999761	
1356619963.915297	1.000000	49.808548	36.468460	6.082214	1.269173	0.999444	1.269172	0.999444	1.228823	0.000301	1.212516	0.000016	1.225001	0.000057	1.225750	0.000007	1.230215	0.000079	1.219755	0.000007	1356619963.915504	0.999992	50.256175	36.501745	7.997776	1.225601	0.000052	1.269193	0.999673	1.209712	0.000014	1.220639	0.000034	1.230730	0.000134	1.230998	0.000054	1.230435	0.000040	1.269193	0.999673	
1356619964.915297	1.000000	49.776840	36.436783	6.087723	1.269163	0.999402	1.269163	0.999401	1.231737	0.000267	1.231055	0.000043	1.234367	0.000007	1.231105	0.000044	1.230174	0.000105	1.233163	0.000041	1356619964.915512	1.000008	50.250142	36.488199	7.984219	1.230608	0.000012	1.269207	0.999805	1.230780	0.000040	1.230974	0.000052	1.230609	0.000067	1.230567	0.000026	1.229567	0.000006	1.269207	0.999804	
1356619965.915297	1.000000	49.840149	36.498581	6.063156	1.269172	0.999443	1.269172	0.999443	1.229548	0.000300	1.214386	0.000014	1.215886	0.000052	1.232928	0.000007	1.231733	0.000080	1.225340	0.000007	1356619965.915502	0.999990	50.251220	36.491820	8.011967	1.225432	0.000060	1.269192	0.999667	1.210087	0.000013	1.223169	0.000032	1.230866	0.000135	1.231097	0.000053	1.230852	0.000040	1.269192	0.999667	
1356619966.915297	1.000000	49.865479	36.526184	6.100082	1.269110	0.999226	1.269110	0.999225	1.230765	0.000279	1.229791	0.000044	1.230826	0.000260	1.229371	0.000045	1.230662	0.000104	1.231603	0.000042	1356619966.915508	1.000006	50.236502	36.475094	7.985457	1.229704	0.000011	1.269208	0.999806	1.230669	0.000041	1.230580	0.000053	1.230835	0.000066	1.230243	0.000026	1.235009	0.000006	1.269208	0.999806	
1356619967.915297	1.000000	50.288040	36.947144	6.088181	1.266515	0.999110	1.266515	0.999110	1.230762	0.065886	1.223557	0.000109	1.230588	0.001828	1.231951	0.000053	1.232305	0.000102	1.229714	0.000026	1356619967.915616	1.000108	49.693821	35.939554	8.008657	1.226392	0.000240	1.268992	0.932039	1.225035	0.000132	1.221519	0.000036	1.242639	0.001649	1.230139	0.000090	1.228464	0.000121	1.269007	0.997917	
1356619968.915297	1.000000	53.618210	40.285873	6.106873	1.230761	0.478801	1.250705	0.999265	1.250706	0.999266	1.230873	0.000751	1.230444	0.000191	1.219791	0.000044	1.229309	0.000108	1.220249	0.000044	1356619968.915503	0.999887	45.646195	31.879259	7.997852	1.269220	0.521769	1.226845	0.000006	1.230805	0.000055	1.247846	0.000053	1.269187	0.003818	1.227473	0.000006	1.229863	0.000006	1.269218	0.999914	
1356619969.915297	1.000000	49.228928	35.908859	6.112915	1.230990	0.000260	1.268885	0.914389	1.268911	0.996949	1.236714	0.002863	1.232058	0.000243	1.255680	0.000019	1.231203	0.000092	1.261129	0.000019	1356619969.915729	1.000226	50.533485	36.750712	7.969131	1.266008	0.999708	1.230769	0.082936	1.223812	0.000047	1.205894	0.000033	1.221372	0.000057	1.219750	0.000048	1.217499	0.000041	1.266001	0.999674	
1356619970.915297	1.000000	42.998672	29.681152	6.100403	1.162474	0.003062	1.162494	0.003138	1.234818	0.998917	1.214384	0.005830	1.162413	0.002407	1.157797	0.002554	1.166927	0.003127	1.157687	0.002308	1356619970.915524	0.999795	57.964033	44.179072	7.990683	1.230522	0.999666	1.230522	0.999666	1.160001	0.002637	1.166764	0.003776	1.160412	0.002488	1.156252	0.002283	1.157017	0.002235	1.230522	0.999663	
1356619971.915455	1.000158	48.707679	35.385032	6.087462	1.269184	0.907050	1.242969	0.000025	1.269183	0.999506	1.258846	0.000830	1.265093	0.000304	1.348892	0.000007	1.240313	0.000080	1.365523	0.000007	1356619971.915647	1.000123	51.145090	37.363323	7.991906	1.265652	0.999686	1.265652	0.999686	1.216501	0.000035	1.213449	0.000034	1.223568	0.000057	1.223559	0.000041	1.222415	0.000040	1.230751	0.092033	
1356619972.915298	0.999843	49.620498	36.285898	6.077371	1.269066	0.998455	1.230162	0.000105	1.269066	0.998453	1.230650	0.000935	1.232269	0.000432	1.230787	0.000050	1.230777	0.000105	1.230680	0.000059	1356619972.915473	0.999826	50.528676	36.746218	8.037440	1.269186	0.999657	1.269173	0.999656	1.231293	0.000136	1.231962	0.000055	1.229905	0.000134	1.213882	0.000016	1.200168	0.000007	1.228542	0.000127	
1356619973.915297	0.999999	49.543092	36.210743	6.107229	1.268648	0.994293	1.221665	0.000036	1.268648	0.994290	1.230709	0.005068	1.225060	0.000042	1.228320	0.000006	1.230568	0.000072	1.229517	0.000006	1356619973.915478	1.000005	50.481101	36.699676	8.049246	1.269205	0.999787	1.269218	0.999786	1.228900	0.000035	1.226337	0.000034	1.229842	0.000056	1.229112	0.000042	1.228054	0.000044	1.231889	0.000007	
1356619974.915318	1.000021	48.673738	35.352362	6.119501	1.268466	0.911112	1.217063	0.000033	1.268530	0.994627	1.234120	0.004350	1.221047	0.000054	1.220102	0.000051	1.230197	0.000815	1.217375	0.000039	1356619974.915730	1.000252	51.072517	37.293397	8.018518	1.265981	0.999820	1.265981	0.999820	1.230790	0.083967	1.241541	0.000056	1.253840	0.000026	1.356267	0.000006	1.352758	0.000006	1.245019	0.000048	
1356619975.915297	0.999979	44.500049	31.179136	6.094565	1.269141	0.503112	1.228123	0.000292	1.269179	0.999452	1.268260	0.002592	1.223328	0.000055	1.266564	0.000007	1.241468	0.000078	1.255740	0.000007	1356619975.915504	0.999774	54.178276	40.406594	7.991339	1.230760	0.496831	1.250038	0.998986	1.250038	0.998984	1.234004	0.000031	1.230768	0.000055	1.230832	0.000043	1.230008	0.000042	1.230990	0.000006	
1356619976.915297	1.000000	49.638458	36.307571	6.095078	1.269139	0.999188	1.230759	0.000223	1.269139	0.999186	1.230333	0.000136	1.229979	0.000280	1.230504	0.000043	1.230911	0.000112	1.231474	0.000040	1356619976.915510	1.000006	50.417378	36.656245	8.039366	1.230732	0.005692	1.268600	0.993138	1.268600	0.993130	1.230740	0.000051	1.231114	0.000024	1.232005	0.000005	1.226690	0.000006	1.231095	0.000038	
1356619977.915297	1.000000	48.942886	35.612183	6.119888	1.268837	0.926566	1.233926	0.000207	1.268863	0.997089	1.229349	0.000095	1.231057	0.001678	1.229290	0.000007	1.236675	0.002397	1.238880	0.000007	1356619977.915593	1.000083	50.921480	37.170439	8.028905	1.230777	0.074232	1.266104	0.995727	1.266103	0.995724	1.230643	0.000032	1.219200	0.000095	1.227448	0.000041	1.231332	0.000041	1.206798	0.000006	
1356619978.915297	1.000000	48.071274	34.744354	6.101135	1.268902	0.839536	1.232026	0.000801	1.268950	0.996939	1.235866	0.000121	1.227034	0.000007	1.230765	0.000054	1.244632	0.002577	1.236798	0.000040	1356619978.915501	0.999908	51.629629	37.865545	8.011739	1.230740	0.157575	1.263125	0.999377	1.263125	0.999375	1.230866	0.000054	1.272877	0.000026	1.248521	0.000006	1.235528	0.000006	1.233231	0.000053	
1356619979.915297	1.000000	45.664703	32.338745	6.100159	1.268710	0.608913	1.232829	0.003047	1.268906	0.996625	1.241458	0.000092	1.242287	0.000055	1.230248	0.000007	1.268311	0.002171	1.231795	0.000007	1356619979.915509	1.000008	53.337245	39.560364	7.982083	1.230769	0.388035	1.254286	0.999829	1.254286	0.999828	1.230789	0.000032	1.230949	0.000054	1.230648	0.000041	1.230137	0.000039	1.232855	0.000006	
1356619980.915298	1.000001	49.644133	36.313930	6.088694	1.268908	0.996552	1.231256	0.000226	1.268908	0.996549	1.232535	0.000114	1.232387	0.000008	1.219005	0.000042	1.230730	0.002458	1.218210	0.000040	1356619980.915506	0.999997	50.424732	36.665366	8.019373	1.230733	0.000412	1.269174	0.999264	1.269141	0.999312	1.230577	0.000053	1.230336	0.000027	1.232213	0.000006	1.225067	0.000005	1.217566	0.000040	
1356619981.915297	0.999999	45.685117	32.355378	6.076605	1.268336	0.606390	1.244727	0.000212	1.268673	0.994059	1.236929	0.000108	1.242014	0.000494	1.279682	0.000019	1.243808	0.006398	1.278173	0.000019	1356619981.915505	0.999999	53.315404	39.542656	8.019432	1.230769	0.388036	1.254286	0.999828	1.254286	0.999828	1.215877	0.000034	1.221526	0.000055	1.217914	0.000040	1.218957	0.000041	1.230524	0.000006	
1356619982.915297	1.000000	49.627365	36.294830	6.070084	1.269010	0.997660	1.229522	0.000231	1.269010	0.997657	1.230538	0.000123	1.226276	0.000008	1.230566	0.000048	1.230701	0.001649	1.232285	0.000037	1356619982.915502	0.999997	50.453541	36.691718	8.003977	1.230718	0.000405	1.269161	0.999291	1.269161	0.999291	1.238882	0.000065	1.237337	0.000081	1.260285	0.000017	1.261328	0.000017	1.228676	0.000063	
1356619983.915297	1.000000	49.108795	35.773880	6.075928	1.269084	0.944390	1.247429	0.001089	1.269090	0.998914	1.229423	0.000092	1.233710	0.000080	1.261144	0.000007	1.231310	0.000079	1.256203	0.000007	1356619983.915726	1.000224	50.832892	37.069421	7.981350	1.230782	0.054986	1.267089	0.999742	1.267089	0.999742	1.227278	0.000033	1.230246	0.000054	1.231002	0.000042	1.230899	0.000040	1.286401	0.000012	
1356619984.915297	1.000000	44.226440	30.903687	6.107132	1.259201	0.411390	1.247345	0.006852	1.265064	0.994148	1.259362	0.000115	1.276549	0.000007	1.257270	0.000054	1.267679	0.001807	1.262455	0.000042	1356619984.915730	1.000004	54.836142	41.055376	7.994978	1.230763	0.582962	1.246794	0.999851	1.246794	0.999851	1.200741	0.000055	1.231483	0.000026	1.228372	0.000006	1.230048	0.000006	1.230751	0.000040	
1356619985.915297	1.000000	44.610825	31.289154	6.094543	1.268978	0.516351	1.247527	0.000204	1.269090	0.998466	1.248689	0.000092	1.243979	0.000051	1.264601	0.000029	1.256794	0.003289	1.263081	0.000007	1356619985.915501	0.999771	54.175623	40.383572	7.989240	1.230760	0.482110	1.250669	0.999802	1.250669	0.999802	1.287284	0.000031	1.230651	0.000054	1.230924	0.000038	1.230730	0.000040	1.230749	0.000006	
1356619986.915297	1.000000	45.138290	31.816452	6.113464	1.268282	0.561806	1.250530	0.000201	1.268689	0.994233	1.247439	0.000119	1.231404	0.000260	1.264273	0.000041	1.241610	0.005893	1.260852	0.000041	1356619986.915732	1.000231	53.731514	39.957520	8.006222	1.230771	0.432879	1.252566	0.999893	1.252566	0.999893	1.230997	0.000053	1.231572	0.000025	1.228682	0.000005	1.230220	0.000005	1.230771	0.000048	
1356619987.915297	1.000000	44.738007	31.435593	6.100266	1.269135	0.544005	1.240058	0.000240	1.269159	0.999387	1.235907	0.000095	1.268483	0.001624	1.239456	0.000030	1.257767	0.000199	1.254043	0.000008	1356619987.915499	0.999767	53.953608	40.170749	7.993439	1.230759	0.455233	1.251691	0.999670	1.251692	0.999675	1.229979	0.000032	1.230584	0.000091	1.230546	0.000041	1.230850	0.000040	1.203210	0.000006	
1356619988.915297	1.000000	49.698196	36.369247	6.119171	1.269167	0.999379	1.230641	0.000214	1.269167	0.999379	1.231188	0.000112	1.233050	0.000007	1.228664	0.000037	1.236380	0.000112	1.231960	0.000041	1356619988.915493	0.999994	50.503963	36.741064	8.040102	1.230682	0.000073	1.269207	0.999809	1.269207	0.999808	1.231222	0.000053	1.230802	0.000026	1.238411	0.000005	1.222985	0.000005	1.235930	0.000040	
1356619989.915297	1.000000	49.676117	36.344696	6.106461	1.269174	0.999466	1.229027	0.000187	1.269174	0.999465	1.227660	0.000092	1.216072	0.000054	1.231618	0.000030	1.230379	0.000080	1.230271	0.000007	1356619989.915513	1.000020	50.482479	36.718793	7.977807	1.230708	0.000310	1.269179	0.999508	1.269179	0.999508	1.230247	0.000033	1.231046	0.000054	1.230550	0.000039	1.230771	0.000041	1.223544	0.000006	
1356619990.915297	1.000000	49.677963	36.348007	6.075912	1.269171	0.999419	1.232067	0.000201	1.269171	0.999420	1.230494	0.000116	1.225276	0.000008	1.231324	0.000041	1.230637	0.000105	1.231513	0.000042	1356619990.915498	0.999985	50.471171	36.707598	8.001173	1.230735	0.000188	1.269195	0.999678	1.269195	0.999678	1.230851	0.000054	1.230290	0.000026	1.221877	0.000006	1.233050	0.000006	1.230483	0.000049	
1356619991.915297	1.000000	49.675568	36.343048	6.100418	1.269149	0.999273	1.227643	0.000192	1.269150	0.999272	1.228109	0.000092	1.229470	0.000320	1.230440	0.000030	1.230547	0.000080	1.229072	0.000007	1356619991.915497	0.999999	50.452517	36.695058	8.037224	1.230736	0.000294	1.269181	0.999530	1.269181	0.999530	1.230652	0.000033	1.230821	0.000054	1.231886	0.000041	1.230728	0.000041	1.230654	0.000006	
1356619992.915297	1.000000	49.605576	36.271790	6.075897	1.269171	0.999421	1.230912	0.000201	1.269171	0.999421	1.233939	0.000123	1.262117	0.000008	1.218536	0.000038	1.231216	0.000106	1.218586	0.000042	1356619992.915500	1.000003	50.427792	36.665566	7.998877	1.230590	0.000084	1.269202	0.999744	1.269202	0.999744	1.231020	0.000054	1.230726	0.000062	1.228458	0.000005	1.230108	0.000006	1.219189	0.000040	
1356619993.915297	1.000000	49.673462	36.339355	6.076141	1.269161	0.999316	1.229073	0.000207	1.269161	0.999315	1.223372	0.000103	1.225220	0.000066	1.241859	0.000042	1.230430	0.000096	1.254555	0.000019	1356619993.915499	0.999999	50.432024	36.676610	8.017662	1.230700	0.000200	1.269189	0.999616	1.269189	0.999615	1.215459	0.000033	1.221299	0.000054	1.217517	0.000040	1.218670	0.000041	1.223375	0.000006	
1356619994.915297	1.000000	49.606277	36.270599	6.069717	1.269159	0.999317	1.230720	0.000200	1.269159	0.999316	1.231493	0.000116	1.235927	0.000102	1.229890	0.000039	1.229937	0.000105	1.233854	0.000038	1356619994.915500	1.000001	50.411649	36.647960	7.994118	1.230694	0.000119	1.269193	0.999657	1.269193	0.999656	1.238494	0.000065	1.243173	0.000042	1.262988	0.000017	1.257944	0.000017	1.228786	0.000060	
1356619995.915297	1.000000	50.285263	36.949432	6.100586	1.247694	0.999502	1.165772	0.003295	1.247694	0.999506	1.158983	0.002525	1.162230	0.002743	1.158321	0.002439	1.158757	0.002592	1.156370	0.002401	1356619995.915614	1.000114	50.549003	36.799304	8.025865	1.158274	0.002414	1.266500	0.999565	1.266499	0.999564	1.170889	0.003673	1.158760	0.002472	1.156990	0.002261	1.156781	0.002341	1.156277	0.002208	
1356619996.915297	1.000000	49.612076	36.279358	6.107010	1.269081	0.998141	1.229557	0.000208	1.269081	0.998601	1.231441	0.000113	1.231062	0.000263	1.228023	0.000035	1.233186	0.000104	1.231423	0.000595	1356619996.915506	0.999892	50.379922	36.629719	8.003168	1.230635	0.000040	1.269188	0.999617	1.269187	0.999616	1.231191	0.000053	1.230979	0.000028	1.256498	0.000006	1.567524	0.000005	1.230708	0.000240	
1356619997.915297	1.000000	49.630386	36.296906	6.088547	1.268855	0.997014	1.228843	0.000180	1.268855	0.997010	1.229680	0.000090	1.230815	0.003375	1.233448	0.000031	1.227362	0.000079	1.230816	0.000472	1356619997.915505	0.999999	50.457873	36.691685	8.043984	1.230750	0.000075	1.269191	0.999635	1.269191	0.999634	1.231236	0.000033	1.230765	0.000172	1.230239	0.000041	1.230553	0.000042	1.207008	0.000006	
1356619998.915298	1.000001	49.617812	36.285091	6.045404	1.269137	0.999184	1.231647	0.000251	1.269137	0.999184	1.228996	0.000117	1.230902	0.000372	1.229489	0.000038	1.232215	0.000106	1.229767	0.000043	1356619998.915505	1.000000	50.472092	36.709732	7.966537	1.230920	0.000032	1.269207	0.999807	1.269207	0.999807	1.230806	0.000055	1.230988	0.000067	1.235065	0.000006	1.221379	0.000005	1.233351	0.000047	
1356619999.915297	0.999999	49.657961	36.327122	6.070013	1.269176	0.999486	1.227251	0.000180	1.269176	0.999484	1.227494	0.000091	1.213310	0.000046	1.231878	0.000031	1.228846	0.000080	1.227856	0.000007	1356619999.915500	0.999995	50.432198	36.664582	8.025034	1.230575	0.000067	1.269194	0.999681	1.269194	0.999681	1.230298	0.000032	1.230768	0.000137	1.230554	0.000043	1.231439	0.000042	1.234556	0.000006	
1356620000.915297	1.000000	49.693848	36.362289	6.075363	1.269169	0.999400	1.231229	0.000216	1.269169	0.999400	1.230388	0.000113	1.232530	0.000008	1.230060	0.000037	1.230225	0.000107	1.231252	0.000042	1356620000.915502	1.000002	50.437007	36.663016	8.011063	1.230601	0.000033	1.269207	0.999808	1.269207	0.999808	1.230573	0.000055	1.230802	0.000067	1.227288	0.000006	1.231247	0.000005	1.230435	0.000041	
1356620001.915297	1.000000	49.619492	36.284698	6.063553	1.269150	0.999272	1.228923	0.000179	1.269150	0.999271	1.228404	0.000090	1.231663	0.000313	1.231313	0.000031	1.231361	0.000080	1.235329	0.000007	1356620001.915511	1.000009	50.435929	36.669162	7.975773	1.230711	0.000067	1.269195	0.999676	1.269195	0.999677	1.231352	0.000032	1.230745	0.000136	1.231035	0.000040	1.230443	0.000041	1.234107	0.000006	
1356620002.915297	1.000000	49.609085	36.290466	6.088120	1.269170	0.999420	1.230617	0.000205	1.269170	0.999420	1.230662	0.000123	1.220802	0.000007	1.230604	0.000051	1.230573	0.000106	1.229852	0.000043	1356620002.915498	0.999987	50.432851	36.659248	8.009413	1.230835	0.000032	1.269203	0.999764	1.269203	0.999764	1.230758	0.000056	1.230802	0.000102	1.228295	0.000006	1.234687	0.000006	1.230522	0.000052	
1356620003.915297	1.000000	49.649948	36.315445	6.088623	1.269174	0.999463	1.229070	0.000181	1.269174	0.999463	1.225944	0.000091	1.227300	0.000056	1.232524	0.000031	1.230812	0.000080	1.237135	0.000007	1356620003.915504	1.000006	50.434865	36.674510	8.006987	1.230683	0.000067	1.269194	0.999676	1.269194	0.999675	1.230739	0.000033	1.230922	0.000135	1.230904	0.000041	1.230239	0.000041	1.232978	0.000006	
1356620004.915297	1.000000	49.681580	36.344818	6.100815	1.269165	0.999355	1.231771	0.000232	1.269165	0.999353	1.233121	0.000115	1.206504	0.000022	1.216362	0.000038	1.230890	0.000107	1.219263	0.000043	1356620004.915502	0.999998	50.425908	36.668832	7.993164	1.230883	0.000032	1.269206	0.999806	1.269206	0.999805	1.230767	0.000055	1.230589	0.000068	1.232444	0.000006	1.229664	0.000006	1.218782	0.000043	
1356620005.915297	1.000000	49.623856	36.291779	6.094940	1.269087	0.998548	1.229276	0.000850	1.269087	0.998548	1.220747	0.000124	1.219993	0.000072	1.242222	0.000043	1.230683	0.000108	1.233432	0.000029	1356620005.915647	1.000145	50.408892	36.658459	7.977741	1.230726	0.000535	1.269142	0.999116	1.269142	0.999114	1.216300	0.000033	1.226009	0.000123	1.219812	0.000048	1.218263	0.000040	1.233541	0.000005	
1356620006.915297	1.000000	49.635208	36.301651	6.063828	1.268839	0.996392	1.230904	0.000243	1.268839	0.996392	1.231052	0.000111	1.230639	0.000271	1.228250	0.000047	1.230734	0.002472	1.229430	0.000036	1356620006.915497	0.999850	50.393177	36.637712	8.038147	1.230736	0.000409	1.269156	0.999292	1.269156	0.999291	1.237864	0.000068	1.244612	0.000043	1.250815	0.000026	1.249591	0.000027	1.229139	0.000093	
1356620007.915297	1.000000	45.644562	32.314606	6.081909	1.268483	0.608337	1.266057	0.002094	1.268761	0.995985	1.240198	0.000091	1.231220	0.001703	1.264323	0.000029	1.233542	0.003411	1.227040	0.000007	1356620007.915643	1.000146	53.309391	39.535186	8.001045	1.230769	0.387974	1.254286	0.999806	1.254285	0.999806	1.231055	0.000033	1.229541	0.000089	1.230556	0.000035	1.231171	0.000036	1.285115	0.000012	
1356620008.915297	1.000000	49.598648	36.261276	6.051224	1.268844	0.996520	1.231082	0.000233	1.268844	0.996518	1.230288	0.000111	1.234071	0.000007	1.230511	0.000035	1.230994	0.002479	1.232819	0.000040	1356620008.915505	0.999862	50.398238	36.648889	7.993474	1.230720	0.000416	1.269174	0.999439	1.269174	0.999439	1.230551	0.000054	1.234710	0.000027	1.231502	0.000006	1.228556	0.000006	1.231185	0.000039	
1356620009.915297	1.000000	45.598373	32.268143	6.113098	1.268379	0.606587	1.244466	0.000179	1.268706	0.994314	1.240711	0.000090	1.240346	0.000054	1.259895	0.000029	1.244008	0.006439	1.229537	0.000007	1356620009.915506	1.000001	53.369609	39.600747	7.990944	1.230769	0.388029	1.254286	0.999829	1.254286	0.999829	1.231046	0.000033	1.230719	0.000053	1.230472	0.000038	1.230733	0.000041	1.231789	0.000006	
1356620010.915297	1.000000	40.203705	26.908234	5.650681	1.269037	0.697212	0.834284	0.000273	1.266966	0.699121	0.821522	0.000176	1.283772	0.000007	0.812789	0.000061	0.734953	0.002980	0.805604	0.000061	1356620010.915594	1.000088	46.529232	32.952057	6.408921	1.231542	0.000414	1.269157	0.697223	1.269178	0.999471	1.249886	0.000055	1.233550	0.000032	1.230933	0.000006	1.251333	0.000005	1.263868	0.000051	
1356620011.915326	1.000029	28.530374	15.319897	5.744691	1.267497	0.060791	0.856243	0.000215	0.844822	0.007218	0.825605	0.000135	0.854441	0.000456	0.728258	0.000052	1.277409	0.000074	0.949613	0.000009	1356620011.915741	1.000147	36.744824	23.526370	4.326070	1.054625	0.000090	1.253898	0.000046	1.269208	0.938891	1.248066	0.000034	1.199631	0.000806	1.260070	0.000041	1.253900	0.000040	1.172019	0.000006	
1356620012.915297	0.999971	37.867724	24.645920	2.739872	1.269225	0.999934	1.269259	0.000214	1.269441	0.000044	1.269216	0.000161	1.281804	0.000047	1.269661	0.000049	1.269465	0.000126	1.270878	0.000047	1356620012.915707	0.999966	17.331783	4.103747	2.709763	0.596361	0.000076	1.265177	0.000006	0.742346	0.000067	0.756261	0.000123	0.634540	0.000248	1.272870	0.000006	1.290604	0.000006	0.765082	0.000073	
1356620013.915297	1.000000	37.878326	24.652756	2.751114	1.269221	0.999916	1.265490	0.000144	1.225684	0.000013	1.263815	0.000110	1.260140	0.000056	1.268628	0.000035	1.269089	0.000094	1.266305	0.000006	1356620013.915701	0.999994	17.206707	3.981744	2.717851	0.630658	0.000148	0.686984	0.000093	0.461543	0.000031	0.644615	0.000084	0.693756	0.000302	0.753746	0.000084	0.830593	0.000079	0.732063	0.000011	
1356620014.915315	1.000018	715773292.570507	715810333.830613	715804747.119750	0.999922	1.000704	0.999922	1.000716	0.999932	1.000711	0.999923	1.000708	0.999925	1.000718	0.999925	1.000701	0.999924	1.000714	0.999923	1.000708	1356620014.915392	0.999691	715988681.927475	716033433.056952	716039898.380618	0.999923	1.000707	0.999920	1.000709	3.897565	0.256736	0.999923	1.000706	0.999924	1.000716	0.999926	1.000706	0.999924	1.000714	0.999923	1.000709	
1356620015.915330	1.000015	0.000000	0.000000	0.000000	-nan	-nan	-nan	-nan	8.000000	inf	-nan	-nan	-nan	0.000000	-nan	-nan	-nan	-nan	-nan	-nan	1356620015.915398	1.000006	0.000000	0.000000	0.000000	-nan	-nan	-nan	-nan	0.000000	inf	-nan	-nan	-nan	-nan	-nan	-nan	-nan	-nan	-nan	-nan	
