ts_0	elapsed_0	pkg_0	pp0_0	dram_0	freq_ratio_0_0	c0_ratio_0_0	freq_ratio_0_1	c0_ratio_0_1	freq_ratio_0_2	c0_ratio_0_2	freq_ratio_0_3	c0_ratio_0_3	freq_ratio_0_4	c0_ratio_0_4	freq_ratio_0_5	c0_ratio_0_5	freq_ratio_0_6	c0_ratio_0_6	freq_ratio_0_7	c0_ratio_0_7	ts_1	elapsed_1	pkg_1	pp0_1	dram_1	freq_ratio_1_0	c0_ratio_1_0	freq_ratio_1_1	c0_ratio_1_1	freq_ratio_1_2	c0_ratio_1_2	freq_ratio_1_3	c0_ratio_1_3	freq_ratio_1_4	c0_ratio_1_4	freq_ratio_1_5	c0_ratio_1_5	freq_ratio_1_6	c0_ratio_1_6	freq_ratio_1_7	c0_ratio_1_7	
1356719469.179975	1.001967	48.291488	34.986405	6.215055	1.154941	0.258104	1.156075	0.260009	1.154542	0.254897	1.156330	0.260156	1.154047	0.251767	1.157083	0.262124	1.156006	0.258288	1.155272	0.255040	1356719469.180075	1.000355	45.874370	32.417279	5.286103	0.999913	0.631389	1.000001	0.631445	0.999971	0.630670	1.000001	0.471259	1.000007	0.469831	1.000078	0.002723	0.999951	0.469656	0.999907	0.940829	
1356719470.179971	0.999996	56.574753	43.209541	6.945158	0.999943	0.884448	1.000285	0.000469	1.000001	0.879484	1.000000	0.879487	1.000000	0.879468	1.000000	0.879597	1.000000	0.879574	1.000000	0.879485	1356719470.180059	0.999984	56.244597	42.707485	6.250420	1.000000	0.879601	1.000000	0.879490	1.000000	0.879555	1.000000	0.879568	1.000000	0.879549	0.999936	0.000145	1.000000	0.879472	1.000000	1.000000	
1356719471.179970	0.999999	58.210612	44.763852	7.281181	0.999999	0.914148	1.000056	0.000474	1.000000	0.910014	1.000000	0.910010	1.000000	0.910020	1.000000	0.910205	0.999999	0.910187	1.000000	0.910036	1356719471.180062	1.000003	57.762379	44.124817	7.507866	1.000000	0.910217	1.000000	0.910037	1.000000	0.910158	1.000000	0.910183	1.000000	0.910163	0.999540	0.000102	1.000000	0.910004	1.000000	1.000000	
1356719472.179987	1.000017	57.727599	44.252959	7.392056	0.999999	0.895797	0.999907	0.000521	1.000000	0.890582	1.000000	0.890612	1.000000	0.890579	1.000000	0.890799	1.000000	0.890776	1.000000	0.890607	1356719472.180074	1.000012	57.371859	43.699217	8.089641	1.000000	0.890806	1.000000	0.890626	1.000000	0.890736	1.000000	0.890744	1.000000	0.890741	0.996700	0.000144	1.000000	0.890577	1.000000	1.000000	
1356719473.179984	0.999997	57.894055	44.448227	7.341301	0.999964	0.902891	1.000006	0.000460	1.000000	0.897878	1.000000	0.897859	1.000000	0.897870	1.000000	0.898022	1.000000	0.898007	1.000000	0.897873	1356719473.180072	0.999998	57.541415	43.899360	8.092133	1.000000	0.898026	1.000000	0.897875	1.000000	0.897995	1.000000	0.897991	1.000000	0.897986	1.004967	0.000098	1.000000	0.897860	1.000000	1.000000	
1356719474.179970	0.999986	58.333599	44.889013	7.305782	0.999999	0.913090	1.000003	0.000555	1.000000	0.908837	1.000000	0.908851	1.000000	0.908830	1.000000	0.908994	1.000000	0.908992	1.000000	0.908858	1356719474.180060	0.999988	57.924397	44.284616	8.109578	1.000000	0.909010	1.000000	0.908864	1.000000	0.908965	1.000000	0.908961	1.000000	0.908955	1.000079	0.000483	1.000000	0.908832	1.000000	1.000000	
1356719475.179977	1.000007	58.095012	44.630780	7.340480	0.999999	0.906441	0.999763	0.000563	1.000000	0.902097	1.000000	0.902093	1.000000	0.902086	1.000000	0.902243	1.000000	0.902240	1.000000	0.902087	1356719475.180067	1.000007	57.718885	44.062165	7.956915	1.000000	0.902251	1.000000	0.902107	1.000000	0.902217	1.000000	0.902229	1.000000	0.902224	0.999763	0.000127	1.000000	0.902088	1.000000	1.000000	
1356719476.179984	1.000007	57.867886	44.366011	7.356822	0.999999	0.899309	1.000238	0.000507	1.000000	0.895263	1.000000	0.895258	1.000000	0.895255	1.000000	0.895419	1.000000	0.895416	1.000000	0.895268	1356719476.180074	1.000007	57.402130	43.701663	8.076665	1.000000	0.895421	1.000000	0.895273	1.000000	0.895390	1.000000	0.895402	1.000000	0.895383	0.999920	0.000126	1.000000	0.895270	1.000000	1.000000	
1356719477.179970	0.999986	59.313853	45.863377	7.310604	1.000000	0.938310	0.999848	0.000567	1.000000	0.935615	1.000000	0.935604	1.000000	0.935600	1.000000	0.935726	1.000000	0.935723	0.999999	0.935616	1356719477.180064	0.999990	58.803689	45.156672	8.098271	1.000000	0.935736	1.000000	0.935622	1.000000	0.935707	1.000000	0.935719	1.000000	0.935701	1.000011	0.002131	1.000000	0.935619	1.000000	1.000000	
1356719478.179975	1.000005	57.781464	44.318778	7.361062	1.000000	0.896226	0.999870	0.000523	1.000000	0.891913	1.000001	0.891939	1.000000	0.891936	1.000000	0.892098	1.000000	0.892094	1.000000	0.891970	1356719478.180062	0.999998	57.388507	43.730293	8.060349	1.000000	0.892109	1.000000	0.891954	1.000000	0.892064	1.000000	0.892074	1.000000	0.892071	0.999725	0.000119	1.000000	0.891923	1.000000	1.000000	
1356719479.179976	1.000001	58.259283	44.822894	7.276711	1.000000	0.912195	1.000199	0.000582	1.000000	0.908550	1.000000	0.908555	1.000000	0.908556	1.000000	0.908716	1.000000	0.908704	1.000000	0.908552	1356719479.180060	0.999998	57.870151	44.227074	7.947266	1.000000	0.908715	1.000000	0.908570	1.000000	0.908698	1.000000	0.908696	1.000000	0.908691	0.999965	0.000439	1.000000	0.908553	1.000000	1.000000	
1356719480.179975	0.999999	57.887033	44.428418	7.282157	0.999992	0.899944	0.999998	0.000513	1.000000	0.895801	1.000000	0.895796	1.000000	0.895793	1.000000	0.895955	1.000000	0.895951	0.999999	0.895791	1356719480.180065	1.000005	57.326388	43.684748	7.962805	1.000000	0.895946	1.000000	0.895802	1.000000	0.895945	1.000000	0.895942	1.000000	0.895936	1.000014	0.000166	1.000000	0.895797	1.000000	1.000000	
1356719481.179976	1.000001	59.330403	45.886767	7.296166	1.000000	0.940727	0.999980	0.000474	1.000000	0.938243	1.000000	0.938239	1.000000	0.938236	1.000000	0.938361	1.000000	0.938360	1.000001	0.938253	1356719481.180061	0.999996	58.669580	45.030425	8.002260	1.000000	0.938364	1.000000	0.938250	1.000000	0.938348	1.000000	0.938344	1.000000	0.938341	1.000085	0.000082	1.000000	0.938247	1.000000	1.000000	
1356719482.179970	0.999994	57.994853	44.543097	7.281919	1.000000	0.903020	1.000013	0.000469	1.000000	0.898966	1.000000	0.898946	1.000000	0.898971	1.000000	0.899152	1.000000	0.899151	1.000000	0.898949	1356719482.180055	0.999994	57.372168	43.726777	7.841783	1.000000	0.899146	1.000000	0.898962	1.000000	0.899129	1.000000	0.899140	1.000000	0.899120	1.000162	0.000126	1.000000	0.898957	1.000000	1.000000	
1356719483.179976	1.000006	58.326511	44.874305	7.348269	0.999999	0.912095	0.999959	0.000522	1.000000	0.907940	1.000000	0.907935	1.000000	0.907930	1.000000	0.908093	1.000000	0.908076	1.000000	0.907928	1356719483.180063	1.000008	57.625693	43.979120	8.094310	1.000000	0.908092	1.000000	0.907947	1.000000	0.908062	1.000000	0.908056	1.000000	0.908053	0.999977	0.000082	1.000000	0.907943	1.000000	1.000000	
1356719484.179969	0.999993	59.050564	45.545389	7.382375	0.999999	0.933453	0.999928	0.000409	0.999999	0.930089	1.000000	0.930083	1.000000	0.930078	0.999999	0.930239	0.999999	0.930234	1.000000	0.930094	1356719484.180062	0.999999	58.319895	44.617734	8.063652	1.000000	0.930257	1.000000	0.930098	1.000000	0.930210	1.000000	0.930221	1.000000	0.930202	0.998831	0.000479	1.000000	0.930082	1.000000	1.000000	
1356719485.179969	1.000000	57.596130	44.128906	7.311279	0.999999	0.888200	1.000015	0.000602	1.000000	0.883343	1.000000	0.883323	1.000000	0.883334	1.000000	0.883490	1.000000	0.883487	1.000000	0.883350	1356719485.180062	1.000000	57.102692	43.444641	8.012299	1.000000	0.883499	1.000000	0.883348	1.000000	0.883455	1.000000	0.883451	1.000000	0.883446	1.003955	0.000142	1.000000	0.883332	1.000000	1.000000	
1356719486.179969	1.000000	58.492981	45.029602	7.309311	1.000000	0.917569	0.999965	0.000513	1.000001	0.913616	1.000000	0.913612	1.000000	0.913605	1.000001	0.913781	1.000001	0.913777	1.000000	0.913658	1356719486.180057	0.999995	57.823577	44.167396	8.026896	1.000000	0.913792	1.000000	0.913647	1.000000	0.913748	1.000000	0.913744	1.000000	0.913739	0.999845	0.000124	1.000000	0.913619	1.000000	1.000000	
1356719487.179990	1.000021	57.227834	43.756635	7.314574	0.999999	0.880435	0.999484	0.000531	1.000000	0.875058	1.000000	0.875053	1.000000	0.875050	1.000000	0.875243	1.000000	0.875242	1.000000	0.875062	1356719487.180076	1.000019	56.826446	43.161073	8.050719	1.000000	0.875248	1.000000	0.875071	1.000000	0.875219	1.000000	0.875214	1.000000	0.875208	1.000013	0.002068	1.000000	0.875042	1.000000	1.000000	
1356719488.179969	0.999979	58.546074	45.077530	7.271454	0.999991	0.919128	1.000301	0.000453	1.000000	0.916370	1.000000	0.916382	1.000000	0.916356	1.000000	0.916512	1.000000	0.916509	1.000000	0.916376	1356719488.180058	0.999982	57.885038	44.217282	7.819735	1.000000	0.916531	1.000000	0.916382	1.000000	0.916498	1.000000	0.916494	1.000000	0.916489	0.999804	0.000134	1.000000	0.916352	1.000000	1.000000	
1356719489.179982	1.000013	58.813041	45.343293	7.316814	1.000000	0.925267	0.999956	0.000529	1.000000	0.921962	1.000000	0.921958	1.000000	0.921955	1.000000	0.922069	1.000000	0.922068	1.000000	0.921953	1356719489.180071	1.000013	58.010683	44.348494	8.102006	1.000000	0.922071	1.000000	0.921961	1.000000	0.922055	1.000000	0.922052	1.000000	0.922049	0.999925	0.000407	1.000000	0.921945	1.000000	1.000000	
1356719490.179969	0.999987	58.354861	44.899957	7.340169	0.999999	0.913290	0.999988	0.000502	1.000000	0.909450	1.000000	0.909432	1.000000	0.909443	1.000000	0.909600	1.000000	0.909595	1.000000	0.909439	1356719490.180057	0.999986	57.580766	43.951226	7.982580	1.000000	0.909601	1.000000	0.909459	1.000000	0.909599	1.000000	0.909595	1.000000	0.909589	1.000135	0.000166	1.000000	0.909454	1.000000	1.000000	
1356719491.179969	1.000000	59.372925	45.895279	7.354553	1.000000	0.943140	0.999558	0.000471	1.000000	0.940310	1.000000	0.940304	1.000000	0.940319	1.000000	0.940465	1.000000	0.940461	0.999999	0.940300	1356719491.180062	1.000005	58.563183	44.894520	8.067495	1.000000	0.940467	1.000000	0.940313	1.000000	0.940437	1.000000	0.940432	1.000000	0.940426	0.999434	0.000082	1.000000	0.940323	1.000000	1.000000	
1356719492.179969	1.000000	58.616562	45.165802	7.306015	1.000000	0.917828	0.999960	0.000497	1.000000	0.914348	0.999999	0.914315	1.000000	0.914341	1.000000	0.914494	1.000000	0.914489	1.000000	0.914323	1356719492.180062	1.000000	57.879379	44.247574	7.999176	1.000000	0.914484	1.000000	0.914332	1.000000	0.914479	1.000000	0.914475	1.000000	0.914471	1.000159	0.000129	1.000000	0.914339	1.000000	1.000000	
1356719493.179971	1.000002	58.146175	44.678046	7.318193	1.000000	0.906719	1.000392	0.000521	1.000000	0.902473	1.000000	0.902453	1.000000	0.902460	1.000000	0.902659	1.000000	0.902656	1.000000	0.902476	1356719493.180058	0.999996	57.447956	43.789881	8.031832	1.000000	0.902661	1.000000	0.902465	1.000000	0.902630	1.000000	0.902624	1.000000	0.902624	0.999718	0.000082	1.000000	0.902465	1.000000	1.000000	
1356719494.179983	1.000012	58.585437	45.117123	7.287221	0.999992	0.918074	1.000009	0.004727	1.000000	0.915043	1.000000	0.915072	1.000000	0.915037	1.000000	0.915204	1.000000	0.915200	1.000000	0.915064	1356719494.180073	1.000015	57.955276	44.295386	7.929996	1.000000	0.915217	1.000000	0.915068	1.000000	0.915169	1.000000	0.915181	1.000000	0.915177	1.000010	0.003388	1.000000	0.915040	1.000000	1.000000	
1356719495.179980	0.999997	58.252271	44.771806	7.312904	0.999964	0.908055	0.999895	0.001026	1.000000	0.904266	1.000000	0.904245	1.000000	0.904254	1.000000	0.904400	1.000000	0.904388	1.000000	0.904239	1356719495.180070	0.999997	57.564738	43.895903	8.037867	1.000000	0.904401	1.000000	0.904250	1.000000	0.904373	1.000000	0.904366	1.000000	0.904363	0.999978	0.001342	1.000000	0.904259	1.000000	1.000000	
1356719496.179970	0.999990	59.089718	45.605285	7.389600	0.999999	0.936054	0.999953	0.000491	1.000000	0.932768	1.000000	0.932763	1.000000	0.932759	1.000000	0.932920	1.000000	0.932914	1.000000	0.932774	1356719496.180059	0.999989	58.346068	44.669634	8.049527	1.000000	0.932935	1.000000	0.932778	1.000000	0.932891	1.000000	0.932885	1.000000	0.932884	0.996841	0.000168	1.000000	0.932762	1.000000	1.000000	
1356719497.179977	1.000007	58.775549	45.296165	7.328288	0.999999	0.925163	1.000112	0.000493	1.000000	0.921738	1.000000	0.921715	1.000000	0.921728	1.000000	0.921879	1.000000	0.921878	1.000000	0.921725	1356719497.180064	1.000005	58.054534	44.389197	7.925116	1.000000	0.921877	1.000000	0.921725	1.000000	0.921862	1.000000	0.921858	1.000000	0.921852	1.000240	0.002144	1.000000	0.921722	1.000000	1.000000	
1356719498.179970	0.999993	59.636383	46.184645	7.296803	1.000000	0.947887	1.000154	0.000500	1.000000	0.945519	1.000000	0.945516	1.000000	0.945524	1.000000	0.945632	1.000000	0.945629	1.000000	0.945506	1356719498.180064	1.000000	58.737579	45.109802	8.064972	1.000000	0.945639	1.000000	0.945532	1.000000	0.945624	1.000000	0.945621	1.000000	0.945618	1.000155	0.000149	1.000000	0.945529	1.000000	1.000000	
1356719499.179970	1.000000	58.297287	44.817245	7.349304	1.000000	0.910839	0.999982	0.000502	1.000001	0.907275	1.000001	0.907286	1.000000	0.907266	1.000000	0.907441	1.000001	0.907437	1.000000	0.907297	1356719499.180057	0.999993	57.758883	44.074798	8.077448	1.000000	0.907443	1.000000	0.907291	1.000000	0.907413	1.000000	0.907408	1.000000	0.907405	0.999905	0.000445	1.000000	0.907278	1.000000	1.000000	
1356719500.179979	1.000009	59.462962	45.990810	7.348154	0.999952	0.944601	0.999905	0.000438	1.000000	0.942347	1.000000	0.942313	1.000000	0.942343	1.000000	0.942450	1.000000	0.942432	1.000000	0.942324	1356719500.180068	1.000011	57.773552	44.126103	8.077945	1.000000	0.942447	1.000000	0.942337	1.000000	0.900166	1.000000	0.900165	1.000000	0.900161	1.000073	0.000226	1.000000	0.900069	1.000000	1.000000	
1356719501.179969	0.999990	58.063966	44.617939	7.304013	0.999999	0.903312	0.999843	0.000488	1.000000	0.898734	1.000000	0.898733	1.000000	0.898759	1.000000	0.898941	0.999999	0.898938	1.000000	0.898758	1356719501.180061	0.999993	57.351242	43.722531	8.058939	1.000000	0.898949	1.000000	0.898761	1.000000	0.898901	1.000000	0.898913	1.000000	0.898908	1.000082	0.000108	1.000000	0.898733	1.000000	1.000000	
1356719502.179969	1.000000	59.267731	45.773499	7.330505	1.000000	0.938430	0.999955	0.000434	1.000000	0.935578	1.000000	0.935572	1.000000	0.935571	1.000000	0.935687	1.000000	0.935685	1.000000	0.935568	1356719502.180060	0.999999	58.452906	44.781171	8.025353	1.000000	0.935683	1.000000	0.935577	1.000000	0.935666	1.000000	0.935678	1.000000	0.935661	0.999902	0.000154	1.000000	0.935573	1.000000	1.000000	
1356719503.179976	1.000007	58.182703	44.712383	7.359110	1.000000	0.909174	1.000147	0.000549	1.000000	0.905379	1.000000	0.905389	1.000000	0.905385	1.000000	0.905530	1.000000	0.905529	1.000000	0.905401	1356719503.180063	1.000003	57.530919	43.890443	7.991476	1.000000	0.905548	1.000000	0.905401	1.000000	0.905491	1.000000	0.905487	1.000000	0.905481	0.999937	0.000141	1.000000	0.905361	1.000000	1.000000	
1356719504.179970	0.999994	57.421042	43.921618	7.375029	0.999999	0.888640	0.999829	0.000477	1.000000	0.883239	1.000000	0.883220	1.000000	0.883232	1.000000	0.883420	1.000000	0.883419	1.000000	0.883228	1356719504.180053	0.999990	56.901205	43.218771	8.132772	1.000000	0.883421	1.000000	0.883247	1.000000	0.883406	1.000000	0.883402	1.000000	0.883396	1.000001	0.000453	1.000000	0.883216	1.000000	1.000000	
1356719505.179969	0.999999	58.648051	45.213117	7.299812	1.000000	0.924614	0.999911	0.000741	1.000000	0.921016	1.000000	0.920996	1.000000	0.921006	1.000000	0.921156	1.000000	0.921155	1.000000	0.921005	1356719505.180063	1.000010	57.981490	44.361159	8.081340	1.000000	0.921160	1.000000	0.921011	1.000000	0.921140	1.000000	0.921151	1.000000	0.921148	1.000136	0.000153	1.000000	0.921008	1.000000	1.000000	
1356719506.179969	1.000000	58.727325	45.265793	7.320648	0.999999	0.924230	1.000299	0.000472	1.000000	0.920631	1.000000	0.920626	1.000000	0.920625	1.000000	0.920777	1.000000	0.920772	1.000000	0.920620	1356719506.180054	0.999991	57.997764	44.376302	8.042248	1.000000	0.920779	1.000000	0.920636	1.000000	0.920749	1.000000	0.920744	1.000000	0.920741	0.999859	0.000150	1.000000	0.920619	1.000000	1.000000	
1356719507.179969	1.000000	58.044388	44.598267	7.248871	0.999989	0.908247	0.999954	0.000599	0.999999	0.904380	1.000000	0.904374	1.000000	0.904403	1.000000	0.904538	1.000000	0.904525	1.000000	0.904371	1356719507.180060	1.000006	57.553017	43.913526	7.884337	1.000000	0.904534	1.000000	0.904387	1.000000	0.904518	1.000000	0.904513	1.000000	0.904508	1.000000	0.002080	1.000000	0.904385	1.000000	1.000000	
1356719508.179971	1.000002	59.156793	45.707066	7.286775	1.000000	0.942182	0.999901	0.000490	1.000000	0.939262	1.000000	0.939241	1.000000	0.939255	1.000000	0.939395	1.000000	0.939377	1.000000	0.939275	1356719508.180056	0.999996	58.448098	44.830702	8.046663	1.000000	0.939381	1.000000	0.939276	1.000000	0.939380	1.000000	0.939378	1.000000	0.939374	0.996482	0.000148	1.000000	0.939260	1.000000	1.000000	
1356719509.179975	1.000004	58.354378	44.885102	7.339692	0.999999	0.918363	0.999943	0.000469	1.000000	0.910362	1.000000	0.910376	1.000000	0.910358	1.000000	0.910520	1.000000	0.910517	1.000000	0.910374	1356719509.180064	1.000008	57.744558	44.094217	8.071605	1.000000	0.910536	1.000000	0.910377	1.000000	0.910493	1.000000	0.910488	1.000000	0.910484	1.001103	0.000441	1.000000	0.910376	1.000000	1.000000	
1356719510.179969	0.999994	59.547276	46.055328	7.339689	1.000000	0.950683	0.999676	0.000497	1.000000	0.948186	1.000000	0.948199	1.000000	0.948181	1.000000	0.948306	1.000000	0.948304	1.000000	0.948195	1356719510.180064	1.000000	58.852768	45.176758	8.042877	1.000000	0.948307	1.000000	0.948201	1.000000	0.948292	1.000000	0.948288	1.000000	0.948286	1.000190	0.000192	1.000000	0.948184	1.000000	1.000000	
1356719511.179973	1.000004	59.254612	45.745023	7.409348	1.000000	0.939013	1.000348	0.000499	1.000001	0.936137	1.000000	0.936137	1.000000	0.936146	1.000000	0.936252	1.000000	0.936249	1.000000	0.936145	1356719511.180063	0.999999	58.706843	45.008801	8.116081	1.000000	0.936253	1.000000	0.936142	1.000000	0.936239	1.000000	0.936234	1.000000	0.936231	0.999763	0.000109	1.000000	0.936126	1.000000	1.000000	
1356719512.179978	1.000005	58.046142	44.581625	7.264078	0.999999	0.904378	1.000022	0.000475	1.000000	0.900191	1.000000	0.900172	1.000000	0.900181	1.000000	0.900376	1.000000	0.900372	1.000000	0.900193	1356719512.180068	1.000005	57.619310	43.966195	8.096731	1.000000	0.900387	1.000000	0.900198	1.000000	0.900330	1.000000	0.900339	1.000000	0.900319	1.000151	0.000151	1.000000	0.900181	1.000000	1.000000	
1356719513.179979	1.000001	56.298378	42.835042	7.245614	0.999918	0.855552	0.999980	0.000453	1.000000	0.850297	1.000000	0.850292	1.000000	0.850289	1.000000	0.850483	1.000000	0.850466	1.000000	0.850303	1356719513.180067	0.999999	56.165016	42.518458	7.816643	1.000000	0.850489	1.000000	0.850305	1.000000	0.850446	1.000000	0.850439	1.000000	0.850434	0.999851	0.000106	1.000000	0.850261	1.000000	1.000000	
1356719514.179969	0.999990	58.185077	44.704030	7.362378	0.999999	0.913053	0.999893	0.000438	0.999999	0.908930	1.000000	0.908914	1.000000	0.908922	1.000000	0.909112	0.999999	0.909107	1.000000	0.908903	1356719514.180062	0.999995	57.772399	44.088600	8.088969	1.000000	0.909111	1.000000	0.908924	1.000000	0.909083	1.000000	0.909077	1.000000	0.909071	0.999946	0.000531	1.000000	0.908931	1.000000	1.000000	
1356719515.179969	1.000000	57.915085	44.397156	7.402542	0.999999	0.902208	1.000055	0.000537	1.000001	0.897835	1.000000	0.897787	1.000000	0.897827	1.000000	0.898010	1.000001	0.898007	1.000000	0.897822	1356719515.180058	0.999996	57.575032	43.874552	7.997164	1.000000	0.898003	1.000000	0.897825	1.000000	0.898002	1.000000	0.897996	1.000000	0.897990	1.000061	0.000153	1.000000	0.897819	1.000000	1.000000	
1356719516.179978	1.000009	57.358321	43.902129	7.299998	0.999999	0.889152	0.999740	0.000512	1.000000	0.884400	1.000000	0.884350	1.000000	0.884395	1.000000	0.884536	1.000000	0.884521	1.000000	0.884360	1356719516.180068	1.000010	57.205894	43.566687	8.066402	1.000000	0.884523	1.000000	0.884368	1.000000	0.884506	1.000000	0.884518	1.000000	0.884515	0.999987	0.000601	1.000000	0.884426	1.000000	1.000000	
1356719517.179969	0.999991	58.127114	44.658470	7.268956	1.000000	0.914288	1.000340	0.000449	1.000000	0.910350	1.000000	0.910363	1.000000	0.910340	1.000000	0.910942	1.000000	0.910495	1.000000	0.910355	1356719517.180059	0.999991	57.962012	44.306462	8.049283	1.000000	0.910507	1.000000	0.910362	1.000000	0.910480	1.000000	0.910473	1.000000	0.910470	0.999991	0.002092	1.000000	0.910330	1.000000	1.000000	
1356719518.179970	1.000001	58.732473	45.338534	6.584833	0.999999	0.930757	0.999902	0.000474	1.000000	0.927416	1.000000	0.927413	1.000000	0.927410	1.000000	0.927538	1.000000	0.927534	1.000000	0.927443	1356719518.180062	1.000003	58.168902	44.539809	8.039144	1.000000	0.927544	1.000000	0.927424	1.000000	0.927514	1.000000	0.927509	1.000000	0.927508	0.999981	0.000181	1.000000	0.927422	1.000000	1.000000	
1356719519.179969	0.999999	57.706812	44.281170	6.715064	0.999999	0.896953	1.000011	0.004271	1.000000	0.892070	1.000000	0.892081	1.000000	0.892076	1.000000	0.892262	1.000000	0.892261	1.000000	0.892068	1356719519.180060	0.999998	57.420810	43.755271	8.008484	1.000000	0.892263	1.000000	0.892081	1.000000	0.892233	1.000000	0.892229	1.000000	0.892224	1.000016	0.003800	1.000000	0.892051	1.000000	1.000000	
1356719520.179969	1.000000	58.225266	44.824112	6.751297	1.000000	0.910417	0.999996	0.000530	1.000000	0.906182	1.000000	0.906176	1.000000	0.906172	1.000000	0.906347	1.000000	0.906329	1.000001	0.906203	1356719520.180058	0.999998	57.693820	44.048866	8.036362	1.000000	0.906341	1.000000	0.906198	1.000000	0.906294	1.000000	0.906307	1.000000	0.906302	0.996321	0.000196	1.000000	0.906168	1.000000	1.000000	
1356719521.179976	1.000007	58.866933	45.443808	6.790206	0.999989	0.934198	0.999970	0.000492	1.000000	0.930955	1.000000	0.930955	1.000000	0.930945	1.000000	0.931107	1.000000	0.931105	1.000000	0.930961	1356719521.180063	1.000005	58.243162	44.576803	8.098379	1.000000	0.931111	1.000000	0.930967	1.000000	0.931080	1.000000	0.931076	1.000000	0.931071	1.004068	0.000163	1.000000	0.930950	1.000000	1.000000	
1356719522.179970	0.999994	58.916046	45.499844	6.736796	1.000000	0.934996	0.999931	0.000471	1.000000	0.931906	1.000000	0.931903	1.000000	0.931900	1.000000	0.932027	1.000000	0.932020	1.000000	0.931914	1356719522.180058	0.999995	58.293215	44.640452	7.986246	1.000000	0.932026	1.000000	0.931915	1.000000	0.931998	1.000000	0.931994	1.000000	0.931992	1.000070	0.000369	1.000000	0.931885	1.000000	1.000000	
1356719523.179969	0.999999	59.021510	45.592313	6.752539	1.000000	0.936952	0.999964	0.000561	1.000000	0.933971	1.000000	0.933970	1.000000	0.933963	1.000000	0.934123	1.000000	0.934119	1.000000	0.933979	1356719523.180057	0.999999	58.471766	44.812604	7.988441	1.000000	0.934130	1.000000	0.933982	1.000000	0.934085	1.000000	0.934096	1.000000	0.934091	0.999671	0.000108	1.000000	0.933967	1.000000	1.000000	
1356719524.179973	1.000004	57.756403	44.344074	6.756854	1.000000	0.906009	1.000061	0.000455	1.000000	0.901517	1.000000	0.901485	1.000000	0.901509	1.000000	0.901662	1.000000	0.901661	1.000000	0.901524	1356719524.180065	1.000008	57.411858	43.752087	8.151774	1.000000	0.901664	1.000000	0.901519	1.000000	0.901649	1.000000	0.901645	1.000000	0.901638	1.000062	0.000470	1.000000	0.901502	1.000000	1.000000	
1356719525.179969	0.999996	59.116084	45.697268	6.786557	0.999999	0.943820	0.999925	0.000625	1.000000	0.941083	1.000000	0.941065	1.000000	0.941077	1.000000	0.941190	1.000000	0.941191	1.000000	0.941059	1356719525.180064	0.999999	58.558741	44.907559	8.095787	1.000000	0.941184	1.000000	0.941069	1.000000	0.941183	1.000000	0.941179	1.000000	0.941176	1.000010	0.000964	1.000000	0.941080	1.000000	1.000000	
1356719526.179972	1.000003	58.745164	45.320187	6.737589	1.000000	0.927407	0.999708	0.000463	1.000000	0.923864	1.000000	0.923875	1.000000	0.923853	1.000000	0.923982	1.000000	0.923977	1.000000	0.923869	1356719526.180060	0.999996	58.231651	44.570737	8.083102	1.000000	0.923981	1.000000	0.923862	1.000000	0.923952	1.000000	0.923965	1.000000	0.923945	0.999868	0.000149	1.000000	0.923862	1.000000	1.000000	
1356719527.179994	1.000022	58.167715	44.753688	6.832019	0.999977	0.912167	1.000294	0.000498	1.000000	0.907895	1.000000	0.907863	1.000000	0.907888	1.000000	0.908040	1.000000	0.908036	1.000000	0.907902	1356719527.180084	1.000024	57.628281	43.977213	8.052418	1.000000	0.908043	1.000000	0.907895	1.000000	0.908027	1.000000	0.908022	1.000000	0.908018	0.999997	0.002108	1.000000	0.907869	1.000000	1.000000	
1356719528.179970	0.999976	59.267754	45.855520	6.770625	1.000000	0.941976	1.000047	0.000495	1.000000	0.939153	1.000000	0.939136	1.000001	0.939149	1.000000	0.939261	1.000000	0.939259	1.000000	0.939144	1356719528.180057	0.999973	58.511083	44.887287	8.123388	1.000000	0.939260	1.000000	0.939154	1.000000	0.939258	1.000000	0.939254	1.000000	0.939251	0.999979	0.000147	1.000000	0.939138	1.000000	1.000000	
1356719529.179969	0.999999	58.225077	44.789136	6.847800	0.999999	0.914729	0.999825	0.000541	1.000000	0.910697	1.000000	0.910664	1.000000	0.910689	1.000000	0.910837	1.000000	0.910834	1.000000	0.910685	1356719529.180054	0.999997	57.659892	43.990630	8.079798	1.000000	0.910830	1.000000	0.910692	1.000000	0.910829	1.000000	0.910824	1.000000	0.910820	0.999927	0.000412	1.000000	0.910687	1.000000	1.000000	
1356719530.179969	1.000000	59.930878	46.525787	6.726349	1.000000	0.963391	1.000002	0.000448	1.000000	0.961586	1.000000	0.961579	1.000000	0.961577	1.000000	0.961705	1.000000	0.961701	1.000000	0.961611	1356719530.180061	1.000007	59.137347	45.499365	8.087270	1.000000	0.961716	1.000000	0.961607	1.000000	0.961682	1.000000	0.961696	1.000000	0.961693	1.000135	0.000191	1.000000	0.961580	1.000000	1.000000	
1356719531.179971	1.000002	57.965939	44.540564	6.844866	0.999999	0.903266	1.000112	0.000477	1.000000	0.898669	1.000000	0.898635	1.000000	0.898660	1.000000	0.898810	1.000000	0.898808	1.000000	0.898628	1356719531.180059	0.999998	57.463260	43.804054	8.095688	1.000000	0.898798	1.000000	0.898659	1.000000	0.898797	1.000000	0.898792	1.000000	0.898788	0.999989	0.000108	1.000000	0.898654	1.000000	1.000000	
1356719532.179969	0.999998	58.336384	44.943460	6.743772	0.999999	0.918032	0.999996	0.000466	1.000000	0.913892	1.000000	0.913872	1.000000	0.913868	1.000000	0.914032	1.000000	0.914027	1.000000	0.913901	1356719532.180054	0.999995	57.731719	44.089729	8.139765	1.000000	0.914041	1.000000	0.913894	1.000000	0.914011	1.000000	0.914007	1.000000	0.914003	0.996297	0.000151	1.000000	0.913876	1.000000	1.000000	
1356719533.179973	1.000004	58.016031	44.601260	6.764865	0.999999	0.911108	0.999938	0.000550	1.000000	0.906961	1.000000	0.906944	1.000000	0.906971	1.000000	0.907111	1.000000	0.907108	1.000000	0.906952	1356719533.180063	1.000009	57.627347	43.977583	8.078494	1.000000	0.907108	1.000000	0.906966	1.000000	0.907106	1.000000	0.907101	1.000000	0.907118	1.003095	0.000186	1.000000	0.906966	1.000000	1.000000	
1356719534.179984	1.000011	58.472473	45.029871	6.816255	0.999999	0.922533	1.000091	0.000502	1.000000	0.919120	1.000000	0.919114	1.000000	0.919114	1.000000	0.919237	1.000000	0.919233	1.000000	0.919108	1356719534.180072	1.000009	58.003396	44.343089	8.085941	1.000000	0.919222	1.000000	0.919092	1.000000	0.919222	1.000000	0.919218	1.000000	0.919214	0.999921	0.000529	1.000000	0.919129	1.000000	1.000000	
1356719535.179971	0.999987	57.009003	43.587043	6.802961	0.999995	0.883388	0.999881	0.000503	1.000000	0.878150	1.000000	0.878162	1.000000	0.878141	1.000000	0.878348	1.000000	0.878346	1.000000	0.878172	1356719535.180059	0.999987	56.651591	43.003051	8.013502	1.000000	0.878363	1.000000	0.878187	1.000000	0.878317	1.000000	0.878311	1.000000	0.878305	0.999979	0.000185	1.000000	0.878159	1.000000	1.000000	
1356719536.179981	1.000010	58.021163	44.617763	6.726190	0.999999	0.909510	1.000072	0.000519	1.000000	0.905266	1.000000	0.905260	1.000000	0.905257	1.000000	0.905467	1.000000	0.905465	1.000000	0.905285	1356719536.180070	1.000011	57.574808	43.929557	8.171007	1.000000	0.905469	1.000000	0.905282	1.000000	0.905450	1.000000	0.905446	1.000000	0.905438	1.000107	0.000173	1.000000	0.905251	1.000000	1.000000	
1356719537.179970	0.999989	58.186536	44.783008	6.695111	0.999995	0.914142	0.996355	0.000420	0.999997	0.910247	0.999998	0.910228	1.000000	0.910241	0.999999	0.910407	0.999999	0.910391	1.000000	0.910262	1356719537.180088	1.000018	57.811497	44.168171	8.015634	1.000000	0.910414	1.000000	0.910264	1.000000	0.910371	1.000000	0.910365	1.000000	0.910361	1.000005	0.002088	1.000000	0.910235	1.000000	1.000000	
1356719538.179969	0.999999	58.255594	44.821744	6.841742	1.000000	0.913463	1.003226	0.000469	1.000003	0.909201	1.000002	0.909196	1.000001	0.909190	1.000001	0.909343	1.000001	0.909341	1.000001	0.909185	1356719538.180054	0.999966	57.820148	44.162776	8.070450	1.000000	0.909340	1.000000	0.909198	1.000000	0.909337	1.000000	0.909333	1.000000	0.909328	0.999781	0.000148	1.000000	0.909221	1.000000	1.000000	
1356719539.179982	1.000013	57.744162	44.313628	6.815340	0.999999	0.903022	1.000024	0.000491	1.000000	0.898343	1.000000	0.898338	1.000000	0.898330	1.000000	0.898526	1.000000	0.898523	1.000000	0.898327	1356719539.180072	1.000018	57.322110	43.653684	7.980784	1.000000	0.898534	1.000000	0.898346	1.000000	0.898517	1.000000	0.898510	1.000000	0.898506	1.000036	0.000451	1.000000	0.898341	1.000000	1.000000	
1356719540.179972	0.999990	59.098202	45.671157	6.813957	1.000000	0.943211	0.999768	0.000518	1.000000	0.940455	1.000000	0.940452	1.000000	0.940441	1.000000	0.940574	1.000000	0.940563	1.000000	0.940465	1356719540.180064	0.999992	58.547456	44.890485	8.046940	1.000000	0.940572	1.000000	0.940463	1.000000	0.940571	1.000000	0.940568	1.000000	0.940564	0.999900	0.000189	1.000000	0.940459	1.000000	1.000000	
1356719541.179978	1.000006	58.512942	45.128317	6.702627	0.999999	0.924863	1.000191	0.000444	1.000000	0.921215	1.000000	0.921196	1.000000	0.921208	1.000000	0.921320	1.000000	0.921317	1.000000	0.921192	1356719541.180064	1.000000	58.078659	44.448944	8.148193	1.000000	0.921318	1.000000	0.921203	1.000000	0.921301	1.000000	0.921313	1.000000	0.921309	1.000080	0.000106	1.000000	0.921203	1.000000	1.000000	
1356719542.179973	0.999995	57.887878	44.458215	6.841190	0.999999	0.908036	1.000017	0.000493	1.000000	0.903790	1.000000	0.903771	1.000000	0.903782	1.000000	0.903938	1.000000	0.903933	1.000000	0.903765	1356719542.180061	0.999997	57.599300	43.931700	8.116679	1.000000	0.903932	1.000000	0.903781	1.000000	0.903915	1.000000	0.903925	1.000000	0.903907	0.999789	0.000152	1.000000	0.903792	1.000000	1.000000	
1356719543.179985	1.000012	59.302104	45.869616	6.818187	0.999999	0.952379	0.999932	0.000502	1.000000	0.949977	1.000000	0.949972	1.000000	0.949969	1.000000	0.950088	1.000000	0.950088	1.000000	0.949985	1356719543.180074	1.000013	58.788078	45.124454	8.103882	1.000000	0.950092	1.000000	0.949986	1.000000	0.950076	1.000000	0.950072	1.000000	0.950070	1.000231	0.000107	1.000000	0.949968	1.000000	1.000000	
1356719544.179978	0.999993	58.848857	45.421090	6.817079	1.000000	0.932034	0.999967	0.003868	1.000000	0.928736	1.000000	0.928701	1.000000	0.928713	1.000000	0.928832	1.000000	0.928829	1.000000	0.928713	1356719544.180067	0.999993	58.381019	44.733662	8.102992	1.000000	0.928828	1.000000	0.928723	1.000000	0.928811	1.000000	0.928824	1.000000	0.928821	0.999860	0.003962	1.000000	0.928720	1.000000	1.000000	
1356719545.179969	0.999991	58.807921	45.347930	6.928057	1.000000	0.936128	1.000141	0.000473	1.000000	0.932797	1.000000	0.932778	1.000000	0.932789	1.000000	0.932944	1.000000	0.932940	1.000000	0.932805	1356719545.180063	0.999996	58.268119	44.580213	8.140307	1.000000	0.932952	1.000000	0.932806	1.000000	0.932921	1.000000	0.932918	1.000000	0.932914	1.002729	0.000193	1.000000	0.932791	1.000000	1.000000	
1356719546.179969	1.000000	57.780930	44.348267	6.811737	0.999999	0.906112	0.999972	0.000453	1.000000	0.901580	1.000000	0.901574	1.000000	0.901570	1.000000	0.901761	1.000000	0.901757	0.999999	0.901565	1356719546.180066	1.000003	57.423101	43.757295	8.019003	1.000000	0.901766	1.000000	0.901584	1.000000	0.901734	1.000000	0.901728	1.000000	0.901723	1.000058	0.000180	1.000000	0.901566	1.000000	1.000000	
1356719547.179969	1.000000	58.872513	45.450928	6.789871	1.000000	0.934622	0.999837	0.000461	1.000000	0.931528	1.000000	0.931514	1.000000	0.931525	0.999999	0.931647	1.000000	0.931646	1.000000	0.931543	1356719547.180063	0.999997	58.446318	44.798524	8.000605	1.000000	0.931645	1.000000	0.931531	1.000000	0.931630	1.000000	0.931627	1.000000	0.931625	1.000000	0.002113	1.000000	0.931530	1.000000	1.000000	
1356719548.179972	1.000003	58.253039	44.827437	6.767481	1.000000	0.919815	1.000195	0.000459	1.000000	0.915873	1.000000	0.915841	1.000000	0.915863	1.000001	0.916013	1.000000	0.916009	1.000001	0.915833	1356719548.180063	1.000000	57.747803	44.107635	8.010605	1.000000	0.916003	1.000000	0.915854	1.000000	0.916000	1.000000	0.915997	1.000000	0.915992	0.999866	0.000169	1.000000	0.915864	1.000000	1.000000	
1356719549.179969	0.999997	58.703566	45.294513	6.813818	0.999999	0.934191	1.000014	0.000459	1.000000	0.931186	1.000000	0.931166	1.000000	0.931181	1.000000	0.931287	1.000000	0.931288	1.000000	0.931179	1356719549.180062	0.999999	58.258417	44.611706	8.034096	1.000000	0.931296	1.000000	0.931186	1.000000	0.931268	1.000000	0.931265	1.000000	0.931261	1.000085	0.000447	1.000000	0.931171	1.000000	1.000000	
1356719550.179969	1.000000	57.924362	44.506027	6.817734	0.999999	0.909423	0.999833	0.000539	1.000000	0.905244	1.000000	0.905252	1.000000	0.905234	1.000000	0.905432	1.000000	0.905429	0.999999	0.905242	1356719550.180065	1.000003	57.546178	43.898454	8.077261	1.000000	0.905433	1.000000	0.905253	1.000000	0.905416	1.000000	0.905412	1.000000	0.905405	0.999754	0.000218	1.000000	0.905234	1.000000	1.000000	
1356719551.179974	1.000005	57.847214	44.410300	6.846661	0.999996	0.905720	1.000170	0.000454	1.000000	0.901330	1.000001	0.901326	1.000000	0.901322	1.000000	0.901487	1.000001	0.901483	1.000000	0.901339	1356719551.180060	0.999995	57.426115	43.772192	8.096568	1.000000	0.901484	1.000000	0.901341	1.000000	0.901469	1.000000	0.901462	1.000000	0.901459	1.000296	0.000132	1.000000	0.901326	1.000000	1.000000	
1356719552.179974	1.000000	59.066315	45.653336	6.789642	0.999999	0.945007	0.999913	0.000454	1.000000	0.942334	1.000000	0.942315	1.000000	0.942328	1.000000	0.942441	1.000000	0.942437	1.000000	0.942328	1356719552.180063	1.000003	58.511003	44.874800	8.106527	1.000000	0.942447	1.000000	0.942330	1.000000	0.942417	1.000000	0.942415	1.000000	0.942410	0.999755	0.000175	1.000000	0.942329	1.000000	1.000000	
1356719553.179985	1.000011	59.020623	45.543110	6.925553	1.000000	0.939807	1.000047	0.000438	1.000000	0.936857	1.000000	0.936855	1.000000	0.936850	1.000000	0.936962	1.000000	0.936959	1.000000	0.936849	1356719553.180074	1.000011	58.528869	44.841580	8.134509	1.000000	0.936965	1.000000	0.936856	1.000000	0.936949	1.000000	0.936946	1.000000	0.936943	1.000137	0.000135	1.000000	0.936842	1.000000	1.000000	
1356719554.179969	0.999984	57.849267	44.447533	6.743806	1.000000	0.909349	1.000040	0.000481	1.000000	0.904988	1.000000	0.904984	1.000000	0.904969	1.000000	0.905132	1.000000	0.905123	1.000000	0.904974	1356719554.180054	0.999980	57.492530	43.871820	7.986732	1.000000	0.905131	1.000000	0.904989	1.000000	0.905114	1.000000	0.905111	1.000000	0.905105	1.000031	0.000496	1.000000	0.905003	1.000000	1.000000	
1356719555.179970	1.000001	57.793402	44.390598	6.740472	0.999999	0.909377	0.999990	0.000480	1.000000	0.904881	1.000000	0.904847	1.000000	0.904874	1.000000	0.905066	1.000000	0.905060	1.000000	0.904867	1356719555.180056	1.000002	57.466474	43.837136	7.995209	1.000000	0.905051	1.000000	0.904875	1.000000	0.905052	1.000000	0.905044	1.000000	0.905041	0.999962	0.001023	1.000000	0.904871	1.000000	1.000000	
1356719556.179972	1.000002	59.762505	46.342258	6.797335	1.000000	0.965091	0.999947	0.000468	1.000000	0.963145	1.000000	0.963140	1.000000	0.963139	1.000000	0.963244	1.000000	0.963243	1.000000	0.963136	1356719556.180062	1.000006	59.141722	45.508411	8.053556	1.000000	0.963245	1.000000	0.963143	1.000000	0.963219	1.000000	0.963214	1.000000	0.963211	0.997292	0.000198	1.000000	0.963128	1.000000	1.000000	
1356719557.179973	1.000001	58.124975	44.700977	6.839685	0.999998	0.911717	0.999989	0.000458	1.000000	0.907382	1.000000	0.907395	1.000000	0.907409	1.000000	0.907550	1.000000	0.907549	1.000000	0.907421	1356719557.180060	0.999998	57.512073	43.866020	8.141571	1.000000	0.907559	1.000000	0.907417	1.000000	0.866554	1.000000	0.907554	1.000000	0.907519	1.000250	0.002106	1.000000	0.907388	1.000000	1.000000	
1356719558.179979	1.000006	58.827088	45.393101	6.817678	1.000000	0.935354	1.000061	0.000452	1.000000	0.932228	1.000000	0.932194	1.000000	0.932221	1.000000	0.932368	1.000000	0.932364	1.000000	0.932188	1356719558.180069	1.000009	58.306387	44.649544	7.992466	1.000000	0.932360	1.000000	0.932216	1.000000	0.932342	1.000000	0.932338	1.000000	0.932334	0.999971	0.000173	1.000000	0.932211	1.000000	1.000000	
1356719559.179984	1.000005	59.492546	46.081450	6.772915	1.000000	0.955352	0.999905	0.000456	1.000000	0.953066	1.000000	0.953077	1.000000	0.953072	1.000000	0.953177	1.000000	0.953173	1.000000	0.953071	1356719559.180072	1.000003	58.860322	45.235745	8.152502	1.000000	0.953188	1.000000	0.953076	1.000000	0.953144	1.000000	0.953141	1.000000	0.953139	1.000047	0.000480	1.000000	0.953061	1.000000	1.000000	
1356719560.179969	0.999985	58.882690	45.452450	6.867703	1.000000	0.937179	0.999871	0.000476	0.999999	0.934185	0.999999	0.934186	1.000000	0.934182	1.000000	0.934294	1.000000	0.934291	1.000000	0.934193	1356719560.180065	0.999993	58.493828	44.833776	8.069544	1.000000	0.934301	1.000000	0.934190	1.000000	0.934257	1.000000	0.934255	1.000000	0.934252	1.000041	0.000246	1.000000	0.934186	1.000000	1.000000	
1356719561.179977	1.000008	58.194490	44.761585	6.778128	0.999999	0.920918	0.999949	0.000410	1.000000	0.917175	1.000000	0.917188	1.000000	0.917183	1.000000	0.917339	1.000001	0.917338	1.000001	0.917200	1356719561.180066	1.000001	57.809057	44.162342	8.051857	1.000000	0.917353	1.000000	0.917205	1.000000	0.917309	1.000000	0.917305	1.000000	0.917301	0.999703	0.000166	1.000000	0.917177	1.000000	1.000000	
1356719562.179969	0.999992	58.711154	45.267045	6.853983	1.000000	0.933917	1.000089	0.000432	1.000000	0.930830	1.000000	0.930812	1.000000	0.930827	1.000000	0.930936	1.000000	0.930931	1.000000	0.930806	1356719562.180062	0.999996	58.214942	44.557554	8.098650	1.000000	0.930933	1.000000	0.930827	1.000000	0.930919	1.000000	0.930915	1.000000	0.930912	1.000184	0.000176	1.000000	0.930811	1.000000	1.000000	
1356719563.179977	1.000008	59.038599	45.612362	6.825308	1.000000	0.944509	1.000173	0.000465	1.000000	0.941870	1.000000	0.941852	1.000000	0.941863	1.000000	0.941985	1.000000	0.941984	1.000000	0.941882	1356719563.180068	1.000006	58.525408	44.872642	8.034849	1.000000	0.941982	1.000000	0.941879	1.000000	0.941967	1.000000	0.941963	1.000000	0.941960	1.000032	0.000146	1.000000	0.941865	1.000000	1.000000	
1356719564.179978	1.000001	57.348883	43.930042	6.785897	0.999999	0.889214	0.999880	0.000412	1.000000	0.883935	1.000000	0.883946	1.000000	0.883926	1.000000	0.884129	1.000000	0.884122	1.000000	0.883937	1356719564.180066	0.999998	57.064699	43.420569	8.069336	1.000000	0.884133	1.000000	0.883957	1.000000	0.884104	1.000000	0.884098	1.000000	0.884121	0.999941	0.000505	1.000000	0.883955	1.000000	1.000000	
1356719565.179974	0.999996	58.183082	44.764738	6.785611	1.000000	0.915858	0.999907	0.000758	1.000000	0.911827	1.000000	0.911838	1.000000	0.911818	1.000000	0.911993	1.000000	0.911989	1.000000	0.911868	1356719565.180061	0.999995	57.621504	43.997703	7.981424	1.000000	0.912005	1.000000	0.911862	1.000000	0.911961	1.000000	0.911956	1.000000	0.911952	0.999951	0.000180	1.000000	0.911822	1.000000	1.000000	
1356719566.179979	1.000005	59.191568	45.778228	6.795712	1.000000	0.948613	1.000126	0.000467	1.000000	0.946076	1.000000	0.946091	1.000000	0.946072	1.000000	0.946193	1.000000	0.946192	1.000000	0.946085	1356719566.180068	1.000007	58.658622	45.024408	8.019689	1.000000	0.946200	1.000000	0.946093	1.000000	0.946185	1.000000	0.946181	1.000000	0.946178	0.999976	0.000179	1.000000	0.946077	1.000000	1.000000	
1356719567.179969	0.999990	58.308277	44.892722	6.789283	0.999999	0.921929	0.999963	0.000414	1.000000	0.918201	1.000000	0.918194	1.000000	0.918192	1.000000	0.918341	1.000000	0.918339	1.000000	0.918188	1356719567.180063	0.999995	57.915253	44.286965	8.014765	1.000000	0.918345	1.000000	0.918202	1.000000	0.918329	1.000000	0.918342	1.000000	0.918322	1.000004	0.002111	1.000000	0.918200	1.000000	1.000000	
1356719568.179969	1.000000	57.735275	44.341232	6.776245	1.000000	0.930223	0.999982	0.000467	1.000000	0.898373	1.000000	0.898370	1.000000	0.898363	1.000000	0.898520	1.000000	0.898515	1.000000	0.898359	1356719568.180055	0.999992	57.318488	43.705295	8.107503	1.000000	0.898514	1.000000	0.898364	1.000000	0.898499	1.000000	0.898495	1.000000	0.898520	0.996902	0.000171	1.000000	0.898401	1.000000	1.000000	
1356719569.179970	1.000001	59.359761	45.963228	6.755349	1.000000	0.946968	1.000005	0.003852	1.000000	0.944383	1.000000	0.944380	1.000000	0.944377	1.000000	0.944495	1.000000	0.944493	1.000000	0.944374	1356719569.180060	1.000005	58.649380	45.045764	7.955771	1.000000	0.944494	1.000000	0.944385	1.000000	0.944492	1.000000	0.944489	1.000000	0.944485	1.000118	0.004629	1.000000	0.944383	1.000000	1.000000	
1356719570.179973	1.000003	58.303179	44.840605	6.921045	1.000000	0.924234	0.999855	0.000433	1.000000	0.920548	1.000000	0.920543	1.000000	0.920538	1.000000	0.920697	1.000000	0.920692	1.000000	0.920552	1356719570.180062	1.000002	57.867642	44.202903	8.068283	1.000000	0.920709	1.000000	0.920556	1.000000	0.920678	1.000000	0.920672	1.000000	0.920669	0.999921	0.000215	1.000000	0.920541	1.000000	1.000000	
1356719571.179969	0.999996	58.534554	45.134338	6.746396	0.999999	0.928774	1.000075	0.000518	1.000000	0.925236	1.000000	0.925250	1.000000	0.925230	1.000000	0.925358	1.000000	0.925357	1.000000	0.925267	1356719571.180063	1.000001	58.053060	44.446323	8.033150	1.000000	0.925373	1.000000	0.925259	1.000000	0.925328	1.000000	0.925327	1.000000	0.925323	1.000036	0.000151	1.000000	0.925232	1.000000	1.000000	
1356719572.179969	1.000000	56.825623	43.401474	6.850937	0.999999	0.875776	0.999915	0.000784	1.000000	0.869892	1.000000	0.869841	1.000000	0.869885	1.000000	0.870072	1.000000	0.870053	1.000000	0.869861	1356719572.180063	1.000000	56.543777	42.909027	8.105988	1.000000	0.870088	1.000000	0.869864	1.000000	0.870073	1.000000	0.870039	1.000000	0.870064	0.999869	0.000179	1.000000	0.869904	1.000000	1.000000	
1356719573.179979	1.000010	58.582269	45.168890	6.814904	0.999993	0.927342	1.000083	0.000523	1.000001	0.924183	1.000001	0.924198	1.000000	0.924175	1.000000	0.924344	1.000000	0.924340	1.000000	0.924207	1356719573.180067	1.000004	58.059518	44.448428	8.076399	1.000000	0.924357	1.000000	0.924205	1.000000	0.924314	1.000000	0.924336	1.000000	0.924305	1.000242	0.000134	1.000000	0.924201	1.000000	1.000000	
1356719574.179969	0.999990	58.492987	45.060403	6.829155	1.000000	0.929462	0.999945	0.000439	1.000000	0.926480	1.000000	0.926478	1.000000	0.926474	1.000000	0.926593	1.000000	0.926591	1.000000	0.926488	1356719574.180059	0.999992	58.071882	44.429392	8.074422	1.000000	0.926598	1.000000	0.926483	1.000000	0.926571	1.000000	0.926566	1.000000	0.926564	0.999916	0.000562	1.000000	0.926467	1.000000	1.000000	
1356719575.179984	1.000015	57.121609	43.711013	6.828450	0.999999	0.887439	0.999965	0.000489	1.000000	0.882202	1.000000	0.882195	1.000000	0.882192	1.000000	0.882386	1.000000	0.882382	1.000000	0.882187	1356719575.180074	1.000015	56.823808	43.193748	7.956881	1.000000	0.882380	1.000000	0.882204	1.000000	0.882366	1.000000	0.882357	1.000000	0.882353	1.000119	0.000179	1.000000	0.882186	1.000000	1.000000	
1356719576.179969	0.999985	58.492547	45.071432	6.758448	1.000000	0.928593	0.999471	0.000432	0.999999	0.925267	1.000000	0.925250	1.000000	0.925262	1.000000	0.925376	1.000000	0.925372	0.999999	0.925257	1356719576.180066	0.999992	58.047086	44.413080	8.069188	1.000000	0.925370	1.000000	0.925265	1.000000	0.925368	1.000000	0.925366	1.000000	0.925360	0.999996	0.000182	1.000000	0.925262	1.000000	1.000000	
1356719577.179972	1.000003	57.534856	44.134522	6.773020	0.999999	0.899822	1.000342	0.000713	1.000000	0.895014	1.000000	0.894997	1.000000	0.895005	1.000000	0.895403	1.000001	0.895183	1.000001	0.895000	1356719577.180060	0.999994	57.265982	43.646912	7.980059	1.000000	0.895197	1.000000	0.895009	1.000000	0.895153	1.000000	0.895173	1.000000	0.895141	1.000000	0.002104	1.000000	0.894992	1.000000	1.000000	
1356719578.179972	1.000000	58.696136	45.294937	6.579315	0.999999	0.935424	1.000008	0.000459	1.000000	0.932393	1.000000	0.932407	1.000000	0.932405	1.000000	0.932515	1.000000	0.932512	1.000000	0.932400	1356719578.180063	1.000003	58.239382	44.604827	8.060308	1.000000	0.932528	1.000000	0.932413	1.000000	0.932497	1.000000	0.932494	1.000000	0.932491	0.995760	0.000175	1.000000	0.932398	1.000000	1.000000	
1356719579.179976	1.000004	715779043.412088	715802818.901157	715787939.373285	0.999951	1.000903	0.999948	1.000904	0.999960	1.000907	0.999951	1.000901	0.999953	1.000914	0.999952	1.000896	0.999951	1.000906	0.999952	1.000907	1356719579.180085	1.000022	715802607.526393	715791760.342140	715748715.202116	0.999952	1.000904	0.999948	1.000902	3.895606	0.256923	0.999950	1.000898	0.999951	1.000907	0.999954	1.000903	0.999951	1.000906	0.999952	1.000907	
1356719580.180111	1.000135	0.000000	0.000000	0.000000	-nan	-nan	-nan	-nan	0.000000	inf	-nan	-nan	-nan	0.000000	-nan	-nan	-nan	-nan	-nan	-nan	1356719580.180192	1.000107	0.000000	0.000000	0.000000	-nan	-nan	-nan	-nan	0.000000	inf	-nan	-nan	-nan	-nan	-nan	-nan	-nan	-nan	-nan	-nan	
