ts_0	elapsed_0	pkg_0	pp0_0	dram_0	freq_ratio_0_0	c0_ratio_0_0	freq_ratio_0_1	c0_ratio_0_1	freq_ratio_0_2	c0_ratio_0_2	freq_ratio_0_3	c0_ratio_0_3	freq_ratio_0_4	c0_ratio_0_4	freq_ratio_0_5	c0_ratio_0_5	freq_ratio_0_6	c0_ratio_0_6	freq_ratio_0_7	c0_ratio_0_7	ts_1	elapsed_1	pkg_1	pp0_1	dram_1	freq_ratio_1_0	c0_ratio_1_0	freq_ratio_1_1	c0_ratio_1_1	freq_ratio_1_2	c0_ratio_1_2	freq_ratio_1_3	c0_ratio_1_3	freq_ratio_1_4	c0_ratio_1_4	freq_ratio_1_5	c0_ratio_1_5	freq_ratio_1_6	c0_ratio_1_6	freq_ratio_1_7	c0_ratio_1_7	
1353402761.739898	1.002101	47.350166	34.182305	5.752928	1.154937	0.487611	1.153060	0.476803	1.153919	0.485631	1.153450	0.472251	1.153851	0.484122	1.154734	0.490626	1.154314	0.480910	1.154726	0.479546	1353402761.739990	1.000363	36.151988	22.896685	2.997233	1.000001	0.588391	1.000001	0.752327	0.633491	0.000051	1.003016	0.000088	1.012674	0.000032	0.831318	0.000110	1.007660	0.000046	1.000002	0.714245	
1353402762.739883	0.999985	63.949508	50.765426	6.121903	0.998233	0.578594	0.998869	0.978745	0.998869	0.978743	0.998869	0.978710	0.998869	0.978708	0.998869	0.978707	0.998869	0.978743	0.996037	0.000581	1353402762.740012	1.000022	43.299923	30.024686	2.985454	1.000000	0.978837	1.000000	0.978805	1.000059	0.001699	1.000002	0.401599	1.001202	0.000064	0.999965	0.000011	1.000049	0.000150	1.000000	1.000000	
1353402763.739882	0.999999	56.578026	43.397808	6.145102	0.782979	0.004022	0.999960	0.890034	0.999961	0.890033	0.999980	0.890002	0.999980	0.890000	0.999990	0.889986	0.999962	0.890033	0.981679	0.000297	1353402763.740006	0.999994	45.507595	32.225702	3.196232	1.000000	0.890056	1.000000	0.890023	0.999958	0.002686	1.000000	0.890055	1.000000	0.000011	1.000366	0.000070	0.998836	0.000012	1.000000	1.000000	
1353402764.739887	1.000005	61.460645	48.265185	6.132217	0.999909	0.004890	1.000000	1.000000	1.000001	1.000000	1.000000	1.000000	1.000000	1.000000	1.000000	1.000000	1.000000	1.000000	1.000021	0.000307	1353402764.740003	0.999997	47.518580	34.226226	3.104242	1.000000	1.000000	1.000000	1.000000	0.999978	0.006781	1.000000	1.000000	0.999905	0.000045	0.997116	0.000011	0.999410	0.000057	1.000000	1.000000	
1353402765.739882	0.999995	61.652408	48.457411	6.117645	0.999896	0.002928	1.000000	1.000000	1.000000	1.000000	1.000000	1.000000	1.000000	1.000000	1.000000	1.000000	1.000000	1.000000	0.999928	0.000261	1353402765.740003	1.000000	47.667297	34.370514	2.966599	1.000000	1.000000	1.000000	1.000000	0.999969	0.005887	1.000000	1.000000	1.000295	0.000012	1.000499	0.000059	1.002506	0.000011	1.000000	1.000000	
1353402766.739882	1.000000	57.086807	43.880112	6.141022	0.891906	0.008197	0.999936	0.889627	0.999922	0.889602	0.999968	0.889451	0.999908	0.889541	0.999957	0.889392	0.999945	0.889388	0.987716	0.003848	1353402766.740323	1.000320	47.934279	34.614215	3.242950	0.999999	0.889294	0.999999	0.889210	0.999890	0.006042	0.999999	0.889198	0.999839	0.002830	0.999996	0.002673	0.999800	0.002881	1.000000	1.000000	
1353402767.739882	1.000000	59.366638	46.167038	6.156998	0.876907	0.003945	0.999960	0.954171	0.999947	0.954231	0.999985	0.954234	0.999972	0.954301	0.999982	0.954322	0.999960	0.954416	0.987240	0.000274	1353402767.740005	0.999682	46.738986	33.443010	3.158567	1.000001	0.954559	1.000001	0.954553	1.011858	0.000049	1.000000	0.954629	1.041921	0.000011	0.999785	0.002787	1.049271	0.000011	1.000000	1.000000	
1353402768.739882	1.000000	61.721741	48.531097	6.119324	0.999954	0.005317	1.000000	1.000000	1.000000	1.000000	1.000000	1.000000	1.000000	1.000000	1.000001	1.000000	1.000001	1.000000	0.999977	0.000319	1353402768.739999	0.999994	47.617548	34.314948	2.985003	1.000000	1.000000	1.000000	1.000000	0.999705	0.000110	1.000000	1.000000	1.000010	0.000075	1.000137	0.002950	0.999972	0.000081	1.000000	1.000000	
1353402769.739882	1.000000	715812652.706085	715820218.258133	715786339.138000	0.999943	1.000385	0.999943	1.000395	0.999952	1.000386	0.999946	1.000396	0.999944	1.000390	0.999946	1.000380	0.999944	1.000392	0.999944	1.000391	1353402769.739974	0.999975	715803140.966463	715836060.058655	715783014.388427	0.999942	1.000384	0.999942	1.000391	3.896181	0.256749	0.999943	1.000384	0.999945	1.000394	0.999947	1.000386	0.999945	1.000397	0.999944	1.000389	
1353402770.739882	1.000000	0.000000	0.000000	0.000000	-nan	-nan	-nan	-nan	8.000000	inf	-nan	-nan	-nan	0.000000	-nan	-nan	-nan	-nan	-nan	-nan	1353402770.739966	0.999992	0.000000	0.000000	0.000000	-nan	-nan	-nan	-nan	0.000000	inf	-nan	-nan	-nan	-nan	-nan	-nan	-nan	-nan	-nan	-nan	
1353402771.739935	1.000053	0.000000	0.000000	0.000000	-nan	-nan	-nan	-nan	1517985674409.860352	inf	-nan	-nan	-nan	0.000000	-nan	-nan	-nan	-nan	-nan	-nan	1353402771.740015	1.000049	0.000000	0.000000	0.000000	-nan	-nan	-nan	-nan	inf	-nan	-nan	-nan	-nan	-nan	-nan	-nan	-nan	-nan	-nan	-nan	
