ts_0	elapsed_0	pkg_0	pp0_0	dram_0	freq_ratio_0_0	c0_ratio_0_0	freq_ratio_0_1	c0_ratio_0_1	freq_ratio_0_2	c0_ratio_0_2	freq_ratio_0_3	c0_ratio_0_3	freq_ratio_0_4	c0_ratio_0_4	freq_ratio_0_5	c0_ratio_0_5	freq_ratio_0_6	c0_ratio_0_6	freq_ratio_0_7	c0_ratio_0_7	ts_1	elapsed_1	pkg_1	pp0_1	dram_1	freq_ratio_1_0	c0_ratio_1_0	freq_ratio_1_1	c0_ratio_1_1	freq_ratio_1_2	c0_ratio_1_2	freq_ratio_1_3	c0_ratio_1_3	freq_ratio_1_4	c0_ratio_1_4	freq_ratio_1_5	c0_ratio_1_5	freq_ratio_1_6	c0_ratio_1_6	freq_ratio_1_7	c0_ratio_1_7	
1352518074.272729	1.001474	41.210469	27.842233	5.566000	0.999884	0.750180	0.999631	0.750671	0.999876	0.942953	1.000007	0.134114	1.000001	0.126625	0.999973	0.004214	0.991980	0.006301	0.991686	0.015886	1352518074.272780	1.000303	43.386145	29.984841	6.035936	0.999620	0.750536	0.999991	0.749137	0.999948	0.749293	0.999995	0.749410	0.999552	0.037920	0.999841	0.144179	0.980964	0.005236	0.991531	0.016539	
1352518075.272723	0.999994	45.925429	32.507701	6.044958	1.000000	0.923863	1.000000	0.924303	1.000000	0.923212	0.999997	0.162793	0.999997	0.283735	0.999994	0.045612	0.999986	0.013331	0.999980	0.007518	1352518075.272838	1.000058	48.721588	35.238162	7.027043	1.000000	0.923449	1.000000	0.923149	1.000000	0.923168	1.000000	0.923142	0.999964	0.006021	1.000072	0.004512	1.000036	0.006218	1.000068	0.006368	
1352518076.272726	1.000003	46.489678	33.079213	6.062832	1.000000	0.959911	1.000000	0.960031	1.000000	0.959342	0.999998	0.252745	1.000021	0.029450	0.999998	0.114964	0.999988	0.009561	0.999979	0.004552	1352518076.272779	0.999941	48.436965	34.934797	7.181850	1.000000	0.959500	1.000000	0.959297	1.000000	0.959337	1.000000	0.959281	0.999998	0.093101	0.999985	0.056616	0.999993	0.008093	0.999941	0.008924	
1352518077.272727	1.000001	45.457064	32.033066	6.025705	0.999997	0.098957	1.000000	0.955357	1.000000	0.954629	0.999999	0.932580	1.000010	0.021343	0.999976	0.015379	1.000030	0.008029	0.999963	0.006206	1352518077.272809	1.000030	52.091209	38.592545	7.199796	1.000000	0.954773	1.000000	0.954606	1.000000	0.954607	1.000000	0.954592	0.999953	0.005643	1.000001	0.436585	1.000000	0.004905	0.999969	0.005738	
1352518078.272727	1.000000	44.986832	31.568115	6.039734	0.999874	0.021164	0.999999	0.950287	0.999999	0.949359	0.999999	0.949310	0.999950	0.010812	0.999937	0.012546	0.999866	0.007606	0.999882	0.004796	1352518078.272803	0.999994	50.289515	36.810766	7.077908	1.000001	0.949467	1.000000	0.949288	1.000000	0.949300	1.000000	0.949273	1.000067	0.004618	1.000003	0.510428	1.000097	0.005490	1.000054	0.004768	
1352518079.272726	0.999999	44.700040	31.286865	6.031775	0.999488	0.021574	0.999959	0.924184	0.999999	0.923342	0.999997	0.923243	1.000016	0.010917	0.999977	0.012162	0.999861	0.007693	0.999351	0.004937	1352518079.272839	1.000036	51.195880	37.709763	7.001640	1.000000	0.923414	1.000000	0.923191	1.000000	0.923266	1.000000	0.923220	0.999956	0.004810	1.000000	0.478627	0.999960	0.004220	0.999970	0.004271	
1352518080.272728	1.000002	45.617696	32.199676	6.045750	0.999954	0.022523	1.000001	0.944385	1.000001	0.943527	1.000003	0.943488	1.000009	0.011436	0.999940	0.012512	1.000068	0.008553	0.999867	0.004550	1352518080.272827	0.999988	50.736536	37.240602	7.063820	1.000000	0.943627	1.000000	0.943460	1.000000	0.943493	1.000000	0.943447	0.999979	0.004405	1.000000	0.495020	1.000027	0.004459	0.999936	0.004439	
1352518081.272726	0.999998	44.729486	31.330535	6.050808	0.999956	0.018246	1.000000	0.962370	1.000000	0.961848	1.000000	0.961812	1.000019	0.010991	0.999971	0.010001	0.999931	0.009487	1.000074	0.005511	1352518081.272827	1.000000	50.495438	37.021011	6.891159	1.000000	0.961942	1.000000	0.961841	1.000000	0.961849	1.000000	0.961832	0.999969	0.003836	1.000000	0.477097	1.000066	0.002394	0.999955	0.004131	
1352518082.272726	1.000000	44.183334	30.778534	6.054962	0.999955	0.020036	1.000000	0.959706	1.000000	0.959030	1.000000	0.958993	0.999944	0.012977	0.999956	0.010564	1.000019	0.008496	0.999981	0.005584	1352518082.272851	1.000024	50.028748	36.546361	6.907289	1.000000	0.959099	1.000000	0.958979	1.000000	0.958993	1.000000	0.958967	0.999908	0.004209	1.000000	0.481876	1.000062	0.002506	0.999926	0.004284	
1352518083.272728	1.000002	45.627827	32.238723	6.050144	0.999938	0.018336	1.000000	0.947103	1.000000	0.946336	1.000000	0.946269	1.000061	0.011301	0.999899	0.009806	0.999930	0.008638	0.999905	0.003732	1352518083.272851	1.000000	49.078094	35.598495	6.872116	1.000000	0.946453	1.000000	0.946244	1.000000	0.946315	1.000000	0.946211	0.999924	0.004189	0.999961	0.468071	0.999993	0.002487	0.999960	0.004533	
1352518084.272734	1.000006	45.435505	32.022224	6.043085	0.999938	0.020363	1.000001	0.940096	1.000000	0.939186	1.000000	0.939118	1.000038	0.012406	0.999993	0.010261	1.000017	0.009442	1.000043	0.004682	1352518084.272854	1.000003	49.102417	35.609463	7.027520	1.000000	0.939304	1.000000	0.939083	1.000000	0.939134	1.000000	0.939087	1.000042	0.004851	0.999999	0.486416	0.999931	0.002662	0.999964	0.004931	
1352518085.272736	1.000002	45.332509	31.924286	6.040516	0.999942	0.018537	1.000000	0.888637	1.000000	0.886858	1.000000	0.886839	0.999968	0.010762	0.999970	0.010759	0.999987	0.008229	1.000048	0.004102	1352518085.272825	0.999971	49.984669	36.510187	6.973729	1.000000	0.887100	1.000000	0.886791	1.000000	0.886792	1.000000	0.886768	0.999911	0.003961	0.999999	0.501816	0.999912	0.002534	0.999953	0.004408	
1352518086.272735	0.999999	45.810743	32.397782	6.043966	0.999943	0.016961	1.000000	0.937680	1.000000	0.936766	1.000000	0.936708	1.000014	0.009596	0.999937	0.010715	0.999986	0.009942	0.999993	0.006976	1352518086.272834	1.000009	50.773695	37.280973	7.008314	1.000000	0.936871	1.000000	0.936690	1.000000	0.936732	1.000000	0.936674	0.999998	0.004370	0.999999	0.485025	0.999918	0.002611	0.999969	0.004095	
1352518087.272735	1.000000	46.757187	33.343796	6.032990	0.999934	0.016022	1.000000	0.962869	1.000000	0.962297	1.000000	0.962258	1.000027	0.010385	0.999968	0.009508	0.999959	0.009583	1.000013	0.006795	1352518087.272810	0.999976	50.997230	37.503711	7.037645	1.000000	0.962386	1.000000	0.962242	1.000000	0.962244	1.000000	0.962232	1.000103	0.004052	0.999999	0.485999	0.999903	0.002618	1.000036	0.004481	
1352518088.272752	1.000017	45.256314	31.848353	6.023030	0.999931	0.018902	1.000000	0.911877	1.000000	0.910394	1.000000	0.910315	0.999936	0.010876	0.999979	0.010667	0.999842	0.007374	0.999888	0.005574	1352518088.272914	1.000104	48.989918	35.500033	6.891114	1.000000	0.910554	1.000000	0.910286	1.000000	0.910332	1.000000	0.910280	0.999700	0.004999	0.999999	0.475761	0.999978	0.002546	1.000068	0.004412	
1352518089.272729	0.999977	45.572210	32.167591	6.044236	1.000001	0.413173	1.000002	0.787656	1.000001	0.940145	1.000001	0.940090	1.000059	0.013901	0.999988	0.012400	1.000109	0.011066	1.000129	0.007192	1352518089.272802	0.999888	50.006489	36.514819	6.941635	0.999999	0.940269	0.999999	0.940082	0.999999	0.940102	0.999999	0.940059	1.000086	0.008432	0.999992	0.232109	0.999939	0.006964	0.999926	0.007066	
1352518090.272737	1.000008	715813680.254675	715762896.903946	715799192.269014	0.999951	1.000312	0.999950	1.000321	0.999960	1.000319	0.999950	1.000306	0.999952	1.000318	0.999954	1.000310	0.999952	1.000320	0.999952	1.000314	1352518090.272830	1.000028	715791488.726573	715794633.851410	715769286.488009	0.999952	1.000318	0.999949	1.000315	3.895665	0.256766	0.999952	1.000314	0.999951	1.000314	0.999955	1.000315	0.999951	1.000315	0.999953	1.000319	
1352518091.272778	1.000041	0.000000	0.000000	0.000000	-nan	-nan	-nan	-nan	0.000000	inf	-nan	-nan	-nan	0.000000	-nan	-nan	-nan	-nan	-nan	-nan	1352518091.272858	1.000028	0.000000	0.000000	0.000000	-nan	-nan	-nan	-nan	0.000000	inf	-nan	-nan	-nan	-nan	-nan	-nan	-nan	-nan	-nan	-nan	
1352518092.272796	1.000018	0.000000	0.000000	0.000000	-nan	-nan	-nan	-nan	0.000000	inf	-nan	-nan	-nan	0.000000	0.000000	inf	-nan	-nan	-nan	-nan	1352518092.272876	1.000018	0.000000	0.000000	0.000000	-nan	-nan	-nan	-nan	inf	-nan	-nan	-nan	-nan	-nan	-nan	-nan	-nan	-nan	-nan	-nan	
