ts_0	elapsed_0	pkg_0	pp0_0	dram_0	freq_ratio_0_0	c0_ratio_0_0	freq_ratio_0_1	c0_ratio_0_1	freq_ratio_0_2	c0_ratio_0_2	freq_ratio_0_3	c0_ratio_0_3	freq_ratio_0_4	c0_ratio_0_4	freq_ratio_0_5	c0_ratio_0_5	freq_ratio_0_6	c0_ratio_0_6	freq_ratio_0_7	c0_ratio_0_7	ts_1	elapsed_1	pkg_1	pp0_1	dram_1	freq_ratio_1_0	c0_ratio_1_0	freq_ratio_1_1	c0_ratio_1_1	freq_ratio_1_2	c0_ratio_1_2	freq_ratio_1_3	c0_ratio_1_3	freq_ratio_1_4	c0_ratio_1_4	freq_ratio_1_5	c0_ratio_1_5	freq_ratio_1_6	c0_ratio_1_6	freq_ratio_1_7	c0_ratio_1_7	
1356714657.851690	1.001927	30.511581	17.187584	6.015417	1.153454	0.458840	1.153612	0.461037	1.153682	0.458802	1.154099	0.459768	1.153632	0.455617	1.154741	0.462043	1.153737	0.455431	1.154723	0.461104	1356714657.851901	1.000474	38.986206	25.872152	2.931823	0.999978	0.754908	1.000000	0.960983	0.766828	0.000069	0.999967	0.037713	0.622102	0.000050	0.999724	0.000155	0.609124	0.000051	1.000001	0.961585	
1356714658.851632	0.999942	35.411887	22.059734	6.117283	1.000000	1.000000	0.999850	0.000375	1.000000	1.000000	1.000708	0.000099	1.010347	0.000032	0.999870	0.000083	0.996544	0.000008	1.000918	0.000008	1356714658.851854	0.999953	34.830356	21.706983	2.939072	1.000080	0.002292	1.000000	1.000000	0.999750	0.000088	1.000062	0.000099	0.880224	0.000058	0.999961	0.000150	0.999990	0.000074	1.000000	1.000000	
1356714659.851631	0.999999	35.476978	22.139380	6.115240	1.000000	1.000000	1.000033	0.000311	1.000000	1.000000	0.999669	0.000008	0.989929	0.000069	1.000231	0.000099	1.000793	0.000052	0.999316	0.000058	1356714659.851844	0.999990	36.412138	23.315999	2.712674	0.996059	0.000061	1.000000	1.000000	1.001708	0.000007	1.000069	0.000072	2.112660	0.000006	1.000068	0.000097	0.999299	0.000007	1.000000	1.000000	
1356714660.851632	1.000001	35.442944	22.086542	6.104502	1.000000	1.000000	1.000151	0.000528	1.000000	1.000000	0.995555	0.000072	1.000956	0.000372	0.999822	0.000104	1.011676	0.000008	1.003425	0.000008	1356714660.851846	1.000002	34.839045	21.720997	2.893381	0.999950	0.002353	1.000000	1.000000	1.000020	0.000077	0.999946	0.000157	1.000089	0.000052	0.999936	0.000145	0.998883	0.000056	1.000000	1.000000	
1356714661.851631	0.999999	35.520862	22.169592	6.121405	1.000000	1.000000	1.000001	0.000318	1.000000	1.000000	0.979188	0.000009	0.998405	0.000263	1.002250	0.000095	0.988809	0.000053	0.989679	0.000052	1356714661.851854	1.000008	34.859672	21.750770	2.719811	0.999471	0.000182	1.000000	1.000000	1.000055	0.000007	0.999849	0.000079	0.997941	0.000006	1.000308	0.000109	1.003767	0.000007	1.000000	1.000000	
1356714662.851631	1.000000	35.184784	21.822601	6.104813	0.999735	0.967571	0.953839	0.000396	1.000000	0.967045	1.008639	0.000082	1.000257	0.002245	1.000131	0.000141	1.012007	0.000058	1.012656	0.000059	1356714662.851820	0.999966	34.661842	21.540560	3.343360	1.000005	0.000233	1.000000	0.967042	0.999966	0.000102	0.999990	0.000152	1.000276	0.000073	0.999806	0.000175	0.992489	0.000063	1.000000	1.000000	
1356714663.851631	1.000000	36.580933	23.222366	6.139847	1.000000	1.000000	1.000011	0.010280	1.000000	1.000000	0.973731	0.000008	0.998838	0.000311	0.999899	0.002150	0.993954	0.000039	0.993925	0.000038	1356714663.851835	1.000015	34.939783	21.830010	4.831913	1.002644	0.000045	1.000000	1.000000	0.977357	0.000006	0.999986	0.000081	0.976760	0.000006	0.999990	0.000113	1.006665	0.000069	1.000000	1.000000	
1356714664.851631	1.000000	33.605515	20.240952	6.122925	1.000000	1.000000	0.999914	0.010796	0.999999	0.581128	1.002887	0.000064	0.987771	0.000019	0.999320	0.000077	0.995525	0.000009	0.999450	0.000008	1356714664.851850	1.000015	37.303120	24.188479	4.988817	1.000001	0.614291	0.999999	0.804713	1.002268	0.000059	0.999984	0.000099	1.002699	0.000049	0.999869	0.000112	0.999562	0.000040	1.000000	1.000000	
1356714665.851631	1.000000	36.123718	22.767639	6.102905	1.000000	1.000000	0.999964	0.010567	1.000000	1.000000	0.979741	0.000008	1.002081	0.000366	1.000103	0.000158	1.000302	0.000052	0.999878	0.000050	1356714665.851838	0.999988	34.907826	21.808640	3.850662	1.000000	1.000000	1.001886	0.000006	1.000824	0.000007	0.999840	0.000123	1.001013	0.000007	1.000079	0.000092	1.008276	0.000007	1.000000	1.000000	
1356714666.851631	1.000000	38.403976	25.039246	6.122177	1.000000	1.000000	0.999976	0.007997	1.000000	1.000000	0.999995	0.002986	1.000012	0.002877	0.999999	0.003118	1.000001	0.002822	0.999874	0.002699	1356714666.851833	0.999995	37.416890	24.311203	3.347673	1.000000	1.000000	0.999996	0.002937	0.999997	0.002900	0.999999	0.002906	0.999996	0.002809	1.000012	0.003606	0.999990	0.002975	1.000000	1.000000	
1356714667.851631	1.000000	34.382919	21.028671	6.115234	1.000000	0.795965	1.000173	0.000303	1.000000	1.000000	0.999622	0.000008	0.995796	0.000052	1.001673	0.000124	0.999664	0.002024	1.008939	0.000041	1356714667.851875	1.000042	36.096843	23.042627	2.946837	1.000000	1.000000	1.000003	0.204260	0.999894	0.000007	0.999996	0.000088	1.000325	0.000007	1.000029	0.000079	0.999061	0.000006	1.000000	1.000000	
1356714668.851631	1.000000	34.672256	21.326157	6.117310	1.000000	0.976060	0.999964	0.000444	1.000000	0.891885	1.000025	0.000062	1.009162	0.000016	1.000098	0.000083	1.003075	0.000206	0.999290	0.000008	1356714668.851853	0.999978	34.830415	21.695666	2.992390	1.000000	0.891886	0.999971	0.025873	0.999967	0.000081	1.000084	0.000120	1.000181	0.000051	0.999855	0.000143	1.000151	0.000066	1.000000	1.000000	
1356714669.851631	1.000000	35.891861	22.537582	6.115234	1.000000	1.000000	1.000008	0.006365	1.000000	1.000000	0.999303	0.000008	0.987435	0.000056	0.999970	0.000089	1.000368	0.000050	0.999785	0.000050	1356714669.851823	0.999970	36.667270	23.573599	3.320702	1.000000	1.000000	0.999893	0.002566	1.000444	0.000006	0.999857	0.000086	0.998489	0.000007	1.000198	0.000086	0.998540	0.000007	1.000000	1.000000	
1356714670.851632	1.000001	34.747281	21.379527	6.110910	1.000000	0.766961	0.999815	0.001966	1.000000	1.000000	0.999853	0.003260	1.000064	0.000330	0.999930	0.006559	0.993028	0.000008	0.997052	0.000008	1356714670.851877	1.000054	36.298032	23.189775	4.440160	1.000000	1.000000	1.000004	0.233313	0.999931	0.000067	1.000000	0.000143	0.999944	0.000049	0.999846	0.000127	0.999973	0.000058	1.000000	1.000000	
1356714671.851631	0.999999	35.606998	22.253180	6.109076	1.000000	0.816087	0.999978	0.000310	1.000000	1.000000	0.999945	0.008465	1.005412	0.000075	1.002644	0.000086	1.000797	0.000048	1.000214	0.000049	1356714671.851846	0.999969	35.897597	22.793385	4.175117	0.999996	0.183704	1.000000	1.000000	1.000191	0.000006	1.000174	0.000098	1.001301	0.000007	0.999698	0.000093	1.002192	0.000006	1.000000	1.000000	
1356714672.851631	1.000000	34.793610	21.435303	6.135284	0.999736	0.894603	0.999982	0.000385	1.000000	0.893518	0.940226	0.007256	1.017856	0.000018	0.999720	0.000096	0.998227	0.000008	1.003061	0.000008	1356714672.851859	1.000013	34.502004	21.380610	3.925028	1.000075	0.002243	1.000000	0.893522	0.999373	0.000066	0.999978	0.000104	0.999961	0.000050	1.000264	0.000127	0.999586	0.000057	1.000000	1.000000	
1356714673.851640	1.000009	35.552870	22.195325	6.100683	1.000000	1.000000	1.000049	0.000343	1.000000	1.000000	0.977864	0.000009	0.989272	0.000056	0.999919	0.002095	0.993261	0.000052	0.989426	0.000052	1356714673.851866	1.000007	36.466224	23.357810	2.733395	0.999966	0.005948	1.000000	1.000000	0.984083	0.000006	0.999787	0.000087	0.954679	0.000007	0.999805	0.000111	0.981294	0.000006	1.000000	1.000000	
1356714674.851631	0.999991	35.484498	22.118212	6.131281	1.000000	1.000000	0.999884	0.000455	1.000000	1.000000	1.007165	0.000101	0.996486	0.000034	0.999781	0.000111	1.015535	0.000024	1.022143	0.000024	1356714674.851846	0.999980	35.521494	22.418174	2.822292	0.999948	0.006745	1.000000	1.000000	1.001087	0.000123	0.999985	0.000132	1.003697	0.000076	1.000052	0.000172	0.994724	0.000073	1.000000	1.000000	
1356714675.851632	1.000001	33.782850	20.414730	6.116617	1.000000	0.901212	0.999937	0.003298	0.999999	0.773915	0.999801	0.000062	1.001342	0.000388	0.999858	0.000157	1.002744	0.000074	1.000089	0.000043	1356714675.851881	1.000035	35.071036	21.948892	3.370823	1.000005	0.126704	1.000000	0.900425	0.999974	0.000045	0.999985	0.000126	1.001887	0.000007	0.999642	0.000094	1.012737	0.000041	1.000000	1.000000	
1356714676.851682	1.000050	31.094406	17.736112	6.108764	1.000001	1.000001	1.000031	0.010322	1.000008	0.199153	1.007861	0.000055	1.025726	0.000016	1.005924	0.000076	1.024092	0.000008	1.063088	0.000008	1356714676.851886	1.000005	39.705093	26.609623	4.479363	1.000000	1.000000	0.999999	1.000000	0.992757	0.000053	0.995711	0.000094	0.993611	0.000051	0.995986	0.000107	0.993247	0.000050	0.999998	0.800533	
1356714677.851633	0.999951	35.333675	21.982876	6.121669	1.000000	1.000000	0.999855	0.000569	1.000000	1.000000	1.000055	0.000007	1.000034	0.000056	0.999976	0.000114	1.000199	0.000052	0.999875	0.000052	1356714677.851821	0.999935	34.903029	21.799255	2.907401	1.000000	1.000000	1.000000	1.000000	0.984005	0.000008	0.998729	0.000080	0.980185	0.000008	0.999932	0.000107	1.012375	0.000008	1.002140	0.000062	
1356714678.851683	1.000050	34.138763	20.777677	6.102600	0.999999	0.999999	0.999797	0.002293	0.999998	0.779806	0.991108	0.000061	0.969927	0.000016	0.993717	0.000079	0.935023	0.000007	0.924291	0.000007	1356714678.851939	1.000118	36.296131	23.205452	2.971115	1.000001	1.000000	1.000001	1.000001	1.000008	0.220456	1.005699	0.000088	1.008539	0.000055	1.003419	0.000135	1.002808	0.000072	1.030142	0.000007	
1356714679.851637	0.999954	29.193696	15.834408	6.085622	0.999861	0.897703	0.999056	0.006800	0.987432	0.000008	1.011043	0.000008	0.995133	0.000057	1.000426	0.000093	0.999955	0.000051	1.000551	0.000055	1356714679.851884	0.999945	39.622360	26.517162	3.996543	1.000000	0.896871	1.000000	0.896886	1.000000	1.000000	0.999812	0.000072	0.998981	0.000007	0.999964	0.000074	0.999840	0.000007	1.000000	0.000058	
1356714680.851631	0.999994	31.026400	17.672865	6.127600	1.000000	1.000000	0.999970	0.005544	1.000000	0.226156	1.003087	0.000064	1.000957	0.000333	0.999974	0.000102	0.997498	0.000009	0.997875	0.000009	1356714680.851846	0.999962	39.508074	26.413645	3.572981	0.999999	0.773710	1.000000	1.000000	1.000000	1.000000	0.999905	0.000134	0.999937	0.000049	0.999949	0.000106	1.000551	0.000050	1.002092	0.000007	
1356714681.851631	1.000000	35.402496	22.039429	6.088104	1.000000	1.000000	0.999998	0.000448	1.000000	1.000001	0.987694	0.000008	0.999605	0.000044	0.999889	0.000091	1.000623	0.000051	1.000494	0.000052	1356714681.851851	1.000005	34.908929	21.794706	2.833390	0.999972	0.003502	1.000000	1.000000	1.000000	1.000000	0.999975	0.000077	1.000434	0.000007	0.999993	0.000103	1.000063	0.000006	1.000048	0.000064	
1356714682.851631	1.000000	35.511215	22.149033	6.121399	1.000000	1.000000	0.999997	0.000362	1.000000	1.000000	0.998318	0.000060	1.013229	0.000017	0.999970	0.000101	0.999910	0.000009	1.000412	0.000008	1356714682.851843	0.999992	35.143931	22.033870	2.704230	0.999971	0.006342	1.000000	1.000000	1.000000	1.000000	0.999958	0.000093	0.999950	0.000046	0.999990	0.000147	0.999566	0.000067	0.996981	0.000006	
1356714683.851632	1.000001	34.569379	21.201854	6.090464	0.999803	0.889789	0.999919	0.002157	1.000000	0.888699	0.999917	0.002409	0.990117	0.000056	1.000010	0.002036	1.000354	0.000048	0.999960	0.000048	1356714683.851832	0.999989	34.387874	21.266087	3.437294	0.999969	0.002468	1.000000	0.888701	1.000000	1.000000	0.999880	0.000074	0.981442	0.000007	0.999958	0.000100	0.979876	0.000007	0.999879	0.000061	
1356714684.851631	0.999999	34.888064	21.527380	6.121405	1.000000	0.774932	1.000513	0.000344	1.000000	1.000000	0.999931	0.007960	1.001509	0.000017	0.999765	0.000075	0.998128	0.000008	0.997295	0.000008	1356714684.851876	1.000044	36.259845	23.156495	3.822356	1.000003	0.225343	1.000000	1.000000	1.000000	1.000000	0.999849	0.000087	1.002938	0.000046	0.999991	0.000122	1.003139	0.000056	1.004431	0.000007	
1356714685.851632	1.000001	35.555127	22.194971	6.106714	1.000000	0.999088	1.000003	0.000564	1.000000	1.000000	0.999963	0.000136	0.999687	0.000409	1.000001	0.000269	0.999847	0.003429	0.994040	0.000086	1356714685.851851	0.999975	34.813051	21.718699	3.152331	0.999042	0.000800	1.000000	1.000000	1.000000	1.000000	1.000091	0.000122	0.999835	0.000049	0.999952	0.000247	1.000124	0.000037	0.990925	0.000058	
1356714686.851631	0.999999	34.642626	21.288121	6.090582	1.000000	0.791934	0.999561	0.000400	1.000000	1.000000	1.007949	0.000064	1.018754	0.000031	0.999966	0.000090	1.000065	0.007316	1.018159	0.000023	1356714686.851881	1.000030	36.149076	23.050150	3.119184	1.000004	0.208376	1.000000	1.000000	1.000000	1.000000	1.000000	0.000120	1.000087	0.000062	1.000052	0.000148	0.989773	0.000050	0.997465	0.000007	
1356714687.851632	1.000001	33.485533	20.141491	6.086222	0.999496	0.813330	0.947867	0.000354	1.000000	0.900955	0.998081	0.000008	0.987048	0.000053	0.999975	0.000357	1.000011	0.000104	1.001638	0.000046	1356714687.851849	0.999968	34.806196	21.691504	3.046377	0.999993	0.088709	1.000000	0.900964	1.000000	1.000000	0.999957	0.000080	0.999892	0.000007	0.999964	0.000107	0.999579	0.000541	1.004955	0.000110	
1356714688.851631	0.999999	35.520999	22.167547	6.115240	1.000000	1.000000	1.000006	0.000360	1.000000	1.000000	1.000227	0.000065	1.015042	0.000049	0.999801	0.000082	0.999007	0.000009	1.005086	0.000008	1356714688.851861	1.000012	34.922771	21.820647	2.709837	1.000083	0.002127	1.000000	1.000000	1.000000	1.000000	0.999938	0.000099	1.000020	0.000057	0.999963	0.000137	1.010570	0.000068	0.994485	0.000006	
1356714689.851631	1.000000	40.043839	26.678925	6.106781	1.000000	1.000000	1.000001	0.818141	1.000000	1.000000	0.997241	0.000251	0.995588	0.000049	1.000210	0.000094	0.999963	0.000052	0.999777	0.000052	1356714689.851825	0.999964	30.636616	17.517095	2.847072	0.999728	0.001271	0.999997	0.181702	1.000000	1.000000	1.000061	0.000082	1.002190	0.000006	1.000000	0.000097	1.000690	0.000006	1.000543	0.000060	
1356714690.851631	1.000000	40.373032	27.004425	6.115234	1.000000	0.783944	1.000000	1.000000	1.000000	1.000000	1.000597	0.000420	0.999996	0.000351	0.999755	0.000104	0.996692	0.000009	0.997076	0.000009	1356714690.851855	1.000030	30.533537	17.424129	2.715449	1.000003	0.216329	0.999821	0.003793	1.000000	1.000000	0.999946	0.000128	0.999798	0.000048	0.999920	0.000140	0.999939	0.000057	0.999058	0.000006	
1356714691.851632	1.000001	41.519400	28.143162	6.117823	0.999832	0.903225	1.000000	0.927277	1.000000	0.927263	0.997942	0.003168	1.000078	0.002803	1.000077	0.003072	1.000012	0.002660	1.000008	0.002841	1356714691.851827	0.999972	30.338722	17.216194	2.962058	0.999975	0.027559	1.000017	0.006454	1.000000	1.000000	1.000001	0.002788	1.000001	0.002695	1.000004	0.003293	0.999989	0.002593	0.999992	0.002735	
1356714692.851632	1.000000	40.029251	26.653366	6.119003	1.000000	0.766246	1.000000	1.000000	1.000000	1.000000	1.000479	0.000623	0.999834	0.000016	0.997966	0.000105	0.998643	0.000009	0.998902	0.000008	1356714692.851826	0.999999	30.442809	17.332353	2.844104	1.000003	0.235778	1.007649	0.000068	1.000000	1.000000	0.999866	0.000092	0.999657	0.000046	0.999935	0.000142	1.000307	0.000060	1.002317	0.000007	
1356714693.851630	0.999998	35.838630	22.480695	6.115246	0.999913	0.006338	1.000000	1.000000	1.000000	1.000000	0.999181	0.000319	0.986238	0.000054	0.999998	0.002047	0.999851	0.000052	1.004448	0.000049	1356714693.851854	1.000028	34.915881	21.814775	2.853802	1.000000	1.000000	0.975104	0.000007	1.000000	1.000000	0.999955	0.000078	0.977663	0.000006	0.999991	0.000090	0.996832	0.000006	1.000061	0.000057	
1356714694.851632	1.000002	715768950.113056	715769174.895983	715803256.385482	0.999945	1.000422	0.999942	1.000422	0.999953	1.000422	0.999945	1.000421	0.999945	1.000427	0.999947	1.000417	0.999945	1.000427	0.999944	1.000420	1356714694.851733	0.999879	715907894.911070	715902549.991387	715850283.789850	0.999944	1.000419	0.999943	1.000425	3.896132	0.256761	0.999945	1.000420	0.999945	1.000426	0.999947	1.000417	0.999945	1.000425	0.999945	1.000421	
1356714695.851696	1.000064	0.000000	0.000000	0.000000	-nan	-nan	-nan	-nan	1521683157670.368896	inf	-nan	-nan	-nan	0.000000	0.000000	inf	-nan	-nan	-nan	-nan	1356714695.851776	1.000043	0.000000	0.000000	0.000000	-nan	-nan	-nan	-nan	1.345745	inf	-nan	-nan	-nan	-nan	-nan	-nan	-nan	-nan	-nan	-nan	
1356714696.851753	1.000057	0.000000	0.000000	0.000000	-nan	-nan	-nan	-nan	0.000000	inf	-nan	-nan	-nan	0.000000	0.000000	inf	-nan	-nan	-nan	-nan	1356714696.851833	1.000057	0.000000	0.000000	0.000000	-nan	-nan	-nan	-nan	inf	-nan	-nan	-nan	-nan	-nan	-nan	-nan	-nan	-nan	-nan	-nan	
