ts_0	elapsed_0	pkg_0	pp0_0	dram_0	freq_ratio_0_0	c0_ratio_0_0	freq_ratio_0_1	c0_ratio_0_1	freq_ratio_0_2	c0_ratio_0_2	freq_ratio_0_3	c0_ratio_0_3	freq_ratio_0_4	c0_ratio_0_4	freq_ratio_0_5	c0_ratio_0_5	freq_ratio_0_6	c0_ratio_0_6	freq_ratio_0_7	c0_ratio_0_7	ts_1	elapsed_1	pkg_1	pp0_1	dram_1	freq_ratio_1_0	c0_ratio_1_0	freq_ratio_1_1	c0_ratio_1_1	freq_ratio_1_2	c0_ratio_1_2	freq_ratio_1_3	c0_ratio_1_3	freq_ratio_1_4	c0_ratio_1_4	freq_ratio_1_5	c0_ratio_1_5	freq_ratio_1_6	c0_ratio_1_6	freq_ratio_1_7	c0_ratio_1_7	
1352525201.304449	1.001299	53.135069	39.815547	5.691490	0.907864	0.875043	0.910844	0.905138	0.907790	0.873872	0.907477	0.871194	0.907469	0.870828	0.907457	0.870752	0.907438	0.870589	0.917774	0.021746	1352525201.304511	1.000310	49.632352	36.323169	5.191643	0.990723	0.873901	0.990836	0.873227	0.990822	0.873105	0.990527	0.850891	0.984786	0.003040	0.973473	0.002477	0.986699	0.002452	0.988246	0.653398	
1352525202.304450	1.000001	50.173811	36.855571	5.548884	0.865241	0.874379	0.865211	0.874168	0.865092	0.873380	0.865077	0.873236	0.865046	0.873021	0.865055	0.872944	0.865056	0.872962	0.892239	0.025363	1352525202.304511	1.000000	48.572403	35.254272	5.016129	0.988572	0.874399	0.988570	0.874257	0.988570	0.874210	0.988570	0.874244	0.998304	0.002764	0.998817	0.002601	0.998994	0.002607	0.985676	0.689936	
1352525203.304462	1.000012	50.549431	37.199370	5.892660	0.856272	0.865671	0.856158	0.864972	0.855833	0.862941	0.855772	0.862565	0.855701	0.862100	0.855703	0.862112	0.855701	0.862115	0.891595	0.023617	1352525203.304535	1.000024	50.239818	36.909008	5.397743	0.992142	0.863995	0.992132	0.863485	0.992136	0.863410	0.992135	0.863442	0.997124	0.003307	0.998009	0.002689	0.998108	0.002721	0.990093	0.651671	
1352525204.304449	0.999987	50.777826	37.438128	5.890641	0.853521	0.981316	0.843637	0.754235	0.853473	0.980979	0.853467	0.980927	0.853459	0.980845	0.853460	0.980850	0.853461	0.980855	0.883749	0.026739	1352525204.304511	0.999976	50.555768	37.238262	5.388039	0.966268	0.982013	0.966217	0.982245	0.966268	0.981934	0.966267	0.981968	0.927965	0.286883	0.889021	0.147741	0.985931	0.003196	0.973688	0.446959	
1352525205.304920	1.000471	50.010909	36.689868	5.594563	0.916264	0.828381	0.928744	0.021276	0.915956	0.824413	0.915957	0.824436	0.915939	0.824401	0.915939	0.824406	0.915950	0.824419	0.932628	0.018226	1352525205.304987	1.000476	50.047122	36.719800	4.825066	0.934487	0.825377	0.934457	0.825003	0.934451	0.824931	0.934454	0.824969	0.934454	0.824976	0.932276	0.706293	0.977974	0.003013	0.978225	0.002514	
1352525206.304847	0.999927	50.518593	37.164744	5.926153	0.897380	0.862334	0.925788	0.024374	0.896814	0.857281	0.896810	0.857247	0.896810	0.857239	0.896812	0.857264	0.896814	0.857266	0.928088	0.021174	1352525206.304913	0.999926	50.478798	37.144515	5.419102	0.920718	0.858035	0.920627	0.857835	0.920661	0.857389	0.920664	0.857427	0.920668	0.857450	0.909267	0.651310	0.947002	0.003958	0.970641	0.002913	
1352525207.304455	0.999608	50.805085	37.457736	5.876052	0.883893	0.986498	0.911283	0.026451	0.883864	0.986126	0.883864	0.986137	0.883862	0.986106	0.883863	0.986113	0.883863	0.986114	0.911908	0.022109	1352525207.304536	0.999623	50.740211	37.439268	5.315343	0.907929	0.986190	0.907914	0.986312	0.907924	0.986112	0.907914	0.986309	0.907924	0.986134	0.881200	0.646936	0.962258	0.003695	0.963452	0.003051	
1352525208.304499	1.000044	50.625681	37.272053	5.860169	0.889209	0.904413	0.917796	0.025449	0.888781	0.900656	0.888782	0.900665	0.888780	0.900617	0.888781	0.900628	0.888783	0.900650	0.918982	0.021697	1352525208.304569	1.000033	50.576064	37.254557	5.422521	0.919819	0.901325	0.919729	0.901506	0.919782	0.900874	0.919784	0.900915	0.919784	0.900918	0.962219	0.004574	0.903061	0.649452	0.971598	0.003986	
1352525209.304446	0.999947	50.609185	37.279973	5.837040	0.886826	0.943037	0.914842	0.026128	0.886592	0.940946	0.886594	0.940941	0.886593	0.940895	0.886593	0.940897	0.886594	0.940902	0.916681	0.020396	1352525209.304528	0.999959	50.425179	37.120968	5.352774	0.919094	0.941945	0.919059	0.941863	0.919074	0.941679	0.919061	0.941884	0.919077	0.941696	0.968513	0.003361	0.900469	0.654868	0.967899	0.003603	
1352525210.304449	1.000003	49.949476	36.617455	5.591825	0.912831	0.853660	0.933510	0.024137	0.912514	0.850516	0.912498	0.850355	0.912496	0.850348	0.912496	0.850344	0.912498	0.850377	0.932273	0.018157	1352525210.304529	1.000001	50.178556	36.885219	4.906428	0.933202	0.850784	0.933181	0.850528	0.933177	0.850483	0.933180	0.850525	0.933179	0.850524	0.971109	0.003116	0.929852	0.683898	0.973992	0.002529	
1352525211.304465	1.000016	50.580079	37.223725	5.848417	0.896408	0.893836	0.922462	0.025553	0.896026	0.890292	0.896027	0.890299	0.896024	0.890253	0.896024	0.890255	0.896027	0.890273	0.924248	0.020019	1352525211.304544	1.000015	50.549549	37.238012	5.405894	0.918969	0.890509	0.918930	0.890061	0.918928	0.890026	0.918932	0.890057	0.918938	0.890114	0.948328	0.004305	0.903232	0.646588	0.971617	0.003019	
1352525212.304456	0.999991	50.685747	37.338061	5.853294	0.887159	0.952171	0.916172	0.025055	0.886964	0.951254	0.886980	0.950661	0.886980	0.950621	0.886980	0.950618	0.886981	0.950625	0.916018	0.020105	1352525212.304544	1.000000	50.668686	37.364456	5.320465	0.922670	0.951351	0.922612	0.951691	0.922657	0.951111	0.922613	0.951686	0.922613	0.951693	0.960076	0.007296	0.902658	0.651236	0.970838	0.003116	
1352525213.304457	1.000001	50.610212	37.247798	5.886347	0.890736	0.904334	0.929979	0.028075	0.890324	0.901522	0.890362	0.901031	0.890360	0.900974	0.890360	0.900977	0.890360	0.900980	0.930472	0.022585	1352525213.304535	0.999991	50.591706	37.278643	5.420063	0.914059	0.901624	0.913987	0.901658	0.914019	0.901163	0.913987	0.901655	0.913989	0.901671	0.883530	0.129849	0.903652	0.533330	0.965737	0.003603	
1352525214.304472	1.000015	50.662752	37.315220	5.846760	0.887412	0.946719	0.916701	0.024714	0.887199	0.944910	0.887197	0.944907	0.887201	0.944789	0.887201	0.944789	0.887202	0.944787	0.916327	0.020422	1352525214.304552	1.000017	50.545684	37.255641	5.312883	0.928272	0.945395	0.928210	0.945749	0.928257	0.945077	0.928213	0.945669	0.928257	0.945205	0.906468	0.638028	0.971042	0.007227	0.944876	0.009475	
1352525215.304479	1.000007	50.631852	37.270906	5.876745	0.893715	0.908880	0.921242	0.025709	0.893337	0.905465	0.893323	0.905383	0.893321	0.905348	0.893322	0.905347	0.893323	0.905366	0.921801	0.020040	1352525215.304557	1.000005	50.653967	37.341671	5.396351	0.913112	0.905879	0.913077	0.905505	0.913072	0.905434	0.913077	0.905500	0.913078	0.905516	0.896742	0.648258	0.963239	0.004192	0.966124	0.002995	
1352525216.304485	1.000006	50.591434	37.236808	5.882259	0.892113	0.907965	0.925578	0.024081	0.891711	0.904575	0.891690	0.904431	0.891689	0.904406	0.891688	0.904410	0.891688	0.904417	0.924033	0.020298	1352525216.304580	1.000023	50.563845	37.258135	5.336166	0.925013	0.905141	0.924961	0.904975	0.924979	0.904727	0.924977	0.904787	0.924977	0.904793	0.908807	0.643801	0.965161	0.006585	0.973427	0.003039	
1352525217.304468	0.999983	50.632510	37.288229	5.897500	0.894042	0.928099	0.914692	0.027375	0.893797	0.925738	0.893795	0.925730	0.893794	0.925679	0.893795	0.925686	0.893797	0.925698	0.916594	0.020851	1352525217.304545	0.999965	50.659460	37.351086	5.387579	0.921846	0.926014	0.921817	0.925829	0.921823	0.925686	0.921825	0.925728	0.921827	0.925751	0.903787	0.637208	0.967630	0.004082	0.968672	0.003096	
1352525218.304540	1.000072	47.967310	34.642724	5.402413	0.900263	0.766247	0.928963	0.020252	0.899789	0.761690	0.899779	0.761539	0.899771	0.761541	0.899785	0.761567	0.899775	0.761556	0.929646	0.015857	1352525218.304611	1.000066	48.281937	34.999871	4.594087	0.924023	0.762020	0.923972	0.761503	0.923971	0.761487	0.923975	0.761521	0.923973	0.761507	0.968340	0.004488	0.928981	0.715720	0.972853	0.002576	
1352525219.304454	0.999914	51.484610	38.138613	5.750663	0.906028	0.919007	0.923938	0.025230	0.905875	0.917589	0.905879	0.917605	0.905874	0.917498	0.905874	0.917504	0.905873	0.917509	0.925671	0.019792	1352525219.304517	0.999906	51.324752	38.023210	5.164563	0.925059	0.918066	0.924950	0.918720	0.925043	0.917843	0.924961	0.918523	0.925049	0.917970	0.967918	0.003239	0.914491	0.674835	0.966751	0.002905	
1352525220.304459	1.000005	50.386939	37.028974	5.869920	0.904604	0.823745	0.936269	0.023293	0.903887	0.817447	0.903878	0.817386	0.903876	0.817353	0.903873	0.817339	0.903876	0.817385	0.937574	0.018548	1352525220.304597	1.000080	50.073946	36.763977	5.276799	0.953085	0.819090	0.953016	0.818392	0.953037	0.818251	0.953038	0.818306	0.953039	0.818322	0.988341	0.003625	0.946899	0.659406	0.988453	0.003461	
1352525221.304481	1.000022	50.761933	37.410846	5.925270	0.881909	0.977743	0.909196	0.028025	0.881850	0.977088	0.881851	0.977109	0.881849	0.977055	0.881850	0.977059	0.881851	0.977064	0.909544	0.021646	1352525221.304558	0.999961	50.685011	37.392209	5.400281	0.919032	0.977787	0.919022	0.977763	0.919027	0.977679	0.919027	0.977704	0.919028	0.977723	0.889136	0.256051	0.895424	0.383567	0.971009	0.003850	
1352525222.304468	0.999987	50.605079	37.244125	5.944032	0.891826	0.906003	0.921811	0.026177	0.891426	0.902434	0.891428	0.902444	0.891425	0.902423	0.891427	0.902436	0.891428	0.902445	0.922493	0.020377	1352525222.304532	0.999974	50.518769	37.205541	5.400378	0.924171	0.903631	0.924136	0.903201	0.924134	0.903179	0.924144	0.903301	0.924137	0.903210	0.908562	0.648394	0.970900	0.003944	0.976307	0.002882	
1352525223.304476	1.000008	50.502810	37.143208	5.924696	0.897435	0.867955	0.927156	0.027213	0.896907	0.863298	0.896892	0.863186	0.896888	0.863132	0.896889	0.863152	0.896891	0.863181	0.926965	0.020511	1352525223.304589	1.000057	50.347839	37.036998	5.402784	0.931461	0.864552	0.931372	0.864277	0.931413	0.863944	0.931414	0.863980	0.931414	0.863990	0.866116	0.053335	0.924018	0.588878	0.980904	0.002981	
1352525224.304462	0.999986	50.762479	37.406074	5.942039	0.882928	0.977313	0.910134	0.027787	0.882857	0.976606	0.882866	0.976513	0.882865	0.976491	0.882866	0.976496	0.882868	0.976496	0.911177	0.022379	1352525224.304526	0.999937	50.741841	37.435004	5.408589	0.917376	0.977255	0.917363	0.977264	0.917363	0.977259	0.917365	0.977268	0.917365	0.977265	0.968505	0.003712	0.890967	0.631616	0.960338	0.006223	
1352525225.304457	0.999995	50.648676	37.283954	5.966567	0.890553	0.912567	0.920809	0.025786	0.890212	0.909553	0.890200	0.909450	0.890197	0.909394	0.890197	0.909416	0.890198	0.909432	0.921064	0.020830	1352525225.304533	1.000007	50.616746	37.303407	5.449059	0.917167	0.910042	0.917132	0.909641	0.917129	0.909608	0.917133	0.909643	0.917135	0.909666	0.968121	0.003879	0.898594	0.645739	0.972256	0.003030	
1352525226.304467	1.000010	50.640148	37.275673	5.937944	0.889407	0.907537	0.919791	0.024810	0.889039	0.904315	0.889040	0.904330	0.889038	0.904303	0.889038	0.904301	0.889038	0.904310	0.920335	0.020649	1352525226.304570	1.000037	50.650701	37.339563	5.438321	0.919002	0.905047	0.918952	0.904788	0.918963	0.904597	0.918964	0.904635	0.918963	0.904640	0.902362	0.639540	0.956608	0.007930	0.967752	0.003071	
1352525227.304448	0.999981	50.621022	37.278253	5.919073	0.885307	0.945161	0.916540	0.027289	0.885111	0.943397	0.885111	0.943397	0.885109	0.943372	0.885111	0.943383	0.885111	0.943385	0.917218	0.021749	1352525227.304527	0.999957	50.552371	37.245770	5.396045	0.910679	0.943997	0.910659	0.943772	0.910659	0.943749	0.910661	0.943765	0.910662	0.943775	0.888790	0.632155	0.961253	0.006732	0.966117	0.003114	
1352525228.304446	0.999998	50.545888	37.183100	5.843425	0.898877	0.878733	0.922789	0.025556	0.898456	0.874829	0.898457	0.874832	0.898454	0.874794	0.898457	0.874809	0.898458	0.874817	0.925384	0.020054	1352525228.304507	0.999980	50.531118	37.235456	5.355973	0.916610	0.875431	0.916562	0.874916	0.916562	0.874914	0.916565	0.874947	0.916565	0.874943	0.906294	0.652801	0.955523	0.011092	0.968035	0.002921	
1352525229.304463	1.000017	50.668301	37.305200	5.923941	0.886367	0.927651	0.917150	0.026169	0.886081	0.925245	0.886080	0.925245	0.886078	0.925214	0.886078	0.925214	0.886078	0.925224	0.918266	0.021171	1352525229.304567	1.000060	50.667961	37.344192	5.393368	0.917793	0.925885	0.917760	0.925626	0.917762	0.925545	0.917763	0.925570	0.917763	0.925578	0.879009	0.063847	0.967484	0.003988	0.901964	0.584939	
1352525230.304453	0.999990	715786496.854959	715801193.380618	715819969.492111	0.999952	1.000322	0.999951	1.000332	0.999953	1.000333	0.999952	1.000323	0.999955	1.000334	0.999954	1.000318	0.999954	1.000333	0.999953	1.000323	1352525230.304556	0.999989	715830447.701619	715769817.518850	715800253.259369	0.999951	1.000317	0.999950	1.000324	3.895498	0.256781	0.999952	1.000319	0.999954	1.000330	0.999956	1.000323	0.999953	1.000328	0.999954	1.000330	
1352525231.304571	1.000118	0.000000	0.000000	0.000000	-nan	-nan	-nan	-nan	1.000008	inf	-nan	-nan	-nan	0.000000	-nan	-nan	-nan	-nan	-nan	-nan	1352525231.304653	1.000097	0.000000	0.000000	0.000000	-nan	-nan	-nan	-nan	1.345745	inf	-nan	-nan	-nan	-nan	-nan	-nan	-nan	-nan	-nan	-nan	
