ts_0	elapsed_0	pkg_0	pp0_0	dram_0	freq_ratio_0_0	c0_ratio_0_0	freq_ratio_0_1	c0_ratio_0_1	freq_ratio_0_2	c0_ratio_0_2	freq_ratio_0_3	c0_ratio_0_3	freq_ratio_0_4	c0_ratio_0_4	freq_ratio_0_5	c0_ratio_0_5	freq_ratio_0_6	c0_ratio_0_6	freq_ratio_0_7	c0_ratio_0_7	ts_1	elapsed_1	pkg_1	pp0_1	dram_1	freq_ratio_1_0	c0_ratio_1_0	freq_ratio_1_1	c0_ratio_1_1	freq_ratio_1_2	c0_ratio_1_2	freq_ratio_1_3	c0_ratio_1_3	freq_ratio_1_4	c0_ratio_1_4	freq_ratio_1_5	c0_ratio_1_5	freq_ratio_1_6	c0_ratio_1_6	freq_ratio_1_7	c0_ratio_1_7	
1356749909.516988	1.002014	57.928137	44.112516	6.746118	1.155651	0.470270	1.154294	0.462690	1.154102	0.464560	1.155318	0.471451	1.154530	0.465808	1.155167	0.469205	1.154792	0.462172	1.155661	0.467268	1356749909.517100	1.000368	58.771578	45.165304	5.925050	0.999926	0.917703	0.999958	0.797662	0.999932	0.797657	0.999960	0.787300	1.000001	0.786892	0.816142	0.000104	1.000001	0.568419	0.999902	0.798833	
1356749910.516982	0.999994	68.750730	54.621190	8.156939	1.000000	1.000001	0.999999	1.000000	1.000001	1.000001	1.000316	0.001777	1.000000	1.000001	1.000001	1.000001	1.000000	1.000000	1.000000	1.000000	1356749910.517079	0.999979	71.093426	57.272625	7.945082	1.000000	0.999764	1.000000	1.000000	1.000000	1.000000	1.000000	1.000000	1.000000	1.000000	1.000030	0.003698	1.000000	1.000000	1.000000	1.000000	
1356749911.516981	0.999999	68.784428	54.664847	8.062996	1.000000	1.000000	1.000000	1.000000	1.000000	0.999999	0.999955	0.000977	1.000000	1.000000	1.000000	1.000000	1.000000	1.000000	1.000000	1.000000	1356749911.517078	0.999999	70.951285	57.136758	7.942329	1.000000	1.000000	1.000000	1.000000	1.000000	1.000000	1.000000	1.000000	1.000000	1.000000	1.000031	0.000486	1.000000	1.000000	1.000000	1.000000	
1356749912.516983	1.000002	68.967520	54.905428	8.008759	1.000000	0.999776	1.000000	0.999577	1.000000	1.000000	0.999863	0.004144	1.000000	0.999576	1.000000	0.999575	1.000000	0.999573	1.000000	1.000000	1356749912.517089	1.000011	70.936905	57.172667	7.760611	1.000000	0.999592	1.000000	1.000000	1.000000	1.000000	1.000000	1.000000	1.000000	1.000000	0.999893	0.000140	1.000000	0.999614	1.000000	0.999612	
1356749913.516981	0.999998	69.005259	54.826383	8.348954	0.999951	0.999911	0.999981	0.999804	0.999981	0.999801	1.000088	0.004824	0.999964	0.999833	0.999964	0.999884	0.999973	0.999792	0.999951	0.999909	1356749913.517081	0.999992	71.044262	57.179983	7.871432	1.000000	0.999886	1.000000	0.999882	1.000000	0.999910	1.000000	1.000000	1.000000	0.999925	1.000050	0.000138	1.000000	0.999961	1.000000	1.000000	
1356749914.516981	1.000000	69.032883	54.887985	8.148239	1.000000	1.000000	1.000000	1.000000	1.000000	1.000000	0.999997	0.004565	1.000000	1.000000	1.000000	1.000000	1.000000	1.000000	1.000000	1.000000	1356749914.517076	0.999995	71.075734	57.240765	7.907007	1.000000	1.000000	1.000000	1.000000	1.000000	1.000000	1.000000	1.000000	1.000000	1.000000	0.999929	0.000140	1.000000	1.000000	1.000000	1.000000	
1356749915.516981	1.000000	68.815628	54.704773	8.085831	1.000000	0.999999	1.000000	1.000000	1.000000	1.000000	1.000022	0.001827	1.000000	1.000000	0.999999	1.000000	0.999999	1.000000	1.000001	1.000000	1356749915.517080	1.000004	71.107652	57.301556	7.905470	1.000000	1.000000	1.000000	1.000000	1.000000	1.000000	1.000000	1.000000	1.000000	1.000000	1.000058	0.000277	1.000000	1.000000	1.000000	1.000000	
1356749916.516981	1.000000	68.606140	54.469177	8.067520	1.000000	1.000000	1.000000	1.000000	1.000000	1.000000	0.999748	0.002566	1.000000	1.000000	1.000000	1.000000	1.000001	1.000000	1.000000	1.000000	1356749916.517076	0.999996	71.121931	57.270618	7.983843	1.000000	1.000000	1.000000	1.000000	1.000000	1.000000	1.000000	1.000000	1.000000	1.000000	0.999886	0.000250	1.000000	1.000000	1.000000	1.000000	
1356749917.516981	1.000000	68.583008	54.515305	7.999786	1.000000	1.000000	1.000000	1.000000	1.000000	1.000000	1.001283	0.000404	1.000000	1.000000	1.000001	1.000001	1.000001	1.000000	0.999999	0.999999	1356749917.517073	0.999997	71.142585	57.351176	7.851450	1.000000	1.000000	1.000000	1.000000	1.000000	1.000000	1.000000	1.000000	1.000000	1.000000	0.999914	0.000279	1.000000	1.000000	1.000000	1.000000	
1356749918.516981	1.000000	68.662399	54.537033	8.206924	1.000000	1.000000	0.999999	1.000000	1.000000	1.000000	1.000053	0.000433	1.000000	1.000000	1.000000	1.000000	1.000000	1.000000	1.000001	1.000000	1356749918.517073	1.000000	71.207367	57.363861	7.898041	1.000000	1.000000	1.000000	1.000000	1.000000	1.000000	1.000000	1.000000	1.000000	1.000000	1.000137	0.000225	1.000000	1.000000	1.000000	1.000000	
1356749919.516983	1.000002	69.003851	54.913012	8.031769	1.000000	0.999615	1.000000	0.999581	1.000000	0.999580	0.999984	0.005032	1.000000	0.999614	1.000000	0.999613	1.000000	1.000000	1.000000	1.000000	1356749919.517080	1.000007	71.092251	57.279237	7.881080	1.000000	0.999595	1.000000	1.000000	1.000000	1.000000	1.000000	1.000000	1.000000	0.999622	0.999917	0.000238	1.000000	0.999799	1.000000	0.999799	
1356749920.516981	0.999998	68.785577	54.694181	8.062012	1.000000	1.000000	1.000000	1.000000	1.000000	1.000000	1.000043	0.001721	1.000000	0.999999	1.000000	1.000000	0.999999	0.999999	0.999999	1.000000	1356749920.517079	0.999999	71.501411	57.673761	7.799263	1.000000	1.000000	1.000000	1.000000	1.000000	1.000000	1.000000	1.000000	1.000000	1.000000	0.999994	0.003071	1.000000	1.000000	1.000000	1.000000	
1356749921.516981	1.000000	68.827805	54.700989	8.052429	1.000000	1.000000	1.000000	1.000000	0.999999	1.000000	0.999447	0.001714	0.999999	1.000000	1.000000	1.000000	1.000001	1.000000	1.000000	1.000000	1356749921.517081	1.000002	71.326509	57.467740	7.973999	1.000000	1.000000	1.000000	1.000000	1.000000	1.000000	1.000000	1.000000	1.000000	1.000000	0.999958	0.000830	1.000000	1.000000	1.000000	1.000000	
1356749922.516981	1.000000	69.148026	55.002823	8.081100	1.000000	1.000000	1.000000	1.000000	1.000001	1.000000	1.000013	0.006976	1.000001	1.000001	1.000001	1.000000	1.000000	1.000000	1.000001	1.000000	1356749922.517074	0.999993	71.308721	57.435929	8.002588	1.000000	1.000000	1.000000	1.000000	1.000000	1.000000	1.000000	1.000000	1.000000	1.000000	1.000007	0.004337	1.000000	1.000000	1.000000	1.000000	
1356749923.516981	1.000000	69.104599	54.949661	8.181351	1.000000	1.000000	1.000001	1.000000	1.000000	1.000000	1.000144	0.003941	1.000000	1.000000	1.000000	1.000000	1.000001	1.000000	1.000000	1.000000	1356749923.517072	0.999998	71.369689	57.487582	7.917435	1.000000	1.000000	1.000000	1.000000	1.000000	1.000000	1.000000	1.000000	1.000000	1.000000	1.000009	0.000176	1.000000	1.000000	1.000000	1.000000	
1356749924.516981	1.000000	69.100906	54.932312	8.208344	1.000000	1.000000	1.000000	1.000000	1.000000	0.999999	0.999962	0.004561	1.000000	1.000000	1.000000	1.000000	0.999999	1.000000	0.999999	1.000000	1356749924.517073	1.000001	71.356652	57.464102	7.938805	1.000000	1.000000	1.000000	1.000000	1.000000	1.000000	1.000000	1.000000	1.000000	1.000000	0.999448	0.000120	1.000000	1.000000	1.000000	1.000000	
1356749925.516981	1.000000	68.901688	54.743942	8.345932	1.000000	1.000000	0.999999	1.000000	1.000000	1.000000	0.999990	0.002134	1.000001	1.000000	1.000000	1.000000	1.000000	1.000000	1.000000	1.000000	1356749925.517074	1.000001	71.640740	57.747275	7.858315	1.000000	1.000000	1.000000	1.000000	1.000000	1.000000	1.000000	1.000000	1.000000	1.000000	1.000000	0.003066	1.000000	1.000000	1.000000	1.000000	
1356749926.516981	1.000000	68.792068	54.736801	7.998444	1.000000	1.000000	1.000000	1.000000	1.000000	1.000000	1.000007	0.002420	0.999999	1.000000	1.000000	1.000000	1.000000	1.000000	1.000000	1.000000	1356749926.517075	1.000001	71.733055	57.942236	7.974480	1.000000	1.000000	1.000000	1.000000	1.000000	1.000000	1.000000	1.000000	1.000000	1.000000	0.999982	0.004536	1.000000	1.000000	1.000000	1.000000	
1356749927.516981	1.000000	68.860992	54.699921	8.244644	1.000000	1.000000	1.000000	1.000000	1.000000	1.000000	1.000534	0.000386	1.000001	1.000000	0.999999	1.000000	1.000000	1.000000	1.000000	1.000000	1356749927.517077	1.000002	71.825577	57.942028	7.870407	1.000000	1.000000	1.000000	1.000000	1.000000	1.000000	1.000000	1.000000	1.000000	1.000000	0.999987	0.004324	1.000000	1.000000	1.000000	1.000000	
1356749928.516981	1.000000	69.144440	55.014984	8.076691	1.000000	1.000000	1.000000	1.000000	1.000000	1.000000	0.999932	0.003940	0.999999	1.000000	1.000000	1.000000	1.000000	1.000000	1.000000	1.000000	1356749928.517081	1.000004	71.473984	57.618007	7.950224	1.000000	1.000000	1.000000	1.000000	1.000000	1.000000	1.000000	1.000000	1.000000	1.000000	1.000022	0.000855	1.000000	1.000000	1.000000	1.000000	
1356749929.516982	1.000001	69.109919	54.952142	8.317360	1.000000	1.000000	0.999999	1.000000	0.999999	1.000000	0.999949	0.002901	1.000000	1.000000	1.000000	1.000000	1.000000	1.000000	1.000000	1.000000	1356749929.517082	1.000001	71.373772	57.508811	7.927315	1.000000	1.000000	1.000000	1.000000	1.000000	1.000000	1.000000	1.000000	1.000000	1.000000	0.999434	0.000133	1.000000	1.000000	1.000000	1.000000	
1356749930.516981	0.999999	68.974309	54.813041	8.154976	1.000000	1.000000	1.000000	1.000000	1.000001	1.000001	1.000099	0.001037	1.000001	1.000000	1.000000	1.000000	1.000000	1.000000	1.000000	1.000000	1356749930.517073	0.999991	71.710351	57.819799	7.828013	1.000000	1.000000	1.000000	1.000000	1.000000	1.000000	1.000000	1.000000	1.000000	1.000000	1.000005	0.003056	1.000000	1.000000	1.000000	1.000000	
1356749931.516983	1.000002	68.801627	54.749896	7.962357	1.000000	0.999640	1.000000	1.000000	1.000000	0.999464	0.997482	0.000370	1.000000	1.000000	1.000000	1.000000	0.999999	1.000000	1.000000	1.000001	1356749931.517085	1.000012	71.705734	57.915890	7.854856	1.000000	1.000000	1.000000	1.000000	1.000000	1.000000	1.000000	1.000000	1.000000	1.000000	0.999981	0.004276	1.000000	1.000000	1.000000	0.999645	
1356749932.516981	0.999998	68.894434	54.761274	8.153488	1.000000	1.000001	1.000000	1.000000	1.000000	1.000000	1.002040	0.000455	1.000000	1.000000	1.000000	1.000000	1.000000	1.000000	1.000000	1.000000	1356749932.517078	0.999993	71.767098	57.903782	7.872644	1.000000	1.000000	1.000000	1.000000	1.000000	1.000000	1.000000	1.000000	1.000000	1.000000	0.999978	0.004291	1.000000	1.000000	1.000000	1.000000	
1356749933.516981	1.000000	68.874084	54.738754	8.126419	1.000000	1.000000	1.000000	1.000000	1.000000	1.000000	0.999884	0.000399	1.000000	1.000000	1.000000	1.000000	1.000000	1.000000	1.000000	1.000000	1356749933.517078	1.000000	71.767166	57.891052	7.915024	1.000000	1.000000	1.000000	1.000000	1.000000	1.000000	1.000000	1.000000	1.000000	1.000000	0.999992	0.004292	1.000000	1.000000	1.000000	1.000000	
1356749934.516981	1.000000	68.963074	54.809784	8.138397	1.000000	1.000000	1.000000	1.000000	1.000000	1.000000	1.000067	0.000400	1.000000	1.000000	1.000000	1.000000	1.000000	1.000000	1.000001	1.000000	1356749934.517076	0.999998	71.765426	57.888996	8.003586	1.000000	1.000000	1.000000	1.000000	1.000000	1.000000	1.000000	1.000000	1.000000	1.000000	0.999978	0.004280	1.000000	1.000000	1.000000	1.000000	
1356749935.516995	1.000014	21.677292	8.284246	3.406111	0.999689	0.089155	0.999703	0.089172	1.000004	0.089081	0.655128	0.001144	1.000005	0.089043	1.000005	0.089037	1.000004	0.089028	0.999998	0.089019	1356749935.517312	1.000236	34.154658	20.900401	2.335661	0.999991	0.089000	0.999996	0.088992	0.999998	0.088989	0.999995	0.088981	0.999995	0.088972	0.999963	0.000528	0.999994	0.088933	1.000000	1.000000	
1356749936.516988	0.999993	20.928276	7.548468	5.914882	0.643083	0.019788	0.697567	0.000056	1.000347	0.000042	0.927860	0.002356	0.857631	0.001223	0.695333	0.000060	0.712878	0.000058	0.697237	0.000060	1356749936.517236	0.999924	29.099595	15.790523	5.315834	1.000792	0.000086	0.999484	0.000060	0.986472	0.000012	0.997041	0.000062	1.000194	0.000012	0.999939	0.000194	0.994425	0.000018	1.000000	1.000000	
1356749937.516981	0.999993	715774640.801439	715791366.996844	715780388.865154	0.999911	1.000647	0.999910	1.000659	0.999920	1.000654	0.999911	1.000646	0.999912	1.000655	0.999914	1.000646	0.999913	1.000660	0.999911	1.000651	1356749937.517087	0.999851	715932193.136987	715914350.979321	715898998.515554	0.999911	1.000647	0.999910	1.000655	3.898286	0.256673	0.999909	1.000642	0.999913	1.000662	0.999913	1.000644	0.999911	1.000656	0.999913	1.000657	
1356749938.516980	0.999999	0.000000	0.000000	0.000000	-nan	-nan	-nan	-nan	0.000000	inf	-nan	-nan	-nan	0.000000	-nan	-nan	-nan	-nan	-nan	-nan	1356749938.517058	0.999971	0.000000	0.000000	0.000000	-nan	-nan	-nan	-nan	0.000000	inf	-nan	-nan	-nan	-nan	-nan	-nan	-nan	-nan	-nan	-nan	
