ts_0	elapsed_0	pkg_0	pp0_0	dram_0	freq_ratio_0_0	c0_ratio_0_0	freq_ratio_0_1	c0_ratio_0_1	freq_ratio_0_2	c0_ratio_0_2	freq_ratio_0_3	c0_ratio_0_3	freq_ratio_0_4	c0_ratio_0_4	freq_ratio_0_5	c0_ratio_0_5	freq_ratio_0_6	c0_ratio_0_6	freq_ratio_0_7	c0_ratio_0_7	ts_1	elapsed_1	pkg_1	pp0_1	dram_1	freq_ratio_1_0	c0_ratio_1_0	freq_ratio_1_1	c0_ratio_1_1	freq_ratio_1_2	c0_ratio_1_2	freq_ratio_1_3	c0_ratio_1_3	freq_ratio_1_4	c0_ratio_1_4	freq_ratio_1_5	c0_ratio_1_5	freq_ratio_1_6	c0_ratio_1_6	freq_ratio_1_7	c0_ratio_1_7	
1357205377.667666	1.001584	51.736041	38.686156	3.450375	1.153829	0.166502	1.155691	0.167331	1.154999	0.166730	1.154562	0.165876	1.153805	0.163957	1.155290	0.167370	1.154990	0.166272	1.154825	0.165890	1357205377.667738	1.000333	55.482817	42.329056	2.177131	0.999844	0.662420	0.999972	0.661856	1.000001	0.661552	0.999974	0.661450	1.000001	0.661367	0.999973	0.661316	0.999996	0.661271	0.999790	0.920246	
1357205378.667659	0.999993	40.776451	27.718682	3.782329	0.991290	0.451946	0.999750	0.442089	0.999941	0.441922	0.999944	0.441913	0.999889	0.441967	0.999891	0.441971	0.999806	0.441991	0.999893	0.441921	1357205378.667722	0.999984	46.566296	33.384185	2.995272	1.000000	0.442055	1.000002	0.442030	1.000000	0.441967	1.000000	0.441969	1.000000	0.442098	1.000000	0.441994	1.000008	0.442002	1.000000	1.000000	
1357205379.667658	0.999999	51.000506	37.954733	3.510685	0.997355	0.683650	0.999972	0.679387	1.000000	0.679325	1.000000	0.679301	1.000000	0.679277	1.000000	0.679257	1.000000	0.679233	1.000000	0.679211	1357205379.667901	1.000179	55.033374	41.846862	2.564879	0.989654	0.678806	0.989654	0.678776	0.989653	0.678719	0.989653	0.678694	0.989654	0.678697	0.989653	0.678654	0.989653	0.678637	0.992975	0.999610	
1357205380.667663	1.000005	56.309609	43.238400	3.794613	0.998390	0.755660	0.999957	0.752097	0.999986	0.752040	0.999987	0.752063	0.999971	0.752111	0.999972	0.752133	0.999941	0.752238	0.999972	0.752178	1357205380.667729	0.999828	58.636316	45.434919	2.596043	0.993824	0.751398	0.993829	0.752130	0.992464	0.615921	0.993829	0.752131	0.993830	0.752247	0.993829	0.752173	0.993829	0.752188	0.995356	0.999556	
1357205381.667659	0.999996	51.345301	38.274432	3.736236	0.995023	0.633259	0.997156	0.631025	0.997188	0.628925	0.997204	0.628905	0.997172	0.629032	0.997172	0.628984	0.997835	0.829056	0.997173	0.628941	1357205381.667721	0.999992	52.788285	39.588212	2.630179	0.980718	0.631300	0.980788	0.635165	0.980908	0.629303	0.980757	0.629695	0.981000	0.628721	0.980979	0.628691	0.980998	0.628652	0.986927	0.915110	
1357205382.667662	1.000003	57.956897	44.869353	3.778309	0.997378	0.742224	0.997949	0.738791	0.997976	0.738735	0.997978	0.738734	0.998409	0.938764	0.997979	0.738745	0.997934	0.738743	0.998395	0.938788	1357205382.667724	1.000003	60.069821	46.848228	2.662055	0.988718	0.938515	0.985662	0.738443	0.985662	0.738440	0.985661	0.738407	0.988719	0.938530	0.985662	0.738452	0.985662	0.738442	0.989403	0.999135	
1357205383.667667	1.000005	61.842006	48.752426	3.761669	0.984745	0.881636	0.984799	0.879251	0.984798	0.879168	0.984797	0.879166	0.984798	0.879163	0.984798	0.879183	0.984799	0.879248	0.984798	0.879180	1357205383.667727	1.000003	62.719547	49.507079	2.419365	0.968703	0.878960	0.968702	0.878927	0.968700	0.878863	0.968700	0.878877	0.968703	0.878953	0.968700	0.878874	0.968700	0.878872	0.972457	0.998758	
1357205384.667658	0.999991	59.949731	46.859449	3.749164	0.972165	0.874790	0.972954	0.872399	0.972953	0.872363	0.972953	0.872360	0.972953	0.872359	0.972953	0.872357	0.972954	0.872391	0.972953	0.872352	1357205384.667728	1.000001	61.559527	48.334411	2.598661	0.958662	0.872165	0.958661	0.872148	0.958659	0.872115	0.958660	0.872129	0.958663	0.872183	0.958660	0.872112	0.958659	0.872110	0.963878	0.998112	
1357205385.667658	1.000000	48.984238	35.891678	3.773514	0.996411	0.586237	0.999999	0.578846	1.000000	0.578742	1.000000	0.578721	0.999999	0.578701	0.999944	0.578797	0.999999	0.578776	0.999999	0.578688	1357205385.667893	1.000165	53.216348	39.990335	2.842167	0.999999	0.578760	0.999999	0.578741	0.999999	0.578585	0.999999	0.578595	0.999999	0.578620	0.999999	0.578523	0.999999	0.578505	1.000000	1.000000	
1357205386.667658	1.000000	19.289841	6.186966	3.866959	0.591068	0.017555	0.596225	0.000319	0.999907	0.000067	0.665875	0.000100	0.658663	0.000095	0.617879	0.000270	1.025588	0.000023	1.002945	0.000009	1357205386.667904	1.000011	28.858036	15.615597	4.162064	0.999870	0.000024	1.000004	0.000102	0.999906	0.000397	0.998593	0.000016	0.992132	0.000066	0.989799	0.000062	0.987758	0.000038	1.000000	1.000000	
1357205387.667661	1.000003	20.699002	7.618171	3.855960	0.646816	0.013950	0.679364	0.000169	1.001479	0.000008	1.004173	0.000008	1.006827	0.000008	0.790583	0.000158	0.992831	0.000054	0.808749	0.000076	1357205387.668089	1.000185	28.786392	15.552741	4.014913	1.001092	0.000084	0.999900	0.000093	1.000731	0.000048	1.000476	0.000060	1.010224	0.000051	1.030364	0.000021	1.021991	0.000021	1.000000	1.000000	
1357205388.667658	0.999997	21.744788	8.647564	3.822033	0.713223	0.013576	0.827162	0.000220	0.792681	0.000079	0.734753	0.000086	0.781646	0.000081	0.687674	0.000292	0.778772	0.000015	0.998919	0.000013	1357205388.667912	0.999823	28.779200	15.544101	3.983081	0.999599	0.000028	1.000143	0.000065	0.999611	0.000072	0.999646	0.000022	0.999975	0.000063	1.000293	0.000050	1.000588	0.000047	1.000000	1.000000	
1357205389.667659	1.000001	21.814326	8.721870	3.828503	0.712427	0.012924	0.796830	0.000167	0.998380	0.000013	1.000819	0.000013	0.999878	0.000013	0.780175	0.000160	0.736558	0.000065	0.749813	0.000061	1357205389.667901	0.999989	28.762187	15.531344	3.987287	1.000783	0.000057	0.999898	0.000072	0.999956	0.000035	0.999984	0.000050	0.998877	0.000037	0.996877	0.000012	1.001283	0.000011	1.000000	1.000000	
1357205390.667658	0.999999	22.974235	9.882669	3.730228	0.787855	0.011915	0.841824	0.000215	1.000360	0.000057	0.999784	0.000057	1.000215	0.000056	1.000207	0.000209	0.998507	0.000012	0.997098	0.000013	1357205390.667902	1.000001	28.752582	15.522126	3.826504	0.999818	0.000028	0.999896	0.000059	1.000369	0.000085	0.999926	0.000021	1.000535	0.000076	0.999817	0.000049	1.000281	0.000052	1.000000	1.000000	
1357205391.667660	1.000002	18.935892	5.841572	3.923409	0.572599	0.020067	0.585353	0.000274	0.688158	0.000018	0.566721	0.000022	0.709143	0.000017	0.561967	0.000219	0.697145	0.000070	0.711841	0.000069	1357205391.668039	1.000137	28.752711	15.521950	4.032986	0.999265	0.000053	1.000035	0.000110	0.999159	0.000349	0.999910	0.000047	0.999854	0.000037	1.000255	0.000042	0.996874	0.000011	1.000000	1.000000	
1357205392.667661	1.000001	20.983821	7.889931	3.854275	0.695729	0.019196	0.980256	0.003229	0.991454	0.002411	0.991554	0.002203	0.993332	0.002304	0.969391	0.002828	0.995913	0.002300	0.998466	0.002239	1357205392.667876	0.999837	29.115359	15.882183	4.089900	1.000011	0.002593	1.000000	0.003807	1.000261	0.002663	1.000002	0.002540	0.999992	0.002538	0.999994	0.002462	0.999979	0.002362	1.000000	1.000000	
1357205393.667658	0.999997	20.526477	7.433296	3.870129	0.633004	0.015574	0.728032	0.000187	0.999215	0.000008	1.022116	0.000008	1.026777	0.000008	0.587930	0.000208	0.712713	0.000058	0.751483	0.000061	1357205393.667902	1.000026	28.744157	15.517160	4.087937	0.999920	0.000048	0.999971	0.000067	0.985682	0.000031	0.999888	0.000045	0.999214	0.000036	1.000563	0.000006	1.006779	0.000006	1.000000	1.000000	
1357205394.667659	1.000001	22.540948	9.461539	3.820019	0.767099	0.012090	0.931573	0.000221	0.999402	0.000054	0.999609	0.000054	0.996813	0.000051	0.765954	0.000198	0.995537	0.000013	0.699528	0.000017	1357205394.667898	0.999996	28.741938	15.515535	3.878602	0.998499	0.000027	0.999976	0.000049	1.000256	0.000083	0.999576	0.000022	1.000455	0.000077	0.986036	0.000045	1.000064	0.000042	1.000000	1.000000	
1357205395.667658	0.999999	22.637610	9.545694	3.752476	0.756249	0.011606	0.887141	0.000162	1.000882	0.000013	0.997009	0.000013	1.014500	0.000012	0.878686	0.000144	1.000109	0.000049	0.999622	0.000052	1357205395.667979	1.000081	28.751316	15.525353	3.872352	1.000854	0.000053	0.999945	0.000070	0.999191	0.000034	0.999758	0.000067	0.998914	0.000036	1.000306	0.002050	0.999614	0.000012	1.000000	1.000000	
1357205396.667658	1.000000	21.552338	8.456238	3.788834	0.687882	0.015065	0.795757	0.000264	0.765265	0.000072	0.736504	0.000077	0.773591	0.000077	0.689541	0.000222	1.002366	0.000013	1.003894	0.000013	1357205396.667925	0.999946	28.757806	15.525617	4.112389	0.999603	0.000026	0.999944	0.000103	1.000072	0.000376	1.001224	0.000022	1.000419	0.000064	1.000534	0.000064	0.999881	0.000049	1.000000	1.000000	
1357205397.667659	1.000001	20.617458	7.524239	3.850323	0.873816	0.041986	0.746317	0.000196	0.705377	0.000019	1.185022	0.000012	0.985489	0.000013	0.601964	0.000204	0.738448	0.000065	0.719356	0.000064	1357205397.667899	0.999974	28.720336	15.505286	3.939311	0.997660	0.000055	1.000033	0.000081	0.999940	0.000032	0.999882	0.000049	0.999875	0.000037	0.998659	0.000012	0.997675	0.000012	1.000000	1.000000	
1357205398.667658	0.999999	18.464953	5.368749	3.950077	0.567868	0.019780	0.607823	0.000303	0.675230	0.000104	0.813820	0.000087	0.669839	0.000101	0.578329	0.000282	0.560484	0.000049	0.702881	0.000019	1357205398.667914	1.000015	28.759852	15.523540	4.611137	1.000364	0.000029	1.000044	0.000044	0.999987	0.000089	1.000088	0.000022	0.993847	0.000083	0.987352	0.000049	0.989545	0.000045	1.000000	1.000000	
1357205399.667658	1.000000	18.749084	5.656113	3.931992	0.572199	0.019941	0.686253	0.000223	1.025967	0.000008	1.017725	0.000008	0.993588	0.000008	0.634744	0.000196	0.752605	0.000075	0.786708	0.000079	1357205399.667905	0.999991	28.753785	15.522098	4.042578	1.001052	0.000067	0.999971	0.000094	0.999920	0.000077	0.999889	0.000059	1.009959	0.000051	1.030624	0.000021	1.024007	0.000021	1.000000	1.000000	
1357205400.667659	1.000001	23.075128	9.982214	3.701824	0.792709	0.011653	0.841672	0.000202	0.765555	0.000078	0.719837	0.000083	0.998470	0.000065	0.855564	0.000175	1.006192	0.000013	1.000903	0.000013	1357205400.667908	1.000003	28.748095	15.520490	3.711323	1.001824	0.000028	0.999908	0.000063	1.000034	0.000056	0.999894	0.000022	1.000174	0.000084	0.999742	0.000052	0.999056	0.000048	1.000000	1.000000	
1357205401.667658	0.999999	21.076207	7.995308	3.793552	0.652865	0.014542	0.887504	0.000894	0.709770	0.000019	0.690996	0.000018	0.708109	0.000018	0.746366	0.000200	0.998920	0.000047	0.999178	0.000069	1357205401.667903	0.999995	28.773810	15.545992	3.989095	0.995627	0.000068	1.000047	0.000122	1.000048	0.002247	1.000239	0.000047	0.998699	0.000037	0.992570	0.000043	1.000192	0.000012	1.000000	1.000000	
1357205402.667659	1.000001	21.835444	8.744254	3.834622	0.685605	0.014214	0.972517	0.011196	0.771257	0.000073	0.999730	0.056176	0.846853	0.000825	0.682147	0.000221	0.694472	0.000018	1.003558	0.000013	1357205402.667907	1.000004	28.879293	15.656370	4.098799	1.000221	0.001073	0.999983	0.000345	0.999989	0.015389	0.999247	0.000042	0.999994	0.000065	1.008023	0.000042	1.001042	0.000048	1.000000	1.000000	
1357205403.667658	0.999999	22.340124	9.241876	3.740009	0.730873	0.011862	0.702142	0.000217	1.010400	0.000013	0.999755	0.000008	0.553935	0.000115	1.000382	0.000128	0.569929	0.000082	0.745251	0.000065	1357205403.668091	1.000184	28.762666	15.537576	4.001674	1.000035	0.001058	0.999983	0.000067	0.999968	0.000036	1.000000	0.000049	0.999970	0.000039	0.997197	0.000012	0.995771	0.000011	1.000000	1.000000	
1357205404.667663	1.000005	20.759952	7.676109	3.827083	0.653716	0.014336	0.758784	0.000236	0.762367	0.000070	0.890106	0.000307	0.754055	0.000076	0.588128	0.000256	0.577336	0.000020	0.694562	0.000018	1357205404.667907	0.999816	28.757521	15.528203	4.227524	0.998206	0.000023	0.999865	0.000072	0.999987	0.000561	1.000586	0.000022	1.000845	0.000063	0.986595	0.000049	0.999918	0.000164	1.000000	1.000000	
1357205405.667660	0.999997	23.521695	10.466448	3.760342	0.833689	0.010366	0.824259	0.000186	1.000443	0.000019	0.999169	0.000008	1.005839	0.000013	0.878575	0.000143	0.746499	0.000062	0.721346	0.000064	1357205405.667909	1.000002	28.738547	15.509660	3.817681	0.999796	0.000055	1.000130	0.000068	1.000778	0.000053	1.000248	0.000061	0.999810	0.000036	1.000342	0.002049	1.005053	0.000006	1.000000	1.000000	
1357205406.667658	0.999998	22.666211	9.611316	3.719734	0.759744	0.010874	1.000049	0.000251	0.755400	0.000075	0.752446	0.000094	0.781110	0.000071	0.759991	0.000200	1.004985	0.000013	1.005373	0.000013	1357205406.667906	0.999997	28.738401	15.510317	3.849270	1.001795	0.000028	0.999899	0.000123	0.999965	0.000407	0.999921	0.000019	0.999919	0.000062	0.999771	0.000064	1.000141	0.000041	1.000000	1.000000	
1357205407.667658	1.000000	19.981232	6.925934	3.892624	0.607724	0.016413	0.634058	0.000266	1.001670	0.000017	1.003761	0.000020	1.011060	0.000017	0.794472	0.000156	1.000684	0.000053	0.735323	0.000071	1357205407.667908	1.000002	28.736411	15.503678	4.208183	0.999610	0.000071	1.000105	0.000063	0.999673	0.000092	0.999994	0.000062	1.000000	0.000036	0.999712	0.000011	0.999935	0.000012	1.000000	1.000000	
1357205408.667658	1.000000	22.696564	9.642410	3.772781	0.739338	0.011118	0.784511	0.000269	0.762887	0.000072	0.773988	0.000079	0.792684	0.000084	0.810436	0.000189	1.001362	0.000013	0.995915	0.000012	1357205408.667916	1.000008	28.726299	15.499996	3.836517	0.999496	0.000028	1.000085	0.000046	0.999986	0.000056	0.999246	0.000020	1.000151	0.000074	1.000356	0.000051	0.999739	0.000047	1.000000	1.000000	
1357205409.667658	1.000000	21.827820	8.772873	3.768860	0.710410	0.012731	0.744174	0.000206	0.998215	0.000013	1.000178	0.000013	0.999457	0.000013	0.774894	0.000158	0.723240	0.000065	0.728141	0.000062	1357205409.667914	0.999998	28.706811	15.492293	3.827583	0.997268	0.000061	0.999930	0.000066	0.999810	0.000034	1.000121	0.000048	1.000086	0.000036	0.997122	0.000012	0.997992	0.000012	1.000000	1.000000	
1357205410.667659	1.000001	21.791727	8.737205	3.782177	0.708099	0.012987	0.777052	0.000240	0.826512	0.000093	0.806084	0.000095	0.806055	0.000085	0.769451	0.000212	1.016697	0.000033	1.002396	0.000014	1357205410.667911	0.999997	28.734189	15.503100	3.901776	1.003213	0.000029	0.999846	0.000048	1.000522	0.000059	0.999963	0.000021	0.993037	0.000076	0.987163	0.000049	0.990203	0.000046	1.000000	1.000000	
1357205411.667658	0.999999	22.975532	9.934687	3.686222	0.778553	0.011047	0.862440	0.000249	0.999684	0.000009	1.002660	0.000009	0.978148	0.000008	0.884794	0.000152	0.747611	0.000066	0.796501	0.000084	1357205411.667899	0.999988	28.731467	15.504457	3.836105	1.001437	0.000080	0.999997	0.000131	1.000005	0.000397	0.999609	0.000060	1.009459	0.000052	1.011365	0.000054	1.011598	0.000042	1.000000	1.000000	
1357205412.667658	1.000000	21.586761	8.531189	3.742401	0.689343	0.014766	0.738136	0.000265	0.773025	0.000077	0.733329	0.000082	0.872803	0.000124	0.674919	0.000226	0.698263	0.000018	0.699884	0.000018	1357205412.667910	1.000011	28.725073	15.492201	4.006548	0.999631	0.000027	0.999981	0.000062	0.999803	0.000051	1.001280	0.000021	0.999934	0.000076	1.000073	0.000058	1.000096	0.000048	1.000000	1.000000	
1357205413.667658	1.000000	19.773178	6.718689	3.894943	0.602510	0.014897	0.652042	0.000241	1.000539	0.000017	0.999112	0.000013	0.979674	0.000008	0.579883	0.000211	0.710327	0.000064	0.730752	0.000062	1357205413.667908	0.999998	28.723718	15.498580	3.981026	0.999912	0.000062	1.000061	0.000069	0.999045	0.000034	0.999838	0.000069	1.000137	0.000037	0.999283	0.000012	0.999508	0.000011	1.000000	1.000000	
1357205414.667660	1.000002	18.346294	5.290639	3.926338	0.555774	0.019297	0.630365	0.000269	0.841931	0.000066	0.791903	0.000073	0.694447	0.000086	0.637156	0.000231	0.704134	0.000018	0.996855	0.000012	1357205414.667911	1.000003	28.728167	15.497938	4.129260	0.999861	0.000028	0.999873	0.000045	1.000563	0.000056	1.000000	0.000022	0.999746	0.000064	0.987283	0.000051	1.000145	0.000059	1.000000	1.000000	
1357205415.667659	0.999999	19.692432	6.637122	3.888309	0.605320	0.016099	0.657576	0.000241	0.984707	0.000013	0.996720	0.000013	0.999910	0.000013	0.710514	0.000175	0.977023	0.000049	0.999993	0.000053	1357205415.668024	1.000113	28.739825	15.511354	4.123618	0.998802	0.000058	1.000000	0.000061	1.000066	0.000041	1.000315	0.000045	0.999936	0.000036	1.000326	0.002033	0.999862	0.000011	1.000000	1.000000	
1357205416.667658	0.999999	19.120563	6.064825	3.917560	0.576934	0.017720	0.662386	0.000297	1.003442	0.000055	0.786004	0.000071	0.999940	0.000065	0.705611	0.000220	0.584195	0.000020	0.998593	0.000013	1357205416.667926	0.999902	28.747324	15.515269	3.974450	1.001189	0.000027	1.000096	0.000089	0.999915	0.000391	0.998672	0.000022	1.000654	0.000062	0.999851	0.000080	0.999631	0.000067	1.000000	1.000000	
1357205417.667661	1.000003	21.730951	8.686985	3.855091	0.712943	0.017003	0.985449	0.003262	0.997352	0.002543	0.997953	0.002662	0.997094	0.002489	0.984934	0.002973	0.993447	0.002649	0.990955	0.001958	1357205417.667865	0.999939	28.838186	15.604560	3.981231	1.000014	0.002752	0.999999	0.003999	1.000000	0.002614	1.000005	0.002695	0.999988	0.002547	0.999997	0.002525	1.000009	0.002367	1.000000	1.000000	
1357205418.667673	1.000012	23.190016	10.135927	3.615695	0.805206	0.010445	0.777270	0.000219	1.023733	0.000045	0.762794	0.000065	0.759002	0.000062	0.755695	0.000198	1.012007	0.000008	0.999217	0.000008	1357205418.667918	1.000053	28.726034	15.498401	3.864603	0.998271	0.000023	0.999900	0.000066	0.999992	0.000049	1.000068	0.000017	1.000012	0.000065	1.000814	0.000041	0.999193	0.000038	1.000000	1.000000	
1357205419.667665	0.999992	715824840.638360	715772323.796921	715810841.821636	0.999967	1.001072	0.999964	1.001074	0.999974	1.001072	0.999967	1.001073	0.999968	1.001078	0.999969	1.001068	0.999967	1.001075	0.999967	1.001073	1357205419.667766	0.999848	715922405.777139	715880719.906259	715911049.649844	0.999967	1.001071	0.999965	1.001077	3.894638	0.257031	0.999966	1.001070	0.999967	1.001075	0.999970	1.001072	0.999967	1.001074	0.999968	1.001075	
1357205420.667793	1.000128	0.000000	0.000000	0.000000	-nan	-nan	-nan	-nan	0.000000	inf	-nan	-nan	-nan	0.000000	-nan	-nan	-nan	-nan	-nan	-nan	1357205420.667871	1.000105	0.000000	0.000000	0.000000	-nan	-nan	-nan	-nan	0.000000	inf	-nan	-nan	-nan	-nan	-nan	-nan	-nan	-nan	-nan	-nan	
