ts_0	elapsed_0	pkg_0	pp0_0	dram_0	freq_ratio_0_0	c0_ratio_0_0	freq_ratio_0_1	c0_ratio_0_1	freq_ratio_0_2	c0_ratio_0_2	freq_ratio_0_3	c0_ratio_0_3	freq_ratio_0_4	c0_ratio_0_4	freq_ratio_0_5	c0_ratio_0_5	freq_ratio_0_6	c0_ratio_0_6	freq_ratio_0_7	c0_ratio_0_7	ts_1	elapsed_1	pkg_1	pp0_1	dram_1	freq_ratio_1_0	c0_ratio_1_0	freq_ratio_1_1	c0_ratio_1_1	freq_ratio_1_2	c0_ratio_1_2	freq_ratio_1_3	c0_ratio_1_3	freq_ratio_1_4	c0_ratio_1_4	freq_ratio_1_5	c0_ratio_1_5	freq_ratio_1_6	c0_ratio_1_6	freq_ratio_1_7	c0_ratio_1_7	
1356714081.355330	1.001874	43.020745	29.817307	3.400183	1.157040	0.587309	1.154542	0.577638	1.154813	0.582024	1.154860	0.580846	1.154964	0.581145	1.155085	0.581623	1.155105	0.581634	1.154531	0.576438	1356714081.355431	1.000357	47.394400	34.359471	3.090923	0.987088	0.563695	0.987206	0.563561	0.987151	0.563264	0.987195	0.563110	0.986710	0.542533	0.985226	0.489445	0.953904	0.000189	0.991844	0.936693	
1356714082.355317	0.999987	45.863959	32.649293	3.494324	0.980864	0.529875	0.979055	0.659328	0.979073	0.660719	0.979149	0.660653	0.979131	0.660634	0.979158	0.660627	0.979099	0.660700	0.958733	0.000583	1356714082.355424	0.999993	46.597826	33.569385	3.122168	0.908642	0.660151	0.908608	0.659908	0.908609	0.659920	0.908604	0.659882	0.908604	0.659893	0.908589	0.659788	0.948960	0.000138	0.939407	0.998905	
1356714083.355316	0.999999	46.729735	33.504442	3.753727	0.885301	0.772222	0.888675	0.807196	0.888675	0.807167	0.888670	0.807106	0.888669	0.807072	0.888667	0.807043	0.888673	0.807058	0.892227	0.000813	1356714083.355560	1.000136	47.590807	34.570177	3.070017	0.852855	0.806586	0.852859	0.806581	0.852862	0.806569	0.852856	0.806511	0.852853	0.806466	0.852853	0.806438	0.901896	0.000170	0.880517	0.997574	
1356714084.355322	1.000006	47.781728	34.549599	3.737954	0.917066	0.782561	0.917208	0.779683	0.917205	0.779654	0.917198	0.779598	0.917200	0.779608	0.917197	0.779578	0.917206	0.779663	0.918647	0.000593	1356714084.355569	1.000009	48.626329	35.602247	3.074405	0.876453	0.779200	0.876461	0.779245	0.876465	0.779275	0.876455	0.779206	0.876449	0.779171	0.876449	0.779170	0.802941	0.002752	0.903062	0.998073	
1356714085.355315	0.999993	49.916178	36.680551	3.713191	0.907612	0.874250	0.907549	0.872794	0.907561	0.872781	0.907569	0.872743	0.907571	0.872784	0.907569	0.872781	0.907552	0.872907	0.913725	0.000508	1356714085.355403	0.999834	50.403567	37.385263	2.812585	0.871946	0.872465	0.871958	0.872562	0.871962	0.872617	0.871954	0.872579	0.871946	0.872549	0.871946	0.872568	0.882024	0.000156	0.887829	0.997872	
1356714086.355316	1.000001	45.803103	32.577651	3.673916	0.935991	0.610845	0.951897	0.802171	0.936319	0.605709	0.936332	0.605681	0.936327	0.605618	0.936329	0.605616	0.951901	0.802113	0.940160	0.000461	1356714086.355575	1.000172	48.737792	35.738516	2.980750	0.872735	0.804465	0.872741	0.804484	0.872743	0.804475	0.872738	0.804421	0.872735	0.804377	0.872732	0.804336	0.925125	0.000149	0.896846	0.997980	
1356714087.355322	1.000006	46.368727	33.151734	3.781899	0.963268	0.598073	0.973150	0.790068	0.964178	0.591889	0.964174	0.591823	0.964174	0.591862	0.964146	0.591867	0.973126	0.790555	0.912946	0.000450	1356714087.355420	0.999845	49.345996	36.346835	3.235700	0.885175	0.790865	0.885185	0.790949	0.885189	0.790997	0.885180	0.790955	0.885175	0.790947	0.885177	0.790983	0.872334	0.000613	0.908740	0.998225	
1356714088.355316	0.999994	42.402307	29.165640	3.486257	0.984144	0.487109	0.988661	0.653322	0.984606	0.481245	0.984595	0.480943	0.984595	0.480932	0.984594	0.480982	0.988631	0.653506	0.979737	0.004334	1356714088.355424	1.000004	46.295635	33.281436	3.088900	0.892867	0.663640	0.892866	0.663670	0.892873	0.663684	0.892868	0.663654	0.892865	0.663637	0.892864	0.663635	0.846516	0.003522	0.928552	0.998738	
1356714089.355315	0.999999	42.611552	29.374021	3.665958	0.913125	0.615181	0.913241	0.611190	0.913259	0.611167	0.913291	0.611084	0.913277	0.611105	0.913303	0.611052	0.913265	0.611162	0.872199	0.000595	1356714089.355408	0.999984	44.555292	31.539490	3.108723	0.874227	0.610518	0.874249	0.610585	0.874250	0.610613	0.874239	0.610551	0.874227	0.610488	0.874228	0.610483	0.984780	0.000147	0.922679	0.998338	
1356714090.355315	1.000000	45.199585	31.964249	3.767456	0.967665	0.623443	0.968792	0.618797	0.968791	0.618741	0.968790	0.618709	0.968788	0.618653	0.968762	0.618667	0.968764	0.618684	0.883218	0.000521	1356714090.355570	1.000162	46.897025	33.886879	3.131039	0.917939	0.617992	0.917943	0.617997	0.917947	0.618005	0.917940	0.617939	0.917936	0.617893	0.917931	0.617837	0.978634	0.000103	0.948659	0.999010	
1356714091.355317	1.000002	47.922562	34.681468	3.695778	0.916790	0.778546	0.916737	0.775957	0.916736	0.775940	0.916729	0.775874	0.916730	0.775887	0.916727	0.775851	0.916737	0.775947	0.905854	0.000793	1356714091.355565	0.999995	48.658630	35.639476	2.985290	0.877716	0.775424	0.877726	0.775483	0.877730	0.775513	0.877721	0.775452	0.877715	0.775416	0.877715	0.775417	0.874004	0.000226	0.904468	0.998094	
1356714092.355315	0.999998	715787992.164368	715798546.529286	715782437.937115	0.999888	1.000502	0.999889	1.000517	0.999898	1.000509	0.999891	1.000510	0.999890	1.000512	0.999893	1.000507	0.999890	1.000512	0.999892	1.000515	1356714092.355417	0.999852	715906927.469095	715869062.640357	715880780.826087	0.999889	1.000504	0.999887	1.000508	3.899891	0.256522	0.999890	1.000507	0.999890	1.000511	0.999894	1.000511	0.999891	1.000514	0.999894	1.000527	
1356714093.355476	1.000161	0.000000	0.000000	0.000000	-nan	-nan	-nan	-nan	1514532892569.675293	inf	-nan	-nan	-nan	0.000000	0.000000	inf	-nan	-nan	-nan	-nan	1356714093.355556	1.000139	0.000000	0.000000	0.000000	-nan	-nan	-nan	-nan	1.345745	inf	-nan	-nan	-nan	-nan	-nan	-nan	-nan	-nan	-nan	-nan	
