ts_0	elapsed_0	pkg_0	pp0_0	dram_0	freq_ratio_0_0	c0_ratio_0_0	freq_ratio_0_1	c0_ratio_0_1	freq_ratio_0_2	c0_ratio_0_2	freq_ratio_0_3	c0_ratio_0_3	freq_ratio_0_4	c0_ratio_0_4	freq_ratio_0_5	c0_ratio_0_5	freq_ratio_0_6	c0_ratio_0_6	freq_ratio_0_7	c0_ratio_0_7	ts_1	elapsed_1	pkg_1	pp0_1	dram_1	freq_ratio_1_0	c0_ratio_1_0	freq_ratio_1_1	c0_ratio_1_1	freq_ratio_1_2	c0_ratio_1_2	freq_ratio_1_3	c0_ratio_1_3	freq_ratio_1_4	c0_ratio_1_4	freq_ratio_1_5	c0_ratio_1_5	freq_ratio_1_6	c0_ratio_1_6	freq_ratio_1_7	c0_ratio_1_7	
1357206681.508455	1.021752	65.938993	52.662702	3.760979	1.153652	0.183650	1.155125	0.184109	1.153952	0.182594	1.154201	0.182950	1.153565	0.181290	1.154336	0.183085	1.154086	0.182226	1.153950	0.181803	1357206681.508522	1.000314	69.724963	56.562196	1.623239	0.999957	0.987810	0.999961	0.987049	1.000001	0.986932	0.999984	0.986928	1.000001	0.986899	1.000001	0.986873	0.999981	0.986868	0.999745	0.988873	
1357206682.508452	0.999997	56.027456	42.745280	3.382991	0.999897	0.715513	0.999977	0.714752	1.000000	0.714709	1.000000	0.714733	0.999976	0.714725	0.999977	0.714744	1.000000	0.714757	1.000000	0.714733	1357206682.508521	0.999999	58.995860	45.808561	1.678850	1.000000	0.714732	0.999996	0.714716	1.000000	0.714730	1.000000	0.714683	1.000000	0.714683	1.000000	0.714682	1.000000	0.714699	1.000000	1.000000	
1357206683.508458	1.000006	69.512754	56.222474	3.795632	1.000000	0.997560	1.000000	1.000000	1.000001	1.000000	1.000000	1.000000	1.000000	1.000000	1.000000	1.000000	1.000000	0.998726	1.000000	0.973958	1357206683.508521	1.000000	69.855377	56.653107	1.641296	1.000000	1.000000	1.000001	0.973961	1.000000	1.000000	1.000000	0.973960	1.000000	1.000000	1.000000	0.973959	1.000000	1.000000	1.000000	0.998011	
1357206684.508451	0.999993	69.798502	56.494211	3.796443	1.000000	1.000000	1.000000	1.000000	1.000000	1.000000	1.000000	1.000000	1.000000	1.000000	1.000000	1.000000	1.000000	1.000000	1.000000	1.000000	1357206684.508509	0.999988	70.226606	57.019189	1.645512	1.000000	1.000000	1.000002	1.000000	1.000000	1.000000	1.000000	1.000000	1.000000	1.000000	1.000000	1.000000	1.000000	1.000000	1.000000	1.000000	
1357206685.508451	1.000000	69.830231	56.522247	3.792007	1.000000	1.000000	1.000000	1.000000	1.000000	1.000000	1.000000	1.000000	1.000000	1.000000	1.000000	1.000000	0.999999	1.000000	1.000000	1.000000	1357206685.508514	1.000005	70.285033	57.068272	1.636650	1.000000	1.000000	1.000000	1.000000	1.000000	1.000000	0.999998	1.000000	1.000000	1.000000	1.000000	1.000000	1.000000	1.000000	1.000000	1.000000	
1357206686.508452	1.000001	69.581492	56.264564	3.794384	1.000000	1.000000	1.000000	1.000000	1.000000	1.000000	1.000000	1.000000	1.000000	1.000000	1.000000	1.000000	1.000001	0.999999	1.000000	1.000000	1357206686.508512	0.999998	70.225674	56.998812	1.652316	1.000000	1.000000	1.000000	1.000000	1.000000	1.000000	1.000002	1.000000	1.000000	1.000000	1.000000	1.000000	1.000000	1.000000	1.000000	1.000000	
1357206687.508451	0.999999	69.577077	56.271477	3.803089	1.000000	1.000000	1.000000	1.000000	1.000000	1.000000	1.000000	1.000000	1.000000	1.000000	1.000000	1.000000	1.000000	1.000001	1.000000	0.999999	1357206687.508510	0.999998	70.459409	57.228884	1.661014	1.000000	1.000000	1.000000	1.000000	1.000000	1.000000	1.000000	1.000000	0.999998	1.000000	1.000000	1.000000	1.000000	1.000000	1.000000	1.000000	
1357206688.508451	1.000000	69.545563	56.222015	3.780960	1.000000	1.000000	1.000000	0.999999	1.000000	1.000000	1.000000	1.000000	1.000000	1.000000	1.000000	1.000000	1.000000	1.000000	1.000000	1.000001	1357206688.508514	1.000004	70.507893	57.278866	1.639215	1.000000	1.000000	1.000000	1.000000	1.000000	1.000000	0.999999	1.000000	1.000002	1.000000	1.000000	1.000000	1.000000	1.000000	1.000000	1.000000	
1357206689.508451	1.000000	68.968384	55.639648	3.787216	0.999857	0.987425	1.000000	0.986970	1.000000	0.987001	0.999999	0.986999	1.000000	0.986967	1.000000	0.986998	1.000000	0.987013	1.000000	0.986982	1357206689.508518	1.000004	70.052252	56.848555	1.657952	1.000000	0.986990	1.000000	0.986993	0.999998	0.987008	1.000002	0.986975	1.000000	0.986973	1.000000	0.986973	1.000000	0.986972	1.000000	1.000000	
1357206690.508451	1.000000	69.572144	56.242645	3.799728	1.000000	1.000000	1.000000	1.000000	0.999999	1.000000	1.000000	1.000000	1.000000	1.000000	1.000000	1.000000	1.000000	1.000000	1.000000	1.000000	1357206690.508520	1.000002	70.695544	57.498425	1.632336	1.000000	1.000000	1.000000	0.999997	1.000002	1.000000	1.000000	1.000000	1.000000	1.000000	1.000000	1.000000	1.000000	1.000000	1.000000	1.000000	
1357206691.508457	1.000006	69.601972	56.268936	3.791939	1.000000	1.000000	1.000000	1.000000	1.000001	1.000000	1.000000	1.000000	1.000000	1.000000	1.000000	1.000000	1.000000	1.000000	1.000000	1.000000	1357206691.508524	1.000004	70.587360	57.404507	1.623559	0.999997	1.000000	1.000000	1.000003	1.000000	1.000000	1.000000	1.000000	1.000000	1.000000	1.000000	1.000000	1.000000	1.000000	1.000000	1.000000	
1357206692.508451	0.999994	69.549975	56.216415	3.795875	1.000000	1.000000	1.000000	1.000000	0.999999	1.000000	1.000000	1.000001	1.000000	0.999999	1.000000	1.000000	1.000000	1.000000	1.000000	1.000000	1357206692.508519	0.999995	70.688571	57.490904	1.633629	1.000003	1.000000	1.000000	1.000000	1.000000	1.000000	1.000000	1.000000	1.000000	1.000000	1.000000	1.000000	1.000000	1.000000	1.000000	1.000000	
1357206693.508451	1.000000	69.661179	56.325882	3.788605	1.000000	1.000000	1.000000	1.000000	1.000001	1.000000	1.000000	1.000000	1.000000	1.000000	1.000000	1.000000	1.000000	1.000000	1.000000	1.000000	1357206693.508517	0.999998	70.680372	57.484225	1.626971	1.000000	1.000000	1.000000	1.000000	1.000000	0.999997	1.000000	1.000000	1.000000	1.000000	1.000000	1.000000	1.000000	1.000000	1.000000	1.000000	
1357206694.508451	1.000000	69.745773	56.407440	3.791916	1.000000	1.000000	1.000000	1.000000	1.000000	1.000000	1.000000	1.000000	1.000000	1.000000	1.000000	1.000000	1.000000	1.000000	1.000000	1.000000	1357206694.508516	0.999999	70.689154	57.491647	1.631181	1.000000	1.000000	1.000000	1.000000	1.000000	0.999999	1.000000	1.000000	1.000000	1.000000	1.000000	1.000000	1.000000	1.000000	1.000000	1.000000	
1357206695.508451	1.000000	69.742523	56.401321	3.803253	1.000000	1.000000	1.000000	1.000000	0.999999	1.000001	1.000000	1.000000	1.000000	1.000000	1.000000	1.000000	1.000000	1.000000	1.000000	1.000000	1357206695.508518	1.000002	70.704318	57.504315	1.633481	1.000000	1.000000	1.000000	1.000000	1.000000	1.000003	1.000000	1.000000	1.000000	1.000000	1.000000	1.000000	1.000000	1.000000	1.000000	1.000000	
1357206696.508451	1.000000	69.754837	56.409592	3.788712	1.000000	1.000000	1.000000	1.000001	1.000001	1.000000	1.000000	1.000000	1.000000	1.000000	1.000000	1.000000	1.000000	1.000000	1.000000	1.000000	1357206696.508517	0.999999	70.733618	57.533594	1.655367	1.000000	1.000000	1.000000	1.000000	0.999997	1.000000	1.000000	1.000000	1.000000	1.000000	1.000000	1.000000	1.000000	1.000000	1.000000	1.000000	
1357206697.508451	1.000000	69.787231	56.439240	3.783722	1.000000	1.000000	1.000000	1.000000	1.000000	1.000000	1.000000	1.000000	1.000000	1.000000	1.000000	1.000000	1.000000	1.000000	1.000000	1.000000	1357206697.508518	1.000001	70.720559	57.517935	1.627913	1.000000	1.000000	1.000000	1.000000	1.000003	1.000000	1.000000	1.000000	1.000000	1.000000	1.000000	1.000000	1.000000	1.000000	1.000000	1.000000	
1357206698.508451	1.000000	69.726456	56.390671	3.799271	1.000000	1.000000	1.000000	1.000001	1.000000	1.000000	1.000000	1.000000	1.000000	1.000000	1.000000	1.000000	1.000000	1.000000	1.000000	1.000000	1357206698.508515	0.999997	70.707968	57.506221	1.626806	1.000000	1.000000	1.000000	1.000000	1.000000	1.000000	1.000000	1.000000	1.000000	1.000000	1.000000	1.000000	1.000000	1.000000	1.000000	1.000000	
1357206699.508451	1.000000	69.105515	55.757217	3.788147	1.000000	0.979276	1.000000	0.978808	1.000000	0.978837	0.999999	0.978836	1.000000	0.978813	1.000000	0.978827	1.000000	0.978855	1.000000	0.978826	1357206699.508518	1.000003	70.034268	56.830741	1.642100	1.000000	0.978838	1.000000	0.978836	0.999997	0.978853	1.000000	0.978807	1.000000	0.978805	1.000000	0.978804	1.000000	0.978821	1.000000	1.000000	
1357206700.508452	1.000001	34.674283	21.193782	3.726055	0.998771	0.235982	0.999996	0.215477	0.999999	0.215355	0.999930	0.215357	1.000000	0.215331	0.999999	0.215312	0.999999	0.215299	1.000000	0.215370	1357206700.508702	1.000184	37.570905	24.141003	5.070051	0.999997	0.215281	0.999998	0.215234	1.000010	0.215247	0.999998	0.215247	0.999997	0.215250	0.999998	0.215239	0.999998	0.215207	1.000000	1.000000	
1357206701.508452	1.000000	25.435791	11.948120	3.732742	0.971183	0.026341	0.999481	0.000129	1.001579	0.000013	0.992202	0.000013	0.997773	0.000033	0.991676	0.000013	1.001978	0.000012	0.998327	0.000103	1357206701.508696	0.999994	28.950322	15.460847	5.817311	0.999892	0.000018	0.999875	0.000043	1.000199	0.000043	1.000614	0.000012	0.998835	0.000037	0.999257	0.000037	0.998197	0.000012	1.000000	1.000000	
1357206702.508457	1.000005	715762537.938343	715781770.885856	715801048.207078	0.999964	1.001050	0.999961	1.001052	0.999972	1.001052	0.999964	1.001051	0.999964	1.001056	0.999966	1.001048	0.999964	1.001055	0.999964	1.001053	1357206702.508571	0.999875	715894957.549926	715911879.326156	715858566.555674	0.999963	1.001046	0.999961	1.001053	3.894818	0.257015	0.999964	1.001051	0.999964	1.001053	0.999967	1.001051	0.999964	1.001053	0.999964	1.001054	
1357206703.508451	0.999994	0.000000	0.000000	0.000000	-nan	-nan	-nan	-nan	0.000000	inf	-nan	-nan	-nan	0.000000	-nan	-nan	-nan	-nan	-nan	-nan	1357206703.508543	0.999972	0.000000	0.000000	0.000000	-nan	-nan	-nan	-nan	0.000000	inf	-nan	-nan	-nan	-nan	-nan	-nan	-nan	-nan	-nan	-nan	
