ts_0	elapsed_0	pkg_0	pp0_0	dram_0	freq_ratio_0_0	c0_ratio_0_0	freq_ratio_0_1	c0_ratio_0_1	freq_ratio_0_2	c0_ratio_0_2	freq_ratio_0_3	c0_ratio_0_3	freq_ratio_0_4	c0_ratio_0_4	freq_ratio_0_5	c0_ratio_0_5	freq_ratio_0_6	c0_ratio_0_6	freq_ratio_0_7	c0_ratio_0_7	ts_1	elapsed_1	pkg_1	pp0_1	dram_1	freq_ratio_1_0	c0_ratio_1_0	freq_ratio_1_1	c0_ratio_1_1	freq_ratio_1_2	c0_ratio_1_2	freq_ratio_1_3	c0_ratio_1_3	freq_ratio_1_4	c0_ratio_1_4	freq_ratio_1_5	c0_ratio_1_5	freq_ratio_1_6	c0_ratio_1_6	freq_ratio_1_7	c0_ratio_1_7	
1357206366.215289	1.001651	52.450572	39.184191	3.591970	1.153141	0.243244	1.152755	0.241007	1.152781	0.240688	1.153902	0.243559	1.153164	0.240879	1.154339	0.241698	1.153934	0.239954	1.154225	0.240419	1357206366.215365	1.000330	44.723981	31.467934	2.126831	0.999962	0.628416	0.999887	0.628341	1.000001	0.627592	0.999967	0.627571	1.002181	0.000069	1.001952	0.000120	1.000002	0.448674	0.999763	0.921350	
1357206367.215282	0.999993	53.876578	40.617438	3.650553	0.998708	0.653978	1.000000	0.651509	1.000000	0.651485	1.000001	0.651439	1.000000	0.651483	1.000000	0.651513	1.000000	0.651488	1.000000	0.651435	1357206367.215346	0.999981	46.607624	33.345469	2.417527	1.000000	0.651556	1.000000	0.651485	1.000000	0.651485	1.000000	0.651469	1.000848	0.000140	0.915479	0.000065	1.000000	0.651477	1.000000	1.000000	
1357206368.215282	1.000000	57.103516	43.860550	3.784180	0.999175	0.710797	0.999980	0.708129	0.999935	0.708163	0.999980	0.708079	0.999963	0.708081	0.999918	0.708116	0.999963	0.708036	0.999982	0.707991	1357206368.215519	1.000173	48.346002	35.061772	2.592737	0.999999	0.708042	0.999999	0.708018	0.999999	0.707962	0.999999	0.707976	0.999579	0.000082	1.068573	0.000080	0.999999	0.707863	1.000000	1.000000	
1357206369.215281	0.999999	66.226305	52.962926	3.759464	0.999433	0.905808	0.999981	0.904732	0.999975	0.904777	1.000001	0.904753	0.999986	0.904813	0.999975	0.904857	1.000000	0.904831	1.000000	0.904856	1357206369.215348	0.999829	53.775947	40.500408	2.317046	1.000001	0.904990	1.000000	0.904997	1.000001	0.905002	1.000000	0.905049	0.998097	0.000096	0.997549	0.000058	1.000001	0.905105	1.000000	1.000000	
1357206370.215284	1.000003	60.483028	47.206793	3.748279	0.999234	0.776141	0.999957	0.773826	0.999935	0.773796	0.999977	0.773753	0.999957	0.773776	0.999936	0.773749	0.999977	0.773689	0.999979	0.773719	1357206370.215349	1.000001	50.092985	36.789684	2.477720	1.000000	0.773784	1.000000	0.773821	1.000000	0.773802	1.000000	0.773815	1.003146	0.000060	1.001937	0.000087	1.000000	0.773771	1.000000	1.000000	
1357206371.215281	0.999997	63.630187	50.350345	3.737850	0.999452	0.838736	0.999980	0.837051	0.999980	0.837092	1.000000	0.837018	1.000000	0.837057	1.000000	0.837061	1.000001	0.837017	1.000000	0.837015	1357206371.215346	0.999997	52.072717	38.778685	2.354774	1.000000	0.837066	1.000000	0.837050	1.000000	0.837029	1.000000	0.837049	1.000173	0.000092	1.000298	0.000058	1.000000	0.837027	1.000000	1.000000	
1357206372.215282	1.000001	59.759022	46.478776	3.783734	0.998745	0.767591	0.999978	0.765046	0.999970	0.765062	1.000001	0.765008	0.999900	0.765184	0.999972	0.765058	1.000000	0.765007	1.000000	0.765006	1357206372.215348	1.000002	50.072063	36.777762	2.417262	1.000000	0.765118	1.000000	0.765119	1.000000	0.765085	1.000000	0.765118	0.999975	0.000122	0.999555	0.000101	1.000000	0.765100	1.000000	1.000000	
1357206373.215281	0.999999	71.032676	57.740045	3.762134	1.000000	1.000001	1.000000	1.000000	1.000000	1.000000	1.000000	1.000000	1.000000	1.000000	1.000000	1.000000	1.000000	1.000000	1.000000	1.000000	1357206373.215342	0.999994	56.200683	42.894863	2.334853	1.000000	1.000000	1.000000	1.000000	1.000000	1.000000	1.000000	1.000000	1.000023	0.000099	1.000746	0.000059	1.000000	1.000000	1.000000	1.000000	
1357206374.215282	1.000001	46.232088	32.928710	3.769818	0.996338	0.502839	0.999961	0.497115	0.999898	0.497133	0.999963	0.497055	0.999921	0.497100	0.999881	0.497098	0.999939	0.497028	0.999964	0.496984	1357206374.215522	1.000180	42.136626	28.808581	3.089913	0.999999	0.497049	0.999999	0.497010	0.999999	0.496975	0.999999	0.496978	1.000019	0.000082	0.999852	0.000081	0.999999	0.496919	1.000000	1.000000	
1357206375.215289	1.000007	19.873886	6.596176	3.824681	0.589126	0.014941	0.574181	0.000243	0.996309	0.000008	1.000418	0.000008	0.716003	0.000540	1.004620	0.000039	0.731119	0.000186	0.996442	0.000008	1357206375.215648	1.000126	28.587527	15.263261	3.754929	1.000039	0.000050	0.999949	0.000046	1.000066	0.000052	1.000660	0.000007	0.976842	0.000084	1.000246	0.000056	1.002286	0.000006	1.000000	1.000000	
1357206376.215283	0.999994	20.921145	7.659637	3.763481	0.612583	0.012502	0.625979	0.000274	0.720777	0.000082	0.923692	0.000069	0.664979	0.000173	0.913966	0.000014	1.004731	0.000013	0.688000	0.000073	1357206376.215653	1.000005	28.566858	15.251114	3.726895	0.999972	0.000028	1.000044	0.000062	0.999947	0.000051	0.999914	0.000080	1.005502	0.000051	0.999454	0.000092	0.999586	0.000052	1.000000	1.000000	
1357206377.215281	0.999998	19.033041	5.771389	3.870048	0.562772	0.017170	0.580219	0.000242	0.706394	0.000019	0.708316	0.000018	0.584458	0.000213	0.717661	0.000065	0.741240	0.000064	0.846189	0.000015	1357206377.215589	0.999936	28.545846	15.233533	3.740306	0.999926	0.000073	0.999669	0.000012	0.999931	0.000033	1.000364	0.000012	1.015371	0.000107	1.000107	0.000036	1.000648	0.000013	1.000000	1.000000	
1357206378.215282	1.000001	22.500894	9.220465	3.760525	0.686279	0.010535	0.810546	0.000205	0.770043	0.000069	0.769782	0.000076	0.707574	0.000173	1.001447	0.000013	0.708949	0.000018	0.986471	0.000050	1357206378.215572	0.999983	28.538889	15.231261	3.709291	0.999890	0.000028	1.000118	0.000055	0.999940	0.000052	0.999838	0.000055	1.000481	0.000057	1.000271	0.000064	1.000068	0.000045	1.000000	1.000000	
1357206379.215286	1.000004	23.018385	9.732306	3.647904	0.702266	0.010565	0.751324	0.000201	0.702229	0.000019	0.968115	0.002130	0.760515	0.000149	1.003725	0.000050	0.996707	0.000051	1.016609	0.000039	1357206379.215585	1.000013	28.530449	15.224959	3.648435	1.000024	0.000082	0.992787	0.000022	0.997252	0.000055	0.987134	0.000012	0.998771	0.000087	0.997844	0.000059	0.985864	0.000011	1.000000	1.000000	
1357206380.215282	0.999996	19.768803	6.475643	3.875092	0.583084	0.014647	0.684495	0.000325	0.794639	0.000458	0.623860	0.000099	0.719911	0.000606	0.998983	0.000018	0.587330	0.000022	0.705493	0.000065	1357206380.215628	1.000043	28.517117	15.224002	3.760215	1.000055	0.000028	1.001216	0.000126	1.002291	0.000051	1.002784	0.000057	1.001491	0.000054	1.001526	0.000079	1.002789	0.000047	1.000000	1.000000	
1357206381.215282	1.000000	18.753159	5.455933	3.908112	0.549845	0.015512	0.643090	0.000243	0.754614	0.000015	0.769476	0.000015	0.688715	0.000115	0.725387	0.000064	0.685074	0.000067	0.710702	0.000016	1357206381.215587	0.999959	28.520060	15.216627	3.762621	0.999782	0.000051	0.999839	0.000043	1.000820	0.000034	0.999179	0.000012	0.999988	0.000065	0.999330	0.000036	1.001720	0.000013	1.000000	1.000000	
1357206382.215282	1.000000	19.913116	6.619202	3.769577	0.585879	0.015781	0.651760	0.000260	0.734049	0.000076	0.729815	0.000088	0.665381	0.000246	0.703914	0.000018	0.579742	0.000022	0.649430	0.000067	1357206382.215660	1.000073	28.519160	15.219852	3.693960	1.000140	0.000028	0.999964	0.000054	0.999934	0.000053	0.999951	0.000064	0.973066	0.000066	1.000401	0.000085	0.999886	0.000044	1.000000	1.000000	
1357206383.215282	1.000000	19.746201	6.452484	3.832947	0.591324	0.015404	0.593146	0.000287	0.518835	0.000052	0.508397	0.000052	0.824404	0.000125	0.941893	0.000048	0.681569	0.000070	0.556644	0.000023	1357206383.215532	0.999872	28.535132	15.228543	3.745810	0.997321	0.000053	0.987366	0.000041	0.999756	0.000035	1.000832	0.000012	1.034043	0.000053	0.999853	0.000037	0.998632	0.000012	1.000000	1.000000	
1357206384.215282	1.000000	21.458832	8.179321	3.705093	0.620544	0.010256	0.713704	0.000244	0.997088	0.000056	0.777250	0.000079	0.768749	0.000157	1.022708	0.000023	1.019475	0.000027	1.010848	0.000062	1357206384.215535	1.000003	28.521045	15.224104	3.673786	1.003822	0.000038	1.008942	0.000057	1.000070	0.000066	0.999859	0.000071	0.999462	0.000050	0.999619	0.000097	1.000539	0.000090	1.000000	1.000000	
1357206385.215282	1.000000	19.319611	6.027939	3.809494	0.570833	0.013282	0.583918	0.000264	1.026987	0.000013	0.569213	0.000022	0.745195	0.000526	0.741524	0.000065	0.732113	0.000065	0.693566	0.000019	1357206385.215731	1.000196	28.529184	15.231985	3.704795	0.999856	0.000059	0.999627	0.000096	1.000115	0.000033	0.999875	0.000012	0.975510	0.000067	1.000944	0.000038	0.989754	0.000012	1.000000	1.000000	
1357206386.215286	1.000004	19.018371	5.725502	3.929870	0.569116	0.014402	0.710382	0.000266	0.775370	0.000071	0.942950	0.000061	0.777727	0.000150	0.705252	0.000019	0.692740	0.000019	0.932669	0.000051	1357206386.215539	0.999808	28.538574	15.232110	3.749606	1.000119	0.000026	1.000619	0.000053	0.999910	0.000051	1.000136	0.000054	1.073289	0.000022	0.999561	0.000068	1.001414	0.000071	1.000000	1.000000	
1357206387.215296	1.000010	24.282731	10.985242	3.742684	0.831118	0.010798	0.989965	0.003328	0.999983	0.002627	0.999813	0.002366	0.993892	0.002914	0.996455	0.002417	0.993477	0.002520	0.997480	0.002159	1357206387.215503	0.999964	28.747541	15.445151	3.694591	1.000007	0.002501	1.000001	0.002592	0.999994	0.002502	0.999992	0.002244	1.000006	0.003958	1.000004	0.002301	0.999982	0.002409	1.000000	1.000000	
1357206388.215281	0.999985	20.687918	7.390232	3.782940	0.603709	0.015495	0.692283	0.000239	0.686265	0.000066	0.762527	0.000065	0.697255	0.000172	1.014558	0.000008	1.002739	0.000008	0.914147	0.000045	1357206388.215660	1.000157	28.498772	15.199821	3.712414	0.999176	0.000029	0.999875	0.000052	1.000006	0.000064	0.999930	0.000077	0.998472	0.000039	0.999931	0.000083	1.000861	0.000039	1.000000	1.000000	
1357206389.215284	1.000003	18.406864	5.113632	3.859912	0.545185	0.016605	0.560249	0.000284	0.754178	0.000015	0.988722	0.001971	0.581006	0.000135	0.680355	0.000073	0.668213	0.000075	0.551687	0.000020	1357206389.215597	0.999937	28.495202	15.206218	3.758217	0.999724	0.000060	0.995384	0.000035	0.994947	0.000034	0.981868	0.000012	1.000991	0.000064	0.995568	0.000037	0.979417	0.000013	1.000000	1.000000	
1357206390.215282	0.999998	21.336772	8.042969	3.783287	0.640773	0.013221	0.677344	0.000258	0.765571	0.000073	0.738342	0.000064	0.894394	0.000471	0.696338	0.000018	0.700614	0.000019	0.722607	0.000064	1357206390.215527	0.999930	28.517685	15.213392	3.743350	0.999662	0.000027	1.001780	0.000094	1.003317	0.000052	1.004044	0.000054	1.000173	0.000058	1.002507	0.000065	1.005913	0.000047	1.000000	1.000000	
1357206391.215286	1.000004	20.485970	7.191621	3.768524	0.606024	0.013863	0.679463	0.000229	0.706780	0.000018	0.694517	0.000018	0.614754	0.000129	0.997083	0.000047	1.003394	0.000049	0.711438	0.000018	1357206391.215794	1.000267	28.494283	15.197297	3.716278	1.000119	0.000078	0.999852	0.000057	0.999817	0.000055	0.999390	0.000011	0.999764	0.000085	1.000393	0.000037	0.999586	0.000011	1.000000	1.000000	
1357206392.215289	1.000003	20.416120	7.124383	3.782245	0.605647	0.013668	0.633269	0.000586	0.873643	0.000131	0.808370	0.000105	0.854696	0.000360	0.805060	0.000017	0.994588	0.000028	0.719426	0.000085	1357206392.215688	0.999894	28.516682	15.211834	3.733718	0.999894	0.000033	1.000046	0.000100	0.999676	0.000086	0.999455	0.000087	1.000046	0.000091	0.993492	0.000261	0.999975	0.000094	1.000000	1.000000	
1357206393.215285	0.999996	20.524863	7.232894	3.712982	0.611172	0.013697	0.683851	0.000228	0.696768	0.000019	0.696126	0.000018	0.605341	0.000134	0.925751	0.000054	0.999738	0.000053	0.548715	0.000020	1357206393.215642	0.999954	28.485747	15.184949	3.716983	1.000124	0.000053	0.999721	0.000043	0.999873	0.000033	1.004171	0.000012	0.999906	0.000087	1.042368	0.000039	1.003363	0.000011	1.000000	1.000000	
1357206394.215283	0.999998	20.137245	6.858061	3.854561	0.606170	0.014509	0.624147	0.000277	0.775021	0.000072	0.778642	0.000078	0.650040	0.000187	0.580075	0.000020	0.707377	0.000019	0.987123	0.000051	1357206394.215650	1.000008	28.487211	15.185546	3.753372	0.999956	0.000078	1.000084	0.000060	1.000007	0.000052	1.000090	0.000056	1.000313	0.000037	1.000804	0.000063	0.999056	0.000052	1.000000	1.000000	
1357206395.215282	0.999999	21.156865	7.859810	3.824802	0.635842	0.013403	0.659957	0.000264	0.763579	0.000037	0.733082	0.000061	0.746808	0.000544	0.715478	0.000065	0.783629	0.000086	0.699796	0.000021	1357206395.215533	0.999883	28.494653	15.188424	3.737056	0.998845	0.000079	0.993757	0.000082	1.001014	0.000033	0.999016	0.000012	0.994490	0.000095	0.999957	0.000036	0.999859	0.000011	1.000000	1.000000	
1357206396.215282	1.000000	20.781876	7.486694	3.795425	0.614829	0.012939	0.711095	0.000240	0.999692	0.000059	0.999709	0.000056	0.697691	0.000174	1.011918	0.000027	1.021741	0.000023	0.804338	0.000077	1357206396.215647	1.000114	28.470129	15.170558	3.720111	1.002654	0.000037	1.009008	0.000057	0.999931	0.000067	0.999951	0.000070	1.005784	0.000079	1.000005	0.000078	1.000370	0.000075	1.000000	1.000000	
1357206397.215282	1.000000	18.388702	5.097015	3.896103	0.557931	0.017122	0.560050	0.000277	0.708260	0.000018	0.702776	0.000018	0.620404	0.000252	0.751273	0.000062	0.687587	0.000069	0.702013	0.000018	1357206397.215694	1.000047	28.486913	15.184422	3.804707	0.999757	0.000054	1.000000	0.000053	0.967857	0.000035	0.999835	0.000012	0.980969	0.000087	0.999566	0.000037	0.999744	0.000012	1.000000	1.000000	
1357206398.215284	1.000002	19.054407	5.763371	3.864144	0.568752	0.015324	0.673211	0.000264	0.742706	0.000074	0.785430	0.000074	0.612462	0.000195	0.987533	0.000013	0.761894	0.000015	0.731846	0.000061	1357206398.215567	0.999873	28.461823	15.171026	3.760305	1.000146	0.000058	0.999963	0.000053	1.022053	0.000052	0.999986	0.000054	1.029735	0.000058	0.999802	0.000099	0.998990	0.000044	1.000000	1.000000	
1357206399.215282	0.999998	21.238993	7.950088	3.754447	0.635882	0.012641	0.749892	0.000211	0.705687	0.000019	0.997105	0.001948	0.649770	0.000123	1.003764	0.000047	0.997061	0.000054	0.707982	0.000019	1357206399.215534	0.999967	28.490638	15.190380	3.687728	1.000006	0.000065	0.996352	0.000036	0.995614	0.000034	0.985239	0.000012	1.000130	0.000086	0.996738	0.000040	0.965839	0.000012	1.000000	1.000000	
1357206400.215285	1.000003	20.165205	6.874735	3.807819	0.592617	0.014783	0.672530	0.000261	0.738702	0.000073	0.934306	0.000059	0.707885	0.000636	0.687752	0.000019	0.703932	0.000019	0.925760	0.000053	1357206400.215677	1.000143	28.504452	15.203788	3.759853	1.000027	0.000028	1.001483	0.000093	1.002083	0.000072	0.980422	0.000057	0.997243	0.000038	1.001787	0.000078	1.008701	0.000047	1.000000	1.000000	
1357206401.215281	0.999996	22.430511	9.155280	3.747467	0.670244	0.009747	0.755248	0.000210	0.550705	0.000020	0.556753	0.000020	0.685611	0.000114	0.722370	0.000065	0.725859	0.000064	0.552348	0.000020	1357206401.215534	0.999857	28.497531	15.196662	3.672416	1.000015	0.000051	0.999827	0.000036	0.999885	0.000034	1.117618	0.000011	1.001464	0.000062	0.999690	0.000036	0.997887	0.000011	1.000000	1.000000	
1357206402.215283	1.000002	20.851263	7.561158	3.782357	0.620441	0.012989	0.668823	0.000265	0.771800	0.000071	0.778279	0.000079	0.657282	0.000248	1.014699	0.000013	0.705859	0.000019	0.729006	0.000062	1357206402.215531	0.999997	28.490414	15.190965	3.715344	1.000112	0.000028	0.999978	0.000053	0.999940	0.000051	1.000012	0.000064	0.999860	0.000091	1.000291	0.000073	1.000449	0.000045	1.000000	1.000000	
1357206403.215283	1.000000	19.809525	6.521225	3.780457	0.585777	0.014007	0.591568	0.000259	0.702591	0.000018	0.708936	0.000018	0.607179	0.000132	0.737949	0.000063	0.999360	0.000057	0.708615	0.000018	1357206403.215649	1.000118	28.494943	15.196632	3.690711	0.999823	0.000076	1.000000	0.000035	0.999971	0.000054	0.988846	0.000012	0.996044	0.000065	0.999389	0.000036	0.999929	0.000011	1.000000	1.000000	
1357206404.215282	0.999999	21.141668	7.853752	3.744602	0.641433	0.013658	0.679395	0.000256	0.943252	0.000059	1.002129	0.000067	0.787314	0.000158	0.659718	0.000020	0.703376	0.000018	0.998512	0.000049	1357206404.215634	0.999985	28.488465	15.190231	3.653177	0.999677	0.000027	0.999964	0.000054	0.999977	0.000051	1.002318	0.000057	1.007181	0.000038	0.999655	0.000074	0.999537	0.000046	1.000000	1.000000	
1357206405.215282	1.000000	20.618073	7.329559	3.813309	0.624768	0.014936	0.724596	0.000212	0.919612	0.000014	0.984911	0.000013	0.889417	0.000463	0.873658	0.000056	0.923386	0.000052	0.705410	0.000018	1357206405.215690	1.000056	28.475959	15.176243	3.749942	1.000112	0.000075	0.998970	0.000094	0.997054	0.000034	0.998100	0.000013	0.999981	0.000062	0.998509	0.000058	0.994418	0.000012	1.000000	1.000000	
1357206406.215282	1.000000	19.202637	5.914230	3.829407	0.570861	0.013648	0.619939	0.000284	0.713023	0.000076	0.964622	0.000063	0.691303	0.000174	0.595276	0.000018	0.553129	0.000020	0.987250	0.000051	1357206406.215712	1.000022	28.490037	15.189074	3.796273	1.000311	0.000026	1.001735	0.000053	1.000707	0.000073	1.000464	0.000054	0.999884	0.000037	1.001917	0.000065	1.002071	0.000044	1.000000	1.000000	
1357206407.215288	1.000006	715763457.342704	715770075.719256	715807738.032476	0.999952	1.000973	0.999950	1.000979	0.999960	1.000977	0.999952	1.000973	0.999953	1.000979	0.999955	1.000973	0.999953	1.000980	0.999952	1.000977	1357206407.215380	0.999668	716051123.999203	716060838.600909	716044605.725105	0.999952	1.000974	0.999950	1.000979	3.895638	0.256938	0.999952	1.000976	0.999953	1.000980	0.999955	1.000975	0.999952	1.000979	0.999953	1.000976	
1357206408.215348	1.000060	0.000000	0.000000	0.000000	-nan	-nan	-nan	-nan	0.000000	inf	-nan	-nan	-nan	0.000000	-nan	-nan	-nan	-nan	-nan	-nan	1357206408.215426	1.000046	0.000000	0.000000	0.000000	-nan	-nan	-nan	-nan	0.000000	inf	-nan	-nan	-nan	-nan	-nan	-nan	-nan	-nan	-nan	-nan	
