ts_0	elapsed_0	pkg_0	pp0_0	dram_0	freq_ratio_0_0	c0_ratio_0_0	freq_ratio_0_1	c0_ratio_0_1	freq_ratio_0_2	c0_ratio_0_2	freq_ratio_0_3	c0_ratio_0_3	freq_ratio_0_4	c0_ratio_0_4	freq_ratio_0_5	c0_ratio_0_5	freq_ratio_0_6	c0_ratio_0_6	freq_ratio_0_7	c0_ratio_0_7	ts_1	elapsed_1	pkg_1	pp0_1	dram_1	freq_ratio_1_0	c0_ratio_1_0	freq_ratio_1_1	c0_ratio_1_1	freq_ratio_1_2	c0_ratio_1_2	freq_ratio_1_3	c0_ratio_1_3	freq_ratio_1_4	c0_ratio_1_4	freq_ratio_1_5	c0_ratio_1_5	freq_ratio_1_6	c0_ratio_1_6	freq_ratio_1_7	c0_ratio_1_7	
1352518796.341798	1.017576	40.112234	26.733247	7.027291	0.999963	0.703577	0.999661	0.942501	0.999999	0.735667	0.975570	0.003296	0.994882	0.007096	0.993723	0.002272	0.993480	0.002225	0.993310	0.002125	1352518796.341977	1.000436	39.345437	25.998962	6.339673	0.999638	0.769499	0.999929	0.769996	0.978318	0.005880	0.979778	0.004595	0.935925	0.004995	0.941164	0.002234	0.996386	0.002061	0.999892	0.660090	
1352518797.341797	0.999999	44.502987	31.001296	8.115517	1.000000	0.999952	1.000000	0.999970	1.000000	0.999919	1.000141	0.003800	1.000011	0.008440	1.000027	0.003514	0.999526	0.002767	0.999986	0.003039	1352518797.341959	0.999982	48.197715	34.706019	7.853488	1.000000	0.999970	1.000000	1.000000	0.999949	0.007230	0.999991	0.005600	1.000006	0.003960	1.000129	0.002620	1.000018	0.002472	1.000000	0.831417	
1352518798.341797	1.000000	46.106155	32.585068	8.138504	1.000000	0.999991	1.000000	0.999993	0.999999	0.999956	0.999967	0.004636	1.000037	0.006892	0.999520	0.003138	1.000353	0.002805	1.000414	0.002920	1352518798.341981	1.000022	47.359877	33.866384	7.879481	1.000000	0.999993	1.000000	1.000000	0.999956	0.006841	0.999985	0.006518	0.999948	0.003492	0.999995	0.002820	0.999859	0.002664	1.000000	0.836615	
1352518799.341796	0.999999	44.189160	30.663375	8.146202	1.000000	1.000000	1.000000	1.000000	1.000001	1.000000	0.999983	0.006237	1.000209	0.007353	1.000338	0.005614	0.999544	0.002944	0.999608	0.002924	1352518799.341956	0.999975	45.926351	32.442829	7.888747	1.000000	1.000000	1.000000	1.000000	0.999976	0.007165	1.000001	0.005354	1.000050	0.002992	1.000002	0.004406	0.999974	0.001830	1.000000	0.836653	
1352518800.341830	1.000034	47.603800	34.073072	8.112593	1.000001	0.999990	1.000000	0.999990	1.000000	0.999959	0.999989	0.048938	1.000066	0.006542	1.000021	0.004481	1.000426	0.002943	1.000467	0.002924	1352518800.342040	1.000084	47.075715	33.569967	7.884623	1.000000	0.999992	1.000000	1.000000	1.000001	0.046547	1.000001	0.008818	0.999686	0.002794	0.999955	0.004156	0.999992	0.001365	1.000000	0.751866	
1352518801.341813	0.999983	49.467787	35.929182	8.192018	1.000001	0.999993	1.000001	0.999992	1.000001	0.999956	1.000002	0.838737	1.000056	0.005853	1.000126	0.002731	0.999917	0.002697	0.999974	0.002649	1352518801.341951	0.999911	42.223314	28.664018	7.975944	0.999999	0.999990	0.999999	0.999999	0.999891	0.007681	0.999966	0.021344	1.000215	0.003380	0.999971	0.006294	0.999762	0.002872	0.999615	0.006396	
1352518802.341794	0.999981	49.290247	35.772930	8.014664	1.000000	0.985669	1.000000	0.985803	1.000000	0.985504	1.000000	0.860957	0.999930	0.006173	0.999999	0.005665	1.000057	0.006290	1.000077	0.005430	1352518802.341911	0.999960	41.408855	27.882922	7.770193	1.000000	0.985583	1.000000	0.985593	0.999855	0.006524	0.999962	0.007506	0.999750	0.005178	0.999931	0.006372	0.999989	0.005712	1.000075	0.006046	
1352518803.342221	1.000427	48.614327	35.077200	8.178865	1.000000	0.999976	1.000000	0.999969	1.000000	0.999971	0.999998	0.716839	1.000015	0.130048	1.000091	0.001738	0.999961	0.005790	0.999978	0.003588	1352518803.342315	1.000404	40.572038	27.020612	8.006761	1.000000	0.999953	1.000000	1.000000	1.000005	0.065370	1.000036	0.005215	1.000347	0.003891	1.000026	0.004379	0.999947	0.004895	0.999989	0.005661	
1352518804.341793	0.999572	50.842224	37.304493	8.184365	1.000000	0.982514	1.000000	0.982575	1.000000	0.982193	0.999970	0.004411	1.000000	0.850414	1.000163	0.001845	0.999993	0.004729	1.000073	0.003591	1352518804.341873	0.999558	41.167550	27.617020	7.987143	1.000000	0.982310	1.000000	0.982289	0.999799	0.001609	0.999977	0.004471	0.999875	0.004738	1.000002	0.004323	0.999912	0.004609	0.999906	0.004789	
1352518805.341809	1.000016	45.997007	32.462692	8.128761	0.999999	0.985044	1.000000	0.985204	1.000000	0.984845	1.000004	0.190338	0.999984	0.072807	0.999948	0.003193	0.999958	0.004036	0.999988	0.004056	1352518805.341927	1.000054	45.094647	31.577721	7.863666	1.000000	0.984936	1.000000	0.984864	0.999998	0.250479	0.999999	0.334986	1.000074	0.006056	1.000087	0.003724	0.999916	0.004020	0.999937	0.003958	
1352518806.341794	0.999985	49.869951	36.326458	8.182160	1.000001	0.997015	1.000000	0.997034	1.000000	0.996970	1.000000	0.841092	1.000022	0.005310	1.000031	0.001453	0.999809	0.002535	0.999986	0.003654	1352518806.341901	0.999974	42.392123	28.834871	8.005381	1.000000	0.996999	1.000000	0.996982	0.999961	0.004532	0.999838	0.002868	0.999880	0.004819	0.999969	0.004369	0.999776	0.003889	0.999833	0.004878	
1352518807.341795	1.000001	49.423018	35.876949	8.175468	1.000000	0.999995	1.000000	0.999993	1.000000	0.999985	1.000000	0.835036	0.999918	0.005666	1.000051	0.002092	1.000066	0.002480	0.999992	0.003739	1352518807.341904	1.000003	44.051041	30.492169	7.962637	1.000000	0.999995	1.000000	1.000000	1.000000	0.006953	1.000104	0.002999	0.999911	0.005054	0.999815	0.004364	0.999968	0.004267	1.000002	0.004085	
1352518808.341797	1.000002	49.517941	35.972191	8.173080	1.000000	0.999993	1.000000	0.999988	1.000000	0.999987	1.000000	0.838734	1.000225	0.002380	1.000122	0.001487	0.999855	0.002595	0.999899	0.003595	1352518808.341934	1.000030	44.038472	30.474655	7.944540	1.000000	0.999991	1.000000	1.000000	0.999981	0.005700	1.000099	0.004401	1.000320	0.004020	1.000235	0.004248	1.000171	0.004202	1.000187	0.004703	
1352518809.341797	1.000000	48.235855	34.705933	8.156448	1.000000	0.985433	1.000000	0.985587	1.000000	0.985288	0.999789	0.006884	1.000002	0.841850	1.000112	0.001800	0.999971	0.002778	1.000015	0.002686	1352518809.341841	0.999907	43.695011	30.135493	7.985011	1.000000	0.985354	1.000000	0.985295	0.999973	0.006585	1.000020	0.004754	1.000142	0.004304	1.000093	0.002893	0.999976	0.005380	1.000001	0.004460	
1352518810.341811	1.000014	50.007933	36.468664	8.123528	1.000000	0.985660	1.000000	0.985823	1.000000	0.985539	1.000001	0.698586	0.999989	0.158607	0.999967	0.001450	1.000022	0.002478	1.000053	0.002328	1352518810.341921	1.000080	43.692209	30.152248	7.886774	1.000000	0.985604	1.000000	0.985546	0.999871	0.006311	0.999642	0.003851	0.999651	0.004620	0.999698	0.003306	0.999763	0.004237	0.999654	0.004040	
1352518811.341792	0.999981	49.327937	35.780803	8.166431	1.000000	0.985450	1.000000	0.985604	1.000000	0.985321	1.000000	0.841008	1.000128	0.004370	1.000109	0.001608	0.999876	0.002765	0.999919	0.002613	1352518811.341858	0.999937	43.762642	30.201074	8.014131	1.000000	0.985396	1.000000	0.985361	1.000022	0.006744	1.000268	0.004479	1.000317	0.004121	1.000276	0.002924	1.000212	0.004366	1.000263	0.005197	
1352518812.341801	1.000009	50.767088	37.216826	8.142352	1.000000	0.966936	1.000000	0.967367	1.000000	0.966597	0.999987	0.170309	1.000002	0.675866	1.000006	0.002340	0.999962	0.002678	1.000049	0.002389	1352518812.341925	1.000067	44.123204	30.558271	7.992400	1.000000	0.966774	1.000000	0.966616	0.999817	0.006795	0.999837	0.005268	0.999907	0.003936	0.999968	0.002706	0.999857	0.004260	0.999891	0.004476	
1352518813.341801	1.000000	49.256058	35.706970	8.165817	1.000000	1.000000	1.000000	1.000000	1.000000	1.000000	0.999999	0.008570	1.000000	0.836924	1.000028	0.002126	0.999657	0.002705	0.999662	0.002740	1352518813.341930	1.000005	42.652374	29.088493	7.992193	1.000000	1.000000	1.000000	1.000000	1.000001	0.008281	0.999843	0.003737	0.999862	0.005755	1.000095	0.002810	0.999814	0.003978	0.999581	0.004045	
1352518814.341794	0.999993	49.109287	35.561373	8.167232	1.000000	0.999962	1.000000	0.999957	1.000000	0.999956	0.999994	0.009033	1.000000	0.830798	1.000082	0.001714	0.999930	0.002702	0.999988	0.002699	1352518814.341924	0.999994	43.760469	30.197537	7.972368	1.000000	0.999961	1.000000	1.000000	0.999987	0.006240	1.000169	0.005333	0.999915	0.004948	0.999980	0.002941	0.999889	0.004130	0.999999	0.004186	
1352518815.341791	0.999997	49.257126	35.711323	8.168559	1.000000	1.000000	1.000000	0.999999	1.000000	1.000000	1.000034	0.008102	1.000000	0.836343	1.000139	0.001849	1.000191	0.002625	0.999988	0.002825	1352518815.341860	0.999936	43.166744	29.619843	7.975745	1.000000	1.000000	1.000000	1.000000	1.000006	0.006586	1.000082	0.006569	1.000480	0.004473	1.000097	0.003044	1.000318	0.004360	1.000365	0.004413	
1352518816.341794	1.000003	48.812074	35.286146	8.101019	1.000000	0.976940	1.000000	0.977037	1.000000	0.976579	0.999628	0.004402	1.000000	0.849210	1.000015	0.001669	1.000038	0.002378	0.999980	0.002519	1352518816.341930	1.000070	43.605815	30.055922	7.906489	1.000000	0.976685	1.000000	0.976609	0.999845	0.004778	0.999741	0.007583	0.999319	0.002757	0.999814	0.002789	0.999581	0.004020	0.999462	0.003971	
1352518817.341796	1.000002	50.279323	36.730322	8.165023	1.000000	0.999997	1.000000	0.999981	1.000000	0.999991	1.000085	0.008142	1.000000	0.836996	1.000257	0.002537	0.999886	0.002661	1.000242	0.003066	1352518817.341858	0.999928	43.387951	29.827602	8.000500	1.000000	0.999994	1.000000	1.000000	1.000018	0.006789	1.000277	0.006431	1.000514	0.002850	1.000138	0.002895	1.000245	0.004818	1.000328	0.004311	
1352518818.341795	0.999999	51.532032	37.984549	8.141274	1.000000	0.952911	1.000000	0.953508	1.000000	0.952479	0.999969	0.007042	1.000000	0.842701	0.999708	0.001699	1.000046	0.002745	1.000065	0.002474	1352518818.341882	1.000024	42.673258	29.114243	7.962958	1.000000	0.952716	1.000000	0.952502	0.999834	0.005834	0.999945	0.006119	0.999963	0.002714	1.000033	0.002877	0.999970	0.005674	0.999891	0.004268	
1352518819.341794	0.999999	46.838057	33.232255	8.064629	0.999999	0.525687	1.000000	0.999859	1.000000	0.999858	0.999982	0.008630	1.000000	0.841317	1.000087	0.001672	0.999911	0.002632	0.999956	0.002572	1352518819.341906	1.000024	45.851725	32.272355	7.973166	1.000000	0.999872	1.000000	0.999862	1.000001	0.484633	0.999962	0.006956	0.999773	0.003958	0.999986	0.002995	0.999660	0.004380	0.999721	0.003918	
1352518820.341795	1.000001	46.612840	32.947677	8.061073	0.999901	0.007883	1.000000	0.999967	1.000000	0.999917	1.000001	0.007820	1.000000	0.837880	1.000094	0.001498	0.999962	0.002830	0.999907	0.002803	1352518820.341900	0.999994	48.663407	35.058269	8.015535	1.000000	0.999973	1.000000	0.999997	1.000000	0.999954	0.999957	0.006712	0.999957	0.006601	0.999927	0.002778	0.999983	0.003759	0.999941	0.004058	
1352518821.341798	1.000003	715771923.392838	715820964.184702	715774015.977615	0.999951	1.000309	0.999948	1.000309	0.999950	1.000312	0.999949	1.000300	0.999950	1.000308	0.999952	1.000298	0.999950	1.000307	0.999950	1.000304	1352518821.341896	0.999996	715791075.991006	715828686.170819	715827653.815057	0.999950	1.000307	0.999947	1.000304	3.895773	0.256755	0.999950	1.000304	0.999950	1.000306	0.999953	1.000303	0.999950	1.000306	0.999951	1.000307	
1352518822.341794	0.999996	0.000000	0.000000	0.000000	-nan	-nan	-nan	-nan	1.000008	inf	-nan	-nan	-nan	0.000000	-nan	-nan	-nan	-nan	-nan	-nan	1352518822.341870	0.999974	0.000000	0.000000	0.000000	-nan	-nan	-nan	-nan	1.345745	inf	-nan	-nan	-nan	-nan	-nan	-nan	-nan	-nan	-nan	-nan	
