ts_0	elapsed_0	pkg_0	pp0_0	dram_0	freq_ratio_0_0	c0_ratio_0_0	freq_ratio_0_1	c0_ratio_0_1	freq_ratio_0_2	c0_ratio_0_2	freq_ratio_0_3	c0_ratio_0_3	freq_ratio_0_4	c0_ratio_0_4	freq_ratio_0_5	c0_ratio_0_5	freq_ratio_0_6	c0_ratio_0_6	freq_ratio_0_7	c0_ratio_0_7	ts_1	elapsed_1	pkg_1	pp0_1	dram_1	freq_ratio_1_0	c0_ratio_1_0	freq_ratio_1_1	c0_ratio_1_1	freq_ratio_1_2	c0_ratio_1_2	freq_ratio_1_3	c0_ratio_1_3	freq_ratio_1_4	c0_ratio_1_4	freq_ratio_1_5	c0_ratio_1_5	freq_ratio_1_6	c0_ratio_1_6	freq_ratio_1_7	c0_ratio_1_7	
1352517470.174805	1.001901	50.982356	37.651466	4.089151	0.946279	0.539966	0.938583	0.846543	0.938593	0.844849	0.938627	0.844599	0.938446	0.842126	0.919752	0.646017	0.941895	0.893184	0.939113	0.114548	1352517470.174844	1.000307	52.140315	38.780419	4.799658	0.923316	0.846634	0.923393	0.845863	0.923331	0.845792	0.923359	0.845991	0.923288	0.845539	0.923320	0.845686	0.923282	0.845577	0.994043	0.220701	
1352517471.174805	1.000000	50.758209	37.350830	4.397385	0.875297	0.789067	0.872878	0.765003	0.873437	0.942296	0.873433	0.942276	0.873440	0.942318	0.873434	0.942273	0.873432	0.942268	0.861075	0.058296	1352517471.174846	1.000002	50.760005	37.309240	5.528737	0.860106	0.943252	0.860072	0.943007	0.860065	0.942948	0.860073	0.942999	0.860064	0.942922	0.860063	0.942930	0.860065	0.942933	0.870711	0.015924	
1352517472.174807	1.000002	50.474086	37.090521	4.215019	0.894802	0.866138	0.903649	0.669736	0.894686	0.865059	0.894702	0.865168	0.894712	0.865271	0.894700	0.865170	0.894694	0.865123	0.905438	0.022706	1352517472.174864	1.000018	50.405105	36.977290	5.083604	0.890658	0.865736	0.890648	0.865526	0.890678	0.865374	0.890628	0.865566	0.890681	0.865403	0.890664	0.865384	0.890665	0.865405	0.889833	0.014975	
1352517473.174806	0.999999	50.699740	37.287557	4.456303	0.873379	0.893267	0.865440	0.554133	0.874381	0.964181	0.873903	0.960496	0.873908	0.960484	0.873910	0.960421	0.873911	0.960425	0.862265	0.062354	1352517473.174854	0.999990	50.746587	37.273536	5.762845	0.858676	0.961387	0.858661	0.961277	0.858658	0.961218	0.858664	0.961236	0.858661	0.961149	0.858663	0.961136	0.858660	0.961189	0.871160	0.010782	
1352517474.174828	1.000022	50.598347	37.221184	4.270551	0.883658	0.322368	0.882209	0.898776	0.882348	0.928659	0.882364	0.928778	0.882369	0.928797	0.882364	0.928787	0.882362	0.928711	0.887226	0.384910	1352517474.174873	1.000019	50.463042	37.033855	5.207649	0.877897	0.928912	0.877893	0.928824	0.877909	0.928754	0.877895	0.928813	0.877915	0.928721	0.877914	0.928714	0.877909	0.928722	0.885056	0.005990	
1352517475.174808	0.999980	50.750223	37.315994	4.470426	0.873751	0.960134	0.861108	0.498183	0.874182	0.963272	0.873683	0.959462	0.873692	0.959527	0.873683	0.959455	0.873677	0.959415	0.902550	0.028294	1352517475.174855	0.999982	50.758552	37.275645	5.831800	0.859263	0.959894	0.859244	0.959764	0.859237	0.959728	0.859246	0.959785	0.859233	0.959671	0.859228	0.959656	0.859237	0.959694	0.871933	0.006076	
1352517476.174809	1.000001	50.746198	37.361064	4.259823	0.879081	0.951129	0.872304	0.548913	0.878961	0.949951	0.878966	0.949976	0.878970	0.949959	0.878965	0.949968	0.878970	0.949913	0.897458	0.025734	1352517476.174857	1.000002	50.660670	37.236517	4.985037	0.884057	0.950227	0.884068	0.950074	0.884063	0.950060	0.884071	0.950087	0.884069	0.950070	0.884067	0.950048	0.884069	0.950062	0.897156	0.003661	
1352517477.174807	0.999998	50.735296	37.298960	4.473458	0.876909	0.953444	0.865355	0.555206	0.872506	0.760480	0.876100	0.946646	0.876104	0.946627	0.876100	0.946635	0.876105	0.946589	0.878150	0.110618	1352517477.174853	0.999996	50.724083	37.236174	5.826257	0.877226	0.946864	0.877224	0.946834	0.877203	0.946675	0.877209	0.946704	0.877203	0.946645	0.877203	0.946662	0.877203	0.946646	0.897373	0.004205	
1352517478.174810	1.000003	50.749217	37.309638	4.436449	0.878626	0.944842	0.867295	0.474846	0.878973	0.042246	0.878474	0.943483	0.878480	0.943543	0.878472	0.943476	0.878473	0.943481	0.878467	0.943460	1352517478.174888	1.000035	50.747565	37.258109	5.772213	0.863657	0.944280	0.863630	0.944076	0.863671	0.944350	0.863633	0.944085	0.863630	0.944078	0.863628	0.944046	0.863628	0.944061	0.888706	0.004208	
1352517479.174808	0.999998	50.767797	37.328669	4.466073	0.874969	0.962885	0.859678	0.469297	0.889399	0.031068	0.874895	0.962164	0.874911	0.962055	0.874895	0.962152	0.874913	0.962007	0.874893	0.962116	1352517479.174855	0.999967	50.776283	37.284354	5.835077	0.855001	0.962831	0.854984	0.962687	0.854984	0.962687	0.854989	0.962726	0.854985	0.962670	0.854987	0.962689	0.854986	0.962679	0.863502	0.005796	
1352517480.174810	1.000002	50.714594	37.285802	4.425056	0.897143	0.931434	0.872091	0.096453	0.907497	0.024755	0.896959	0.929574	0.896962	0.929615	0.896957	0.929562	0.896958	0.929565	0.896953	0.929537	1352517480.174877	1.000022	50.762635	37.282080	5.826822	0.844457	0.929517	0.844423	0.929298	0.844422	0.929291	0.844430	0.929334	0.844420	0.929282	0.844423	0.929291	0.844422	0.929296	0.832380	0.391333	
1352517481.174826	1.000016	50.705611	37.291732	4.383124	0.897103	0.960271	0.908652	0.023157	0.909312	0.025096	0.897010	0.959227	0.897011	0.959233	0.897008	0.959208	0.897009	0.959216	0.897005	0.959173	1352517481.174906	1.000029	50.786746	37.308989	5.809310	0.836552	0.959183	0.836533	0.959048	0.836533	0.959046	0.836540	0.959082	0.836533	0.959026	0.836532	0.959028	0.836535	0.959039	0.823168	0.482314	
1352517482.174836	1.000010	50.760646	37.338600	4.337954	0.893579	0.964314	0.885404	0.102792	0.901657	0.028938	0.893515	0.963494	0.893519	0.963513	0.893516	0.963476	0.893519	0.963473	0.893511	0.963513	1352517482.174921	1.000015	50.776749	37.300694	5.753347	0.843311	0.963604	0.843297	0.963478	0.843293	0.963449	0.843298	0.963481	0.843303	0.963392	0.843300	0.963415	0.843295	0.963459	0.816079	0.377925	
1352517483.174834	0.999998	50.780782	37.361613	4.299294	0.881294	0.958156	0.865146	0.437734	0.903034	0.037483	0.881225	0.957416	0.881227	0.957449	0.881222	0.957411	0.881223	0.957425	0.881217	0.957382	1352517483.174958	1.000037	50.770310	37.295939	5.656270	0.866703	0.958396	0.866686	0.958266	0.866684	0.958255	0.866689	0.958288	0.866682	0.958233	0.866684	0.958253	0.866683	0.958241	0.882755	0.004896	
1352517484.174816	0.999982	50.750877	37.316646	4.438098	0.876528	0.968571	0.858570	0.439852	0.881001	0.047359	0.876433	0.967629	0.876436	0.967646	0.876435	0.967630	0.876441	0.967538	0.876436	0.967589	1352517484.174901	0.999943	50.775049	37.283039	5.799494	0.860050	0.968264	0.860038	0.968149	0.860036	0.968128	0.860041	0.968169	0.860039	0.968081	0.860041	0.968088	0.860042	0.968108	0.878694	0.006386	
1352517485.174819	1.000003	715765636.282961	715824904.738941	715795191.503582	0.999950	1.000315	0.999952	1.000332	0.999953	1.000330	0.999952	1.000318	0.999952	1.000321	0.999955	1.000319	0.999953	1.000325	0.999953	1.000322	1352517485.174924	1.000023	715771589.157292	715789109.968491	715801339.240328	0.999952	1.000320	0.999951	1.000329	3.895599	0.256772	0.999952	1.000320	0.999953	1.000326	0.999955	1.000318	0.999952	1.000321	0.999954	1.000330	
1352517486.174807	0.999988	0.000000	0.000000	0.000000	-nan	-nan	-nan	-nan	1.000008	inf	-nan	-nan	-nan	0.000000	-nan	-nan	-nan	-nan	-nan	-nan	1352517486.174880	0.999956	0.000000	0.000000	0.000000	-nan	-nan	-nan	-nan	1.345745	inf	-nan	-nan	-nan	-nan	-nan	-nan	-nan	-nan	-nan	-nan	
1352517487.174820	1.000013	0.000000	0.000000	0.000000	-nan	-nan	-nan	-nan	0.000000	inf	-nan	-nan	-nan	0.000000	-nan	-nan	-nan	-nan	-nan	-nan	1352517487.174899	1.000019	0.000000	0.000000	0.000000	-nan	-nan	-nan	-nan	-nan	-nan	-nan	-nan	-nan	-nan	-nan	-nan	-nan	-nan	-nan	-nan	
