ts_0	elapsed_0	pkg_0	pp0_0	dram_0	freq_ratio_0_0	c0_ratio_0_0	freq_ratio_0_1	c0_ratio_0_1	freq_ratio_0_2	c0_ratio_0_2	freq_ratio_0_3	c0_ratio_0_3	freq_ratio_0_4	c0_ratio_0_4	freq_ratio_0_5	c0_ratio_0_5	freq_ratio_0_6	c0_ratio_0_6	freq_ratio_0_7	c0_ratio_0_7	ts_1	elapsed_1	pkg_1	pp0_1	dram_1	freq_ratio_1_0	c0_ratio_1_0	freq_ratio_1_1	c0_ratio_1_1	freq_ratio_1_2	c0_ratio_1_2	freq_ratio_1_3	c0_ratio_1_3	freq_ratio_1_4	c0_ratio_1_4	freq_ratio_1_5	c0_ratio_1_5	freq_ratio_1_6	c0_ratio_1_6	freq_ratio_1_7	c0_ratio_1_7	
1352522449.904959	1.001914	48.480160	35.182081	4.365820	0.999886	0.802499	0.999910	0.803844	0.999990	0.801270	0.999985	0.800891	0.999992	0.781192	0.999008	0.012231	1.000009	0.009890	0.998504	0.007519	1352522449.905078	1.000360	49.612952	36.390097	3.784175	0.999763	0.937050	0.999940	0.802544	0.999959	0.802499	0.999921	0.750964	0.999989	0.068357	0.999412	0.035857	0.999867	0.361804	0.999895	0.135178	
1352522450.904956	0.999997	55.138950	41.778602	4.736495	0.999999	0.925268	0.999999	0.926222	0.999999	0.924245	0.999999	0.924212	0.999999	0.924249	0.999804	0.011479	0.999914	0.012292	0.999935	0.011465	1352522450.905041	0.999963	54.269126	41.015478	4.507064	1.000000	0.924675	1.000001	0.924154	1.000001	0.924149	1.000001	0.924174	1.000079	0.015182	1.000025	0.014957	1.000001	0.613785	1.000035	0.006334	
1352522451.904954	0.999998	47.365264	34.044346	4.206200	0.999999	0.631906	1.000000	0.633376	1.000000	0.629674	1.000000	0.629360	1.000000	0.629400	0.999941	0.008918	0.999851	0.007046	1.000005	0.007284	1352522451.905057	1.000016	48.715057	35.491819	3.805619	0.999999	0.344578	0.999944	0.645486	1.000000	0.629576	1.000000	0.629598	0.999998	0.455241	0.998947	0.119263	0.999999	0.370842	0.999898	0.003921	
1352522452.904957	1.000003	53.722627	40.357541	4.691499	1.000000	0.889560	1.000000	0.890515	1.000000	0.887643	1.000000	0.887296	1.000001	0.887275	0.999963	0.013210	1.000040	0.011113	0.999963	0.009132	1352522452.905027	0.999970	53.616280	40.350959	4.469724	1.000000	0.887743	0.999957	0.046574	1.000000	0.887539	1.000000	0.887599	1.000000	0.887186	0.999995	0.020535	1.000001	0.594765	0.999988	0.005887	
1352522453.904953	0.999996	54.844400	41.490616	4.628116	1.000000	0.922799	0.999999	0.923717	1.000000	0.921662	1.000000	0.921472	1.000000	0.921642	0.999874	0.011377	0.999859	0.010158	0.999915	0.010237	1352522453.905048	1.000021	53.718432	40.460546	4.336060	1.000000	0.921977	0.999926	0.012633	1.000000	0.921569	1.000000	0.921589	1.000000	0.921589	1.000023	0.013665	1.000000	0.669013	1.000010	0.005864	
1352522454.904961	1.000008	54.073750	40.707891	4.672249	1.000000	0.913387	1.000001	0.914376	1.000000	0.912057	1.000000	0.912058	1.000000	0.912078	1.000019	0.012752	1.000055	0.010213	1.000051	0.008124	1352522454.905031	0.999983	54.071441	40.798756	4.434981	1.000000	0.912409	0.999969	0.017100	1.000000	0.911986	1.000000	0.912026	1.000000	0.912026	1.000003	0.011372	1.000000	0.657843	0.999881	0.005760	
1352522455.904957	0.999996	54.822457	41.480179	4.609821	1.000000	0.917888	1.000000	0.918738	1.000000	0.916558	1.000000	0.915829	1.000000	0.915876	0.999951	0.012618	0.999969	0.011582	0.999907	0.008536	1352522455.905030	0.999999	54.307333	41.053460	4.411045	1.000001	0.928087	0.999999	0.072838	1.000000	0.916478	1.000000	0.916495	1.000000	0.915794	0.999995	0.062434	0.999997	0.525030	1.000029	0.006517	
1352522456.904962	1.000005	54.923965	41.555624	4.696113	0.999999	0.909210	1.000000	0.910118	1.000000	0.907842	1.000000	0.907676	1.000000	0.907720	0.999890	0.013230	0.999967	0.012446	1.000031	0.011327	1352522456.905071	1.000041	54.497979	41.221851	4.434724	0.999979	0.050894	0.999999	0.907560	0.999999	0.907666	0.999999	0.907680	0.999999	0.907523	0.999964	0.016850	1.000000	0.599622	0.999912	0.008012	
1352522457.904956	0.999994	53.231854	39.877053	4.572369	0.999974	0.835054	0.999920	0.836626	1.000000	0.833219	0.999999	0.833204	1.000000	0.833234	0.999607	0.013355	0.998767	0.010621	0.999269	0.010445	1352522457.905030	0.999959	53.690922	40.427973	4.295159	0.999859	0.015516	1.000000	0.833303	1.000001	0.833190	1.000001	0.833236	1.000001	0.833176	1.000037	0.008133	0.999973	0.656615	0.997821	0.007484	
1352522458.904962	1.000006	54.351895	40.982147	4.679415	1.000000	0.892392	1.000000	0.893524	1.000000	0.890769	1.000000	0.890692	1.000000	0.890679	0.999971	0.012863	0.999945	0.014025	0.999976	0.007487	1352522458.905051	1.000021	54.340733	41.061608	4.472547	0.999937	0.016576	0.999999	0.890630	0.999999	0.890613	0.999999	0.890635	0.999999	0.890584	0.999949	0.014011	0.999999	0.624644	0.999988	0.009369	
1352522459.904953	0.999991	54.606665	41.230934	4.722409	1.000000	0.874964	1.000000	0.876323	1.000000	0.873048	0.999999	0.873012	1.000000	0.873096	0.999870	0.013811	0.999899	0.009385	0.999910	0.011610	1352522459.905067	1.000016	54.325808	41.042405	4.490804	0.999911	0.015211	1.000000	0.873140	1.000000	0.872985	1.000000	0.873036	1.000000	0.873000	1.000006	0.013426	0.999999	0.625639	1.000026	0.005550	
1352522460.904964	1.000011	55.610245	42.233637	4.769632	1.000000	0.953174	1.000000	0.953554	1.000000	0.952351	1.000001	0.952304	1.000000	0.952328	0.999991	0.013838	1.000006	0.013298	1.000054	0.010591	1352522460.905063	0.999996	54.470253	41.180846	4.498019	0.999998	0.226648	1.000000	0.853406	1.000000	0.952308	1.000000	0.952344	1.000000	0.952287	0.999997	0.180264	0.999998	0.356120	0.999902	0.005731	
1352522461.904954	0.999990	54.511929	41.169495	4.630936	1.000000	0.905220	1.000000	0.905915	1.000000	0.903468	1.000000	0.903412	1.000000	0.903460	0.999958	0.014406	0.999929	0.010187	0.999982	0.012572	1352522461.905032	0.999969	52.962518	39.687311	4.412139	0.999994	0.172031	1.000000	0.905454	1.000000	0.903375	1.000000	0.903389	1.000000	0.903343	0.999998	0.246937	0.999998	0.246422	0.999967	0.007353	
1352522462.904962	1.000008	55.702185	42.319268	4.757392	1.000000	0.937559	1.000000	0.938163	1.000000	0.936528	1.000000	0.936006	1.000000	0.935998	0.999928	0.015976	0.999997	0.012895	0.999977	0.010838	1352522462.905107	1.000075	54.829943	41.533654	4.510876	0.999908	0.013773	1.000000	0.936038	1.000000	0.936492	1.000000	0.936525	1.000000	0.935989	0.999974	0.011484	0.999999	0.631156	0.999970	0.005756	
1352522463.905400	1.000438	55.202843	41.825233	4.722373	1.000000	0.908519	1.000000	0.909631	0.999999	0.907156	1.000000	0.907022	1.000000	0.907035	0.999994	0.014458	0.999975	0.013957	0.999971	0.010840	1352522463.905472	1.000365	54.653070	41.373234	4.479322	0.999953	0.017484	1.000000	0.906970	1.000000	0.907325	1.000000	0.907062	1.000000	0.906912	0.999994	0.010336	0.999999	0.622405	0.999976	0.005692	
1352522464.904954	0.999554	55.333201	41.967344	4.709880	1.000000	0.910246	1.000000	0.911057	1.000000	0.908671	1.000000	0.908651	1.000000	0.908662	0.999960	0.014683	0.999974	0.011812	0.999996	0.011398	1352522464.905031	0.999559	53.687071	40.400052	4.522991	1.000000	0.709915	0.999999	0.833966	0.999998	0.566442	1.000000	0.908521	0.999999	0.908532	0.999991	0.055509	0.999998	0.298464	0.999965	0.009381	
1352522465.904956	1.000002	55.394624	42.011333	4.738745	1.000000	0.916831	1.000000	0.917852	1.000000	0.915685	0.999999	0.915671	1.000000	0.915708	0.999847	0.013576	0.999843	0.011877	0.999842	0.010434	1352522465.905093	1.000062	54.781333	41.477104	4.517146	1.000000	0.916189	1.000000	0.915712	0.999941	0.011769	1.000000	0.915707	1.000000	0.915661	1.000014	0.012350	0.999999	0.627564	0.999989	0.009904	
1352522466.904962	1.000006	56.442626	43.065219	4.743716	1.000000	0.964993	1.000000	0.965332	1.000000	0.964382	1.000001	0.964346	1.000000	0.964382	1.000035	0.012279	1.000080	0.013042	1.000086	0.012307	1352522466.905032	0.999939	55.400262	42.104590	4.517564	1.000000	0.964501	1.000000	0.964332	0.999947	0.011616	1.000000	0.964355	1.000000	0.964335	0.999973	0.012080	0.999999	0.608565	0.999966	0.011293	
1352522467.904968	1.000006	54.853463	41.478940	4.699374	1.000000	0.896484	1.000000	0.897343	1.000000	0.894897	0.999999	0.894492	1.000000	0.894520	0.999989	0.012059	0.999955	0.011684	0.999985	0.011370	1352522467.905039	1.000007	54.226920	40.930244	4.479812	1.000000	0.894899	1.000000	0.894835	0.999936	0.011091	1.000000	0.894776	1.000000	0.894366	0.999981	0.012401	0.999999	0.631121	0.999994	0.009860	
1352522468.904962	0.999994	54.652975	41.275743	4.698438	1.000000	0.868716	1.000000	0.869906	1.000000	0.866539	1.000000	0.866483	1.000000	0.866563	0.999955	0.014079	0.999994	0.011755	0.999996	0.012111	1352522468.905042	1.000003	53.748796	40.451825	4.487825	0.999999	0.867295	0.999999	0.866313	0.999944	0.011571	1.000000	0.866360	0.999999	0.866337	0.999993	0.013895	0.999999	0.608511	0.999976	0.008410	
1352522469.904964	1.000002	55.819702	42.443019	4.748435	1.000000	0.924725	1.000000	0.925479	1.000000	0.923562	1.000000	0.923537	1.000000	0.923580	0.999894	0.017909	0.999885	0.015547	0.999873	0.013718	1352522469.905088	1.000046	54.968906	41.679784	4.537648	1.000001	0.282797	1.000000	0.859995	1.000000	0.923604	1.000000	0.923602	1.000000	0.923579	0.999999	0.121774	0.999994	0.325931	1.000009	0.010555	
1352522470.904965	1.000001	54.031092	40.656059	4.730602	0.999999	0.859830	1.000000	0.861218	0.999999	0.857643	0.999999	0.857634	1.000000	0.857643	0.999999	0.014870	1.000045	0.013289	0.999991	0.012037	1352522470.905098	1.000010	53.263398	39.971066	4.494340	0.999990	0.225908	1.000000	0.765017	1.000000	0.857519	1.000000	0.857552	1.000000	0.857524	1.000002	0.448084	0.999996	0.082008	0.999945	0.005825	
1352522471.904955	0.999990	55.466589	42.088221	4.695131	1.000000	0.924669	1.000000	0.925465	1.000000	0.923521	1.000001	0.923078	1.000000	0.923168	0.999957	0.014804	0.999868	0.013760	0.999974	0.012436	1352522471.905056	0.999958	54.825924	41.537891	4.488485	0.999999	0.205728	0.999999	0.822231	1.000000	0.923436	1.000000	0.923461	1.000000	0.923075	0.999999	0.546532	0.999958	0.008876	0.999981	0.005580	
1352522472.905332	1.000377	55.920053	42.545044	4.747631	1.000000	0.945592	1.000000	0.945993	1.000000	0.944753	1.000000	0.944053	1.000000	0.944022	0.999988	0.016593	1.000094	0.013380	1.000096	0.012566	1352522472.905400	1.000344	53.875523	40.583145	4.499886	1.000000	0.891150	1.000001	0.439625	1.000000	0.944709	1.000000	0.944590	1.000000	0.943965	0.999991	0.210381	0.999988	0.052499	0.999900	0.005663	
1352522473.904960	0.999628	55.783764	42.399101	4.711897	1.000000	0.925074	1.000000	0.925741	1.000000	0.923854	1.000000	0.923715	1.000000	0.923715	0.999948	0.015428	0.999957	0.014451	0.999984	0.012347	1352522473.905040	0.999640	54.435705	41.134423	4.502643	0.999999	0.808619	0.999996	0.415704	0.999999	0.923666	1.000000	0.923675	1.000000	0.923551	1.000004	0.321487	0.999961	0.019490	1.000011	0.005660	
1352522474.904955	0.999995	56.265037	42.874421	4.720132	1.000000	0.939086	1.000000	0.939590	1.000000	0.938133	1.000000	0.937948	0.999999	0.937936	0.999926	0.015209	0.999951	0.013363	0.999855	0.013215	1352522474.905075	1.000035	55.040490	41.733950	4.518915	1.000000	0.938270	0.999967	0.010781	1.000000	0.938192	1.000000	0.938209	1.000000	0.938010	0.999999	0.633671	0.999985	0.008329	0.999980	0.005462	
1352522475.904963	1.000008	55.179530	41.854000	4.724190	1.000001	0.908777	1.000001	0.909562	1.000001	0.907403	1.000001	0.907324	1.000002	0.907367	0.999995	0.015278	1.000108	0.013998	1.000077	0.013380	1352522475.905043	0.999968	54.619467	41.324700	4.457754	0.999999	0.907699	0.999888	0.012135	0.999999	0.907287	1.000000	0.907322	0.999999	0.907232	0.999997	0.625525	0.999843	0.005646	0.999852	0.005425	
1352522476.904971	1.000008	715807550.568752	715773398.833845	715772313.016872	0.999944	1.000275	0.999945	1.000289	0.999947	1.000288	0.999946	1.000277	0.999947	1.000284	0.999949	1.000275	0.999947	1.000284	0.999946	1.000279	1352522476.905073	1.000030	715747632.427943	715748566.417723	715758523.657082	0.999947	1.000285	0.999943	1.000278	3.896052	0.256730	0.999946	1.000279	0.999947	1.000282	0.999949	1.000279	0.999946	1.000283	0.999948	1.000285	
1352522477.904953	0.999982	0.000000	0.000000	0.000000	-nan	-nan	-nan	-nan	0.000000	inf	-nan	-nan	-nan	0.000000	-nan	-nan	-nan	-nan	-nan	-nan	1352522477.905031	0.999958	0.000000	0.000000	0.000000	-nan	-nan	-nan	-nan	0.000000	inf	-nan	-nan	-nan	-nan	-nan	-nan	-nan	-nan	-nan	-nan	
