ts_0	elapsed_0	pkg_0	pp0_0	dram_0	freq_ratio_0_0	c0_ratio_0_0	freq_ratio_0_1	c0_ratio_0_1	freq_ratio_0_2	c0_ratio_0_2	freq_ratio_0_3	c0_ratio_0_3	freq_ratio_0_4	c0_ratio_0_4	freq_ratio_0_5	c0_ratio_0_5	freq_ratio_0_6	c0_ratio_0_6	freq_ratio_0_7	c0_ratio_0_7	ts_1	elapsed_1	pkg_1	pp0_1	dram_1	freq_ratio_1_0	c0_ratio_1_0	freq_ratio_1_1	c0_ratio_1_1	freq_ratio_1_2	c0_ratio_1_2	freq_ratio_1_3	c0_ratio_1_3	freq_ratio_1_4	c0_ratio_1_4	freq_ratio_1_5	c0_ratio_1_5	freq_ratio_1_6	c0_ratio_1_6	freq_ratio_1_7	c0_ratio_1_7	
1356620171.941016	1.001782	46.233517	32.581940	7.615169	1.267313	0.093995	1.268619	0.897358	1.268965	0.896688	1.228099	0.001590	1.216574	0.000151	1.219487	0.000189	1.104852	0.000127	1.216731	0.000162	1356620171.941208	1.000555	45.694730	32.262626	5.529798	1.268815	0.900060	0.747315	0.000143	0.664280	0.000153	1.256213	0.000095	0.785198	0.000231	1.153970	0.000452	1.156026	0.000106	1.268911	0.900340	
1356620172.941001	0.999985	47.481762	33.782765	8.151001	1.229218	0.000522	1.269146	0.999263	1.269147	0.999261	1.209058	0.000021	1.212169	0.000039	1.228763	0.000166	1.216551	0.000031	1.228974	0.000012	1356620172.941210	1.000002	48.705245	35.208093	5.941120	1.269139	0.999063	1.213678	0.000050	1.225847	0.000051	1.214555	0.000016	1.235112	0.000010	1.230795	0.000707	1.229803	0.000010	1.269139	0.999061	
1356620173.941001	1.000000	42.649139	28.957352	8.163162	1.252686	0.000326	1.269019	0.998187	1.268799	0.488218	1.242270	0.000053	1.249976	0.000068	1.232463	0.001321	1.239585	0.000079	1.240527	0.000052	1356620173.941432	1.000222	52.423544	38.920819	5.920759	1.249583	0.999816	1.230771	0.510229	1.230920	0.000034	1.230644	0.000051	1.230640	0.000049	1.230764	0.000060	1.230206	0.000049	1.249577	0.999783	
1356620174.941001	1.000000	42.532974	28.855637	8.164566	1.269168	0.469013	1.269193	0.999610	1.235576	0.000150	1.231836	0.000018	1.229878	0.000038	1.248762	0.000095	1.264671	0.000247	1.245368	0.000011	1356620174.941206	0.999774	52.636409	39.140866	5.950777	1.230757	0.530724	1.248612	0.999839	1.224038	0.000045	1.215043	0.000017	1.228630	0.000010	1.230621	0.000095	1.232978	0.000006	1.248617	0.999892	
1356620175.941001	1.000000	47.781723	34.125885	8.154556	1.269171	0.999420	1.269171	0.999419	1.230871	0.000258	1.228487	0.000042	1.230074	0.000054	1.230792	0.000094	1.231405	0.000053	1.232227	0.000040	1356620175.941205	0.999999	48.964036	35.476932	5.924398	1.230732	0.003099	1.268895	0.996333	1.230658	0.000010	1.231144	0.000036	1.231415	0.000036	1.217877	0.000045	1.230251	0.000043	1.268887	0.996287	
1356620176.941001	1.000000	47.794159	34.113434	8.149185	1.268953	0.997058	1.268953	0.997053	1.230192	0.000292	1.213700	0.000019	1.224670	0.000039	1.230805	0.002207	1.228034	0.000032	1.231913	0.000011	1356620176.941203	0.999998	49.281115	35.774406	5.940044	1.223439	0.000046	1.257040	0.999474	1.225056	0.000050	1.214628	0.000016	1.230897	0.000010	1.232190	0.000403	1.232119	0.000010	1.257047	0.999522	
1356620177.941001	1.000000	47.821030	34.133102	8.148453	1.269171	0.999421	1.269172	0.999421	1.229783	0.000251	1.233121	0.000040	1.231243	0.000054	1.228658	0.000085	1.233898	0.000053	1.230616	0.000038	1356620177.941206	1.000003	49.043122	35.540020	5.939160	1.230852	0.000050	1.269199	0.999720	1.230239	0.000010	1.229973	0.000037	1.231073	0.000036	1.230532	0.000131	1.230997	0.000036	1.269199	0.999721	
1356620178.941000	0.999999	47.864700	34.195162	8.179161	1.269167	0.999401	1.269167	0.999400	1.231818	0.000310	1.214389	0.000019	1.229133	0.000038	1.230714	0.000097	1.232504	0.000031	1.227880	0.000011	1356620178.941201	0.999995	49.148180	35.660472	5.916396	1.216872	0.000023	1.269196	0.999696	1.224614	0.000043	1.215555	0.000016	1.229771	0.000010	1.230828	0.000154	1.228504	0.000010	1.269196	0.999695	
1356620179.941001	1.000001	47.832474	34.170957	8.170555	1.269168	0.999376	1.269168	0.999376	1.228157	0.000251	1.229533	0.000040	1.227770	0.000065	1.230793	0.000084	1.228229	0.000072	1.231318	0.000038	1356620179.941206	1.000005	49.122206	35.636922	5.954041	1.230599	0.000043	1.269180	0.999501	1.227771	0.000009	1.231221	0.000035	1.230861	0.000036	1.228933	0.000345	1.231101	0.000036	1.269180	0.999502	
1356620180.941001	1.000000	47.830750	34.144730	8.158722	1.269150	0.999228	1.269150	0.999225	1.230196	0.000400	1.216438	0.000019	1.223646	0.000039	1.230697	0.000142	1.228073	0.000032	1.228317	0.000011	1356620180.941204	0.999998	49.085360	35.584571	5.904949	1.222938	0.000044	1.269059	0.998978	1.230618	0.001716	1.214547	0.000017	1.230657	0.000009	1.230656	0.000677	1.228764	0.000010	1.269059	0.998976	
1356620181.941001	1.000000	46.795700	33.109985	8.160812	1.269142	0.892205	1.269147	0.999140	1.243275	0.000942	1.261514	0.000038	1.249459	0.000053	1.234324	0.000083	1.265314	0.000051	1.262650	0.000037	1356620181.941201	0.999997	49.879442	36.377051	5.929569	1.230769	0.107033	1.265075	0.999696	1.230266	0.000010	1.230217	0.000036	1.229959	0.000036	1.230643	0.000705	1.232062	0.000034	1.265075	0.999696	
1356620182.941000	0.999999	47.866913	34.190264	8.151619	1.269151	0.999420	1.269151	0.999419	1.229667	0.000299	1.214274	0.000019	1.220224	0.000039	1.230838	0.000095	1.232703	0.000031	1.259865	0.000010	1356620182.941205	1.000004	49.050277	35.553994	5.920173	1.220083	0.000031	1.269201	0.999755	1.225294	0.000051	1.215077	0.000016	1.234009	0.000009	1.238417	0.000098	1.228885	0.000010	1.269201	0.999761	
1356620183.941001	1.000001	47.799545	34.131056	8.145958	1.269171	0.999424	1.269171	0.999423	1.230893	0.000257	1.220606	0.000040	1.233361	0.000051	1.230777	0.000100	1.230515	0.000053	1.211566	0.000038	1356620183.941197	0.999992	48.945602	35.458127	5.900881	1.230703	0.003490	1.268837	0.995683	1.229871	0.000010	1.230795	0.000036	1.231253	0.000036	1.231032	0.000045	1.231097	0.000037	1.268829	0.995640	
1356620184.941001	1.000000	47.860550	34.192078	8.165787	1.268754	0.995257	1.268754	0.995248	1.229503	0.000301	1.223256	0.000020	1.208427	0.000040	1.230542	0.003481	1.221426	0.000050	1.229777	0.000011	1356620184.941283	1.000086	49.433703	35.927160	5.928262	1.230051	0.000023	1.252211	0.999816	1.217387	0.000051	1.230441	0.000017	1.227729	0.000010	1.230544	0.000100	1.228121	0.000009	1.252217	0.999869	
1356620185.941000	0.999999	47.846817	34.169497	8.161751	1.268755	0.995254	1.268756	0.995237	1.230775	0.002436	1.235238	0.000049	1.241153	0.000062	1.231096	0.000839	1.235975	0.000074	1.232409	0.000438	1356620185.941212	0.999929	48.931867	35.447114	5.915047	1.232093	0.000080	1.269197	0.999696	1.268935	0.000018	1.230837	0.000058	1.230793	0.000048	1.221539	0.000062	1.230424	0.000047	1.269197	0.999695	
1356620186.941000	1.000000	43.231247	29.536896	8.146805	1.268570	0.497402	1.267252	0.999454	1.166136	0.002599	1.156172	0.002255	1.155980	0.002301	1.164449	0.003126	1.157368	0.002242	1.156136	0.002415	1356620186.941434	1.000222	52.693229	39.187499	5.917037	1.230341	0.505091	1.249536	0.999505	1.156525	0.002494	1.155409	0.002366	1.156644	0.002466	1.169890	0.003123	1.154475	0.002345	1.249530	0.999459	
1356620187.941000	1.000000	37.994217	24.309113	8.149307	1.269033	0.000060	1.269225	0.999935	1.269038	0.000250	1.270535	0.000037	1.269020	0.000054	1.270246	0.000084	1.269349	0.000056	1.270249	0.000037	1356620187.941424	0.999990	56.088757	42.610488	5.922209	1.230765	0.999954	1.230765	0.999954	1.230669	0.000010	1.230607	0.000074	1.230205	0.000032	1.232153	0.000048	1.230823	0.000034	1.230765	0.999954	
1356620188.941000	1.000000	37.970596	24.296051	8.190903	1.265612	0.000243	1.269221	0.999913	1.267087	0.000307	1.236670	0.000017	1.256593	0.000037	1.268616	0.000103	1.270542	0.000031	1.268486	0.000010	1356620188.941429	1.000005	56.132440	42.664917	5.953248	1.230764	0.999928	1.230763	0.999928	1.210108	0.000050	1.215543	0.000017	1.231185	0.000009	1.229986	0.000072	1.231533	0.000010	1.230763	0.999930	
1356620189.941000	1.000000	43.664627	29.988327	8.177597	1.269163	0.582102	1.269185	0.999509	1.246522	0.000234	1.235746	0.000039	1.234425	0.000053	1.232190	0.000084	1.233184	0.000069	1.234959	0.000036	1356620189.941206	0.999777	52.021225	38.530348	5.919105	1.230758	0.416724	1.253187	0.999842	1.233070	0.000010	1.230674	0.000070	1.230656	0.000037	1.230889	0.000067	1.230854	0.000036	1.253193	0.999890	
1356620190.941001	1.000001	47.820435	34.146040	8.150291	1.269168	0.999399	1.269168	0.999398	1.229607	0.000304	1.215256	0.000019	1.223248	0.000039	1.231527	0.000094	1.231248	0.000031	1.237624	0.000011	1356620190.941207	1.000001	49.022109	35.513623	5.920252	1.216619	0.000023	1.269112	0.999610	1.231012	0.001672	1.215678	0.000016	1.229274	0.000009	1.223147	0.000075	1.230727	0.000009	1.269112	0.999604	
1356620191.941000	0.999999	47.847900	34.175173	8.168434	1.268895	0.996399	1.268895	0.996393	1.230762	0.000271	1.229806	0.000040	1.227360	0.000051	1.230700	0.002608	1.230399	0.000055	1.229190	0.000039	1356620191.941208	1.000001	49.006454	35.500592	5.932886	1.230740	0.000937	1.269088	0.998575	1.231811	0.000009	1.230684	0.000036	1.231064	0.000036	1.232575	0.000300	1.230257	0.000037	1.269087	0.998572	
1356620192.941000	1.000000	47.828110	34.139862	8.165955	1.268783	0.995174	1.268783	0.995165	1.230341	0.000292	1.217188	0.000018	1.226355	0.000038	1.230612	0.003530	1.231731	0.000031	1.231475	0.000011	1356620192.941274	1.000066	48.954271	35.439432	5.921713	1.216725	0.000023	1.269204	0.999783	1.224652	0.000047	1.215642	0.000016	1.230699	0.000010	1.230983	0.000069	1.228922	0.000010	1.269204	0.999783	
1356620193.941000	1.000000	42.870514	29.196136	8.140228	1.268364	0.479441	1.268811	0.995456	1.250943	0.000248	1.231959	0.000036	1.246370	0.000052	1.249378	0.006490	1.244480	0.000049	1.229454	0.000038	1356620193.941207	0.999933	52.653064	39.165435	5.920181	1.230769	0.516051	1.249362	0.999849	1.230333	0.000010	1.230811	0.000036	1.230771	0.000037	1.230664	0.000047	1.231268	0.000035	1.249362	0.999849	
1356620194.941000	1.000000	47.775375	34.094452	8.136383	1.268376	0.991659	1.268376	0.991653	1.230572	0.001350	1.213203	0.000018	1.213686	0.000036	1.230737	0.003275	1.230744	0.002098	1.230907	0.000011	1356620194.941201	0.999994	48.943071	35.434202	5.912740	1.214718	0.000020	1.269203	0.999784	1.224648	0.000046	1.214695	0.000016	1.230015	0.000010	1.230358	0.000105	1.230757	0.000010	1.269203	0.999783	
1356620195.941001	1.000001	42.895330	29.232791	8.190040	1.268368	0.479621	1.268813	0.995472	1.249820	0.000248	1.223026	0.000039	1.238234	0.000051	1.249882	0.006683	1.245416	0.000049	1.229223	0.000036	1356620195.941432	1.000231	52.645217	39.167389	5.944992	1.230770	0.516237	1.249354	0.999850	1.230025	0.000010	1.230442	0.000035	1.230750	0.000035	1.219066	0.000048	1.230990	0.000038	1.249349	0.999806	
1356620196.941000	0.999999	43.246013	29.573820	8.166954	1.269163	0.528743	1.269186	0.999454	1.247701	0.000299	1.240134	0.000019	1.217333	0.000039	1.268439	0.003133	1.216416	0.000032	1.221926	0.000012	1356620196.941199	0.999767	52.393796	38.900022	5.912342	1.230755	0.470725	1.251106	0.999796	1.210499	0.000050	1.215082	0.000017	1.233219	0.000010	1.232588	0.000322	1.228676	0.000010	1.251112	0.999846	
1356620197.941001	1.000001	47.819580	34.146330	8.160499	1.268840	0.995789	1.268841	0.995782	1.230873	0.000251	1.231875	0.000051	1.236949	0.000063	1.234754	0.000101	1.230834	0.003027	1.241471	0.000049	1356620197.941275	1.000076	48.953796	35.450383	5.890787	1.230824	0.001086	1.269061	0.998355	1.232365	0.000409	1.230552	0.000049	1.230582	0.000049	1.230074	0.000064	1.230111	0.000048	1.269061	0.998354	
1356620198.941000	0.999999	47.851684	34.185274	8.161293	1.268529	0.992427	1.268529	0.992423	1.229770	0.000311	1.224367	0.000019	1.226383	0.000036	1.230723	0.002896	1.230629	0.002953	1.224639	0.000011	1356620198.941210	0.999935	48.938305	35.439196	5.935582	1.216989	0.000023	1.269206	0.999796	1.210650	0.000041	1.215116	0.000017	1.231496	0.000010	1.230906	0.000075	1.237471	0.000006	1.269206	0.999805	
1356620199.941000	1.000000	47.862686	34.175522	8.119324	1.268910	0.996858	1.268910	0.996849	1.229210	0.000331	1.229335	0.000104	1.230749	0.000320	1.230726	0.002095	1.229311	0.000212	1.225518	0.000046	1356620199.941204	0.999994	48.916902	35.422605	5.923863	1.230739	0.002907	1.268893	0.996475	1.214316	0.000052	1.215669	0.000055	1.224099	0.000124	1.218691	0.000124	1.222524	0.000097	1.268893	0.996475	
1356620200.941000	1.000000	47.884857	34.223495	8.157471	1.269062	0.996365	1.269062	0.998261	1.230159	0.000311	1.225880	0.000049	1.221112	0.000040	1.230862	0.001036	1.226508	0.000031	1.219257	0.000011	1356620200.941316	1.000112	49.039244	35.550689	5.925483	1.230822	0.004329	1.268805	0.997182	1.230935	0.001697	1.203462	0.000016	1.212758	0.000010	1.230661	0.000219	1.211707	0.000009	1.268797	0.997133	
1356620201.941111	1.000111	44.493134	30.824410	8.188406	1.265785	0.613482	1.267110	0.999282	1.230859	0.054193	1.226736	0.000046	1.246496	0.000052	1.268226	0.002821	1.242778	0.000053	1.250247	0.000036	1356620201.941405	1.000089	51.388481	37.899095	5.942617	1.253459	0.944690	1.254317	0.999186	1.204999	0.000030	1.211554	0.000039	1.214155	0.000039	1.230666	0.001465	1.206527	0.000035	1.230766	0.385250	
1356620202.941001	0.999890	54.788874	41.122470	8.160153	1.230763	0.999933	1.230764	0.999933	1.230763	0.999933	1.229339	0.000252	1.221534	0.000038	1.230767	0.000088	1.231064	0.000029	1.230039	0.000010	1356620202.941298	0.999893	38.835502	25.358061	5.936732	1.239293	0.000022	1.269223	0.999916	1.268340	0.000047	1.268614	0.000017	1.289855	0.000011	1.273501	0.000083	1.305648	0.000011	1.318464	0.000007	
1356620203.941075	1.000074	51.081613	37.417523	8.171164	1.230757	0.453087	1.244362	0.996689	1.244362	0.996690	1.229333	0.000280	1.230578	0.002550	1.228774	0.000083	1.227518	0.000052	1.214751	0.000037	1356620203.941312	1.000014	44.457825	30.965049	5.930565	1.240346	0.001855	1.268663	0.997063	1.268203	0.544343	1.283540	0.000037	1.281706	0.000039	1.263921	0.000047	1.281560	0.000038	1.277971	0.000053	
1356620204.941001	0.999926	47.897553	34.234754	8.230711	1.230362	0.003010	1.259163	0.988583	1.259162	0.988571	1.226857	0.000279	1.230669	0.004861	1.229479	0.000088	1.224508	0.000082	1.232802	0.000037	1356620204.941333	1.000021	48.690263	35.198572	5.948011	1.230180	0.000032	1.269203	0.999766	1.269203	0.999766	1.231158	0.000017	1.230902	0.000016	1.230634	0.000117	1.231772	0.000033	1.234834	0.000010	
1356620205.941001	1.000000	47.734787	34.071640	8.136185	1.230652	0.008670	1.265842	0.986773	1.265841	0.986758	1.233816	0.000265	1.235596	0.000035	1.227868	0.000078	1.232647	0.000048	1.235026	0.000035	1356620205.941341	1.000008	48.718492	35.223866	5.930204	1.230838	0.000052	1.269207	0.999806	1.269207	0.999805	1.230955	0.000035	1.230586	0.000036	1.215457	0.000047	1.230574	0.000034	1.230683	0.000037	
1356620206.941008	1.000007	33.798152	20.305051	5.699286	1.200919	0.004364	1.263600	0.504609	1.263600	0.504584	1.132364	0.000846	0.897745	0.000023	1.005049	0.000121	1.232903	0.000029	0.763163	0.000017	1356620206.941296	0.999955	43.015397	29.631416	3.878410	1.238536	0.000040	1.269158	0.510613	1.269192	0.999710	1.246570	0.000016	1.257799	0.000010	1.236266	0.000332	1.257300	0.000009	1.258161	0.000010	
1356620207.941007	0.999999	17.445970	4.163487	3.200214	0.548693	0.001678	0.791559	0.000017	0.603663	0.000021	0.566535	0.000287	0.775036	0.000063	0.606074	0.000175	0.662400	0.000099	0.821859	0.000069	1356620207.941352	1.000056	37.173073	23.936815	1.779182	1.267017	0.000060	1.268416	0.000014	1.269225	0.999936	1.269197	0.000036	1.265096	0.000037	1.268970	0.000060	1.268406	0.000037	1.269241	0.000059	
1356620208.941006	0.999999	17.059281	3.804569	3.054370	0.703276	0.000698	0.713971	0.000098	0.657558	0.000100	0.601062	0.000256	0.894523	0.000025	0.610324	0.000187	0.632795	0.000060	0.771326	0.000018	1356620208.941399	1.000047	37.108166	23.885475	1.626312	1.255876	0.000022	1.256926	0.000064	1.269223	0.999911	1.252188	0.000015	1.286457	0.000009	1.269200	0.000096	1.269707	0.000009	1.265958	0.000009	
1356620209.941001	0.999995	17.283351	4.000157	3.205338	0.560457	0.001229	1.285810	0.000006	0.710259	0.000010	0.566616	0.000312	0.645264	0.000095	0.564948	0.000204	0.574727	0.000181	0.653261	0.000093	1356620209.941406	1.000007	37.093127	23.867434	1.711994	1.270272	0.000097	1.284251	0.000036	1.269225	0.999936	1.269252	0.000074	1.269215	0.000090	1.269372	0.000125	1.269480	0.000081	1.261448	0.000079	
1356620210.941008	1.000007	715783465.381702	715783288.475379	715767015.122624	0.999952	1.000894	0.999950	1.000900	0.999961	1.000900	0.999952	1.000893	0.999953	1.000901	0.999955	1.000893	0.999952	1.000897	0.999953	1.000899	1356620210.941085	0.999679	716011382.774414	715996473.681154	716051587.152196	0.999952	1.000894	0.999950	1.000901	3.895616	0.256919	0.999953	1.000897	0.999953	1.000900	0.999955	1.000893	0.999952	1.000898	0.999953	1.000898	
1356620211.941128	1.000120	0.000000	0.000000	0.000000	-nan	-nan	-nan	-nan	0.000000	inf	-nan	-nan	-nan	0.000000	-nan	-nan	-nan	-nan	-nan	-nan	1356620211.941189	1.000104	0.000000	0.000000	0.000000	-nan	-nan	-nan	-nan	0.000000	inf	-nan	-nan	-nan	-nan	-nan	-nan	-nan	-nan	-nan	-nan	
