ts_0	elapsed_0	pkg_0	pp0_0	dram_0	freq_ratio_0_0	c0_ratio_0_0	freq_ratio_0_1	c0_ratio_0_1	freq_ratio_0_2	c0_ratio_0_2	freq_ratio_0_3	c0_ratio_0_3	freq_ratio_0_4	c0_ratio_0_4	freq_ratio_0_5	c0_ratio_0_5	freq_ratio_0_6	c0_ratio_0_6	freq_ratio_0_7	c0_ratio_0_7	ts_1	elapsed_1	pkg_1	pp0_1	dram_1	freq_ratio_1_0	c0_ratio_1_0	freq_ratio_1_1	c0_ratio_1_1	freq_ratio_1_2	c0_ratio_1_2	freq_ratio_1_3	c0_ratio_1_3	freq_ratio_1_4	c0_ratio_1_4	freq_ratio_1_5	c0_ratio_1_5	freq_ratio_1_6	c0_ratio_1_6	freq_ratio_1_7	c0_ratio_1_7	
1357205211.031959	1.001855	53.727733	40.521623	3.566032	1.151522	0.233120	1.151646	0.233600	1.151332	0.233239	1.152861	0.231993	1.152662	0.229582	1.154038	0.232569	1.153130	0.228877	1.154048	0.231264	1357205211.032265	1.000593	42.511750	29.264234	1.698593	0.999802	0.798308	0.999910	0.797901	0.883103	0.001034	0.911108	0.000635	0.817300	0.000201	1.001262	0.000201	0.999977	0.784141	0.999866	0.949532	
1357205212.031923	0.999964	53.608711	40.386342	3.636606	0.999562	0.824838	1.000000	0.822778	0.999984	0.822777	1.000001	0.822795	1.000000	0.822780	0.999996	0.822808	0.999988	0.000310	0.993172	0.000223	1357205212.032039	0.999774	43.729992	30.471349	1.958710	1.000001	0.823052	1.000001	0.823098	0.999871	0.000218	0.997921	0.000026	0.999706	0.000012	1.000673	0.000011	1.000001	0.823181	1.000000	1.000000	
1357205213.031922	0.999999	60.945218	47.722152	3.813495	1.000000	1.000000	1.000000	1.000000	1.000000	1.000000	1.000000	1.000000	1.000000	1.000000	1.000000	1.000000	0.997884	0.000250	0.999996	0.000650	1357205213.032042	1.000003	46.952796	33.720934	1.738840	1.000000	1.000000	1.000000	1.000000	1.000160	0.000157	1.001005	0.000070	1.000023	0.000051	1.000077	0.000070	1.000000	1.000000	1.000000	1.000000	
1357205214.031922	1.000000	61.009247	47.788971	3.805527	1.000000	1.000000	1.000000	1.000000	0.999999	1.000000	1.000000	1.000000	1.000000	1.000000	1.000000	1.000000	1.000011	0.000323	0.999967	0.000289	1357205214.032039	0.999997	47.000024	33.774549	1.720296	1.000000	1.000000	1.000000	1.000000	0.999974	0.000225	1.000543	0.000021	0.999772	0.000012	0.999635	0.000012	1.000000	1.000000	1.000000	1.000000	
1357205215.031923	1.000001	60.420429	47.174607	3.776882	1.000000	1.000000	1.000000	1.000000	1.000001	1.000000	1.000000	1.000000	1.000000	0.912908	1.000000	1.000000	0.999979	0.000259	0.999999	0.000499	1357205215.032042	1.000003	46.361368	33.135304	1.785074	1.000000	1.000000	1.000000	1.000000	0.999736	0.000155	0.999494	0.000069	0.999705	0.000116	0.999372	0.000055	1.000000	0.912942	1.000000	0.998344	
1357205216.031922	0.999999	60.105847	46.849013	3.823185	1.000000	0.947317	1.000000	1.000000	0.999999	1.000000	1.000000	1.000000	1.000000	0.946091	1.000000	0.946118	0.999970	0.000304	1.000005	0.002328	1357205216.032041	0.999999	46.532820	33.295823	1.886843	1.000000	1.000000	1.000000	1.000000	0.999603	0.000247	0.993690	0.000021	0.992238	0.000011	0.990213	0.000012	1.000000	0.946124	1.000000	1.000000	
1357205217.031922	1.000000	59.475952	46.222717	3.796143	0.999859	0.946323	1.000000	0.945181	1.000001	0.945219	1.000000	0.945181	1.000000	0.945179	1.000000	0.945177	1.000139	0.003787	0.999993	0.003088	1357205217.032038	0.999997	46.269949	33.054866	1.750967	1.000000	0.945220	1.000000	0.945219	1.000320	0.002574	0.999791	0.002457	1.000049	0.002484	1.000049	0.002468	1.000000	0.945218	1.000000	1.000000	
1357205218.031922	1.000000	59.503479	46.251312	3.785370	1.000000	0.947188	1.000000	0.946203	1.000000	0.946241	1.000000	0.946202	1.000000	0.946200	1.000000	0.946200	0.998090	0.000275	0.999989	0.000284	1357205218.032039	1.000001	46.232317	33.005233	1.745039	1.000000	0.946242	1.000000	0.946241	0.999725	0.000073	0.999989	0.000143	0.999036	0.000007	0.998173	0.000007	1.000000	0.946239	1.000000	1.000000	
1357205219.031922	1.000000	59.298050	46.045410	3.796188	0.999984	0.940182	1.000000	0.939137	1.000000	0.939197	1.000000	0.939136	1.000000	0.939136	1.000000	0.939152	0.999988	0.000261	1.000053	0.000249	1357205219.032040	1.000001	46.129076	32.903258	1.762144	1.000000	0.939185	1.000000	0.939184	1.001442	0.000012	1.000006	0.000189	1.000142	0.000057	0.990635	0.000065	1.000000	0.939183	1.000000	1.000000	
1357205220.031922	1.000000	57.862549	44.597641	3.787216	0.999920	0.899480	1.000000	0.897304	1.000000	0.897356	1.000000	0.897300	1.000000	0.897286	1.000000	0.897315	0.999906	0.000279	0.999948	0.000538	1357205220.032038	0.999998	45.426265	32.190277	1.906315	1.000000	0.897401	1.000000	0.897351	0.999926	0.000120	0.999992	0.000197	0.999938	0.000081	1.026935	0.000022	1.000000	0.897363	1.000000	1.000000	
1357205221.031922	1.000000	60.166046	46.909103	3.803787	1.000000	0.964632	1.000000	0.963902	1.000000	0.963950	1.000000	0.963902	1.000000	0.963922	1.000000	0.963900	1.001152	0.000446	1.000063	0.000232	1357205221.032038	1.000000	46.580185	33.353500	1.720016	1.000000	0.963941	1.000000	0.963940	0.999904	0.000303	0.999962	0.000245	0.999955	0.000215	1.000179	0.000177	1.000000	0.963955	1.000000	1.000000	
1357205222.031922	1.000000	60.671875	47.408997	3.807770	1.000000	0.981995	1.000000	0.981591	1.000000	0.981625	1.000000	0.981589	1.000000	0.981587	1.000000	0.981585	0.998403	0.000309	0.999998	0.000424	1357205222.032041	1.000003	46.851082	33.621890	1.702265	1.000000	0.981628	1.000000	0.981628	1.000331	0.000077	1.000010	0.000151	0.999935	0.000012	1.000213	0.000011	1.000000	0.981625	1.000000	1.000000	
1357205223.031922	1.000000	61.169449	47.904419	3.814514	1.000000	1.000000	1.000000	1.000000	1.000001	1.000000	1.000000	1.000000	1.000001	1.000000	1.000000	1.000000	1.002418	0.000269	1.001017	0.000188	1357205223.032042	1.000001	47.094590	33.860808	1.727614	1.000000	1.000000	1.000000	1.000000	0.999296	0.000012	1.000007	0.000211	1.000217	0.000066	0.999538	0.000065	1.000000	1.000000	1.000000	1.000000	
1357205224.031922	1.000000	61.025177	47.816803	3.826218	1.000000	1.000000	1.000000	1.000000	1.000000	1.000000	1.000000	1.000000	1.000000	1.000000	0.999999	1.000000	0.997750	0.000296	0.998989	0.000210	1357205224.032039	0.999997	47.048135	33.808531	1.824514	1.000000	1.000000	1.000000	1.000000	1.000038	0.000081	0.999971	0.000158	0.999481	0.000012	1.000000	0.000011	1.000000	1.000000	1.000000	1.000000	
1357205225.031922	1.000000	61.232758	47.918900	3.820312	1.000000	1.000000	1.000000	1.000000	1.000000	1.000000	1.000000	1.000000	0.999999	0.999999	1.000000	1.000000	0.999996	0.000294	0.999973	0.000561	1357205225.032040	1.000001	47.121812	33.902784	1.697172	1.000000	1.000000	1.000000	1.000000	0.999893	0.000065	0.999999	0.000282	0.999970	0.000139	0.999993	0.000109	1.000000	1.000000	1.000000	1.000000	
1357205226.031922	1.000000	61.266006	47.998108	3.816254	1.000000	1.000000	1.000000	1.000000	1.000001	1.000000	1.000000	1.000000	1.000000	1.000000	1.000001	1.000000	0.999845	0.000300	0.999998	0.004972	1357205226.032039	0.999999	47.154891	33.922960	1.711061	1.000000	1.000000	1.000000	1.000000	0.998548	0.000107	0.999262	0.000159	0.979683	0.000007	0.982339	0.000006	1.000000	1.000000	1.000000	1.000000	
1357205227.031929	1.000007	33.583584	20.208768	4.363083	0.991695	0.272006	1.000000	0.257811	0.999985	0.257796	1.000000	0.257774	0.999931	0.257794	0.999995	0.257745	0.925159	0.000180	0.831247	0.000218	1357205227.032313	1.000274	33.500863	20.142630	4.197794	0.999997	0.257713	0.999998	0.257632	1.012112	0.000012	1.000493	0.000225	1.001964	0.000076	1.001269	0.000106	0.999998	0.257503	1.000000	1.000000	
1357205228.031931	1.000002	23.314470	9.995602	3.822579	0.702541	0.017780	0.999327	0.000050	0.852745	0.000025	0.723641	0.000067	1.003614	0.000046	0.763306	0.000017	0.590114	0.000157	0.853941	0.000234	1357205228.032178	0.999865	29.286316	15.933287	3.847199	1.000009	0.000089	0.999984	0.000047	1.000498	0.000057	1.000019	0.000205	0.999419	0.000012	1.000442	0.000006	0.999053	0.000011	1.000000	1.000000	
1357205229.031922	0.999991	24.392845	11.070596	3.810795	0.799579	0.017709	0.999892	0.000082	1.002553	0.000063	0.703951	0.000018	0.996300	0.000045	0.999875	0.000049	0.995034	0.000036	0.804688	0.000283	1357205229.032172	0.999994	29.286323	15.915393	3.972161	1.000117	0.000046	1.000035	0.000011	1.000064	0.000012	0.999917	0.000139	1.000294	0.000046	0.999513	0.000064	0.999626	0.000043	1.000000	1.000000	
1357205230.031922	1.000000	25.689835	12.368378	3.773438	0.936343	0.014994	0.991715	0.000057	1.000468	0.000057	0.991347	0.000058	0.999198	0.000023	0.999204	0.000019	0.999493	0.000071	0.963916	0.000519	1357205230.032173	1.000001	29.272677	15.898407	3.873104	0.999816	0.000050	1.000041	0.000057	0.999993	0.000056	0.999963	0.000135	0.999537	0.000042	1.002721	0.000011	1.003457	0.000011	1.000000	1.000000	
1357205231.031923	1.000001	24.593452	11.263859	4.320903	0.825457	0.022018	1.017561	0.000028	0.997040	0.000075	0.632044	0.000044	1.003233	0.000066	0.993946	0.000063	0.753105	0.000065	0.847119	0.000234	1357205231.032313	1.000140	29.283011	15.883855	4.668475	0.998549	0.000064	0.999855	0.000011	0.999770	0.000032	1.000985	0.000159	0.990859	0.000056	0.986742	0.000048	0.992820	0.000074	1.000000	1.000000	
1357205232.031922	0.999999	22.390814	9.115350	3.867191	0.682606	0.020698	0.760887	0.000076	0.952088	0.000020	1.003340	0.000062	0.988370	0.000018	0.679804	0.000010	0.792099	0.000088	0.786139	0.000252	1357205232.032292	0.999979	29.264576	15.899442	4.150523	1.001482	0.000066	0.999989	0.000069	0.999969	0.000075	0.998862	0.000132	1.012900	0.000041	1.030196	0.000020	1.023395	0.000021	1.000000	1.000000	
1357205233.031926	1.000004	23.879084	10.651553	3.857574	0.765112	0.022150	0.711618	0.000086	0.683508	0.000086	0.983895	0.000013	0.853305	0.000057	0.750940	0.000062	1.000740	0.000034	0.835554	0.000218	1357205233.032177	0.999885	29.244740	15.873223	4.292379	0.999768	0.000048	0.999935	0.000012	0.998154	0.000018	0.999962	0.000152	0.999729	0.000051	0.999731	0.000045	1.001142	0.000044	1.000000	1.000000	
1357205234.031931	1.000005	25.670831	12.449797	3.812557	0.946849	0.014262	0.760834	0.000072	0.992026	0.000023	0.750574	0.000073	0.998640	0.000023	0.997347	0.000013	1.002263	0.000074	0.999957	0.000244	1357205234.032180	1.000003	29.238526	15.875485	3.774448	0.999946	0.000064	0.999944	0.000055	1.000571	0.000056	1.000009	0.000127	1.001682	0.000012	1.000557	0.000011	0.998354	0.000011	1.000000	1.000000	
1357205235.031931	1.000000	24.629974	11.405228	3.840714	0.833821	0.018242	0.993060	0.000013	0.952083	0.000100	0.709645	0.000018	1.004363	0.000050	0.993662	0.000049	1.000110	0.000035	0.923322	0.000540	1357205235.032180	1.000000	29.239655	15.865875	3.986069	0.999994	0.000064	0.999967	0.000012	0.997666	0.000012	1.000023	0.000167	0.999894	0.000076	1.000499	0.000060	0.999548	0.000047	1.000000	1.000000	
1357205236.031929	0.999998	23.103728	9.879154	3.880790	0.693922	0.019751	1.000890	0.000055	1.000824	0.000027	0.999880	0.000055	0.797837	0.000028	0.728008	0.000018	0.648007	0.000102	0.954225	0.002258	1357205236.032177	0.999997	29.220809	15.867603	3.840497	0.999917	0.000051	0.997965	0.000067	0.998154	0.000083	0.998819	0.000112	0.988533	0.000012	0.984649	0.000011	0.992477	0.000012	1.000000	1.000000	
1357205237.031928	0.999999	715793917.961653	715804604.269390	715769249.646425	0.999955	1.000986	0.999952	1.000988	0.999962	1.000986	0.999954	1.000988	0.999955	1.000993	0.999957	1.000984	0.999955	1.000994	0.999954	1.000989	1357205237.032024	0.999847	715886210.396744	715899679.741034	715888384.406114	0.999955	1.000987	0.999952	1.000988	3.895493	0.256951	0.999954	1.000987	0.999955	1.000993	0.999957	1.000986	0.999954	1.000990	0.999955	1.000988	
1357205238.032119	1.000191	0.000000	0.000000	0.000000	-nan	-nan	-nan	-nan	0.000000	inf	-nan	-nan	-nan	0.000000	-nan	-nan	-nan	-nan	-nan	-nan	1357205238.032196	1.000172	0.000000	0.000000	0.000000	-nan	-nan	-nan	-nan	0.000000	inf	-nan	-nan	-nan	-nan	-nan	-nan	-nan	-nan	-nan	-nan	
