ts_0	elapsed_0	pkg_0	pp0_0	dram_0	freq_ratio_0_0	c0_ratio_0_0	freq_ratio_0_1	c0_ratio_0_1	freq_ratio_0_2	c0_ratio_0_2	freq_ratio_0_3	c0_ratio_0_3	freq_ratio_0_4	c0_ratio_0_4	freq_ratio_0_5	c0_ratio_0_5	freq_ratio_0_6	c0_ratio_0_6	freq_ratio_0_7	c0_ratio_0_7	ts_1	elapsed_1	pkg_1	pp0_1	dram_1	freq_ratio_1_0	c0_ratio_1_0	freq_ratio_1_1	c0_ratio_1_1	freq_ratio_1_2	c0_ratio_1_2	freq_ratio_1_3	c0_ratio_1_3	freq_ratio_1_4	c0_ratio_1_4	freq_ratio_1_5	c0_ratio_1_5	freq_ratio_1_6	c0_ratio_1_6	freq_ratio_1_7	c0_ratio_1_7	
1356715408.983639	1.001610	38.677504	25.547658	5.892826	1.153309	0.555007	1.153275	0.553261	1.153338	0.554329	1.153511	0.553484	1.153615	0.552868	1.153676	0.553018	1.153605	0.552067	1.153810	0.553451	1356715408.983836	1.000403	39.559164	26.441860	2.314192	0.998889	0.067589	0.999997	0.997435	0.999982	0.935520	0.999676	0.000080	1.000006	0.000549	0.998365	0.000070	0.777825	0.000090	0.999890	0.936465	
1356715409.983636	0.999997	37.847926	24.743164	6.103031	0.999256	0.867003	1.000000	0.865364	1.000000	0.865347	0.982925	0.000389	1.000098	0.000008	0.999067	0.000032	1.000114	0.000037	0.916183	0.000181	1356715409.983823	0.999987	38.533342	25.413557	2.314163	0.999958	0.000951	1.000000	0.865356	1.000000	0.865324	1.002440	0.000007	0.999697	0.000074	0.995867	0.000008	1.000215	0.000007	1.000000	1.000000	
1356715410.983643	1.000007	38.629997	25.520804	6.022160	0.999566	0.888834	1.000000	0.887401	1.000000	0.887414	0.979295	0.000308	0.991866	0.000074	0.999575	0.000080	1.000312	0.000044	1.001965	0.000076	1356715410.983835	1.000012	38.768413	25.643508	2.158330	0.999937	0.000342	1.000000	0.887419	1.000000	0.887386	0.999885	0.000080	0.999619	0.000007	0.991378	0.000074	0.999742	0.000073	1.000000	1.000000	
1356715411.983636	0.999993	39.713333	26.593079	6.110577	0.999903	0.968924	1.000000	0.968694	1.000000	0.968695	1.000013	0.000403	1.000315	0.000009	1.002374	0.000033	1.000736	0.000036	0.999879	0.000150	1356715411.983827	0.999992	39.243085	26.100767	2.404530	0.999818	0.000360	1.000000	0.968703	1.000000	0.968673	0.997809	0.000007	1.000144	0.000073	1.001981	0.000008	1.001764	0.000008	1.000000	1.000000	
1356715412.983635	0.999999	38.857596	25.764124	6.011801	0.999766	0.893990	0.999987	0.893055	0.999988	0.893053	0.999985	0.000742	1.000423	0.000308	0.999579	0.000073	0.999945	0.000042	0.997981	0.000081	1356715412.983824	0.999997	38.730757	25.605212	2.175971	1.000080	0.000916	1.000000	0.893091	1.000000	0.893060	1.000391	0.000080	0.998085	0.000006	1.002156	0.000319	0.999879	0.000070	1.000000	1.000000	
1356715413.983636	1.000001	40.455696	27.341786	6.118631	1.000000	0.986240	1.000000	0.986119	0.999999	0.986119	0.999994	0.005513	1.001227	0.000008	0.999832	0.000032	0.984883	0.000036	1.000958	0.000195	1356715413.983837	1.000013	39.433519	26.298102	2.529309	1.000009	0.000135	1.000000	0.986127	1.000000	0.986097	0.995947	0.000007	0.990192	0.000056	0.990459	0.000008	0.998283	0.000007	1.000000	1.000000	
1356715414.983635	0.999999	39.671318	26.562144	6.121344	0.999739	0.926809	0.999990	0.925841	0.999963	0.925927	0.998970	0.006136	1.006617	0.000079	1.000022	0.000086	1.006503	0.000061	0.999980	0.000094	1356715414.983829	0.999992	39.048275	25.920758	2.561178	0.999999	0.013129	1.000000	0.925951	1.000000	0.925896	1.000239	0.000119	1.019953	0.000028	1.000328	0.000079	0.992028	0.000060	1.000000	1.000000	
1356715415.983635	1.000000	40.688797	27.578766	6.132370	1.000000	1.000000	1.000000	1.000000	1.000000	1.000000	0.999989	0.003268	0.998598	0.000008	0.999989	0.000037	1.004097	0.000037	0.999965	0.000111	1356715415.983824	0.999995	39.737977	26.608669	2.125713	0.999998	0.000186	1.000000	1.000000	1.000000	1.000000	0.999835	0.000007	0.999977	0.000066	1.001214	0.000008	1.013830	0.000036	1.000000	1.000000	
1356715416.983645	1.000010	35.736169	22.625369	5.889742	0.998899	0.728857	0.999975	0.726286	0.999977	0.726284	0.999947	0.000322	0.999909	0.000059	0.997796	0.000072	0.999731	0.000043	0.999927	0.000247	1356715416.983832	1.000008	36.776054	23.636497	2.409114	1.000044	0.000132	1.000000	0.726318	1.000000	0.726287	0.999917	0.000079	1.000000	0.000007	1.000072	0.000064	0.999547	0.000071	1.000000	1.000000	
1356715417.983635	0.999990	36.392714	23.280247	5.915053	0.999268	0.766061	0.999986	0.764038	0.999986	0.764001	0.972178	0.000547	0.999814	0.000106	1.000874	0.000187	0.970540	0.000578	0.809849	0.000362	1356715417.983831	0.999999	37.336263	24.196175	2.507678	0.999994	0.000707	1.000000	0.764044	1.000000	0.764014	0.999853	0.000029	0.999984	0.000099	0.998926	0.000020	1.000748	0.000041	1.000000	1.000000	
1356715418.983635	1.000000	40.495041	27.383957	6.119888	1.000000	1.000000	1.000000	1.000000	1.000000	1.000000	1.000017	0.000945	1.000463	0.000089	0.999921	0.000108	0.999557	0.000045	0.999765	0.000079	1356715418.983823	0.999992	39.810549	26.682101	2.050401	0.999944	0.000305	1.000000	1.000000	1.000000	1.000000	1.000147	0.000081	1.000311	0.000006	1.000011	0.000073	0.999972	0.000069	1.000000	1.000000	
1356715419.983635	1.000000	37.602997	24.493576	5.954742	0.999017	0.849339	0.999979	0.847217	0.999965	0.847237	0.985658	0.000441	0.999965	0.000033	0.983989	0.000008	1.000326	0.000036	0.881256	0.000126	1356715419.983817	0.999994	38.111723	24.981350	2.172742	0.999994	0.000301	1.000000	0.847261	1.000000	0.847232	0.998588	0.000007	0.999989	0.000072	0.999954	0.000008	1.000268	0.000007	1.000000	1.000000	
1356715420.983636	1.000001	35.524533	22.423975	5.666697	0.999412	0.703537	1.000000	0.701335	1.000000	0.701304	0.920384	0.000349	0.999935	0.000077	1.002245	0.000055	0.999591	0.000042	1.000135	0.000077	1356715420.983881	1.000064	36.369289	23.223858	2.439480	0.999954	0.000337	0.999999	0.701088	0.999999	0.701035	0.999780	0.000079	0.999143	0.000007	1.002202	0.000069	0.999873	0.000070	1.000000	1.000000	
1356715421.983635	0.999999	35.304752	22.194555	5.834616	0.998510	0.702792	0.999999	0.699192	1.000000	0.699179	0.941924	0.000287	0.999664	0.000032	0.999704	0.000008	0.998801	0.000041	1.000011	0.000141	1356715421.983827	0.999946	36.633627	23.498932	2.353826	0.999985	0.000371	1.000001	0.699422	1.000001	0.699381	1.003096	0.000007	1.000038	0.000051	0.984948	0.000008	0.998747	0.000007	1.000000	1.000000	
1356715422.983635	1.000000	40.730301	27.619293	6.125977	1.000000	1.000001	1.000001	1.000000	1.000000	1.000000	1.000074	0.001660	0.999504	0.000085	0.999862	0.000053	1.000187	0.000043	0.999636	0.000077	1356715422.983820	0.999993	39.798295	26.668260	2.108886	1.000011	0.000585	1.000000	1.000000	1.000000	1.000000	0.999793	0.000084	1.000926	0.000007	0.999866	0.000072	1.000107	0.000072	1.000000	1.000000	
1356715423.983642	1.000007	715758323.185132	715779971.582724	715794572.854632	0.999984	1.000085	0.999981	1.000087	0.999991	1.000085	0.999984	1.000085	0.999984	1.000088	0.999986	1.000082	0.999984	1.000088	0.999984	1.000085	1356715423.983731	0.999911	715832220.556723	715859438.411354	715877892.542839	0.999984	1.000085	0.999981	1.000087	3.893454	0.256861	0.999984	1.000085	0.999984	1.000087	0.999986	1.000082	0.999984	1.000087	0.999984	1.000085	
1356715424.983716	1.000074	0.000000	0.000000	0.000000	-nan	-nan	-nan	-nan	1514560746962.917725	inf	-nan	-nan	-nan	0.000000	0.000000	inf	-nan	-nan	-nan	-nan	1356715424.983811	1.000080	0.000000	0.000000	0.000000	-nan	-nan	-nan	-nan	1.345745	inf	-nan	-nan	-nan	-nan	-nan	-nan	-nan	-nan	-nan	-nan	
