ts_0	elapsed_0	pkg_0	pp0_0	dram_0	freq_ratio_0_0	c0_ratio_0_0	freq_ratio_0_1	c0_ratio_0_1	freq_ratio_0_2	c0_ratio_0_2	freq_ratio_0_3	c0_ratio_0_3	freq_ratio_0_4	c0_ratio_0_4	freq_ratio_0_5	c0_ratio_0_5	freq_ratio_0_6	c0_ratio_0_6	freq_ratio_0_7	c0_ratio_0_7	ts_1	elapsed_1	pkg_1	pp0_1	dram_1	freq_ratio_1_0	c0_ratio_1_0	freq_ratio_1_1	c0_ratio_1_1	freq_ratio_1_2	c0_ratio_1_2	freq_ratio_1_3	c0_ratio_1_3	freq_ratio_1_4	c0_ratio_1_4	freq_ratio_1_5	c0_ratio_1_5	freq_ratio_1_6	c0_ratio_1_6	freq_ratio_1_7	c0_ratio_1_7	
1356621280.573907	1.001821	53.780025	40.270842	5.608272	1.155018	0.658742	1.154088	0.651616	1.155059	0.659702	1.157537	0.680785	1.155132	0.663932	1.155058	0.664669	1.155240	0.664320	1.155058	0.663375	1356621280.574073	1.000426	51.141068	37.506771	6.852473	0.967296	0.962822	0.967253	0.963008	0.967281	0.962472	0.952710	0.665936	0.967759	0.000082	0.653408	0.000056	0.996419	0.000079	0.967211	0.963921	
1356621281.573903	0.999996	50.722892	37.204008	5.875390	0.913403	0.000130	0.921590	0.998446	0.921590	0.998446	0.921590	0.998445	0.921394	0.009772	0.921590	0.998444	0.921591	0.998442	0.922927	0.000014	1356621281.574064	0.999991	50.723436	37.041153	7.507209	0.917424	0.997596	0.917424	0.997594	0.917424	0.997592	0.917423	0.997592	0.903717	0.000142	0.919417	0.000048	0.913612	0.000013	0.917420	0.997590	
1356621282.573902	0.999999	50.768725	37.254735	5.869741	0.920305	0.004578	0.923061	0.998348	0.923061	0.998345	0.923061	0.998344	0.920892	0.002239	0.923062	0.998000	0.923062	0.998341	0.898717	0.000064	1356621282.574064	1.000000	50.771347	37.070221	7.561493	0.916337	0.997374	0.916337	0.997371	0.916337	0.997369	0.916338	0.997366	0.917784	0.000381	0.918427	0.000040	0.910981	0.000206	0.916341	0.997364	
1356621283.573902	1.000000	50.768982	37.264160	5.810486	0.925784	0.004575	0.925316	0.998285	0.925316	0.998282	0.925317	0.998281	0.925360	0.000312	0.925316	0.998281	0.925316	0.998279	0.919352	0.000009	1356621283.574070	1.000006	50.774569	37.089256	7.321886	0.915430	0.997338	0.915429	0.997335	0.915430	0.997334	0.915430	0.997330	0.910269	0.000123	0.923446	0.000050	0.917215	0.000043	0.915430	0.997330	
1356621284.573902	1.000000	50.767670	37.252106	5.821854	0.926030	0.001194	0.927664	0.997623	0.927664	0.997622	0.927664	0.997618	0.925794	0.000371	0.927663	0.997616	0.927664	0.997615	0.926252	0.000070	1356621284.574064	0.999994	50.775434	37.076805	7.324751	0.915491	0.997386	0.915491	0.997383	0.915491	0.997382	0.915491	0.997380	0.917485	0.000600	0.911388	0.000013	0.928450	0.000090	0.915488	0.997379	
1356621285.573902	1.000000	50.765579	37.261200	5.813187	0.921521	0.002475	0.927509	0.997236	0.927509	0.997235	0.927509	0.997232	0.929535	0.000313	0.927509	0.997231	0.927508	0.997228	0.934655	0.000036	1356621285.574064	1.000000	50.772964	37.087982	7.300018	0.915446	0.997258	0.915447	0.997256	0.915447	0.997251	0.915447	0.997248	0.912310	0.000271	0.914906	0.000050	0.884483	0.000043	0.915446	0.997249	
1356621286.573902	1.000000	50.765549	37.258820	5.853760	0.953167	0.000326	0.928086	0.996906	0.928084	0.997360	0.928083	0.997358	0.927475	0.000487	0.928086	0.996886	0.928087	0.996853	0.940039	0.000085	1356621286.574067	1.000003	50.771831	37.081977	7.288292	0.916038	0.997343	0.916038	0.997340	0.916037	0.997337	0.916037	0.997335	0.912426	0.000225	0.909934	0.000012	0.918846	0.000073	0.916038	0.997337	
1356621287.573902	1.000000	50.767426	37.253036	5.814041	0.927682	0.000130	0.927766	0.997357	0.927765	0.997354	0.927765	0.997353	0.927674	0.000327	0.927765	0.997350	0.927766	0.997347	0.926132	0.000027	1356621287.574071	1.000004	50.774941	37.071703	7.380250	0.916087	0.997679	0.916087	0.997684	0.916087	0.997684	0.916087	0.997679	0.910190	0.000261	0.907788	0.000049	0.884372	0.000042	0.916087	0.997673	
1356621288.573902	1.000000	50.768509	37.259430	5.802902	0.922401	0.000312	0.927562	0.997548	0.927563	0.997546	0.927563	0.997543	0.927856	0.000378	0.927562	0.997541	0.927562	0.997541	0.931705	0.000067	1356621288.574069	0.999998	50.770864	37.074061	7.358763	0.915013	0.997337	0.915013	0.997336	0.915013	0.997331	0.915013	0.997330	0.910933	0.000244	0.932604	0.000023	0.912368	0.000086	0.915013	0.997316	
1356621289.573902	1.000000	50.768555	37.242523	5.835068	0.926221	0.005066	0.925214	0.998284	0.925215	0.997690	0.925214	0.998281	0.923345	0.000297	0.925214	0.998281	0.925216	0.997687	0.923782	0.000025	1356621289.574068	0.999999	50.772540	37.051091	7.465827	0.914251	0.997297	0.914251	0.997294	0.914251	0.997291	0.914252	0.997290	0.894641	0.000454	0.951626	0.000047	0.920168	0.000039	0.914255	0.997302	
1356621290.573902	1.000000	50.770966	37.271927	5.777771	0.926706	0.005561	0.925143	0.997968	0.925142	0.997957	0.925142	0.997963	0.923743	0.000343	0.925143	0.997954	0.925142	0.997952	0.923134	0.000047	1356621290.574065	0.999997	50.779775	37.097069	7.053183	0.915505	0.997467	0.915505	0.997463	0.915504	0.997460	0.915504	0.997459	0.902426	0.000113	0.912643	0.000013	0.920589	0.000065	0.915501	0.997459	
1356621291.573902	1.000000	50.766891	37.248856	5.892609	0.927432	0.005365	0.925537	0.998229	0.925537	0.998237	0.925537	0.998227	0.925048	0.000305	0.925538	0.998225	0.925537	0.998232	0.924759	0.000014	1356621291.574066	1.000001	50.768583	37.057826	7.420724	0.914684	0.997378	0.914685	0.997375	0.914685	0.997373	0.914685	0.997379	0.897603	0.000126	0.919214	0.000045	0.918857	0.000039	0.914688	0.997371	
1356621292.573904	1.000002	50.718455	37.186239	5.852436	0.926185	0.005597	0.924763	0.998045	0.924764	0.998215	0.924763	0.998212	0.922974	0.000361	0.924762	0.998209	0.924764	0.998041	0.923618	0.000058	1356621292.574068	1.000002	50.776026	37.033117	7.591767	0.914673	0.997282	0.914676	0.997155	0.914677	0.997112	0.914678	0.997108	0.902000	0.000136	0.925283	0.000012	0.922828	0.000062	0.914674	0.997221	
1356621293.573902	0.999998	50.768163	37.249384	5.823452	0.925680	0.005368	0.925090	0.998232	0.925090	0.998232	0.925090	0.998236	0.927908	0.000305	0.925090	0.998229	0.925090	0.998226	0.915093	0.000014	1356621293.574069	1.000001	50.773267	37.064433	7.387978	0.914468	0.997494	0.914468	0.997491	0.914468	0.997489	0.914468	0.997489	0.908990	0.000121	0.889814	0.000048	0.923270	0.000038	0.914468	0.997488	
1356621294.573902	1.000000	50.772095	37.243027	5.773727	0.924852	0.006513	0.924263	0.998300	0.924263	0.997671	0.924263	0.998288	0.920513	0.000363	0.924263	0.998287	0.924264	0.997667	0.925577	0.000047	1356621294.574068	0.999999	50.724658	37.015218	7.358329	0.914340	0.997412	0.914340	0.997412	0.914340	0.997408	0.914340	0.997405	0.899037	0.000477	0.925023	0.000020	0.903771	0.000067	0.914340	0.997407	
1356621295.573902	1.000000	50.769638	37.251617	5.821701	0.919083	0.006212	0.922518	0.998137	0.922518	0.998127	0.922518	0.998136	0.921537	0.004150	0.922518	0.998124	0.922518	0.997699	0.918500	0.000014	1356621295.574069	1.000001	50.774610	37.070933	7.389947	0.913946	0.996942	0.913947	0.996961	0.913946	0.996922	0.913946	0.996921	0.921398	0.000166	0.896341	0.000059	0.923080	0.000050	0.913947	0.996982	
1356621296.573902	1.000000	50.769516	37.264954	5.790756	0.921430	0.002095	0.924899	0.998024	0.924898	0.998022	0.924898	0.998021	0.925070	0.002170	0.924898	0.998020	0.924898	0.998019	0.922895	0.000062	1356621296.574067	0.999998	50.776464	37.088434	7.187834	0.912231	0.997171	0.912231	0.997169	0.912231	0.997166	0.912231	0.997162	0.938541	0.000157	0.940255	0.000020	0.913514	0.003416	0.912227	0.997159	
1356621297.573902	1.000000	50.765335	37.277588	5.746841	0.919423	0.000119	0.927290	0.997564	0.927292	0.997562	0.927291	0.997560	0.929518	0.000312	0.927291	0.997560	0.927291	0.997557	0.926126	0.000014	1356621297.574066	0.999999	50.773318	37.108464	6.937842	0.911897	0.996904	0.911897	0.996902	0.911897	0.996899	0.911897	0.996896	0.915746	0.000143	0.887811	0.000047	0.914470	0.006031	0.911901	0.996897	
1356621298.573902	1.000000	715762673.974731	715795227.210251	715820372.326614	0.999877	1.000411	0.999877	1.000422	0.999885	1.000410	0.999871	1.000384	0.999876	1.000405	0.999879	1.000401	0.999876	1.000407	0.999876	1.000405	1356621298.573999	0.999933	715868376.022972	715857255.586896	715850386.774283	0.999875	1.000402	0.999872	1.000401	3.900868	0.256427	0.999877	1.000407	0.999876	1.000406	0.999879	1.000405	0.999875	1.000404	0.999877	1.000410	
1356621299.573908	1.000006	0.000000	0.000000	0.000000	-nan	-nan	-nan	-nan	0.000000	inf	-nan	-nan	-nan	0.000000	0.000000	inf	-nan	-nan	-nan	-nan	1356621299.573990	0.999991	0.000000	0.000000	0.000000	-nan	-nan	-nan	-nan	0.000000	inf	-nan	-nan	-nan	-nan	-nan	-nan	-nan	-nan	-nan	-nan	
1356621300.573901	0.999993	0.000000	0.000000	0.000000	-nan	-nan	-nan	-nan	-nan	-nan	-nan	-nan	-nan	0.000000	-nan	-nan	-nan	-nan	-nan	-nan	1356621300.573983	0.999993	0.000000	0.000000	0.000000	-nan	-nan	-nan	-nan	-nan	-nan	-nan	-nan	-nan	-nan	-nan	-nan	-nan	-nan	-nan	-nan	
