ts_0	elapsed_0	pkg_0	pp0_0	dram_0	freq_ratio_0_0	c0_ratio_0_0	freq_ratio_0_1	c0_ratio_0_1	freq_ratio_0_2	c0_ratio_0_2	freq_ratio_0_3	c0_ratio_0_3	freq_ratio_0_4	c0_ratio_0_4	freq_ratio_0_5	c0_ratio_0_5	freq_ratio_0_6	c0_ratio_0_6	freq_ratio_0_7	c0_ratio_0_7	ts_1	elapsed_1	pkg_1	pp0_1	dram_1	freq_ratio_1_0	c0_ratio_1_0	freq_ratio_1_1	c0_ratio_1_1	freq_ratio_1_2	c0_ratio_1_2	freq_ratio_1_3	c0_ratio_1_3	freq_ratio_1_4	c0_ratio_1_4	freq_ratio_1_5	c0_ratio_1_5	freq_ratio_1_6	c0_ratio_1_6	freq_ratio_1_7	c0_ratio_1_7	
1356624018.332946	1.001570	48.019337	34.716248	5.900328	1.155447	0.414926	1.154168	0.407229	1.154275	0.409621	1.155025	0.411690	1.153650	0.405605	1.155792	0.415311	1.154578	0.408671	1.155122	0.411327	1356624018.333130	1.000446	60.338990	46.307468	8.314727	0.999955	0.932699	1.000004	0.926362	0.999991	0.926019	1.000001	0.925975	1.000049	0.004643	1.001799	0.000120	1.000001	0.921135	0.999876	0.927281	
1356624019.332942	0.999996	49.675647	36.370860	6.106592	1.000000	0.999666	1.000000	0.999693	1.000000	0.999661	0.999999	0.999633	1.000211	0.000594	1.002759	0.000058	1.000885	0.000054	0.999903	0.009560	1356624019.333105	0.999975	63.558110	49.522251	8.548966	1.000000	1.000000	1.000000	1.000000	1.000000	1.000000	1.000000	1.000000	0.999505	0.000035	1.000843	0.000030	1.000000	1.000000	1.000000	1.000000	
1356624020.332942	1.000000	49.706833	36.384628	6.112640	1.000000	1.000000	1.000000	0.999953	1.000000	1.000000	1.000000	1.000000	1.001341	0.000417	0.998563	0.000013	0.997941	0.000013	1.000129	0.006292	1356624020.333112	1.000007	63.795015	49.729545	8.877823	1.000000	0.999921	1.000000	1.000000	1.000000	0.999925	1.000000	0.999924	0.999246	0.000042	0.999289	0.000065	1.000000	0.999922	1.000000	0.999959	
1356624021.332942	1.000000	50.650452	37.327026	6.124283	1.000000	1.000001	1.000000	1.000000	1.000000	1.000000	1.000001	1.000000	0.999799	0.003277	0.999997	0.003366	1.000017	0.002771	0.999980	0.003779	1356624021.333113	1.000001	65.621596	51.611370	8.558631	1.000000	1.000000	1.000000	1.000000	1.000000	1.000000	1.000000	1.000000	1.000015	0.002710	0.999796	0.002778	1.000000	1.000000	1.000000	1.000000	
1356624022.332941	0.999999	49.562517	36.234074	6.112845	1.000000	1.000000	1.000000	1.000000	1.000000	1.000000	0.999999	1.000000	1.000161	0.004151	1.004155	0.000035	1.001118	0.000013	1.000078	0.000074	1356624022.333109	0.999996	63.785812	49.727466	8.640462	1.000000	1.000000	1.000000	1.000000	1.000000	1.000000	1.000000	1.000000	1.000240	0.000043	1.006312	0.000090	1.000000	1.000000	1.000000	1.000000	
1356624023.332942	1.000001	49.491164	36.164501	6.106714	0.999999	1.000000	1.000000	1.000000	1.000000	1.000000	1.000000	1.000000	0.999029	0.000669	0.999199	0.000221	1.000732	0.000156	0.999866	0.000401	1356624023.333117	1.000008	63.643649	49.598261	8.611930	1.000000	1.000000	1.000000	1.000000	1.000000	1.000000	1.000000	1.000000	0.999865	0.000174	1.000090	0.000252	1.000000	1.000000	1.000000	1.000000	
1356624024.332942	1.000000	49.460052	36.128632	6.106415	1.000000	1.000000	1.000000	1.000000	1.000001	1.000000	1.000000	1.000000	1.001582	0.000418	1.000908	0.000061	0.995804	0.000025	1.000400	0.000354	1356624024.333111	0.999994	63.458600	49.381367	8.750388	1.000000	1.000000	1.000000	1.000000	1.000000	1.000000	1.000000	1.000000	1.000096	0.000044	1.000049	0.000079	1.000000	1.000000	1.000000	1.000000	
1356624025.332942	1.000000	49.492691	36.163528	6.113098	1.000000	1.000000	1.000000	1.000000	1.000000	1.000000	1.000000	1.000000	1.000019	0.000413	1.000031	0.000074	0.991952	0.000062	0.999850	0.000332	1356624025.333108	0.999997	63.497633	49.449952	8.611813	1.000000	1.000000	1.000000	1.000000	1.000000	1.000000	1.000000	1.000000	0.999750	0.000037	1.000444	0.000030	1.000000	1.000000	1.000000	1.000000	
1356624026.332942	1.000000	49.404053	36.084305	6.124908	1.000000	1.000000	1.000000	1.000000	1.000000	1.000000	1.000000	1.000000	0.998813	0.000538	0.999617	0.000049	1.020670	0.000024	0.999945	0.000914	1356624026.333107	0.999999	63.432815	49.363984	8.695641	1.000000	1.000000	1.000000	1.000000	1.000000	1.000000	1.000000	1.000000	1.000270	0.000067	0.999623	0.000084	1.000000	1.000000	1.000000	1.000000	
1356624027.332942	1.000000	49.635895	36.304306	6.100266	1.000000	1.000000	1.000000	1.000000	1.000000	1.000001	1.000000	1.000000	1.000104	0.005485	1.001109	0.000072	0.999775	0.000046	1.000010	0.002093	1356624027.333120	1.000013	63.454658	49.368920	8.813941	1.000000	1.000000	1.000000	1.000000	1.000000	1.000000	1.000000	1.000000	0.995385	0.000034	0.999452	0.000060	1.000000	1.000000	1.000000	1.000000	
1356624028.332942	1.000000	49.616806	36.280792	6.081528	1.000000	1.000000	1.000000	1.000000	0.999999	0.999621	1.000000	1.000000	0.999882	0.005909	0.996929	0.000035	1.006749	0.000013	0.999133	0.000075	1356624028.333118	0.999998	63.457229	49.381305	8.653047	1.000000	1.000000	1.000000	1.000000	1.000000	1.000000	1.000000	1.000000	1.002501	0.000042	1.000457	0.000085	1.000000	1.000000	1.000000	0.999780	
1356624029.332942	1.000000	49.591309	36.253738	6.100311	1.000000	1.000000	1.000000	1.000000	1.000000	1.000000	1.000001	1.000001	1.000006	0.006563	1.001663	0.000088	0.997099	0.000050	1.000374	0.000108	1356624029.333115	0.999997	63.442396	49.375306	8.647717	1.000000	0.999947	1.000000	0.999972	1.000000	0.999950	1.000000	0.999949	1.001107	0.000035	1.001991	0.000030	1.000000	0.999948	1.000000	1.000000	
1356624030.332942	1.000000	49.457687	36.133972	6.113113	1.000000	1.000000	1.000000	0.999999	1.000000	1.000000	0.999998	0.999999	0.999992	0.002008	0.995131	0.000033	1.003906	0.000013	0.999822	0.000076	1356624030.333113	0.999998	63.381804	49.341189	8.588350	1.000000	1.000000	1.000000	1.000000	1.000000	1.000000	1.000000	1.000000	0.999685	0.000044	0.999148	0.000067	1.000000	1.000000	1.000000	1.000000	
1356624031.332941	0.999999	49.529298	36.201222	6.125006	1.000000	1.000000	1.000001	1.000000	0.999999	1.000000	1.000001	1.000001	0.999978	0.004684	1.000566	0.000074	1.001611	0.000047	1.000190	0.000422	1356624031.333110	0.999997	63.478590	49.401673	8.662563	1.000000	1.000000	1.000000	1.000000	1.000000	1.000000	1.000000	1.000000	1.000505	0.000037	0.999965	0.000033	1.000000	1.000000	1.000000	1.000000	
1356624032.332941	1.000000	49.450287	36.104523	6.124451	1.000000	1.000000	1.000000	0.999999	1.000000	1.000000	1.000000	1.000000	1.000211	0.000843	0.993924	0.000033	0.987517	0.000014	0.998663	0.000076	1356624032.333111	1.000001	63.546265	49.421614	8.919211	1.000000	1.000000	1.000000	1.000000	1.000000	1.000000	1.000000	1.000000	0.999654	0.000044	0.999893	0.000090	1.000000	1.000000	1.000000	1.000000	
1356624033.332941	1.000000	49.412933	36.077881	6.125153	1.000000	1.000000	1.000000	1.000001	1.000000	0.999999	1.000000	1.000000	1.000025	0.001129	1.002318	0.000071	1.000570	0.000051	0.999792	0.000113	1356624033.333115	1.000004	63.505938	49.425123	8.716670	1.000000	1.000000	1.000000	1.000000	1.000000	1.000000	1.000000	1.000000	1.000328	0.000039	0.999737	0.000056	1.000000	1.000000	1.000000	1.000000	
1356624034.332941	1.000000	49.604752	36.271927	6.106430	1.000000	1.000000	1.000000	1.000000	1.000000	1.000000	1.000000	1.000000	1.000010	0.005646	1.001381	0.000035	1.002450	0.000013	1.000546	0.000077	1356624034.333109	0.999994	63.464383	49.377980	8.804587	1.000000	1.000000	1.000000	1.000000	1.000000	1.000000	1.000000	1.000000	0.999227	0.000042	1.000157	0.000066	1.000000	1.000000	1.000000	1.000000	
1356624035.332941	1.000000	49.534607	36.195236	6.124695	1.000000	1.000000	1.000000	1.000000	1.000000	1.000000	1.000000	1.000000	0.999957	0.005497	0.999518	0.000067	0.999793	0.000045	1.000013	0.000118	1356624035.333114	1.000005	63.467822	49.388669	8.724627	1.000000	1.000000	1.000000	1.000000	1.000000	1.000000	1.000000	1.000000	1.000901	0.000034	1.000051	0.000030	1.000000	1.000000	1.000000	1.000000	
1356624036.332949	1.000008	715792955.276283	715817808.095115	715795368.883641	0.999922	1.000705	0.999922	1.000716	0.999932	1.000711	0.999923	1.000708	0.999925	1.000718	0.999925	1.000702	0.999924	1.000715	0.999923	1.000709	1356624036.333045	0.999931	715827425.623777	715860357.622442	715851443.224736	0.999923	1.000707	0.999920	1.000709	3.897566	0.256736	0.999923	1.000707	0.999924	1.000716	0.999926	1.000707	0.999924	1.000715	0.999923	1.000709	
1356624037.332941	0.999992	0.000000	0.000000	0.000000	-nan	-nan	-nan	-nan	8.000000	inf	-nan	-nan	-nan	0.000000	-nan	-nan	-nan	-nan	-nan	-nan	1356624037.333029	0.999984	0.000000	0.000000	0.000000	-nan	-nan	-nan	-nan	0.000000	inf	-nan	-nan	-nan	-nan	-nan	-nan	-nan	-nan	-nan	-nan	
1356624038.332988	1.000047	0.000000	0.000000	0.000000	-nan	-nan	-nan	-nan	1518473500447.271484	inf	-nan	-nan	-nan	0.000000	-nan	-nan	-nan	-nan	-nan	-nan	1356624038.333069	1.000040	0.000000	0.000000	0.000000	-nan	-nan	-nan	-nan	inf	-nan	-nan	-nan	-nan	-nan	-nan	-nan	-nan	-nan	-nan	-nan	
