ts_0	elapsed_0	pkg_0	pp0_0	dram_0	freq_ratio_0_0	c0_ratio_0_0	freq_ratio_0_1	c0_ratio_0_1	freq_ratio_0_2	c0_ratio_0_2	freq_ratio_0_3	c0_ratio_0_3	freq_ratio_0_4	c0_ratio_0_4	freq_ratio_0_5	c0_ratio_0_5	freq_ratio_0_6	c0_ratio_0_6	freq_ratio_0_7	c0_ratio_0_7	ts_1	elapsed_1	pkg_1	pp0_1	dram_1	freq_ratio_1_0	c0_ratio_1_0	freq_ratio_1_1	c0_ratio_1_1	freq_ratio_1_2	c0_ratio_1_2	freq_ratio_1_3	c0_ratio_1_3	freq_ratio_1_4	c0_ratio_1_4	freq_ratio_1_5	c0_ratio_1_5	freq_ratio_1_6	c0_ratio_1_6	freq_ratio_1_7	c0_ratio_1_7	
1356624018.344357	1.001703	59.924391	46.449216	7.716701	1.155275	0.260206	1.156372	0.262139	1.154897	0.256914	1.156584	0.262475	1.154278	0.254074	1.157262	0.264663	1.156177	0.260845	1.155424	0.257597	1356624018.344483	1.000375	47.326901	33.624185	7.692534	0.999997	0.940473	0.999938	0.940394	1.000001	0.939892	0.858021	0.000133	1.005916	0.000076	1.003969	0.000121	0.811282	0.000104	0.999954	0.941047	
1356624019.344352	0.999995	64.463259	50.949062	7.969110	1.000000	1.000000	1.000000	1.000000	1.000000	1.000000	1.000001	1.000000	1.000000	1.000000	1.000001	1.000000	0.999851	0.003796	0.999810	0.003238	1356624019.344444	0.999961	51.797023	38.059929	8.107052	1.000000	1.000000	1.000000	1.000000	1.000000	1.000000	1.000009	0.003026	0.999808	0.002991	0.999985	0.004294	0.999989	0.002978	1.000000	1.000000	
1356624020.344351	0.999999	62.267821	48.735139	8.064385	1.000000	1.000001	1.000000	0.999999	1.000000	1.000000	1.000000	1.000000	1.000000	1.000000	1.000000	1.000000	1.000028	0.000486	1.008897	0.000050	1356624020.344458	1.000014	48.895064	35.134455	8.065240	1.000000	1.000000	1.000000	1.000000	1.000000	1.000000	0.997933	0.000007	1.010842	0.000051	1.000126	0.000095	1.000571	0.000059	1.000000	1.000000	
1356624021.344351	1.000000	62.304245	48.773514	8.007767	1.000000	1.000000	1.000000	1.000000	1.000000	1.000000	1.000000	1.000000	1.000000	1.000000	1.000000	1.000000	0.999804	0.000457	1.010918	0.000008	1356624021.344462	1.000004	48.912201	35.157237	8.093061	1.000000	1.000000	1.000000	1.000000	1.000000	1.000000	1.000050	0.000069	1.003607	0.000007	1.000302	0.000059	1.000433	0.000007	1.000000	1.000000	
1356624022.344351	1.000000	62.322449	48.786652	8.051910	1.000000	1.000000	1.000000	1.000000	1.000000	1.000000	1.000000	1.000000	1.000000	1.000000	1.000000	1.000000	1.000185	0.000709	0.999817	0.000227	1356624022.344462	1.000000	48.996582	35.240204	8.081909	1.000000	1.000000	1.000000	1.000000	1.000000	1.000000	1.000072	0.000107	0.999961	0.000120	0.999844	0.000133	0.999879	0.000293	1.000000	1.000000	
1356624023.344351	1.000000	62.317688	48.796188	7.907272	1.000000	1.000000	1.000000	1.000000	1.000000	1.000000	1.000000	1.000000	1.000000	1.000000	1.000000	1.000000	0.999508	0.000439	1.001292	0.000033	1356624023.344458	0.999996	48.905395	35.174688	8.088992	1.000000	1.000000	1.000000	1.000000	1.000000	1.000000	0.991959	0.000064	0.997039	0.000007	0.999847	0.000058	1.004591	0.000007	1.000000	1.000000	
1356624024.344353	1.000002	62.422336	48.895750	8.028900	1.000000	0.999508	1.000000	0.999504	1.000000	0.999564	0.999999	0.999549	1.000000	0.999506	1.000000	1.000000	1.000255	0.000481	1.000062	0.000106	1356624024.344472	1.000014	48.993055	35.240975	8.095025	1.000000	1.000000	1.000000	1.000000	1.000000	1.000000	1.009040	0.000056	1.000360	0.000076	0.998713	0.000397	0.993287	0.000076	1.000000	0.999556	
1356624025.344351	0.999998	62.317532	48.784257	8.052017	1.000000	1.000000	1.000000	1.000000	1.000000	1.000000	1.000000	1.000000	1.000000	0.999999	1.000000	1.000000	1.000065	0.000459	0.991753	0.000034	1356624025.344463	0.999991	48.963258	35.188093	8.073544	1.000000	1.000000	1.000000	1.000000	1.000000	1.000000	0.999726	0.000132	0.998466	0.000007	1.007578	0.000073	1.021875	0.000022	1.000000	1.000000	
1356624026.344351	1.000000	62.431824	48.887009	8.102310	1.000000	0.999839	1.000000	0.999835	0.999977	0.999892	1.000000	0.999443	1.000000	0.999837	1.000000	0.999806	1.000039	0.000441	1.004063	0.000069	1356624026.344461	0.999998	48.979235	35.206259	8.099335	1.000000	1.000000	1.000000	1.000000	1.000000	1.000000	1.001741	0.000007	1.000162	0.000052	1.000528	0.000099	0.999982	0.000065	1.000000	1.000000	
1356624027.344351	1.000000	62.434357	48.901657	7.980255	1.000000	1.000000	1.000000	1.000000	1.000000	1.000000	1.000001	1.000000	1.000000	1.000000	1.000000	1.000000	0.999943	0.000453	0.996211	0.000034	1356624027.344462	1.000001	49.006591	35.250180	8.107109	1.000000	1.000000	1.000000	1.000000	1.000000	1.000000	1.000009	0.002072	0.997486	0.000007	0.999049	0.000058	1.000174	0.000033	1.000000	1.000000	
1356624028.344351	1.000000	62.449036	48.903809	8.026901	1.000000	1.000000	1.000000	1.000000	1.000000	1.000000	1.000000	1.000000	1.000000	1.000000	1.000000	1.000000	1.000008	0.000457	1.001420	0.000078	1356624028.344460	0.999998	49.004519	35.234808	8.088226	1.000000	1.000000	1.000000	1.000000	1.000000	1.000000	0.998780	0.000007	1.000074	0.000052	1.000503	0.000096	0.999984	0.000049	1.000000	1.000000	
1356624029.344351	1.000000	62.465103	48.911118	8.146210	1.000000	1.000000	1.000000	1.000000	1.000000	1.000000	1.000000	1.000000	1.000000	1.000000	1.000000	1.000000	0.999834	0.000431	0.999605	0.000034	1356624029.344458	0.999998	48.962648	35.185889	8.098908	1.000000	1.000000	1.000000	1.000000	1.000000	1.000000	0.999414	0.000068	0.999196	0.000007	0.999877	0.000365	0.998116	0.000007	1.000000	1.000000	
1356624030.344351	1.000000	62.493652	48.958527	7.994965	1.000000	1.000000	1.000000	1.000000	1.000000	1.000000	1.000000	1.000000	1.000000	0.999999	1.000000	0.999999	0.999845	0.000491	0.999101	0.000066	1356624030.344462	1.000004	49.002929	35.252848	8.081037	1.000000	1.000000	1.000000	1.000000	1.000000	1.000000	1.002751	0.000007	0.999587	0.000052	0.999595	0.000094	1.000243	0.000064	1.000000	1.000000	
1356624031.344351	1.000000	62.513153	48.955429	8.074310	1.000000	1.000000	1.000000	1.000000	1.000000	1.000000	1.000000	1.000000	1.000000	1.000001	1.000000	1.000000	1.000077	0.000462	1.002578	0.000034	1356624031.344465	1.000003	49.000214	35.220441	8.069570	1.000000	1.000000	1.000000	1.000000	1.000000	1.000000	1.000272	0.000069	1.004538	0.000007	1.000339	0.000058	0.997959	0.000007	1.000000	1.000000	
1356624032.344351	1.000000	62.545288	48.998856	8.041336	1.000000	0.999562	1.000000	0.999557	0.999976	0.999615	0.999999	0.999560	1.000000	0.999559	1.000000	0.999525	1.000014	0.000470	0.999807	0.000076	1356624032.344467	1.000002	49.006910	35.242227	8.081467	1.000000	1.000000	1.000000	0.999574	1.000000	1.000000	1.001098	0.000007	0.999835	0.000052	1.000035	0.000098	1.000129	0.000087	1.000000	1.000000	
1356624033.344351	1.000000	62.576691	49.034149	7.976349	1.000000	1.000000	1.000000	1.000000	1.000000	1.000000	1.000000	1.000000	1.000000	1.000000	1.000000	1.000000	0.999812	0.000438	0.997143	0.000034	1356624033.344464	0.999997	48.999908	35.240710	8.091868	1.000000	1.000000	1.000000	1.000000	1.000000	1.000000	0.999994	0.000064	0.993634	0.000007	0.999487	0.000057	0.996156	0.000007	1.000000	1.000000	
1356624034.344351	1.000000	62.591934	49.034653	7.976425	1.000000	1.000000	1.000000	1.000000	1.000000	1.000000	1.000000	1.000000	1.000000	1.000000	1.000000	1.000000	1.000082	0.000456	0.999430	0.000068	1356624034.344460	0.999996	49.025849	35.248998	8.121691	1.000000	1.000000	1.000000	1.000000	1.000000	1.000000	0.996546	0.000007	1.001125	0.000053	1.000046	0.000387	1.000651	0.000058	1.000000	1.000000	
1356624035.344351	1.000000	62.447235	48.916183	8.053482	1.000000	1.000000	1.000000	1.000000	1.000000	1.000000	1.000000	1.000000	1.000000	1.000000	1.000000	1.000000	0.999947	0.000481	1.005107	0.000035	1356624035.344458	0.999998	48.993410	35.230399	8.074158	1.000000	1.000000	1.000000	1.000000	1.000000	1.000000	0.992104	0.000066	0.995877	0.000007	1.000282	0.000058	0.996394	0.000007	1.000000	1.000000	
1356624036.344358	1.000007	715795024.711524	715811099.646354	715801172.604914	0.999951	1.000891	0.999948	1.000891	0.999952	1.000903	0.999951	1.000888	0.999953	1.000901	0.999952	1.000883	0.999951	1.000893	0.999952	1.000894	1356624036.344456	0.999998	715765359.290572	715796921.918888	715799892.704553	0.999952	1.000892	0.999948	1.000890	3.895598	0.256920	0.999950	1.000885	0.999951	1.000894	0.999954	1.000890	0.999951	1.000893	0.999952	1.000894	
1356624037.344351	0.999993	0.000000	0.000000	0.000000	-nan	-nan	-nan	-nan	0.000000	inf	-nan	-nan	-nan	0.000000	-nan	-nan	-nan	-nan	-nan	-nan	1356624037.344436	0.999980	0.000000	0.000000	0.000000	-nan	-nan	-nan	-nan	0.000000	inf	-nan	-nan	-nan	-nan	-nan	-nan	-nan	-nan	-nan	-nan	
1356624038.344388	1.000037	0.000000	0.000000	0.000000	-nan	-nan	-nan	-nan	0.000000	inf	-nan	-nan	-nan	0.000000	-nan	-nan	-nan	-nan	-nan	-nan	1356624038.344481	1.000045	0.000000	0.000000	0.000000	-nan	-nan	-nan	-nan	inf	-nan	-nan	-nan	-nan	-nan	-nan	-nan	-nan	-nan	-nan	-nan	
