ts_0	elapsed_0	pkg_0	pp0_0	dram_0	freq_ratio_0_0	c0_ratio_0_0	freq_ratio_0_1	c0_ratio_0_1	freq_ratio_0_2	c0_ratio_0_2	freq_ratio_0_3	c0_ratio_0_3	freq_ratio_0_4	c0_ratio_0_4	freq_ratio_0_5	c0_ratio_0_5	freq_ratio_0_6	c0_ratio_0_6	freq_ratio_0_7	c0_ratio_0_7	ts_1	elapsed_1	pkg_1	pp0_1	dram_1	freq_ratio_1_0	c0_ratio_1_0	freq_ratio_1_1	c0_ratio_1_1	freq_ratio_1_2	c0_ratio_1_2	freq_ratio_1_3	c0_ratio_1_3	freq_ratio_1_4	c0_ratio_1_4	freq_ratio_1_5	c0_ratio_1_5	freq_ratio_1_6	c0_ratio_1_6	freq_ratio_1_7	c0_ratio_1_7	
1356746359.544166	0.038561	38.859729	25.757174	3.446187	1.154587	0.448306	1.153504	0.444498	1.153885	0.445862	1.154325	0.450245	1.153611	0.446424	1.154180	0.448218	1.153724	0.442608	1.154824	0.448667	1356746359.544584	0.037405	30.423742	17.294376	2.287288	0.726194	0.002248	0.717232	0.000543	1.271070	0.000346	1.007633	0.004773	1.242752	0.000357	0.644295	0.001148	0.912599	0.000464	1.269389	0.000340	
1356746359.546531	0.002365	28.625806	17.374194	2.283871	0.972452	0.028408	0.838171	0.055545	1.249915	0.002482	1.249796	0.002542	1.263458	0.350084	1.254215	0.010114	1.249639	0.011041	1.265070	0.009737	1356746359.546737	0.002153	34.381395	15.861794	2.728682	0.536155	0.012254	1.264593	0.002893	0.771432	0.004861	1.284941	0.003297	1.297255	0.002994	0.525897	0.016232	0.698876	0.004573	1.274000	0.003007	
1356746359.576780	0.030249	41.439034	27.778867	3.233949	1.204686	0.003191	0.667192	0.004617	1.224460	0.000194	1.225288	0.000192	1.267565	0.949323	1.256435	0.001441	1.227667	0.000194	0.761548	0.000796	1356746359.576984	0.030247	17.046656	3.860734	2.108194	0.552730	0.000799	0.721977	0.000363	0.713327	0.000370	0.531651	0.001382	1.271589	0.000211	0.726426	0.000366	0.699390	0.000376	1.234160	0.000215	
1356746379.244845	19.668065	63.969960	50.281707	6.490758	1.230503	0.925167	1.230595	0.925059	1.230593	0.925027	1.145275	0.000567	1.180473	0.000228	1.164444	0.000166	1.156779	0.000167	1.230595	0.922608	1356746379.245340	19.668356	65.057376	51.274883	5.876554	1.230712	0.925361	1.230713	0.925343	1.230710	0.915198	1.179540	0.000508	1.158375	0.000154	1.170118	0.000200	1.161310	0.000160	1.233567	0.999544	
1356746379.368661	0.123816	19.235665	5.942517	4.993711	0.535792	0.018895	0.528596	0.001320	1.265026	0.000055	1.256476	0.000205	1.258490	0.000184	1.273795	0.000196	1.252949	0.000055	0.621606	0.000169	1356746379.369005	0.123665	37.486509	24.165047	4.150649	1.268822	0.000085	1.270002	0.000045	1.272417	0.000078	1.267891	0.000040	1.243452	0.000113	1.259128	0.000276	1.259819	0.000330	1.268901	0.987431	
1356746379.485161	0.116500	18.636040	5.322899	5.179348	0.525965	0.016714	0.661799	0.001154	0.747374	0.000096	0.712603	0.001117	0.823991	0.000401	0.803123	0.000465	1.284165	0.000058	0.703778	0.000080	1356746379.485516	0.116511	37.480526	24.148759	4.413757	1.271838	0.000091	1.268786	0.000041	1.268805	0.000048	0.717795	0.000410	0.923185	0.000059	1.267807	0.000183	1.266310	0.000050	1.268761	0.986723	
1356746379.593727	0.108566	19.707141	6.411961	4.871831	0.517235	0.017351	0.627742	0.001405	0.747649	0.000175	0.766028	0.000771	1.096447	0.000296	1.106771	0.000314	1.269082	0.000125	1.269382	0.000127	1356746379.594036	0.108520	37.470215	24.123700	4.093803	1.268953	0.000194	1.268981	0.000102	1.269218	0.000103	1.271833	0.000103	1.378762	0.000170	1.250347	0.000187	1.261917	0.000481	1.268852	0.985670	
1356746379.707390	0.113663	20.066410	6.775392	5.002137	0.520698	0.015381	0.651574	0.001192	1.266446	0.000061	0.812517	0.000603	0.904739	0.000378	0.816766	0.000459	1.270454	0.000059	1.269079	0.000059	1356746379.707657	0.113621	37.448167	24.130753	4.031685	1.264285	0.000093	1.261960	0.000059	1.267442	0.000050	0.712050	0.000404	1.268232	0.000044	1.270991	0.000178	1.262940	0.000051	1.268772	0.988295	
1356746379.821566	0.114176	18.466876	5.116777	5.203511	0.524106	0.017681	0.817509	0.001046	0.762244	0.000100	0.656333	0.001024	0.580032	0.000399	1.256985	0.000210	1.275143	0.000060	1.265111	0.000061	1356746379.821926	0.114269	37.465476	24.100334	3.805049	1.271239	0.000093	1.276563	0.000048	1.269603	0.000049	1.269658	0.000049	1.269343	0.000118	1.245576	0.000129	0.556599	0.000755	1.268897	0.987760	
1356746379.928525	0.106959	18.835118	5.583286	5.038467	0.523843	0.015449	0.924565	0.000903	0.695515	0.000088	1.072484	0.000273	1.265820	0.000295	1.240836	0.000334	1.262610	0.000063	0.816717	0.000086	1356746379.929011	0.107085	37.607714	24.218565	4.119881	1.268972	0.000097	1.271321	0.000052	1.250666	0.000425	0.880721	0.000659	1.269517	0.000374	1.238760	0.000217	1.269009	0.000569	1.269036	0.985547	
1356746380.047074	0.118549	20.057446	6.757937	5.094196	0.501985	0.014572	0.734716	0.001481	0.745754	0.000099	0.780608	0.000593	0.875950	0.000655	0.866039	0.000687	1.260262	0.000057	1.268399	0.000342	1356746380.047397	0.118386	37.186474	23.949072	3.754053	1.271007	0.000089	1.269447	0.000047	1.268819	0.000047	1.269847	0.000047	1.244377	0.000117	1.244176	0.000128	0.799803	0.000615	1.268937	0.984131	
1356746380.156749	0.109675	18.026878	4.748140	5.136027	0.507392	0.017244	0.715684	0.001126	0.706241	0.000086	1.269348	0.000235	1.262298	0.000286	1.268801	0.000314	1.268920	0.000063	0.827452	0.000084	1356746380.157005	0.109608	37.405967	24.080134	3.926069	1.272214	0.000096	1.269203	0.000043	1.268883	0.000051	0.860765	0.000619	1.269777	0.000045	1.261469	0.000196	1.618255	0.000045	1.268963	0.986821	
1356746380.274073	0.117324	20.000642	6.675811	4.891303	0.520310	0.019558	0.765441	0.001004	1.270498	0.000059	0.630444	0.000725	0.762757	0.000312	1.269446	0.000207	1.283639	0.000058	0.764281	0.000097	1356746380.274465	0.117460	37.543814	24.206210	3.943564	1.265054	0.000090	1.268653	0.000041	1.269714	0.000048	1.269347	0.000047	1.240532	0.000128	1.247074	0.000126	0.844452	0.000609	1.269167	0.988117	
1356746380.376193	0.102120	19.837038	6.617974	5.128254	0.528189	0.017689	0.522757	0.001584	0.618473	0.000208	1.269273	0.000252	1.104734	0.000330	1.268420	0.000330	0.761220	0.000172	0.699704	0.000090	1356746380.376563	0.102098	37.714611	24.320538	4.180184	1.253596	0.000405	1.269048	0.000093	1.268545	0.000055	1.260433	0.002856	1.281902	0.000056	1.265346	0.000470	1.267483	0.000048	1.268850	0.984768	
1356746380.491290	0.115097	19.485086	6.136683	4.989129	0.481720	0.015943	0.791556	0.000981	0.689677	0.000084	0.637903	0.001237	0.959263	0.000259	1.269225	0.000213	0.759557	0.000085	1.268971	0.000060	1356746380.491602	0.115039	37.332858	24.058511	3.798412	1.265402	0.000123	1.269343	0.000048	1.262979	0.000058	1.272646	0.000049	1.244540	0.000121	1.244320	0.000121	0.849916	0.000679	1.268890	0.988534	
1356746380.596542	0.105252	19.175398	5.836791	5.074084	0.527500	0.018898	0.559449	0.001595	0.728809	0.000198	0.809299	0.000810	0.930129	0.000465	1.275664	0.000393	1.274856	0.000135	1.268971	0.000131	1356746380.596871	0.105269	37.494494	24.127013	3.804661	1.269871	0.000201	1.269105	0.000105	1.272828	0.000106	0.768362	0.000495	1.268835	0.000094	1.264056	0.000248	1.270332	0.000108	1.268829	0.986171	
1356746380.717596	0.121054	18.633899	5.377272	5.029123	0.517974	0.020424	0.623249	0.001209	1.271026	0.000057	0.643848	0.000694	0.830124	0.000280	1.259704	0.000204	1.254857	0.000055	0.799416	0.000088	1356746380.717913	0.121042	37.421230	24.136320	4.051756	1.271824	0.000087	1.269669	0.000040	1.268996	0.000046	1.269741	0.000046	1.269901	0.000111	1.243398	0.000121	0.536132	0.000702	1.269169	0.986245	
1356746380.838464	0.120868	18.491509	5.229130	4.993560	0.510414	0.014338	0.578382	0.001231	0.764928	0.000095	0.673837	0.000987	1.266995	0.000259	1.099190	0.000329	0.750641	0.000094	0.745807	0.000094	1356746380.838847	0.120934	37.603788	24.219323	3.779431	1.267074	0.000116	1.268622	0.000046	1.269146	0.000046	0.881112	0.000566	1.269464	0.000047	1.263826	0.000241	1.278565	0.000047	1.268974	0.994005	
1356746380.941505	0.103041	21.414681	8.042778	5.274926	0.545371	0.023719	0.620274	0.001330	0.697462	0.000091	0.678463	0.000407	0.737753	0.000380	0.811409	0.000341	0.760761	0.000623	0.462402	0.000133	1356746380.941930	0.103083	37.321109	24.053529	4.111527	1.270351	0.000420	1.269199	0.000346	1.268983	0.000054	1.269215	0.000473	1.244503	0.000134	1.262380	0.000490	1.260262	0.000388	1.268891	0.987152	
1356746381.040146	0.098641	21.651067	8.361163	5.008716	0.628867	0.024644	0.635686	0.001552	0.743242	0.000757	0.883144	0.001114	0.860874	0.000544	0.755279	0.000586	0.732607	0.000117	0.699250	0.000094	1356746381.040556	0.098626	37.364160	24.049644	3.829167	1.247164	0.000247	1.222999	0.000118	1.226641	0.000127	0.767084	0.000545	1.266485	0.000050	1.262201	0.000215	1.263961	0.000058	1.268683	0.985796	
1356746381.150189	0.110043	18.503334	5.249466	5.166546	0.517515	0.016711	1.197062	0.000678	0.694738	0.000086	1.043140	0.000262	1.030582	0.000235	1.036498	0.000255	0.706117	0.000088	1.270420	0.000062	1356746381.150624	0.110068	37.569687	24.186995	3.845193	1.269456	0.000095	1.263096	0.000059	1.270315	0.000051	1.269797	0.000236	1.244569	0.000127	0.615388	0.000269	0.721067	0.000597	1.268735	0.988639	
1356746381.258068	0.107879	18.617238	5.207531	5.218705	0.495580	0.014818	0.628410	0.001309	1.271516	0.000064	0.781117	0.000657	1.269597	0.000286	1.269367	0.000316	1.268289	0.000064	1.269114	0.000065	1356746381.258388	0.107764	37.430644	24.129683	4.082877	1.264920	0.000099	1.276989	0.000051	1.268105	0.000052	1.254938	0.000227	1.269501	0.000052	1.261575	0.000273	1.268263	0.000053	1.268924	0.987619	
1356746381.367973	0.109905	17.963317	4.667949	4.903693	0.499280	0.016269	0.596968	0.001338	1.269693	0.000063	0.707635	0.000673	1.273925	0.000200	1.071256	0.000260	0.736346	0.000106	0.778797	0.000154	1356746381.368438	0.110050	37.641594	24.260443	3.909329	1.272948	0.000095	1.269443	0.000050	1.269382	0.000085	1.270430	0.000050	1.245457	0.000132	1.260648	0.000380	0.850139	0.000621	1.269163	0.987381	
1356746381.470064	0.102091	19.135686	5.756250	5.173944	0.505496	0.020015	0.689849	0.001232	1.261462	0.000069	0.837822	0.000959	1.272827	0.000303	1.125424	0.000361	0.713372	0.000091	1.271360	0.000068	1356746381.470402	0.101964	37.256414	23.981518	4.246285	1.264519	0.000105	1.269456	0.000054	1.269278	0.000055	0.692433	0.000460	1.269439	0.000048	1.258906	0.000277	1.267137	0.000056	1.268758	0.984813	
1356746381.574244	0.104180	19.616416	6.365976	5.169353	0.538029	0.020494	0.757894	0.001231	1.264727	0.000132	1.269421	0.000308	1.268932	0.000278	1.274103	0.000294	1.269572	0.000130	1.267749	0.000129	1356746381.574566	0.104164	37.500122	24.113876	3.913142	1.270658	0.000213	1.268805	0.000100	1.269381	0.000100	1.265899	0.000094	1.251705	0.000188	1.252483	0.000189	0.840654	0.000719	1.268805	0.985606	
1356746381.681444	0.107200	28.420800	15.051413	4.972348	0.867276	0.007621	1.268735	0.000733	1.290243	0.000064	0.929414	0.000863	1.232440	0.000302	1.261796	0.000326	0.826360	0.000101	1.272117	0.000063	1356746381.681873	0.107307	37.495510	24.153964	3.859811	1.266765	0.000099	1.269864	0.000052	1.263302	0.000053	0.743449	0.000377	1.271724	0.000045	1.264331	0.000197	1.269777	0.000053	1.269037	0.990457	
1356746381.785527	0.104083	28.561009	15.205270	4.830244	1.000302	0.006467	1.252218	0.000762	1.264533	0.000067	1.257337	0.000250	1.147017	0.000244	1.258038	0.000238	1.264935	0.000063	1.269876	0.000067	1356746381.785977	0.104104	37.213144	23.958740	3.498099	1.270347	0.000101	1.269207	0.000053	1.275440	0.000054	1.270993	0.000056	1.242994	0.000141	1.245081	0.000142	1.257266	0.000370	1.268877	0.987201	
1356746381.892137	0.106610	29.152987	15.854332	4.872619	0.708474	0.011755	0.666770	0.001520	0.760810	0.000107	0.854180	0.000926	1.095904	0.000547	0.817908	0.000400	0.743766	0.000107	1.267426	0.000065	1356746381.892513	0.106536	37.475128	24.150746	3.669755	1.266827	0.000099	1.269295	0.000052	1.267995	0.000053	1.255875	0.000320	1.274300	0.000054	1.261094	0.000236	1.274596	0.000054	1.268878	0.985509	
1356746382.000897	0.108760	20.568337	7.278361	5.092244	0.567576	0.014347	0.697301	0.001711	0.461353	0.000128	0.665306	0.000565	0.838936	0.000770	0.807189	0.000983	0.701393	0.000085	1.269529	0.000385	1356746382.001246	0.108733	37.435016	24.119827	3.964680	1.270743	0.000097	1.268790	0.000051	1.268338	0.000331	1.272230	0.000259	1.262006	0.000437	1.266464	0.000132	1.264029	0.000662	1.269159	0.986881	
1356746382.112950	0.112053	19.035474	5.765098	5.033431	0.541217	0.019481	0.618780	0.001266	0.690506	0.000086	1.100334	0.000307	1.106570	0.000316	0.702595	0.000328	1.267413	0.000061	1.269069	0.000060	1356746382.113414	0.112168	37.559684	24.195193	4.201442	1.272273	0.000093	1.268844	0.000043	1.274606	0.000051	1.262012	0.000427	1.267630	0.000051	1.260525	0.000227	1.276361	0.000052	1.268830	0.987287	
1356746382.210834	0.097884	22.336515	8.910943	5.195854	0.593592	0.021886	0.611323	0.001462	1.267316	0.000071	1.123611	0.000389	1.278294	0.000254	1.268734	0.000321	1.269599	0.000071	1.268812	0.000069	1356746382.211119	0.097705	37.369513	24.061610	4.421548	1.270812	0.000108	1.268854	0.000057	1.268998	0.000057	1.267535	0.000049	1.244092	0.000142	1.244176	0.000150	1.258305	0.000494	1.269150	0.985353	
1356746382.315724	0.104890	28.232004	14.954733	4.949464	0.915693	0.009181	1.200403	0.000779	1.265285	0.000161	1.255044	0.000319	1.251711	0.000314	1.242556	0.000216	1.269173	0.000100	1.268551	0.000064	1356746382.316026	0.104907	37.668645	24.262756	3.975455	1.266364	0.000139	1.268756	0.000088	1.269532	0.000054	1.254176	0.000229	1.270191	0.000047	1.249687	0.000361	1.274852	0.000055	1.269156	0.984300	
1356746382.420454	0.104730	30.200283	16.920766	4.870200	0.772144	0.009219	0.521622	0.001584	1.239471	0.000066	1.148756	0.000356	1.269237	0.000239	1.276122	0.000295	1.268822	0.000064	1.270731	0.000065	1356746382.420713	0.104687	37.345832	24.039883	3.694340	1.271677	0.000112	1.267463	0.000054	1.268815	0.000054	1.268338	0.000053	1.245410	0.000142	1.258133	0.000305	0.803250	0.000620	1.269159	0.986281	
1356746382.526618	0.106164	19.129975	5.737354	5.120759	0.515585	0.017384	0.643309	0.001391	1.272284	0.000130	0.954397	0.000822	1.171417	0.000414	1.270948	0.000274	1.272813	0.000130	1.269687	0.000128	1356746382.526866	0.106153	37.301542	24.047256	4.189831	1.268986	0.000211	1.269772	0.000106	1.269337	0.000105	1.257582	0.000286	1.269974	0.000093	1.259202	0.000292	1.270221	0.000107	1.269101	0.986314	
1356746382.634554	0.107936	21.221463	7.949036	4.898718	0.539626	0.018172	0.681008	0.001337	1.264303	0.000065	0.680669	0.000902	1.279244	0.000237	1.261628	0.000290	1.261876	0.000061	1.258485	0.000065	1356746382.634879	0.108013	37.525635	24.135247	3.860153	1.267677	0.000098	1.269556	0.000051	1.263115	0.000052	1.270111	0.000052	1.244400	0.000129	1.269412	0.000133	0.782855	0.000606	1.268868	0.986302	
1356746382.747918	0.113364	18.976308	5.623587	4.955433	0.538798	0.017066	1.269136	0.000763	1.269397	0.000062	1.259845	0.000336	1.112712	0.000294	1.237689	0.000423	1.270390	0.000060	1.278989	0.000059	1356746382.748347	0.113468	37.508500	24.159002	3.857463	1.271176	0.000092	1.268786	0.000042	1.274966	0.000050	1.255004	0.000218	1.270096	0.000044	1.257103	0.000257	1.258093	0.000058	1.268876	0.988585	
1356746382.854406	0.106488	20.450516	7.081450	5.059468	0.519117	0.015844	0.658779	0.001283	1.267411	0.000065	0.575055	0.000886	1.269376	0.000209	0.875350	0.000474	1.269338	0.000065	1.271530	0.000064	1356746382.854717	0.106370	37.382250	24.023884	3.883913	1.263790	0.000111	1.268479	0.000053	1.269024	0.000053	0.582032	0.000353	1.268271	0.000129	1.250150	0.000139	0.598871	0.000841	1.269002	0.984853	
1356746382.960727	0.106321	20.688563	7.353334	5.070424	0.611388	0.016557	0.703716	0.001305	0.838747	0.000648	0.836697	0.001099	0.993291	0.000454	1.080893	0.000264	1.269020	0.000344	1.267481	0.000064	1356746382.960963	0.106246	37.228540	23.978098	3.758040	1.255357	0.000481	1.254653	0.000421	1.222852	0.000123	1.257714	0.000722	1.270980	0.000047	1.267381	0.000507	1.263151	0.000055	1.269138	0.984304	
1356746383.081031	0.120304	20.110347	6.750674	4.975489	0.559932	0.018692	0.649024	0.001133	1.253798	0.000057	1.099463	0.000237	1.279939	0.000182	1.269322	0.000286	1.269297	0.000056	1.271533	0.000057	1356746383.081293	0.120330	37.543591	24.179068	4.166903	1.271583	0.000087	1.268376	0.000046	1.274522	0.000047	0.815970	0.000514	1.243374	0.000116	1.247210	0.000122	1.258850	0.000399	1.268970	0.987623	
1356746383.183280	0.102249	24.950364	11.718577	4.978224	0.679024	0.011321	1.268616	0.000686	1.270818	0.000068	1.261371	0.000427	1.261183	0.000302	1.241012	0.000241	1.271363	0.000066	1.267924	0.000066	1356746383.183712	0.102419	37.428981	24.083878	3.802671	1.269281	0.000113	1.269639	0.000055	1.269064	0.000048	1.244534	0.000145	1.268951	0.000055	1.263514	0.000207	1.264877	0.000056	1.268872	0.988559	
1356746383.287758	0.104478	27.992296	14.645843	5.018356	0.796964	0.008252	0.635747	0.001313	1.270746	0.000067	1.269481	0.000240	0.582517	0.000433	1.268913	0.000323	1.269392	0.000065	0.780416	0.000162	1356746383.288199	0.104487	37.507870	24.158047	3.692212	1.266625	0.000101	1.269912	0.000046	1.269186	0.000090	1.269817	0.000149	1.244720	0.000131	1.244266	0.000139	1.258983	0.000395	1.269156	0.987706	
1356746383.393433	0.105675	31.481122	18.174098	4.917468	1.213785	0.004456	1.269322	0.000667	1.270242	0.000066	1.254716	0.000569	1.238138	0.000300	1.249984	0.000233	1.269775	0.000071	1.277750	0.000066	1356746383.393862	0.105663	37.432338	24.102730	3.717543	1.268939	0.000180	1.269688	0.000053	1.263252	0.000053	1.276135	0.000507	1.270292	0.000046	1.267358	0.000575	1.277631	0.000054	1.269156	0.987916	
1356746383.493733	0.100300	30.890582	17.533598	5.021096	1.094284	0.004953	1.268980	0.000713	1.277239	0.000070	1.250829	0.000318	1.265125	0.000221	1.259781	0.000337	1.219993	0.000070	1.235687	0.000069	1356746383.494035	0.100173	37.554813	24.159864	3.773075	1.268505	0.000105	1.269013	0.000056	1.275126	0.000056	1.268541	0.000157	1.268363	0.000135	1.246901	0.000147	0.552872	0.000830	1.269157	0.987865	
1356746383.495775	0.002042	33.042382	19.958435	4.879393	1.283472	0.008194	1.269359	0.034528	1.261206	0.003307	1.253610	0.021649	1.245011	0.015278	1.233960	0.011621	1.307191	0.003102	1.292195	0.003095	1356746383.496207	0.002172	28.571679	16.312623	3.512623	1.270123	0.004839	1.268529	0.002183	1.263642	0.002572	1.245503	0.006748	1.271540	0.002594	1.258343	0.009555	1.264241	0.002607	1.205377	0.463990	
