ts_0	elapsed_0	pkg_0	pp0_0	dram_0	freq_ratio_0_0	c0_ratio_0_0	freq_ratio_0_1	c0_ratio_0_1	freq_ratio_0_2	c0_ratio_0_2	freq_ratio_0_3	c0_ratio_0_3	freq_ratio_0_4	c0_ratio_0_4	freq_ratio_0_5	c0_ratio_0_5	freq_ratio_0_6	c0_ratio_0_6	freq_ratio_0_7	c0_ratio_0_7	ts_1	elapsed_1	pkg_1	pp0_1	dram_1	freq_ratio_1_0	c0_ratio_1_0	freq_ratio_1_1	c0_ratio_1_1	freq_ratio_1_2	c0_ratio_1_2	freq_ratio_1_3	c0_ratio_1_3	freq_ratio_1_4	c0_ratio_1_4	freq_ratio_1_5	c0_ratio_1_5	freq_ratio_1_6	c0_ratio_1_6	freq_ratio_1_7	c0_ratio_1_7	
1356746360.485058	1.001761	63.700997	50.049179	5.972104	1.230725	0.902703	1.234087	0.991658	1.230714	0.902423	1.230703	0.902164	1.186862	0.000382	1.192277	0.000175	1.187459	0.000206	1.180810	0.000130	1356746360.485233	1.000679	63.343509	49.800169	5.535319	1.230090	0.898938	1.230198	0.898785	1.230158	0.898625	0.875946	0.000153	0.935416	0.000061	0.978998	0.000120	1.173587	0.004163	1.230159	0.899613	
1356746361.485054	0.999996	66.815227	53.105653	6.184626	1.230687	0.999237	1.230687	0.999237	1.230687	0.999236	1.230687	0.999236	1.194287	0.000279	1.193558	0.000081	1.192530	0.000482	1.204295	0.000011	1356746361.485212	0.999979	67.551283	53.956790	5.898119	1.230133	0.992889	1.230133	0.992879	1.230144	0.992878	1.193578	0.000039	1.192556	0.000036	1.192339	0.000067	1.192351	0.005193	1.230133	0.992873	
1356746362.485054	1.000000	67.072769	53.307220	6.401138	1.230703	0.998850	1.230719	0.999318	1.230703	0.998848	1.230719	0.999317	1.192558	0.000321	1.191517	0.000060	1.192603	0.000133	1.183179	0.000081	1356746362.485218	1.000006	67.876961	54.240827	5.848567	1.230586	0.997970	1.230586	0.997968	1.230586	0.997970	1.191977	0.000046	1.191085	0.000010	1.193121	0.000050	1.192309	0.001432	1.230586	0.997961	
1356746363.485054	1.000000	67.225189	53.456680	6.327408	1.230715	0.999435	1.230715	0.999434	1.230715	0.999434	1.230715	0.999433	1.192309	0.000294	1.191431	0.000054	1.187214	0.000108	1.208763	0.000012	1356746363.485217	0.999999	68.072804	54.432715	5.898703	1.230752	0.999844	1.230752	0.999844	1.230752	0.999844	1.189790	0.000011	1.180306	0.000039	1.185400	0.000075	1.193514	0.000010	1.230752	0.999838	
1356746364.485054	1.000000	67.173508	53.430374	6.215225	1.228702	0.991010	1.228702	0.990999	1.228702	0.990991	1.228702	0.990981	1.192369	0.006049	1.192390	0.000178	1.192734	0.000161	1.195973	0.000074	1356746364.485221	1.000004	68.004989	54.385354	5.877219	1.230707	0.999384	1.230707	0.999384	1.230707	0.999382	1.192581	0.000160	1.215251	0.000019	1.196106	0.000130	1.192478	0.000278	1.230707	0.999376	
1356746365.485054	1.000000	67.258743	53.513962	6.280518	1.228792	0.987465	1.228793	0.987459	1.228792	0.987446	1.228793	0.987428	1.192087	0.000277	1.192255	0.005721	1.192393	0.004194	1.195537	0.000007	1356746365.485216	0.999995	68.011251	54.399442	5.893798	1.230756	0.999891	1.230756	0.999891	1.230756	0.999892	1.166128	0.000007	1.188626	0.000037	1.192296	0.000070	1.169332	0.000006	1.230756	0.999887	
1356746366.485054	1.000000	67.297119	53.538803	6.306946	1.230303	0.995802	1.230302	0.995801	1.230302	0.995797	1.230303	0.995790	1.192611	0.000330	1.194101	0.000089	1.192434	0.002602	1.193890	0.000156	1356746366.485217	1.000001	68.144802	54.523736	5.917688	1.230743	0.999756	1.230743	0.999756	1.230743	0.999747	1.193631	0.000100	1.211258	0.000010	1.192242	0.000052	1.195857	0.000042	1.230743	0.999756	
1356746367.485054	1.000000	67.423431	53.593323	6.486008	1.230713	0.999430	1.230713	0.999430	1.230713	0.999429	1.230713	0.999429	1.191257	0.000269	1.193314	0.000078	1.191630	0.000143	1.193466	0.000011	1356746367.485217	1.000000	68.218475	54.548706	6.056488	1.230750	0.999823	1.230750	0.999823	1.230750	0.999832	1.192649	0.000034	1.193075	0.000038	1.192186	0.000073	1.193028	0.000010	1.230750	0.999818	
1356746368.485055	1.000001	67.381512	53.625452	6.211527	1.204698	0.998510	1.204705	0.998645	1.204695	0.998411	1.204695	0.998407	1.192939	0.000328	1.194400	0.000055	1.193577	0.000130	1.191331	0.000783	1356746368.485269	1.000052	68.123245	54.536548	5.900328	1.230751	0.999611	1.230751	0.999610	1.230751	0.999580	1.192701	0.000051	1.186959	0.000010	1.192721	0.000051	1.192073	0.000038	1.230723	0.999708	
1356746369.485054	0.999999	67.464481	53.652151	6.368842	1.230711	0.999421	1.230711	0.999420	1.230712	0.999420	1.230712	0.999420	1.191580	0.000261	1.189655	0.000070	1.190515	0.000107	1.261337	0.000010	1356746369.485222	0.999953	68.111155	54.469187	5.897707	1.230749	0.999819	1.230749	0.999822	1.230750	0.999818	1.193077	0.000039	1.193432	0.000037	1.192726	0.000070	1.191807	0.000010	1.230749	0.999819	
1356746370.485054	1.000000	67.372604	53.648315	6.133179	1.204732	0.998695	1.204733	0.998694	1.204732	0.998696	1.204731	0.998691	1.189535	0.000302	1.195552	0.000057	1.193313	0.000155	1.191337	0.000759	1356746370.485259	1.000037	68.121491	54.539778	5.843198	1.230751	0.999845	1.230751	0.999844	1.230751	0.999841	1.192001	0.000041	1.192065	0.000032	1.191262	0.000052	1.192603	0.000039	1.230752	0.999841	
1356746371.485054	1.000000	67.600418	53.812500	6.400665	1.230684	0.999222	1.230683	0.999221	1.230683	0.999220	1.230684	0.999220	1.195390	0.000314	1.189877	0.000051	1.192041	0.000371	1.272423	0.000011	1356746371.485214	0.999955	68.106691	54.486372	5.859258	1.230748	0.999800	1.230748	0.999801	1.230748	0.999800	1.192164	0.000040	1.191853	0.000034	1.192691	0.000073	1.195136	0.000010	1.230748	0.999795	
1356746372.485054	1.000000	67.422104	53.647812	6.340652	1.230276	0.994221	1.230276	0.994605	1.230276	0.994602	1.230276	0.994598	1.192399	0.000298	1.192263	0.000243	1.191940	0.000121	1.192327	0.003612	1356746372.485209	0.999995	68.026357	54.407240	5.919646	1.230743	0.999823	1.230743	0.999823	1.230743	0.999822	1.192065	0.000049	1.192507	0.000010	1.192267	0.000237	1.191876	0.000038	1.230743	0.999822	
1356746373.485054	1.000000	67.572723	53.786484	6.357025	1.230719	0.999479	1.230719	0.999478	1.230720	0.999478	1.230719	0.999478	1.192009	0.000259	1.192248	0.000052	1.192751	0.000105	1.180093	0.000007	1356746373.485217	1.000008	68.026075	54.398805	5.885649	1.230752	0.999846	1.230752	0.999847	1.230752	0.999847	1.194296	0.000010	1.192870	0.000038	1.191942	0.000068	1.192636	0.000010	1.230752	0.999839	
1356746374.485055	1.000001	67.541485	53.803675	6.067621	1.205922	0.998656	1.205912	0.998219	1.205922	0.998653	1.205921	0.998651	1.192168	0.000299	1.193832	0.000074	1.187914	0.000137	1.191427	0.000805	1356746374.485266	1.000049	67.859933	54.269323	5.870073	1.230749	0.999399	1.230753	0.999796	1.230739	0.999376	1.192044	0.000068	1.191331	0.000010	1.192090	0.000050	1.192550	0.000038	1.230749	0.999697	
1356746375.485054	0.999999	67.591022	53.802175	6.394751	1.230627	0.999250	1.230627	0.999249	1.230626	0.999249	1.230627	0.999247	1.192638	0.000271	1.190115	0.000054	1.192417	0.001843	1.222099	0.000011	1356746375.485222	0.999956	67.862994	54.223736	5.938082	1.230754	0.999868	1.230754	0.999868	1.230765	0.999868	1.161966	0.000006	1.175770	0.000039	1.185303	0.000071	1.186562	0.000010	1.230754	0.999864	
1356746376.485054	1.000000	67.603683	53.891693	6.105743	1.206216	0.998519	1.206216	0.998518	1.206215	0.998525	1.206216	0.998515	1.189336	0.000314	1.192777	0.000266	1.193748	0.000406	1.192009	0.000884	1356746376.485256	1.000034	67.989381	54.400184	5.908109	1.230739	0.999714	1.230739	0.999714	1.230739	0.999714	1.194332	0.000092	1.226542	0.000018	1.201096	0.000063	1.193063	0.000051	1.230740	0.999710	
1356746377.485054	1.000000	67.704666	53.920334	6.448944	1.229509	0.999303	1.229510	0.999296	1.229512	0.999296	1.229511	0.999294	1.158401	0.003179	1.157480	0.003571	1.156056	0.003044	1.154459	0.002844	1356746377.485213	0.999957	67.915711	54.264154	5.931346	1.230494	0.999591	1.230494	0.999591	1.230494	0.999591	1.157467	0.002923	1.155376	0.002794	1.157712	0.002945	1.154455	0.002712	1.230494	0.999585	
1356746378.485054	1.000000	67.625183	53.873337	6.338440	1.230708	0.999367	1.230708	0.999366	1.230708	0.999366	1.230708	0.999365	1.192403	0.000314	1.193814	0.000058	1.194550	0.000135	1.194208	0.000041	1356746378.485211	0.999998	67.940040	54.319607	5.920879	1.230752	0.999846	1.230752	0.999846	1.230752	0.999846	1.192925	0.000042	1.192355	0.000010	1.192617	0.000052	1.193082	0.000035	1.230752	0.999842	
1356746379.485057	1.000003	43.386157	29.946746	4.587312	1.224430	0.506428	1.230518	0.500823	1.230672	0.500586	1.230684	0.500554	1.002462	0.000439	0.972313	0.000128	0.945263	0.000273	0.956019	0.000065	1356746379.485442	1.000231	52.258053	38.839141	4.516886	1.230744	0.500608	1.230744	0.500544	1.230744	0.500530	1.265074	0.000091	1.203633	0.000118	0.859039	0.000183	1.263353	0.000035	1.249831	0.996971	
1356746380.485055	0.999998	27.834297	14.581876	3.840339	0.776100	0.008893	0.821432	0.007580	1.213611	0.000112	1.262522	0.000115	1.142964	0.000513	1.263253	0.000169	1.165459	0.000365	1.261056	0.000226	1356746380.485382	0.999940	38.111741	24.811855	4.880359	1.265454	0.000141	1.263075	0.000089	1.264789	0.000117	0.745864	0.000349	0.924544	0.000268	0.973896	0.000305	0.892329	0.000180	1.268937	0.986961	
1356746381.485054	0.999999	27.251827	14.039915	3.848881	0.740640	0.010425	0.637278	0.005249	1.260352	0.000082	1.160606	0.000086	1.178891	0.000508	1.257681	0.000161	1.105567	0.000639	1.250572	0.000199	1356746381.485359	0.999977	38.128039	24.836689	4.732332	1.269129	0.000120	1.265508	0.000068	1.264969	0.000062	0.864896	0.000323	0.939247	0.000306	1.194403	0.001815	0.934633	0.000158	1.268976	0.985179	
1356746382.485055	1.000001	26.391943	13.179934	3.829144	0.671961	0.009398	0.900241	0.000981	0.958733	0.000137	0.964106	0.000139	1.101421	0.000546	0.923048	0.000203	1.115363	0.000392	1.046515	0.000252	1356746382.485287	0.999928	38.300335	25.025575	4.135063	1.264669	0.000155	1.260727	0.000091	1.264161	0.000114	0.887913	0.000306	1.102301	0.000199	1.249982	0.006093	0.900911	0.000203	1.269001	0.986816	
1356746383.485063	1.000008	22.289187	9.088885	3.945860	0.591111	0.014802	0.718689	0.001192	1.041396	0.000088	1.041835	0.000086	1.024838	0.000485	0.584098	0.007028	0.870258	0.000440	0.998779	0.000224	1356746383.485484	1.000197	38.138668	24.845266	4.953752	1.267072	0.000131	1.265496	0.000062	1.263491	0.000060	0.879803	0.000296	1.228497	0.001619	1.009075	0.000314	1.046332	0.000119	1.269050	0.987054	
1356746384.485061	0.999998	715818295.311949	715801984.287614	715808467.051108	0.999875	1.000415	0.999875	1.000426	0.999875	1.000421	0.999869	1.000388	0.999874	1.000411	0.999876	1.000405	0.999874	1.000411	0.999874	1.000409	1356746384.485136	0.999652	716040466.350794	716038646.772133	716036514.885160	0.999873	1.000406	0.999870	1.000405	3.901016	0.256418	0.999874	1.000411	0.999874	1.000410	0.999877	1.000409	0.999873	1.000408	0.999875	1.000414	
1356746385.485060	0.999999	0.000000	0.000000	0.000000	-nan	-nan	-nan	-nan	1.000008	inf	-nan	-nan	-nan	0.000000	-nan	-nan	-nan	-nan	-nan	-nan	1356746385.485124	0.999988	0.000000	0.000000	0.000000	-nan	-nan	-nan	-nan	1.345745	inf	-nan	-nan	-nan	-nan	-nan	-nan	-nan	-nan	-nan	-nan	
