ts_0	elapsed_0	pkg_0	pp0_0	dram_0	freq_ratio_0_0	c0_ratio_0_0	freq_ratio_0_1	c0_ratio_0_1	freq_ratio_0_2	c0_ratio_0_2	freq_ratio_0_3	c0_ratio_0_3	freq_ratio_0_4	c0_ratio_0_4	freq_ratio_0_5	c0_ratio_0_5	freq_ratio_0_6	c0_ratio_0_6	freq_ratio_0_7	c0_ratio_0_7	ts_1	elapsed_1	pkg_1	pp0_1	dram_1	freq_ratio_1_0	c0_ratio_1_0	freq_ratio_1_1	c0_ratio_1_1	freq_ratio_1_2	c0_ratio_1_2	freq_ratio_1_3	c0_ratio_1_3	freq_ratio_1_4	c0_ratio_1_4	freq_ratio_1_5	c0_ratio_1_5	freq_ratio_1_6	c0_ratio_1_6	freq_ratio_1_7	c0_ratio_1_7	
1352519168.038961	1.018525	32.765086	19.381859	5.285734	0.998902	0.309756	0.965245	0.014927	0.999964	0.664258	0.989393	0.002132	0.980299	0.001953	0.995234	0.003648	0.993648	0.003568	0.996141	0.004776	1352519168.039116	1.000404	34.007749	20.634153	5.303903	0.999697	0.676575	0.999832	0.676406	0.994943	0.005463	0.999990	0.380651	0.971113	0.003605	0.971915	0.003049	0.978243	0.005791	0.994891	0.034783	
1352519169.038966	1.000005	35.899906	22.490015	6.100937	0.999940	0.016884	1.000030	0.017758	1.000001	0.935903	1.000007	0.005213	0.999804	0.003111	1.000021	0.005135	1.000041	0.005082	1.000030	0.006143	1352519169.039126	1.000010	42.798598	29.367092	6.468533	0.999999	0.826243	1.000000	0.935860	1.000002	0.242288	1.000000	0.443905	1.000001	0.006278	0.999912	0.004498	1.000090	0.007084	1.000063	0.005935	
1352519170.038965	0.999999	36.087010	22.687186	6.089865	0.999931	0.015838	0.999983	0.016564	1.000000	0.944075	1.000009	0.009048	1.000163	0.002950	1.000025	0.005368	1.000000	0.004819	0.999969	0.007302	1352519170.039094	0.999968	40.139573	26.703932	6.440407	1.000000	0.541198	1.000000	0.944023	1.000000	0.944042	0.999932	0.005201	0.999984	0.020577	0.999990	0.004827	0.999930	0.006884	0.999841	0.004258	
1352519171.038960	0.999995	37.863288	24.446411	6.100952	0.999862	0.015755	0.999978	0.018640	0.999999	0.993447	0.999905	0.010505	0.999808	0.003014	1.000020	0.004509	1.000043	0.004592	0.999951	0.006204	1352519171.039058	0.999964	42.852327	29.421866	6.431521	1.000001	0.580709	1.000000	0.993448	1.000000	0.993448	0.999644	0.004256	0.999965	0.004568	0.999907	0.004542	1.000220	0.002693	0.999969	0.004819	
1352519172.038957	0.999997	37.236962	23.822721	6.082859	1.000015	0.015890	0.999995	0.016602	1.000000	0.969768	0.999998	0.010293	1.000107	0.002578	1.000012	0.005108	0.999948	0.004563	0.999918	0.006053	1352519172.039111	1.000053	40.566136	27.122435	6.454569	0.999999	0.575876	1.000000	0.969750	1.000000	0.969751	0.999949	0.005306	0.999988	0.005255	1.000132	0.004481	1.000046	0.002568	0.999878	0.004297	
1352519173.038966	1.000009	36.417822	23.002264	6.114401	0.999939	0.017759	0.999983	0.017709	1.000001	0.954949	0.999951	0.009675	0.999943	0.004668	1.000062	0.005212	1.000007	0.005257	1.000153	0.003962	1352519173.039069	0.999958	41.824066	28.377183	6.449199	0.999999	0.529154	1.000000	0.954929	1.000000	0.954914	0.999993	0.041225	0.999978	0.004593	0.999932	0.004268	1.000031	0.002817	1.000131	0.004769	
1352519174.039385	1.000419	37.418087	24.001588	6.074970	0.999934	0.015796	0.999999	0.016244	1.000000	0.973582	0.999933	0.010075	1.000019	0.004294	1.000013	0.005443	1.000004	0.004473	0.999973	0.004322	1352519174.039492	1.000423	41.970286	28.524251	6.426085	0.999999	0.566734	1.000000	0.973572	1.000000	0.973574	0.999934	0.004908	0.999954	0.006740	0.999971	0.004333	1.000023	0.002588	0.999993	0.003928	
1352519175.038959	0.999574	37.171355	23.745758	6.092149	0.999928	0.014988	0.999984	0.016542	1.000000	0.935295	0.999949	0.009844	0.999997	0.004552	0.999978	0.005026	1.000035	0.004887	0.999995	0.004582	1352519175.039107	0.999615	42.659874	29.202376	6.412015	0.999999	0.566083	1.000000	0.935277	1.000000	0.935279	0.999951	0.004053	0.999978	0.006794	0.999984	0.004437	1.000022	0.002584	0.999933	0.003981	
1352519176.038969	1.000010	37.307549	23.898351	6.101532	0.999936	0.016187	0.999992	0.017588	1.000000	0.985296	0.999944	0.009136	1.000094	0.003987	1.000050	0.005213	0.999966	0.005185	0.999916	0.004924	1352519176.039068	0.999961	41.746307	28.305047	6.431190	0.999999	0.566076	1.000000	0.985316	1.000000	0.985287	0.999942	0.005546	0.999961	0.006678	0.999987	0.004632	1.000056	0.002634	0.999968	0.003976	
1352519177.038962	0.999993	38.447135	25.021535	6.082882	0.999927	0.019542	1.000000	0.147967	1.000000	0.953583	0.999847	0.009215	0.999902	0.004742	0.999928	0.004341	0.999922	0.005121	0.999939	0.004178	1352519177.039068	1.000000	42.035919	28.579071	6.468430	0.999931	0.029981	1.000000	0.953573	1.000000	0.953573	1.000002	0.416299	0.999904	0.004630	0.999899	0.005841	1.000037	0.002722	0.999806	0.004401	
1352519178.038965	1.000003	36.694955	23.269917	6.083065	0.999952	0.016197	0.999964	0.016387	1.000000	0.963484	1.000034	0.011227	0.999945	0.004658	0.999967	0.004517	1.000046	0.005494	0.999985	0.005112	1352519178.039061	0.999993	43.152810	29.698905	6.452925	1.000001	0.125572	1.000000	0.963448	1.000000	0.963456	1.000000	0.459165	1.000030	0.004888	1.000080	0.004551	1.000006	0.002697	1.000093	0.004138	
1352519179.039111	1.000146	40.036257	26.616783	6.106317	0.999969	0.020424	1.000003	0.540256	1.000001	0.947131	0.999966	0.024917	1.000131	0.003909	0.999978	0.003983	1.000077	0.005549	0.999940	0.003684	1352519179.039240	1.000179	39.849905	26.395497	6.509943	0.999970	0.041365	0.999999	0.947127	0.999999	0.947140	0.999404	0.003232	0.999915	0.004462	0.999888	0.004181	0.999810	0.002668	0.999862	0.004763	
1352519180.038958	0.999847	39.170134	25.744709	6.097048	0.999928	0.013139	0.999999	0.587952	1.000000	0.959709	0.999962	0.013005	1.000219	0.003528	1.000066	0.004527	0.999997	0.004571	0.999933	0.003942	1352519180.039071	0.999831	39.471730	26.018314	6.486372	0.999898	0.006879	1.000000	0.959710	1.000000	0.959726	1.000000	0.002450	0.999951	0.005271	1.000044	0.004856	0.999994	0.002976	1.000013	0.004765	
1352519181.038958	1.000000	38.434906	25.009918	6.108109	0.999959	0.024497	0.999999	0.499828	1.000000	0.955941	1.000005	0.077875	0.999825	0.004828	0.999792	0.003860	0.999984	0.004491	0.999952	0.005745	1352519181.039098	1.000027	38.505997	25.056973	6.455011	0.999898	0.006873	1.000000	0.955977	1.000000	0.955984	0.999892	0.002822	0.999977	0.005521	1.000096	0.004016	1.000042	0.002966	0.999966	0.004960	
1352519182.038959	1.000001	35.943920	22.530344	6.082086	0.999934	0.017624	0.999994	0.040819	1.000000	0.979808	0.999957	0.010638	1.000090	0.005569	1.000116	0.004870	0.999989	0.004447	1.000020	0.005281	1352519182.039039	0.999941	40.740940	27.292180	6.482926	0.999928	0.008012	1.000000	0.979782	1.000000	0.979787	1.000000	0.548372	0.999962	0.005039	0.999993	0.005828	1.000058	0.002644	0.999786	0.004797	
1352519183.039593	1.000634	37.750665	24.319879	6.086138	0.999917	0.016481	0.999894	0.017522	0.999998	0.942692	0.999892	0.010816	0.999889	0.003737	0.999899	0.004613	0.999875	0.004374	0.999898	0.005311	1352519183.039753	1.000714	41.278157	27.835974	6.464866	0.999976	0.012639	1.000000	0.942663	1.000001	0.942666	1.000002	0.590545	1.000049	0.004656	1.000081	0.002210	1.000137	0.002592	1.000030	0.004778	
1352519184.038966	0.999373	35.382904	21.964517	6.117712	0.999929	0.016444	0.999983	0.018039	1.000001	0.971218	0.999910	0.011462	0.999946	0.002909	0.999977	0.006174	0.999983	0.004874	0.999974	0.005946	1352519184.039094	0.999341	41.486827	28.040588	6.425575	0.999945	0.008639	1.000000	0.971154	1.000000	0.971157	1.000000	0.574109	0.999951	0.005055	0.999948	0.002476	1.000066	0.002602	1.000061	0.004090	
1352519185.038964	0.999998	715791445.158518	715821186.040714	715804852.420190	0.999983	1.000514	0.999981	1.000519	0.999990	1.000515	0.999983	1.000516	0.999983	1.000519	0.999985	1.000512	0.999983	1.000517	0.999983	1.000516	1352519185.039065	0.999971	715826649.465264	715793179.278946	715801752.262409	0.999983	1.000516	0.999980	1.000516	3.893497	0.256969	0.999983	1.000514	0.999983	1.000518	0.999986	1.000513	0.999983	1.000517	0.999983	1.000517	
1352519186.038957	0.999993	0.000000	0.000000	0.000000	-nan	-nan	-nan	-nan	0.000000	inf	-nan	-nan	-nan	0.000000	-nan	-nan	-nan	-nan	-nan	-nan	1352519186.039030	0.999965	0.000000	0.000000	0.000000	-nan	-nan	-nan	-nan	0.000000	inf	-nan	-nan	-nan	-nan	-nan	-nan	-nan	-nan	-nan	-nan	
