ts_0	elapsed_0	pkg_0	pp0_0	dram_0	freq_ratio_0_0	c0_ratio_0_0	freq_ratio_0_1	c0_ratio_0_1	freq_ratio_0_2	c0_ratio_0_2	freq_ratio_0_3	c0_ratio_0_3	freq_ratio_0_4	c0_ratio_0_4	freq_ratio_0_5	c0_ratio_0_5	freq_ratio_0_6	c0_ratio_0_6	freq_ratio_0_7	c0_ratio_0_7	ts_1	elapsed_1	pkg_1	pp0_1	dram_1	freq_ratio_1_0	c0_ratio_1_0	freq_ratio_1_1	c0_ratio_1_1	freq_ratio_1_2	c0_ratio_1_2	freq_ratio_1_3	c0_ratio_1_3	freq_ratio_1_4	c0_ratio_1_4	freq_ratio_1_5	c0_ratio_1_5	freq_ratio_1_6	c0_ratio_1_6	freq_ratio_1_7	c0_ratio_1_7	
1356627111.134783	1.001514	45.180515	31.924827	5.817334	1.152271	0.177914	1.150980	0.174846	1.152574	0.176259	1.152506	0.178267	1.154162	0.178175	1.153526	0.176092	1.154039	0.176819	1.153861	0.175916	1356627111.134960	1.000428	43.058126	29.939732	2.717099	0.999937	0.908999	0.999941	0.908990	1.000001	0.908670	0.859922	0.000138	1.004330	0.000032	1.002695	0.000031	0.621058	0.000050	0.999817	0.909814	
1356627112.134778	0.999995	47.270683	34.029177	6.115265	1.000000	1.000000	1.000000	1.000000	1.000000	1.000000	1.000001	1.000000	0.999619	0.000372	1.002724	0.000616	0.997508	0.000013	1.001685	0.000046	1356627112.134944	0.999984	44.961900	31.852010	2.712568	1.000000	1.000000	1.000000	1.000000	1.000000	1.000000	0.999711	0.000089	1.002571	0.000044	1.002174	0.000065	1.000017	0.000070	1.000000	1.000000	
1356627113.134777	0.999999	47.377883	34.123354	6.121405	1.000000	1.000000	1.000000	1.000000	1.000000	1.000000	1.000000	1.000000	0.999741	0.000390	0.998202	0.000123	0.996526	0.000049	1.014078	0.000013	1356627113.134937	0.999993	45.059775	31.928428	2.701328	1.000000	1.000000	1.000000	1.000000	1.000000	1.000000	1.000086	0.000076	1.001761	0.000012	1.002881	0.000012	1.003304	0.000012	1.000000	1.000000	
1356627114.134777	1.000000	47.405670	34.150238	6.109039	1.000000	1.000000	1.000000	1.000000	1.000000	1.000000	1.000000	1.000000	1.000734	0.000356	1.000004	0.002317	0.999765	0.000013	1.000065	0.000048	1356627114.134938	1.000001	45.058047	31.921249	2.706418	1.000000	1.000000	1.000000	1.000000	1.000000	1.000000	0.997057	0.000051	0.995894	0.000046	0.999115	0.000167	0.997604	0.000066	1.000000	1.000000	
1356627115.134777	1.000000	47.461258	34.186249	6.115234	1.000000	0.997289	1.000000	1.000000	1.000000	1.000000	1.000000	1.000000	0.999598	0.000389	1.000373	0.000142	1.000239	0.000047	0.999424	0.000013	1356627115.134934	0.999996	45.077819	31.938972	2.711849	1.000000	1.000000	1.000000	1.000000	1.000000	1.000000	1.002049	0.000075	1.016986	0.000011	1.013370	0.000011	1.014101	0.000012	1.000000	1.000000	
1356627116.134778	1.000001	47.463517	34.185957	6.102899	1.000000	1.000000	1.000000	1.000000	1.000000	1.000000	1.000000	1.000000	1.000004	0.000371	0.999678	0.000181	1.022700	0.000013	0.996148	0.000046	1356627116.134942	1.000008	45.077515	31.937241	2.709329	1.000000	1.000000	1.000000	1.000000	1.000000	1.000000	1.000094	0.000058	1.000209	0.000052	0.999500	0.000065	0.999278	0.000065	1.000000	1.000000	
1356627117.134778	1.000000	47.443817	34.165375	6.096741	1.000000	1.000000	1.000000	1.000000	1.000000	1.000000	1.000000	1.000000	0.999758	0.000389	1.000152	0.000428	1.000405	0.000048	1.000533	0.000013	1356627117.134949	1.000007	45.105279	31.965737	2.717694	1.000000	1.000000	1.000000	1.000000	1.000000	1.000000	0.999914	0.000067	0.997089	0.000011	1.002586	0.000012	1.000447	0.000012	1.000000	1.000000	
1356627118.134778	1.000000	47.487396	34.207245	6.133728	1.000000	1.000000	1.000000	1.000000	1.000000	1.000000	1.000000	1.000000	1.000156	0.000357	0.999946	0.000228	0.989969	0.000013	0.999976	0.000288	1356627118.134945	0.999996	45.080734	31.938499	2.714885	1.000000	1.000000	1.000000	1.000000	1.000000	1.000000	0.999576	0.000052	1.000353	0.000046	0.999780	0.000156	0.999849	0.000064	1.000000	1.000000	
1356627119.134778	1.000000	47.462479	34.181351	6.133728	1.000000	1.000000	1.000000	1.000000	1.000000	1.000000	1.000000	1.000000	0.999935	0.000369	0.999589	0.000125	1.001446	0.000046	1.004143	0.000013	1356627119.134948	1.000003	45.053083	31.923836	2.715018	1.000000	1.000000	1.000000	1.000000	1.000000	1.000000	1.000402	0.000067	1.000702	0.000011	1.002971	0.000011	1.004390	0.000012	1.000000	1.000000	
1356627120.134779	1.000001	715804845.728960	715765675.951466	715812012.239231	0.999967	1.000990	0.999966	1.000997	0.999968	1.001000	0.999967	1.000990	0.999967	1.000993	0.999970	1.000990	0.999967	1.000994	0.999967	1.000993	1356627120.134876	0.999928	715864163.868656	715856403.878049	715820142.190704	0.999968	1.000992	0.999964	1.000992	3.894595	0.257014	0.999968	1.000995	0.999968	1.000996	0.999971	1.000993	0.999968	1.000998	0.999968	1.000995	
1356627121.134881	1.000102	0.000000	0.000000	0.000000	-nan	-nan	-nan	-nan	1.000008	inf	-nan	-nan	-nan	0.000000	-nan	-nan	-nan	-nan	-nan	-nan	1356627121.134959	1.000083	0.000000	0.000000	0.000000	-nan	-nan	-nan	-nan	1.345745	inf	-nan	-nan	-nan	-nan	-nan	-nan	-nan	-nan	-nan	-nan	
