ts_0	elapsed_0	pkg_0	pp0_0	dram_0	freq_ratio_0_0	c0_ratio_0_0	freq_ratio_0_1	c0_ratio_0_1	freq_ratio_0_2	c0_ratio_0_2	freq_ratio_0_3	c0_ratio_0_3	freq_ratio_0_4	c0_ratio_0_4	freq_ratio_0_5	c0_ratio_0_5	freq_ratio_0_6	c0_ratio_0_6	freq_ratio_0_7	c0_ratio_0_7	ts_1	elapsed_1	pkg_1	pp0_1	dram_1	freq_ratio_1_0	c0_ratio_1_0	freq_ratio_1_1	c0_ratio_1_1	freq_ratio_1_2	c0_ratio_1_2	freq_ratio_1_3	c0_ratio_1_3	freq_ratio_1_4	c0_ratio_1_4	freq_ratio_1_5	c0_ratio_1_5	freq_ratio_1_6	c0_ratio_1_6	freq_ratio_1_7	c0_ratio_1_7	
1354694535.644403	1.001641	51.022883	37.432438	6.119992	1.157689	0.451270	1.154261	0.438625	1.154110	0.446040	1.155346	0.448819	1.153537	0.437415	1.156377	0.452221	1.155728	0.442265	1.155512	0.447532	1354694535.644555	1.000413	50.486659	36.920759	5.761095	0.970105	0.895976	0.970123	0.895860	0.970134	0.895344	0.970001	0.892090	0.950686	0.000281	0.955065	0.000110	0.923984	0.001557	0.970123	0.896734	
1354694536.644399	0.999996	50.769081	37.148542	6.210581	0.927067	0.997657	0.927067	0.997655	0.927067	0.997653	0.927068	0.997651	0.927919	0.001854	0.927068	0.997648	0.921044	0.000020	0.930692	0.000129	1354694536.644545	0.999990	50.764821	37.157217	5.967498	0.929864	0.997069	0.929864	0.997068	0.929864	0.997066	0.929864	0.997063	0.928156	0.000074	0.927240	0.000094	0.928694	0.002169	0.929864	0.997063	
1354694537.644398	0.999999	50.766360	37.165090	6.207648	0.927039	0.997485	0.927038	0.997483	0.927039	0.997482	0.927038	0.997478	0.926179	0.001561	0.927038	0.997476	0.930965	0.000088	0.936993	0.000117	1354694537.644538	0.999993	50.764175	37.170759	5.976665	0.930498	0.997074	0.930499	0.997072	0.930499	0.997069	0.930499	0.997067	0.946623	0.000008	0.928042	0.000039	0.924211	0.000131	0.930502	0.997066	
1354694538.644398	1.000000	50.767181	37.153946	6.181381	0.926557	0.997740	0.926558	0.997739	0.926558	0.997733	0.926558	0.997731	0.925293	0.001777	0.926558	0.997732	0.931690	0.000019	0.923018	0.000167	1354694538.644541	1.000003	50.768901	37.186820	5.967908	0.928112	0.997469	0.928112	0.997466	0.928112	0.997464	0.928112	0.997461	0.924538	0.000054	0.924096	0.000062	0.928439	0.005198	0.928109	0.997463	
1354694539.644398	1.000000	50.774490	37.159317	6.106079	0.922129	0.997847	0.922130	0.998134	0.922129	0.997840	0.922128	0.997841	0.915561	0.000377	0.922126	0.997881	0.921109	0.000053	0.922237	0.009680	1354694539.644544	1.000003	50.764430	37.191062	5.905316	0.930258	0.997078	0.930258	0.997076	0.930258	0.997073	0.930260	0.996786	0.943787	0.000065	0.936326	0.000093	0.935137	0.000180	0.930258	0.997070	
1354694540.644398	1.000000	50.766296	37.160721	6.132828	0.925818	0.997394	0.921930	0.298884	0.925818	0.997393	0.925819	0.997390	0.830917	0.003698	0.925821	0.997389	0.926926	0.702191	0.850943	0.006261	1354694540.644540	0.999996	50.766044	37.209562	5.967035	0.929513	0.997323	0.929513	0.997321	0.929513	0.997320	0.929513	0.997317	0.827791	0.003404	0.829271	0.003455	0.838945	0.003842	0.929513	0.997316	
1354694541.644398	1.000000	50.764618	37.156982	6.100479	0.927688	0.997446	0.921732	0.000132	0.927688	0.997442	0.927688	0.997441	0.929814	0.000313	0.927688	0.997440	0.927688	0.997439	0.934802	0.000110	1354694541.644542	1.000002	50.767191	37.205358	5.939381	0.929875	0.997351	0.929875	0.997348	0.929875	0.997345	0.929875	0.997344	0.923082	0.000033	0.953822	0.000039	0.923017	0.000482	0.929875	0.997346	
1354694542.644398	1.000000	50.771255	37.160599	6.115707	0.925604	0.998089	0.925764	0.003623	0.925604	0.998088	0.925604	0.998084	0.925227	0.000304	0.925604	0.998086	0.925604	0.998084	0.923613	0.000148	1354694542.644534	0.999992	50.765701	37.201306	5.940371	0.928876	0.997331	0.928876	0.997328	0.928876	0.997325	0.928876	0.997323	0.920035	0.000094	0.924660	0.000125	0.925764	0.001560	0.928876	0.997325	
1354694543.644400	1.000002	50.766428	37.151739	6.078480	0.927243	0.997415	0.920775	0.001328	0.927243	0.997409	0.927243	0.997409	0.910322	0.000383	0.927205	0.997504	0.927243	0.997404	0.894820	0.000152	1354694543.644551	1.000017	50.763286	37.196407	5.937171	0.929923	0.997191	0.929923	0.997157	0.929921	0.997393	0.929923	0.997166	0.939252	0.000073	0.938953	0.000082	0.923555	0.000179	0.929922	0.997205	
1354694544.644398	0.999998	50.718389	37.123804	6.113659	0.925750	0.998130	0.927205	0.005492	0.925750	0.998127	0.925751	0.998126	0.927772	0.000298	0.925750	0.998123	0.925751	0.998123	0.922750	0.000112	1354694544.644548	0.999997	50.767522	37.204553	5.918216	0.929573	0.997228	0.929573	0.997227	0.929573	0.997225	0.929573	0.997221	0.926773	0.000060	0.954838	0.000091	0.917158	0.002415	0.929573	0.997224	
1354694545.644398	1.000000	50.819672	37.173157	6.273544	0.924994	0.998130	0.926241	0.005625	0.924994	0.998128	0.924994	0.998125	0.926086	0.000297	0.924994	0.998125	0.924994	0.998124	0.912285	0.000116	1354694545.644530	0.999982	50.764793	37.176431	6.013810	0.928607	0.997398	0.928607	0.997394	0.928607	0.997393	0.928607	0.997391	0.954749	0.000018	0.933829	0.000048	0.933085	0.000135	0.928611	0.997392	
1354694546.644398	1.000000	50.719971	37.121582	6.129028	0.925113	0.998043	0.926110	0.004812	0.925113	0.998042	0.925113	0.998040	0.925628	0.000288	0.925113	0.998040	0.925112	0.998038	0.919123	0.000129	1354694546.644547	1.000017	50.768672	37.200786	5.953421	0.928132	0.997277	0.928132	0.997264	0.928132	0.997271	0.928132	0.997262	0.925544	0.000052	0.925922	0.001656	0.923389	0.000471	0.928128	0.997262	
1354694547.644398	1.000000	50.763199	37.138901	6.216934	0.927079	0.997594	0.924028	0.000072	0.927079	0.997584	0.927079	0.997584	0.926406	0.000316	0.927079	0.997582	0.927079	0.997578	0.925505	0.000352	1354694547.644542	0.999995	50.718226	37.149722	5.959472	0.926041	0.997949	0.926041	0.997945	0.926041	0.997944	0.926041	0.997941	0.924971	0.000008	0.926317	0.009005	0.923042	0.000366	0.926041	0.997942	
1354694548.644398	1.000000	50.766739	37.173203	5.991791	0.927184	0.997496	0.949904	0.000042	0.927186	0.997496	0.927186	0.997494	0.926126	0.000295	0.927187	0.997495	0.927187	0.997492	0.934392	0.000158	1354694548.644534	0.999992	50.765411	37.215344	5.902498	0.927152	0.997598	0.927153	0.997597	0.927152	0.997595	0.927153	0.997593	0.925275	0.000055	0.927308	0.004501	0.923776	0.000175	0.927156	0.997593	
1354694549.644398	1.000000	50.770172	37.161011	5.936234	0.927088	0.997688	0.928599	0.000067	0.927087	0.997685	0.927086	0.997684	0.924331	0.000312	0.927085	0.997683	0.927085	0.997681	0.928322	0.000094	1354694549.644532	0.999998	50.775564	37.212412	5.865688	0.921242	0.997921	0.921242	0.997918	0.921242	0.997917	0.921241	0.997914	0.929347	0.000021	0.922619	0.006265	0.922756	0.003273	0.921239	0.997915	
1354694550.644398	1.000000	50.771027	37.151001	6.160782	0.925537	0.997796	0.923969	0.002721	0.925538	0.997793	0.925537	0.997792	0.926785	0.000291	0.925538	0.997792	0.925538	0.997789	0.925985	0.000572	1354694550.644540	1.000008	50.766358	37.192249	5.932310	0.927699	0.997577	0.927699	0.997573	0.927699	0.997573	0.927699	0.997570	0.923148	0.000075	0.923906	0.000043	0.925001	0.002251	0.927699	0.997570	
1354694551.644398	1.000000	50.769180	37.133972	6.262436	0.926092	0.997859	0.922573	0.000078	0.926092	0.997857	0.926092	0.997853	0.930253	0.000319	0.926092	0.997854	0.926092	0.997852	0.927154	0.001418	1354694551.644538	0.999998	50.764226	37.175654	6.024685	0.928828	0.997261	0.928828	0.997260	0.928828	0.997257	0.928828	0.997255	0.923335	0.000042	0.915418	0.000007	0.934338	0.000462	0.928828	0.997256	
1354694552.644398	1.000000	50.765854	37.168976	6.051788	0.926991	0.997195	0.937150	0.000052	0.926991	0.997189	0.926989	0.997559	0.924473	0.000315	0.926989	0.997558	0.926990	0.997186	0.924004	0.001442	1354694552.644541	1.000003	50.763957	37.213477	5.909283	0.928791	0.997417	0.928791	0.997416	0.928791	0.997413	0.928791	0.997410	0.923129	0.000069	0.923343	0.000053	0.934093	0.000160	0.928791	0.997412	
1354694553.644398	1.000000	50.769669	37.137878	6.359985	0.924610	0.998058	0.920795	0.000078	0.924610	0.998057	0.924610	0.998056	0.925402	0.000313	0.924610	0.998054	0.924610	0.998053	0.923668	0.004254	1354694553.644541	1.000000	50.765594	37.178558	6.045151	0.928679	0.997380	0.928679	0.997379	0.928679	0.997377	0.928679	0.997375	0.950918	0.000050	0.935428	0.000018	0.924073	0.000142	0.928679	0.997374	
1354694554.644398	1.000000	28.252396	14.911591	4.696045	0.928493	0.309070	0.737692	0.000072	0.929295	0.307712	0.929295	0.307701	0.661431	0.000381	0.929285	0.307608	0.929286	0.307594	0.602676	0.007331	1354694554.644698	1.000157	36.288778	22.962563	3.825418	0.930844	0.307441	0.930839	0.307401	0.930838	0.307386	0.930840	0.307381	0.991310	0.000083	0.973531	0.000061	0.997124	0.002198	0.978733	0.999242	
1354694555.644398	1.000000	715817264.802963	715764479.835648	715810929.088135	0.999934	1.000512	0.999934	1.000526	0.999944	1.000517	0.999935	1.000514	0.999937	1.000527	0.999937	1.000508	0.999936	1.000523	0.999935	1.000515	1354694555.644499	0.999801	715915558.147166	715967663.970442	715937309.398950	0.999932	1.000505	0.999932	1.000513	3.896708	0.256747	0.999935	1.000512	0.999935	1.000516	0.999938	1.000517	0.999936	1.000521	0.999936	1.000520	
1354694556.644594	1.000196	0.000000	0.000000	0.000000	-nan	-nan	-nan	-nan	8.000000	inf	-nan	-nan	-nan	0.000000	-nan	-nan	-nan	-nan	-nan	-nan	1354694556.644673	1.000174	0.000000	0.000000	0.000000	-nan	-nan	-nan	-nan	0.000000	inf	-nan	-nan	-nan	-nan	-nan	-nan	-nan	-nan	-nan	-nan	
