ts_0	elapsed_0	pkg_0	pp0_0	dram_0	freq_ratio_0_0	c0_ratio_0_0	freq_ratio_0_1	c0_ratio_0_1	freq_ratio_0_2	c0_ratio_0_2	freq_ratio_0_3	c0_ratio_0_3	freq_ratio_0_4	c0_ratio_0_4	freq_ratio_0_5	c0_ratio_0_5	freq_ratio_0_6	c0_ratio_0_6	freq_ratio_0_7	c0_ratio_0_7	ts_1	elapsed_1	pkg_1	pp0_1	dram_1	freq_ratio_1_0	c0_ratio_1_0	freq_ratio_1_1	c0_ratio_1_1	freq_ratio_1_2	c0_ratio_1_2	freq_ratio_1_3	c0_ratio_1_3	freq_ratio_1_4	c0_ratio_1_4	freq_ratio_1_5	c0_ratio_1_5	freq_ratio_1_6	c0_ratio_1_6	freq_ratio_1_7	c0_ratio_1_7	
1352524399.365939	1.002024	51.344401	38.080444	4.849758	1.253720	0.070105	1.186499	0.860891	1.185527	0.843300	1.190735	0.006664	1.181674	0.003175	1.186264	0.005842	1.185542	0.005837	1.187919	0.003916	1352524399.366102	1.000620	48.639923	35.420487	4.780652	1.196374	0.840225	1.195562	0.007749	1.194529	0.002803	1.200465	0.003357	1.200862	0.003740	1.199397	0.003842	1.206888	0.003316	1.188029	0.661515	
1352524400.365928	0.999989	52.811309	39.531043	4.988321	1.187665	0.014021	1.186362	0.893969	1.186381	0.892058	1.190675	0.007748	1.186603	0.005065	1.180944	0.006442	1.184774	0.005678	1.179438	0.003745	1352524400.366053	0.999951	50.747213	37.505184	4.972641	1.195756	0.887560	1.208139	0.007278	1.207985	0.004090	1.203449	0.004004	1.197008	0.004150	1.200575	0.003820	1.201475	0.003958	1.188302	0.713914	
1352524401.365927	0.999999	53.260305	39.976997	4.960515	1.183645	0.013221	1.186500	0.922365	1.186526	0.921034	1.187223	0.007682	1.182984	0.006250	1.176284	0.006106	1.177996	0.005504	1.171569	0.002553	1352524401.366054	1.000001	50.861432	37.629679	4.962077	1.198702	0.916448	1.206756	0.007082	1.203904	0.004545	1.199055	0.003932	1.200179	0.003827	1.200793	0.003854	1.201843	0.003714	1.192056	0.717185	
1352524402.366253	1.000326	52.772031	39.486154	4.956743	1.185519	0.013197	1.184315	0.891451	1.184286	0.889484	1.186568	0.006893	1.186691	0.008585	1.175997	0.004904	1.183359	0.005817	1.173361	0.002662	1352524402.366341	1.000287	50.919877	37.698788	4.970634	1.191154	0.884170	1.207912	0.005527	1.209133	0.005973	1.202326	0.004035	1.197580	0.003955	1.201456	0.003760	1.201825	0.004410	1.184517	0.717432	
1352524403.365928	0.999675	54.204443	40.924417	4.938250	1.186324	0.014309	1.175313	0.924152	1.175333	0.922760	1.187603	0.005987	1.187976	0.007787	1.178425	0.004049	1.182010	0.006197	1.177764	0.002365	1352524403.366024	0.999683	52.013762	38.792193	4.946561	1.175497	0.922308	1.196004	0.005658	1.193317	0.005845	1.190894	0.004051	1.188525	0.003701	1.192612	0.004007	1.190215	0.003461	1.166963	0.730695	
1352524404.365935	1.000007	52.734300	39.445528	4.968639	1.194557	0.014490	1.190946	0.892670	1.190968	0.890607	1.191859	0.006337	1.188754	0.005429	1.186571	0.004373	1.192041	0.006323	1.178277	0.002745	1352524404.366087	1.000063	50.999247	37.788012	5.014562	1.196384	0.885154	1.208456	0.006534	1.206518	0.008205	1.204536	0.004084	1.194294	0.003747	1.192630	0.003928	1.201325	0.003843	1.189322	0.721978	
1352524405.366085	1.000150	52.708389	39.419687	4.968127	1.191003	0.014749	1.190211	0.866886	1.190231	0.864451	1.193301	0.006494	1.190710	0.005997	1.184806	0.004610	1.189526	0.005861	1.185988	0.002210	1352524405.366327	1.000240	49.239780	36.005806	4.984307	1.213664	0.183334	1.205592	0.777041	1.230265	0.084853	1.200344	0.554466	1.207996	0.003778	1.206082	0.003805	1.211184	0.003561	1.198992	0.002146	
1352524406.365934	0.999849	53.027381	39.732940	4.932263	1.194521	0.014958	1.189472	0.909094	1.189468	0.907432	1.190962	0.007154	1.190371	0.006744	1.187297	0.004400	1.188633	0.005637	1.179858	0.002490	1352524406.366097	0.999770	50.717968	37.483890	4.948755	1.198836	0.010685	1.195648	0.905136	1.197595	0.005959	1.191564	0.724497	1.186097	0.005383	1.195812	0.003731	1.196214	0.003722	1.183500	0.002115	
1352524407.365968	1.000034	56.818803	43.513653	4.993528	1.183120	0.494807	1.178287	0.844893	1.180171	0.888680	1.186157	0.115042	1.187646	0.004081	1.175448	0.004857	1.183944	0.006733	1.178529	0.001898	1352524407.366258	1.000161	47.092153	33.858702	4.994497	1.207480	0.118873	1.194603	0.888464	1.193987	0.075421	1.193604	0.002558	1.197410	0.003979	1.199103	0.003721	1.203383	0.003923	1.196913	0.001907	
1352524408.365927	0.999959	57.616758	44.301911	4.981268	1.193441	0.926962	1.189405	0.737790	1.193439	0.926192	1.198270	0.009925	1.200280	0.005633	1.189584	0.003612	1.195211	0.005148	1.187112	0.002024	1352524408.366106	0.999848	46.251344	33.008775	4.971032	1.215069	0.009098	1.196836	0.928217	1.207424	0.007778	1.202398	0.001946	1.197974	0.004175	1.205171	0.004007	1.200810	0.004227	1.191887	0.002382	
1352524409.365926	0.999999	56.919045	43.617214	4.957601	1.194640	0.912228	1.189914	0.726293	1.194630	0.911174	1.205645	0.008613	1.188647	0.002026	1.192080	0.003870	1.193290	0.005240	1.192945	0.001776	1352524409.366115	1.000009	46.392356	33.147039	5.007294	1.206172	0.010251	1.189576	0.914046	1.204433	0.009193	1.191775	0.002293	1.196741	0.004039	1.197499	0.003899	1.197889	0.004193	1.193966	0.002021	
1352524410.365926	1.000000	57.305832	43.987274	4.967300	1.194323	0.907631	1.190144	0.734294	1.194324	0.906690	1.198081	0.007385	1.193057	0.001814	1.189378	0.003742	1.196847	0.005072	1.187024	0.002014	1352524410.366107	0.999992	46.240304	32.993691	4.964289	1.204969	0.010277	1.192233	0.907707	1.203422	0.009634	1.198903	0.001995	1.192997	0.004071	1.197810	0.003809	1.199168	0.004182	1.187748	0.002307	
1352524411.365926	1.000000	57.570084	44.253372	4.954468	1.191541	0.915707	1.189179	0.733473	1.191524	0.914622	1.199962	0.007035	1.186086	0.002080	1.189441	0.003922	1.196637	0.005352	1.189292	0.001789	1352524411.366066	0.999959	46.343789	33.110412	4.926441	1.208110	0.010149	1.191333	0.912772	1.202732	0.008772	1.195188	0.004020	1.199857	0.004020	1.199884	0.004230	1.198276	0.003761	1.196910	0.002030	
1352524412.365926	1.000000	56.075729	42.757629	4.995728	1.202257	0.894613	1.198670	0.731963	1.202251	0.893405	1.200691	0.007476	1.204371	0.002929	1.201342	0.003214	1.208449	0.005129	1.200731	0.002019	1352524412.366048	0.999982	46.413351	33.172194	4.918316	1.198338	0.009586	1.186525	0.897513	1.195573	0.009393	1.193884	0.003660	1.191779	0.004257	1.194676	0.004311	1.189527	0.003653	1.183491	0.002400	
1352524413.365925	0.999999	56.337502	43.026454	4.976628	1.198806	0.912538	1.193009	0.729425	1.198814	0.911596	1.202245	0.006012	1.197773	0.004036	1.192102	0.001982	1.200503	0.005444	1.196063	0.001797	1352524413.366042	0.999994	45.926436	32.689404	4.877226	1.199176	0.011025	1.190555	0.913748	1.198143	0.009065	1.195506	0.004168	1.199491	0.004208	1.197813	0.004209	1.199271	0.004028	1.196928	0.002055	
1352524414.365925	1.000000	56.669601	43.353775	4.982590	1.199839	0.924671	1.196443	0.731773	1.199836	0.923753	1.200908	0.006166	1.198254	0.003263	1.188538	0.002073	1.200010	0.004945	1.190465	0.002043	1352524414.366019	0.999977	46.185124	32.945883	4.990715	1.205625	0.011404	1.192937	0.923201	1.203132	0.007869	1.200606	0.003683	1.197343	0.004800	1.197551	0.003734	1.192964	0.003947	1.188568	0.002321	
1352524415.365927	1.000002	58.590648	45.285955	4.996145	1.183667	0.957155	1.180405	0.745167	1.183665	0.956691	1.175555	0.008522	1.169476	0.004755	1.171302	0.006014	1.178084	0.007582	1.177685	0.007401	1352524415.366012	0.999993	46.904911	33.663792	4.992329	1.187233	0.010298	1.184014	0.956892	1.181256	0.008423	1.179103	0.008243	1.176099	0.006357	1.178512	0.005907	1.176045	0.005952	1.177429	0.005633	
1352524416.365931	1.000004	56.273026	42.953439	4.968562	1.199218	0.883687	1.195124	0.740952	1.199217	0.882265	1.198427	0.004155	1.197258	0.003800	1.198686	0.003576	1.204211	0.005505	1.206798	0.005008	1352524416.366145	1.000133	46.125776	32.889332	4.944868	1.203421	0.007664	1.194416	0.884835	1.193960	0.006040	1.199362	0.006429	1.193288	0.003925	1.197447	0.004005	1.195019	0.004389	1.196940	0.003851	
1352524417.365938	1.000007	56.188195	42.870980	5.011074	1.201720	0.913756	1.203392	0.461336	1.201726	0.912778	1.188741	0.278119	1.191478	0.003951	1.188642	0.003235	1.198892	0.005207	1.204035	0.004990	1352524417.366067	0.999922	46.858451	33.615490	4.947651	1.199501	0.007577	1.187019	0.918965	1.196990	0.006306	1.195065	0.004897	1.193149	0.004124	1.193006	0.003736	1.191861	0.004045	1.194596	0.004734	
1352524418.365940	1.000002	52.216789	38.911867	4.958197	1.197133	0.883820	1.199447	0.016846	1.197162	0.881899	1.184631	0.007122	1.197767	0.006233	1.179275	0.002541	1.188988	0.004659	1.193534	0.005765	1352524418.366332	1.000265	50.318764	37.095490	4.973567	1.189931	0.281292	1.199099	0.877800	1.192918	0.366500	1.202041	0.090661	1.197972	0.003886	1.204111	0.003583	1.200056	0.003764	1.198745	0.003561	
1352524419.365944	1.000004	53.087767	39.786155	4.991725	1.187914	0.919182	1.190032	0.016240	1.187906	0.917975	1.182905	0.008578	1.184313	0.005362	1.176926	0.002575	1.184130	0.004034	1.185310	0.005807	1352524419.366180	0.999848	51.416635	38.196667	4.942509	1.198477	0.007044	1.183954	0.915681	1.177711	0.720473	1.195277	0.005786	1.194468	0.004235	1.198916	0.003807	1.198003	0.004043	1.196507	0.003698	
1352524420.365930	0.999986	52.939984	39.636208	4.976312	1.188019	0.907623	1.188143	0.015171	1.188052	0.906241	1.182571	0.007603	1.184789	0.006390	1.176977	0.002838	1.182708	0.003923	1.185704	0.005503	1352524420.366059	0.999879	51.069143	37.836950	4.971671	1.169361	0.094943	1.192283	0.902686	1.188531	0.633080	1.203568	0.005545	1.190612	0.004060	1.196642	0.003675	1.193741	0.004025	1.196563	0.003893	
1352524421.365930	1.000000	52.498932	39.199081	4.964844	1.193684	0.885988	1.193881	0.015304	1.193668	0.884231	1.189981	0.007992	1.193572	0.007296	1.184274	0.002538	1.186593	0.004456	1.192118	0.005581	1352524421.366227	1.000168	51.334435	38.106662	4.965291	1.193069	0.005703	1.183093	0.884958	1.177797	0.715852	1.192724	0.006019	1.187426	0.004218	1.186468	0.003838	1.185890	0.003658	1.178196	0.003956	
1352524422.365931	1.000001	52.694850	39.407036	4.972117	1.190766	0.923603	1.195018	0.015203	1.190785	0.922574	1.184943	0.007475	1.188354	0.007710	1.175124	0.003143	1.185853	0.004027	1.186569	0.006001	1352524422.366075	0.999848	51.470567	38.236758	5.005446	1.199362	0.005204	1.193543	0.923876	1.188199	0.716104	1.199721	0.006134	1.192799	0.004184	1.194045	0.003747	1.186345	0.003795	1.188620	0.003982	
1352524423.365929	0.999998	53.091822	39.791046	4.947397	1.187938	0.911386	1.188771	0.015672	1.187957	0.910211	1.185162	0.007210	1.185866	0.007422	1.174025	0.002450	1.176727	0.004301	1.183635	0.005652	1352524423.366037	0.999962	51.834576	38.599715	4.966009	1.188170	0.005674	1.179638	0.910836	1.172868	0.725564	1.192403	0.005786	1.189348	0.004007	1.187396	0.003705	1.186287	0.003636	1.188050	0.003655	
1352524424.365927	0.999998	53.521678	40.224457	4.916879	1.184311	0.942604	1.188740	0.015111	1.184319	0.941576	1.188073	0.007537	1.186139	0.007220	1.178117	0.002516	1.181719	0.004102	1.181728	0.005730	1352524424.366029	0.999992	51.949213	38.725381	4.956476	1.194429	0.007374	1.185302	0.939574	1.179033	0.723259	1.196595	0.003831	1.190180	0.004038	1.191800	0.003643	1.190807	0.003744	1.189948	0.003810	
1352524425.365928	1.000001	53.480891	40.179893	4.917613	1.184940	0.920890	1.186294	0.015587	1.184964	0.919983	1.181810	0.007915	1.182315	0.006674	1.174348	0.002486	1.175940	0.004895	1.181166	0.005692	1352524425.366036	1.000007	51.592905	38.394174	4.996502	1.191723	0.007522	1.182998	0.921278	1.177604	0.721140	1.191057	0.003879	1.187849	0.003678	1.187917	0.003875	1.187883	0.003766	1.190821	0.003850	
1352524426.365929	1.000001	52.837688	39.534386	4.976192	1.186462	0.894387	1.193879	0.014531	1.186456	0.892862	1.187356	0.010153	1.183597	0.004908	1.179737	0.002537	1.184790	0.003900	1.186963	0.005803	1352524426.366058	1.000022	50.389825	37.169290	4.956968	1.215885	0.007836	1.205634	0.888388	1.194692	0.619968	1.227235	0.108063	1.204888	0.003693	1.212437	0.003722	1.203200	0.004075	1.203650	0.003851	
1352524427.365983	1.000054	52.286398	38.986043	4.944054	1.197362	0.901664	1.199692	0.014799	1.197399	0.900431	1.187991	0.008293	1.191872	0.005410	1.178086	0.002870	1.187361	0.003916	1.192892	0.005411	1352524427.366305	1.000247	51.732797	38.505656	4.963816	1.198533	0.007382	1.188517	0.901709	1.193075	0.003928	1.180303	0.740251	1.195934	0.005097	1.193937	0.003513	1.193694	0.003709	1.196678	0.003401	
1352524428.365935	0.999952	52.537399	39.229099	4.981547	1.191477	0.890390	1.191863	0.016329	1.191493	0.888606	1.180691	0.008056	1.192086	0.007620	1.173757	0.002659	1.183588	0.003855	1.184329	0.005945	1352524428.366143	0.999838	51.256833	38.024909	4.947014	1.206728	0.007029	1.194373	0.887504	1.196894	0.004045	1.189352	0.730903	1.201569	0.005434	1.197426	0.004011	1.195405	0.003949	1.208899	0.004944	
1352524429.365967	1.000032	51.039751	37.765624	4.792312	1.186952	0.829963	1.196351	0.013912	1.186918	0.828644	1.188528	0.006920	1.188076	0.005642	1.182801	0.002222	1.188337	0.003843	1.190333	0.005108	1352524429.366096	0.999953	49.329755	36.112963	4.600436	1.213364	0.009895	1.198122	0.826844	1.195667	0.747501	1.196694	0.003198	1.201383	0.005140	1.198338	0.003637	1.199847	0.003167	1.197319	0.003938	
1352524430.365930	0.999963	50.556159	37.269230	4.942367	1.201400	0.847734	1.199041	0.013010	1.201397	0.845364	1.198812	0.006333	1.202003	0.003547	1.191593	0.002055	1.197960	0.003094	1.200498	0.004820	1352524430.366087	0.999991	50.305860	37.090119	4.505000	1.194130	0.006890	1.194257	0.846696	1.192206	0.784810	1.196776	0.001458	1.211044	0.004954	1.203507	0.003061	1.195320	0.003031	1.201874	0.004113	
1352524431.365977	1.000047	46.115830	32.844023	4.428717	1.195447	0.650347	1.199669	0.011257	1.195518	0.649314	1.185357	0.004611	1.195389	0.003942	1.182390	0.001678	1.192390	0.002913	1.191577	0.003806	1352524431.366255	1.000168	48.555163	35.356179	4.222526	1.197156	0.005863	1.190580	0.649252	1.175457	0.215236	1.208359	0.596966	1.199657	0.004152	1.187661	0.002817	1.182372	0.002604	1.193810	0.003907	
1352524432.365930	0.999953	46.418928	33.143402	4.503248	1.179937	0.701898	1.165226	0.012844	1.180270	0.699567	1.180905	0.004820	1.183506	0.005328	1.186741	0.002640	1.184318	0.003398	1.184171	0.004930	1352524432.366063	0.999808	48.468836	35.258751	4.434674	1.202669	0.005951	1.192083	0.695530	1.185165	0.003255	1.204616	0.768009	1.186418	0.004956	1.202462	0.003382	1.193300	0.003148	1.189668	0.004895	
1352524433.365935	1.000005	52.779200	39.489442	4.954504	1.185070	0.890424	1.194173	0.016163	1.185089	0.888926	1.180620	0.003419	1.190631	0.008125	1.178190	0.002462	1.184392	0.004115	1.186607	0.005485	1352524433.366119	1.000056	51.597954	38.369417	4.837208	1.195386	0.007754	1.178052	0.888146	1.191464	0.003587	1.170606	0.726345	1.194728	0.005330	1.191745	0.003652	1.189398	0.003724	1.195633	0.005416	
1352524434.366075	1.000140	52.855304	39.562060	4.966529	1.199102	0.930534	1.205428	0.015474	1.199113	0.929534	1.184489	0.005164	1.199998	0.007257	1.182859	0.002684	1.193718	0.004048	1.195793	0.004999	1352524434.366185	1.000066	50.829025	37.603519	4.950906	1.210526	0.008726	1.196247	0.928443	1.188106	0.726950	1.193036	0.002510	1.206331	0.005393	1.201653	0.003171	1.197407	0.003991	1.207886	0.005883	
1352524435.365928	0.999853	53.215790	39.918104	4.909902	1.190578	0.899123	1.200912	0.014778	1.190589	0.897914	1.180518	0.006020	1.196229	0.007597	1.181300	0.002404	1.184832	0.004348	1.189183	0.004062	1352524435.366119	0.999934	51.290970	38.065914	4.989358	1.198973	0.007698	1.185374	0.898586	1.175489	0.274848	1.179901	0.457062	1.199256	0.005532	1.188537	0.003910	1.194546	0.003666	1.198076	0.005311	
1352524436.365942	1.000014	52.311734	39.026322	4.975089	1.194668	0.879860	1.203569	0.015929	1.194667	0.878215	1.189503	0.005126	1.200970	0.008563	1.184224	0.002558	1.192910	0.004020	1.190166	0.004100	1352524436.366127	1.000008	51.157376	37.929441	4.964010	1.199470	0.008080	1.185051	0.877158	1.198792	0.003834	1.179111	0.727232	1.199401	0.006295	1.194116	0.003641	1.188116	0.003847	1.194156	0.005761	
1352524437.365946	1.000004	53.121367	39.822043	5.005732	1.194027	0.931239	1.197845	0.015455	1.194054	0.930312	1.188979	0.007142	1.196277	0.006805	1.181300	0.002940	1.188668	0.003978	1.193174	0.004221	1352524437.366151	1.000024	51.628319	38.398230	4.988848	1.201952	0.008721	1.188613	0.930373	1.191750	0.003760	1.181893	0.724672	1.200806	0.005531	1.188722	0.003826	1.198176	0.003852	1.196038	0.003501	
1352524438.365928	0.999982	715836856.895045	715802540.963573	715795075.132228	0.999946	1.000281	0.999946	1.000295	0.999948	1.000296	0.999947	1.000284	0.999947	1.000289	0.999949	1.000282	0.999947	1.000289	0.999948	1.000288	1352524438.366020	0.999869	715908669.966164	715886348.928374	715901609.297245	0.999946	1.000283	0.999944	1.000288	3.895970	0.256737	0.999948	1.000289	0.999947	1.000288	0.999951	1.000289	0.999947	1.000290	0.999948	1.000290	
1352524439.365995	1.000067	0.000000	0.000000	0.000000	-nan	-nan	-nan	-nan	1.000008	inf	-nan	-nan	-nan	0.000000	-nan	-nan	-nan	-nan	-nan	-nan	1352524439.366077	1.000057	0.000000	0.000000	0.000000	-nan	-nan	-nan	-nan	1.345745	inf	-nan	-nan	-nan	-nan	-nan	-nan	-nan	-nan	-nan	-nan	
