ts_0	elapsed_0	pkg_0	pp0_0	dram_0	freq_ratio_0_0	c0_ratio_0_0	freq_ratio_0_1	c0_ratio_0_1	freq_ratio_0_2	c0_ratio_0_2	freq_ratio_0_3	c0_ratio_0_3	freq_ratio_0_4	c0_ratio_0_4	freq_ratio_0_5	c0_ratio_0_5	freq_ratio_0_6	c0_ratio_0_6	freq_ratio_0_7	c0_ratio_0_7	ts_1	elapsed_1	pkg_1	pp0_1	dram_1	freq_ratio_1_0	c0_ratio_1_0	freq_ratio_1_1	c0_ratio_1_1	freq_ratio_1_2	c0_ratio_1_2	freq_ratio_1_3	c0_ratio_1_3	freq_ratio_1_4	c0_ratio_1_4	freq_ratio_1_5	c0_ratio_1_5	freq_ratio_1_6	c0_ratio_1_6	freq_ratio_1_7	c0_ratio_1_7	
1352522876.997926	1.001704	38.870122	25.486159	4.521379	0.999779	0.799942	0.999462	0.657364	0.999836	0.652965	0.999994	0.444075	0.999202	0.004723	0.998673	0.002517	0.999526	0.007328	0.998301	0.001983	1352522876.998038	1.000380	35.045489	21.891339	3.393013	0.999577	0.655341	0.999624	0.654297	0.996834	0.015800	0.994967	0.022826	0.990128	0.008630	0.985088	0.002170	0.982156	0.004575	0.996308	0.027733	
1352522877.997947	1.000021	38.852243	25.456268	4.628840	0.999999	0.580165	0.999999	0.583762	0.999999	0.577459	0.999999	0.620981	0.999980	0.004518	0.999968	0.002682	0.999938	0.006038	1.000001	0.002601	1352522877.998098	1.000060	36.043229	22.876082	3.455405	0.999843	0.578714	0.999999	0.577469	0.989355	0.014192	0.978237	0.011700	0.986603	0.004613	0.990294	0.002890	0.993413	0.004911	0.981965	0.004422	
1352522878.998299	1.000352	37.762056	24.360690	4.722459	0.999999	0.526905	0.999951	0.532890	1.000000	0.504071	0.999996	0.362501	1.000000	0.168089	0.999937	0.003405	0.999957	0.007292	1.000014	0.002712	1352522878.998450	1.000352	35.854570	22.686551	3.693128	0.999970	0.506459	1.000000	0.504164	0.999946	0.013748	0.999975	0.011776	1.000007	0.006682	1.000500	0.002475	1.000218	0.004961	0.999959	0.005285	
1352522879.997926	0.999627	41.652433	28.232863	4.913285	1.000000	0.873919	0.999999	0.597904	1.000000	0.872797	1.000001	0.872776	1.000044	0.006472	0.999957	0.003223	1.000020	0.007534	0.999740	0.002748	1352522879.998042	0.999592	37.960447	24.774389	3.694409	0.999950	0.873503	1.000000	0.873074	0.994924	0.012576	0.990780	0.012721	0.996498	0.007377	0.997103	0.003083	0.999768	0.005600	0.994516	0.004722	
1352522880.997929	1.000003	40.890178	27.491995	4.835358	0.999999	0.766891	0.999999	0.568051	0.999999	0.765037	0.999999	0.765067	1.000127	0.005474	0.999954	0.005303	0.999787	0.006761	1.000051	0.003116	1352522880.998073	1.000031	38.336626	25.159819	3.759970	1.000000	0.765704	1.000000	0.764888	0.999977	0.011763	1.000005	0.011944	1.000004	0.008215	1.000343	0.002547	1.000187	0.004579	1.000037	0.005848	
1352522881.997930	1.000001	39.546883	26.139715	4.806117	0.999998	0.321764	0.999954	0.719900	1.000000	0.714116	1.000001	0.714135	1.000001	0.271130	0.999978	0.005139	1.000066	0.008382	1.000129	0.002885	1352522881.998060	0.999987	37.887185	24.709430	3.696582	0.999999	0.715111	0.999999	0.714102	0.998478	0.012350	0.998512	0.012293	0.999906	0.007209	0.999687	0.003189	0.999833	0.004789	0.999959	0.004968	
1352522882.997930	1.000000	40.092209	26.679611	4.810959	0.999999	0.430294	0.999973	0.680309	1.000000	0.674960	1.000000	0.674896	0.999992	0.150176	1.000003	0.002751	0.999930	0.006923	0.999933	0.002030	1352522882.998134	1.000074	37.647883	24.485525	3.688204	0.999963	0.676084	1.000000	0.674935	0.998825	0.012042	0.996771	0.014632	0.999576	0.007608	1.000208	0.002437	0.999204	0.009128	0.999843	0.004576	
1352522883.997932	1.000002	38.776354	25.362241	4.794485	0.999931	0.256974	0.999978	0.686718	0.999999	0.680534	0.999999	0.680513	1.000000	0.074814	0.999956	0.004050	0.996541	0.007730	0.999936	0.003056	1352522883.998060	0.999926	38.036182	24.855139	3.743761	1.000000	0.693090	1.000000	0.680594	0.999987	0.020472	0.999050	0.036165	0.999992	0.159991	0.999699	0.002886	0.999842	0.004759	0.995591	0.004534	
1352522884.997929	0.999997	38.106060	24.696854	4.822006	0.999948	0.019413	1.000000	0.644748	1.000000	0.638334	1.000000	0.638289	1.000090	0.007278	0.999960	0.006060	0.999980	0.007280	0.999952	0.003294	1352522884.998029	0.999969	39.836043	26.655657	3.712792	1.000000	0.639075	1.000000	0.638166	0.999951	0.014879	0.999948	0.011429	0.999999	0.555410	1.000290	0.002245	1.000113	0.004133	0.999802	0.004586	
1352522885.997937	1.000008	38.196117	24.805127	4.834815	0.999917	0.017398	0.999997	0.688941	0.999999	0.682903	0.999999	0.682899	0.999883	0.006976	0.999881	0.005656	0.999912	0.007356	0.999854	0.003355	1352522885.998137	1.000108	39.321986	26.142730	3.761282	1.000000	0.683624	1.000000	0.682700	0.999992	0.010378	1.000009	0.015169	1.000005	0.544140	1.000274	0.002697	1.000191	0.004261	1.000299	0.004000	
1352522886.997936	0.999999	37.267934	23.868111	4.795995	0.998039	0.016822	0.999888	0.596018	1.000000	0.589261	1.000000	0.589220	0.998270	0.007706	0.999955	0.005895	0.999968	0.006767	0.999885	0.003358	1352522886.998086	0.999949	39.401775	26.221553	3.755547	0.999999	0.590775	1.000000	0.589009	0.999954	0.011973	0.999959	0.012540	0.999968	0.557846	0.999790	0.002185	0.995304	0.004017	0.999953	0.004895	
1352522887.997932	0.999996	37.950349	24.541207	4.868840	0.999878	0.343604	0.999952	0.634638	1.000001	0.627928	1.000001	0.627891	0.999979	0.008059	1.000058	0.005918	1.000016	0.020587	1.000144	0.002904	1352522887.998074	0.999988	37.195542	24.013210	3.775771	0.999867	0.650627	0.999928	0.250823	0.999938	0.506635	0.989953	0.015777	0.999975	0.069658	0.998566	0.002919	0.995005	0.004539	0.997112	0.005747	
1352522888.997927	0.999995	39.533233	26.120553	4.860528	0.999998	0.628645	0.999983	0.628203	1.000000	0.671177	1.000000	0.671157	0.999967	0.005401	1.000007	0.005621	0.999943	0.004758	0.999905	0.002609	1352522888.998061	0.999987	38.051097	24.879141	3.749637	1.000000	0.672253	0.999940	0.013812	1.000000	0.671410	0.999972	0.012951	0.999963	0.004382	1.000098	0.002414	1.000082	0.004963	0.999834	0.005284	
1352522889.997930	1.000003	41.030467	27.610525	4.849091	0.999999	0.527429	1.000000	0.706614	0.999999	0.731049	0.999999	0.731037	1.000013	0.082491	1.000043	0.005600	1.000054	0.004651	0.999928	0.002556	1352522889.998073	1.000012	37.857886	24.675960	3.735429	1.000000	0.732673	0.999971	0.015079	0.999999	0.730978	0.999986	0.012942	0.999857	0.005285	0.999993	0.003230	0.999922	0.005317	1.000153	0.004318	
1352522890.997927	0.999997	41.281836	27.866465	4.856476	0.999939	0.018551	0.999938	0.701465	1.000000	0.694081	1.000000	0.693435	0.999909	0.571472	0.999974	0.005341	0.999917	0.006440	0.999975	0.006015	1352522890.998001	0.999928	38.684304	25.502233	3.712654	1.000000	0.697578	0.999974	0.015869	1.000000	0.696363	1.000009	0.015223	1.000120	0.008277	1.000248	0.005240	1.000142	0.007229	1.000038	0.005768	
1352522891.997939	1.000012	40.505361	27.099347	4.827869	1.000000	0.499286	0.999838	0.676533	1.000000	0.670382	1.000000	0.670340	0.999997	0.067154	0.999972	0.004873	0.999907	0.006359	0.999724	0.002217	1352522891.998052	1.000051	38.115762	24.934961	3.766821	0.999999	0.671512	0.999867	0.009549	0.999999	0.670461	0.999905	0.010877	0.999915	0.007038	0.999879	0.005017	0.999784	0.007107	0.999937	0.004293	
1352522892.997938	0.999999	40.199089	26.779872	4.901433	0.999553	0.187117	0.999896	0.817265	1.000000	0.813782	1.000000	0.813738	0.999999	0.218283	0.999960	0.006199	1.000018	0.009042	0.999831	0.002829	1352522892.998060	1.000008	39.893079	26.713330	3.740494	0.999994	0.178214	1.000000	0.691339	1.000000	0.813774	0.999995	0.088481	0.999996	0.037719	0.999937	0.004439	1.000041	0.008235	0.999885	0.004555	
1352522893.997925	0.999987	38.372940	24.950767	4.841387	0.999804	0.446494	0.999869	0.614742	1.000001	0.607959	1.000001	0.607991	0.999998	0.139531	1.000009	0.006632	0.998244	0.007947	0.999992	0.002915	1352522893.998026	0.999966	36.294862	23.126887	3.767111	0.978256	0.013467	0.999989	0.608574	0.999982	0.608186	0.993363	0.009596	0.991205	0.007988	0.992439	0.006033	0.997511	0.007962	0.990027	0.005626	
1352522894.997931	1.000006	39.370386	25.957395	4.890184	0.999945	0.021719	0.999999	0.704701	0.999999	0.699645	0.999999	0.699594	0.999948	0.024735	0.999974	0.006673	1.000018	0.007364	0.999964	0.003228	1352522894.998074	1.000048	39.690282	26.495038	3.779787	1.000000	0.618420	0.999999	0.332528	1.000001	0.699319	1.000005	0.280753	1.000008	0.022241	1.000166	0.005469	1.000007	0.020929	0.999976	0.005706	
1352522895.997931	1.000000	39.697693	26.302673	4.864899	0.999959	0.020309	1.000000	0.694811	0.999999	0.689315	1.000000	0.689052	0.999936	0.011115	0.999959	0.010438	1.000025	0.003874	0.999924	0.003644	1352522895.998045	0.999971	39.678950	26.510964	3.757510	0.999965	0.368803	1.000002	0.579584	1.000000	0.688927	0.999995	0.283952	0.999536	0.029406	1.000067	0.004508	1.000005	0.018478	1.000121	0.004809	
1352522896.997935	1.000004	40.899645	27.489925	4.868907	0.999952	0.022100	1.000000	0.822111	1.000000	0.819159	1.000000	0.819114	1.000119	0.010242	1.000012	0.009939	0.999961	0.004298	0.999902	0.003347	1352522896.998078	1.000033	40.871931	27.687093	3.728576	1.000000	0.819561	0.999938	0.548319	1.000000	0.819277	0.999985	0.005101	0.999914	0.007003	0.999950	0.004423	0.999903	0.006569	1.000042	0.004307	
1352522897.997932	0.999997	39.446976	26.037465	4.916489	0.999991	0.085302	1.000001	0.669119	1.000001	0.664324	1.000001	0.663749	1.000021	0.088384	1.000020	0.010310	1.000036	0.004959	1.000047	0.003197	1352522897.998076	0.999998	36.776453	23.593414	3.769294	0.999873	0.622489	0.999882	0.312662	0.999968	0.663867	0.999591	0.096570	0.998229	0.035990	0.990908	0.005480	0.999059	0.016212	0.993487	0.004729	
1352522898.997930	0.999998	41.155550	27.744621	4.871042	1.000009	0.076705	1.000000	0.790562	1.000000	0.787079	1.000000	0.787058	0.999995	0.316639	1.000010	0.009137	1.000017	0.011766	0.999924	0.002856	1352522898.998046	0.999970	39.082992	25.899124	3.737020	0.999999	0.671959	1.000000	0.192969	1.000000	0.787059	1.000001	0.129929	1.000091	0.007160	1.000102	0.004509	1.000010	0.007834	0.999802	0.005067	
1352522899.997952	1.000022	40.780340	27.362101	4.874954	0.999998	0.697308	0.999883	0.611336	1.000000	0.742462	1.000000	0.742409	1.000147	0.012770	0.999988	0.010402	0.999824	0.004348	0.999893	0.002700	1352522899.998092	1.000046	37.630883	24.454533	3.766184	0.996232	0.011752	1.000000	0.742653	0.999989	0.742594	0.999928	0.006905	0.998224	0.005253	0.995010	0.007039	0.997304	0.007509	0.999376	0.004730	
1352522900.997930	0.999978	40.548054	27.128418	4.842391	0.999999	0.704608	0.999904	0.558434	0.999999	0.701204	0.999999	0.701168	0.999309	0.011829	0.999960	0.009513	0.999964	0.004437	0.999976	0.002864	1352522900.998037	0.999945	38.636680	25.457365	3.752633	0.999932	0.011346	1.000000	0.701234	1.000001	0.701157	1.000003	0.008849	1.000177	0.005301	1.000046	0.007851	0.999977	0.005636	0.999847	0.005314	
1352522901.997930	1.000000	39.488419	26.080933	4.800446	0.999763	0.453147	0.999653	0.594184	0.999987	0.604802	0.999980	0.604745	0.998463	0.009630	0.999263	0.015774	0.999148	0.009583	0.999760	0.002942	1352522901.998102	1.000065	37.894399	24.728600	3.749802	0.999806	0.152682	0.999971	0.578371	1.000001	0.604916	0.998481	0.008848	1.000079	0.005521	0.998511	0.012414	0.997911	0.006337	1.000243	0.004858	
1352522902.997937	1.000007	41.265767	27.847372	4.795163	0.999985	0.047020	1.000001	0.694533	1.000001	0.689777	1.000001	0.689752	1.000010	0.066906	1.000074	0.008341	1.000003	0.450514	1.000098	0.002627	1352522902.998050	0.999948	38.821262	25.635015	3.739757	0.999999	0.690727	0.999913	0.031158	0.999999	0.689814	0.999983	0.010637	0.999868	0.004640	0.999974	0.006822	0.999931	0.004660	0.999772	0.005114	
1352522903.997930	0.999993	41.522718	28.103603	4.884448	0.999959	0.019644	0.999952	0.743757	0.999999	0.739264	0.999999	0.739203	0.999539	0.010400	0.999990	0.009737	0.999951	0.552715	0.999950	0.002878	1352522903.998036	0.999986	36.942445	23.757246	3.773124	0.999920	0.740198	0.996891	0.005849	1.000000	0.739267	0.990973	0.011001	0.997903	0.006200	0.998767	0.007308	0.991937	0.005305	0.997700	0.005233	
1352522904.997931	1.000001	43.007009	29.591647	4.867183	0.999945	0.018357	1.000000	0.793938	1.000000	0.790359	1.000000	0.790344	1.000018	0.009360	0.999951	0.009998	0.999999	0.586980	0.999794	0.002676	1352522904.998024	0.999988	38.315398	25.131266	3.629316	1.000000	0.791118	0.999883	0.008787	0.999999	0.790604	0.999925	0.008991	0.999987	0.005387	1.000121	0.004819	1.000117	0.004812	1.000040	0.004974	
1352522905.997959	1.000028	39.993803	26.575751	4.848787	0.999999	0.707794	0.999899	0.568094	1.000000	0.704467	1.000000	0.704429	1.000019	0.012080	0.999947	0.006270	0.999510	0.003169	1.000066	0.002905	1352522905.998076	1.000052	37.581024	24.399275	3.766680	0.999961	0.705557	0.998935	0.012042	1.000000	0.704659	0.996010	0.011144	0.999908	0.005584	0.999159	0.005282	0.999904	0.005110	1.000013	0.004892	
1352522906.997939	0.999980	39.946830	26.527326	4.709796	1.000000	0.703387	0.999999	0.607220	1.000000	0.700294	1.000000	0.700273	1.000018	0.010721	0.999995	0.005371	0.999888	0.002519	0.999904	0.002595	1352522906.998045	0.999969	38.075246	24.894525	3.565204	0.999962	0.701546	0.995214	0.010829	1.000000	0.700371	0.997029	0.012265	1.000106	0.005034	0.996721	0.005135	0.996518	0.004803	0.996759	0.005511	
1352522907.997925	0.999986	42.213088	28.806130	4.915062	1.000001	0.943342	1.000000	0.665012	1.000000	0.942857	1.000000	0.942629	0.999993	0.009870	1.000050	0.004632	0.999902	0.002419	1.000082	0.002319	1352522907.998070	1.000025	39.415700	26.232955	3.314050	1.000000	0.943431	0.999980	0.011646	1.000000	0.942968	1.000015	0.009592	0.999792	0.004195	0.999855	0.004586	0.999729	0.004267	0.999908	0.004518	
1352522908.997930	1.000005	40.932061	27.511703	4.768897	0.999999	0.793546	0.999999	0.530935	1.000000	0.791923	1.000000	0.791891	1.000022	0.008091	1.000007	0.077010	0.999890	0.002268	0.999913	0.002630	1352522908.998078	1.000008	39.333681	26.163591	3.598863	1.000000	0.792678	0.999953	0.013880	0.999999	0.791790	0.999947	0.011766	1.000126	0.004630	1.000057	0.004861	1.000131	0.005080	1.000092	0.004600	
1352522909.997926	0.999996	36.463939	23.052828	4.532321	1.000000	0.453320	0.999830	0.388925	1.000000	0.448674	1.000000	0.448599	0.997859	0.006441	0.999946	0.007661	1.000105	0.002805	0.999947	0.002799	1352522909.998063	0.999985	36.036399	22.851845	3.514152	0.999713	0.495620	0.999309	0.155405	0.999980	0.448785	0.988125	0.016125	0.999463	0.038006	0.990328	0.005550	0.998252	0.004876	0.990315	0.004460	
1352522910.997928	1.000002	37.245611	23.835434	4.359046	0.999982	0.505077	0.999352	0.294752	1.000000	0.502051	1.000000	0.502022	0.999621	0.366678	0.997033	0.004545	0.999717	0.001885	0.999942	0.002225	1352522910.998069	1.000006	36.250028	23.071289	3.243191	0.999791	0.503353	0.974571	0.013536	0.999946	0.502169	0.980982	0.010383	0.978771	0.003714	0.995137	0.003812	0.997980	0.003869	0.993941	0.004008	
1352522911.997938	1.000010	40.833942	27.412766	4.813474	0.999998	0.816408	0.998197	0.020649	0.999999	0.814730	0.999999	0.814702	0.999885	0.501090	0.999947	0.005822	0.999797	0.002780	0.999821	0.002779	1352522911.998096	1.000027	39.103927	25.919910	3.686973	0.999967	0.816039	0.996557	0.021107	1.000001	0.819888	0.998421	0.032721	0.999686	0.054913	1.000116	0.005199	1.000314	0.005199	0.996509	0.005732	
1352522912.997941	1.000003	37.798268	24.384324	4.839615	0.999911	0.615137	0.995327	0.020947	0.999996	0.610056	1.000000	0.604504	1.000062	0.003095	0.999751	0.005943	0.999979	0.002983	1.000001	0.003282	1352522912.998038	0.999942	39.195859	26.010098	3.756794	0.999965	0.614430	0.999867	0.083230	1.000000	0.645447	0.999520	0.034956	0.999962	0.347912	0.996540	0.004965	0.999248	0.021705	1.000022	0.012856	
1352522913.997931	0.999990	36.211788	22.812454	4.867984	0.999775	0.672036	0.988438	0.020467	1.000000	0.668629	1.000000	0.668581	0.999768	0.003278	1.000001	0.006738	0.999836	0.003303	0.999982	0.003315	1352522913.998049	1.000011	39.993580	26.822612	3.740849	1.000000	0.669950	0.998628	0.012537	0.999998	0.668654	0.997956	0.013021	0.999952	0.550208	1.000064	0.004098	1.000054	0.004879	0.999878	0.003870	
1352522914.997928	0.999997	38.563077	25.149263	4.845733	0.999999	0.733532	0.999980	0.019754	0.999999	0.728323	0.999999	0.728297	1.000392	0.002627	0.999914	0.006060	1.000287	0.002654	0.999932	0.003125	1352522914.998021	0.999972	40.327587	27.143274	3.749098	1.000000	0.729181	0.999952	0.012995	1.000000	0.728212	0.999953	0.012635	1.000000	0.545948	0.999903	0.003937	0.999845	0.003903	1.000026	0.004704	
1352522915.997938	1.000010	37.663182	24.248033	4.869229	1.000000	0.718687	0.999987	0.023476	1.000000	0.715062	1.000000	0.713849	0.999920	0.007270	1.000074	0.008204	0.999974	0.003210	0.999959	0.006689	1352522915.998065	1.000044	40.631142	27.442179	3.728214	1.000000	0.717046	0.999958	0.015064	0.999999	0.715586	0.999991	0.015694	0.999999	0.468241	1.000017	0.009495	1.000004	0.093307	0.999908	0.006545	
1352522916.997942	1.000004	40.014990	26.603850	4.887981	1.000000	0.761759	0.999964	0.019047	1.000000	0.758599	1.000000	0.758605	1.000030	0.009255	0.999935	0.007873	1.000021	0.003171	0.999810	0.002725	1352522916.998124	1.000059	40.592458	27.408893	3.728906	1.000000	0.759095	0.999947	0.009574	1.000000	0.758374	0.999944	0.009940	0.999952	0.005619	0.999896	0.004146	0.999999	0.555104	0.999953	0.004239	
1352522917.997939	0.999997	36.658439	23.246624	4.776763	0.999975	0.558273	1.000014	0.020027	1.000000	0.553788	0.999999	0.553450	1.000028	0.012536	0.999976	0.009271	0.999792	0.003710	1.000079	0.003632	1352522917.998054	0.999930	36.135193	22.949469	3.739749	0.999978	0.554902	0.989916	0.009733	1.000000	0.553252	0.996813	0.009572	0.996550	0.005523	0.999877	0.005380	0.999906	0.565353	0.994663	0.005141	
1352522918.997928	0.999989	39.264453	25.863855	4.824760	0.999999	0.658556	0.999967	0.017948	0.999998	0.654474	0.999998	0.654443	1.000015	0.009762	0.999940	0.010605	1.000173	0.002697	0.999901	0.003205	1352522918.998070	1.000016	40.042482	26.859099	3.750474	1.000000	0.655235	0.999897	0.009169	0.999999	0.654309	0.999873	0.008773	1.000012	0.004563	1.000051	0.004279	1.000000	0.554332	0.999931	0.004704	
1352522919.997941	1.000013	38.182864	24.769725	4.854215	0.999651	0.701040	0.978285	0.019917	0.999980	0.697393	0.999989	0.697361	0.995229	0.008929	0.993211	0.011214	0.995161	0.003332	0.993955	0.003249	1352522919.998105	1.000035	39.555346	26.387594	3.732123	1.000000	0.697989	0.998346	0.009367	1.000001	0.697192	0.998003	0.008758	1.000129	0.004777	1.000157	0.004237	0.999919	0.539021	0.992846	0.004731	
1352522920.997940	0.999999	39.803901	26.388239	4.860982	1.000001	0.747942	1.000002	0.020562	1.000000	0.745246	1.000000	0.745237	1.000161	0.008331	0.999893	0.008466	1.000336	0.002776	1.000059	0.003317	1352522920.998079	0.999974	41.426522	28.242174	3.745520	0.999999	0.745824	0.999985	0.011757	1.000000	0.745085	0.999964	0.010219	0.999843	0.003869	0.999874	0.004739	0.999999	0.573173	1.000091	0.004760	
1352522921.997972	1.000032	40.203183	26.786925	4.895733	0.999999	0.762384	0.999987	0.317039	1.000000	0.759361	0.999999	0.759296	0.999966	0.012914	1.000011	0.007525	0.999928	0.002943	0.999922	0.002944	1352522921.998127	1.000048	38.449619	25.266856	3.742100	1.000000	0.248621	1.000000	0.756450	1.000000	0.759202	0.999985	0.013608	1.000019	0.018130	1.000054	0.004591	0.999927	0.003489	0.999850	0.004322	
1352522922.998096	1.000124	40.735993	27.317216	4.885793	1.000000	0.758647	1.000014	0.266569	1.000000	0.755577	1.000000	0.755547	1.000147	0.006824	1.000056	0.010782	0.999981	0.004254	0.999971	0.003159	1352522922.998204	1.000077	39.150824	25.969542	3.760193	0.999980	0.049643	1.000000	0.755596	1.000000	0.755544	0.999993	0.034641	1.000001	0.240194	0.999939	0.005809	0.999918	0.003409	1.000112	0.004737	
1352522923.998661	1.000565	37.980050	24.562461	4.798970	0.999999	0.610604	0.999976	0.021174	1.000000	0.606568	1.000000	0.606499	1.000026	0.005450	1.000010	0.010235	0.999778	0.002745	0.999925	0.003439	1352522923.998777	1.000573	38.881197	25.697253	3.738733	0.999936	0.016005	1.000000	0.606661	1.000000	0.606354	0.999978	0.009588	1.000001	0.555146	1.000046	0.004456	0.999481	0.003031	0.999892	0.004405	
1352522924.997930	0.999269	41.967109	28.551526	4.858563	0.999971	0.764751	0.997989	0.021725	0.999992	0.760694	1.000000	0.760671	1.000004	0.496279	0.999963	0.009261	1.000399	0.002262	1.000119	0.002689	1352522924.998063	0.999286	39.014370	25.833144	3.749794	0.999945	0.018177	1.000000	0.760755	0.999999	0.760737	0.999959	0.015723	0.999977	0.065989	0.999868	0.004403	0.999842	0.002397	0.999753	0.004788	
1352522925.997933	1.000003	715792150.810461	715814652.064465	715762043.121185	0.999983	1.000077	0.999980	1.000081	0.999990	1.000076	0.999983	1.000076	0.999983	1.000079	0.999985	1.000074	0.999983	1.000079	0.999983	1.000076	1352522925.998028	0.999965	715836117.277739	715843313.101010	715835606.106137	0.999983	1.000076	0.999980	1.000079	3.893537	0.256853	0.999983	1.000077	0.999983	1.000079	0.999985	1.000074	0.999983	1.000079	0.999983	1.000077	
1352522926.997927	0.999994	0.000000	0.000000	0.000000	-nan	-nan	-nan	-nan	8.000000	inf	-nan	-nan	-nan	0.000000	-nan	-nan	-nan	-nan	-nan	-nan	1352522926.998001	0.999973	0.000000	0.000000	0.000000	-nan	-nan	-nan	-nan	0.000000	inf	-nan	-nan	-nan	-nan	-nan	-nan	-nan	-nan	-nan	-nan	
