ts_0	elapsed_0	pkg_0	pp0_0	dram_0	freq_ratio_0_0	c0_ratio_0_0	freq_ratio_0_1	c0_ratio_0_1	freq_ratio_0_2	c0_ratio_0_2	freq_ratio_0_3	c0_ratio_0_3	freq_ratio_0_4	c0_ratio_0_4	freq_ratio_0_5	c0_ratio_0_5	freq_ratio_0_6	c0_ratio_0_6	freq_ratio_0_7	c0_ratio_0_7	ts_1	elapsed_1	pkg_1	pp0_1	dram_1	freq_ratio_1_0	c0_ratio_1_0	freq_ratio_1_1	c0_ratio_1_1	freq_ratio_1_2	c0_ratio_1_2	freq_ratio_1_3	c0_ratio_1_3	freq_ratio_1_4	c0_ratio_1_4	freq_ratio_1_5	c0_ratio_1_5	freq_ratio_1_6	c0_ratio_1_6	freq_ratio_1_7	c0_ratio_1_7	
1356710170.033838	1.001571	49.660359	35.982521	6.717566	1.153302	0.319070	1.153225	0.318245	1.152899	0.316779	1.154131	0.320956	1.152850	0.317617	1.154442	0.322443	1.153304	0.317150	1.153872	0.319731	1356710170.034021	1.000437	50.824712	37.252503	7.189988	1.000001	0.993479	1.000001	0.993226	0.999982	0.993224	1.000068	0.004260	0.903584	0.000197	1.003256	0.000080	1.008540	0.000032	0.999947	0.994084	
1356710171.033832	0.999994	50.151910	36.477680	6.370445	1.000000	1.000000	1.000001	1.000000	1.000000	1.000000	1.000001	1.000000	1.000338	0.000314	1.000055	0.000111	0.995005	0.000121	1.002626	0.000114	1356710171.034002	0.999981	51.198532	37.640870	7.155471	1.000000	1.000000	1.000000	1.000000	1.000000	1.000000	1.000818	0.000012	1.000179	0.000097	0.998675	0.000023	0.999962	0.000140	1.000000	1.000000	
1356710172.033831	0.999999	50.237810	36.532551	6.546118	1.000000	1.000000	1.000000	1.000000	1.000000	1.000000	0.999999	1.000000	1.000049	0.000324	1.000595	0.000195	1.000281	0.002652	1.005012	0.000013	1356710172.034002	1.000000	51.298981	37.724548	7.268097	1.000000	1.000000	1.000000	1.000000	1.000000	1.000000	0.992053	0.000095	0.995056	0.000033	0.997740	0.000047	0.985995	0.000013	1.000000	1.000000	
1356710173.033831	1.000000	50.325333	36.595505	6.695511	1.000000	1.000000	0.999999	0.999999	1.000000	1.000000	1.000000	1.000000	1.000058	0.000666	1.000017	0.000429	0.999992	0.000383	0.996298	0.000134	1356710173.034001	0.999999	51.372623	37.783193	7.269569	1.000000	1.000000	1.000000	1.000000	1.000000	1.000000	1.005294	0.000142	1.000801	0.000189	1.002938	0.000038	1.000915	0.000195	1.000000	1.000000	
1356710174.033831	1.000000	50.341629	36.618393	6.628189	1.000000	1.000000	1.000000	1.000000	1.000000	1.000001	1.000000	1.000000	1.000148	0.000319	0.990089	0.000061	0.991418	0.000062	0.998562	0.000014	1356710174.034000	0.999999	51.395893	37.829031	7.268440	1.000000	1.000000	1.000000	1.000000	1.000000	1.000000	0.989349	0.000060	1.000115	0.000034	0.990664	0.000052	0.998930	0.000033	1.000000	1.000000	
1356710175.033831	1.000000	50.374863	36.653915	6.577393	1.000000	1.000000	1.000000	1.000000	1.000000	0.999999	0.999999	0.999505	0.999755	0.000347	1.004987	0.000103	1.003873	0.000135	1.003601	0.000123	1356710175.033997	0.999997	51.396842	37.849727	7.266060	1.000000	1.000000	1.000000	1.000000	1.000000	1.000000	1.028327	0.000023	0.999875	0.000093	1.021371	0.000022	1.000095	0.000218	1.000000	1.000000	
1356710176.033831	1.000000	50.351837	36.650604	6.519730	0.999999	1.000000	1.000000	1.000000	1.000000	1.000000	1.000000	1.000000	1.000009	0.000307	1.000417	0.000061	0.991674	0.000062	0.997655	0.000013	1356710176.034005	1.000008	51.415599	37.877882	7.195758	1.000000	1.000000	1.000000	1.000000	1.000000	1.000000	0.999779	0.000061	0.999868	0.000032	1.000912	0.000047	0.999255	0.000033	1.000000	1.000000	
1356710177.033831	1.000000	50.428711	36.730942	6.260071	1.000000	1.000000	1.000000	1.000001	1.000000	1.000000	1.000000	1.000000	0.999984	0.000353	1.000101	0.000145	1.001076	0.000479	1.000336	0.000193	1356710177.034004	0.999999	51.354053	37.832952	7.114738	1.000000	1.000000	1.000000	1.000000	1.000000	1.000000	1.000251	0.000020	1.000183	0.000084	1.000203	0.000023	1.000129	0.000069	1.000000	1.000000	
1356710178.033831	1.000000	50.465195	36.755646	6.416626	1.000000	1.000000	0.999999	0.999999	1.000001	1.000001	1.000000	0.999999	0.999987	0.000664	0.999683	0.000203	0.999832	0.000797	0.998685	0.000032	1356710178.034002	0.999998	51.301444	37.785915	7.178877	1.000000	1.000000	1.000000	1.000000	1.000000	1.000000	1.000007	0.001179	0.999168	0.000068	0.999464	0.000066	0.999756	0.000172	1.000000	1.000000	
1356710179.033831	1.000000	50.445557	36.731369	6.422852	0.999999	1.000000	1.000000	1.000000	0.999999	1.000000	1.000000	1.000000	1.000056	0.000338	1.000884	0.000085	1.001214	0.000108	1.000191	0.000389	1356710179.033997	0.999995	51.347578	37.813574	7.174719	1.000000	1.000000	1.000000	1.000000	1.000000	1.000000	0.999311	0.000012	1.000437	0.000069	1.002054	0.000012	1.000393	0.000123	1.000000	1.000000	
1356710180.033831	1.000000	50.488632	36.763382	6.523514	1.000000	1.000000	1.000000	1.000000	1.000000	1.000000	1.000000	1.000001	0.999960	0.000380	1.001850	0.000073	0.999457	0.000082	0.988942	0.000013	1356710180.034000	1.000003	51.391137	37.847722	7.218483	1.000000	1.000000	1.000000	1.000000	1.000000	1.000000	0.999932	0.000079	0.999077	0.000033	0.999714	0.000067	0.995791	0.000012	1.000000	1.000000	
1356710181.033831	1.000000	50.429260	36.711548	6.389938	1.000000	1.000000	1.000000	1.000000	1.000000	1.000000	0.999999	0.999999	1.000303	0.000335	0.997740	0.000087	0.994448	0.000102	1.000308	0.000099	1356710181.034006	1.000006	51.312164	37.778614	7.198123	1.000000	1.000000	1.000000	1.000000	1.000000	1.000000	1.000065	0.000012	1.000190	0.000067	0.999826	0.000011	1.000372	0.000048	1.000000	1.000000	
1356710182.033831	1.000000	51.496262	37.775955	6.531296	1.000000	1.000000	1.000000	1.000000	1.000000	1.000000	1.000000	1.000000	0.999967	0.003073	1.000012	0.004692	1.000078	0.007808	0.999805	0.002522	1356710182.033980	0.999974	52.958865	39.416018	7.220662	1.000000	1.000000	1.000000	1.000000	1.000000	1.000000	0.999950	0.002656	1.000163	0.002628	1.000156	0.002555	0.999964	0.002785	1.000000	1.000000	
1356710183.033831	1.000000	50.716354	36.979279	6.708176	1.000000	0.999999	0.999999	1.000000	1.000000	1.000000	1.000000	1.000000	1.000014	0.002463	0.999996	0.003396	0.994425	0.000122	1.012696	0.000044	1356710183.034006	1.000026	51.365074	37.810953	7.286645	1.000000	1.000000	1.000000	1.000000	1.000000	1.000000	1.010401	0.000012	0.993226	0.000063	0.965918	0.000011	1.001285	0.000099	1.000000	1.000000	
1356710184.033831	1.000000	50.757217	37.047409	6.313965	1.000000	0.999727	1.000000	0.999746	1.000000	1.000000	1.000000	0.999727	0.999928	0.000965	0.999638	0.000505	0.999671	0.001581	1.003091	0.000013	1356710184.033992	0.999986	51.293309	37.763989	7.167688	1.000000	1.000000	1.000000	1.000000	1.000000	1.000000	1.000144	0.000056	1.001032	0.000034	0.999350	0.000046	1.000772	0.000012	1.000000	1.000000	
1356710185.033831	1.000000	50.631287	36.895706	6.532104	1.000000	1.000000	1.000000	1.000000	1.000000	1.000000	1.000000	1.000000	0.999851	0.000354	0.999975	0.002976	1.005555	0.000240	0.989842	0.000056	1356710185.033998	1.000006	51.332763	37.788151	7.217852	1.000000	1.000000	1.000000	1.000000	1.000000	1.000000	0.998986	0.000012	0.999862	0.000067	1.000385	0.000012	0.999662	0.000048	1.000000	1.000000	
1356710186.033831	1.000000	50.778015	37.099930	6.157364	0.999999	1.000000	1.000000	1.000000	1.000000	1.000000	1.000000	1.000000	1.000036	0.006852	0.999690	0.000876	0.987936	0.000058	0.995375	0.000014	1356710186.033988	0.999990	51.264612	37.771466	7.084040	1.000000	1.000000	1.000000	1.000000	1.000000	1.000000	0.987529	0.000054	0.999806	0.000032	0.988636	0.000045	1.001029	0.000012	1.000000	1.000000	
1356710187.033831	1.000000	50.792099	37.076950	6.358353	1.000000	1.000000	0.999999	1.000000	1.000000	1.000000	1.000000	1.000001	0.999957	0.005061	1.002967	0.000136	1.000296	0.001597	1.009807	0.000062	1356710187.034005	1.000017	51.417266	37.889358	7.146012	1.000000	1.000000	1.000000	1.000000	1.000000	1.000000	1.031016	0.000022	1.000221	0.000086	1.023623	0.000021	0.999763	0.000125	1.000000	1.000000	
1356710188.033831	1.000000	50.725861	37.001007	6.331375	1.000000	1.000000	1.000000	1.000000	1.000000	1.000000	1.000000	1.000000	1.000014	0.000305	0.999544	0.000055	0.999988	0.005654	1.015417	0.000013	1356710188.034001	0.999996	51.361597	37.821610	7.189330	1.000000	1.000000	1.000000	1.000000	1.000000	1.000000	0.999951	0.000055	0.999504	0.000031	1.000331	0.000044	1.000054	0.000007	1.000000	1.000000	
1356710189.033831	1.000000	50.603500	36.913177	6.137573	1.000001	1.000000	0.999999	1.000000	1.000000	1.000000	1.000000	1.000000	0.999826	0.000333	1.000160	0.000087	0.999977	0.003867	0.994823	0.000049	1356710189.034009	1.000008	51.374858	37.864851	7.073154	1.000000	1.000000	1.000000	1.000000	1.000000	1.000000	1.000000	0.000012	1.000164	0.000064	1.000035	0.000011	1.000272	0.000050	1.000000	1.000000	
1356710190.033831	1.000000	715775675.341156	715803827.579834	715804710.625977	0.999941	1.000828	0.999938	1.000832	1.239690	0.807282	0.999940	1.000826	0.999941	1.000833	0.999942	1.000822	0.999941	1.000833	0.999940	1.000827	1356710190.033921	0.999912	715864051.419319	715889256.800113	715881562.714142	0.999940	1.000826	0.999937	1.000830	3.896457	0.256843	0.999939	1.000825	0.999941	1.000833	0.999942	1.000824	0.999941	1.000832	0.999941	1.000830	
1356710191.033831	1.000000	0.000000	0.000000	0.000000	-nan	-nan	-nan	-nan	5.172942	inf	-nan	-nan	-nan	0.000000	0.000000	inf	-nan	-nan	-nan	-nan	1356710191.033906	0.999985	0.000000	0.000000	0.000000	-nan	-nan	-nan	-nan	1.345745	inf	-nan	-nan	-nan	-nan	-nan	-nan	-nan	-nan	-nan	-nan	
1356710192.033831	1.000000	0.000000	0.000000	0.000000	-nan	-nan	-nan	-nan	0.000000	inf	-nan	-nan	-nan	0.000000	-nan	-nan	-nan	-nan	-nan	-nan	1356710192.033905	0.999999	0.000000	0.000000	0.000000	-nan	-nan	-nan	-nan	inf	-nan	-nan	-nan	-nan	-nan	-nan	-nan	-nan	-nan	-nan	-nan	
1356710193.033831	1.000000	0.000000	0.000000	0.000000	-nan	-nan	-nan	-nan	1514576664219.068848	inf	-nan	-nan	-nan	0.000000	-nan	-nan	-nan	-nan	-nan	-nan	1356710193.033905	1.000000	0.000000	0.000000	0.000000	-nan	-nan	-nan	-nan	inf	-nan	-nan	-nan	-nan	-nan	-nan	-nan	-nan	-nan	-nan	-nan	
