ts_0	elapsed_0	pkg_0	pp0_0	dram_0	freq_ratio_0_0	c0_ratio_0_0	freq_ratio_0_1	c0_ratio_0_1	freq_ratio_0_2	c0_ratio_0_2	freq_ratio_0_3	c0_ratio_0_3	freq_ratio_0_4	c0_ratio_0_4	freq_ratio_0_5	c0_ratio_0_5	freq_ratio_0_6	c0_ratio_0_6	freq_ratio_0_7	c0_ratio_0_7	ts_1	elapsed_1	pkg_1	pp0_1	dram_1	freq_ratio_1_0	c0_ratio_1_0	freq_ratio_1_1	c0_ratio_1_1	freq_ratio_1_2	c0_ratio_1_2	freq_ratio_1_3	c0_ratio_1_3	freq_ratio_1_4	c0_ratio_1_4	freq_ratio_1_5	c0_ratio_1_5	freq_ratio_1_6	c0_ratio_1_6	freq_ratio_1_7	c0_ratio_1_7	
1353353981.994607	1.001718	50.365694	37.038097	4.848329	1.186724	0.677055	1.204411	0.870261	1.187309	0.679777	1.183893	0.008544	1.181140	0.007443	1.214032	0.011693	1.172786	0.001271	1.172278	0.005136	1353353981.994727	1.000416	58.628211	45.241355	4.445950	1.159055	0.681083	1.159502	0.680776	1.159350	0.680744	1.159424	0.680238	1.159431	0.680308	1.159369	0.679947	1.142391	0.001448	1.160005	0.541931	
1353353982.994608	1.000001	56.719398	43.254002	5.848704	1.184037	0.923907	1.184046	0.924025	1.184032	0.923259	1.185217	0.014500	1.183489	0.012183	1.180083	0.011801	1.175604	0.003701	1.174006	0.005024	1353353982.994681	0.999954	72.861538	59.304410	5.912839	1.163508	0.929891	1.163492	0.929779	1.163494	0.929748	1.163494	0.929749	1.163491	0.929741	1.163492	0.929687	1.154254	0.002267	1.154229	0.542457	
1353353983.994610	1.000002	58.377086	44.887350	5.879521	1.175165	0.945773	1.175170	0.945909	1.175165	0.945212	1.175338	0.012826	1.175479	0.012364	1.172103	0.012932	1.168432	0.005352	1.165924	0.004100	1353353983.994713	1.000032	74.062240	60.466849	6.006232	1.161965	0.950018	1.161965	0.949867	1.161966	0.949820	1.161966	0.949802	1.161965	0.949831	1.161965	0.949773	1.153957	0.002407	1.153873	0.584637	
1353353984.994616	1.000006	57.936895	44.452875	5.932033	1.173468	0.946492	1.173471	0.946606	1.173461	0.946150	1.174794	0.014823	1.174902	0.011705	1.168768	0.013279	1.173552	0.006518	1.164274	0.004650	1353353984.994689	0.999976	73.938807	60.348728	5.984840	1.163297	0.954569	1.163296	0.954473	1.163298	0.954483	1.163297	0.954381	1.163295	0.954367	1.163297	0.954370	1.153705	0.002407	1.153871	0.544666	
1353353985.994610	0.999994	58.151088	44.663184	5.916646	1.174781	0.959336	1.174780	0.959322	1.174776	0.959037	1.174648	0.012923	1.176629	0.010641	1.173169	0.011491	1.166501	0.008035	1.161502	0.004686	1353353985.994789	1.000100	74.387619	60.785050	5.970091	1.162179	0.963954	1.162177	0.963889	1.162179	0.963881	1.162179	0.963879	1.162178	0.963863	1.162178	0.963855	1.154239	0.002361	1.153889	0.577290	
1353353986.994606	0.999996	57.607945	44.139675	5.872018	1.178124	0.936382	1.178125	0.936455	1.178126	0.935799	1.182604	0.013662	1.178859	0.012395	1.174939	0.009559	1.173492	0.008189	1.165816	0.004390	1353353986.994704	0.999915	73.798151	60.197598	5.922425	1.163003	0.943735	1.163003	0.943600	1.163003	0.943571	1.163005	0.943614	1.163002	0.943602	1.163001	0.943487	1.153885	0.002337	1.153930	0.561055	
1353353987.994609	1.000003	57.850010	44.370209	5.862714	1.183668	0.948316	1.183668	0.948482	1.183668	0.947942	1.178040	0.086306	1.183731	0.011284	1.180139	0.011495	1.174036	0.007485	1.168396	0.004249	1353353987.994730	1.000026	73.647668	60.059123	5.848984	1.162126	0.881372	1.162570	0.955834	1.162574	0.955863	1.162569	0.955756	1.162574	0.955858	1.162570	0.955773	1.155057	0.002218	1.154960	0.586895	
1353353988.994608	0.999999	62.980315	49.473588	5.927328	1.171616	0.943474	1.171621	0.943660	1.171609	0.943124	1.171610	0.943148	1.168733	0.013491	1.167946	0.012786	1.166497	0.011860	1.159026	0.006588	1353353988.994689	0.999959	69.371070	55.803283	5.945236	1.154951	0.003595	1.170630	0.949613	1.170631	0.949514	1.170631	0.949501	1.170630	0.949556	1.170630	0.949493	1.154365	0.002297	1.162461	0.557537	
1353353989.994615	1.000007	62.765527	49.248820	5.930898	1.171702	0.918958	1.171705	0.919048	1.171690	0.918208	1.171692	0.918341	1.168234	0.011942	1.169123	0.013288	1.161194	0.011177	1.158047	0.004517	1353353989.994703	1.000014	69.272402	55.678096	5.923272	1.154357	0.003554	1.173355	0.928101	1.173358	0.928048	1.173358	0.927962	1.173357	0.928052	1.173358	0.928039	1.153905	0.002217	1.166736	0.568523	
1353353990.994611	0.999996	63.221524	49.706622	5.941110	1.168390	0.940266	1.168400	0.940554	1.168383	0.939876	1.168384	0.939889	1.166140	0.016384	1.162633	0.014284	1.163574	0.012617	1.156696	0.007086	1353353990.994723	1.000020	70.698215	57.113251	5.875767	1.157799	0.004762	1.160550	0.948538	1.160551	0.948463	1.160551	0.948412	1.160551	0.948439	1.160551	0.948403	1.153805	0.005675	1.155070	0.555891	
1353353991.994616	1.000005	63.034307	49.519329	5.938813	1.177788	0.947260	1.177789	0.947322	1.177788	0.946908	1.177786	0.946904	1.170629	0.014228	1.176073	0.012631	1.169454	0.013885	1.162617	0.003542	1353353991.994705	0.999982	70.172611	56.584157	5.956482	1.153652	0.003512	1.170666	0.960116	1.170667	0.960068	1.170667	0.960055	1.170665	0.960059	1.170666	0.960082	1.153947	0.002141	1.163432	0.551344	
1353353992.994669	1.000053	63.314749	49.814060	5.927360	1.170126	0.927493	1.170132	0.927670	1.170118	0.926918	1.170120	0.926971	1.165211	0.012603	1.160872	0.011232	1.165072	0.010541	1.157291	0.006384	1353353992.994775	1.000070	68.981996	55.385308	5.897002	1.185813	0.539472	1.187659	0.937457	1.187658	0.937395	1.187660	0.937412	1.187657	0.937346	1.187658	0.937259	1.154284	0.002252	1.164717	0.004413	
1353353993.994709	1.000040	63.525684	50.002483	5.973577	1.174360	0.931777	1.174352	0.931911	1.174361	0.931160	1.174363	0.931294	1.172168	0.011450	1.164713	0.011745	1.166855	0.010853	1.161860	0.007674	1353353993.994855	1.000080	69.255850	55.645612	5.883211	1.188924	0.545276	1.190180	0.945470	1.190182	0.945421	1.190182	0.945363	1.190185	0.945458	1.190182	0.945394	1.154859	0.002207	1.160554	0.003490	
1353353994.994609	0.999900	65.354917	51.822712	5.951415	1.162553	0.976580	1.162566	0.976735	1.162552	0.976582	1.162551	0.976589	1.159578	0.014529	1.164187	0.010605	1.160862	0.010320	1.157217	0.007569	1353353994.994714	0.999859	70.497879	56.872668	6.043027	1.169216	0.576075	1.176118	0.980720	1.176119	0.980708	1.176118	0.980622	1.176117	0.980585	1.176117	0.980514	1.154141	0.002400	1.153977	0.001964	
1353353995.994615	1.000006	65.086175	51.555753	5.978312	1.167461	0.979766	1.167462	0.979778	1.167462	0.979741	1.167462	0.979745	1.161101	0.015636	1.168955	0.010665	1.164548	0.011456	1.158549	0.008321	1353353995.994718	1.000004	70.651706	57.025526	6.024847	1.181966	0.559115	1.185617	0.990703	1.185617	0.990689	1.185615	0.990605	1.185617	0.990661	1.185615	0.990557	1.154185	0.002312	1.153595	0.002110	
1353353996.994808	1.000193	67.738032	54.180394	5.996324	1.166651	0.967689	1.166735	0.968468	1.166732	0.968254	1.166731	0.968260	1.161812	0.390317	1.161759	0.162087	1.165109	0.016107	1.160604	0.007640	1353353996.994846	1.000128	67.372524	53.703024	6.186677	1.188002	0.019925	1.175398	0.981713	1.175398	0.981697	1.175399	0.981687	1.175397	0.981576	1.175398	0.981525	1.162926	0.002894	1.163087	0.002614	
1353353997.994606	0.999798	66.588886	53.036360	6.039199	1.176292	0.932776	1.176010	0.857104	1.176281	0.932082	1.176281	0.932180	1.175260	0.312988	1.172186	0.147105	1.164094	0.187339	1.163454	0.008528	1353353997.994673	0.999827	66.414847	52.767801	6.111287	1.186993	0.004626	1.186302	0.951092	1.186303	0.951061	1.186301	0.951000	1.186306	0.951128	1.186303	0.951049	1.167820	0.002790	1.167883	0.002658	
1353353998.994615	1.000009	715814350.045054	715805202.781873	715796876.024809	0.999933	1.000316	0.999933	1.000331	0.999934	1.000326	0.999934	1.000318	0.999934	1.000322	0.999935	1.000310	0.999932	1.000314	0.999935	1.000325	1353353998.994696	1.000023	715806699.228030	715773251.931261	715747529.324997	0.999933	1.000316	0.999931	1.000320	3.896876	0.256682	0.999934	1.000322	0.999933	1.000319	0.999938	1.000325	0.999933	1.000317	0.999936	1.000326	
1353353999.994600	0.999985	0.000000	0.000000	0.000000	-nan	-nan	-nan	-nan	1.000008	inf	-nan	-nan	-nan	0.000000	-nan	-nan	-nan	-nan	-nan	-nan	1353353999.994663	0.999967	0.000000	0.000000	0.000000	-nan	-nan	-nan	-nan	1.345745	inf	-nan	-nan	-nan	-nan	-nan	-nan	-nan	-nan	-nan	-nan	
1353354000.994662	1.000062	0.000000	0.000000	0.000000	-nan	-nan	-nan	-nan	0.000000	inf	-nan	-nan	-nan	0.000000	0.000000	inf	-nan	-nan	-nan	-nan	1353354000.994749	1.000086	0.000000	0.000000	0.000000	-nan	-nan	-nan	-nan	inf	-nan	-nan	-nan	-nan	-nan	-nan	-nan	-nan	-nan	-nan	-nan	
