ts_0	elapsed_0	pkg_0	pp0_0	dram_0	freq_ratio_0_0	c0_ratio_0_0	freq_ratio_0_1	c0_ratio_0_1	freq_ratio_0_2	c0_ratio_0_2	freq_ratio_0_3	c0_ratio_0_3	freq_ratio_0_4	c0_ratio_0_4	freq_ratio_0_5	c0_ratio_0_5	freq_ratio_0_6	c0_ratio_0_6	freq_ratio_0_7	c0_ratio_0_7	ts_1	elapsed_1	pkg_1	pp0_1	dram_1	freq_ratio_1_0	c0_ratio_1_0	freq_ratio_1_1	c0_ratio_1_1	freq_ratio_1_2	c0_ratio_1_2	freq_ratio_1_3	c0_ratio_1_3	freq_ratio_1_4	c0_ratio_1_4	freq_ratio_1_5	c0_ratio_1_5	freq_ratio_1_6	c0_ratio_1_6	freq_ratio_1_7	c0_ratio_1_7	
1357207922.862119	1.001947	73.972802	60.186822	6.794876	1.156298	0.517689	1.154448	0.511119	1.154191	0.516393	1.154930	0.517126	1.153942	0.508893	1.155657	0.519052	1.155300	0.511993	1.154893	0.512625	1357207922.862191	1.000328	61.295840	47.494886	6.719902	0.999939	0.959336	1.000001	0.959212	0.999970	0.958983	0.999979	0.958827	1.000001	0.958939	0.894846	0.000190	1.000113	0.003192	0.999974	0.959896	
1357207923.862114	0.999995	76.886341	63.102351	7.016759	1.000000	1.000000	1.000000	1.000000	1.000000	1.000000	1.000000	1.000000	1.000000	1.000000	1.000000	1.000000	1.000000	1.000000	1.000003	1.000000	1357207923.862179	0.999988	62.938098	49.133429	7.071511	1.000000	1.000000	1.000000	1.000000	1.000000	1.000000	1.000000	1.000000	1.000000	1.000000	1.000347	0.000101	0.999995	0.004831	1.000000	1.000000	
1357207924.862114	1.000000	76.917007	63.148178	7.051224	1.000000	0.999755	1.000000	1.000000	1.000000	1.000000	1.000000	1.000000	1.000000	1.000000	1.000000	0.999739	1.000000	1.000000	1.000000	1.000000	1357207924.862177	0.999998	63.019270	49.217394	7.093687	1.000000	0.999797	1.000000	0.999732	1.000000	0.999736	1.000000	0.999817	1.000000	0.999735	0.999989	0.002223	0.999979	0.004922	1.000000	0.999767	
1357207925.862113	0.999999	76.979337	63.254531	6.745932	1.000000	1.000000	1.000000	1.000000	1.000000	1.000000	1.000000	1.000000	1.000000	1.000000	1.000000	1.000000	1.000000	1.000000	1.000000	1.000000	1357207925.862178	1.000001	63.044373	49.285872	6.771737	1.000000	1.000000	1.000000	1.000000	1.000000	1.000000	1.000000	1.000000	1.000000	1.000000	1.000054	0.000392	0.999979	0.004834	1.000000	1.000000	
1357207926.862113	1.000000	77.015228	63.219788	7.226639	1.000000	1.000000	1.000000	1.000000	1.000000	1.000000	1.000000	1.000000	1.000000	1.000000	1.000000	1.000000	1.000000	1.000000	1.000000	1.000000	1357207926.862177	0.999999	63.143447	49.310838	7.190849	1.000000	1.000000	1.000000	1.000000	1.000000	1.000000	1.000000	1.000000	1.000000	1.000000	1.000050	0.000131	0.999987	0.005079	1.000000	1.000000	
1357207927.862113	1.000000	77.078384	63.303482	7.034363	1.000000	1.000000	1.000000	1.000000	1.000000	1.000000	1.000000	1.000000	1.000000	1.000000	1.000000	1.000000	1.000000	1.000000	1.000000	1.000000	1357207927.862176	0.999999	63.139220	49.324998	7.020652	1.000000	1.000000	1.000000	1.000000	1.000000	1.000000	1.000000	1.000000	1.000000	1.000000	0.999875	0.000136	0.999982	0.004834	1.000000	1.000000	
1357207928.862114	1.000001	77.039645	63.257127	7.054894	1.000000	1.000000	1.000000	1.000000	1.000000	1.000000	1.000000	1.000000	1.000000	1.000000	1.000000	1.000000	1.000000	1.000000	1.000000	1.000000	1357207928.862177	1.000001	63.276002	49.450484	7.092645	1.000000	1.000000	1.000000	1.000000	1.000000	1.000000	1.000000	1.000000	1.000000	1.000000	0.999986	0.000134	0.999979	0.006671	1.000000	0.999836	
1357207929.862113	0.999999	77.090634	63.319549	7.078116	1.000000	0.999669	1.000000	1.000000	1.000000	1.000000	1.000000	1.000000	1.000000	0.999674	1.000000	0.999673	1.000000	0.999672	1.000000	0.999671	1357207929.862177	1.000000	63.632523	49.825699	7.062927	1.000000	1.000000	1.000000	1.000000	1.000000	1.000000	1.000000	0.999808	1.000000	1.000000	1.000027	0.000101	0.999974	0.007608	1.000000	1.000000	
1357207930.862113	1.000000	77.233612	63.441544	6.952988	1.000000	1.000000	1.000000	1.000000	1.000000	1.000000	1.000000	1.000000	1.000000	1.000000	1.000000	1.000000	1.000000	1.000000	1.000000	1.000000	1357207930.862176	0.999999	63.438674	49.608858	6.993949	1.000000	1.000000	1.000000	1.000000	1.000000	1.000000	1.000000	1.000000	1.000000	1.000000	0.999997	0.000420	0.999913	0.007800	1.000000	1.000000	
1357207931.862114	1.000001	77.220568	63.450470	7.152444	1.000000	1.000000	1.000000	1.000000	1.000000	1.000000	1.000000	1.000000	1.000000	1.000000	1.000000	1.000000	1.000000	1.000000	1.000000	1.000000	1357207931.862176	1.000000	63.200073	49.389633	7.029068	1.000000	1.000000	1.000000	1.000000	1.000000	1.000000	1.000000	1.000000	1.000000	1.000000	0.999039	0.000117	1.000091	0.004816	1.000000	1.000000	
1357207932.862113	0.999999	77.229017	63.467788	6.916541	1.000000	0.999999	1.000000	1.000000	1.000000	1.000000	1.000000	1.000000	1.000000	1.000000	1.000000	1.000000	1.000000	1.000000	1.000000	1.000000	1357207932.862177	1.000001	63.345277	49.544600	6.962426	1.000000	1.000000	1.000000	1.000000	1.000000	1.000000	1.000000	1.000000	1.000000	1.000000	1.000696	0.000133	0.999988	0.006675	1.000000	1.000000	
1357207933.862113	1.000000	77.251358	63.474854	7.223267	1.000000	0.999562	1.000000	1.000000	1.000000	1.000000	1.000000	1.000000	1.000000	1.000000	1.000000	0.999563	1.000000	1.000000	1.000000	0.999561	1357207933.862177	1.000000	63.715561	49.898834	7.137756	1.000000	1.000000	1.000000	1.000000	1.000000	1.000000	1.000000	1.000000	1.000000	1.000000	0.994584	0.000100	0.999971	0.007615	1.000000	1.000000	
1357207934.862113	1.000000	77.247360	63.438629	7.353134	1.000000	1.000000	1.000000	1.000000	1.000000	1.000000	1.000000	1.000000	1.000000	1.000000	1.000000	1.000000	1.000000	1.000000	1.000000	1.000000	1357207934.862176	0.999999	63.283325	49.432390	7.303932	1.000000	1.000000	1.000000	1.000000	1.000000	1.000000	1.000000	1.000000	1.000000	1.000000	1.000235	0.002327	0.999987	0.004988	1.000000	1.000000	
1357207935.862113	1.000000	77.316223	63.551849	6.989548	1.000000	1.000000	1.000000	1.000000	1.000000	1.000000	1.000000	1.000000	1.000000	1.000000	1.000000	1.000000	1.000000	1.000000	1.000000	1.000000	1357207935.862179	1.000003	63.211169	49.407302	6.992837	1.000000	1.000000	1.000000	1.000000	1.000000	1.000000	1.000000	1.000000	1.000000	1.000000	0.999593	0.000398	0.999979	0.004351	1.000000	1.000000	
1357207936.862113	1.000000	77.312119	63.534317	6.887268	1.000000	1.000000	1.000000	1.000000	1.000000	1.000000	1.000000	1.000000	1.000000	1.000000	1.000000	1.000000	1.000000	1.000000	1.000000	1.000000	1357207936.862177	0.999998	63.233122	49.416766	6.900724	1.000000	1.000000	1.000000	1.000000	1.000000	1.000000	1.000000	1.000000	1.000000	1.000000	1.000956	0.000132	0.999985	0.004575	1.000000	1.000000	
1357207937.862113	1.000000	77.360779	63.531860	7.062256	1.000000	0.999736	1.000000	1.000000	1.000000	1.000000	1.000000	1.000000	1.000000	1.000000	1.000000	1.000000	1.000000	1.000000	1.000000	1.000000	1357207937.862181	1.000004	63.273990	49.402662	7.063417	1.000000	1.000000	1.000000	1.000000	1.000000	1.000000	1.000000	1.000000	1.000000	1.000000	1.000365	0.000099	0.999982	0.004357	1.000000	1.000000	
1357207938.862113	1.000000	77.327072	63.563156	6.678726	1.000000	1.000000	1.000000	1.000000	1.000000	1.000000	1.000000	1.000000	1.000000	1.000000	1.000000	1.000000	1.000000	1.000000	1.000000	1.000000	1357207938.862181	1.000000	63.344147	49.552399	6.740875	1.000000	1.000000	1.000000	1.000000	1.000000	1.000000	1.000000	1.000000	1.000000	1.000000	0.999922	0.000134	0.999984	0.006218	1.000000	1.000000	
1357207939.862113	1.000000	77.323761	63.504257	7.047516	1.000001	1.000001	1.000000	1.000000	1.000000	1.000000	1.000000	1.000001	1.000000	1.000000	1.000000	1.000000	1.000000	1.000000	1.000000	1.000000	1357207939.862175	0.999994	63.295116	49.426396	7.169934	1.000000	1.000000	1.000000	1.000000	1.000000	1.000000	1.000000	1.000000	1.000000	1.000000	1.000145	0.000133	0.999977	0.004355	1.000000	1.000000	
1357207940.862113	1.000000	77.398010	63.603882	7.170563	1.000000	1.000000	1.000000	1.000000	1.000000	1.000000	1.000000	1.000000	1.000000	1.000000	1.000000	1.000000	1.000000	1.000000	1.000000	1.000000	1357207940.862176	1.000001	63.192765	49.392638	7.135507	1.000000	1.000000	1.000000	1.000000	1.000000	1.000000	1.000000	1.000000	1.000000	1.000000	0.999971	0.000422	0.999980	0.004951	1.000000	1.000000	
1357207941.862113	1.000000	77.223450	63.506134	6.660965	1.000000	1.000000	1.000000	1.000000	1.000000	1.000000	1.000000	1.000000	1.000000	1.000000	1.000000	1.000000	1.000000	1.000000	1.000000	1.000000	1357207941.862183	1.000007	63.231527	49.473291	6.732650	1.000000	1.000000	1.000000	1.000000	1.000000	1.000000	1.000000	1.000000	1.000000	1.000000	0.999997	0.002886	0.999992	0.008135	1.000000	1.000000	
1357207942.862113	1.000000	77.319092	63.565353	6.590027	1.000000	1.000000	1.000000	1.000000	1.000000	1.000000	1.000000	1.000000	1.000000	1.000000	1.000000	1.000000	1.000000	1.000000	1.000000	1.000000	1357207942.862176	0.999993	63.169168	49.382574	6.739076	1.000000	1.000000	1.000000	1.000000	1.000000	1.000000	1.000000	1.000000	1.000000	1.000000	0.999982	0.003695	0.991643	0.000064	1.000000	1.000000	
1357207943.862113	1.000000	77.381027	63.579285	7.238464	1.000000	1.000000	1.000000	1.000000	1.000000	1.000000	1.000000	1.000000	1.000000	1.000000	1.000000	1.000000	1.000000	1.000000	1.000000	1.000000	1357207943.862177	1.000001	63.394654	49.556563	7.154107	1.000000	1.000000	1.000000	1.000000	1.000000	1.000000	1.000000	1.000000	1.000000	1.000000	0.999901	0.005385	1.010283	0.000051	1.000000	1.000000	
1357207944.862113	1.000000	77.355881	63.542343	7.045609	1.000000	1.000000	1.000000	1.000000	1.000000	1.000000	1.000000	1.000000	1.000000	1.000000	1.000000	1.000000	1.000000	1.000000	1.000000	1.000000	1357207944.862176	0.999999	63.438598	49.593095	6.995765	1.000000	1.000000	1.000000	1.000000	1.000000	1.000000	1.000000	1.000000	1.000000	1.000000	1.000152	0.002951	0.999980	0.005297	1.000000	1.000000	
1357207945.862113	1.000000	77.348389	63.611343	6.679138	1.000000	1.000000	1.000000	0.999526	1.000000	1.000000	1.000000	1.000000	1.000000	1.000000	1.000000	1.000000	1.000000	0.999495	1.000000	1.000000	1357207945.862177	1.000001	63.309067	49.550505	6.775842	1.000000	1.000000	1.000000	1.000000	1.000000	1.000000	1.000000	1.000000	1.000000	1.000000	0.999959	0.000390	0.999983	0.005321	1.000000	1.000000	
1357207946.862113	1.000000	77.365540	63.569016	6.984512	1.000000	1.000000	1.000000	1.000000	1.000000	1.000000	1.000000	1.000000	1.000000	1.000000	1.000000	1.000000	1.000000	1.000000	1.000000	1.000000	1357207946.862175	0.999998	63.343871	49.520801	6.997328	1.000000	1.000000	1.000000	1.000000	1.000000	1.000000	1.000000	1.000000	1.000000	1.000000	0.999987	0.002594	0.999983	0.002869	1.000000	1.000000	
1357207947.862113	1.000000	77.354706	63.598740	6.693375	1.000000	1.000000	1.000000	1.000000	1.000000	1.000000	1.000000	1.000000	1.000000	1.000000	1.000000	1.000000	1.000000	1.000000	1.000000	1.000000	1357207947.862176	1.000001	63.368958	49.590422	6.735345	1.000000	1.000000	1.000000	1.000000	1.000000	1.000000	1.000000	1.000000	1.000000	1.000000	1.000001	0.005377	0.999808	0.000036	1.000000	1.000000	
1357207948.862113	1.000000	77.339005	63.521637	6.989487	1.000000	1.000000	1.000000	1.000000	1.000000	1.000000	1.000000	1.000000	1.000000	1.000000	1.000000	1.000000	1.000000	1.000000	1.000000	1.000000	1357207948.862177	1.000001	63.492264	49.646773	7.001336	1.000000	1.000000	1.000000	1.000000	1.000000	1.000000	1.000000	1.000000	1.000000	1.000000	0.999972	0.000964	0.999982	0.005851	1.000000	1.000000	
1357207949.862114	1.000001	77.415667	63.540101	7.462700	1.000000	1.000000	1.000000	1.000000	1.000000	1.000000	1.000000	1.000000	1.000000	1.000000	1.000000	1.000000	1.000000	1.000000	1.000000	1.000000	1357207949.862177	1.000000	63.746719	49.844467	7.386200	1.000000	1.000000	1.000000	1.000000	1.000000	1.000000	1.000000	1.000000	1.000000	1.000000	1.000027	0.000102	0.999978	0.007386	1.000000	1.000000	
1357207950.862113	0.999999	77.293851	63.555542	7.079810	1.000000	1.000000	1.000000	1.000000	1.000000	1.000000	1.000000	1.000000	1.000000	1.000000	1.000000	1.000000	1.000000	1.000000	1.000000	1.000000	1357207950.862177	1.000000	63.489288	49.645981	7.070923	1.000000	1.000000	1.000000	1.000000	1.000000	1.000000	1.000000	1.000000	1.000000	1.000000	0.999985	0.002674	0.999996	0.004382	1.000000	1.000000	
1357207951.862113	1.000000	77.307816	63.510071	6.725037	1.000000	1.000000	1.000000	1.000000	1.000000	0.999419	1.000000	1.000000	1.000000	1.000000	1.000000	1.000000	1.000000	1.000000	1.000000	1.000000	1357207951.862179	1.000002	63.239244	49.481458	6.728793	1.000000	1.000000	1.000000	1.000000	1.000000	1.000000	1.000000	1.000000	1.000000	1.000000	0.999983	0.004399	0.998870	0.000036	1.000000	1.000000	
1357207952.862113	1.000000	77.355896	63.506592	7.500839	1.000000	1.000000	1.000000	1.000000	1.000000	1.000000	1.000000	1.000000	1.000000	1.000000	1.000000	1.000000	1.000000	1.000000	1.000000	1.000000	1357207952.862175	0.999996	63.308637	49.423784	7.405059	1.000000	1.000000	1.000000	1.000000	1.000000	1.000000	1.000000	1.000000	1.000000	1.000000	0.999997	0.004409	1.000154	0.000060	1.000000	1.000000	
1357207953.862113	1.000000	77.375931	63.603226	6.873215	1.000000	1.000000	1.000000	1.000000	1.000000	1.000000	1.000000	1.000000	1.000000	1.000000	1.000000	1.000000	1.000000	1.000000	1.000000	1.000000	1357207953.862176	1.000001	63.284943	49.485137	6.908959	1.000000	1.000000	1.000000	1.000000	1.000000	1.000000	1.000000	1.000000	1.000000	1.000000	0.999840	0.004394	1.000345	0.000036	1.000000	1.000000	
1357207954.862114	1.000001	77.366580	63.642411	6.660608	1.000000	1.000000	1.000000	1.000000	1.000000	1.000000	1.000000	1.000000	1.000000	1.000000	1.000000	1.000000	1.000000	1.000000	1.000000	1.000000	1357207954.862175	0.999999	63.261047	49.514116	6.658774	1.000000	1.000000	1.000000	1.000000	1.000000	1.000000	1.000000	1.000000	1.000000	1.000000	1.000205	0.002740	0.999848	0.003798	1.000000	1.000000	
1357207955.862113	0.999999	77.339002	63.546005	6.946616	1.000000	1.000000	1.000000	1.000000	1.000000	1.000000	1.000000	1.000000	1.000000	1.000000	1.000000	1.000000	1.000000	1.000000	1.000000	1.000000	1357207955.862177	1.000002	63.327730	49.506146	6.982348	1.000000	1.000000	1.000000	1.000000	1.000000	1.000000	1.000000	1.000000	1.000000	1.000000	0.999986	0.000407	1.000095	0.004359	1.000000	1.000000	
1357207956.862113	1.000000	77.368439	63.584412	6.828873	1.000000	1.000000	1.000000	1.000000	1.000000	1.000000	1.000000	1.000000	1.000000	1.000000	1.000000	1.000000	1.000000	1.000000	1.000000	1.000000	1357207956.862176	0.999999	63.291976	49.479127	6.863974	1.000000	1.000000	1.000000	1.000000	1.000000	1.000000	1.000000	1.000000	1.000000	1.000000	0.999936	0.000175	0.999977	0.004384	1.000000	1.000000	
1357207957.862113	1.000000	77.373718	63.577957	6.774826	1.000000	1.000000	1.000000	1.000000	1.000000	1.000000	1.000000	1.000000	1.000000	1.000000	1.000000	1.000000	1.000000	1.000000	1.000000	1.000000	1357207957.862178	1.000002	63.302354	49.480207	6.835940	1.000000	1.000000	1.000000	1.000000	1.000000	1.000000	1.000000	1.000000	1.000000	1.000000	1.000104	0.000100	0.999983	0.004368	1.000000	1.000000	
1357207958.862113	1.000000	77.368134	63.588379	6.815186	1.000000	1.000000	1.000000	1.000000	1.000000	1.000000	1.000000	1.000000	1.000000	1.000000	1.000000	1.000000	1.000000	1.000000	1.000000	1.000000	1357207958.862175	0.999997	63.296507	49.490403	6.838843	1.000000	1.000000	0.999999	1.000000	1.000000	1.000000	1.000000	1.000000	1.000000	1.000000	0.999849	0.000133	0.999986	0.004393	1.000000	1.000000	
1357207959.862113	1.000000	77.337845	63.531555	6.976746	1.000000	1.000000	1.000000	1.000000	1.000000	1.000000	1.000000	1.000000	1.000000	1.000000	1.000000	1.000000	1.000000	1.000000	1.000000	1.000000	1357207959.862177	1.000002	63.263292	49.428266	6.991579	1.000000	1.000000	1.000001	1.000000	1.000000	1.000000	1.000000	1.000000	1.000000	1.000000	1.000554	0.000101	0.999983	0.004366	1.000000	1.000000	
1357207960.862113	1.000000	77.392166	63.642792	6.812958	1.000000	1.000000	1.000000	1.000000	1.000000	1.000000	1.000000	1.000000	1.000000	1.000000	1.000000	1.000000	1.000000	1.000000	1.000000	1.000000	1357207960.862177	1.000000	63.283951	49.510818	6.841202	1.000000	1.000000	1.000000	1.000000	1.000000	1.000000	1.000000	1.000000	1.000000	1.000000	0.999933	0.000452	0.999978	0.004385	1.000000	1.000000	
1357207961.862113	1.000000	77.444321	63.598328	7.186920	1.000000	0.999999	1.000000	1.000000	1.000000	1.000000	1.000000	1.000000	1.000000	1.000000	1.000000	1.000000	1.000000	1.000000	1.000000	1.000000	1357207961.862178	1.000001	63.304520	49.426344	7.197533	1.000000	1.000000	1.000000	1.000000	1.000000	1.000000	1.000000	1.000000	1.000000	1.000000	1.000055	0.000322	0.999981	0.004368	1.000000	1.000000	
1357207962.862113	1.000000	77.414169	63.621384	7.055573	1.000000	1.000000	1.000000	1.000000	1.000000	1.000000	1.000000	1.000000	1.000000	1.000000	1.000000	1.000000	1.000000	1.000000	1.000000	1.000000	1357207962.862175	0.999997	63.280012	49.460236	6.998252	1.000000	1.000000	1.000000	1.000000	1.000000	1.000000	1.000000	1.000000	1.000000	1.000000	0.999669	0.000131	0.999984	0.004388	1.000000	1.000000	
1357207963.862113	1.000000	77.422089	63.619904	6.783203	1.000000	1.000000	1.000000	1.000000	1.000000	1.000000	1.000000	1.000000	1.000000	1.000000	1.000000	1.000000	1.000000	1.000000	1.000000	1.000000	1357207963.862176	1.000001	63.322449	49.492918	6.916314	1.000000	1.000000	1.000000	1.000000	1.000000	1.000000	1.000000	1.000000	1.000000	1.000000	0.994455	0.000100	0.999986	0.004366	1.000000	1.000000	
1357207964.862113	1.000000	77.428223	63.602615	6.941467	1.000000	1.000000	1.000000	1.000000	1.000000	1.000000	1.000000	1.000000	1.000000	1.000000	1.000000	1.000000	1.000000	1.000000	1.000000	1.000000	1357207964.862177	1.000001	63.359116	49.506011	7.058083	1.000000	1.000000	1.000000	1.000000	1.000000	1.000000	1.000000	1.000000	1.000000	1.000000	1.000091	0.005390	0.999979	0.001355	1.000000	1.000000	
1357207965.862113	1.000000	77.402374	63.575455	7.024536	1.000000	1.000000	1.000000	1.000000	1.000000	1.000000	1.000000	1.000000	1.000000	1.000000	1.000000	1.000000	1.000000	1.000000	1.000000	1.000000	1357207965.862175	0.999998	63.326720	49.473239	7.080046	1.000000	1.000000	1.000000	1.000000	1.000000	1.000000	1.000000	1.000000	1.000000	1.000000	0.999993	0.001658	0.999988	0.003097	1.000000	1.000000	
1357207966.862114	1.000001	77.376650	63.567963	7.072411	1.000000	1.000000	1.000000	1.000000	1.000000	1.000000	1.000000	1.000000	1.000000	1.000000	1.000000	1.000000	1.000000	1.000000	1.000000	1.000000	1357207966.862180	1.000005	63.336215	49.503277	6.965206	1.000000	1.000000	1.000000	1.000000	1.000000	1.000000	1.000000	1.000000	1.000000	1.000000	0.999980	0.004085	1.000044	0.007010	1.000000	1.000000	
1357207967.862113	0.999999	77.433195	63.629043	6.911551	1.000000	1.000000	1.000000	1.000000	1.000000	1.000000	1.000000	1.000000	1.000000	1.000000	1.000000	1.000000	1.000000	1.000000	1.000000	1.000000	1357207967.862177	0.999997	64.989734	51.163992	6.971213	1.000000	1.000000	1.000000	1.000000	1.000000	1.000000	1.000000	1.000000	1.000000	1.000000	0.999873	0.000155	0.972329	0.000016	1.000000	1.000000	
1357207968.862113	1.000000	77.386780	63.568558	7.109787	1.000000	1.000000	1.000000	1.000000	1.000000	1.000000	1.000000	1.000000	1.000000	1.000000	1.000000	1.000000	1.000000	1.000000	1.000000	1.000000	1357207968.862175	0.999998	63.871597	50.032612	7.098417	1.000000	1.000000	1.000000	1.000000	1.000000	1.000000	1.000000	1.000000	1.000000	1.000000	1.000232	0.000168	0.999966	0.002088	1.000000	1.000000	
1357207969.862113	1.000000	77.406158	63.603821	7.009491	1.000000	1.000000	1.000000	1.000000	1.000000	1.000000	1.000000	1.000000	1.000000	1.000000	1.000000	1.000000	1.000000	1.000000	1.000000	1.000000	1357207969.862178	1.000003	64.629927	50.815760	7.059213	1.000000	1.000000	1.000000	1.000000	1.000000	1.000000	1.000000	1.000000	1.000000	1.000000	0.999774	0.000124	1.000010	0.004636	1.000000	1.000000	
1357207970.862113	1.000000	77.420563	63.598785	7.020874	1.000000	1.000000	1.000000	1.000000	1.000000	1.000000	1.000000	1.000000	1.000000	1.000000	1.000000	1.000000	1.000000	1.000000	1.000000	1.000000	1357207970.862177	0.999999	63.509704	49.661562	7.086524	1.000000	1.000000	1.000000	1.000000	1.000000	1.000000	1.000000	1.000000	1.000000	1.000000	1.000021	0.002714	0.999975	0.004257	1.000000	1.000000	
1357207971.862113	1.000000	77.381744	63.552292	7.088898	1.000000	1.000000	1.000000	1.000000	1.000000	1.000000	1.000000	1.000000	1.000000	1.000000	1.000000	1.000000	1.000000	1.000000	1.000000	1.000000	1357207971.862176	0.999999	63.368499	49.496370	7.043342	1.000000	1.000000	1.000000	1.000000	1.000000	1.000000	1.000000	1.000000	1.000000	1.000000	0.999988	0.003889	0.999986	0.001015	1.000000	1.000000	
1357207972.862113	1.000000	77.393936	63.631470	6.747070	1.000000	1.000000	1.000000	1.000000	1.000000	1.000000	1.000000	1.000000	1.000000	1.000000	1.000000	1.000000	1.000000	1.000000	1.000000	1.000000	1357207972.862178	1.000002	63.306093	49.525189	6.787722	1.000000	1.000000	1.000000	1.000000	1.000000	1.000000	1.000000	1.000000	1.000000	1.000000	0.999973	0.002408	0.999993	0.002572	1.000000	1.000000	
1357207973.862113	1.000000	77.480743	63.662506	6.965942	1.000000	1.000000	1.000000	1.000000	1.000000	1.000000	1.000000	1.000000	1.000000	1.000000	1.000000	1.000000	1.000000	1.000000	1.000000	1.000000	1357207973.862178	1.000000	63.311234	49.467331	6.990112	1.000000	1.000000	1.000000	1.000000	1.000000	1.000000	1.000000	1.000000	1.000000	1.000000	0.999876	0.004898	0.999675	0.000012	1.000000	1.000000	
1357207974.862120	1.000007	57.042391	43.479909	6.611969	0.998771	0.659775	0.999999	0.652905	1.000000	0.652869	1.000000	0.652841	1.000001	0.652819	1.000000	0.652797	1.000000	0.652778	1.000000	0.652751	1357207974.862365	1.000187	49.813489	36.194986	5.970075	0.999999	0.652714	0.999999	0.652683	0.999999	0.652666	1.000000	0.652643	0.999999	0.652621	1.000173	0.002837	0.999976	0.004969	1.000000	1.000000	
1357207975.862125	1.000005	25.280528	11.971574	6.156448	0.912133	0.022230	0.999548	0.000141	0.999239	0.000037	0.586668	0.000074	0.999925	0.000062	1.000328	0.000043	0.998779	0.000043	1.002021	0.000030	1357207975.862388	1.000023	29.380950	15.917421	5.904284	0.999166	0.000018	0.999815	0.000048	0.999149	0.000040	0.999980	0.000038	1.000700	0.000012	0.999991	0.000428	0.999990	0.006947	1.000000	1.000000	
1357207976.862114	0.999989	25.414707	12.114818	6.094946	0.935854	0.022256	0.843665	0.000135	1.000446	0.000074	1.000073	0.000021	1.000710	0.000016	1.000500	0.000038	1.005268	0.000013	0.809345	0.000083	1357207976.862349	0.999961	29.304155	15.846018	5.836486	0.999971	0.000320	1.000179	0.000054	1.000327	0.000020	0.999911	0.000022	0.999632	0.000044	0.999994	0.001489	0.999978	0.003697	1.000000	1.000000	
1357207977.862120	1.000006	715812093.416260	715762810.536089	715780908.342601	0.999896	1.000621	0.999896	1.000632	0.999905	1.000622	0.999897	1.000621	0.999899	1.000634	0.999899	1.000616	0.999898	1.000630	0.999898	1.000627	1357207977.862225	0.999876	715863581.659805	715884251.984167	715878304.570429	0.999894	1.000614	0.999893	1.000617	3.899363	0.256589	0.999896	1.000618	0.999896	1.000620	0.999900	1.000624	0.999897	1.000627	0.999899	1.000630	
1357207978.862119	0.999999	0.000000	0.000000	0.000000	-nan	-nan	-nan	-nan	0.000000	inf	-nan	-nan	-nan	0.000000	0.000000	inf	-nan	-nan	-nan	-nan	1357207978.862196	0.999971	0.000000	0.000000	0.000000	-nan	-nan	-nan	-nan	0.000000	inf	-nan	-nan	-nan	-nan	-nan	-nan	-nan	-nan	-nan	-nan	
