ts_0	elapsed_0	pkg_0	pp0_0	dram_0	freq_ratio_0_0	c0_ratio_0_0	freq_ratio_0_1	c0_ratio_0_1	freq_ratio_0_2	c0_ratio_0_2	freq_ratio_0_3	c0_ratio_0_3	freq_ratio_0_4	c0_ratio_0_4	freq_ratio_0_5	c0_ratio_0_5	freq_ratio_0_6	c0_ratio_0_6	freq_ratio_0_7	c0_ratio_0_7	ts_1	elapsed_1	pkg_1	pp0_1	dram_1	freq_ratio_1_0	c0_ratio_1_0	freq_ratio_1_1	c0_ratio_1_1	freq_ratio_1_2	c0_ratio_1_2	freq_ratio_1_3	c0_ratio_1_3	freq_ratio_1_4	c0_ratio_1_4	freq_ratio_1_5	c0_ratio_1_5	freq_ratio_1_6	c0_ratio_1_6	freq_ratio_1_7	c0_ratio_1_7	
1352523966.068044	1.001834	74.436823	61.021469	4.584808	1.154083	0.758698	1.155895	0.773650	1.154906	0.763976	1.153881	0.755691	1.153872	0.754738	1.153882	0.755035	1.153889	0.755092	1.153911	0.755412	1352523966.068096	1.000512	64.665339	51.378363	4.073034	1.191782	0.755386	1.192024	0.754138	1.181623	0.011450	1.191915	0.743543	1.192001	0.753818	1.108686	0.000996	1.191953	0.744016	1.198227	0.848469	
1352523967.068044	1.000000	84.771133	71.269272	4.894073	1.153857	0.950025	1.153851	0.949323	1.153849	0.948994	1.153849	0.948732	1.153849	0.948566	1.153848	0.948534	1.153847	0.948617	1.153849	0.948727	1352523967.068116	1.000020	72.100912	58.730925	4.437793	1.188811	0.945087	1.188811	0.944905	1.156624	0.001441	1.188806	0.944879	1.188807	0.944933	1.156604	0.001192	1.188806	0.944860	1.188602	0.840224	
1352523968.068044	1.000000	87.490738	73.870102	5.500107	1.153842	0.942043	1.153769	0.941414	1.153860	0.941128	1.153856	0.941005	1.153849	0.940876	1.153849	0.940842	1.153851	0.940910	1.153852	0.940966	1352523968.068117	1.000001	73.170173	59.721791	5.009379	1.174502	0.935285	1.174498	0.935222	1.155697	0.001665	1.174498	0.935124	1.174499	0.935119	1.155846	0.001499	1.174496	0.935200	1.174013	0.791200	
1352523969.068055	1.000011	90.707135	77.044870	5.829892	1.153846	0.978170	1.153846	0.978010	1.153846	0.977348	1.153846	0.977257	1.153846	0.977571	1.153846	0.977116	1.153846	0.977205	1.153846	0.977259	1352523969.068123	1.000006	75.247812	61.770872	5.381926	1.168868	0.939964	1.169325	0.970481	1.160963	0.209323	1.169314	0.970036	1.169314	0.970055	1.154169	0.001579	1.169313	0.970014	1.167940	0.578706	
1352523970.068044	0.999989	86.519076	72.809804	5.845325	1.153864	0.332329	1.153846	0.969097	1.153846	0.968687	1.153846	0.968495	1.153846	0.968383	1.153847	0.968362	1.153846	0.968432	1.153846	0.968475	1352523970.068104	0.999981	80.293966	66.798790	5.426114	1.158130	0.570684	1.158607	0.914609	1.158714	0.963925	1.158718	0.963679	1.158716	0.963682	1.154006	0.251226	1.158713	0.963927	1.155232	0.651400	
1352523971.068044	1.000000	84.340485	70.622284	5.863495	1.153883	0.019358	1.153849	0.969919	1.153849	0.969147	1.153849	0.969139	1.153849	0.969152	1.153848	0.969138	1.153846	0.969089	1.153846	0.969095	1352523971.068096	0.999992	81.790351	68.287510	5.425566	1.156053	0.963426	1.153871	0.222796	1.156048	0.963259	1.156043	0.962988	1.156044	0.963108	1.154111	0.543323	1.156050	0.963274	1.156050	0.963294	
1352523972.068053	1.000009	84.970849	71.246867	5.849190	1.153833	0.019623	1.153849	0.986884	1.153846	0.986473	1.153846	0.986471	1.153848	0.986546	1.153846	0.986471	1.153847	0.986495	1.153847	0.986500	1352523972.068106	1.000010	82.499174	68.987896	5.414283	1.156138	0.980314	1.153845	0.282830	1.156138	0.980304	1.156139	0.980247	1.156139	0.980249	1.153846	0.490903	1.156138	0.980288	1.156138	0.980289	
1352523973.068048	0.999995	85.052580	71.328986	5.855391	1.153779	0.018966	1.153846	0.983168	1.153846	0.982685	1.153846	0.982681	1.153846	0.982748	1.153846	0.982676	1.153846	0.982681	1.153846	0.982689	1352523973.068111	1.000005	82.285721	68.783179	5.417392	1.155901	0.846641	1.154782	0.665249	1.156168	0.976195	1.156169	0.976015	1.156169	0.976030	1.153871	0.236603	1.156168	0.976174	1.156168	0.976178	
1352523974.068054	1.000006	83.980579	70.290856	5.753170	1.153808	0.018525	1.153846	0.965509	1.153846	0.964698	1.153846	0.964696	1.153846	0.964705	1.153846	0.964693	1.153847	0.964701	1.153846	0.964709	1352523974.068107	0.999996	81.312479	67.824387	5.357520	1.155886	0.729052	1.155254	0.755466	1.156376	0.958420	1.156376	0.958422	1.156376	0.958428	1.153844	0.272226	1.156375	0.958400	1.156375	0.958411	
1352523975.068047	0.999993	84.863990	71.134647	5.868937	1.154147	0.019941	1.153854	0.968320	1.153848	0.967396	1.153848	0.967391	1.153852	0.967528	1.153847	0.967380	1.153847	0.967377	1.153847	0.967390	1352523975.068093	0.999986	82.324538	68.807364	5.424316	1.155659	0.909483	1.154737	0.748761	1.156102	0.961662	1.156092	0.961389	1.156093	0.961472	1.154749	0.075033	1.156094	0.961508	1.156101	0.961645	
1352523976.068045	0.999998	85.024591	71.291594	5.875499	1.153950	0.019930	1.153849	0.978632	1.153846	0.978055	1.153846	0.978035	1.153847	0.978051	1.153847	0.978048	1.153847	0.978034	1.153846	0.978082	1352523976.068091	0.999998	83.135931	69.618251	5.433986	1.153845	0.434051	1.155391	0.973832	1.155390	0.973795	1.155390	0.973797	1.155390	0.973806	1.153847	0.337367	1.155390	0.973778	1.155390	0.973790	
1352523977.068051	1.000006	84.846418	71.114490	5.856014	1.153845	0.019276	1.153847	0.974115	1.153846	0.973488	1.153846	0.973436	1.153845	0.973427	1.153846	0.973434	1.153846	0.973424	1.153846	0.973453	1352523977.068106	1.000015	82.255478	68.737905	5.434519	1.154634	0.575544	1.155838	0.870712	1.156064	0.967639	1.156062	0.966942	1.156064	0.967046	1.153972	0.296678	1.156064	0.967619	1.156066	0.967651	
1352523978.068073	1.000022	85.617751	71.871913	5.890160	1.153851	0.559088	1.153851	0.990850	1.153853	0.504301	1.153849	0.990239	1.153848	0.990233	1.153846	0.990152	1.153846	0.990157	1.153849	0.990227	1352523978.068154	1.000048	82.295907	68.778061	5.388673	1.153970	0.384970	1.156235	0.984818	1.156235	0.984795	1.156235	0.984718	1.156235	0.984734	1.153846	0.324216	1.156234	0.984785	1.156235	0.984784	
1352523979.068046	0.999973	84.470904	70.718931	5.852849	1.153846	0.975558	1.153847	0.975514	1.153794	0.015987	1.153846	0.975000	1.153846	0.975016	1.153845	0.974723	1.153845	0.974737	1.153846	0.974744	1352523979.068159	1.000005	82.554366	69.034505	5.406559	1.155241	0.716936	1.155552	0.734786	1.156161	0.969102	1.156163	0.968438	1.156162	0.968462	1.153848	0.283768	1.156160	0.969087	1.156161	0.969095	
1352523980.068071	1.000025	84.409218	70.661454	5.862906	1.153847	0.978381	1.153847	0.978351	1.153920	0.016881	1.153847	0.977836	1.153847	0.977945	1.153848	0.977902	1.153847	0.977810	1.153847	0.977818	1352523980.068121	0.999962	83.049291	69.522045	5.456155	1.156069	0.502493	1.154721	0.702797	1.155516	0.973083	1.155514	0.973016	1.155514	0.973032	1.153852	0.543556	1.155516	0.972968	1.155516	0.972984	
1352523981.068047	0.999976	83.966561	70.205090	5.862507	1.153845	0.967700	1.153846	0.967725	1.153682	0.016081	1.153845	0.966890	1.153846	0.966974	1.153846	0.966873	1.153845	0.966888	1.153846	0.966899	1352523981.068100	0.999979	82.782239	69.257663	5.444542	1.154779	0.358357	1.154980	0.924033	1.155239	0.963023	1.155238	0.962874	1.155238	0.962911	1.153913	0.455350	1.155238	0.962948	1.155237	0.963052	
1352523982.068049	1.000002	83.992897	70.246524	5.885411	1.153846	0.977895	1.153846	0.977990	1.153761	0.016763	1.153846	0.977530	1.153846	0.977537	1.153846	0.977533	1.153846	0.977497	1.153846	0.977500	1352523982.068123	1.000023	82.829311	69.311707	5.408858	1.155253	0.650025	1.155474	0.557447	1.155685	0.971993	1.155685	0.971889	1.155685	0.971902	1.153849	0.523127	1.155685	0.971978	1.155685	0.971983	
1352523983.068056	1.000007	84.637553	70.860502	5.872472	1.153846	0.985520	1.153846	0.985412	1.153726	0.015366	1.153846	0.985064	1.153846	0.985074	1.153846	0.984890	1.153846	0.984902	1.153846	0.984911	1352523983.068155	1.000032	82.641357	69.109639	5.447397	1.155530	0.837224	1.154328	0.512655	1.155467	0.979945	1.155464	0.979839	1.155464	0.979849	1.153845	0.412729	1.155467	0.979925	1.155467	0.979935	
1352523984.068047	0.999991	85.254358	71.491737	5.849464	1.153846	0.975130	1.153847	0.609062	1.153847	0.542414	1.153846	0.973587	1.153846	0.973948	1.153847	0.973548	1.153846	0.973557	1.153847	0.973565	1352523984.068127	0.999972	81.708013	68.171167	5.411253	1.154973	0.484949	1.154943	0.796862	1.155298	0.969304	1.155287	0.968894	1.155287	0.968919	1.153894	0.298396	1.155286	0.968958	1.155287	0.968973	
1352523985.068052	1.000005	84.018790	70.252837	5.870897	1.153847	0.968633	1.153823	0.018808	1.153846	0.967508	1.153846	0.967423	1.153846	0.967530	1.153846	0.967348	1.153846	0.967360	1.153846	0.967372	1352523985.068164	1.000037	82.707454	69.167763	5.442105	1.154367	0.488037	1.155391	0.829575	1.155378	0.962568	1.155379	0.962487	1.155379	0.962498	1.153855	0.417013	1.155378	0.962456	1.155379	0.962559	
1352523986.068045	0.999993	84.563253	70.794725	5.869517	1.153846	0.977430	1.153857	0.019015	1.153846	0.976689	1.153846	0.976685	1.153846	0.976803	1.153846	0.976649	1.153846	0.976655	1.153846	0.976664	1352523986.068125	0.999961	82.285215	68.748049	5.439178	1.155561	0.744002	1.154809	0.567640	1.155704	0.971128	1.155702	0.970855	1.155702	0.970869	1.153855	0.434915	1.155701	0.971014	1.155704	0.971120	
1352523987.068045	1.000000	84.163132	70.399338	5.868546	1.153846	0.969218	1.153812	0.019683	1.153846	0.967762	1.153846	0.967756	1.153846	0.967976	1.153846	0.967724	1.153846	0.967740	1.153846	0.967743	1352523987.068138	1.000013	82.207906	68.668213	5.449514	1.155774	0.925889	1.154301	0.523387	1.155900	0.962524	1.155894	0.962249	1.155894	0.962268	1.153870	0.281457	1.155900	0.962505	1.155900	0.962517	
1352523988.068068	1.000023	715793572.766828	715779491.310898	715755839.176227	0.999944	1.000275	0.999945	1.000289	0.999954	1.000281	0.999946	1.000277	0.999947	1.000284	0.999949	1.000275	0.999947	1.000284	0.999946	1.000280	1352523988.068169	1.000031	715745504.929613	715766381.793014	715752201.065088	0.999947	1.000285	0.999943	1.000279	3.896053	0.256729	0.999946	1.000279	0.999947	1.000282	0.999949	1.000280	0.999946	1.000283	0.999948	1.000285	
1352523989.068036	0.999968	0.000000	0.000000	0.000000	-nan	-nan	-nan	-nan	8.000000	inf	-nan	-nan	-nan	0.000000	-nan	-nan	-nan	-nan	-nan	-nan	1352523989.068095	0.999926	0.000000	0.000000	0.000000	-nan	-nan	-nan	-nan	0.000000	inf	-nan	-nan	-nan	-nan	-nan	-nan	-nan	-nan	-nan	-nan	
