ts_0	elapsed_0	pkg_0	pp0_0	dram_0	freq_ratio_0_0	c0_ratio_0_0	freq_ratio_0_1	c0_ratio_0_1	freq_ratio_0_2	c0_ratio_0_2	freq_ratio_0_3	c0_ratio_0_3	freq_ratio_0_4	c0_ratio_0_4	freq_ratio_0_5	c0_ratio_0_5	freq_ratio_0_6	c0_ratio_0_6	freq_ratio_0_7	c0_ratio_0_7	ts_1	elapsed_1	pkg_1	pp0_1	dram_1	freq_ratio_1_0	c0_ratio_1_0	freq_ratio_1_1	c0_ratio_1_1	freq_ratio_1_2	c0_ratio_1_2	freq_ratio_1_3	c0_ratio_1_3	freq_ratio_1_4	c0_ratio_1_4	freq_ratio_1_5	c0_ratio_1_5	freq_ratio_1_6	c0_ratio_1_6	freq_ratio_1_7	c0_ratio_1_7	
1356708967.478083	1.001531	39.858781	26.382844	5.462783	1.154878	0.371144	1.153738	0.365668	1.154249	0.366831	1.154909	0.370223	1.154076	0.366248	1.154820	0.369763	1.154366	0.367423	1.154561	0.368106	1356708967.478285	1.000455	39.622448	26.251272	5.688208	0.999997	0.965005	1.000002	0.738164	1.003724	0.000077	1.001667	0.000152	1.005999	0.000039	1.002943	0.000075	1.007233	0.000031	0.999967	0.938376	
1356708968.478078	0.999995	41.589625	28.064929	5.901748	1.000000	1.000000	1.000000	1.000000	1.000000	1.000000	0.999472	0.000375	0.998337	0.000056	1.005383	0.000127	1.000922	0.000052	1.028063	0.000057	1356708968.478276	0.999991	42.297838	28.852526	6.497724	1.000000	1.000000	1.000000	1.000000	1.000123	0.000050	1.000410	0.000058	1.000168	0.000051	1.000711	0.000011	1.000629	0.000071	1.000000	1.000000	
1356708969.478078	1.000000	41.483658	27.962448	5.919708	1.000000	1.000000	1.000000	1.000000	1.000000	1.000000	1.000037	0.000374	1.005573	0.000022	1.000372	0.000134	1.005346	0.000014	1.006301	0.000014	1356708969.478280	1.000004	42.367260	28.902929	6.682972	1.000000	1.000000	1.000000	1.000000	1.001533	0.000022	0.999924	0.000111	1.001752	0.000012	1.000123	0.000129	0.996967	0.000012	1.000000	1.000000	
1356708970.478078	1.000000	43.492279	29.985382	5.926636	1.000000	0.999621	1.000000	1.000000	1.000000	0.999620	0.999962	0.002824	0.999949	0.002380	0.999995	0.002230	0.999714	0.001942	0.999955	0.002360	1356708970.478248	0.999968	42.387676	28.937204	6.384924	1.000000	1.000000	1.000000	0.999660	1.000000	0.000051	1.000000	0.006082	0.999991	0.000044	1.001206	0.000007	1.000272	0.000047	1.000000	1.000000	
1356708971.478078	1.000000	41.559250	28.040543	5.927872	1.000000	1.000000	1.000000	1.000000	1.000000	1.000000	1.000005	0.000438	1.001785	0.000023	0.999631	0.000140	1.031180	0.000014	1.003684	0.000014	1356708971.478286	1.000038	42.417627	28.942247	6.759525	1.000000	1.000000	1.000000	1.000000	0.998572	0.000022	0.999915	0.000479	1.000615	0.000012	0.999232	0.000049	1.000064	0.000012	1.000000	1.000000	
1356708972.478078	1.000000	41.486755	27.981842	5.901794	1.000000	1.000000	1.000001	1.000000	1.000000	1.000000	1.000012	0.000424	0.999694	0.000048	1.000090	0.000155	1.001309	0.000077	0.997974	0.000051	1356708972.478282	0.999996	42.410557	28.954433	6.495205	1.000000	1.000000	1.000000	1.000000	1.000411	0.000050	1.000646	0.000057	0.999718	0.000044	1.003032	0.000012	0.999834	0.000144	1.000000	1.000000	
1356708973.478078	1.000000	41.526230	28.024979	5.909851	1.000000	1.000000	0.999999	1.000000	1.000000	1.000000	0.999976	0.000353	1.002694	0.000022	1.000249	0.000135	0.992957	0.000009	1.003507	0.000015	1356708973.478274	0.999992	42.357658	28.907720	6.546302	1.000000	1.000000	1.000000	1.000000	0.998657	0.000020	0.999990	0.000113	0.998905	0.000012	1.000369	0.000045	1.000465	0.000011	1.000000	1.000000	
1356708974.478078	1.000000	41.532608	28.037735	5.919479	1.000000	1.000000	1.000000	1.000000	1.000000	1.000000	1.000228	0.000386	0.989791	0.000048	1.000045	0.000128	0.991280	0.000055	0.986668	0.000153	1356708974.478281	1.000007	42.413083	28.954680	6.475297	1.000000	1.000000	1.000000	1.000000	1.000505	0.000051	0.999992	0.000091	1.000682	0.000045	0.995867	0.000012	1.000343	0.000046	1.000000	1.000000	
1356708975.478078	1.000000	41.532593	28.018753	5.922531	1.000000	1.000000	1.000000	1.000000	1.000001	1.000000	1.000188	0.000410	0.997035	0.000024	0.999500	0.000134	1.006599	0.000015	1.105692	0.000014	1356708975.478275	0.999994	42.412042	28.933461	6.862224	1.000000	1.000000	1.000000	1.000000	1.000230	0.000022	0.999934	0.000110	0.995960	0.000011	0.986956	0.000047	0.997873	0.000012	1.000000	1.000000	
1356708976.478078	1.000000	41.543472	28.043289	5.928909	1.000000	0.999999	1.000000	1.000000	1.000000	1.000000	0.999976	0.000433	1.007481	0.000061	0.999923	0.000149	1.007478	0.000062	0.985031	0.000068	1356708976.478280	1.000005	42.439302	28.975502	6.575132	1.000000	1.000000	1.000000	1.000000	0.999927	0.000063	0.999992	0.000458	1.000420	0.000066	1.030976	0.000021	1.000036	0.000118	1.000000	1.000000	
1356708977.478078	1.000000	41.523346	28.023544	5.933121	1.000000	1.000000	1.000000	1.000000	1.000000	1.000000	0.999954	0.000375	1.000204	0.000023	1.000225	0.000135	1.003808	0.000014	1.121489	0.000013	1356708977.478275	0.999995	42.412886	28.958656	6.398180	1.000000	1.000000	1.000000	1.000000	0.999014	0.000022	0.999978	0.000103	1.002010	0.000006	0.999194	0.000046	1.002017	0.000007	1.000000	1.000000	
1356708978.478078	1.000000	41.540970	28.029221	5.924545	1.000000	1.000001	1.000000	1.000000	1.000000	1.000000	1.000038	0.000362	0.999431	0.000047	1.000478	0.000128	0.997982	0.000047	0.974627	0.000062	1356708978.478280	1.000005	42.426454	28.955009	6.714734	1.000000	1.000000	1.000000	1.000000	0.999887	0.000045	0.999899	0.000057	0.999460	0.000049	1.000909	0.000012	0.999310	0.000051	1.000000	1.000000	
1356708979.478078	1.000000	41.508972	27.984573	5.920670	1.000000	1.000000	1.000000	1.000000	1.000000	1.000000	0.999909	0.000365	1.001561	0.000022	0.999462	0.000133	1.006058	0.000014	1.116256	0.000013	1356708979.478272	0.999992	42.446801	28.963003	6.834894	1.000000	1.000000	1.000000	1.000000	1.001054	0.000020	0.999852	0.000105	0.998435	0.000012	0.999983	0.000045	1.002363	0.000012	1.000000	1.000000	
1356708980.478078	1.000000	41.496735	27.988159	5.921768	1.000000	1.000000	1.000000	1.000000	1.000000	1.000000	0.999882	0.000349	1.000759	0.000077	0.999718	0.000127	0.997676	0.000047	0.999793	0.000050	1356708980.478269	0.999997	42.478373	28.995360	6.791388	1.000000	1.000000	1.000000	1.000000	1.000003	0.001805	1.000040	0.000501	1.000705	0.000044	1.002781	0.000012	0.999702	0.000063	1.000000	1.000000	
1356708981.478078	1.000000	41.534241	28.025894	5.890396	1.000000	1.000000	1.000000	1.000000	1.000000	1.000000	1.000085	0.000409	0.993147	0.000018	1.000169	0.000144	0.997977	0.000014	0.879660	0.000016	1356708981.478279	1.000010	42.476183	29.004760	6.694421	1.000000	1.000000	1.000000	1.000000	0.999861	0.000050	0.999958	0.000730	1.001833	0.000011	0.999264	0.000045	0.999012	0.000012	1.000000	1.000000	
1356708982.478078	1.000000	41.547318	28.049805	5.921738	1.000000	1.000000	1.000000	1.000001	1.000001	1.000000	0.999916	0.000363	1.000988	0.000050	1.000465	0.000126	0.999942	0.000047	1.035151	0.000055	1356708982.478275	0.999996	42.442326	28.973521	6.568279	1.000000	1.000000	1.000000	1.000000	1.000041	0.000046	1.000092	0.000071	0.998685	0.000045	1.000325	0.000012	0.999540	0.000045	1.000000	1.000000	
1356708983.478078	1.000000	41.550171	28.050110	5.915100	1.000000	1.000000	1.000000	1.000000	0.999999	1.000000	1.000026	0.000367	1.003749	0.000021	0.999546	0.000134	1.008242	0.000014	1.003311	0.000014	1356708983.478272	0.999997	42.410654	28.952620	6.589437	1.000000	0.999394	1.000000	0.999414	0.998073	0.000022	0.999746	0.000108	1.002075	0.000012	0.999803	0.000045	1.006911	0.000012	1.000000	1.000000	
1356708984.478078	1.000000	41.526093	28.021454	5.919113	0.999982	0.999939	0.999982	0.999938	0.999983	0.999937	0.999918	0.000376	0.998952	0.000045	1.000624	0.000127	0.999908	0.000046	1.000119	0.000049	1356708984.478281	1.000009	42.469433	28.990109	6.675477	1.000000	1.000000	1.000000	1.000000	1.000716	0.000050	1.000271	0.000060	1.000205	0.000043	1.002018	0.000012	0.999223	0.000056	1.000000	1.000000	
1356708985.478078	1.000000	41.524445	28.030533	5.918701	1.000000	1.000000	1.000000	1.000000	1.000000	1.000000	1.000120	0.000341	1.000618	0.000023	0.999665	0.000136	1.000169	0.000014	0.994624	0.000015	1356708985.478272	0.999991	42.479419	29.015812	6.523191	1.000000	1.000000	1.000000	1.000000	1.000391	0.000022	0.999987	0.000123	0.998347	0.000012	0.999568	0.000046	0.997632	0.000012	1.000000	1.000000	
1356708986.478078	1.000000	41.551071	28.050842	5.916489	1.000000	1.000000	1.000000	1.000001	1.000001	1.000000	0.999952	0.000406	0.992687	0.000078	1.000242	0.000136	0.986619	0.000049	0.990803	0.000054	1356708986.478277	1.000005	42.477387	29.004814	6.642652	1.000000	1.000000	1.000000	1.000000	1.000051	0.000068	0.999958	0.000555	1.000430	0.000045	1.001700	0.000012	1.000405	0.000046	1.000000	1.000000	
1356708987.478078	1.000000	41.559967	28.074982	5.926849	1.000000	1.000000	1.000000	1.000000	1.000000	1.000000	1.000112	0.000356	1.000629	0.000023	0.999707	0.000133	1.001345	0.000014	1.018917	0.000014	1356708987.478279	1.000002	42.445598	28.996222	6.334354	1.000000	1.000000	1.000000	1.000000	0.999924	0.000020	1.000216	0.000130	1.000656	0.000012	0.986440	0.000046	1.003782	0.000012	1.000000	1.000000	
1356708988.478078	1.000000	41.539413	28.050797	5.933853	1.000000	1.000000	1.000000	1.000000	1.000000	1.000000	0.999880	0.000378	1.009053	0.000062	0.999830	0.000143	1.009438	0.000061	1.004267	0.000064	1356708988.478272	0.999993	42.439014	28.983431	6.392790	1.000000	1.000000	1.000000	1.000000	0.990009	0.000064	0.999984	0.000074	0.999988	0.000065	1.031385	0.000020	0.999476	0.000071	1.000000	1.000000	
1356708989.478078	1.000000	41.531036	28.029480	5.895340	1.000000	1.000000	1.000000	1.000000	1.000001	1.000000	0.999960	0.000379	1.003545	0.000022	0.999643	0.000135	0.993259	0.000014	0.998016	0.000013	1356708989.478272	1.000000	42.459808	28.967636	6.981049	1.000000	1.000000	1.000000	1.000000	1.000326	0.000022	0.999792	0.000110	0.997758	0.000006	0.999255	0.000045	1.001033	0.000007	1.000000	1.000000	
1356708990.478078	1.000000	41.555115	28.057083	5.929184	1.000000	1.000000	1.000000	1.000000	1.000000	1.000000	1.000232	0.000342	0.997519	0.000047	1.001356	0.000128	1.001758	0.000047	0.972602	0.000055	1356708990.478280	1.000008	42.503318	29.033868	6.550423	1.000000	1.000000	1.000000	1.000000	1.000303	0.002031	1.000093	0.000058	1.000562	0.000048	1.003330	0.000012	0.999735	0.000049	1.000000	1.000000	
1356708991.478078	1.000000	41.535080	28.041153	5.913147	1.000000	1.000000	1.000000	1.000000	1.000000	1.000000	0.999773	0.000413	1.001007	0.000023	0.999928	0.000134	0.997770	0.000014	1.115576	0.000013	1356708991.478272	0.999992	42.493417	29.026847	6.469413	1.000000	1.000000	1.000000	1.000000	0.999982	0.000043	0.999993	0.000456	0.999507	0.000012	0.998722	0.000046	1.001488	0.000012	1.000000	1.000000	
1356708992.478078	1.000000	41.552399	28.057785	5.931671	1.000000	1.000000	1.000000	1.000000	1.000000	1.000000	0.999942	0.000364	1.000110	0.000046	0.998993	0.000127	1.000243	0.000046	1.001375	0.000049	1356708992.478281	1.000009	42.464734	29.012143	6.477297	1.000000	1.000000	1.000000	1.000000	0.988283	0.000048	1.000199	0.000058	1.000272	0.000045	1.002012	0.000012	0.999878	0.000057	1.000000	1.000000	
1356708993.478079	1.000001	41.555884	28.069523	5.929300	1.000000	0.999627	1.000000	1.000000	1.000000	0.999626	0.999936	0.000362	0.997658	0.000023	1.000933	0.000132	1.001628	0.000013	1.003573	0.000014	1356708993.478285	1.000004	42.473918	29.019749	6.338521	1.000000	0.999642	1.000000	0.999698	1.001001	0.000539	0.999929	0.000108	0.996986	0.000012	0.999472	0.000045	0.998916	0.000012	1.000000	0.999665	
1356708994.478084	1.000005	715804940.655347	715786833.351994	715760558.009123	0.999930	1.000765	0.999929	1.000774	0.999939	1.000770	0.999930	1.000766	0.999931	1.000773	0.999933	1.000764	0.999931	1.000772	0.999931	1.000769	1356708994.478182	0.999897	715859155.237150	715889626.095675	715880636.795019	0.999930	1.000766	0.999928	1.000770	3.897117	0.256781	0.999930	1.000767	0.999931	1.000771	0.999934	1.000768	0.999931	1.000770	0.999931	1.000771	
1356708995.478084	1.000000	0.000000	0.000000	0.000000	-nan	-nan	-nan	-nan	0.000000	inf	-nan	-nan	-nan	0.000000	0.000000	inf	-nan	-nan	-nan	-nan	1356708995.478172	0.999990	0.000000	0.000000	0.000000	-nan	-nan	-nan	-nan	0.000000	inf	-nan	-nan	-nan	-nan	-nan	-nan	-nan	-nan	-nan	-nan	
1356708996.478150	1.000066	0.000000	0.000000	0.000000	-nan	-nan	-nan	-nan	0.000000	inf	-nan	-nan	-nan	0.000000	-nan	-nan	-nan	-nan	-nan	-nan	1356708996.478234	1.000062	0.000000	0.000000	0.000000	-nan	-nan	-nan	-nan	inf	-nan	-nan	-nan	-nan	-nan	-nan	-nan	-nan	-nan	-nan	-nan	
