ts_0	elapsed_0	pkg_0	pp0_0	dram_0	freq_ratio_0_0	c0_ratio_0_0	freq_ratio_0_1	c0_ratio_0_1	freq_ratio_0_2	c0_ratio_0_2	freq_ratio_0_3	c0_ratio_0_3	freq_ratio_0_4	c0_ratio_0_4	freq_ratio_0_5	c0_ratio_0_5	freq_ratio_0_6	c0_ratio_0_6	freq_ratio_0_7	c0_ratio_0_7	ts_1	elapsed_1	pkg_1	pp0_1	dram_1	freq_ratio_1_0	c0_ratio_1_0	freq_ratio_1_1	c0_ratio_1_1	freq_ratio_1_2	c0_ratio_1_2	freq_ratio_1_3	c0_ratio_1_3	freq_ratio_1_4	c0_ratio_1_4	freq_ratio_1_5	c0_ratio_1_5	freq_ratio_1_6	c0_ratio_1_6	freq_ratio_1_7	c0_ratio_1_7	
1353403840.255288	1.001830	39.214778	26.059837	5.548226	1.155885	0.687772	1.153621	0.684120	1.154087	0.693141	1.154641	0.697656	1.154416	0.696850	1.154540	0.698028	1.154797	0.696399	1.154890	0.697272	1353403840.255495	1.000456	36.527133	23.325040	2.870669	0.999955	0.763437	0.999661	0.068017	1.000001	0.762024	1.014885	0.000032	1.002705	0.000092	1.003415	0.000089	1.006942	0.000041	1.000002	0.763818	
1353403841.255284	0.999996	42.634786	29.483976	6.125086	1.000000	1.000000	1.000000	1.000000	1.000000	1.000000	0.999992	0.000369	0.997494	0.000546	0.998228	0.000039	1.001909	0.000046	0.999571	0.000013	1353403841.255487	0.999992	40.264929	27.037237	2.834877	1.000000	1.000000	0.999986	0.003394	1.000000	1.000000	0.999980	0.000076	1.000284	0.000011	1.000529	0.000011	0.999720	0.000066	1.000000	1.000000	
1353403842.255284	1.000000	40.334412	27.195267	6.112991	1.000000	1.000000	0.999999	0.586963	1.000000	1.000000	0.999875	0.000415	1.000429	0.003542	1.004535	0.000078	1.000011	0.000072	0.987251	0.000049	1353403842.255503	1.000016	42.624167	29.399570	3.324623	1.000000	1.000000	1.000001	0.413589	1.000000	1.000000	0.999107	0.000012	1.000096	0.000044	0.999821	0.000043	1.001580	0.000012	1.000000	1.000000	
1353403843.255286	1.000002	36.381232	23.235353	6.101551	1.000000	1.000000	0.998523	0.000025	1.000000	1.000000	0.999972	0.000331	0.998831	0.000180	0.983736	0.000040	0.992581	0.000040	1.000000	0.000015	1353403843.255503	1.000000	46.186005	32.957687	2.727509	1.000000	1.000000	1.000000	1.000000	1.000000	1.000000	0.999987	0.000091	0.999903	0.000012	1.000228	0.000012	0.991767	0.000064	1.000000	1.000000	
1353403844.255283	0.999997	36.796913	23.649930	6.101856	1.000000	1.000000	1.001933	0.000278	1.000000	1.000000	0.999665	0.000411	1.000012	0.004951	1.001904	0.000231	1.000075	0.004227	1.004180	0.000149	1353403844.255505	1.000002	46.098347	32.865416	4.580878	1.000000	1.000000	1.000000	1.000000	1.000000	1.000000	1.000025	0.000199	1.000035	0.000066	0.999391	0.000061	1.024298	0.000022	1.000000	1.000000	
1353403845.255283	1.000000	41.633316	28.491913	6.119293	0.999632	0.944775	0.999990	0.911001	0.999991	0.943888	1.000009	0.005244	1.000100	0.002257	1.000061	0.000567	0.999969	0.000037	1.002679	0.000013	1353403845.255474	0.999969	39.940966	26.707905	4.422882	1.000000	0.943864	0.999986	0.032748	1.000000	0.943902	0.999990	0.000076	0.999302	0.000007	0.999938	0.000006	1.000289	0.000043	1.000000	1.000000	
1353403846.255283	1.000000	42.993988	29.850632	6.094315	1.000000	1.000000	1.000000	1.000000	1.000000	1.000000	0.999834	0.000358	0.999504	0.002546	1.000003	0.006378	1.000018	0.000064	1.000021	0.000055	1353403846.255475	1.000001	40.270164	27.039754	3.619473	1.000000	1.000000	0.995659	0.000034	1.000000	1.000000	0.996564	0.000047	0.997522	0.000061	0.997772	0.000048	0.998712	0.000018	1.000000	1.000000	
1353403847.255283	1.000000	43.032913	29.898849	6.118866	1.000000	1.000000	1.000000	1.000000	1.000000	1.000000	0.999538	0.000344	1.000288	0.003482	0.999981	0.003845	1.000042	0.000037	1.002735	0.000014	1353403847.255473	0.999998	40.217560	27.000952	4.022926	1.000000	1.000000	1.002861	0.000052	1.000000	1.000000	1.001683	0.000090	1.013450	0.000011	1.009735	0.000011	0.999970	0.000051	1.000000	1.000000	
1353403848.255283	1.000000	43.227036	30.083847	6.127563	1.000000	1.000000	1.000000	1.000000	0.999999	1.000000	0.999940	0.000358	0.999982	0.008492	1.003734	0.000069	1.003509	0.000060	0.987124	0.000051	1353403848.255474	1.000001	40.345817	27.122289	4.979793	1.000000	1.000000	0.999509	0.000038	1.000000	1.000000	1.000160	0.000031	0.999819	0.000045	0.999894	0.000044	1.002022	0.000012	1.000000	1.000000	
1353403849.255283	1.000000	43.045837	29.901520	6.112671	1.000000	0.999270	1.000000	0.999213	1.000000	0.999212	1.000215	0.000971	1.000015	0.006740	0.994239	0.000036	0.994207	0.000036	0.998104	0.000015	1353403849.255476	1.000002	40.243225	27.013895	4.078163	1.000000	0.999181	0.999970	0.000052	1.000000	0.999211	1.000074	0.000073	0.999871	0.000012	1.003279	0.000011	0.999710	0.000043	1.000000	1.000000	
1353403850.255283	1.000000	42.966537	29.822556	6.125046	1.000000	1.000000	1.000000	1.000000	1.000000	1.000000	0.999925	0.004432	0.998786	0.000166	0.999748	0.000090	0.999994	0.000061	1.006384	0.000104	1353403850.255475	0.999999	40.240288	27.009898	3.115832	1.000000	1.000000	0.999992	0.000049	1.000000	1.000000	0.999697	0.000032	0.999988	0.000065	1.000000	0.000064	1.000033	0.000012	1.000000	1.000000	
1353403851.255283	1.000000	43.072983	29.927429	6.112930	1.000000	1.000000	1.000000	1.000000	1.000000	1.000000	1.000019	0.005020	0.999531	0.002837	0.999621	0.000036	0.999737	0.000037	0.999511	0.000013	1353403851.255474	0.999999	40.252236	27.023311	4.030216	1.000000	1.000000	0.999950	0.000054	1.000000	1.000000	1.000000	0.000073	0.999390	0.000012	0.999369	0.000011	0.999754	0.000042	1.000000	1.000000	
1353403852.255283	1.000000	43.130615	29.984985	6.118820	1.000000	1.000000	1.000000	1.000000	1.000000	1.000000	0.999970	0.006208	1.000474	0.002578	1.000469	0.000063	1.000195	0.000059	0.999664	0.000049	1353403852.255470	0.999996	40.243968	27.015078	4.950353	1.000000	1.000000	1.000114	0.000034	1.000000	1.000000	1.000234	0.000031	1.000177	0.000046	1.000157	0.000044	1.000737	0.000012	1.000000	1.000000	
1353403853.255282	0.999999	43.166377	30.024794	6.121405	1.000000	1.000000	1.000000	1.000000	1.000000	1.000000	0.999940	0.007030	0.999995	0.000896	0.999950	0.000039	1.000020	0.000038	1.001223	0.000013	1353403853.255471	1.000001	40.331093	27.106511	4.802898	1.000000	1.000000	1.000095	0.000049	1.000000	1.000000	0.999858	0.000073	0.999903	0.000012	1.000428	0.000011	1.000000	0.000044	1.000000	1.000000	
1353403854.255283	1.000001	44.900333	31.753525	6.100122	1.000000	1.000000	1.000000	1.000000	1.000000	1.000000	1.000065	0.002485	0.999990	0.007362	0.999752	0.001943	0.999815	0.002669	0.999598	0.001741	1353403854.255444	0.999973	40.231659	27.012553	4.259606	1.000000	1.000000	0.999993	0.000717	1.000000	1.000000	1.000025	0.000031	1.000131	0.000044	0.999297	0.000059	0.997307	0.000012	1.000000	1.000000	
1353403855.255283	1.000000	42.842667	29.693436	6.113113	1.000000	1.000000	1.000000	1.000000	1.000000	1.000000	1.000333	0.000395	0.999530	0.000209	0.997224	0.000070	0.996658	0.000009	0.999446	0.000008	1353403855.255477	1.000033	40.220646	26.987805	2.767411	1.000000	1.000000	0.997895	0.000235	1.000000	1.000000	0.999976	0.000111	0.999904	0.000012	1.006148	0.000006	0.992657	0.000065	1.000000	1.000000	
1353403856.255283	1.000000	42.909378	29.759384	6.106430	1.000000	1.000000	1.000000	1.000000	1.000000	1.000000	0.999709	0.001342	0.999521	0.002454	1.007869	0.000078	1.007871	0.000066	1.010487	0.000067	1353403856.255474	0.999997	40.215762	26.982414	3.018061	1.000000	1.000000	0.891496	0.000058	1.000000	1.000000	0.997602	0.000068	0.998088	0.000075	0.999514	0.000084	1.011462	0.000041	1.000000	1.000000	
1353403857.255284	1.000001	42.854711	29.718874	6.106684	1.000000	1.000000	0.999999	1.000000	1.000000	1.000000	0.999977	0.002156	1.004564	0.000275	1.000702	0.000047	0.999913	0.000013	0.999085	0.000013	1353403857.255470	0.999996	40.176280	26.943987	2.881970	1.000000	1.000000	1.102799	0.000066	1.000000	1.000000	1.001461	0.000109	1.022465	0.000006	1.004249	0.000006	1.000974	0.000066	1.000000	1.000000	
1353403858.255283	0.999999	43.076762	29.930418	6.133734	1.000000	1.000000	1.000001	1.000000	1.000000	1.000000	0.999977	0.004548	1.000066	0.000146	1.003016	0.000069	1.004548	0.000046	0.999830	0.000048	1353403858.255472	1.000002	40.334091	27.107645	3.020487	1.000000	1.000000	1.000016	0.000047	1.000000	1.000000	0.999900	0.000031	0.999904	0.000068	1.000136	0.000048	0.998913	0.000011	1.000000	1.000000	
1353403859.255283	1.000000	42.977188	29.825974	6.112732	1.000000	1.000000	0.999999	1.000000	1.000000	1.000000	0.999972	0.002848	0.999895	0.000201	0.994883	0.000038	0.983969	0.000013	0.999740	0.000013	1353403859.255485	1.000013	40.209861	26.979093	3.314135	1.000000	1.000000	0.999829	0.000101	1.000000	1.000000	0.999993	0.000110	0.999903	0.000012	0.999870	0.000012	1.000108	0.000086	1.000000	1.000000	
1353403860.255283	1.000000	43.062119	29.916473	6.112732	1.000000	1.000000	1.000000	1.000000	1.000000	1.000000	0.999976	0.007191	0.999983	0.000160	0.998860	0.000086	0.999118	0.000049	0.999942	0.000046	1353403860.255474	0.999989	40.218291	26.984763	3.772395	1.000000	1.000000	1.000123	0.000041	1.000000	1.000000	1.000103	0.000034	1.000103	0.000064	0.999242	0.000043	0.996479	0.000007	1.000000	1.000000	
1353403861.255283	1.000000	43.064011	29.917923	6.106323	1.000000	1.000000	1.000000	1.000000	1.000000	1.000000	1.000017	0.004739	0.999616	0.002789	1.001572	0.000035	1.001898	0.000013	1.000029	0.000013	1353403861.255476	1.000002	40.224487	26.992456	3.798851	1.000000	1.000000	1.000250	0.000048	1.000000	1.000000	1.000035	0.000088	1.000842	0.000012	0.999707	0.000012	1.000008	0.000051	1.000000	1.000000	
1353403862.255283	1.000000	43.001434	29.853653	6.112610	1.000000	1.000000	1.000000	1.000000	1.000000	1.000000	0.999940	0.002906	1.000374	0.002728	1.000667	0.000075	1.000261	0.000047	0.999908	0.000046	1353403862.255475	0.999999	40.195229	26.975657	3.764698	1.000000	1.000000	0.999787	0.000058	1.000000	1.000000	0.999754	0.000031	0.999546	0.000043	1.000828	0.000043	0.999808	0.000012	1.000000	1.000000	
1353403863.255282	0.999999	42.939708	29.795347	6.127569	1.000000	1.000000	0.999999	1.000000	0.999999	1.000000	1.000002	0.000363	0.999988	0.002191	0.999703	0.000039	1.000029	0.000013	1.001240	0.000013	1353403863.255473	0.999998	40.353471	27.126990	2.798086	1.000000	1.000000	0.999921	0.000097	1.000000	1.000000	0.999961	0.000110	0.999935	0.000012	1.000000	0.000012	0.999885	0.000070	1.000000	1.000000	
1353403864.255283	1.000001	43.026219	29.876879	6.106516	1.000000	1.000000	1.000000	1.000000	1.000001	1.000000	0.999998	0.000393	0.999984	0.005812	1.000229	0.000062	0.999671	0.000047	0.999729	0.000046	1353403864.255471	0.999998	40.236542	27.005636	3.304587	1.000000	1.000000	1.000385	0.000042	1.000000	1.000000	1.000113	0.000044	1.000114	0.000044	0.999250	0.000043	1.000703	0.000012	1.000000	1.000000	
1353403865.255284	1.000001	715809802.209081	715798436.430050	715792871.068475	0.999920	1.000234	0.999919	1.000240	0.999927	1.000230	0.999919	1.000227	0.999919	1.000230	0.999922	1.000224	0.999919	1.000230	0.999919	1.000227	1353403865.255390	0.999919	715819389.790867	715837650.853503	715830050.855716	0.999918	1.000224	0.999916	1.000229	3.897901	0.256588	0.999919	1.000227	0.999920	1.000231	0.999922	1.000227	0.999919	1.000231	0.999919	1.000227	
1353403866.255283	0.999999	0.000000	0.000000	0.000000	-nan	-nan	-nan	-nan	8.000000	inf	-nan	-nan	-nan	0.000000	-nan	-nan	-nan	-nan	-nan	-nan	1353403866.255367	0.999977	0.000000	0.000000	0.000000	-nan	-nan	-nan	-nan	0.000000	inf	-nan	-nan	-nan	-nan	-nan	-nan	-nan	-nan	-nan	-nan	
