ts_0	elapsed_0	pkg_0	pp0_0	dram_0	freq_ratio_0_0	c0_ratio_0_0	freq_ratio_0_1	c0_ratio_0_1	freq_ratio_0_2	c0_ratio_0_2	freq_ratio_0_3	c0_ratio_0_3	freq_ratio_0_4	c0_ratio_0_4	freq_ratio_0_5	c0_ratio_0_5	freq_ratio_0_6	c0_ratio_0_6	freq_ratio_0_7	c0_ratio_0_7	ts_1	elapsed_1	pkg_1	pp0_1	dram_1	freq_ratio_1_0	c0_ratio_1_0	freq_ratio_1_1	c0_ratio_1_1	freq_ratio_1_2	c0_ratio_1_2	freq_ratio_1_3	c0_ratio_1_3	freq_ratio_1_4	c0_ratio_1_4	freq_ratio_1_5	c0_ratio_1_5	freq_ratio_1_6	c0_ratio_1_6	freq_ratio_1_7	c0_ratio_1_7	
1353355584.130411	1.023172	53.922525	40.195784	5.913182	1.155211	0.335597	1.153749	0.329180	1.154131	0.329453	1.155298	0.334758	1.153553	0.330174	1.155459	0.334589	1.154979	0.332717	1.154544	0.330197	1353355584.130584	1.000438	68.081830	54.508643	6.099501	0.999982	0.991760	1.000001	0.991159	1.000001	0.990740	0.999980	0.990795	1.000001	0.990887	1.001323	0.000160	1.000001	0.971905	0.999968	0.992173	
1353355585.130408	0.999997	55.733342	41.964424	6.004947	1.000001	0.999943	1.000000	0.999661	1.000000	0.999584	1.000001	0.999583	1.000000	0.999942	1.001001	0.000717	0.997115	0.000156	0.999842	0.000010	1353355585.130579	0.999995	69.142848	55.515369	6.315995	1.000000	0.999968	1.000000	0.999606	1.000000	0.999581	1.000000	0.999579	1.000000	0.999610	1.000224	0.000184	1.000000	1.000000	1.000000	1.000000	
1353355586.130406	0.999998	55.774734	41.995045	6.039135	1.000000	0.999934	0.999999	0.999960	1.000000	0.999864	1.000000	0.999861	1.000000	0.999955	0.999263	0.000749	1.008272	0.000077	1.004375	0.000111	1353355586.130576	0.999997	69.165009	55.527745	6.313435	1.000000	0.999956	1.000000	0.999868	1.000000	0.999879	1.000000	0.999895	1.000000	0.999893	0.999863	0.000298	1.000000	1.000000	1.000000	1.000000	
1353355587.130408	1.000002	55.798386	42.012737	6.039524	1.000000	0.999927	1.000000	0.999861	1.000000	0.999892	1.000000	0.999891	1.000000	0.999912	1.000733	0.000689	0.999579	0.000150	1.002653	0.000009	1353355587.130580	1.000004	69.274072	55.633487	6.345647	1.000000	0.999947	1.000000	0.999894	1.000000	0.999790	1.000000	0.999748	1.000000	0.999761	0.999977	0.000168	1.000000	1.000000	1.000000	1.000000	
1353355588.130408	1.000000	55.679352	41.887131	6.031036	1.000000	0.999655	1.000000	0.999662	1.000000	0.999566	1.000000	0.999565	1.000000	0.999629	0.999439	0.001112	1.000972	0.000063	0.991103	0.000082	1353355588.130585	1.000005	69.289067	55.643810	6.345275	1.000000	0.999660	1.000000	0.999570	1.000000	0.999336	1.000000	0.999366	1.000000	0.999396	1.000149	0.000215	1.000000	0.999629	1.000000	1.000000	
1353355589.130408	1.000000	55.786774	41.986969	6.051620	1.000000	0.999743	1.000000	0.999766	1.000000	0.999706	1.000000	0.999705	1.000000	0.999729	0.999965	0.003601	0.999999	0.005603	0.999977	0.003192	1353355589.130579	0.999994	69.254868	55.632152	6.376366	1.000000	0.999766	1.000000	0.999712	1.000000	0.999738	1.000000	0.999737	1.000000	0.999735	0.999894	0.003680	1.000000	1.000000	1.000000	1.000000	
1353355590.130408	1.000000	55.577286	41.778397	6.017609	1.000000	0.999947	1.000000	0.999934	1.000000	0.999821	1.000000	0.999867	1.000000	0.999935	1.000953	0.000763	0.999975	0.000092	1.002075	0.000322	1353355590.130582	1.000003	69.340407	55.711162	6.385600	1.000000	0.999970	1.000000	0.999909	1.000000	0.999856	1.000000	0.999871	1.000000	0.999875	0.999249	0.000226	1.000000	0.999991	1.000000	1.000000	
1353355591.130407	0.999999	55.538322	41.752435	5.979681	0.999978	0.999792	0.999978	0.999754	1.000000	0.999673	1.000000	0.999670	0.999987	0.999774	0.999364	0.000617	0.999879	0.000182	1.001123	0.000009	1353355591.130571	0.999989	69.380125	55.750688	6.304513	1.000000	0.999807	1.000000	0.999677	1.000000	0.999675	1.000000	0.999673	1.000000	0.999692	1.001120	0.000181	1.000000	1.000000	1.000000	1.000000	
1353355592.130407	1.000000	55.812927	42.013687	6.013275	1.000000	0.999916	1.000000	0.999940	1.000000	0.999856	1.000000	0.999839	1.000000	0.999871	1.000247	0.000991	0.999829	0.000748	1.001228	0.000110	1353355592.130586	1.000015	69.430720	55.817918	6.353893	1.000000	0.999939	1.000000	0.999857	1.000000	0.999878	1.000000	0.999876	1.000000	0.999873	0.999795	0.000504	1.000000	1.000000	1.000000	1.000000	
1353355593.130408	1.000001	55.989708	42.189932	5.993647	0.999991	0.998680	0.999983	0.998656	1.000000	0.998556	1.000000	0.998523	0.999992	0.998607	0.999672	0.001130	1.001291	0.000117	1.001100	0.000009	1353355593.130576	0.999990	69.387429	55.778436	6.342471	1.000000	0.998670	1.000000	0.998550	1.000000	0.998516	1.000000	0.998602	1.000000	0.998604	0.999462	0.000155	1.000000	0.999026	1.000000	1.000000	
1353355594.130408	1.000000	56.020020	42.220123	6.115982	1.000000	0.999293	1.000000	0.999332	1.000000	0.999227	1.000000	0.999210	1.000000	0.999262	0.999894	0.000696	0.999041	0.000059	0.998927	0.000088	1353355594.130582	1.000006	69.429197	55.819369	6.365715	1.000000	0.999328	1.000000	0.999228	1.000000	0.999270	1.000000	0.999269	1.000000	0.999266	0.999646	0.000193	1.000000	1.000000	1.000000	1.000000	
1353355595.130408	1.000000	56.029968	42.231033	6.051163	1.000000	1.000000	1.000000	1.000000	1.000000	1.000000	1.000000	1.000001	1.000000	1.000000	1.000205	0.000706	1.000296	0.000160	1.008691	0.000009	1353355595.130580	0.999998	69.403666	55.792495	6.329663	1.000000	1.000000	1.000000	1.000000	1.000000	0.999712	1.000000	0.999735	1.000000	0.999740	1.001234	0.000153	1.000000	1.000000	1.000000	1.000000	
1353355596.130407	0.999999	56.026543	42.226771	6.051016	1.000000	0.999978	1.000000	0.999980	1.000000	0.999949	1.000000	0.999948	1.000000	0.999947	0.999457	0.000683	0.997675	0.000062	0.993419	0.000083	1353355596.130576	0.999996	69.474906	55.865125	6.343638	1.000000	0.999980	1.000000	0.999949	1.000000	0.999948	1.000000	0.999947	1.000000	0.999946	0.998718	0.000203	1.000000	1.000000	1.000000	1.000000	
1353355597.130408	1.000001	56.081840	42.280981	6.057932	1.000000	1.000000	1.000000	1.000000	1.000000	1.000000	1.000000	1.000000	1.000000	1.000000	1.000082	0.000675	0.994314	0.000120	0.992801	0.000010	1353355597.130584	1.000008	69.493486	55.882314	6.358637	1.000000	1.000000	1.000000	1.000000	1.000000	1.000000	1.000000	1.000000	1.000000	1.000000	1.000493	0.000162	1.000000	1.000000	1.000000	1.000000	
1353355598.130409	1.000001	56.017723	42.215658	6.059488	1.000001	0.999116	1.000000	0.998813	1.000000	0.998759	1.000000	0.999018	1.000000	0.999049	1.000194	0.001113	1.007713	0.000090	1.005402	0.000114	1353355598.130588	1.000004	69.382440	55.785907	6.367864	1.000000	0.999094	1.000000	0.998748	1.000000	0.998706	1.000000	0.998787	1.000000	0.998793	1.000677	0.000241	1.000000	0.999055	1.000000	1.000000	
1353355599.130432	1.000023	55.737067	41.987137	6.051497	1.000000	1.000000	1.000000	1.000000	1.000000	0.999933	1.000000	0.999911	1.000000	0.999910	0.999456	0.000707	1.000056	0.002397	1.001777	0.000009	1353355599.130607	1.000019	69.459414	55.849383	6.363572	1.000000	1.000000	1.000000	1.000000	1.000000	1.000000	1.000000	0.999932	1.000000	0.999935	0.998981	0.000148	1.000000	1.000000	1.000000	1.000000	
1353355600.130409	0.999977	55.852902	42.004517	5.987777	1.000000	0.999973	1.000000	0.999944	1.000000	0.999919	1.000000	0.999910	1.000000	0.999907	1.000636	0.000766	1.002227	0.000091	1.002573	0.000081	1353355600.130573	0.999966	69.506841	55.895140	6.332308	1.000000	0.999977	1.000000	0.999920	1.000000	0.999878	1.000000	0.999862	1.000000	0.999868	1.000170	0.000213	1.000000	1.000000	1.000000	1.000000	
1353355601.130407	0.999998	55.804367	41.997868	5.992977	0.999990	0.999531	0.999982	0.999550	1.000000	0.999481	1.000000	0.999458	0.999991	0.999501	0.999703	0.000733	0.998520	0.000128	0.989895	0.000036	1353355601.130583	1.000010	69.474951	55.863988	6.378781	1.000000	0.999563	1.000000	0.999463	1.000000	0.999462	1.000000	0.999505	1.000000	0.999506	1.000549	0.000222	1.000000	1.000000	1.000000	1.000000	
1353355602.130410	1.000003	55.777827	41.970207	6.007885	1.000000	1.000000	1.000000	0.999999	1.000000	0.999959	1.000000	0.999950	1.000000	0.999949	0.999744	0.000704	0.999574	0.000075	1.001649	0.000079	1353355602.130583	1.000000	69.571976	55.961517	6.365631	1.000000	1.000000	1.000000	1.000000	1.000000	1.000000	1.000000	0.999955	1.000000	0.999962	0.999649	0.000258	1.000000	1.000000	1.000000	1.000000	
1353355603.130408	0.999998	55.824844	42.016346	6.059155	1.000000	0.999954	1.000000	0.999941	1.000000	0.999939	1.000000	0.999900	1.000000	0.999885	1.000092	0.001120	1.000040	0.000126	0.999538	0.000009	1353355603.130592	1.000009	69.521694	55.908170	6.421069	1.000000	0.999956	1.000000	0.999931	1.000000	0.999866	1.000000	0.999902	1.000000	0.999910	1.000703	0.000154	1.000000	1.000000	1.000000	1.000000	
1353355604.130404	0.999996	715816186.963008	715768850.341856	715772471.126658	0.999961	1.000494	0.999960	1.000502	0.999962	1.000506	0.999961	1.000495	0.999962	1.000501	0.999964	1.000492	0.999962	1.000499	0.999962	1.000498	1353355604.130509	0.999917	715859415.902679	715857818.555609	715859325.180827	0.999961	1.000495	0.999959	1.000498	3.894935	0.256864	0.999961	1.000494	0.999962	1.000502	0.999964	1.000493	0.999961	1.000497	0.999962	1.000500	
1353355605.130548	1.000144	0.000000	0.000000	0.000000	-nan	-nan	-nan	-nan	1.000008	inf	-nan	-nan	-nan	0.000000	-nan	-nan	-nan	-nan	-nan	-nan	1353355605.130628	1.000119	0.000000	0.000000	0.000000	-nan	-nan	-nan	-nan	1.345745	inf	-nan	-nan	-nan	-nan	-nan	-nan	-nan	-nan	-nan	-nan	
