ts_0	elapsed_0	pkg_0	pp0_0	dram_0	freq_ratio_0_0	c0_ratio_0_0	freq_ratio_0_1	c0_ratio_0_1	freq_ratio_0_2	c0_ratio_0_2	freq_ratio_0_3	c0_ratio_0_3	freq_ratio_0_4	c0_ratio_0_4	freq_ratio_0_5	c0_ratio_0_5	freq_ratio_0_6	c0_ratio_0_6	freq_ratio_0_7	c0_ratio_0_7	ts_1	elapsed_1	pkg_1	pp0_1	dram_1	freq_ratio_1_0	c0_ratio_1_0	freq_ratio_1_1	c0_ratio_1_1	freq_ratio_1_2	c0_ratio_1_2	freq_ratio_1_3	c0_ratio_1_3	freq_ratio_1_4	c0_ratio_1_4	freq_ratio_1_5	c0_ratio_1_5	freq_ratio_1_6	c0_ratio_1_6	freq_ratio_1_7	c0_ratio_1_7	
1353356051.700450	1.001874	61.180972	47.512921	5.744423	1.156039	0.355004	1.153976	0.348071	1.155237	0.350004	1.156037	0.354276	1.154445	0.346797	1.156379	0.354727	1.154041	0.344166	1.156293	0.355094	1353356051.700595	1.000396	60.465618	46.825390	5.542666	0.999997	0.960892	1.000001	0.961044	0.999979	0.960121	1.000001	0.959718	0.999973	0.959662	0.998674	0.000122	1.000219	0.000292	0.999983	0.961945	
1353356052.700455	1.000005	63.742219	50.015390	5.907289	1.000000	1.000000	1.000000	1.000000	1.000000	0.999998	1.000003	1.000000	1.000000	1.000000	1.000000	1.000000	0.999987	0.001410	1.003242	0.000009	1353356052.700598	1.000003	62.725758	49.042008	5.882657	1.000000	1.000000	1.000000	1.000000	1.000000	1.000000	1.000000	1.000000	1.000000	1.000000	1.001658	0.000010	1.004926	0.000164	1.000000	1.000000	
1353356053.700449	0.999994	63.852477	50.115640	5.893437	1.000000	1.000000	1.000000	0.999778	1.000000	0.999231	1.000000	0.999226	1.000000	0.999741	1.000000	0.999224	0.999995	0.001310	0.992279	0.000085	1353356053.700593	0.999995	62.825144	49.132631	5.860839	1.000000	0.999323	1.000000	0.999788	1.000000	0.999787	1.000000	0.999245	1.000000	0.999750	0.999731	0.000067	0.999270	0.000151	1.000000	1.000000	
1353356054.700449	1.000000	63.910629	50.166901	5.881516	1.000000	1.000000	1.000000	1.000000	1.000000	1.000000	0.999999	1.000000	1.000000	0.999999	1.000000	1.000000	1.000053	0.001854	0.993356	0.000010	1353356054.700596	1.000003	62.889667	49.193802	5.880200	1.000000	1.000000	1.000000	1.000000	1.000000	1.000000	1.000000	1.000000	1.000000	1.000000	0.988276	0.000010	1.000633	0.000131	1.000000	1.000000	
1353356055.700448	0.999999	63.851272	50.096056	5.877722	1.000000	1.000000	1.000000	0.999747	1.000000	0.999668	1.000000	0.999666	1.000000	0.999676	1.000000	0.999664	0.999954	0.001306	1.000298	0.002369	1353356055.700597	1.000001	62.919709	49.219176	5.873362	1.000000	0.999795	1.000000	0.999744	1.000000	0.999757	1.000000	0.999683	1.000000	0.999630	1.002179	0.000065	0.999469	0.000165	1.000000	1.000000	
1353356056.700449	1.000001	63.624955	49.854307	5.920282	1.000000	1.000000	1.000000	0.999961	1.000000	0.999923	1.000000	0.999921	1.000000	0.999921	1.000000	0.999920	1.000029	0.001333	0.985923	0.000009	1353356056.700607	1.000010	62.975505	49.272135	5.864504	1.000000	0.999985	1.000000	0.999960	1.000000	0.999959	1.000000	0.999922	1.000000	0.999920	0.972580	0.000009	0.999894	0.000189	1.000000	1.000000	
1353356057.700448	0.999999	63.591049	49.814348	5.895071	1.000000	1.000000	1.000000	0.999101	1.000000	0.999000	0.999997	0.998996	1.000001	0.998994	1.000000	0.998991	0.999950	0.001812	1.000403	0.000472	1353356057.700598	0.999991	62.976813	49.268528	5.890648	1.000000	0.999145	1.000000	0.999064	1.000000	0.999092	1.000000	0.998974	1.000000	0.998988	1.002001	0.000129	1.000165	0.000245	1.000000	1.000000	
1353356058.700449	1.000001	63.636689	49.880659	5.899958	1.000000	1.000000	0.999999	0.999722	0.999999	0.999683	1.000002	0.999686	0.999998	0.999685	1.000000	0.999684	1.000039	0.001223	0.996874	0.000009	1353356058.700609	1.000011	63.071971	49.363976	5.895046	1.000000	0.999742	1.000000	0.999713	1.000000	0.999728	1.000000	0.999692	1.000000	0.999691	0.967208	0.000010	1.000006	0.000132	1.000000	1.000000	
1353356059.700447	0.999998	63.739959	49.968738	5.910900	1.000000	1.000000	1.000000	0.999876	1.000001	0.999845	1.000000	0.999839	1.000002	0.999838	1.000000	0.999825	0.999963	0.001849	1.000297	0.000096	1353356059.700597	0.999988	63.024463	49.325768	5.871225	1.000000	0.999894	1.000000	0.999864	1.000000	0.999878	1.000000	0.999801	1.000000	0.999798	1.008095	0.000069	1.000234	0.000167	1.000000	1.000000	
1353356060.700448	1.000001	63.762421	49.993879	5.904841	1.000000	1.000000	1.000001	0.999631	1.000001	0.999566	0.999998	0.999564	1.000000	0.999008	1.000001	0.999561	1.000002	0.001117	0.985484	0.000009	1353356060.700591	0.999994	63.085886	49.370488	5.869588	1.000000	0.999654	1.000000	0.999604	1.000000	0.999617	1.000000	0.999021	1.000000	0.999016	0.970341	0.000009	0.999754	0.000143	1.000000	1.000000	
1353356061.700448	1.000000	63.726990	49.953995	5.889053	1.000000	1.000000	1.000000	0.999923	0.999999	0.999886	1.000002	0.999886	1.000000	0.999885	0.999999	0.999884	0.999954	0.001314	1.001211	0.000119	1353356061.700601	1.000010	63.122140	49.403528	5.876787	1.000000	0.999946	1.000000	0.999916	1.000000	0.999930	1.000000	0.999893	1.000000	0.999892	0.998543	0.000068	1.000075	0.000215	1.000000	1.000000	
1353356062.700448	1.000000	63.686569	49.907837	5.904770	1.000000	0.999957	1.000000	0.999839	1.000001	0.999757	0.999998	0.999745	1.000000	0.999725	1.000001	0.999706	0.999975	0.004267	0.999774	0.003125	1353356062.700593	0.999992	63.159997	49.441441	5.882448	1.000000	0.999886	1.000000	0.999829	1.000000	0.999856	1.000000	0.999743	1.000000	0.999739	1.000034	0.002520	1.000015	0.002684	1.000000	1.000000	
1353356063.700449	1.000001	63.681336	49.894285	5.903849	1.000000	1.000000	1.000000	0.999880	0.999999	0.999822	1.000002	0.999828	1.000000	0.999791	1.000000	0.999811	0.999943	0.001380	0.999732	0.000128	1353356063.700599	1.000006	63.145467	49.428187	5.883601	1.000000	0.999914	1.000000	0.999883	1.000000	0.999880	1.000000	0.999806	1.000000	0.999807	1.001249	0.000080	0.995525	0.000158	1.000000	1.000000	
1353356064.700449	1.000000	63.672058	49.880692	5.894806	1.000000	1.000000	1.000000	0.999905	1.000001	0.999867	0.999998	0.999858	1.000000	0.999866	1.000000	0.999856	1.000007	0.002233	0.986052	0.000010	1353356064.700597	0.999998	63.127074	49.408831	5.864528	1.000000	0.999926	1.000000	1.000000	1.000000	0.999910	1.000000	0.999863	1.000000	0.999862	0.977642	0.000010	1.003989	0.000167	1.000000	1.000000	
1353356065.700450	1.000001	63.743805	49.952986	5.921244	1.000000	1.000000	1.000000	0.999962	1.000000	0.999927	1.000002	0.999924	1.000000	0.999910	1.000000	0.999923	0.999984	0.001597	1.000259	0.002375	1353356065.700599	1.000002	63.185182	49.464826	5.869099	1.000000	0.999986	1.000000	0.999960	1.000000	0.999959	1.000000	0.999923	1.000000	0.999922	1.000718	0.000067	1.000242	0.000150	1.000000	1.000000	
1353356066.700448	0.999998	63.699645	49.908069	5.894848	1.000000	1.000000	1.000001	1.000000	1.000000	1.000000	0.999997	0.999956	1.000000	1.000000	1.000000	0.999955	0.999901	0.001295	1.029038	0.000009	1353356066.700594	0.999995	63.177303	49.454807	5.849822	1.000000	1.000000	1.000000	0.999962	1.000000	1.000000	1.000000	0.999961	1.000000	1.000000	0.994205	0.000010	0.999932	0.000194	1.000000	1.000000	
1353356067.700449	1.000001	63.726624	49.933989	5.889795	1.000000	1.000000	1.000000	0.999946	1.000000	0.999913	1.000001	0.999931	1.000000	0.999910	1.000000	0.999917	1.000101	0.001401	0.997814	0.000108	1353356067.700595	1.000001	63.180116	49.459029	5.879892	1.000000	0.999966	1.000000	0.999947	1.000000	0.999952	1.000000	0.999914	1.000000	0.999913	1.004655	0.000064	1.000074	0.000173	1.000000	1.000000	
1353356068.700448	0.999999	63.686203	49.895006	5.891607	1.000000	1.000000	1.000000	0.999964	1.000000	0.999956	1.000002	0.999933	1.000000	0.999784	1.000000	0.999932	0.999323	0.001229	1.022992	0.000009	1353356068.700598	1.000003	63.155627	49.429672	5.884595	1.000000	0.999994	1.000000	0.999992	1.000000	0.999998	1.000000	0.999963	1.000000	0.999789	1.009001	0.000008	0.999904	0.000132	1.000000	1.000000	
1353356069.700449	1.000001	63.773895	49.981749	5.896418	1.000000	1.000000	1.000000	0.999957	1.000000	0.999921	0.999997	0.999944	1.000000	0.999956	1.000000	0.999921	1.000254	0.001783	0.999437	0.000098	1353356069.700598	1.000000	63.153763	49.439621	5.869644	1.000000	0.999993	1.000000	0.999958	1.000000	0.999991	1.000000	0.999957	1.000000	0.999956	0.996685	0.000063	0.999766	0.000145	1.000000	1.000000	
1353356070.700450	1.000001	63.693680	49.912642	5.897730	1.000000	1.000000	1.000000	0.999847	1.000000	0.999774	1.000002	0.999781	1.000000	0.999601	1.000000	0.999778	0.999624	0.001351	0.998140	0.000009	1353356070.700611	1.000013	63.223551	49.500068	5.878875	1.000000	0.999877	1.000000	0.999826	1.000000	0.999816	1.000000	0.999728	1.000000	0.999650	0.980959	0.000010	1.000137	0.000157	1.000000	1.000000	
1353356071.700445	0.999995	715825569.185850	715778780.764792	715796481.289038	0.999959	1.000480	0.999958	1.000488	0.999960	1.000491	0.999959	1.000480	0.999960	1.000488	0.999961	1.000477	0.999961	1.000490	0.999959	1.000480	1353356071.700558	0.999947	715819267.077174	715819047.440579	715852815.672460	0.999960	1.000483	0.999957	1.000485	3.895089	0.256850	0.999959	1.000482	0.999960	1.000488	0.999962	1.000481	0.999959	1.000484	0.999960	1.000487	
1353356072.700444	0.999999	0.000000	0.000000	0.000000	-nan	-nan	-nan	-nan	1.000008	inf	-nan	-nan	-nan	0.000000	-nan	-nan	-nan	-nan	-nan	-nan	1353356072.700519	0.999961	0.000000	0.000000	0.000000	-nan	-nan	-nan	-nan	1.345745	inf	-nan	-nan	-nan	-nan	-nan	-nan	-nan	-nan	-nan	-nan	
