ts_0	elapsed_0	pkg_0	pp0_0	dram_0	freq_ratio_0_0	c0_ratio_0_0	freq_ratio_0_1	c0_ratio_0_1	freq_ratio_0_2	c0_ratio_0_2	freq_ratio_0_3	c0_ratio_0_3	freq_ratio_0_4	c0_ratio_0_4	freq_ratio_0_5	c0_ratio_0_5	freq_ratio_0_6	c0_ratio_0_6	freq_ratio_0_7	c0_ratio_0_7	ts_1	elapsed_1	pkg_1	pp0_1	dram_1	freq_ratio_1_0	c0_ratio_1_0	freq_ratio_1_1	c0_ratio_1_1	freq_ratio_1_2	c0_ratio_1_2	freq_ratio_1_3	c0_ratio_1_3	freq_ratio_1_4	c0_ratio_1_4	freq_ratio_1_5	c0_ratio_1_5	freq_ratio_1_6	c0_ratio_1_6	freq_ratio_1_7	c0_ratio_1_7	
1354693529.579103	0.281101	26.287256	13.150576	4.995105	1.155145	0.664076	1.153173	0.659131	1.153508	0.668088	1.154078	0.671876	1.153900	0.670666	1.154098	0.671152	1.154408	0.669612	1.154479	0.669979	1354693529.579456	0.267654	37.538748	24.334631	2.837586	1.259275	0.985493	1.148456	0.008423	1.158541	0.007909	1.161716	0.008487	1.162627	0.008617	1.160963	0.008410	1.163287	0.008807	1.157884	0.007701	
1354693529.581376	0.002273	42.988882	25.468429	5.034613	0.486314	0.034589	0.602625	0.082425	1.269484	0.011230	1.268759	0.002932	1.282236	0.009991	1.262292	0.002923	1.269232	0.009907	1.276974	0.006682	1354693529.581661	0.002205	32.878893	19.875433	4.885813	1.222271	0.382545	1.298079	0.008291	0.579490	0.017079	1.245801	0.006593	0.584804	0.016738	1.269357	0.006798	1.273212	0.002564	0.674112	0.023983	
1354693529.596871	0.015495	17.834839	5.032081	3.743041	0.609882	0.004748	0.538825	0.010281	1.270351	0.000416	1.269480	0.001438	1.267624	0.000412	1.270789	0.001655	1.268011	0.001580	1.269676	0.000963	1354693529.597236	0.015575	37.146374	23.620610	2.799008	1.266607	0.911893	1.269381	0.000854	1.269268	0.000884	1.269036	0.000318	1.268835	0.000368	1.270213	0.000314	0.721330	0.003676	1.264954	0.000360	
1354693531.124074	1.527203	40.571352	27.424780	6.083651	1.241502	0.000988	1.120251	0.000310	1.269186	0.998524	1.207345	0.000066	1.106679	0.000086	1.215487	0.000079	0.966289	0.000056	1.196351	0.000050	1354693531.124270	1.527034	52.467650	39.245500	2.753176	1.230790	0.999069	1.230766	0.998779	1.228866	0.000094	1.099538	0.000076	1.232472	0.000218	1.042008	0.000053	1.232081	0.000052	1.230741	0.998263	
1354693532.663294	1.539220	50.701037	37.526099	6.068055	1.244225	0.755127	1.230731	0.482882	1.249810	0.958572	1.219846	0.000467	1.235613	0.000051	1.062191	0.000109	1.239828	0.000062	1.240805	0.000065	1354693532.663750	1.539480	42.828316	29.602981	2.752822	1.230744	0.203863	1.252670	0.475679	1.275530	0.000025	1.268856	0.000028	1.240322	0.000149	1.231076	0.000298	0.976263	0.000069	1.261328	0.998915	
1354693534.165853	1.502559	51.216541	38.001394	6.120865	1.264837	0.998598	1.264838	0.998621	1.230720	0.111834	1.227577	0.000503	1.225048	0.000096	1.232186	0.000068	1.233121	0.000043	1.225188	0.000303	1354693534.166054	1.502304	44.920867	31.712935	2.739495	1.268531	0.881071	1.232291	0.005608	1.254047	0.000089	1.251596	0.000058	1.245562	0.000158	1.253545	0.000038	1.258019	0.000057	1.268602	0.991906	
1354693535.671481	1.505628	50.360097	37.137563	6.100240	1.269153	0.999374	1.269153	0.999373	1.226331	0.000049	1.231010	0.000357	1.228105	0.000242	1.230746	0.000044	1.229828	0.000016	1.242492	0.000036	1354693535.671676	1.505622	45.920463	32.712641	2.738607	1.269187	0.999671	1.232140	0.000111	1.232139	0.000065	1.228155	0.000055	1.230785	0.000126	1.229144	0.000020	1.230326	0.000037	1.269191	0.998540	
1354693537.175334	1.503853	50.422075	37.199306	6.103280	1.269093	0.999198	1.269092	0.999201	1.227926	0.000074	1.229343	0.000356	1.230977	0.001235	1.230610	0.000071	1.230997	0.000044	1.230800	0.000041	1354693537.175519	1.503843	45.955482	32.735760	2.741866	1.269154	0.999523	1.229396	0.000130	1.225525	0.000074	1.226744	0.000089	1.230769	0.000182	1.230972	0.000045	1.236528	0.000068	1.269156	0.998810	
1354693538.683052	1.507718	50.389833	37.164214	6.116265	1.269110	0.999162	1.269110	0.999158	1.231279	0.000042	1.227896	0.000418	1.230466	0.000064	1.230305	0.000067	1.230652	0.000035	1.230708	0.000236	1354693538.683325	1.507806	45.913864	32.703224	2.731796	1.269194	0.999713	1.234239	0.000080	1.241510	0.000033	1.230714	0.000025	1.230751	0.000120	1.230944	0.000046	1.229426	0.000014	1.269197	0.998822	
1354693540.188503	1.505451	50.470188	37.237067	6.125526	1.269154	0.999304	1.269154	0.999301	1.227672	0.000076	1.233356	0.000381	1.228080	0.000064	1.231969	0.000048	1.230745	0.000050	1.231041	0.000037	1354693540.188690	1.505365	45.921836	32.715428	2.733205	1.269173	0.999509	1.230001	0.000263	1.226150	0.000048	1.225817	0.000045	1.230779	0.000163	1.230857	0.000038	1.236912	0.000057	1.269176	0.998574	
1354693541.698103	1.509600	50.451406	37.216649	6.112765	1.269159	0.999391	1.269160	0.999391	1.221983	0.000040	1.230162	0.000374	1.228016	0.000086	1.229833	0.000043	1.228514	0.000016	1.230499	0.000015	1354693541.698364	1.509674	45.966929	32.748186	2.728790	1.269184	0.999642	1.231406	0.000159	1.231851	0.000070	1.226986	0.000056	1.230812	0.000120	1.229686	0.000020	1.230685	0.000040	1.269187	0.998480	
1354693543.231873	1.533770	50.063215	36.827833	6.108828	1.269079	0.981271	1.269109	0.981154	1.082903	0.000088	1.216027	0.000313	1.152348	0.000065	1.230075	0.000047	1.139195	0.000047	1.089390	0.000263	1354693543.232270	1.533906	45.775532	32.565147	2.744025	1.269185	0.981080	1.227558	0.000141	1.225663	0.000049	1.220355	0.000047	1.231249	0.000151	1.232516	0.000040	0.982476	0.000078	1.269169	0.998844	
1354693544.742417	1.510544	53.237953	40.004176	6.112985	1.254250	0.998952	1.254240	0.998991	1.230748	0.387382	1.221818	0.000398	1.164850	0.000063	1.237565	0.000068	1.158501	0.000044	1.171168	0.000054	1354693544.742729	1.510459	42.700162	29.491985	2.724281	1.268944	0.610474	1.216149	0.001349	0.946446	0.000061	1.255880	0.000033	1.148304	0.000195	1.235139	0.000064	1.250558	0.000028	1.269035	0.997218	
1354693546.278485	1.536068	57.811762	44.570977	6.078203	1.230757	0.999852	1.230757	0.999852	1.230756	0.999851	1.228304	0.000404	1.230247	0.002743	1.228547	0.000047	1.219817	0.000044	1.224901	0.000040	1354693546.278798	1.536069	37.228791	23.986018	2.748575	1.264190	0.000081	1.260839	0.000064	1.265181	0.000085	1.262999	0.000057	1.268351	0.000144	1.262197	0.000032	1.001843	0.000074	1.269166	0.986068	
1354693547.784098	1.505613	57.899112	44.653015	6.096145	1.230756	0.999846	1.230756	0.999846	1.230757	0.999846	1.230064	0.000380	1.220282	0.000075	1.232912	0.000043	1.224255	0.000016	1.227937	0.000034	1354693547.784408	1.505610	37.458194	24.224849	2.740382	1.263773	0.000083	0.997025	0.000069	0.969109	0.000076	1.262344	0.000052	1.269881	0.000156	1.267950	0.000020	1.269475	0.000037	1.269216	0.998917	
1354693549.302423	1.518325	57.948573	44.700418	6.089828	1.230759	0.999880	1.230759	0.999880	1.230759	0.999880	1.230344	0.000352	1.221453	0.000090	1.226164	0.000045	1.220154	0.000045	1.229717	0.000207	1354693549.302735	1.518327	37.423065	24.197107	2.733358	1.261737	0.000088	1.259483	0.000073	1.255698	0.000049	1.255169	0.000044	1.269374	0.000127	1.270131	0.000031	0.993795	0.000075	1.269182	0.998929	
1354693550.805064	1.502641	58.003112	44.765057	6.120490	1.230758	0.999868	1.230758	0.999868	1.230758	0.999868	1.230713	0.000380	1.214084	0.000054	1.230021	0.000059	1.230368	0.000035	1.219197	0.000034	1354693550.805374	1.502639	37.427326	24.198484	2.735117	1.269240	0.000045	1.032245	0.000079	0.979858	0.000075	1.267558	0.000041	1.269124	0.000169	1.262824	0.000043	1.270883	0.000040	1.269219	0.998806	
1354693552.311362	1.506298	52.413223	39.189459	6.113876	1.230753	0.254510	1.257776	0.993072	1.257775	0.993064	1.229733	0.000349	1.230581	0.005417	1.224099	0.000046	1.218736	0.000043	1.232018	0.000057	1354693552.311640	1.506266	43.830574	30.609254	2.764281	1.269202	0.745729	1.218873	0.000032	1.218519	0.000026	1.213604	0.000019	1.238668	0.000112	1.233235	0.000032	1.245161	0.000028	1.269206	0.998887	
1354693553.823883	1.512521	45.024999	31.814562	6.096944	1.023001	0.000812	1.234020	0.363162	1.256293	0.988517	1.139277	0.000193	1.243784	0.004967	1.248805	0.000057	1.221202	0.000038	1.255556	0.000222	1354693553.824289	1.512649	50.035352	36.823431	3.801631	1.244866	0.988647	1.230738	0.625568	0.990492	0.000081	1.232951	0.000054	1.232990	0.000154	1.232262	0.000044	1.232127	0.000043	1.245117	0.998872	
1354693555.334095	1.510212	50.157704	36.937183	6.101426	1.268918	0.967352	1.166072	0.002110	1.268826	0.998675	1.165918	0.002291	1.164988	0.001960	1.156707	0.001275	1.155464	0.001623	1.159224	0.001732	1354693555.334325	1.510036	46.400861	33.192704	2.800305	1.227545	0.032984	1.263714	0.996112	1.164699	0.001648	1.201977	0.003714	1.162947	0.001558	1.160088	0.001460	1.158331	0.001415	1.263706	0.995214	
1354693556.854388	1.520293	51.665386	38.429241	6.123928	1.257309	0.969921	1.230776	0.289358	1.257620	0.969355	1.231436	0.000243	1.214670	0.001137	1.237807	0.000064	1.248397	0.000050	1.240052	0.000049	1354693556.854832	1.520507	43.595928	30.377473	2.762164	1.234267	0.000326	1.247300	0.680307	1.045512	0.000094	1.181053	0.000251	1.248910	0.000210	1.224990	0.000061	1.257193	0.000062	1.254280	0.998709	
1354693558.357475	1.503087	55.660027	42.413830	6.106441	1.230740	0.650649	1.231401	0.999031	1.231401	0.999051	1.224839	0.000582	1.214059	0.000111	1.221320	0.000090	1.219122	0.000073	1.228205	0.000357	1354693558.357787	1.502955	40.414464	27.190058	2.745314	1.268714	0.347061	1.234235	0.001878	1.256006	0.000059	1.253113	0.000037	1.259705	0.000121	1.266536	0.000108	1.251494	0.000042	1.269037	0.997007	
1354693559.885850	1.528375	49.080695	35.869975	6.049674	0.810924	0.001257	1.268243	0.949617	1.268263	0.949524	1.133099	0.000197	1.228475	0.000058	1.231063	0.000067	1.228454	0.000038	1.231618	0.000037	1354693559.886292	1.528505	45.576539	32.363150	2.764163	1.269182	0.949643	1.231645	0.000174	1.228476	0.000048	1.235523	0.000052	1.234982	0.000202	1.232668	0.000035	1.237259	0.000049	1.269166	0.998795	
1354693559.887827	0.001977	37.101785	23.610227	9.354559	1.265416	0.007785	1.269068	0.036256	1.262776	0.003142	1.270924	0.003568	1.268991	0.020643	1.268702	0.008190	1.271799	0.007530	1.272426	0.003206	1354693559.888254	0.001962	35.075951	21.473326	5.078624	1.270135	0.005407	1.257532	0.015742	0.609335	0.024811	1.268865	0.002828	1.269573	0.002846	1.259897	0.012068	1.277309	0.002885	1.260855	0.472838	
