ts_0	elapsed_0	pkg_0	pp0_0	dram_0	freq_ratio_0_0	c0_ratio_0_0	freq_ratio_0_1	c0_ratio_0_1	freq_ratio_0_2	c0_ratio_0_2	freq_ratio_0_3	c0_ratio_0_3	freq_ratio_0_4	c0_ratio_0_4	freq_ratio_0_5	c0_ratio_0_5	freq_ratio_0_6	c0_ratio_0_6	freq_ratio_0_7	c0_ratio_0_7	ts_1	elapsed_1	pkg_1	pp0_1	dram_1	freq_ratio_1_0	c0_ratio_1_0	freq_ratio_1_1	c0_ratio_1_1	freq_ratio_1_2	c0_ratio_1_2	freq_ratio_1_3	c0_ratio_1_3	freq_ratio_1_4	c0_ratio_1_4	freq_ratio_1_5	c0_ratio_1_5	freq_ratio_1_6	c0_ratio_1_6	freq_ratio_1_7	c0_ratio_1_7	
1356625511.186596	1.001964	50.571206	37.440121	6.008660	1.233258	0.897900	1.233012	0.898100	1.230484	0.833141	1.262776	0.068352	1.182368	0.004679	1.154498	0.002649	1.154844	0.002609	1.161011	0.002916	1356625511.186913	1.000830	50.416547	37.296942	3.013765	1.230377	0.899741	1.230542	0.898797	1.229842	0.298616	1.156667	0.002633	1.115597	0.002836	1.150139	0.002428	1.127697	0.002562	1.231986	0.630443	
1356625512.186577	0.999981	48.317496	35.203705	5.760272	1.230530	0.839376	1.230765	0.839042	1.230764	0.838988	1.232343	0.000412	1.241518	0.000074	1.249148	0.000071	1.234945	0.000085	1.234879	0.000173	1356625512.186860	0.999947	50.144164	37.010702	2.944461	1.236902	0.998336	1.230762	0.838737	1.230762	0.838657	1.250637	0.000024	1.227595	0.000097	1.232582	0.000124	1.246732	0.000069	0.957527	0.000101	
1356625513.186571	0.999994	46.367494	33.230072	5.870274	1.230087	0.739251	1.234751	0.823851	1.230772	0.737697	1.054866	0.000329	1.234484	0.000051	1.164941	0.000072	1.237148	0.000072	1.093761	0.000211	1356625513.186886	1.000026	49.602043	36.455107	3.182779	1.240709	0.995960	1.234666	0.822411	1.230770	0.737944	1.248675	0.000086	1.232589	0.000067	1.243944	0.000025	1.237680	0.000042	1.237248	0.000055	
1356625514.186571	1.000000	50.106964	36.959961	6.104965	1.230695	0.885315	1.230764	0.884452	1.230762	0.884403	1.231037	0.000599	1.233058	0.000121	1.241842	0.000113	1.231870	0.000092	1.241457	0.000242	1356625514.186894	1.000008	51.321789	38.172451	3.150335	1.235024	0.996826	1.230759	0.884399	1.230759	0.884387	1.055422	0.000169	1.231827	0.000143	1.238928	0.000087	1.234768	0.000082	1.234155	0.000103	
1356625515.186579	1.000008	52.575959	39.427720	6.091168	1.230758	0.999871	1.230757	0.999871	1.230758	0.999870	1.230432	0.000512	1.230712	0.000080	1.213124	0.000035	1.219443	0.000056	1.230222	0.000427	1356625515.186899	1.000005	53.142419	39.994520	2.951630	1.230738	0.998185	1.230740	0.999690	1.230739	0.999690	1.215386	0.000371	1.196530	0.000201	1.231420	0.000010	1.230829	0.000028	1.202843	0.000147	
1356625516.186571	0.999992	52.792329	39.648530	6.095508	1.230742	0.999674	1.230742	0.999674	1.230742	0.999673	1.229535	0.000520	1.208873	0.000113	1.202160	0.000098	1.222558	0.000141	1.224318	0.000187	1356625516.186893	0.999994	53.233487	40.093257	2.992007	1.230754	0.997413	1.230781	0.999734	1.230781	0.999734	1.229246	0.000106	1.211551	0.000086	1.226072	0.000149	1.225331	0.000072	1.230537	0.000091	
1356625517.186572	1.000001	50.698438	37.543772	6.102152	1.230737	0.908944	1.230768	0.908405	1.230762	0.908265	1.230022	0.000908	1.245234	0.000097	1.232776	0.000068	1.244182	0.000056	1.241158	0.000190	1356625517.186888	0.999995	51.700668	38.549891	3.073136	1.234125	0.996232	1.230795	0.909169	1.230766	0.908269	1.087519	0.000159	1.255463	0.000031	0.830149	0.000075	1.240231	0.000026	1.249237	0.000040	
1356625518.186571	0.999999	52.632237	39.475044	6.101400	1.230746	0.999735	1.230746	0.999734	1.230746	0.999734	1.230336	0.000788	1.210134	0.000107	1.212126	0.000098	1.226349	0.000144	1.222001	0.000201	1356625518.186892	1.000004	53.125776	39.973532	3.067309	1.230825	0.999736	1.230758	0.996945	1.230824	0.999736	1.231022	0.000129	1.230973	0.000081	1.230749	0.000080	1.228869	0.000073	1.229608	0.000100	
1356625519.186571	1.000000	51.807724	38.650223	6.095825	1.230749	0.953568	1.230758	0.953283	1.230756	0.953259	1.230949	0.000759	1.228811	0.000103	1.223428	0.000066	1.220681	0.000057	1.234451	0.000202	1356625519.186893	1.000001	52.592586	39.435692	3.067014	1.230784	0.953256	1.232506	0.997327	1.230784	0.953244	1.232063	0.000148	1.227474	0.000063	1.234546	0.000038	1.220915	0.000026	1.242902	0.000043	
1356625520.186572	1.000001	52.734523	39.579369	6.104898	1.230755	0.999846	1.230756	0.999846	1.230756	0.999846	1.230025	0.000718	1.230195	0.000067	1.224484	0.000107	1.231907	0.000089	1.229285	0.000413	1356625520.186890	0.999997	53.181653	40.039278	2.965967	1.230806	0.999848	1.230759	0.998432	1.230806	0.999847	1.230500	0.000085	1.214579	0.000089	1.228966	0.000150	1.222090	0.000058	1.224375	0.000081	
1356625521.186571	0.999999	52.830739	39.672828	6.106588	1.230748	0.999747	1.230748	0.999747	1.230748	0.999746	1.230676	0.000606	1.229953	0.001758	1.221765	0.000065	1.230743	0.000055	1.223915	0.000187	1356625521.186890	1.000000	53.235809	40.084427	2.978180	1.230813	0.999758	1.230758	0.997809	1.230813	0.999757	1.229979	0.000145	1.225658	0.000035	1.226200	0.000034	1.238658	0.000045	1.227695	0.000064	
1356625522.186576	1.000005	715810167.330289	715816103.533204	715796907.764002	0.999935	1.000276	0.999934	1.000285	0.999943	1.000277	0.999937	1.000284	0.999937	1.000287	0.999940	1.000282	0.999937	1.000288	0.999938	1.000286	1356625522.186655	0.999765	715935715.849019	715992686.593183	715975278.770638	0.999935	1.000276	0.999933	1.000279	3.896696	0.256686	0.999937	1.000283	0.999937	1.000286	0.999940	1.000281	0.999937	1.000287	0.999938	1.000286	
1356625523.186576	1.000000	0.000000	0.000000	0.000000	-nan	-nan	-nan	-nan	8.000000	inf	-nan	-nan	-nan	0.000000	-nan	-nan	-nan	-nan	-nan	-nan	1356625523.186632	0.999977	0.000000	0.000000	0.000000	-nan	-nan	-nan	-nan	0.000000	inf	-nan	-nan	-nan	-nan	-nan	-nan	-nan	-nan	-nan	-nan	
