ts_0	elapsed_0	pkg_0	pp0_0	dram_0	freq_ratio_0_0	c0_ratio_0_0	freq_ratio_0_1	c0_ratio_0_1	freq_ratio_0_2	c0_ratio_0_2	freq_ratio_0_3	c0_ratio_0_3	freq_ratio_0_4	c0_ratio_0_4	freq_ratio_0_5	c0_ratio_0_5	freq_ratio_0_6	c0_ratio_0_6	freq_ratio_0_7	c0_ratio_0_7	ts_1	elapsed_1	pkg_1	pp0_1	dram_1	freq_ratio_1_0	c0_ratio_1_0	freq_ratio_1_1	c0_ratio_1_1	freq_ratio_1_2	c0_ratio_1_2	freq_ratio_1_3	c0_ratio_1_3	freq_ratio_1_4	c0_ratio_1_4	freq_ratio_1_5	c0_ratio_1_5	freq_ratio_1_6	c0_ratio_1_6	freq_ratio_1_7	c0_ratio_1_7	
1356748232.760356	1.002007	41.911062	28.393941	6.007215	1.155685	0.470261	1.154339	0.462651	1.154154	0.464497	1.155351	0.471448	1.154543	0.465863	1.155182	0.469251	1.154803	0.462232	1.155670	0.467335	1356748232.760534	1.000440	42.097373	28.489924	7.160989	1.000000	0.841471	0.999982	0.960217	1.003005	0.000104	0.686667	0.000060	1.000155	0.003134	1.003368	0.000087	1.004008	0.000067	1.000002	0.960778	
1356748233.760351	0.999995	47.817332	34.302189	6.013977	1.000000	1.000000	1.000000	1.000000	1.000000	0.845325	1.000000	1.000000	1.000107	0.000410	1.006110	0.000042	0.999493	0.000113	1.000697	0.000064	1356748233.760541	1.000007	37.802717	24.231919	7.229763	0.999931	0.001901	1.000000	1.000000	1.000002	0.154864	0.997584	0.000059	0.995460	0.000067	1.000788	0.000035	0.998884	0.000006	1.000000	1.000000	
1356748234.760351	1.000000	42.389053	28.862259	6.015747	1.000000	1.000000	1.000000	1.000001	0.999855	0.000019	1.000000	1.000000	1.000087	0.000729	0.996891	0.000036	1.001662	0.000075	0.999937	0.000037	1356748234.760541	1.000000	44.025131	30.456161	7.157791	1.000018	0.009381	1.000000	1.000000	1.000000	1.000000	1.014789	0.000015	0.999896	0.000082	0.999837	0.000133	0.999943	0.000047	1.000000	1.000000	
1356748235.760351	1.000000	42.390182	28.865753	5.990311	1.000000	1.000000	1.000000	1.000000	1.002154	0.000055	1.000000	1.000000	0.999944	0.000360	1.001003	0.000049	0.995996	0.000140	0.999975	0.000062	1356748235.760543	1.000002	44.315650	30.740222	7.150728	0.999987	0.008650	1.000000	1.000000	1.000000	1.000000	1.000061	0.000051	1.000010	0.000077	0.950854	0.000037	0.999445	0.000006	1.000000	1.000000	
1356748236.760351	1.000000	42.401382	28.872589	5.993576	1.000000	1.000000	1.000000	1.000000	1.004687	0.000019	1.000000	1.000000	0.999811	0.000331	0.997622	0.000037	1.000226	0.002232	0.999915	0.000036	1356748236.760538	0.999995	44.316155	30.729432	7.194982	0.999980	0.008596	1.000000	1.000000	1.000000	1.000000	0.930800	0.000019	0.999640	0.000085	1.029175	0.000061	1.001192	0.000048	1.000000	1.000000	
1356748237.760351	1.000000	42.344559	28.839417	6.006516	1.000000	1.000000	0.999999	1.000000	0.989920	0.000053	1.000000	1.000000	1.000101	0.000376	0.988316	0.000044	0.995614	0.000125	0.990812	0.000061	1356748237.760538	1.000000	44.202377	30.632050	6.791977	0.999881	0.004011	1.000000	1.000000	1.000000	1.000000	1.015514	0.000051	0.999994	0.005332	0.952766	0.000036	0.990858	0.000007	1.000000	1.000000	
1356748238.760351	1.000000	42.428375	28.905884	6.024719	1.000000	1.000000	1.000000	1.000000	1.012547	0.000033	0.999999	1.000000	0.999953	0.000385	1.007813	0.000054	1.005980	0.000092	1.010535	0.000053	1356748238.760545	1.000007	44.020264	30.449802	6.670044	1.001751	0.000065	1.000000	1.000000	1.000000	1.000000	1.010190	0.000033	1.000006	0.010456	1.007301	0.000168	0.989057	0.000047	1.000000	1.000000	
1356748239.760351	1.000000	42.444763	28.923096	6.000687	1.000000	1.000000	1.000000	1.000000	1.002527	0.000052	1.000000	1.000000	0.999927	0.000671	1.001512	0.000047	1.001431	0.000113	0.999262	0.000063	1356748239.760549	1.000004	43.992681	30.419738	6.881213	0.999701	0.000046	1.000000	1.000000	1.000000	1.000000	1.001349	0.000044	0.999996	0.010203	1.010475	0.000049	1.025059	0.000021	1.000000	1.000000	
1356748240.760351	1.000000	42.420654	28.906647	6.012039	1.000000	1.000000	1.000000	1.000000	0.999865	0.000071	1.000000	1.000000	1.000170	0.000347	1.001001	0.000036	0.998327	0.000098	1.001246	0.000037	1356748240.760545	0.999996	44.016215	30.458604	6.656597	1.000016	0.000049	1.000000	1.000000	1.000000	1.000000	0.999182	0.000016	1.000024	0.008834	0.971417	0.000061	1.000381	0.000048	1.000000	1.000000	
1356748241.760351	1.000000	42.486084	28.940842	6.175934	1.000000	1.000000	1.000000	1.000000	0.999531	0.000044	1.000000	1.000000	0.999965	0.001655	0.999955	0.000043	1.000187	0.000111	0.999994	0.000061	1356748241.760541	0.999996	43.654535	30.040466	6.936429	1.000256	0.000050	1.000000	1.000000	1.000000	1.000000	0.999867	0.000052	0.995272	0.000055	1.050614	0.000035	0.998323	0.000007	1.000000	1.000000	
1356748242.760351	1.000000	42.745453	29.228119	6.014648	1.000000	1.000000	1.000000	1.000000	0.997748	0.000019	1.000000	1.000000	1.000000	0.008082	0.999511	0.000035	0.999311	0.000091	1.000257	0.000036	1356748242.760543	1.000002	43.564141	29.994907	6.757540	0.999683	0.000050	1.000000	1.000000	1.000000	1.000000	1.002343	0.000018	1.000176	0.000083	0.999913	0.000123	1.000072	0.000048	1.000000	1.000000	
1356748243.760351	1.000000	42.771957	29.234055	6.123199	1.000000	1.000000	1.000000	1.000000	1.000585	0.000049	1.000000	1.000000	1.000001	0.008255	1.000194	0.000044	1.000548	0.000104	0.999921	0.000059	1356748243.760538	0.999995	43.556508	29.952176	7.050054	1.000069	0.000045	1.000000	1.000000	1.000000	1.000000	0.973094	0.000051	0.998369	0.000055	0.956202	0.000039	0.999568	0.000007	1.000000	1.000000	
1356748244.760351	1.000000	42.069748	28.545929	5.971878	1.000000	0.881712	1.000000	1.000000	0.999948	0.005700	1.000000	1.000000	0.999998	0.008328	0.999247	0.000035	0.990478	0.000072	1.001274	0.000036	1356748244.760550	1.000012	44.277670	30.709580	7.006157	1.000000	0.113065	1.000000	1.000000	1.000000	1.000000	1.079449	0.000017	1.000800	0.000085	1.028155	0.000062	0.999526	0.000049	1.000000	1.000000	
1356748245.760351	1.000000	42.669617	29.164993	6.075760	0.999698	0.002223	1.000000	1.000000	1.000000	1.000000	1.000000	1.000000	0.999996	0.004678	1.000648	0.000041	1.000366	0.000345	0.998727	0.000058	1356748245.760554	1.000004	43.502311	29.901795	6.721759	1.000043	0.000044	1.000000	1.000000	1.000000	1.000000	0.999969	0.000049	1.000501	0.000053	0.997670	0.000036	1.008989	0.000007	1.000000	1.000000	
1356748246.760350	0.999999	42.726191	29.221418	5.975195	1.001965	0.000258	1.000000	1.000000	1.000000	1.000000	1.000000	1.000000	1.000026	0.006830	1.005820	0.000036	1.000381	0.002047	1.007081	0.000036	1356748246.760553	0.999999	43.535671	29.946440	7.270896	0.999905	0.000061	1.000000	1.000000	1.000000	1.000000	1.000189	0.000016	0.999895	0.000315	1.000802	0.000076	0.998855	0.000049	1.000000	1.000000	
1356748247.760351	1.000001	44.831683	31.299180	6.133768	0.999951	0.002884	1.000000	1.000000	1.000000	0.999999	0.999999	1.000000	0.999961	0.006033	0.999885	0.002182	0.999864	0.002114	0.999861	0.001854	1356748247.760556	1.000003	43.515002	29.891234	7.435249	0.999988	0.000062	1.000000	1.000000	1.000000	1.000000	0.999992	0.000050	1.000010	0.000524	1.000002	0.003719	0.997336	0.000007	1.000000	1.000000	
1356748248.760351	1.000000	42.430191	28.895889	6.094925	1.000213	0.000242	1.000000	1.000000	0.999999	1.000000	1.000000	1.000000	0.999502	0.000326	1.000190	0.000037	0.991328	0.000076	0.999466	0.000037	1356748248.760554	0.999998	43.709388	30.073025	7.436828	0.999928	0.000048	1.000000	1.000000	1.000000	1.000000	1.000401	0.000016	0.999991	0.005273	1.000413	0.000065	1.001302	0.000047	1.000000	1.000000	
1356748249.760351	1.000000	42.448257	28.939682	5.990219	0.995163	0.000043	1.000000	1.000000	1.000001	1.000000	1.000000	1.000000	1.000265	0.000660	0.987790	0.000043	1.000660	0.000373	0.992813	0.000068	1356748249.760554	1.000000	43.649246	30.056595	7.141327	0.999153	0.000083	1.000000	1.000000	1.000000	1.000000	0.989443	0.000048	1.000003	0.005684	0.999062	0.000030	0.992194	0.000007	1.000000	1.000000	
1356748250.760351	1.000000	42.424438	28.921021	6.000458	0.999756	0.000261	1.000000	1.000000	1.000000	1.000000	1.000000	1.000000	0.999810	0.000383	1.008859	0.000054	1.003416	0.000113	1.008353	0.000052	1356748250.760558	1.000004	43.651877	30.064682	7.007921	1.000989	0.000065	1.000000	1.000000	1.000000	1.000000	1.016251	0.000030	0.999994	0.004577	0.999591	0.001220	0.988772	0.000046	1.000000	1.000000	
1356748251.760351	1.000000	42.437256	28.923798	5.996445	1.003046	0.000141	1.000000	1.000000	1.000000	1.000000	1.000000	1.000000	1.000077	0.000420	1.001025	0.000058	1.000899	0.000140	1.001474	0.000092	1356748251.760555	0.999997	43.683149	30.082002	7.198356	0.999878	0.000044	1.000000	1.000000	1.000000	1.000000	1.001163	0.000043	0.999858	0.000052	1.000076	0.005622	1.025822	0.000020	1.000000	1.000000	
1356748252.760351	1.000000	42.443619	28.934647	6.003555	0.999260	0.000331	1.000000	0.999999	1.000000	1.000000	1.000000	1.000000	1.000313	0.000312	0.999679	0.000063	0.999342	0.000102	0.997692	0.000037	1356748252.760558	1.000003	43.624773	30.039809	6.857874	1.000133	0.000049	1.000000	1.000000	1.000000	1.000000	0.997636	0.000017	0.999995	0.000083	0.999984	0.005645	1.000025	0.000047	1.000000	1.000000	
1356748253.760350	0.999999	42.427836	28.905896	6.056601	0.999558	0.000086	1.000000	1.000000	1.000000	1.000000	0.999999	1.000000	0.999802	0.000403	0.999590	0.000059	1.000117	0.000125	1.000496	0.000066	1356748253.760554	0.999996	43.622461	30.017181	7.161009	1.000075	0.000046	1.000000	1.000000	1.000000	1.000000	0.999750	0.000048	1.000173	0.000054	0.999988	0.005614	1.000811	0.000007	1.000000	1.000000	
1356748254.760351	1.000001	42.409780	28.904422	6.024790	1.000155	0.000244	1.000000	1.000000	1.000000	1.000000	1.000000	1.000000	1.000307	0.000649	1.001451	0.000036	1.000870	0.000076	1.005929	0.000037	1356748254.760555	1.000001	43.647175	30.074114	6.791681	1.000024	0.000048	1.000000	1.000000	1.000000	0.999711	1.000515	0.000016	1.000114	0.000081	0.999993	0.005655	1.000041	0.000047	1.000000	1.000000	
1356748255.760350	0.999999	42.408076	28.911435	5.985891	0.999054	0.000042	1.000000	1.000000	1.000000	1.000000	1.000000	0.999999	0.999789	0.000352	0.998791	0.000045	0.995101	0.000129	0.995222	0.000062	1356748255.760558	1.000003	43.645739	30.071409	7.000741	0.999940	0.000045	1.000000	1.000000	1.000000	1.000000	1.000161	0.000048	0.999884	0.000053	0.999988	0.005606	0.997833	0.000007	1.000000	1.000000	
1356748256.760351	1.000001	42.468404	28.954761	5.973764	1.001001	0.000255	1.000001	1.000000	1.000000	1.000000	1.000000	1.000000	1.000162	0.000329	1.000693	0.000037	1.000148	0.004962	1.001665	0.000037	1356748256.760556	0.999998	43.660148	30.063717	7.262816	0.999968	0.000049	1.000000	1.000000	1.000000	1.000000	0.998730	0.000016	0.999804	0.000082	0.999987	0.005640	1.000170	0.000047	1.000000	1.000000	
1356748257.760350	0.999999	42.434565	28.923932	5.984396	0.995004	0.000055	1.000000	1.000000	0.999999	1.000000	1.000000	1.000000	0.999339	0.000368	1.000478	0.000043	0.998628	0.000124	1.000442	0.000067	1356748257.760550	0.999994	43.642808	30.061169	6.844065	0.999784	0.000046	1.000000	1.000000	1.000000	1.000000	1.000175	0.000048	1.000244	0.000052	0.999982	0.005611	0.997889	0.000006	1.000000	1.000000	
1356748258.760351	1.000001	42.448034	28.911059	6.100260	0.999907	0.000545	0.999999	0.999454	1.000000	1.000000	1.000000	1.000000	1.000233	0.000327	1.000061	0.000038	0.999647	0.000076	0.998798	0.000038	1356748258.760555	1.000005	43.621104	29.990817	7.356775	0.999917	0.000051	1.000000	0.999467	1.000000	1.000000	0.998240	0.000017	1.000014	0.000083	0.999991	0.003729	1.000669	0.000050	1.000000	0.999657	
1356748259.760351	1.000000	42.442398	28.933914	5.988342	1.002222	0.000117	1.000001	1.000001	1.000000	1.000000	1.000000	1.000000	0.999964	0.001214	0.999573	0.000046	0.999782	0.000113	1.000511	0.000063	1356748259.760554	0.999999	43.494838	29.918486	6.869590	1.000093	0.000079	1.000000	1.000000	1.000000	1.000000	0.999864	0.000051	0.999467	0.000056	1.000356	0.000080	0.995520	0.000007	1.000000	1.000000	
1356748260.760352	1.000001	42.418356	28.900272	6.104410	1.000083	0.000247	1.000000	1.000000	1.000000	0.999699	1.000000	0.999698	0.999976	0.000414	1.000273	0.000038	1.000091	0.000098	1.000515	0.000037	1356748260.760564	1.000010	43.480079	29.883291	6.916862	0.999872	0.000051	1.000000	1.000000	1.000000	0.999705	1.002651	0.000016	0.996495	0.000092	0.999689	0.000159	1.000181	0.000051	1.000000	0.999736	
1356748261.760351	0.999999	42.445567	28.944303	6.004385	0.996060	0.000075	1.000000	1.000000	1.000000	1.000000	1.000000	1.000000	1.000120	0.000366	0.987796	0.000044	1.000009	0.000329	0.993036	0.000070	1356748261.760563	0.999999	43.454280	29.887998	6.678321	0.997484	0.000049	1.000000	1.000000	1.000000	1.000000	0.989876	0.000052	1.005904	0.000055	1.000297	0.000079	0.999043	0.000007	1.000000	1.000000	
1356748262.760350	0.999999	42.460169	28.943204	6.036322	0.999983	0.000473	1.000000	1.000000	1.000000	1.000000	1.000000	1.000000	0.999674	0.000444	1.005207	0.000104	0.999976	0.000316	1.003968	0.000104	1356748262.760556	0.999993	43.484279	29.887749	7.167637	1.001901	0.000066	1.000000	1.000000	1.000000	1.000000	1.016177	0.000031	1.000086	0.000270	0.997036	0.000175	0.989467	0.000049	1.000000	1.000000	
1356748263.760351	1.000001	42.438451	28.917575	5.985514	1.002206	0.000070	1.000000	1.000000	1.000001	1.000001	1.000000	1.000000	1.000375	0.000368	0.997736	0.000048	1.000431	0.000109	0.999676	0.000063	1356748263.760549	0.999993	43.561245	29.956155	7.357152	1.000033	0.000047	1.000000	1.000000	1.000000	1.000000	0.999233	0.000046	0.999812	0.000055	1.005450	0.000093	1.026571	0.000020	1.000000	1.000000	
1356748264.760351	1.000000	42.411285	28.904099	6.040726	0.999677	0.000267	1.000000	1.000000	0.999999	0.999999	1.000000	1.000000	0.999710	0.000627	1.008190	0.000038	0.999378	0.000076	1.001517	0.000038	1356748264.760554	1.000005	43.552516	29.970523	7.232035	0.999929	0.000065	1.000000	1.000000	1.000000	1.000000	1.002305	0.000016	1.000134	0.000092	1.000049	0.000158	1.000093	0.000050	1.000000	1.000000	
1356748265.760351	1.000000	42.435410	28.921265	5.994736	0.994608	0.000045	1.000000	1.000000	1.000000	1.000000	1.000001	1.000000	0.999919	0.000342	0.993919	0.000044	0.995010	0.000132	0.998118	0.000074	1356748265.760559	1.000005	43.456554	29.861697	7.144541	1.000104	0.000048	1.000000	1.000000	1.000000	1.000000	0.999848	0.000051	0.999905	0.000077	1.000111	0.000080	0.998162	0.000007	1.000000	1.000000	
1356748266.760351	1.000000	42.469513	28.954666	5.982803	1.000242	0.000276	1.000001	1.000000	1.000000	1.000000	0.999999	1.000000	1.000025	0.000319	1.001184	0.000038	1.000299	0.002066	1.000829	0.000038	1356748266.760558	0.999999	43.455654	29.864958	7.284629	0.999885	0.000050	1.000000	1.000000	1.000000	1.000000	1.001843	0.000016	0.999743	0.000090	0.999873	0.000167	0.999977	0.000050	1.000000	1.000000	
1356748267.760350	0.999999	42.453425	28.950070	6.004141	1.003915	0.000045	1.000000	1.000000	1.000000	1.000001	1.000000	1.000000	1.000546	0.000351	0.999934	0.000046	1.000253	0.000133	1.001578	0.000064	1356748267.760554	0.999996	43.514092	29.947006	6.692456	1.000156	0.000047	1.000000	1.000000	1.000000	1.000000	0.998851	0.000051	1.000486	0.000056	0.999971	0.000080	1.001134	0.000007	1.000000	1.000000	
1356748268.760351	1.000001	42.418295	28.901645	5.993967	1.000084	0.000249	1.000000	1.000000	1.000000	0.999999	1.000000	1.000000	0.999516	0.000349	0.999888	0.000038	1.000116	0.000077	1.000041	0.000037	1356748268.760554	1.000000	43.477783	29.886444	7.195129	0.999892	0.000050	1.000000	1.000000	1.000000	1.000000	1.001301	0.000016	0.999840	0.000091	0.999938	0.000156	0.999678	0.000050	1.000000	1.000000	
1356748269.760351	1.000000	42.453827	28.942078	5.997498	0.997676	0.000061	1.000000	1.000000	1.000001	1.000001	1.000000	1.000000	1.000250	0.000642	1.000212	0.000044	0.999911	0.000113	0.997211	0.000069	1356748269.760556	1.000002	43.541909	29.959782	6.878771	1.000040	0.000048	1.000000	1.000000	1.000000	1.000000	1.000008	0.000050	0.999952	0.000056	1.000224	0.000079	0.999840	0.000007	1.000000	1.000000	
1356748270.760350	0.999999	42.424738	28.911054	6.008383	1.000664	0.000248	1.000001	1.000001	0.999999	0.999999	1.000000	1.000000	0.999631	0.000320	1.000714	0.000038	0.999903	0.000095	1.005163	0.000037	1356748270.760554	0.999998	43.522895	29.936336	7.194456	0.999897	0.000049	1.000000	1.000000	1.000000	1.000000	1.000295	0.000016	1.000177	0.000089	1.000039	0.000167	0.999823	0.000050	1.000000	1.000000	
1356748271.760351	1.000001	42.386190	28.891177	6.000208	0.997794	0.000074	1.000000	1.000000	1.000000	1.000000	1.000000	1.000000	0.999864	0.000354	0.999495	0.000051	1.000248	0.000114	0.999746	0.000064	1356748271.760555	1.000001	43.545079	29.967791	6.903802	1.000099	0.000047	1.000000	1.000000	1.000000	1.000000	0.999215	0.000051	0.999898	0.000057	0.999817	0.000080	1.001461	0.000007	1.000000	1.000000	
1356748272.760351	1.000000	44.399628	30.892853	6.006607	0.999998	0.003113	1.000000	1.000000	1.000000	1.000000	1.000000	1.000000	1.000010	0.002511	0.999958	0.002201	0.999978	0.002219	1.000006	0.001945	1356748272.760554	0.999999	43.544155	29.973402	6.872336	1.000000	0.000052	1.000000	1.000000	1.000000	1.000000	1.002028	0.000016	0.999974	0.000390	0.999996	0.003823	0.999824	0.000051	1.000000	1.000000	
1356748273.760351	1.000000	42.625626	29.106735	5.976120	0.999991	0.005082	1.000000	0.999595	0.999999	1.000000	1.000001	1.000000	1.000537	0.000151	0.987188	0.000041	0.995485	0.000105	0.991764	0.000066	1356748273.760552	0.999998	43.554725	29.959423	7.161925	0.997563	0.000046	1.000000	1.000000	1.000000	0.999580	0.989514	0.000049	1.000626	0.000054	1.000342	0.000032	1.005801	0.000007	1.000000	1.000000	
1356748274.760351	1.000000	42.810730	29.296555	6.003082	0.999981	0.007426	0.999999	1.000000	1.000000	1.000000	1.000000	1.000000	0.999828	0.000445	1.011572	0.000050	1.004108	0.000089	1.010211	0.000050	1356748274.760552	1.000000	43.624405	30.057999	6.935730	1.000022	0.001529	1.000000	1.000000	1.000000	1.000000	1.017323	0.000030	0.999742	0.000105	0.993622	0.000079	0.988676	0.000049	1.000000	1.000000	
1356748275.760351	1.000000	42.508911	28.993057	6.033752	0.999979	0.001668	1.000000	1.000000	1.000001	1.000000	1.000000	1.000000	0.999829	0.000137	1.004138	0.000045	0.996666	0.000129	1.003958	0.000064	1356748275.760551	0.999999	43.684795	30.096251	7.126960	1.000088	0.000359	1.000000	1.000000	1.000000	1.000000	1.000101	0.000046	0.999937	0.000055	1.011110	0.000047	1.025875	0.000020	1.000000	1.000000	
1356748276.760351	1.000000	42.735306	29.218704	6.005173	0.999990	0.007371	1.000000	1.000000	1.000000	1.000000	1.000000	1.000000	1.000850	0.000112	0.993831	0.000036	1.000249	0.002052	0.993652	0.000036	1356748276.760552	1.000001	43.644719	30.053057	7.208428	0.999866	0.000049	1.000000	1.000000	1.000000	1.000000	1.000000	0.000016	1.000121	0.000086	0.999810	0.000067	0.999503	0.000049	1.000000	1.000000	
1356748277.760350	0.999999	42.669078	29.154004	6.000982	0.999985	0.004069	1.000000	1.000000	1.000000	1.000000	1.000001	1.000000	1.001755	0.000144	1.006497	0.000041	0.999997	0.002265	1.003070	0.000065	1356748277.760555	1.000003	43.617983	30.033583	7.196923	0.999913	0.000062	1.000000	1.000000	1.000000	1.000000	0.999846	0.000050	0.999870	0.000053	1.000024	0.000032	1.001182	0.000007	1.000000	1.000000	
1356748278.760351	1.000001	42.625341	29.111087	5.987940	1.000221	0.000441	1.000000	1.000000	1.000000	1.000000	0.999999	1.000000	0.997476	0.000145	0.993619	0.000035	0.999976	0.006107	0.994378	0.000035	1356748278.760555	1.000000	43.592026	30.004959	7.124557	1.000079	0.000049	1.000000	1.000000	1.000000	1.000000	1.001610	0.000016	1.000005	0.000086	0.999816	0.000090	0.999699	0.000047	1.000000	1.000000	
1356748279.760351	1.000000	42.727371	29.214157	5.996933	0.999542	0.000281	1.000000	1.000000	1.000000	1.000000	1.000000	1.000000	1.000080	0.000451	0.998697	0.000044	0.999987	0.006691	0.999970	0.000804	1356748279.760558	1.000003	43.586413	30.005003	7.035211	0.999754	0.000045	1.000000	1.000000	1.000000	1.000000	0.999078	0.000049	0.999964	0.000054	1.000736	0.000032	0.999309	0.000007	1.000000	1.000000	
1356748280.760350	0.999999	42.468668	28.941144	6.013983	1.000036	0.000445	1.000000	1.000000	1.000000	1.000000	1.000001	1.000000	1.000144	0.000136	1.001295	0.000038	1.001276	0.000075	0.999973	0.001374	1356748280.760548	0.999990	43.520577	29.905954	7.418394	1.000128	0.000051	1.000000	1.000000	1.000000	1.000000	1.001777	0.000017	1.000104	0.000089	0.999832	0.000069	1.000260	0.000050	1.000000	1.000000	
1356748281.760351	1.000001	42.580053	29.080493	6.015696	0.999863	0.000298	1.000000	1.000000	1.000000	1.000000	0.999999	1.000000	1.000889	0.000155	1.000009	0.000041	0.999078	0.000086	0.999997	0.005629	1356748281.760558	1.000010	43.586890	29.987340	7.182057	0.999809	0.000046	1.000000	1.000000	1.000000	1.000000	0.999719	0.000049	0.999205	0.000053	1.000012	0.000032	0.999784	0.000007	1.000000	1.000000	
1356748282.760351	1.000000	42.446869	28.930817	6.117981	0.999771	0.000429	1.000000	1.000000	1.000000	1.000000	1.000001	1.000000	0.998887	0.000137	0.999186	0.000038	1.000106	0.000102	0.999934	0.000463	1356748282.760555	0.999997	43.641630	30.041673	7.006934	1.000132	0.000053	1.000000	1.000000	1.000000	1.000000	1.000718	0.000017	1.000313	0.000089	0.999908	0.000083	1.000093	0.000050	1.000000	1.000000	
1356748283.760351	1.000000	42.664871	29.155228	5.991837	1.000713	0.000263	1.000000	1.000000	0.999999	1.000000	1.000000	1.000000	0.999929	0.000157	1.000609	0.000044	0.999823	0.000083	0.999980	0.005591	1356748283.760549	0.999994	43.699830	30.116955	6.929256	0.999704	0.000046	1.000000	1.000000	1.000000	1.000000	0.999677	0.000049	1.000108	0.000054	1.000209	0.000031	0.998921	0.000007	1.000000	1.000000	
1356748284.760351	1.000000	42.657578	29.140289	5.992599	0.999794	0.000442	1.000000	1.000000	1.000000	1.000000	1.000000	0.999999	1.000008	0.000442	1.000131	0.000035	0.999302	0.000052	0.999989	0.006036	1356748284.760553	1.000004	43.606284	30.018464	7.332932	0.999985	0.000050	1.000000	1.000000	1.000000	1.000000	0.999600	0.000016	1.000000	0.000084	1.000294	0.000063	0.999921	0.000049	1.000000	1.000000	
1356748285.760351	1.000000	42.645172	29.127151	5.947983	0.999926	0.000241	1.000000	1.000000	1.000000	1.000000	1.000000	1.000000	1.000769	0.000150	0.986920	0.000041	0.999236	0.000716	0.999891	0.005008	1356748285.760563	1.000010	43.624624	30.025655	7.253177	0.997886	0.000046	1.000000	1.000000	1.000000	1.000000	0.989717	0.000050	0.999567	0.000053	0.998891	0.000032	1.000054	0.000007	1.000000	1.000000	
1356748286.760351	1.000000	42.611908	29.102646	6.008301	1.000042	0.000481	1.000000	1.000000	1.000000	1.000000	1.000000	1.000000	0.998841	0.000166	1.010054	0.000051	1.000275	0.002044	1.000101	0.004565	1356748286.760551	0.999988	43.518677	29.927282	7.060494	1.000076	0.001919	1.000000	1.000000	1.000000	1.000000	1.018349	0.000030	1.000144	0.000104	0.993603	0.000079	0.989567	0.000049	1.000000	1.000000	
1356748287.760351	1.000000	42.543152	29.031174	5.990295	1.000078	0.002092	1.000000	1.000000	1.000000	1.000000	1.000000	1.000000	1.000299	0.000187	0.998581	0.000045	1.000140	0.000105	0.998090	0.000042	1356748287.760545	0.999994	43.845156	30.247235	7.335203	0.999976	0.008001	1.000000	1.000000	1.000000	1.000000	0.996866	0.000044	0.998506	0.000051	1.011759	0.000044	1.025681	0.000020	1.000000	1.000000	
1356748288.760351	1.000000	42.767792	29.256027	5.997208	0.999951	0.007298	1.000000	1.000000	1.000000	1.000000	1.000001	1.000000	1.000556	0.000609	1.007984	0.000035	1.000752	0.000052	1.032815	0.000008	1356748288.760548	1.000003	43.474322	29.867705	7.466072	1.000101	0.000072	1.000000	1.000000	1.000000	1.000000	1.007653	0.000016	1.000898	0.000085	0.999963	0.000063	1.000344	0.000048	1.000000	1.000000	
1356748289.760351	1.000000	42.708405	29.213501	5.966171	0.999997	0.004481	1.000001	1.000000	1.000000	1.000000	0.999999	1.000000	0.999872	0.002981	0.994743	0.000042	0.998835	0.000087	0.995464	0.000054	1356748289.760554	1.000006	43.470627	29.900228	6.576056	0.999866	0.000098	1.000000	1.000000	1.000000	1.000000	0.999930	0.000050	1.000072	0.000054	1.000132	0.000032	0.999359	0.000007	1.000000	1.000000	
1356748290.760351	1.000000	42.771759	29.281784	5.995956	0.999981	0.009033	1.000000	1.000000	1.000000	1.000000	1.000000	1.000000	1.000095	0.000155	1.001124	0.000036	1.000601	0.000073	1.003034	0.000009	1356748290.760549	0.999995	43.436985	29.854642	7.100454	0.999873	0.000070	1.000000	1.000000	1.000000	1.000000	0.999929	0.000016	0.999955	0.000086	1.000035	0.000077	0.999802	0.000049	1.000000	1.000000	
1356748291.760351	1.000000	42.562775	29.056854	6.002533	0.999983	0.002965	1.000000	1.000000	1.000000	1.000001	1.000000	1.000000	1.000139	0.000155	0.999154	0.000046	0.999317	0.000091	0.999993	0.000052	1356748291.760550	1.000001	43.567280	29.981310	7.079690	1.000264	0.000069	1.000000	1.000000	1.000000	1.000000	1.000167	0.000051	1.000022	0.000054	0.999545	0.000033	0.999407	0.000007	1.000000	1.000000	
1356748292.760351	1.000000	42.723236	29.203217	6.090958	0.999986	0.007123	1.000000	1.000000	0.999999	0.999999	0.999999	1.000000	0.999935	0.000137	0.999946	0.000036	1.001002	0.000072	0.993144	0.000009	1356748292.760551	1.000001	43.611424	29.998201	7.085427	0.999767	0.000073	1.000000	1.000000	1.000000	1.000000	0.999006	0.000016	1.000239	0.000086	1.000234	0.000063	0.999617	0.000049	1.000000	1.000000	
1356748293.760351	1.000000	42.659622	29.146164	5.988785	0.999987	0.006086	1.000000	1.000000	1.000000	1.000000	1.000001	1.000000	0.999892	0.000157	1.000274	0.000041	0.999269	0.000083	1.000532	0.000056	1356748293.760555	1.000004	43.580359	29.983277	7.135866	1.000011	0.000070	1.000000	1.000000	1.000000	1.000000	1.000376	0.000049	0.999403	0.000053	0.999510	0.000031	1.002781	0.000006	1.000000	1.000000	
1356748294.760351	1.000000	42.588425	29.083527	5.977234	0.999976	0.004853	1.000000	1.000000	1.000000	1.000000	0.999999	1.000000	1.000029	0.000456	0.999857	0.000038	1.000315	0.000053	1.020230	0.000008	1356748294.760556	1.000001	43.440297	29.868181	7.026025	1.000034	0.000090	1.000000	1.000000	1.000000	1.000000	0.998496	0.000017	1.000119	0.000084	1.000232	0.000075	0.999744	0.000048	1.000000	1.000000	
1356748295.760351	1.000000	42.418594	28.899307	6.037445	0.999971	0.000441	1.000000	1.000000	1.000000	1.000000	1.000000	1.000000	1.000002	0.000157	0.999983	0.000046	0.995533	0.000108	0.997073	0.000052	1356748295.760546	0.999990	43.455086	29.841836	7.286160	0.999960	0.000068	1.000000	1.000000	1.000000	1.000000	1.000322	0.000050	0.998917	0.000077	1.000140	0.000033	1.003141	0.000007	1.000000	1.000000	
1356748296.760351	1.000000	42.596069	29.083755	6.018402	0.999996	0.004248	1.000000	1.000000	1.000000	1.000000	1.000000	1.000000	0.999947	0.000137	0.999919	0.000038	1.000252	0.002033	0.999955	0.000009	1356748296.760551	1.000005	43.509319	29.913653	7.315683	1.000000	0.000074	1.000000	1.000000	1.000000	1.000000	0.999637	0.000016	1.000524	0.000089	0.999634	0.000065	0.999520	0.000050	1.000000	1.000000	
1356748297.760351	1.000000	44.343506	30.828339	6.004089	0.999996	0.006156	0.999999	0.999999	1.000001	1.000000	1.000000	1.000000	1.000047	0.002390	0.999777	0.002143	0.999730	0.002135	0.999715	0.001926	1356748297.760550	0.999999	43.517879	29.920607	7.191077	1.000006	0.000070	1.000000	1.000000	1.000000	1.000000	0.990370	0.000051	1.000141	0.000355	1.000001	0.003722	1.007541	0.000007	1.000000	1.000000	
1356748298.760351	1.000000	42.454544	28.934219	6.013687	0.999963	0.000466	1.000000	1.000000	0.999999	1.000000	1.000000	1.000000	0.999005	0.000161	1.008369	0.000054	1.006158	0.000070	1.023181	0.000023	1356748298.760555	1.000005	43.514476	29.911532	7.491265	0.999950	0.000093	1.000000	1.000000	1.000000	1.000000	1.015207	0.000030	0.999785	0.000249	0.993567	0.000079	0.988204	0.000050	1.000000	1.000000	
1356748299.760351	1.000000	42.386917	28.902817	5.986191	0.999328	0.000274	1.000000	1.000000	1.000000	1.000000	1.000000	1.000000	1.000122	0.000466	1.000366	0.000048	1.001424	0.000092	0.997762	0.000047	1356748299.760550	0.999995	43.452686	29.885266	6.672809	1.000034	0.000069	1.000000	1.000000	1.000000	1.000000	1.000914	0.000046	0.999959	0.000149	1.011633	0.000046	1.026359	0.000021	1.000000	1.000000	
1356748300.760350	0.999999	42.410639	28.889935	6.022894	1.000343	0.000451	1.000000	1.000000	1.000001	1.000001	1.000000	1.000000	0.999851	0.000139	0.999990	0.000038	1.000225	0.000076	1.015639	0.000009	1356748300.760554	1.000004	43.421607	29.811113	7.375046	0.999807	0.000072	1.000000	1.000000	1.000000	1.000000	0.999927	0.000016	1.000182	0.000233	0.999558	0.000069	0.999635	0.000051	1.000000	1.000000	
1356748301.760351	1.000001	42.424017	28.910739	5.992319	1.000812	0.000296	1.000000	1.000000	0.999999	0.999999	1.000000	1.000000	1.000093	0.000157	1.001184	0.000044	0.999804	0.000090	0.998937	0.000057	1356748301.760550	0.999996	43.348946	29.754851	7.015196	0.999983	0.000069	1.000000	1.000000	1.000000	1.000000	1.000084	0.000051	0.999956	0.000149	1.000977	0.000032	1.003963	0.000007	1.000000	1.000000	
1356748302.760351	1.000000	42.450821	28.934937	5.968201	0.999533	0.000433	1.000000	1.000000	1.000000	1.000000	1.000000	1.000000	1.000093	0.000140	0.997996	0.000037	0.999890	0.000077	1.011804	0.000008	1356748302.760554	1.000004	43.403709	29.811479	7.173250	0.999909	0.000072	1.000000	1.000000	1.000000	1.000000	0.999543	0.000016	1.000020	0.000230	0.999704	0.000088	1.000101	0.000050	1.000000	1.000000	
1356748303.760350	0.999999	42.459635	28.953275	6.005056	0.999803	0.000264	1.000000	1.000000	1.000000	1.000000	1.000000	1.000000	0.999913	0.000160	1.000445	0.000049	0.999836	0.000089	0.999174	0.000052	1356748303.760556	1.000002	43.442453	29.861561	7.093248	1.000220	0.000068	1.000000	1.000000	1.000000	1.000000	0.999745	0.000051	0.999964	0.000151	1.000081	0.000033	0.996227	0.000007	1.000000	1.000000	
1356748304.760350	1.000000	42.445160	28.937271	5.993896	1.000241	0.000452	0.999999	0.999999	1.000000	1.000000	1.000000	1.000000	0.999933	0.000446	1.000318	0.000038	0.985814	0.000057	1.001217	0.000009	1356748304.760552	0.999996	43.325935	29.759398	7.013151	0.999857	0.000073	1.000000	1.000000	1.000000	1.000000	1.000117	0.000016	0.999998	0.000229	0.999943	0.000068	0.999863	0.000051	1.000000	1.000000	
1356748305.760351	1.000001	42.445196	28.926868	6.004694	0.999223	0.000263	1.000000	1.000000	1.000000	1.000000	1.000000	1.000000	1.000083	0.000158	0.999307	0.000044	1.000767	0.000324	1.000965	0.000056	1356748305.760559	1.000007	43.397603	29.802437	7.172588	1.000094	0.000070	1.000000	1.000000	1.000000	1.000000	1.000329	0.000050	0.999992	0.000149	0.999727	0.000033	1.002762	0.000007	1.000000	1.000000	
1356748306.760350	0.999999	42.463343	28.940488	6.010534	1.000123	0.000468	1.000000	1.000000	1.000000	1.000000	1.000000	1.000000	0.999961	0.000140	1.000559	0.000037	1.000262	0.002030	0.988901	0.000008	1356748306.760556	0.999997	43.431699	29.819352	7.190910	0.999904	0.000072	1.000000	1.000000	1.000000	1.000000	0.999734	0.000016	0.999973	0.000401	1.000028	0.000084	0.999700	0.000050	1.000000	1.000000	
1356748307.760351	1.000001	42.428136	28.919528	5.983240	1.000411	0.000248	1.000001	1.000000	1.000000	1.000000	1.000000	1.000000	1.000134	0.000189	0.998590	0.000046	0.999961	0.000110	1.000312	0.000052	1356748307.760553	0.999997	43.401135	29.808839	6.987937	1.000028	0.000082	1.000000	1.000000	1.000000	1.000000	0.999698	0.000050	1.000026	0.000148	1.000517	0.000032	1.000379	0.000007	1.000000	1.000000	
1356748308.760351	1.000000	42.425735	28.929092	5.994293	0.999836	0.000455	0.999999	1.000000	1.000000	1.000000	1.000000	1.000000	0.998527	0.000140	1.001084	0.000038	0.990798	0.000057	0.996222	0.000009	1356748308.760551	0.999998	43.425376	29.838070	6.957975	1.000000	0.000072	1.000000	1.000000	1.000000	1.000000	1.000383	0.000016	1.000054	0.000230	0.999765	0.000066	0.999876	0.000050	1.000000	1.000000	
1356748309.760351	1.000000	42.452316	28.945618	6.000290	1.000128	0.000248	1.000000	1.000000	1.000000	1.000000	1.000000	1.000001	1.000618	0.000457	0.988786	0.000044	1.000025	0.000328	0.990327	0.000057	1356748309.760562	1.000011	43.439496	29.861825	6.706714	0.999917	0.000069	1.000000	1.000000	1.000000	1.000000	0.990534	0.000051	0.999959	0.000149	1.000203	0.000032	0.998192	0.000007	1.000000	1.000000	
1356748310.760351	1.000000	42.441269	28.923248	5.982758	0.999774	0.000468	1.000000	1.000000	1.000000	1.000000	1.000000	1.000000	0.999405	0.000160	1.009366	0.000053	1.005866	0.000091	1.025574	0.000023	1356748310.760554	0.999992	43.474306	29.879576	7.017467	0.999875	0.000095	1.000000	1.000000	1.000000	1.000000	1.015417	0.000031	1.000040	0.000250	0.993546	0.000081	0.989954	0.000051	1.000000	1.000000	
1356748311.760350	0.999999	42.429560	28.913205	5.973135	1.000110	0.000351	1.000000	1.000000	1.000000	1.000000	1.000000	1.000000	1.001257	0.000156	0.999827	0.000047	0.999727	0.000090	0.997033	0.000047	1356748311.760551	0.999997	43.469571	29.872972	7.142417	1.000083	0.000069	1.000000	1.000000	1.000000	1.000000	0.999882	0.000046	0.999920	0.000149	1.011538	0.000046	1.025713	0.000021	1.000000	1.000000	
1356748312.760351	1.000001	42.429250	28.920566	5.990625	1.000016	0.000467	1.000000	1.000000	1.000000	1.000000	0.999999	1.000000	0.998605	0.000165	1.000284	0.000065	1.000189	0.000120	1.006347	0.000020	1356748312.760558	1.000007	43.399831	29.813499	7.111126	0.999913	0.000085	1.000000	1.000000	1.000000	1.000000	1.000652	0.000017	1.000025	0.000230	0.999709	0.000066	1.000358	0.000049	1.000000	1.000000	
1356748313.760351	1.000000	42.454010	28.944305	6.014023	0.999855	0.000285	1.000001	1.000000	1.000000	1.000000	1.000001	1.000000	1.000034	0.000160	1.001634	0.000068	1.000275	0.000088	1.000021	0.000075	1356748313.760554	0.999996	43.378685	29.790526	7.018064	1.000063	0.000080	1.000000	1.000000	1.000000	1.000000	1.000046	0.000050	0.999961	0.000149	1.000048	0.000032	0.997934	0.000006	1.000000	1.000000	
1356748314.760351	1.000000	42.458679	28.934326	5.970093	1.000048	0.000473	1.000000	1.000000	1.000000	1.000000	1.000000	1.000000	0.999967	0.000437	0.997466	0.000051	0.999220	0.000056	1.002239	0.000033	1356748314.760554	1.000000	43.382553	29.773956	7.146057	0.999933	0.000080	1.000000	1.000000	1.000000	1.000000	0.998568	0.000016	1.000024	0.000228	1.000375	0.000076	0.999579	0.000049	1.000000	1.000000	
1356748315.760351	1.000000	42.470261	28.958664	5.997223	0.999942	0.000290	1.000001	1.000000	1.000000	1.000000	0.999999	1.000000	1.000301	0.000156	0.998757	0.000047	0.995027	0.000110	0.997267	0.000048	1356748315.760554	1.000000	43.377853	29.791824	7.099884	0.999894	0.000069	1.000000	1.000000	1.000000	1.000000	1.000053	0.000051	1.000000	0.000150	0.999415	0.000032	1.006236	0.000007	1.000000	1.000000	
1356748316.760351	1.000000	42.451584	28.939468	6.014252	0.999843	0.000474	1.000000	1.000000	1.000000	0.999999	1.000001	1.000000	0.999586	0.000142	1.002129	0.000037	1.000288	0.002029	1.003793	0.000009	1356748316.760554	1.000000	43.381012	29.806747	7.167038	0.999925	0.000072	1.000000	1.000000	1.000000	1.000000	1.000421	0.000017	0.999916	0.000228	0.999689	0.000064	0.999203	0.000050	1.000000	1.000000	
1356748317.760351	1.000000	42.406708	28.910843	6.000015	1.000215	0.000264	1.000000	1.000000	1.000000	1.000000	1.000000	1.000000	1.000026	0.000160	0.999515	0.000043	0.998731	0.000109	1.000578	0.000057	1356748317.760552	0.999998	43.430915	29.848079	7.002134	1.000071	0.000071	1.000000	1.000000	1.000000	1.000000	1.000373	0.000051	1.000171	0.000149	1.000100	0.000031	1.000704	0.000007	1.000000	1.000000	
1356748318.760351	1.000000	42.433273	28.916641	6.016800	1.000058	0.000757	1.000000	1.000000	1.000000	1.000000	1.000000	1.000000	1.000808	0.000142	0.999809	0.000038	1.001808	0.000056	0.999508	0.000009	1356748318.760558	1.000006	43.396333	29.799810	7.094593	0.999898	0.000072	1.000000	1.000000	1.000000	1.000000	0.999065	0.000016	0.999899	0.000228	1.000040	0.000077	0.999828	0.000049	1.000000	1.000000	
1356748319.760351	1.000000	42.451843	28.950958	6.006271	0.999874	0.000248	1.000000	1.000000	1.000000	1.000000	1.000000	1.000000	1.000042	0.000989	1.000042	0.000046	0.999934	0.000094	0.997148	0.000052	1356748319.760555	0.999997	43.434674	29.858827	6.817160	1.000070	0.000099	1.000000	1.000000	1.000000	1.000000	1.000114	0.000051	1.000085	0.000150	0.999988	0.000033	1.001554	0.000007	1.000000	1.000000	
1356748320.760351	1.000000	42.425674	28.923874	5.978043	0.999977	0.000451	1.000000	1.000000	1.000000	1.000000	1.000000	1.000000	1.000288	0.000142	1.005186	0.000038	1.002779	0.000075	1.013619	0.000009	1356748320.760548	0.999993	43.465755	29.890465	6.752442	0.999925	0.000072	1.000000	1.000000	1.000000	1.000000	1.000227	0.000017	1.000032	0.000231	1.000171	0.000065	1.000054	0.000050	1.000000	1.000000	
1356748321.760350	0.999999	42.444727	28.928159	6.066427	1.000025	0.000296	1.000000	1.000000	1.000000	1.000000	0.999999	1.000000	0.999670	0.000192	0.983804	0.000044	0.999270	0.000282	0.991858	0.000057	1356748321.760553	1.000005	43.541027	29.945163	6.789700	1.000077	0.000070	1.000000	1.000000	1.000000	1.000000	0.999069	0.000051	1.000016	0.000149	0.999032	0.000033	0.996817	0.000007	1.000000	1.000000	
1356748322.760350	1.000000	43.286957	29.771439	6.001297	1.000005	0.003190	1.000000	1.000000	1.000001	1.000001	1.000001	1.000000	0.999889	0.002325	1.000231	0.002167	0.999990	0.002416	1.000252	0.001948	1356748322.760555	1.000002	43.665841	30.076069	6.933535	0.999994	0.001110	1.000000	1.000000	1.000000	1.000000	1.000567	0.000062	0.999887	0.000480	0.999865	0.003725	0.990306	0.000051	1.000000	1.000000	
1356748323.760351	1.000001	42.552221	29.026919	5.970881	1.000017	0.001803	1.000000	1.000000	0.999999	0.999999	0.999999	1.000000	1.001051	0.000156	0.999726	0.000044	0.999902	0.001263	0.999037	0.000039	1356748323.760551	0.999996	43.607034	29.998397	7.379806	0.999960	0.000068	1.000000	1.000000	1.000000	1.000000	0.999931	0.000039	1.000184	0.000055	1.007392	0.000070	1.009972	0.000049	1.000000	1.000000	
1356748324.760351	1.000000	42.579620	29.064575	6.021957	0.999957	0.003823	1.000000	1.000000	1.000000	1.000000	1.000000	1.000000	1.000287	0.000455	1.004280	0.000036	1.006391	0.000055	1.016847	0.000008	1356748324.760556	1.000005	43.640498	30.047732	7.016978	0.999980	0.002099	1.000000	1.000000	1.000000	1.000000	1.000752	0.000017	1.000515	0.000086	1.000084	0.000064	1.001125	0.000038	1.000000	1.000000	
1356748325.760351	1.000000	42.426056	28.900986	6.025208	1.000240	0.000270	1.000000	1.000000	1.000000	1.000000	1.000000	1.000000	0.998854	0.000163	0.996568	0.000043	0.992690	0.000109	1.000190	0.000057	1356748325.760554	0.999998	43.689384	30.076840	7.387587	0.999985	0.005935	1.000000	1.000000	1.000000	1.000000	0.998906	0.000048	1.000145	0.000072	0.999700	0.000031	0.995571	0.000007	1.000000	1.000000	
1356748326.760351	1.000000	42.649307	29.121552	6.117691	0.999974	0.005955	1.000000	1.000000	1.000000	1.000000	1.000000	1.000000	1.000075	0.000139	0.999353	0.000036	1.000271	0.002021	0.984854	0.000009	1356748326.760553	0.999999	43.540721	29.929396	6.992988	1.000016	0.000072	1.000000	1.000000	1.000000	1.000000	1.002177	0.000018	0.999558	0.000085	1.000142	0.000092	1.000197	0.000049	1.000000	1.000000	
1356748327.760351	1.000000	42.538330	29.036209	5.989334	0.999976	0.003970	1.000000	1.000000	1.000001	1.000001	1.000001	1.000000	1.000979	0.000161	1.005101	0.000046	0.999812	0.000104	1.004052	0.000049	1356748327.760547	0.999994	43.592469	30.011776	7.030376	0.999986	0.001969	1.000000	1.000000	1.000000	1.000000	0.999515	0.000049	1.000641	0.000053	0.999413	0.000032	1.002767	0.000007	1.000000	1.000000	
1356748328.760351	1.000000	42.430756	28.907867	6.003464	1.000124	0.000455	1.000000	1.000000	0.999999	1.000000	0.999999	1.000000	0.998335	0.000143	0.994163	0.000036	1.000730	0.000054	0.978257	0.000009	1356748328.760561	1.000014	43.734736	30.136585	7.249333	0.999984	0.005665	1.000000	1.000000	1.000000	1.000000	1.002060	0.000016	0.999870	0.000083	1.000084	0.000065	0.999119	0.000047	1.000000	1.000000	
1356748329.760351	1.000000	42.522476	29.004074	6.013565	0.999968	0.001696	1.000000	1.000000	1.000000	1.000000	1.000000	1.000000	1.000249	0.000456	0.997723	0.000042	0.999912	0.000088	1.000101	0.000057	1356748329.760545	0.999984	43.756864	30.168863	7.076331	0.999988	0.004824	1.000000	1.000000	1.000000	1.000000	0.999601	0.000047	0.999821	0.000052	0.999595	0.000030	0.999008	0.000007	1.000000	1.000000	
1356748330.760351	1.000000	42.645309	29.137283	6.012085	0.999983	0.005957	1.000000	1.000000	1.000000	1.000000	1.000000	1.000000	0.998544	0.000138	1.002293	0.000035	0.999487	0.000072	1.000090	0.000009	1356748330.760555	1.000010	43.443855	29.868628	6.880134	1.000073	0.000074	1.000000	1.000000	1.000000	1.000000	0.998528	0.000016	0.999755	0.000085	1.000178	0.000082	1.000345	0.000048	1.000000	1.000000	
1356748331.760351	1.000000	42.660156	29.152191	5.987076	0.999980	0.005779	1.000000	1.000000	1.000000	1.000000	1.000000	1.000000	1.000981	0.000176	1.000929	0.000046	1.000814	0.000084	0.999520	0.000048	1356748331.760550	0.999995	43.405826	29.829617	6.953160	0.999816	0.000069	1.000000	1.000000	1.000000	1.000000	1.000692	0.000049	1.000675	0.000054	0.999422	0.000032	0.997897	0.000007	1.000000	1.000000	
1356748332.760351	1.000000	42.636551	29.112549	6.016907	0.999993	0.005926	1.000000	1.000000	1.000000	1.000000	1.000000	1.000000	0.999959	0.000195	0.999785	0.000036	0.999882	0.000072	1.001934	0.000008	1356748332.760556	1.000006	43.449295	29.834661	7.445665	1.000053	0.000073	1.000000	1.000000	1.000000	1.000000	0.998234	0.000016	0.999946	0.000086	1.000121	0.000064	1.000056	0.000048	1.000000	1.000000	
1356748333.760351	1.000000	42.631332	29.123917	5.989243	0.999983	0.005755	1.000001	1.000000	1.000000	1.000000	1.000000	1.000000	1.001737	0.000157	0.987292	0.000041	0.996569	0.000156	0.990131	0.000058	1356748333.760552	0.999996	43.376198	29.788252	7.116987	1.000000	0.000068	1.000000	1.000000	1.000000	1.000000	0.990383	0.000049	0.999741	0.000052	0.999975	0.000031	1.003795	0.000007	1.000000	1.000000	
1356748334.760351	1.000000	42.596664	29.066437	6.091232	0.999986	0.004984	1.000000	1.000000	1.000000	1.000000	1.000000	1.000000	0.999447	0.000460	1.009954	0.000050	1.006938	0.000069	1.025661	0.000023	1356748334.760552	1.000000	43.465149	29.845764	7.142059	0.999980	0.001163	1.000000	1.000000	1.000000	1.000000	1.016736	0.000030	0.999993	0.000106	0.993264	0.000080	0.989041	0.000048	1.000000	1.000000	
1356748335.760351	1.000000	42.416092	28.919769	5.995636	0.999931	0.001318	1.000000	1.000000	1.000000	1.000000	1.000000	1.000000	1.000406	0.000160	1.004161	0.000046	0.995246	0.000106	0.999090	0.000047	1356748335.760550	0.999998	43.620902	30.034557	7.198393	0.999984	0.004817	1.000000	1.000000	1.000000	1.000000	0.999545	0.000044	1.000060	0.000051	1.011357	0.000045	1.024787	0.000020	1.000000	1.000000	
1356748336.760351	1.000000	42.633423	29.128677	6.003250	1.000000	0.005937	1.000000	1.000000	1.000000	1.000000	1.000000	1.000000	0.999571	0.000173	0.994364	0.000037	1.000260	0.002020	1.000136	0.000009	1356748336.760547	0.999997	43.347150	29.775895	6.809561	0.999868	0.000070	1.000000	1.000000	1.000000	1.000000	0.996207	0.000016	0.999969	0.000086	1.000407	0.000064	1.000672	0.000050	1.000000	1.000000	
1356748337.760351	1.000000	42.644531	29.106644	6.142303	0.999986	0.005748	1.000001	1.000000	1.000000	0.999999	1.000000	1.000000	0.999937	0.000170	0.998624	0.000041	0.999346	0.000101	0.999807	0.000054	1356748337.760560	1.000013	43.536386	29.900304	7.508034	1.000048	0.000088	1.000000	1.000000	1.000000	1.000000	1.001538	0.000048	0.999789	0.000053	0.999901	0.000031	0.994771	0.000007	1.000000	1.000000	
1356748338.760351	1.000000	42.635315	29.113068	6.056305	0.999988	0.005948	1.000000	1.000000	1.000000	1.000001	1.000000	1.000000	1.000221	0.000143	1.002465	0.000036	1.001230	0.000053	1.002918	0.000008	1356748338.760554	0.999994	43.657594	30.047069	7.199643	0.999952	0.000073	1.000000	1.000000	1.000000	1.000000	1.000494	0.000017	1.000124	0.000084	1.000166	0.000077	0.999960	0.000048	1.000000	1.000000	
1356748339.760351	1.000000	42.657257	29.145264	5.996567	0.999986	0.005739	1.000000	1.000000	0.999999	1.000000	1.000000	1.000000	0.999906	0.000456	1.003240	0.000044	1.000053	0.000087	0.999693	0.000049	1356748339.760551	0.999997	43.562727	29.978837	7.187614	0.999921	0.000068	1.000000	1.000000	1.000000	1.000000	0.999440	0.000049	0.999717	0.000053	0.999610	0.000032	1.001333	0.000007	1.000000	1.000000	
1356748340.760351	1.000000	42.643677	29.133087	6.000153	0.999986	0.005923	1.000000	1.000000	1.000000	1.000000	1.000000	1.000000	1.000127	0.000139	0.995332	0.000036	1.000064	0.000072	1.000181	0.000009	1356748340.760552	1.000001	43.433217	29.849550	6.860757	0.999958	0.000073	1.000000	1.000000	1.000000	1.000000	0.999688	0.000017	1.000142	0.000087	1.000024	0.000063	0.999645	0.000049	1.000000	1.000000	
1356748341.760351	1.000000	42.641678	29.136414	5.999939	0.999987	0.005777	1.000000	1.000000	1.000000	1.000000	1.000000	1.000000	0.999995	0.000153	1.000142	0.000041	1.000023	0.000085	0.999872	0.000054	1356748341.760550	0.999998	43.521003	29.943874	6.890013	1.000128	0.000069	1.000000	1.000000	1.000000	1.000000	1.000622	0.000050	0.999804	0.000053	0.999855	0.000032	1.003731	0.000007	1.000000	1.000000	
1356748342.760351	1.000000	42.605545	29.092010	6.037750	0.999981	0.005917	1.000000	1.000000	1.000000	1.000000	1.000000	1.000000	0.999907	0.000137	0.998186	0.000036	1.001538	0.000071	1.014565	0.000008	1356748342.760553	1.000003	43.453311	29.858565	7.291069	0.999926	0.000073	1.000000	1.000000	1.000000	1.000000	0.997941	0.000016	1.000387	0.000085	1.000050	0.000077	0.999370	0.000048	1.000000	1.000000	
1356748343.760351	1.000000	42.569046	29.072388	5.983383	0.999992	0.005768	1.000000	0.999999	1.000000	1.000000	1.000000	1.000000	1.000335	0.000187	1.001891	0.000044	0.998256	0.000084	0.998878	0.000050	1356748343.760562	1.000009	43.463351	29.892170	7.053433	0.999820	0.000068	1.000000	1.000000	1.000000	1.000000	1.000455	0.000049	0.999379	0.000054	0.999889	0.000031	0.999462	0.000007	1.000000	1.000000	
1356748344.760350	0.999999	42.623255	29.097074	6.010519	1.000003	0.005930	1.000001	1.000001	1.000000	1.000000	0.999999	0.999999	0.999927	0.000432	0.999749	0.000035	0.999868	0.000053	0.987418	0.000008	1356748344.760547	0.999985	43.472241	29.858282	7.371906	1.000088	0.000070	1.000000	1.000000	1.000000	1.000000	1.000048	0.000016	1.000140	0.000088	0.999945	0.000063	1.000319	0.000048	1.000000	1.000000	
1356748345.760351	1.000001	42.642049	29.120211	6.065393	0.999965	0.005762	1.000000	1.000000	1.000000	1.000000	1.000000	1.000001	1.000706	0.000154	0.987247	0.000042	0.996806	0.000103	0.991015	0.000053	1356748345.760553	1.000006	43.411088	29.812994	7.232013	0.999905	0.000069	1.000000	1.000000	1.000000	1.000000	0.990256	0.000050	1.000152	0.000053	1.000084	0.000032	0.999302	0.000007	1.000000	1.000000	
1356748346.760351	1.000000	42.635269	29.119110	6.010376	0.999988	0.004974	1.000000	1.000000	1.000000	1.000000	1.000000	1.000000	0.999026	0.000156	1.010231	0.000051	1.000159	0.002038	1.023440	0.000023	1356748346.760550	0.999997	43.488950	29.899110	7.072440	0.999978	0.001160	1.000000	1.000000	1.000000	1.000000	1.016123	0.000030	0.999717	0.000105	0.992674	0.000071	0.989788	0.000049	1.000000	1.000000	
1356748347.760351	1.000000	44.126907	30.581619	6.109100	0.999996	0.003114	1.000000	1.000000	1.000000	1.000000	1.000000	1.000000	0.999999	0.002368	0.999938	0.002238	0.999923	0.002085	1.000022	0.002029	1356748347.760557	1.000007	43.776354	30.129461	7.813911	0.999985	0.006027	1.000000	1.000000	1.000000	1.000000	0.999849	0.000043	1.000068	0.000332	1.000141	0.003739	1.025386	0.000020	1.000000	1.000000	
1356748348.760351	1.000000	42.422729	28.896973	6.078522	1.000049	0.000461	1.000000	1.000000	1.000000	1.000000	1.000000	1.000000	1.000749	0.000159	1.003383	0.000036	1.002751	0.000053	0.991304	0.000009	1356748348.760553	0.999996	43.739267	30.123245	7.537888	0.999984	0.005667	1.000000	1.000000	1.000000	1.000000	1.000631	0.000016	0.999986	0.000082	1.000094	0.000062	0.999589	0.000047	1.000000	1.000000	
1356748349.760358	1.000007	19.128866	5.835836	3.571615	0.612114	0.000976	0.999695	0.088426	0.999799	0.088372	0.999802	0.088375	0.745862	0.001362	0.712736	0.000063	0.648082	0.000146	0.729711	0.000088	1356748349.760676	1.000123	29.829353	16.616578	2.188680	0.999987	0.000647	0.999996	0.088176	0.999997	0.088123	1.001509	0.000073	0.999838	0.000074	0.999678	0.000053	1.001282	0.000007	1.000000	1.000000	
1356748350.760350	0.999992	17.000733	3.716446	3.181483	0.670510	0.000613	0.830750	0.000022	0.838640	0.000022	0.988000	0.000018	0.569964	0.000283	0.684767	0.000059	0.597855	0.000131	0.694366	0.000012	1356748350.760846	1.000170	28.795291	15.603793	1.740045	0.999957	0.000125	0.999975	0.000015	1.000067	0.000075	0.999684	0.000017	1.000043	0.000116	1.000136	0.000151	0.999815	0.000071	1.000000	1.000000	
1356748351.760356	1.000006	17.042165	3.745797	3.177609	0.531287	0.000458	0.639558	0.000077	0.637612	0.000077	0.683871	0.000075	0.596871	0.000274	0.532818	0.000240	0.630969	0.000144	0.648723	0.000076	1356748351.760764	0.999918	28.789501	15.597181	1.686189	0.999959	0.000103	0.999984	0.000071	0.998427	0.000007	0.999926	0.000063	0.999995	0.000083	0.999711	0.000045	1.000161	0.000007	1.000000	1.000000	
1356748352.760350	0.999994	17.068827	3.757240	3.167011	0.668622	0.000612	1.000824	0.000018	0.998657	0.000017	0.832501	0.000020	0.579232	0.000247	0.711449	0.000054	0.581854	0.000131	0.999040	0.000008	1356748352.760773	1.000009	28.765456	15.576977	1.676300	1.000000	0.000100	0.999529	0.000016	1.000126	0.000074	0.999977	0.000017	0.999993	0.000118	0.999613	0.000091	1.000445	0.000066	1.000000	1.000000	
1356748353.760350	1.000000	17.053619	3.739075	3.180618	0.521029	0.000470	0.681034	0.000076	0.646890	0.000077	0.689995	0.000077	0.568156	0.000286	0.717333	0.000062	0.611783	0.000144	0.706010	0.000080	1356748353.760724	0.999951	28.755883	15.570314	1.701728	0.999900	0.000092	0.999988	0.000063	0.999891	0.000007	0.999988	0.000065	0.999970	0.000076	1.000415	0.000046	0.998657	0.000007	1.000000	1.000000	
1356748354.760350	1.000000	17.028519	3.716385	3.149017	0.673183	0.000613	0.938674	0.000059	0.825163	0.000022	1.011414	0.000019	0.681713	0.000707	0.700449	0.000056	0.608203	0.000093	0.978990	0.000009	1356748354.760841	1.000117	28.754050	15.571602	1.721036	1.000063	0.000111	1.000248	0.000016	0.999857	0.000076	1.000063	0.000018	0.999987	0.000115	1.000033	0.000116	0.999815	0.000071	1.000000	1.000000	
1356748355.760351	1.000001	715771255.588173	715766455.072808	715784897.633849	0.999911	1.000647	0.999910	1.000659	0.999920	1.000654	0.999911	1.000646	0.999912	1.000655	0.999914	1.000646	0.999913	1.000660	0.999911	1.000651	1356748355.760447	0.999606	716047756.145732	716074039.785352	716084185.491843	0.999911	1.000647	0.999910	1.000655	3.898285	0.256673	0.999909	1.000642	0.999913	1.000662	0.999913	1.000644	0.999911	1.000655	0.999913	1.000657	
1356748356.760430	1.000079	0.000000	0.000000	0.000000	-nan	-nan	-nan	-nan	1525318982196.141846	inf	-nan	-nan	-nan	0.000000	0.000000	inf	-nan	-nan	-nan	-nan	1356748356.760509	1.000062	0.000000	0.000000	0.000000	-nan	-nan	-nan	-nan	1.345745	inf	-nan	-nan	-nan	-nan	-nan	-nan	-nan	-nan	-nan	-nan	
