ts_0	elapsed_0	pkg_0	pp0_0	dram_0	freq_ratio_0_0	c0_ratio_0_0	freq_ratio_0_1	c0_ratio_0_1	freq_ratio_0_2	c0_ratio_0_2	freq_ratio_0_3	c0_ratio_0_3	freq_ratio_0_4	c0_ratio_0_4	freq_ratio_0_5	c0_ratio_0_5	freq_ratio_0_6	c0_ratio_0_6	freq_ratio_0_7	c0_ratio_0_7	ts_1	elapsed_1	pkg_1	pp0_1	dram_1	freq_ratio_1_0	c0_ratio_1_0	freq_ratio_1_1	c0_ratio_1_1	freq_ratio_1_2	c0_ratio_1_2	freq_ratio_1_3	c0_ratio_1_3	freq_ratio_1_4	c0_ratio_1_4	freq_ratio_1_5	c0_ratio_1_5	freq_ratio_1_6	c0_ratio_1_6	freq_ratio_1_7	c0_ratio_1_7	
1356627498.306261	1.001725	48.986697	35.819956	4.084279	1.154557	0.254837	1.156135	0.261520	1.155082	0.254213	1.155960	0.256807	1.154227	0.250362	1.156917	0.259915	1.154929	0.252477	1.156333	0.257522	1356627498.306484	1.000509	45.597716	32.424962	1.749506	0.999972	0.947928	0.999925	0.797670	1.000000	0.968048	0.999958	0.460803	0.993918	0.000033	0.994062	0.000037	0.993870	0.000031	0.999612	0.798753	
1356627499.306221	0.999960	60.069758	46.897051	4.346991	0.999939	0.961816	1.000000	0.962090	1.000001	0.961669	1.000001	0.961698	1.000001	0.961695	1.000001	0.961751	0.999959	0.871092	0.993030	0.002606	1356627499.306287	0.999803	48.591799	35.399092	1.746712	1.000000	1.000000	1.000001	0.961860	1.000000	1.000000	1.000000	0.961860	1.000001	0.631664	1.000126	0.000098	0.999602	0.000075	0.990888	0.000009	
1356627500.306219	0.999998	63.519546	50.335820	4.443795	1.000000	1.000000	1.000000	1.000000	1.000000	1.000000	1.000000	1.000000	1.000000	1.000000	1.000000	1.000000	1.000000	1.000000	1.000307	0.000481	1356627500.306279	0.999992	51.575140	38.379156	1.669935	1.000000	1.000000	1.000000	1.000000	1.000000	1.000000	1.000000	1.000000	1.000000	1.000000	1.002001	0.000098	1.015997	0.000009	0.999722	0.000081	
1356627501.306221	1.000002	63.410157	50.238521	4.420615	1.000000	0.998781	1.000000	0.997302	1.000000	1.000000	1.000000	1.000000	1.000000	1.000000	1.000000	1.000000	1.000000	1.000000	1.000982	0.000562	1356627501.306285	1.000006	51.643445	38.438507	1.671239	1.000000	0.996675	1.000000	0.996656	1.000000	1.000000	1.000000	1.000000	1.000000	1.000000	0.999944	0.000124	1.000093	0.000070	1.013962	0.000009	
1356627502.306219	0.999998	63.530349	50.344777	4.480721	1.000000	1.000000	1.000000	1.000000	1.000000	1.000000	1.000000	1.000000	1.000000	1.000000	1.000000	1.000000	1.000000	1.000000	0.998395	0.000455	1356627502.306276	0.999991	51.690761	38.483884	1.643036	1.000000	1.000000	1.000000	1.000000	1.000000	1.000000	1.000000	1.000000	1.000000	1.000000	1.000039	0.000098	1.009608	0.000009	0.995437	0.000082	
1356627503.306219	1.000000	63.577469	50.389023	4.525177	1.000000	1.000000	1.000000	1.000000	1.000000	1.000000	1.000000	1.000000	1.000000	1.000000	1.000000	1.000000	1.000000	1.000000	1.001378	0.000797	1356627503.306279	1.000003	51.705345	38.498279	1.635508	1.000000	1.000000	1.000000	1.000000	1.000000	1.000000	1.000000	1.000000	1.000000	1.000000	0.993650	0.000133	0.989799	0.000069	0.985969	0.000009	
1356627504.306219	1.000000	63.562286	50.372986	4.572433	1.000000	1.000000	1.000000	1.000000	1.000000	1.000000	1.000000	1.000000	1.000000	1.000000	1.000000	1.000000	1.000000	1.000000	0.999271	0.000524	1356627504.306277	0.999998	51.750221	38.536206	1.634540	1.000000	1.000000	1.000000	1.000000	1.000000	1.000000	1.000000	1.000000	1.000000	1.000000	1.006871	0.000122	1.017852	0.000038	0.997677	0.000113	
1356627505.306219	1.000000	63.636383	50.444565	4.519852	1.000000	1.000000	1.000000	1.000000	1.000000	1.000000	1.000000	1.000000	1.000000	1.000000	1.000000	1.000000	1.000000	1.000000	0.999958	0.000460	1356627505.306280	1.000003	51.667198	38.465899	1.658076	1.000000	1.000000	1.000000	1.000000	1.000000	1.000000	1.000000	1.000000	1.000000	1.000000	0.999994	0.000126	1.000239	0.000066	1.032652	0.000023	
1356627506.306219	1.000000	63.680481	50.491302	4.457062	1.000000	1.000000	1.000000	1.000000	1.000000	1.000000	1.000000	1.000000	1.000000	1.000000	1.000000	1.000000	1.000000	1.000000	0.999960	0.000844	1356627506.306282	1.000002	51.757348	38.537433	1.675046	1.000000	1.000000	1.000000	1.000000	1.000000	1.000000	1.000000	1.000000	1.000000	1.000000	0.999268	0.000285	0.976660	0.000009	0.999820	0.000058	
1356627507.306219	1.000000	63.793869	50.609985	4.495041	1.000000	1.000000	1.000000	1.000000	1.000000	1.000000	1.000000	1.000000	1.000000	1.000000	1.000000	1.000000	1.000000	1.000000	0.999987	0.000446	1356627507.306281	0.999999	51.766086	38.546927	1.642595	1.000000	1.000000	1.000000	1.000000	1.000000	1.000000	1.000000	1.000000	1.000000	1.000000	1.001309	0.000155	1.002677	0.000066	1.001709	0.000009	
1356627508.306219	1.000000	63.794617	50.611343	4.470718	1.000000	1.000000	1.000000	1.000000	1.000000	1.000000	1.000000	1.000000	1.000000	1.000000	1.000000	1.000000	1.000000	1.000000	1.000519	0.000744	1356627508.306280	0.999999	51.745197	38.523352	1.653932	1.000000	1.000000	1.000000	1.000000	1.000000	1.000000	1.000000	0.999999	1.000000	1.000000	0.999160	0.000137	0.994987	0.000008	1.001670	0.000056	
1356627509.306219	1.000000	63.765533	50.592972	4.543549	1.000000	1.000000	1.000000	1.000000	1.000000	1.000000	1.000000	1.000000	1.000000	1.000000	1.000000	1.000000	1.000000	1.000000	0.999839	0.002392	1356627509.306278	0.999998	51.758781	38.540280	1.706088	1.000000	1.000000	1.000000	1.000000	1.000000	1.000000	1.000000	1.000000	1.000000	1.000000	1.000681	0.000182	1.000791	0.000079	0.993014	0.000009	
1356627510.306220	1.000001	715761435.018788	715824979.350461	715793519.808945	0.999953	1.000898	0.999948	1.000892	0.999960	1.000898	0.999952	1.000895	0.999954	1.000906	0.999953	1.000889	0.999953	1.000903	0.999952	1.000894	1356627510.306307	1.000029	715797567.512542	715766441.213202	715759381.085507	0.999953	1.000901	0.999948	1.000892	3.895549	0.256925	0.999951	1.000891	0.999953	1.000904	0.999954	1.000891	0.999951	1.000896	0.999953	1.000902	
1356627511.306248	1.000028	0.000000	0.000000	0.000000	-nan	-nan	-nan	-nan	0.000000	inf	-nan	-nan	-nan	0.000000	-nan	-nan	-nan	-nan	-nan	-nan	1356627511.306339	1.000032	0.000000	0.000000	0.000000	-nan	-nan	-nan	-nan	0.000000	inf	-nan	-nan	-nan	-nan	-nan	-nan	-nan	-nan	-nan	-nan	
1356627512.306275	1.000027	0.000000	0.000000	0.000000	-nan	-nan	-nan	-nan	0.000000	inf	-nan	-nan	-nan	0.000000	0.000000	inf	-nan	-nan	-nan	-nan	1356627512.306368	1.000029	0.000000	0.000000	0.000000	-nan	-nan	-nan	-nan	inf	-nan	-nan	-nan	-nan	-nan	-nan	-nan	-nan	-nan	-nan	-nan	
