ts_0	elapsed_0	pkg_0	pp0_0	dram_0	freq_ratio_0_0	c0_ratio_0_0	freq_ratio_0_1	c0_ratio_0_1	freq_ratio_0_2	c0_ratio_0_2	freq_ratio_0_3	c0_ratio_0_3	freq_ratio_0_4	c0_ratio_0_4	freq_ratio_0_5	c0_ratio_0_5	freq_ratio_0_6	c0_ratio_0_6	freq_ratio_0_7	c0_ratio_0_7	ts_1	elapsed_1	pkg_1	pp0_1	dram_1	freq_ratio_1_0	c0_ratio_1_0	freq_ratio_1_1	c0_ratio_1_1	freq_ratio_1_2	c0_ratio_1_2	freq_ratio_1_3	c0_ratio_1_3	freq_ratio_1_4	c0_ratio_1_4	freq_ratio_1_5	c0_ratio_1_5	freq_ratio_1_6	c0_ratio_1_6	freq_ratio_1_7	c0_ratio_1_7	
1356627729.333804	1.001957	29.565022	16.332890	6.050796	1.154278	0.257222	1.153923	0.254647	1.153459	0.253099	1.155279	0.258004	1.154073	0.253646	1.155007	0.256259	1.155215	0.256865	1.154027	0.252723	1356627729.334043	1.000459	38.206815	25.054495	2.243904	0.999949	0.998500	1.000002	0.660784	0.848980	0.000129	0.903400	0.000132	0.612109	0.000050	0.999996	0.000110	0.999799	0.000031	0.999925	0.966500	
1356627730.333802	0.999998	28.360116	15.129530	6.109081	0.999960	0.000385	1.005002	0.000013	1.000000	1.000000	1.000823	0.000057	0.999989	0.007193	0.999980	0.000038	0.999796	0.000057	1.001481	0.000048	1356627730.334038	0.999995	40.353001	27.176909	2.921691	1.000000	1.000000	1.000000	1.000000	0.997878	0.000043	0.999956	0.002101	1.000112	0.000048	0.999989	0.000035	1.000032	0.000048	1.000000	1.000000	
1356627731.333801	0.999999	33.212785	19.975101	6.090582	1.000000	0.903003	0.997782	0.000374	1.000000	1.000000	1.001929	0.000022	0.999975	0.007386	1.000750	0.000090	1.006090	0.000013	1.003040	0.000013	1356627731.334012	0.999974	35.416982	22.245329	2.952576	0.999993	0.097085	1.000000	1.000000	0.999873	0.000076	1.001807	0.000046	0.999609	0.000012	0.999834	0.000063	1.000141	0.000011	1.000000	1.000000	
1356627732.333801	1.000000	28.801331	15.564667	6.121399	0.999998	0.089336	1.000623	0.000326	1.000000	1.000000	0.990775	0.000057	0.999979	0.006072	0.999004	0.000035	0.988734	0.000048	0.987666	0.000045	1356627732.334050	1.000038	39.909605	26.731836	2.743915	1.000001	0.910970	1.000000	1.000000	1.002134	0.000037	0.999766	0.000358	0.998079	0.000046	1.000182	0.000049	0.999917	0.000046	1.000000	1.000000	
1356627733.333801	1.000000	28.193222	14.958893	6.102768	0.999518	0.000298	0.999439	0.000424	1.000000	1.000000	1.013197	0.000040	0.999958	0.000250	0.998127	0.000085	1.018373	0.000029	1.018979	0.000029	1356627733.334048	0.999998	40.354462	27.171851	1.687915	1.000000	1.000000	1.000000	1.000000	0.995623	0.000117	1.003907	0.000021	1.007437	0.000012	0.996335	0.000143	1.000243	0.000011	1.000000	1.000000	
1356627734.333801	1.000000	31.859116	18.621750	6.115234	1.000000	0.700764	1.000728	0.000314	1.000000	1.000000	0.999838	0.000055	1.000008	0.000145	1.004972	0.000039	0.999669	0.000094	0.999804	0.000049	1356627734.334010	0.999962	36.485926	23.306319	1.667406	0.999998	0.299092	1.000000	1.000000	1.005014	0.000087	1.000007	0.000104	0.999729	0.000082	1.003834	0.000136	0.999977	0.000101	1.000000	1.000000	
1356627735.333803	1.000002	33.405606	20.163414	6.121326	0.999992	0.996318	0.999976	0.000603	0.999983	0.996334	1.000085	0.000087	0.999963	0.000196	1.000005	0.000145	1.001714	0.000025	0.999818	0.000013	1356627735.334020	1.000010	34.822008	21.647916	1.635405	1.000154	0.000053	1.000000	1.000000	0.999989	0.000219	1.000080	0.000184	1.000567	0.000086	1.000063	0.000320	1.001259	0.000020	1.000000	0.996381	
1356627736.333962	1.000159	37.486867	24.240591	6.120426	1.000000	0.825164	1.000002	0.888790	1.000001	1.000000	0.999532	0.000606	1.001531	0.000134	1.001858	0.000036	1.005551	0.000046	1.005837	0.000046	1356627736.334172	1.000152	30.769505	17.598352	1.723005	0.999998	0.175095	0.999999	0.999999	0.989005	0.000045	0.987305	0.000101	0.987577	0.000057	0.999835	0.005068	0.989328	0.000065	0.999984	0.110888	
1356627737.333802	0.999840	35.353343	22.103786	6.102813	0.999996	0.003813	1.000000	1.000000	1.000000	1.000000	0.999945	0.003088	1.000008	0.002840	1.000225	0.002930	0.999990	0.002562	1.000002	0.002559	1356627737.333973	0.999801	37.348759	24.176444	1.770906	1.000000	1.000000	1.000000	1.000000	0.999969	0.002819	1.000205	0.002925	1.000119	0.002708	1.000132	0.003487	1.000079	0.002615	0.999975	0.002526	
1356627738.333944	1.000142	29.552167	16.313279	6.108202	0.998993	0.000065	0.999993	0.209243	0.999999	0.999999	0.999980	0.009793	0.997811	0.000133	0.974864	0.000035	0.996869	0.000087	0.993325	0.000040	1356627738.334194	1.000221	39.194813	26.000845	3.621239	1.000001	1.000001	1.000001	1.000001	1.000002	0.790939	1.005726	0.000109	1.006405	0.000056	1.005794	0.000037	1.008835	0.000050	1.004501	0.000121	
1356627739.333802	0.999858	32.937557	19.704796	6.122269	1.000000	0.896031	0.999047	0.000053	1.000000	1.000000	0.999948	0.001457	1.000370	0.000139	1.002164	0.000070	1.002123	0.000013	0.988001	0.000013	1356627739.334021	0.999827	35.243054	22.074515	1.862948	0.999994	0.103988	1.000000	1.000000	1.000000	1.000000	0.998827	0.000074	1.001588	0.000011	1.000479	0.000077	1.003031	0.000012	1.003770	0.000012	
1356627740.333802	1.000000	33.588669	20.340469	6.096741	1.000000	1.000000	0.991607	0.000013	1.000000	1.000000	1.000173	0.000341	0.999325	0.000132	0.997136	0.000036	0.998833	0.000047	0.999529	0.000048	1356627740.334026	1.000005	35.284735	22.107326	1.645728	1.000015	0.006817	1.000000	1.000000	1.000000	1.000000	1.000003	0.002180	0.997323	0.000066	0.999830	0.000048	0.999660	0.000066	0.999485	0.000065	
1356627741.333801	0.999999	33.551576	20.302296	6.109076	1.000000	1.000000	1.002370	0.000067	1.000000	1.000000	0.999932	0.000348	1.000504	0.000137	1.001775	0.000064	1.004472	0.000013	1.014383	0.000013	1356627741.334018	0.999992	34.954400	21.776483	1.633421	0.999938	0.008537	1.000000	1.000000	1.000000	1.000000	0.999985	0.000106	1.014883	0.000011	0.999768	0.000095	1.002061	0.000011	0.999855	0.000011	
1356627742.333801	1.000000	33.496490	20.246857	6.096741	1.000000	1.000000	0.996825	0.000034	1.000000	1.000000	1.000041	0.000350	1.000072	0.000134	0.998871	0.000037	0.999072	0.000047	0.999488	0.000044	1356627742.334022	1.000004	34.664868	21.489018	1.641091	0.999688	0.000269	1.000000	1.000000	1.000000	1.000000	1.000052	0.000391	0.999934	0.000064	1.000511	0.000054	1.000042	0.000064	1.000425	0.000078	
1356627743.333801	1.000000	33.477676	20.230591	6.096741	1.000000	1.000000	1.000984	0.000058	1.000000	1.000000	0.999775	0.000316	1.000082	0.000136	1.000373	0.000086	1.002970	0.000013	1.002526	0.000013	1356627743.334022	1.000000	34.638748	21.461578	1.615479	1.000279	0.000028	1.000000	1.000000	1.000000	1.000000	0.999712	0.000063	1.002044	0.000012	0.999672	0.000080	0.998633	0.000012	0.998522	0.000012	
1356627744.333801	1.000000	33.555450	20.309326	6.096741	1.000000	1.000000	0.984761	0.000013	1.000000	1.000000	1.000476	0.000363	0.999836	0.000132	0.995759	0.000036	0.988664	0.000046	0.988669	0.000047	1356627744.334023	1.000001	34.893079	21.716028	1.638564	0.999964	0.007561	1.000000	1.000000	1.000000	1.000000	0.999873	0.000100	0.999780	0.000065	1.000024	0.000048	1.000197	0.000065	0.999696	0.000062	
1356627745.333801	1.000000	33.554672	20.306686	6.096741	1.000000	1.000000	1.003870	0.000068	1.000000	1.000000	0.999641	0.000366	1.000005	0.000148	1.001803	0.000078	1.018261	0.000029	1.018416	0.000028	1356627745.334025	1.000002	34.876719	21.699833	1.626981	0.999967	0.007766	1.000000	1.000000	1.000000	1.000000	1.000130	0.000089	1.000035	0.000011	1.000057	0.000087	1.000033	0.000012	1.001136	0.000012	
1356627746.333801	1.000000	33.537064	20.287445	6.090576	1.000000	1.000000	0.998053	0.000021	1.000000	1.000000	1.000019	0.000348	1.000180	0.000137	0.999959	0.000038	0.999975	0.000045	0.999862	0.000045	1356627746.334019	0.999994	36.081483	22.913741	1.640223	1.000018	0.005509	1.000000	1.000000	1.000000	1.000000	0.988459	0.000153	0.999037	0.000086	0.999899	0.000088	1.000118	0.000091	0.992542	0.000090	
1356627747.333808	1.000007	715797070.109796	715767232.282835	715786455.750950	0.999952	1.000895	0.999950	1.000901	0.999953	1.000907	0.999952	1.000894	0.999953	1.000902	0.999955	1.000894	0.999952	1.000898	0.999953	1.000900	1356627747.333913	0.999894	715854328.669693	715875296.369950	715862912.014024	0.999952	1.000895	0.999950	1.000901	3.895623	0.256918	0.999953	1.000897	0.999953	1.000901	0.999955	1.000894	0.999952	1.000899	0.999953	1.000898	
1356627748.333857	1.000049	0.000000	0.000000	0.000000	-nan	-nan	-nan	-nan	1.000008	inf	-nan	-nan	-nan	0.000000	-nan	-nan	-nan	-nan	-nan	-nan	1356627748.333940	1.000027	0.000000	0.000000	0.000000	-nan	-nan	-nan	-nan	1.345745	inf	-nan	-nan	-nan	-nan	-nan	-nan	-nan	-nan	-nan	-nan	
