ts_0	elapsed_0	pkg_0	pp0_0	dram_0	freq_ratio_0_0	c0_ratio_0_0	freq_ratio_0_1	c0_ratio_0_1	freq_ratio_0_2	c0_ratio_0_2	freq_ratio_0_3	c0_ratio_0_3	freq_ratio_0_4	c0_ratio_0_4	freq_ratio_0_5	c0_ratio_0_5	freq_ratio_0_6	c0_ratio_0_6	freq_ratio_0_7	c0_ratio_0_7	ts_1	elapsed_1	pkg_1	pp0_1	dram_1	freq_ratio_1_0	c0_ratio_1_0	freq_ratio_1_1	c0_ratio_1_1	freq_ratio_1_2	c0_ratio_1_2	freq_ratio_1_3	c0_ratio_1_3	freq_ratio_1_4	c0_ratio_1_4	freq_ratio_1_5	c0_ratio_1_5	freq_ratio_1_6	c0_ratio_1_6	freq_ratio_1_7	c0_ratio_1_7	
1357209365.689307	1.001895	40.197601	26.857538	6.345885	1.154397	0.404435	1.153827	0.400465	1.154483	0.402362	1.154611	0.403780	1.154149	0.401059	1.154696	0.403863	1.154311	0.401784	1.154448	0.402414	1357209365.689504	1.000443	40.073435	26.513035	7.276333	0.999964	0.863891	0.999946	0.863114	1.002160	0.000190	1.001799	0.000128	0.621746	0.000051	1.005438	0.000061	1.012764	0.000032	0.999770	0.864618	
1357209366.689302	0.999995	42.132062	28.765037	6.682818	1.000000	0.999675	1.000001	1.000000	1.000001	1.000000	1.000000	0.003460	1.000039	0.003047	1.000037	0.003595	1.000029	0.002998	1.000016	0.003062	1357209366.689486	0.999982	42.640869	29.017960	8.170663	1.000000	0.999698	1.000000	0.999680	1.000000	0.003078	0.999997	0.003003	0.999985	0.002924	1.000012	0.002939	1.000000	0.002756	1.000000	0.999706	
1357209367.689301	0.999999	42.154001	28.762494	6.717307	1.000000	1.000000	1.000000	1.000000	1.000000	1.000000	0.999987	0.000390	0.999739	0.000016	1.000777	0.000038	1.000458	0.000036	1.000223	0.000109	1357209367.689489	1.000003	42.636709	28.995851	8.135336	1.000000	1.000000	1.000000	1.000000	0.999901	0.000349	0.999424	0.000050	0.998460	0.000007	0.999230	0.000037	0.992135	0.000007	1.000000	1.000000	
1357209368.689303	1.000002	42.183834	28.776572	7.075243	1.000000	1.000000	1.000000	1.000000	1.000000	1.000000	0.999949	0.000343	0.998011	0.000054	0.998687	0.000068	1.000197	0.000047	1.000015	0.000077	1357209368.689494	1.000005	42.667267	29.003929	8.086965	1.000000	0.999875	1.000000	0.999824	1.000527	0.000073	1.002890	0.000007	1.000651	0.000049	1.000189	0.000061	1.000927	0.000048	1.000000	0.999855	
1357209369.689301	0.999998	42.202000	28.791879	6.983412	1.000000	1.000000	1.000000	1.000000	1.000000	1.000000	0.999662	0.000402	1.005365	0.000018	1.002719	0.000038	0.999652	0.000037	0.999904	0.000132	1357209369.689486	0.999992	42.692607	29.023871	8.120534	1.000000	1.000000	1.000000	1.000000	0.999700	0.000045	1.000277	0.000060	1.001783	0.000007	1.000187	0.000058	0.998620	0.000011	1.000000	1.000000	
1357209370.689301	1.000000	42.234818	28.846329	6.526016	1.000000	1.000000	1.000000	1.000000	1.000000	1.000000	1.000386	0.000345	1.000272	0.000055	1.000088	0.000066	0.999524	0.000045	1.000222	0.000078	1357209370.689486	1.000000	42.703995	29.067139	8.096680	1.000000	1.000000	1.000000	1.000000	1.000047	0.000165	0.997836	0.000007	0.999834	0.000051	1.000037	0.000063	1.000051	0.000045	1.000000	1.000000	
1357209371.689301	1.000000	42.259750	28.872559	6.504913	1.000000	1.000000	0.999999	1.000000	1.000000	1.000000	0.999954	0.000370	0.998550	0.000016	1.000060	0.000038	0.998992	0.000037	1.000043	0.000107	1357209371.689486	1.000000	42.715851	29.079132	8.159927	1.000000	1.000000	1.000000	1.000000	0.987388	0.000045	0.999559	0.000059	0.997965	0.000006	1.000000	0.000037	0.998847	0.000012	1.000000	1.000000	
1357209372.689303	1.000002	42.254604	28.844504	6.978304	1.000000	0.999814	1.000000	0.999838	1.000000	1.000000	0.999765	0.000402	0.991183	0.000058	0.998713	0.000074	0.999427	0.000049	0.999407	0.000106	1357209372.689489	1.000003	42.695714	29.035539	8.101675	1.000000	0.999842	1.000000	0.999831	1.000224	0.002366	1.000321	0.000007	1.000580	0.000050	1.000019	0.000062	1.000600	0.000045	0.999982	0.999893	
1357209373.689301	0.999998	42.269917	28.872797	6.726026	1.000000	1.000000	1.000000	1.000000	1.000000	1.000000	1.000251	0.000380	0.999263	0.000019	0.988910	0.000038	0.988012	0.000037	1.000818	0.000106	1357209373.689485	0.999996	42.753072	29.103084	8.127825	1.000000	1.000000	1.000000	1.000000	1.000231	0.000043	0.992539	0.000062	0.994347	0.000007	0.999150	0.000037	1.000648	0.000011	1.000000	1.000000	
1357209374.689301	1.000000	42.222946	28.859085	6.958649	1.000000	1.000000	1.000000	1.000000	1.000000	1.000000	0.999525	0.000344	1.005837	0.000070	1.006302	0.000081	1.008210	0.000060	0.998866	0.000118	1357209374.689487	1.000002	42.772364	29.104986	8.135818	1.000000	1.000000	1.000000	1.000000	1.000112	0.000093	1.023738	0.000021	1.000075	0.000072	1.000262	0.000085	0.999731	0.000060	1.000000	1.000000	
1357209375.689301	1.000000	42.274170	28.849594	6.796402	1.000000	1.000000	1.000000	1.000000	1.000000	1.000000	1.000067	0.000397	1.008438	0.000016	1.000368	0.000038	0.999276	0.000037	1.000948	0.000106	1357209375.689487	1.000000	42.765884	29.105240	8.146286	1.000000	1.000000	1.000000	1.000000	1.000190	0.000077	0.999616	0.000054	0.997396	0.000006	0.999181	0.000038	1.000936	0.000006	1.000000	1.000000	
1357209376.689301	1.000000	42.303665	28.928772	6.424713	1.000000	1.000000	1.000000	1.000000	1.000000	1.000000	0.999964	0.000330	0.998274	0.000056	0.999308	0.000071	1.000008	0.000047	1.000060	0.000077	1357209376.689483	0.999996	42.744878	29.104030	8.176181	1.000000	1.000000	1.000000	1.000000	1.000005	0.000074	1.003068	0.000007	1.000266	0.000048	1.000897	0.000060	0.999806	0.000050	1.000000	1.000000	
1357209377.689301	1.000000	42.287323	28.906616	6.789810	1.000000	1.000000	1.000000	1.000000	1.000000	1.000000	1.000254	0.000372	1.001253	0.000016	0.995430	0.000038	1.002135	0.000036	0.999308	0.000105	1357209377.689482	0.999999	42.782435	29.113599	8.160698	1.000000	1.000000	1.000000	1.000000	0.999962	0.000344	0.999864	0.000060	1.000529	0.000007	1.000000	0.000038	0.999526	0.000012	1.000000	1.000000	
1357209378.689301	1.000000	42.281982	28.909515	6.803925	1.000000	1.000000	1.000000	1.000000	1.000000	1.000000	1.000055	0.000330	1.000157	0.000052	1.001765	0.000063	0.999965	0.000044	0.999961	0.000078	1357209378.689478	0.999996	42.762563	29.091030	8.106936	1.000000	1.000000	1.000000	1.000000	1.000114	0.000074	1.000275	0.000007	0.999611	0.000051	0.999829	0.000061	1.000459	0.000046	1.000000	1.000000	
1357209379.689301	1.000000	42.291977	28.927750	6.642319	1.000000	1.000000	1.000000	1.000000	1.000000	1.000000	0.999960	0.000368	1.002973	0.000016	1.001006	0.000038	1.000032	0.000036	1.000460	0.000131	1357209379.689489	1.000011	42.758183	29.100053	8.146654	1.000000	1.000000	1.000000	1.000000	0.999974	0.000045	0.999934	0.000058	1.006583	0.000007	0.999673	0.000058	0.999376	0.000011	1.000000	1.000000	
1357209380.689301	1.000000	42.290558	28.927582	6.661255	1.000000	1.000000	1.000000	1.000000	1.000000	1.000000	1.000263	0.000380	1.000388	0.000055	1.000435	0.000069	0.999672	0.000047	1.000236	0.000077	1357209380.689487	0.999998	42.772192	29.113337	8.157105	1.000000	1.000000	1.000000	1.000000	0.999710	0.000075	1.000439	0.000007	0.999638	0.000049	1.000208	0.000059	0.999785	0.000045	1.000000	1.000000	
1357209381.689301	1.000000	42.314362	28.955002	6.608231	1.000000	1.000000	1.000000	1.000000	1.000000	1.000000	0.999884	0.000363	0.995718	0.000017	0.998163	0.000038	0.999602	0.000037	0.999473	0.000104	1357209381.689486	0.999999	42.778575	29.123471	8.165489	1.000000	1.000000	1.000000	1.000000	0.986767	0.000044	1.000032	0.000060	1.003244	0.000007	0.999692	0.000036	1.002683	0.000011	1.000000	1.000000	
1357209382.689301	1.000000	42.276550	28.898895	7.043488	1.000000	1.000000	1.000000	1.000000	1.000000	1.000000	1.000090	0.000347	1.000587	0.000051	0.999589	0.000062	0.995931	0.000044	1.000337	0.000078	1357209382.689484	0.999998	42.784460	29.109095	8.134415	1.000000	1.000000	1.000000	1.000000	1.000112	0.005332	0.999355	0.000007	0.999727	0.000051	0.999684	0.000061	0.998891	0.000046	1.000000	1.000000	
1357209383.689301	1.000000	42.230591	28.880005	6.636642	1.000000	1.000000	1.000000	1.000000	1.000000	1.000000	0.999992	0.000374	0.996209	0.000016	1.002437	0.000038	1.001367	0.000037	1.000085	0.000105	1357209383.689491	1.000007	42.788828	29.126935	8.113805	1.000000	1.000000	1.000000	1.000000	0.999795	0.000045	1.000112	0.000058	0.999088	0.000007	1.000231	0.000037	1.003116	0.000012	1.000000	1.000000	
1357209384.689301	1.000000	42.324890	28.955704	6.741074	1.000000	1.000000	1.000000	1.000000	1.000000	1.000000	1.000039	0.000327	0.991913	0.000051	0.999211	0.000065	1.003226	0.000047	1.000189	0.000102	1357209384.689493	1.000002	42.779185	29.108602	8.105118	1.000000	1.000000	1.000000	1.000000	1.000077	0.000080	1.000000	0.000007	1.000063	0.000049	1.000454	0.000082	0.999664	0.000044	1.000000	1.000000	
1357209385.689301	1.000000	42.313080	28.945618	6.668137	1.000000	1.000000	1.000000	1.000000	1.000000	1.000000	0.999833	0.000377	1.000533	0.000017	0.988091	0.000038	0.985108	0.000037	1.000848	0.000129	1357209385.689489	0.999996	42.794180	29.126293	8.124957	1.000000	1.000000	1.000000	1.000000	0.999870	0.000044	0.991614	0.000059	0.999252	0.000006	0.998368	0.000037	0.996750	0.000012	1.000000	1.000000	
1357209386.689303	1.000002	42.325771	28.939718	7.200731	0.999983	0.999698	0.999990	0.999680	0.999991	0.999682	1.000108	0.000343	1.005714	0.000066	1.004428	0.000077	1.005755	0.000058	0.998196	0.000093	1357209386.689493	1.000004	42.783884	29.091618	8.128446	1.000000	1.000000	1.000000	1.000000	0.999958	0.000091	1.023049	0.000021	1.000000	0.000071	1.000580	0.000065	1.000891	0.000060	1.000000	0.999744	
1357209387.689301	0.999998	42.319554	28.953760	6.706022	1.000000	1.000000	1.000000	1.000000	1.000000	1.000000	0.999971	0.000385	1.008135	0.000016	1.005373	0.000038	1.003131	0.000037	1.000055	0.000104	1357209387.689486	0.999993	42.764303	29.101184	8.164531	1.000000	1.000000	1.000000	1.000000	0.999983	0.000344	1.000215	0.000054	0.994695	0.000006	0.999969	0.000038	0.993997	0.000006	1.000000	1.000000	
1357209388.689301	1.000000	42.335419	28.965912	6.794617	1.000000	1.000000	1.000000	1.000000	1.000000	1.000000	1.000090	0.000329	0.998463	0.000051	0.999747	0.000070	1.001022	0.000045	0.997995	0.000077	1357209388.689487	1.000001	42.807088	29.140826	8.149040	1.000000	1.000000	1.000000	1.000000	0.999380	0.000070	0.998367	0.000007	1.000895	0.000048	0.999579	0.000060	1.000669	0.000050	1.000000	1.000000	
1357209389.689301	1.000000	42.310669	28.932541	6.794052	1.000000	1.000000	1.000000	1.000000	1.000000	1.000000	0.999929	0.000375	1.005036	0.000017	1.000430	0.000038	1.001417	0.000037	1.001314	0.000129	1357209389.689487	1.000000	42.768570	29.092285	8.132690	1.000000	1.000000	1.000000	1.000000	1.000878	0.000045	0.999903	0.000060	0.998077	0.000007	1.000402	0.000057	0.998819	0.000012	1.000000	1.000000	
1357209390.689301	1.000000	42.313828	28.946060	6.625778	1.000000	1.000000	1.000000	1.000000	1.000000	1.000000	1.000046	0.000347	0.999864	0.000051	0.998658	0.000062	0.999973	0.000043	1.000224	0.000078	1357209390.689486	0.999999	42.781291	29.122876	8.114815	1.000000	1.000000	1.000000	1.000000	1.000000	0.000099	1.000773	0.000007	1.000134	0.000049	0.999810	0.000061	1.000610	0.000045	1.000000	1.000000	
1357209391.689301	1.000000	43.286438	29.920532	6.527664	1.000000	1.000000	1.000000	0.999999	1.000000	1.000000	0.999978	0.003390	0.999814	0.003091	1.000014	0.003356	0.999802	0.002966	0.999965	0.003054	1357209391.689450	0.999964	43.924250	30.285285	8.183034	1.000000	1.000000	1.000000	1.000000	0.999835	0.003618	0.999820	0.003102	0.999810	0.002992	1.000008	0.002957	0.999803	0.002970	1.000000	1.000000	
1357209392.689316	1.000015	35.764020	22.498975	5.963717	0.999741	0.745461	1.000000	0.744130	1.000000	0.744103	0.955848	0.000345	1.012894	0.000042	0.800689	0.000090	1.009983	0.000054	0.987272	0.000078	1357209392.689581	1.000131	38.491620	24.975765	6.103297	0.999999	0.743916	0.999999	0.743889	1.000248	0.002338	1.090796	0.000006	1.010890	0.000053	0.999600	0.000075	1.011439	0.000052	1.000000	1.000000	
1357209393.689301	0.999985	18.472995	5.322178	3.473548	0.740497	0.002777	0.950846	0.000018	1.000553	0.000017	0.639210	0.000285	0.801421	0.000021	0.662532	0.000057	0.640861	0.000057	0.672776	0.000173	1357209393.689662	1.000081	28.694955	15.429459	2.883357	0.999781	0.000021	0.999959	0.000076	0.999939	0.000057	0.999934	0.000076	0.998153	0.000006	0.999969	0.000063	0.998337	0.000027	1.000000	1.000000	
1357209394.689301	1.000000	22.814438	9.630905	5.887802	0.738359	0.011744	0.745780	0.000358	0.910463	0.000061	0.857388	0.000351	0.900985	0.000092	0.950826	0.000069	0.969486	0.000110	0.754866	0.000158	1357209394.689560	0.999898	28.847075	15.520520	5.498959	1.000026	0.000103	1.000065	0.000006	1.000004	0.000102	1.000056	0.000096	0.999979	0.000072	1.000083	0.000257	1.000124	0.000078	1.000000	1.000000	
1357209395.689302	1.000001	20.976207	7.791558	6.015787	0.642535	0.015957	0.794149	0.000019	0.797234	0.000020	0.677345	0.000222	1.000315	0.000017	0.683620	0.000056	0.999768	0.000036	0.768589	0.000142	1357209395.689715	1.000155	28.835345	15.510002	5.602373	1.000036	0.000043	0.999893	0.000058	0.999426	0.000056	1.000077	0.000080	0.990549	0.000008	0.999390	0.000036	0.874365	0.000014	1.000000	1.000000	
1357209396.689311	1.000009	19.569479	6.384845	6.234288	0.597591	0.017528	0.648221	0.000077	0.662954	0.000074	0.676390	0.000155	0.686709	0.000076	0.774010	0.000088	0.719457	0.000066	0.608492	0.000134	1357209396.689666	0.999951	28.831235	15.503111	5.907913	0.998379	0.000065	1.000192	0.000006	0.999974	0.000074	0.999453	0.000007	1.000948	0.000050	1.000000	0.000068	1.036411	0.000046	1.000000	1.000000	
1357209397.689305	0.999994	19.815487	6.634408	6.109793	0.606767	0.018086	1.004058	0.000018	0.996334	0.000019	0.637179	0.000240	1.004913	0.000017	0.667255	0.000059	0.915950	0.000044	0.680098	0.000162	1357209397.689683	1.000017	28.827500	15.502210	5.836983	1.000059	0.000059	0.991900	0.000079	0.999988	0.000383	0.992215	0.000063	1.005835	0.000006	0.999936	0.000036	1.008334	0.000012	1.000000	1.000000	
1357209398.689302	0.999997	18.939374	5.763980	6.300450	0.566776	0.017356	0.922970	0.000072	0.737126	0.000088	0.571030	0.000202	0.611203	0.000110	0.589152	0.000137	0.614714	0.000097	0.574251	0.000163	1357209398.689733	1.000050	28.820960	15.503069	5.973364	1.001259	0.000077	1.031191	0.000021	1.000362	0.000085	1.023668	0.000021	0.998748	0.000087	0.998650	0.000069	0.999381	0.000060	1.000000	1.000000	
1357209399.689302	1.000000	20.240250	7.066864	6.137573	0.619679	0.018481	1.001398	0.000030	0.841354	0.000019	0.737993	0.000205	0.806851	0.000019	0.651994	0.000056	0.834323	0.000048	0.857472	0.000157	1357209399.689633	0.999900	28.822505	15.499015	5.804764	1.000275	0.000022	0.999963	0.000074	0.999982	0.000043	1.000000	0.000055	1.013947	0.000007	1.001994	0.000060	0.987861	0.000008	1.000000	1.000000	
1357209400.689302	1.000000	20.790054	7.620331	6.029465	0.628165	0.017618	0.815600	0.000084	0.687209	0.000074	0.674379	0.000157	0.711710	0.000078	0.630790	0.000105	0.681720	0.000066	0.716413	0.000104	1357209400.689582	0.999949	28.800465	15.480496	5.712877	0.999927	0.000058	0.999159	0.000006	1.000037	0.000084	1.000831	0.000007	1.000139	0.000069	0.999793	0.000099	1.001478	0.000050	1.000000	1.000000	
1357209401.689301	0.999999	21.797445	8.625954	5.906469	0.688669	0.014362	0.999674	0.000041	1.004255	0.000017	0.774575	0.000209	1.003009	0.000016	0.681408	0.000056	0.684234	0.000054	0.836807	0.000110	1357209401.689551	0.999969	28.809502	15.490150	5.507754	0.999122	0.000022	1.000039	0.000059	0.983914	0.000046	0.999919	0.000062	1.000107	0.000007	0.999973	0.000058	1.004449	0.000012	1.000000	1.000000	
1357209402.689302	1.000001	20.187572	7.031793	6.234476	0.611804	0.016441	0.789463	0.000091	0.694022	0.000071	0.646911	0.000159	0.719911	0.000072	0.637581	0.000101	0.711487	0.000062	0.749881	0.000078	1357209402.689716	1.000165	28.830037	15.513005	5.865091	1.000071	0.000092	0.998910	0.000006	1.000303	0.002424	0.999289	0.000007	0.999264	0.000072	1.000272	0.000085	0.999631	0.000066	1.000000	1.000000	
1357209403.689302	1.000000	20.178024	7.010666	6.311768	0.614600	0.019077	0.656685	0.000062	0.811781	0.000019	0.765340	0.000195	0.812959	0.000019	0.650754	0.000056	1.002032	0.000037	0.999921	0.000064	1357209403.689538	0.999822	28.773054	15.467980	5.923189	0.999505	0.000021	1.000065	0.000059	0.999884	0.000063	0.999968	0.000060	1.005967	0.000007	1.000011	0.000035	0.996793	0.000012	1.000000	1.000000	
1357209404.689303	1.000001	21.213176	8.046623	6.121607	0.656314	0.017162	0.780918	0.000094	0.842108	0.000060	0.585769	0.000172	0.910922	0.000061	0.807168	0.000084	0.992247	0.000048	0.593018	0.000095	1357209404.689744	1.000206	28.820952	15.490324	5.705413	1.000182	0.000066	0.999033	0.000006	0.999758	0.000088	0.996677	0.000008	1.000066	0.000070	1.000004	0.000090	1.000383	0.000045	1.000000	1.000000	
1357209405.689302	0.999999	20.931004	7.765556	6.065497	0.652363	0.017678	0.635326	0.000153	0.764393	0.000020	0.764032	0.000224	0.877343	0.000033	0.638757	0.000059	0.589230	0.000082	0.808951	0.000088	1357209405.689719	0.999975	28.782489	15.475210	5.698049	0.999722	0.000032	1.000064	0.000060	1.000195	0.000087	1.000465	0.000064	0.992739	0.000008	0.999628	0.000064	1.001469	0.000011	1.000000	1.000000	
1357209406.689305	1.000003	23.240880	10.074722	5.847333	0.781069	0.010796	0.837799	0.000098	0.947257	0.000056	0.762799	0.000137	0.934052	0.000055	0.953600	0.000070	0.997641	0.000050	1.001082	0.000031	1357209406.689542	0.999823	28.817903	15.497019	5.355669	0.999952	0.000056	0.999806	0.000006	1.000004	0.000094	0.999011	0.000007	1.001268	0.000051	0.999969	0.000062	1.000462	0.000046	1.000000	1.000000	
1357209407.689304	0.999999	22.924689	9.759043	5.808386	0.749009	0.011519	0.791429	0.000085	0.999754	0.000017	0.805837	0.000188	1.003725	0.000016	0.995201	0.000040	1.002364	0.000037	0.815562	0.000088	1357209407.689532	0.999990	28.803511	15.485308	5.455728	0.999907	0.000058	1.000020	0.000058	0.999989	0.000335	0.999956	0.000079	0.999792	0.000007	1.000579	0.000056	0.996436	0.000011	1.000000	1.000000	
1357209408.689302	0.999998	22.979094	9.823734	5.817745	0.747887	0.012595	1.000181	0.000064	0.986523	0.000051	0.765320	0.000137	0.990380	0.000052	1.001116	0.000066	0.743601	0.000062	0.999951	0.000032	1357209408.689543	1.000011	28.795476	15.477324	5.473664	0.998186	0.000059	1.000064	0.000006	0.999647	0.000091	1.000830	0.000007	1.000163	0.000050	0.999490	0.000063	0.999669	0.000065	1.000000	1.000000	
1357209409.689304	1.000002	21.704655	8.524688	5.929493	0.682125	0.014698	0.989161	0.000046	1.007964	0.000018	0.761575	0.000199	0.998954	0.000018	0.987887	0.000042	0.985593	0.000038	0.999578	0.000096	1357209409.689543	1.000000	28.800217	15.482025	5.586594	1.000202	0.000023	0.992150	0.000081	1.000679	0.000045	0.993773	0.000084	0.997804	0.000007	1.000350	0.000059	1.002909	0.000012	1.000000	1.000000	
1357209410.689308	1.000004	22.944655	9.789587	6.008368	0.757157	0.010646	0.873072	0.000130	1.005550	0.000070	0.671734	0.000172	0.899812	0.000077	0.802838	0.000099	0.947030	0.000068	0.919092	0.000050	1357209410.689726	1.000183	28.789147	15.475316	5.637106	1.001287	0.000072	1.031555	0.000020	1.000059	0.000110	1.024981	0.000021	0.999753	0.000100	0.999750	0.000089	0.998967	0.000083	1.000000	1.000000	
1357209411.689302	0.999994	21.158543	7.992327	5.859105	0.671279	0.016074	0.999807	0.000040	0.982526	0.000016	0.626465	0.000236	0.995508	0.000017	0.637385	0.000058	0.632842	0.000057	0.760443	0.000087	1357209411.689667	0.999941	28.787828	15.474804	5.492557	1.000084	0.000050	0.999899	0.000054	0.983718	0.000045	0.999950	0.000054	1.004759	0.000007	1.000235	0.000056	1.005089	0.000008	1.000000	1.000000	
1357209412.689305	1.000003	21.811547	8.640339	6.027249	0.688346	0.015383	0.908086	0.000150	0.941321	0.000054	0.754735	0.000140	0.924655	0.000072	0.801003	0.000083	1.000634	0.000064	1.000255	0.000057	1357209412.689543	0.999876	28.818133	15.501724	5.636166	0.999898	0.000129	0.997627	0.000006	1.000297	0.002421	1.000166	0.000032	0.999839	0.000072	0.999761	0.000063	1.001310	0.000052	1.000000	1.000000	
1357209413.689306	1.000001	22.154978	8.986381	5.774119	0.708936	0.012287	0.681974	0.000141	0.974482	0.000035	0.747213	0.000206	1.007780	0.000018	1.001380	0.000037	0.998198	0.000037	0.997678	0.000068	1357209413.689714	1.000171	28.791831	15.479074	5.459089	1.000350	0.000023	1.000116	0.000113	0.999967	0.000104	0.999553	0.000054	0.991169	0.000008	0.999682	0.000036	0.999227	0.000011	1.000000	1.000000	
1357209414.689304	0.999998	20.181816	7.017546	6.235547	0.613901	0.018949	0.845953	0.000201	0.874050	0.000053	0.544503	0.000185	0.954747	0.000055	0.999813	0.000068	0.999720	0.000045	1.002722	0.000058	1357209414.689688	0.999974	28.791611	15.476614	5.931368	1.000142	0.000057	1.000557	0.000007	0.999540	0.000090	1.003485	0.000007	1.001189	0.000071	1.000203	0.000110	0.999788	0.000047	1.000000	1.000000	
1357209415.689302	0.999998	21.636501	8.472642	6.080059	0.684858	0.015950	0.794187	0.000086	0.820856	0.000020	0.909903	0.000196	0.856090	0.000020	0.698074	0.000055	1.000000	0.000037	0.707232	0.000127	1357209415.689550	0.999862	28.791984	15.477204	5.630645	0.999219	0.000033	0.999937	0.000079	0.999981	0.000083	0.999948	0.000060	1.000054	0.000007	0.999835	0.000056	0.995717	0.000011	1.000000	1.000000	
1357209416.689302	1.000000	24.518890	11.351135	5.983582	0.758386	0.016513	0.994050	0.003087	0.991503	0.002719	0.981251	0.002741	0.991234	0.002713	0.990890	0.003516	0.999806	0.002666	0.999755	0.002656	1357209416.689414	0.999864	31.071285	17.765583	5.560875	1.000016	0.002743	0.999813	0.002679	0.999833	0.003398	0.999797	0.002663	0.999823	0.002760	0.999990	0.002839	0.999804	0.002733	1.000000	1.000000	
1357209417.689301	0.999999	19.768955	6.616477	6.233755	0.608339	0.018363	1.010029	0.000041	1.028826	0.000017	0.631776	0.000234	1.031671	0.000016	0.698626	0.000054	0.908003	0.000039	0.814057	0.000083	1357209417.689677	1.000263	28.809074	15.491959	5.792895	0.999234	0.000061	1.010489	0.000047	1.001628	0.000360	1.008552	0.000063	1.073551	0.000006	1.001154	0.000037	1.088639	0.000006	1.000000	1.000000	
1357209418.689302	1.000001	19.005658	5.841715	6.290628	0.579328	0.020095	0.828732	0.000090	0.677853	0.000075	0.523176	0.000190	0.688645	0.000075	0.628115	0.000100	0.679189	0.000064	0.674450	0.000047	1357209418.689549	0.999872	28.804667	15.484221	6.000402	0.999972	0.000083	0.998901	0.000006	0.999980	0.000078	0.999334	0.000007	1.000116	0.000050	1.000059	0.000078	0.999703	0.000051	1.000000	1.000000	
1357209419.689302	1.000000	20.314362	7.150970	6.109665	0.618135	0.017565	1.000265	0.000044	0.815518	0.000022	0.676658	0.000224	1.000471	0.000017	0.637008	0.000059	0.675096	0.000055	0.861170	0.000111	1357209419.689714	1.000165	28.794413	15.482721	5.708470	1.000248	0.000023	1.000045	0.000059	0.999273	0.000045	0.999987	0.000060	0.990271	0.000007	0.999947	0.000528	1.002035	0.000011	1.000000	1.000000	
1357209420.689302	1.000000	20.980148	7.817886	6.009888	0.649673	0.016645	0.887504	0.000468	0.764316	0.000312	0.748273	0.000331	0.903408	0.000063	0.824384	0.000089	0.977188	0.000048	0.670336	0.000048	1357209420.689710	0.999996	28.801661	15.488283	5.755257	0.999138	0.000150	0.999747	0.000006	1.000169	0.000180	0.999949	0.000076	1.000208	0.000052	0.999936	0.000084	0.999791	0.000053	1.000000	1.000000	
1357209421.689313	1.000011	23.107153	9.943601	5.879223	0.778903	0.010194	0.918588	0.000067	0.824667	0.000020	0.755021	0.000204	0.999030	0.000017	0.986575	0.000039	0.908989	0.000040	0.999262	0.000074	1357209421.689805	1.000095	28.801131	15.488139	5.442141	1.000092	0.000050	0.999452	0.000081	0.999042	0.000629	0.972535	0.000066	0.996441	0.000007	0.980665	0.000036	0.998943	0.000012	1.000000	1.000000	
1357209422.689315	1.000002	19.358545	6.193378	6.249958	0.578811	0.018639	0.612525	0.000142	0.746967	0.000097	0.542845	0.000278	0.647689	0.000109	0.704580	0.000119	0.819258	0.000083	0.603542	0.000122	1357209422.689680	0.999875	28.825073	15.508896	5.866364	1.000944	0.000113	1.000880	0.000048	1.000235	0.002412	1.030962	0.000059	1.001213	0.000074	1.002273	0.000303	0.999912	0.000062	1.000000	1.000000	
1357209423.689302	0.999987	20.444650	7.280933	6.062656	0.642591	0.016491	0.730771	0.000056	0.820058	0.000020	0.629537	0.000241	0.999110	0.000017	0.678995	0.000056	0.681316	0.000056	0.651983	0.000096	1357209423.689537	0.999857	28.799881	15.484973	5.714898	0.999522	0.000023	1.000007	0.000058	0.999750	0.000043	0.999955	0.000051	1.002309	0.000007	0.999990	0.000309	1.000800	0.000035	1.000000	1.000000	
1357209424.689303	1.000001	21.845820	8.693641	6.083216	0.684301	0.013986	0.847490	0.000099	0.760376	0.000068	0.765564	0.000148	0.999231	0.000059	0.790415	0.000085	0.737242	0.000063	0.999527	0.000058	1357209424.689533	0.999996	28.790186	15.476778	5.774117	0.999955	0.000061	1.000000	0.000007	0.989388	0.000054	1.000438	0.000007	0.999890	0.000049	1.000181	0.000085	0.998694	0.000041	1.000000	1.000000	
1357209425.689310	1.000007	20.547084	7.382258	6.170139	0.644964	0.016184	0.999753	0.000053	1.000217	0.000016	0.617243	0.000236	0.997428	0.000017	0.999501	0.000042	0.665997	0.000055	0.792481	0.000084	1357209425.689636	1.000103	28.789439	15.477791	5.779465	0.999534	0.000023	0.999987	0.000058	1.001520	0.000029	0.999838	0.000062	0.999136	0.000006	1.000425	0.000056	1.003387	0.000012	1.000000	1.000000	
1357209426.689302	0.999992	22.980670	9.815723	5.826479	0.755078	0.012291	0.849039	0.000116	0.735751	0.000069	0.867295	0.000132	1.001739	0.000055	0.803849	0.000086	0.999684	0.000051	1.001351	0.000031	1357209426.689554	0.999918	28.796933	15.479816	5.407670	1.000029	0.000067	0.999029	0.000006	0.998060	0.000084	1.001107	0.000007	1.000023	0.000050	0.999574	0.000063	1.000141	0.000060	1.000000	1.000000	
1357209427.689306	1.000004	20.664284	7.499680	6.058020	0.630029	0.016224	0.999930	0.000072	1.000852	0.000018	0.832081	0.000187	0.998537	0.000016	0.999167	0.000038	0.685509	0.000054	0.784174	0.000087	1357209427.689539	0.999985	28.772145	15.471149	5.703195	0.999890	0.000056	1.000053	0.000058	1.002205	0.000327	0.999863	0.000059	0.999384	0.000006	0.999703	0.000036	1.001395	0.000011	1.000000	1.000000	
1357209428.689311	1.000005	20.645313	7.483544	6.234390	0.624899	0.015408	0.787566	0.000083	0.740711	0.000069	0.682624	0.000159	0.786210	0.000070	0.792148	0.000085	0.752303	0.000061	0.998291	0.000035	1357209428.689550	1.000011	28.786504	15.475157	5.754087	1.000032	0.000059	0.998838	0.000006	0.999349	0.000041	0.999167	0.000007	1.000293	0.000050	0.999988	0.000063	0.998500	0.000045	1.000000	1.000000	
1357209429.689309	0.999998	20.576226	7.413283	6.120114	0.629967	0.018357	0.908687	0.000043	0.800839	0.000020	0.681829	0.000219	0.996811	0.000018	0.684588	0.000057	0.992083	0.000041	0.999412	0.000092	1357209429.689782	1.000232	28.807252	15.484048	5.873180	0.989485	0.000029	0.998697	0.000069	1.000022	0.000017	1.000058	0.000060	0.981321	0.000007	1.000727	0.000057	1.003432	0.000015	1.000000	1.000000	
1357209430.689302	0.999993	20.326923	7.165302	6.057720	0.606773	0.015874	0.658171	0.000209	0.666490	0.000073	0.774257	0.000147	0.910884	0.000058	0.813488	0.000081	0.935968	0.000049	0.657764	0.000048	1357209430.689546	0.999764	28.761168	15.462069	5.801067	1.005386	0.000057	1.015189	0.000006	0.990832	0.000058	1.000716	0.000007	1.001555	0.000072	0.999385	0.000064	0.999264	0.000067	1.000000	1.000000	
1357209431.689308	1.000006	715766357.279246	715758913.317985	715758024.043699	0.999920	1.000766	0.999918	1.000774	0.999928	1.000769	0.999920	1.000767	0.999921	1.000773	0.999922	1.000765	0.999920	1.000772	0.999920	1.000769	1357209431.689411	0.999865	715872902.280266	715921614.881601	715885364.115416	0.999920	1.000769	0.999917	1.000771	3.897873	0.256729	0.999920	1.000769	0.999920	1.000772	0.999923	1.000766	0.999921	1.000774	0.999920	1.000768	
1357209432.689375	1.000067	0.000000	0.000000	0.000000	-nan	-nan	-nan	-nan	0.000000	inf	-nan	-nan	-nan	0.000000	-nan	-nan	-nan	-nan	-nan	-nan	1357209432.689453	1.000042	0.000000	0.000000	0.000000	-nan	-nan	-nan	-nan	0.000000	inf	-nan	-nan	-nan	-nan	-nan	-nan	-nan	-nan	-nan	-nan	
