ts_0	elapsed_0	pkg_0	pp0_0	dram_0	freq_ratio_0_0	c0_ratio_0_0	freq_ratio_0_1	c0_ratio_0_1	freq_ratio_0_2	c0_ratio_0_2	freq_ratio_0_3	c0_ratio_0_3	freq_ratio_0_4	c0_ratio_0_4	freq_ratio_0_5	c0_ratio_0_5	freq_ratio_0_6	c0_ratio_0_6	freq_ratio_0_7	c0_ratio_0_7	ts_1	elapsed_1	pkg_1	pp0_1	dram_1	freq_ratio_1_0	c0_ratio_1_0	freq_ratio_1_1	c0_ratio_1_1	freq_ratio_1_2	c0_ratio_1_2	freq_ratio_1_3	c0_ratio_1_3	freq_ratio_1_4	c0_ratio_1_4	freq_ratio_1_5	c0_ratio_1_5	freq_ratio_1_6	c0_ratio_1_6	freq_ratio_1_7	c0_ratio_1_7	
1352528275.895875	1.001460	50.125284	37.039822	3.576915	0.999929	0.622433	0.999879	0.769508	0.999977	0.619403	1.000000	0.617599	1.000000	0.617345	1.000000	0.617078	1.000000	0.603995	0.999960	0.014129	1352528275.895971	1.000354	39.446392	26.211652	3.070827	0.999676	0.619645	0.999963	0.618447	0.999856	0.618553	0.999969	0.618471	0.979216	0.002214	0.983330	0.002076	0.986083	0.002185	0.999936	0.545906	
1352528276.895877	1.000002	52.901312	39.776108	3.734231	0.999987	0.697262	0.999884	0.381016	1.000000	0.692668	1.000000	0.692026	1.000000	0.692142	1.000000	0.692067	1.000000	0.692022	0.999969	0.019708	1352528276.895963	0.999992	45.984382	32.720678	3.750915	1.000000	0.692770	1.000001	0.692029	0.999998	0.691949	1.000001	0.692102	1.000002	0.344330	1.000003	0.262735	0.999778	0.002429	0.999994	0.250152	
1352528277.895882	1.000005	50.389472	37.268231	3.738629	0.999998	0.646328	1.000013	0.022650	0.999999	0.639840	0.999999	0.639401	1.000000	0.639670	0.999999	0.639377	0.999999	0.639365	0.999973	0.017251	1352528277.895965	1.000002	45.856770	32.596770	3.790306	0.999999	0.640216	0.999999	0.639375	1.000002	0.639403	0.999999	0.639315	0.999999	0.639448	0.999887	0.510590	0.999984	0.002800	0.999924	0.005223	
1352528278.895881	0.999999	53.216619	40.086510	3.744892	0.999966	0.757311	0.997657	0.021320	1.000000	0.752541	1.000000	0.752504	1.000001	0.752504	1.000000	0.752529	1.000001	0.752503	0.999995	0.018097	1352528278.895948	0.999983	48.267434	34.999540	3.754336	0.999564	0.525795	1.000000	0.752541	1.000000	0.752489	1.000000	0.752540	1.000000	0.752494	0.999998	0.752640	0.999938	0.003009	0.999983	0.005471	
1352528279.895879	0.999998	49.515613	36.399957	3.733070	0.999897	0.605335	0.994037	0.021559	0.999993	0.597576	0.999996	0.597327	0.999997	0.597377	1.000001	0.597266	1.000000	0.597263	0.999725	0.016848	1352528279.896125	1.000177	45.046795	31.784935	3.738001	0.999547	0.471523	1.000000	0.597342	1.000000	0.597245	1.000000	0.597194	1.000000	0.597250	1.000000	0.597233	1.000034	0.031791	0.990472	0.004766	
1352528280.895882	1.000003	52.300940	39.165253	3.757007	0.999999	0.726551	0.999985	0.022647	1.000000	0.720896	1.000002	0.720627	0.999999	0.720584	0.999999	0.720653	1.000000	0.720757	1.000013	0.018051	1352528280.895964	0.999839	48.917205	35.661928	3.769085	0.998141	0.007173	1.000000	0.720791	0.999999	0.720769	1.000000	0.720849	0.999999	0.720823	1.000001	0.720802	0.999672	0.509772	0.999973	0.002984	
1352528281.895882	1.000000	48.954224	35.824860	3.720581	0.999986	0.567529	0.998724	0.020725	1.000000	0.559331	1.000000	0.558908	1.000001	0.558925	0.999998	0.558898	1.000000	0.558920	0.999296	0.017826	1352528281.896012	1.000048	45.007883	31.743962	3.746738	0.998896	0.074879	0.999999	0.558935	0.999999	0.558875	0.999999	0.558852	1.000000	0.558883	0.999998	0.558859	0.999273	0.451454	0.999926	0.003073	
1352528282.895882	1.000000	51.000107	37.864700	3.740692	0.999999	0.667374	0.999954	0.019133	1.000000	0.661953	1.000000	0.661298	1.000001	0.661312	1.000002	0.661333	1.000000	0.661448	0.999984	0.016178	1352528282.895951	0.999939	46.441311	33.174754	3.772020	0.999506	0.034224	1.000002	0.661622	1.000002	0.661575	1.000001	0.661502	1.000002	0.661577	1.000002	0.661583	0.999843	0.502018	0.999958	0.004934	
1352528283.895884	1.000002	50.403743	37.272848	3.760949	0.999985	0.638800	0.998899	0.022509	0.999998	0.631281	0.999999	0.630787	1.000000	0.630824	1.000000	0.630755	1.000000	0.630767	0.999971	0.017347	1352528283.896012	1.000061	45.332942	32.066067	3.761520	0.999432	0.455794	0.999999	0.630793	0.999999	0.630756	1.000000	0.630686	0.999999	0.630781	0.999999	0.630736	0.999324	0.060447	0.999887	0.002988	
1352528284.895883	0.999999	48.746690	35.620166	3.771045	0.999963	0.583827	0.997984	0.021559	1.000001	0.576122	1.000000	0.575655	0.999999	0.575629	1.000000	0.575653	1.000000	0.575635	0.999974	0.016979	1352528284.895966	0.999954	45.056746	31.784238	3.743580	0.999293	0.514465	1.000000	0.575653	1.000000	0.575610	0.999999	0.575725	1.000000	0.575631	1.000000	0.575511	0.988071	0.005507	0.999968	0.002734	
1352528285.895884	1.000001	51.869854	38.735101	3.742626	0.999790	0.702616	0.989063	0.021290	0.999985	0.696550	0.999990	0.696465	0.999990	0.696510	0.999991	0.696501	0.999991	0.696522	0.997073	0.018727	1352528285.895958	0.999992	47.454196	34.187655	3.759689	0.999216	0.509996	1.000000	0.696662	1.000000	0.696988	1.000000	0.696607	1.000001	0.696623	1.000001	0.696551	0.992041	0.006335	0.999986	0.002935	
1352528286.895885	1.000001	51.095609	37.962900	3.760144	1.000000	0.676855	1.000005	0.022498	1.000000	0.670584	1.000000	0.670112	1.000000	0.670107	1.000000	0.670145	1.000000	0.670156	0.999976	0.017986	1352528286.895966	1.000008	47.347669	34.074339	3.780701	0.999625	0.500543	0.999999	0.670056	0.999999	0.670010	0.999999	0.670097	0.999999	0.670028	0.999999	0.669965	0.994241	0.005459	0.999939	0.002932	
1352528287.895886	1.000001	51.166577	38.044626	3.778027	0.999999	0.672839	0.999982	0.023914	1.000000	0.666545	1.000000	0.666216	1.000000	0.665999	1.000000	0.666002	1.000000	0.666154	0.999973	0.015830	1352528287.895956	0.999990	47.146483	33.865741	3.759254	0.999582	0.519785	1.000001	0.666251	1.000000	0.666197	1.000001	0.666222	1.000000	0.666264	1.000001	0.666229	0.988104	0.004850	0.999978	0.002848	
1352528288.895887	1.000001	52.491451	39.357995	3.765026	0.999978	0.734554	0.998659	0.022707	1.000000	0.729317	1.000000	0.729079	1.000000	0.728999	1.000000	0.729001	1.000000	0.728948	0.999977	0.016946	1352528288.895969	1.000013	47.522448	34.246667	3.775372	0.999667	0.510149	1.000000	0.728958	1.000000	0.728910	0.999999	0.728911	0.999999	0.728929	0.999999	0.728834	0.994953	0.006507	0.999959	0.002845	
1352528289.895882	0.999995	51.422941	38.285180	3.761768	0.999985	0.689444	0.998673	0.025899	1.000000	0.683752	1.000000	0.683393	0.999999	0.683491	1.000000	0.683407	1.000000	0.683408	0.999764	0.016170	1352528289.895963	0.999994	46.774525	33.497346	3.750144	0.999594	0.493537	0.999999	0.683474	0.999999	0.683445	1.000000	0.683413	1.000000	0.683476	1.000000	0.683406	0.995002	0.005102	0.999990	0.002840	
1352528290.895885	1.000003	52.908573	39.764296	3.739750	0.999977	0.763541	0.999090	0.025573	1.000000	0.759432	1.000000	0.759210	1.000001	0.759186	1.000000	0.759232	1.000000	0.759194	0.999796	0.017137	1352528290.895967	1.000004	48.055576	34.776440	3.742340	0.999233	0.512172	1.000000	0.759228	1.000000	0.759198	1.000000	0.759240	1.000000	0.759246	1.000000	0.759126	0.990265	0.005617	0.999942	0.002790	
1352528291.895885	1.000000	51.421082	38.286041	3.727905	0.999953	0.688282	0.997632	0.023464	0.999994	0.682582	0.999999	0.682322	1.000000	0.682342	0.999999	0.682360	0.999995	0.682384	0.997497	0.015105	1352528291.895960	0.999993	46.324280	33.063644	3.739116	0.999244	0.487128	1.000000	0.682478	1.000001	0.682405	1.000001	0.682451	1.000001	0.682453	1.000001	0.682343	0.991478	0.005130	0.999959	0.002614	
1352528292.895896	1.000011	53.099592	39.959996	3.753209	1.000000	0.765561	0.999999	0.025030	0.999999	0.761377	1.000000	0.761259	1.000000	0.761269	1.000000	0.761256	1.000000	0.761231	0.999977	0.020720	1352528292.895977	1.000017	48.281501	35.008090	3.759870	0.999417	0.516074	0.999999	0.761191	0.999999	0.761156	0.999998	0.761161	0.999999	0.761142	0.999999	0.761099	0.999977	0.008950	0.999957	0.005670	
1352528293.895887	0.999991	53.227487	40.097730	3.755222	1.000000	0.763345	0.999916	0.021167	1.000001	0.758386	1.000001	0.758187	1.000000	0.758185	1.000001	0.758207	1.000001	0.758248	0.999955	0.017062	1352528293.896001	1.000024	48.350429	35.070963	3.747880	0.999601	0.522573	1.000000	0.758350	1.000000	0.758320	1.000002	0.758371	1.000001	0.758369	1.000001	0.758265	0.999457	0.002609	0.999908	0.002865	
1352528294.895874	0.999987	51.611257	38.474488	3.748661	0.999999	0.703411	1.000072	0.021803	1.000000	0.697268	1.000000	0.697142	1.000001	0.697084	1.000000	0.697128	1.000000	0.697077	1.000031	0.017925	1352528294.895942	0.999941	47.134978	33.856089	3.737708	0.998862	0.510577	0.999999	0.697137	0.999999	0.697074	0.999999	0.697083	0.999998	0.697044	0.999998	0.696970	0.999826	0.003206	0.999937	0.002435	
1352528295.895874	1.000000	51.738586	38.601654	3.696381	0.999978	0.702077	0.999981	0.019500	1.000000	0.696572	1.000000	0.696484	1.000000	0.696587	1.000000	0.696483	1.000000	0.696483	0.999970	0.015159	1352528295.895943	1.000001	46.872499	33.593901	3.452694	0.999604	0.602071	1.000000	0.696547	1.000000	0.696514	1.000000	0.696531	1.000001	0.696583	1.000001	0.696543	0.989493	0.005104	0.999970	0.002746	
1352528296.895886	1.000012	51.647715	38.505995	3.756394	0.999999	0.682466	0.999970	0.021529	1.000000	0.676203	0.999999	0.675956	1.000000	0.675897	1.000000	0.675983	1.000000	0.675975	1.000000	0.016364	1352528296.895961	1.000018	46.642812	33.360686	3.768533	0.999490	0.498543	1.000000	0.675939	1.000000	0.675877	1.000000	0.675974	0.999999	0.675906	1.000000	0.675847	0.997335	0.005515	0.999988	0.002969	
1352528297.895873	0.999987	48.615185	35.475410	3.735416	0.999999	0.535800	0.999967	0.022663	1.000000	0.527671	1.000001	0.526987	1.000000	0.527035	1.000000	0.527007	1.000000	0.527028	0.999968	0.015895	1352528297.895937	0.999976	43.498896	30.217998	3.734587	0.998952	0.522788	1.000000	0.527167	1.000000	0.527030	1.000001	0.527100	1.000001	0.527125	1.000000	0.527070	0.985334	0.005566	0.999917	0.003042	
1352528298.895874	1.000001	50.825589	37.686396	3.780071	0.999982	0.638832	0.999082	0.020709	1.000000	0.631358	0.999999	0.630965	1.000000	0.630911	1.000000	0.630966	1.000000	0.630929	0.999811	0.016702	1352528298.895940	1.000003	46.140726	32.875325	3.757175	0.999841	0.519102	0.999999	0.630901	0.999999	0.630842	0.999999	0.630944	0.999999	0.630874	1.000000	0.630794	0.997569	0.005553	0.999953	0.002988	
1352528299.895882	1.000008	54.542221	41.409500	3.763153	0.999999	0.801886	0.999988	0.021332	0.999999	0.797899	1.000000	0.797744	0.999999	0.797785	1.000000	0.797757	1.000000	0.797797	0.999970	0.018476	1352528299.895968	1.000028	48.785550	35.504884	3.775896	0.999893	0.509299	1.000000	0.797824	1.000000	0.797752	1.000000	0.797801	1.000000	0.797772	1.000000	0.797731	0.999943	0.005564	0.999948	0.003010	
1352528300.895874	0.999992	50.598799	37.452834	3.759125	0.999984	0.638266	0.999352	0.022670	1.000000	0.632357	1.000000	0.631983	1.000002	0.631972	1.000000	0.632004	1.000000	0.631986	0.999697	0.016175	1352528300.895940	0.999972	46.650609	33.367294	3.756987	0.999999	0.633020	0.999849	0.525872	1.000000	0.632005	1.000000	0.632052	1.000000	0.632045	1.000001	0.631916	1.000045	0.004908	0.999912	0.002893	
1352528301.896380	1.000506	55.896846	42.744320	3.761448	1.000000	0.875904	0.999998	0.023084	1.000000	0.873559	1.000000	0.873505	1.000000	0.873526	1.000000	0.873504	1.000000	0.873526	1.000010	0.018222	1352528301.896451	1.000511	50.213236	36.925241	3.769086	0.999999	0.873773	0.999999	0.521395	0.999999	0.873498	0.999999	0.873479	0.999999	0.873463	1.000000	0.873424	0.999983	0.005692	0.999880	0.003036	
1352528302.895883	0.999503	53.580728	40.435826	3.738705	0.999999	0.763751	0.999935	0.022864	1.000000	0.759672	0.999999	0.759612	1.000000	0.759628	1.000000	0.759657	1.000000	0.759599	0.999965	0.016221	1352528302.895978	0.999527	48.102053	34.827922	3.769529	1.000000	0.760256	0.999967	0.523008	1.000001	0.759784	1.000001	0.759717	1.000001	0.759699	1.000001	0.759617	0.999887	0.006247	0.999943	0.005054	
1352528303.895873	0.999990	51.330577	38.184846	3.766990	0.999999	0.590675	1.000008	0.098596	1.000000	0.662188	1.000000	0.662152	1.000001	0.662199	1.000000	0.662158	1.000000	0.662152	0.999990	0.015827	1352528303.895939	0.999961	46.218512	32.938773	3.673041	0.999999	0.662994	0.999934	0.539507	0.999999	0.662154	0.999999	0.662086	0.999999	0.662136	0.999999	0.662145	1.000002	0.005789	0.999889	0.002881	
1352528304.895874	1.000001	52.536220	39.393517	3.731686	0.997755	0.022908	0.999908	0.717586	1.000000	0.713189	0.999999	0.712890	1.000000	0.712912	1.000000	0.712924	1.000000	0.712909	0.999644	0.016924	1352528304.895964	1.000025	48.622211	35.342469	3.704177	1.000000	0.713690	0.999906	0.517662	1.000001	0.712932	1.000000	0.713003	1.000001	0.712964	1.000001	0.712870	0.998427	0.004899	0.999931	0.002815	
1352528305.895899	1.000025	47.009977	33.879859	3.343880	0.994156	0.020365	0.999663	0.534110	0.999999	0.529648	1.000000	0.529485	0.999999	0.529449	0.999990	0.529462	0.999999	0.529429	0.999607	0.014107	1352528305.896000	1.000036	44.361196	31.102564	3.103389	0.999998	0.530063	0.999587	0.691255	0.999998	0.529334	0.999998	0.529329	0.999998	0.529319	0.999998	0.529229	0.997002	0.004602	0.999911	0.002494	
1352528306.895875	0.999976	35.362134	22.254015	2.506820	0.974380	0.011137	0.998622	0.241734	0.999882	0.239032	0.999953	0.238864	0.999847	0.238885	0.999954	0.238886	0.999917	0.238859	0.994333	0.007888	1352528306.895968	0.999968	36.798081	23.545766	2.399460	1.000001	0.239256	0.999708	0.820364	1.000002	0.238817	1.000002	0.238843	1.000000	0.238817	1.000000	0.238768	0.994415	0.002560	0.999902	0.001284	
1352528307.895874	0.999999	47.613372	34.500170	3.726871	0.999930	0.022382	1.000000	0.499956	1.000002	0.493572	1.000000	0.492760	1.000000	0.492837	1.000000	0.492770	1.000000	0.492763	0.999997	0.015931	1352528307.895939	0.999971	42.762993	29.493702	3.747927	0.999999	0.493890	0.999847	0.546048	0.999997	0.492784	1.000000	0.492813	1.000001	0.492874	1.000001	0.492840	1.000100	0.005605	0.999922	0.002956	
1352528308.895881	1.000007	54.226249	41.087957	3.717824	0.999932	0.022655	1.000000	0.807424	1.000000	0.805050	1.000000	0.804966	1.000000	0.804984	1.000000	0.805022	0.999999	0.804975	0.999934	0.014746	1352528308.895951	1.000012	48.948284	35.670916	3.700151	1.000000	0.805512	0.999886	0.501948	1.000002	0.805037	1.000001	0.805078	1.000001	0.805083	1.000001	0.804986	0.999531	0.029393	0.999949	0.002673	
1352528309.895874	0.999993	47.859157	34.732555	3.477914	0.994099	0.020047	0.999655	0.536226	1.000000	0.531703	1.000000	0.531212	0.999994	0.531248	1.000000	0.531188	0.999986	0.531160	0.997824	0.013030	1352528309.896075	1.000124	43.083083	29.814099	3.399923	0.999999	0.531912	0.999718	0.589369	0.999999	0.531243	0.999999	0.531101	0.999999	0.531126	0.999999	0.531070	0.994078	0.004720	0.999915	0.002561	
1352528310.895882	1.000008	53.250423	40.109416	3.753601	0.999928	0.024743	1.000000	0.756201	1.000000	0.753056	0.999999	0.753011	1.000000	0.753013	1.000000	0.753069	1.000000	0.753054	0.999958	0.017694	1352528310.895975	0.999900	48.948905	35.668404	3.766245	1.000000	0.753704	1.000000	0.513661	1.000000	0.753092	1.000000	0.753127	1.000000	0.753111	1.000000	0.753032	0.999980	0.005269	0.999856	0.002871	
1352528311.895889	1.000007	48.316286	35.183686	3.729009	0.998948	0.021927	0.999932	0.523247	1.000000	0.517123	0.999999	0.516894	1.000000	0.516965	1.000000	0.516907	1.000000	0.516994	0.999756	0.015959	1352528311.895975	1.000000	42.896851	29.622696	3.748306	0.998737	0.494277	1.000000	0.517407	1.000000	0.516991	1.000000	0.516961	1.000001	0.517016	1.000000	0.516950	0.984087	0.005458	1.000015	0.002814	
1352528312.895875	0.999986	52.406514	39.268039	3.729301	0.998703	0.022714	0.999904	0.717790	1.000000	0.714165	1.000001	0.713964	1.000001	0.713980	1.000000	0.714002	1.000000	0.714114	0.999629	0.017652	1352528312.895953	0.999978	46.812077	33.544727	3.724737	0.999343	0.513346	0.999999	0.714524	1.000001	0.714308	1.000001	0.714242	1.000000	0.714258	1.000001	0.714175	0.995046	0.005412	0.999980	0.004945	
1352528313.895881	1.000006	52.695624	39.559838	3.721749	1.000007	0.021805	1.000001	0.728177	1.000001	0.724606	1.000001	0.724452	1.000001	0.724493	1.000001	0.724461	1.000001	0.724487	1.000028	0.016730	1352528313.895938	0.999985	46.866579	33.587678	3.688990	0.999526	0.511193	0.999999	0.724546	0.999999	0.724488	0.999999	0.724489	0.999999	0.724498	0.999999	0.724479	0.999749	0.005331	0.999842	0.002780	
1352528314.895878	0.999997	53.390241	40.254184	3.716015	0.999881	0.023341	0.999999	0.772460	0.999999	0.769435	0.999999	0.769211	0.999999	0.769221	0.999999	0.769212	0.999999	0.769153	0.999954	0.017719	1352528314.895947	1.000009	48.745973	35.468383	3.756481	0.999562	0.492859	1.000000	0.769206	1.000000	0.769159	1.000000	0.769154	1.000000	0.769180	1.000000	0.769095	0.993209	0.004875	1.000034	0.002683	
1352528315.895883	1.000005	50.681127	37.558833	3.775829	0.999916	0.022665	1.000000	0.642022	0.999999	0.637048	0.999999	0.636548	0.999999	0.636589	0.999999	0.636559	0.999999	0.636575	0.999971	0.017806	1352528315.895965	1.000018	46.033936	32.760034	3.715739	0.999181	0.521237	1.000000	0.636661	1.000000	0.636569	1.000000	0.636565	1.000000	0.636582	1.000000	0.636555	0.992352	0.005393	0.999995	0.002947	
1352528316.895885	1.000002	53.270513	40.133026	3.746178	0.999934	0.022736	1.000000	0.747275	1.000000	0.743686	1.000000	0.743642	1.000001	0.743616	1.000000	0.743682	1.000000	0.743624	0.999974	0.016695	1352528316.895971	1.000006	48.051349	34.773520	3.759255	0.999756	0.522421	1.000001	0.743689	0.999999	0.743576	0.999999	0.743638	1.000000	0.743590	0.999999	0.743532	0.995052	0.005544	0.999980	0.002767	
1352528317.895886	1.000001	50.797788	37.663416	3.594082	0.994126	0.026490	0.999621	0.660128	0.999972	0.656214	1.000000	0.656061	1.000000	0.656064	0.999992	0.656086	0.999985	0.656109	0.996368	0.019932	1352528317.895970	0.999999	46.417906	33.139115	3.573581	1.000000	0.656988	0.999313	0.564951	1.000000	0.656015	1.000001	0.656062	0.999999	0.656027	1.000001	0.655987	0.995588	0.008328	0.999909	0.003537	
1352528318.895874	0.999988	51.500904	38.362960	3.755065	0.999953	0.022006	1.000000	0.690236	1.000000	0.686458	1.000000	0.686079	1.000001	0.686133	1.000000	0.686133	1.000000	0.686067	0.999954	0.015037	1352528318.895939	0.999969	46.462072	33.182318	3.773936	0.999999	0.687035	0.999876	0.517749	1.000001	0.686214	1.000001	0.686145	1.000001	0.686116	0.999992	0.686066	0.999798	0.002858	0.999907	0.002711	
1352528319.895874	1.000000	52.607605	39.466370	3.733093	0.999940	0.024246	0.999999	0.714631	1.000000	0.710672	1.000000	0.710479	1.000000	0.710515	1.000000	0.710476	1.000000	0.710486	0.999999	0.018862	1352528319.895969	1.000030	46.778273	33.494920	3.743082	0.999999	0.711103	0.999963	0.504683	0.999999	0.710943	0.999999	0.710449	1.000000	0.710428	1.000008	0.710390	1.000184	0.002976	0.999909	0.002924	
1352528320.895883	1.000009	51.752491	38.614747	3.718274	0.998689	0.023273	0.999880	0.686896	0.999981	0.683496	1.000000	0.682627	1.000000	0.682596	1.000000	0.682639	1.000000	0.682586	0.999774	0.016776	1352528320.895982	1.000013	46.503815	33.230765	3.745800	1.000000	0.683307	0.999969	0.506102	1.000000	0.683148	1.000000	0.682623	0.999999	0.682590	1.000000	0.682552	0.999928	0.002976	0.999979	0.002929	
1352528321.895883	1.000000	54.560623	41.432434	3.752914	0.999465	0.022764	0.999975	0.807856	1.000000	0.805069	1.000000	0.804889	1.000000	0.804921	1.000000	0.804902	1.000000	0.805000	0.999768	0.017281	1352528321.895968	0.999986	48.739104	35.470683	3.742515	1.000000	0.805366	0.999929	0.499919	1.000000	0.804997	1.000000	0.804999	1.000000	0.805005	1.000000	0.804965	0.999936	0.002937	1.000001	0.002882	
1352528322.895886	1.000003	715797733.245612	715804662.506484	715763283.919235	0.999952	1.000317	0.999950	1.000322	0.999952	1.000325	0.999952	1.000315	0.999951	1.000315	0.999954	1.000312	0.999952	1.000317	0.999953	1.000320	1352528322.895988	1.000020	715785804.448207	715755020.287153	715766342.573797	0.999952	1.000318	0.999949	1.000316	3.895638	0.256769	0.999951	1.000312	0.999952	1.000320	0.999955	1.000317	0.999951	1.000317	0.999954	1.000326	
1352528323.895873	0.999987	0.000000	0.000000	0.000000	-nan	-nan	-nan	-nan	0.000000	inf	-nan	-nan	-nan	0.000000	-nan	-nan	-nan	-nan	-nan	-nan	1352528323.895954	0.999966	0.000000	0.000000	0.000000	-nan	-nan	-nan	-nan	0.000000	inf	-nan	-nan	-nan	-nan	-nan	-nan	-nan	-nan	-nan	-nan	
