ts_0	elapsed_0	pkg_0	pp0_0	dram_0	freq_ratio_0_0	c0_ratio_0_0	freq_ratio_0_1	c0_ratio_0_1	freq_ratio_0_2	c0_ratio_0_2	freq_ratio_0_3	c0_ratio_0_3	freq_ratio_0_4	c0_ratio_0_4	freq_ratio_0_5	c0_ratio_0_5	freq_ratio_0_6	c0_ratio_0_6	freq_ratio_0_7	c0_ratio_0_7	ts_1	elapsed_1	pkg_1	pp0_1	dram_1	freq_ratio_1_0	c0_ratio_1_0	freq_ratio_1_1	c0_ratio_1_1	freq_ratio_1_2	c0_ratio_1_2	freq_ratio_1_3	c0_ratio_1_3	freq_ratio_1_4	c0_ratio_1_4	freq_ratio_1_5	c0_ratio_1_5	freq_ratio_1_6	c0_ratio_1_6	freq_ratio_1_7	c0_ratio_1_7	
1357210890.397201	1.001832	45.766177	32.321082	4.584832	1.156079	0.650474	1.154675	0.648460	1.153894	0.649459	1.154250	0.650749	1.153973	0.646574	1.154329	0.650322	1.154084	0.647335	1.154344	0.649449	1357210890.397377	1.000445	57.985571	44.267858	6.726088	0.999936	0.960691	0.999995	0.883309	0.996424	0.010201	1.000001	0.882670	1.010087	0.000033	1.000001	0.872748	1.000001	0.872777	0.999942	0.884455	
1357210891.397196	0.999995	49.289737	35.775387	4.892038	1.000000	1.000000	1.000001	1.000000	1.000000	1.000000	1.000428	0.000400	1.000001	1.000000	0.997782	0.000051	1.001733	0.000178	1.002803	0.000049	1357210891.397365	0.999988	63.354835	49.479563	7.882311	1.000000	1.000000	1.000000	1.000000	0.961521	0.000044	1.000000	1.000000	1.002139	0.000048	1.000000	1.000000	1.000000	1.000000	1.000000	1.000000	
1357210892.397196	1.000000	49.740219	36.198883	5.072067	1.000000	0.999770	0.999999	0.999742	0.999999	0.999770	1.000064	0.006423	1.000000	0.999769	1.030234	0.000013	0.999892	0.001802	0.993725	0.000013	1357210892.397358	0.999993	63.584088	49.674095	7.904413	1.000000	0.999773	1.000000	0.999738	1.001265	0.001255	1.000000	0.999739	1.003433	0.000012	1.000000	1.000000	1.000000	0.999725	1.000000	0.999806	
1357210893.397196	1.000000	49.431778	35.901672	5.019501	1.000000	1.000000	1.000001	1.000000	1.000001	1.000000	0.999702	0.002069	1.000000	1.000000	0.996583	0.000046	1.000172	0.000206	0.984584	0.000046	1357210893.397361	1.000003	63.553239	49.664656	7.847876	1.000000	1.000000	1.000000	1.000000	1.001545	0.000053	1.000000	1.000000	0.999205	0.000043	1.000000	1.000000	1.000000	1.000000	1.000000	1.000000	
1357210894.397196	1.000000	49.600174	36.073120	4.955765	1.000000	1.000000	1.000000	1.000000	1.000000	1.000000	1.000094	0.005488	1.000000	1.000000	0.999041	0.000043	0.999753	0.000196	1.021772	0.000013	1357210894.397359	0.999998	63.659576	49.782062	7.829559	1.000000	1.000000	1.000000	1.000000	1.000008	0.002142	1.000000	1.000000	1.000224	0.000019	1.000000	1.000000	1.000000	1.000000	1.000000	1.000000	
1357210895.397196	1.000000	49.446762	35.920486	4.909042	1.000000	1.000000	1.000000	1.000000	1.000000	1.000000	0.999559	0.001272	1.000000	1.000000	0.996763	0.000110	1.000160	0.000526	0.990206	0.000059	1357210895.397361	1.000002	63.701371	49.827664	7.808106	0.999990	0.999769	1.000000	0.999723	0.999913	0.000053	0.999997	0.999726	1.000009	0.000044	1.000000	0.999729	1.000000	0.999724	0.999982	0.999785	
1357210896.397196	1.000000	49.566818	36.033081	4.935654	1.000000	1.000000	1.000000	1.000000	1.000000	1.000000	1.000015	0.003418	1.000000	1.000000	1.018887	0.000029	0.997848	0.000223	1.042152	0.000014	1357210896.397356	0.999995	63.790908	49.906027	7.815896	1.000000	1.000000	1.000000	1.000000	0.989392	0.000068	1.000003	1.000000	0.998677	0.000011	1.000000	1.000000	1.000000	1.000000	1.000000	1.000000	
1357210897.397196	1.000000	49.619904	36.084473	4.867783	1.000000	0.999851	1.000000	0.999820	1.000000	1.000000	1.000047	0.000427	0.999999	0.999888	1.000191	0.000048	1.000085	0.004755	1.007710	0.000061	1357210897.397367	1.000011	63.834963	49.946458	7.878362	1.000000	0.999853	1.000000	0.999816	1.014384	0.000050	1.000000	0.999818	1.000037	0.000063	1.000000	0.999841	1.000000	1.000000	1.000000	1.000000	
1357210898.397197	1.000001	49.676894	36.143505	4.940089	1.000000	0.999866	1.000000	0.999866	0.999999	1.000000	0.999745	0.000371	1.000001	1.000000	0.997943	0.000013	0.999982	0.005365	0.956753	0.000014	1357210898.397363	0.999996	63.965484	50.045567	7.856447	1.000000	1.000000	1.000000	1.000000	0.999869	0.000100	0.999997	1.000000	1.002173	0.000012	1.000000	1.000000	1.000000	0.999875	1.000000	0.999908	
1357210899.397196	0.999999	49.562364	36.060978	4.939321	1.000000	1.000000	1.000000	0.999828	1.000000	0.999341	0.999832	0.000385	0.999999	0.999867	0.999840	0.000048	0.999994	0.004579	0.992585	0.000046	1357210899.397361	0.999998	63.845230	49.948765	7.884857	1.000000	1.000000	1.000000	0.999626	0.999186	0.000035	1.000003	0.999628	0.999115	0.000043	1.000000	0.999461	1.000000	0.999626	1.000000	0.999600	
1357210900.397196	1.000000	49.563629	36.043167	4.952301	1.000000	1.000000	1.000001	1.000000	1.000001	1.000000	1.000179	0.000708	1.000001	1.000000	0.992880	0.000013	0.999982	0.002529	1.066969	0.000013	1357210900.397362	1.000001	63.836243	49.908445	7.889275	1.000000	1.000000	1.000000	1.000000	1.000471	0.000073	1.000000	1.000000	1.000070	0.000033	1.000000	1.000000	1.000000	1.000000	1.000000	1.000000	
1357210901.397195	0.999999	49.631868	36.122975	4.926793	1.000000	1.000000	1.000000	1.000000	1.000000	1.000000	0.999834	0.000390	1.000000	1.000000	1.005068	0.000047	0.999976	0.004678	1.002641	0.000044	1357210901.397350	0.999988	63.935302	50.036546	7.796770	1.000000	1.000000	1.000000	1.000000	0.999957	0.000036	1.000000	1.000000	1.000000	0.000039	1.000000	1.000000	1.000000	1.000000	1.000000	1.000000	
1357210902.397195	1.000000	49.649612	36.141693	4.913422	1.000000	0.999865	0.999999	0.999864	1.000000	0.999863	1.001211	0.000369	0.999979	0.999917	0.975033	0.000013	0.999981	0.005340	0.960508	0.000013	1357210902.397360	1.000010	63.893418	49.989764	7.854749	1.000000	1.000000	1.000000	1.000000	0.999908	0.000071	1.000000	1.000000	1.001285	0.000012	1.000000	0.999883	1.000000	1.000000	1.000000	1.000000	
1357210903.397196	1.000001	49.636031	36.123852	4.984675	1.000000	0.999552	1.000001	1.000000	1.000000	0.999550	0.998871	0.000362	1.000001	1.000000	1.003113	0.000048	1.000012	0.004586	1.009652	0.000045	1357210903.397352	0.999992	63.735853	49.814048	7.830737	1.000000	0.999587	1.000000	0.999547	0.999973	0.000058	1.000000	0.999549	1.000259	0.000043	1.000000	0.999548	1.000000	0.999547	1.000000	1.000000	
1357210904.397195	0.999999	51.725513	38.190878	5.023549	1.000000	1.000000	1.000000	1.000000	1.000000	1.000000	1.000138	0.003306	1.000000	1.000000	0.999790	0.002831	0.999975	0.006298	0.999769	0.002669	1357210904.397317	0.999965	64.414581	50.470778	7.859208	1.000000	1.000000	1.000000	1.000000	0.999890	0.004911	1.000000	1.000000	0.999957	0.003520	1.000000	1.000000	1.000000	1.000000	1.000000	1.000000	
1357210905.397196	1.000001	49.475447	35.946728	5.013667	1.000000	1.000000	1.000000	1.000000	1.000000	1.000000	0.998424	0.000384	1.000000	1.000000	1.012470	0.000036	0.999672	0.000481	1.005631	0.000114	1357210905.397355	1.000038	63.571656	49.638469	7.848228	1.000000	1.000000	1.000000	1.000000	1.083373	0.000006	1.000000	1.000000	1.001751	0.000065	1.000000	1.000000	1.000000	1.000000	1.000000	1.000000	
1357210906.397195	0.999999	49.463167	35.954670	4.909871	1.000000	0.999178	0.999999	0.999176	1.000001	1.000000	1.000256	0.000362	1.000000	0.999428	1.012526	0.000013	1.000790	0.000170	0.986777	0.000013	1357210906.397358	1.000003	63.577119	49.693938	7.836875	1.000000	1.000000	1.000000	1.000000	0.999988	0.000506	1.000000	1.000000	1.000631	0.000038	1.000000	1.000000	1.000000	1.000000	1.000000	1.000000	
1357210907.397210	1.000015	40.401951	27.000998	4.384730	0.999613	0.721721	1.000000	0.720348	0.999999	0.720327	0.979811	0.001818	1.000000	0.720278	0.989696	0.000048	0.811326	0.005598	0.997434	0.000145	1357210907.397461	1.000103	52.319852	38.733605	5.564170	0.999999	0.720145	0.999999	0.720117	0.997986	0.000012	0.999999	0.720069	1.000125	0.000065	0.999999	0.720018	0.999999	0.719997	1.000000	1.000000	
1357210908.397206	0.999996	22.179838	8.864553	3.551040	0.705751	0.009736	0.841157	0.000115	1.016484	0.000031	0.754283	0.000212	0.999242	0.000063	0.843901	0.000034	0.856142	0.000865	1.003371	0.000014	1357210908.397447	0.999986	29.090406	15.786385	3.610753	0.998183	0.000075	0.999818	0.000049	0.993565	0.000107	1.000431	0.000016	0.999841	0.000039	1.000858	0.000007	1.006255	0.000007	1.000000	1.000000	
1357210909.397198	0.999992	21.483588	8.157857	3.811005	0.652261	0.010455	0.862094	0.000033	0.701741	0.000063	0.756349	0.000222	1.017679	0.000008	0.610233	0.000076	0.799572	0.000267	0.796454	0.000077	1357210909.397692	1.000245	29.066912	15.771281	3.977724	1.004474	0.000032	1.000142	0.000065	1.033852	0.000021	0.999982	0.000063	0.999987	0.000086	1.000158	0.000090	0.999656	0.000082	1.000000	1.000000	
1357210910.397196	0.999998	20.801263	7.480590	3.802543	0.619357	0.011581	0.717374	0.000078	1.030132	0.000056	0.714968	0.000199	0.757334	0.000073	0.991328	0.000013	0.701264	0.000681	1.005128	0.000013	1357210910.397490	0.999798	29.054161	15.758447	4.115257	1.000063	0.000061	0.999938	0.000050	0.999980	0.000329	0.999522	0.000021	1.000020	0.000038	0.997953	0.000011	1.001702	0.000011	1.000000	1.000000	
1357210911.397196	1.000000	22.990997	9.668243	3.798019	0.770579	0.012333	1.004382	0.000032	0.730076	0.000063	0.816565	0.000198	0.702115	0.000017	1.000318	0.000047	0.999874	0.000165	1.000441	0.000046	1357210911.397488	0.999998	29.052317	15.756042	3.837089	0.998456	0.000018	0.999965	0.000033	0.997837	0.000012	0.999983	0.000044	0.999990	0.000078	0.999988	0.001261	0.999150	0.000044	1.000000	1.000000	
1357210912.397196	1.000000	23.681381	10.362549	3.772415	0.822594	0.010196	0.999792	0.000082	0.999830	0.000038	0.893079	0.000159	0.999908	0.000054	1.009963	0.000013	0.846564	0.000220	0.992388	0.000017	1357210912.397437	0.999949	29.007065	15.714471	3.813747	1.000268	0.000079	0.999955	0.000051	0.999973	0.000057	1.000593	0.000021	0.999939	0.000038	1.002936	0.000011	1.001789	0.000012	1.000000	1.000000	
1357210913.397196	1.000000	22.874496	9.558395	3.818771	0.756753	0.012409	0.577223	0.005769	1.000133	0.000044	0.826706	0.000197	1.003163	0.000012	0.725330	0.000061	0.678738	0.000275	1.002759	0.000042	1357210913.397453	1.000016	28.982890	15.692865	3.991239	0.997660	0.000018	0.999954	0.000033	1.000636	0.000046	0.999908	0.000059	0.999973	0.000072	0.999257	0.000044	1.000483	0.000045	1.000000	1.000000	
1357210914.397196	1.000000	23.939453	10.624237	3.799454	0.838986	0.011021	0.999662	0.000072	0.999208	0.000021	0.898904	0.000159	0.998362	0.000057	0.996650	0.000014	0.851371	0.000212	0.988391	0.000013	1357210914.397448	0.999995	28.954506	15.680987	3.773151	1.000674	0.000061	1.000263	0.000050	0.999997	0.002135	1.000145	0.000016	1.000419	0.000036	0.999014	0.000012	0.998172	0.000012	1.000000	1.000000	
1357210915.397202	1.000006	24.286553	10.971324	3.775277	0.871972	0.010451	1.002244	0.000008	0.762515	0.000110	0.882464	0.000716	0.715478	0.000018	0.707417	0.000062	0.883926	0.000553	1.003103	0.000046	1357210915.397466	1.000018	28.953462	15.664728	3.758203	0.998152	0.000018	0.999634	0.000040	0.997622	0.000012	0.999443	0.000058	0.999380	0.000081	1.000238	0.000045	0.999974	0.000045	1.000000	1.000000	
1357210916.397196	0.999994	23.011902	9.698117	3.805198	0.764876	0.012619	0.715610	0.000073	0.999684	0.000022	0.690649	0.002665	0.772317	0.000068	1.001038	0.000013	0.683745	0.000227	1.000090	0.000013	1357210916.397454	0.999988	28.965128	15.679554	3.950471	1.000632	0.000059	1.000193	0.000052	1.000037	0.000765	1.001452	0.000021	1.000717	0.000049	1.000070	0.000011	0.997846	0.000012	1.000000	1.000000	
1357210917.397199	1.000003	24.261964	10.945889	3.795765	0.851055	0.011030	0.984028	0.000013	1.000043	0.000045	1.000099	0.000066	0.706406	0.000018	0.999630	0.000045	1.000938	0.000162	1.000504	0.000044	1357210917.397451	0.999997	28.934950	15.653079	3.786694	0.998249	0.000018	0.999825	0.000033	0.996644	0.000012	1.000009	0.000044	0.999969	0.000063	0.999750	0.000043	1.000540	0.000046	1.000000	1.000000	
1357210918.397200	1.000001	23.260766	9.947058	3.793667	0.764207	0.009857	0.836750	0.000091	0.997092	0.000022	1.001581	0.000041	0.991154	0.000055	0.694259	0.000018	0.999916	0.000178	0.752947	0.000017	1357210918.397568	1.000117	28.924913	15.646209	3.781952	1.000133	0.000058	1.000055	0.000049	0.999919	0.000057	0.999222	0.000057	1.000385	0.000037	1.001480	0.000011	1.001251	0.000011	1.000000	1.000000	
1357210919.397197	0.999997	23.883863	10.584780	3.775158	0.821020	0.010907	0.928050	0.000234	0.990038	0.000046	0.995102	0.000144	0.751021	0.000018	0.997425	0.000191	0.896901	0.000512	0.931261	0.000061	1357210919.397483	0.999915	28.923009	15.642246	3.751326	0.999802	0.000037	0.999890	0.000032	1.000399	0.000102	1.000784	0.000036	0.999566	0.000066	1.000380	0.000063	0.999549	0.000043	1.000000	1.000000	
1357210920.397196	0.999999	24.106255	10.789088	3.791111	0.850460	0.011671	1.000679	0.000067	1.007044	0.000076	1.014364	0.000044	0.991961	0.000070	0.904171	0.000345	0.965154	0.000501	0.990059	0.000014	1357210920.397460	0.999977	28.925940	15.640556	3.766947	0.997878	0.000065	1.000013	0.000062	1.000007	0.000058	1.000608	0.000021	1.000220	0.000037	0.997019	0.000011	1.001518	0.000011	1.000000	1.000000	
1357210921.397196	1.000000	22.436462	9.124802	3.823502	0.705446	0.013338	0.649410	0.004816	0.705184	0.000065	0.739175	0.000067	1.014430	0.000035	0.721497	0.002036	0.923092	0.000225	1.010067	0.000061	1357210921.397447	0.999987	28.945539	15.666679	4.122506	1.000440	0.000308	1.000013	0.000394	0.999898	0.000348	0.999836	0.000073	0.999991	0.000083	1.000026	0.000058	0.999974	0.000179	1.000000	1.000000	
1357210922.397206	1.000010	24.051547	10.739700	3.777092	0.855822	0.012330	0.793592	0.000473	0.992006	0.000022	0.802636	0.000028	1.000047	0.000049	1.004873	0.000013	0.990587	0.000177	1.004241	0.000013	1357210922.397455	1.000008	28.914545	15.636073	3.819442	1.000022	0.000052	0.999985	0.000051	1.000496	0.000055	1.000196	0.000022	1.000183	0.000042	1.000748	0.000040	0.999882	0.000033	1.000000	1.000000	
1357210923.397200	0.999994	23.291353	9.979063	3.767509	0.763643	0.009264	0.741019	0.005992	1.001903	0.000046	0.997582	0.000048	0.997410	0.000046	0.996292	0.000047	0.641514	0.000336	0.998979	0.000046	1357210923.397497	1.000042	28.887383	15.623688	3.909672	0.998205	0.000018	0.999899	0.000038	0.999231	0.000011	0.999827	0.000071	0.996868	0.000066	0.999046	0.000040	0.999528	0.000039	1.000000	1.000000	
1357210924.397196	0.999996	23.813756	10.501629	3.790833	0.829428	0.011915	0.722310	0.000064	1.002750	0.000022	1.004418	0.000023	1.001762	0.000046	1.012448	0.000013	0.826284	0.000248	0.703905	0.000018	1357210924.397442	0.999945	28.936286	15.656273	3.763437	1.000454	0.000088	1.000118	0.000066	1.000002	0.002088	1.000297	0.000017	1.004002	0.000055	1.000516	0.000011	1.003214	0.000011	1.000000	1.000000	
1357210925.397198	1.000002	23.984985	10.675273	3.783348	0.839149	0.012023	0.992844	0.000021	0.812630	0.000097	1.000295	0.000048	0.700946	0.000018	1.000200	0.000054	0.970597	0.000543	1.003867	0.000044	1357210925.397450	1.000008	28.910929	15.634425	3.780090	0.997051	0.000018	1.000093	0.000033	0.999836	0.000012	1.000074	0.000047	0.999715	0.000087	1.000233	0.000063	0.999942	0.000054	1.000000	1.000000	
1357210926.397196	0.999998	23.858001	10.544728	3.789070	0.827707	0.011973	1.001802	0.000083	1.000564	0.000031	0.999425	0.000021	0.999947	0.000058	0.993882	0.000013	0.825399	0.000258	0.695275	0.000018	1357210926.397444	0.999994	28.918507	15.640093	3.794471	1.000788	0.000067	0.999752	0.000054	0.999338	0.000057	1.000113	0.000020	1.000721	0.000035	0.998620	0.000011	0.998650	0.000012	1.000000	1.000000	
1357210927.397196	1.000000	23.703415	10.404922	3.777832	0.810320	0.012192	0.767040	0.000067	0.999802	0.000045	1.000092	0.000046	1.000333	0.000013	0.737218	0.000066	0.915570	0.000209	0.999721	0.000047	1357210927.397440	0.999996	28.916606	15.640246	3.815933	0.998398	0.000018	1.000000	0.000033	1.003037	0.000012	0.999732	0.000045	0.999729	0.000063	1.000000	0.000043	1.000316	0.000044	1.000000	1.000000	
1357210928.397196	1.000000	24.011475	10.699371	3.773056	0.852297	0.012836	0.808430	0.000131	0.806377	0.000027	0.801982	0.000028	0.902125	0.000356	0.699388	0.000018	0.801552	0.000258	0.699586	0.000018	1357210928.397458	1.000018	28.911653	15.636927	3.813897	1.000245	0.000098	0.999993	0.000051	1.000000	0.000064	1.000067	0.000075	1.000327	0.000043	0.999874	0.000012	1.000510	0.000012	1.000000	1.000000	
1357210929.397196	1.000000	24.222717	10.911865	3.796951	0.878106	0.011208	0.995876	0.003035	1.000000	0.002390	0.992740	0.002500	0.997491	0.002223	1.000010	0.002335	0.974023	0.002644	0.992916	0.002394	1357210929.397443	0.999985	29.014443	15.736000	3.769878	0.999983	0.002826	0.999999	0.002508	0.999980	0.002689	0.999995	0.002149	0.999990	0.003019	1.000011	0.002023	0.999971	0.001267	1.000000	1.000000	
1357210930.397198	1.000002	18.810130	5.501912	3.916603	0.581700	0.018212	0.712783	0.000074	0.878132	0.000062	0.980380	0.000018	0.750513	0.000064	0.652304	0.000012	0.707686	0.000690	1.015979	0.000008	1357210930.397635	1.000192	28.936082	15.657975	4.517596	1.000808	0.000058	1.000000	0.000055	0.999980	0.000056	1.000255	0.000017	1.000541	0.000007	0.999276	0.000037	0.999300	0.000007	1.000000	1.000000	
1357210931.397196	0.999998	23.670028	10.363515	3.806083	0.800810	0.010756	0.769449	0.000014	0.696369	0.000071	0.776891	0.006938	0.901734	0.000021	0.928999	0.000056	0.956371	0.000197	0.988685	0.000051	1357210931.397446	0.999811	28.923147	15.643812	4.015621	0.997129	0.000018	0.999966	0.000034	1.000609	0.000012	0.999145	0.000055	0.999350	0.000070	1.000148	0.000065	1.000318	0.000050	1.000000	1.000000	
1357210932.397206	1.000010	23.151959	9.844262	3.805061	0.766324	0.012972	0.998999	0.000065	0.874363	0.000042	0.645799	0.009243	1.000074	0.000068	0.844469	0.000033	0.724316	0.000251	0.700573	0.000020	1357210932.397450	1.000004	28.929433	15.654111	4.296766	0.998234	0.000066	0.999937	0.000061	0.988331	0.000059	1.002307	0.000021	1.005060	0.000012	0.999677	0.000042	0.997585	0.000012	1.000000	1.000000	
1357210933.397196	0.999990	24.002193	10.698029	3.806465	0.825061	0.011542	0.578282	0.000619	0.998897	0.000046	0.995359	0.000051	0.991028	0.000009	0.996469	0.000046	0.866836	0.000256	0.856742	0.003468	1357210933.397466	1.000016	28.925975	15.653421	3.818512	1.004504	0.000035	0.999904	0.000048	1.031047	0.000022	0.999874	0.000104	0.999828	0.000070	1.000123	0.000088	1.000446	0.000068	1.000000	1.000000	
1357210934.397196	1.000000	23.153900	9.862823	3.824417	0.725534	0.011396	0.889024	0.002650	0.784303	0.000027	0.806356	0.000026	1.001211	0.000054	0.706511	0.000019	1.001987	0.000202	0.994226	0.000019	1357210934.397437	0.999971	28.917055	15.655912	3.871588	0.999911	0.000065	1.000144	0.000056	1.000013	0.002082	1.000562	0.000016	0.998132	0.000012	0.999540	0.000037	0.998340	0.000019	1.000000	1.000000	
1357210935.397196	1.000000	22.300644	8.999939	3.817841	0.722437	0.012879	0.849678	0.000148	0.892711	0.000096	0.749826	0.000063	0.992490	0.000013	0.748467	0.000062	0.863991	0.000574	0.723003	0.000065	1357210935.397483	1.000046	28.959437	15.690227	3.864858	0.997780	0.000018	0.999196	0.000035	0.997513	0.000012	0.999787	0.000049	1.000459	0.000048	1.000367	0.000087	1.000878	0.000047	1.000000	1.000000	
1357210936.397202	1.000006	23.844951	10.541075	3.785897	0.833862	0.012217	1.001070	0.000078	1.002260	0.000022	0.801392	0.000026	1.000545	0.000066	0.991526	0.000013	0.910830	0.000196	1.003556	0.000013	1357210936.397453	0.999970	28.948379	15.676466	3.822045	1.000503	0.000064	1.000321	0.000072	1.000587	0.000055	1.000482	0.000019	0.999709	0.000012	0.999165	0.000035	0.996365	0.000011	1.000000	1.000000	
1357210937.397201	0.999999	23.770210	10.466563	3.769306	0.827138	0.010461	0.898024	0.000051	0.997476	0.000045	0.999840	0.000048	0.999403	0.000079	1.002072	0.000045	0.795299	0.000247	0.999184	0.000044	1357210937.397476	1.000023	28.936822	15.666359	3.757360	0.998735	0.000018	1.000012	0.000032	1.000574	0.000011	0.999709	0.000046	0.999624	0.000051	1.000493	0.000062	1.000426	0.000050	1.000000	1.000000	
1357210938.397196	0.999995	24.055205	10.752282	3.791080	0.834240	0.012242	0.757570	0.000070	0.799451	0.000027	1.001588	0.000023	0.993011	0.000049	1.000680	0.000012	0.912708	0.000221	0.691114	0.000018	1357210938.397452	0.999976	28.913858	15.641154	3.773376	1.000284	0.000064	0.999975	0.000063	0.999888	0.000062	1.000057	0.000054	1.001458	0.000012	0.999157	0.000035	1.002181	0.000011	1.000000	1.000000	
1357210939.397199	1.000003	23.769442	10.467741	3.783756	0.817988	0.012199	0.997949	0.000064	0.997923	0.000044	1.000172	0.000045	1.043330	0.000013	0.999777	0.000045	0.797774	0.000260	0.610166	0.000072	1357210939.397469	1.000017	28.896606	15.624720	3.797345	0.998417	0.000018	0.999941	0.000033	1.000231	0.000012	0.999970	0.000038	0.999983	0.000046	0.999994	0.000067	0.999061	0.000043	1.000000	1.000000	
1357210940.397198	0.999999	23.605217	10.303202	3.785450	0.797431	0.010802	0.894162	0.000161	0.932822	0.000064	0.845310	0.000026	0.812034	0.000099	0.993298	0.000013	0.906699	0.000533	0.983784	0.000013	1357210940.397559	1.000090	28.923777	15.654202	3.811288	1.000507	0.000064	1.000165	0.000051	0.999433	0.000060	0.999836	0.000021	1.000255	0.000012	0.999897	0.000038	0.999457	0.000011	1.000000	1.000000	
1357210941.397196	0.999998	23.701324	10.397801	3.785957	0.805314	0.012951	1.007752	0.000008	0.668210	0.000064	0.931019	0.000049	1.037527	0.000008	1.003919	0.000045	0.922818	0.000201	1.001351	0.000044	1357210941.397442	0.999883	28.909314	15.628249	3.814533	0.997820	0.000018	0.999770	0.000040	1.002664	0.000011	1.000130	0.000044	0.999758	0.000043	1.000261	0.000059	0.999963	0.000052	1.000000	1.000000	
1357210942.397200	1.000004	23.682338	10.381809	3.794968	0.807426	0.012173	1.000264	0.000054	0.790488	0.000027	1.002232	0.000026	0.999396	0.000052	0.994045	0.000013	0.905924	0.000197	0.704269	0.000018	1357210942.397449	1.000007	28.896437	15.639449	3.793034	1.000376	0.000060	0.999984	0.000049	0.999460	0.000066	1.000202	0.000021	1.001937	0.000012	0.999703	0.000036	1.001771	0.000012	1.000000	1.000000	
1357210943.397196	0.999996	23.627522	10.335689	3.795700	0.766322	0.008322	0.759967	0.008702	0.992640	0.000064	0.986642	0.000047	0.700240	0.000018	0.988442	0.000047	0.784027	0.002189	0.988221	0.000045	1357210943.397452	1.000003	28.899813	15.618177	3.910953	0.999009	0.000018	1.000012	0.000033	1.002967	0.000011	0.999981	0.000081	0.999660	0.000044	0.999917	0.000060	0.999527	0.000049	1.000000	1.000000	
1357210944.397197	1.000001	20.555324	7.259118	3.876705	0.595415	0.013395	0.605036	0.011916	0.588921	0.000065	0.820728	0.000053	0.998888	0.000072	0.560365	0.000049	0.626512	0.000325	0.705659	0.000019	1357210944.397556	1.000104	28.960338	15.685686	4.514423	0.998220	0.000065	0.999971	0.000053	0.999742	0.002199	0.998940	0.000017	0.996689	0.000012	0.999968	0.000036	1.002261	0.000012	1.000000	1.000000	
1357210945.397202	1.000005	715818842.509709	715768833.336389	715805946.005569	0.999869	1.000450	0.999868	1.000455	0.999879	1.000451	0.999871	1.000449	0.999872	1.000457	0.999873	1.000447	0.999872	1.000456	0.999871	1.000451	1357210945.397299	0.999743	715990088.699196	715999183.455098	715957843.594788	0.999869	1.000441	0.999866	1.000444	3.901306	0.256408	0.999871	1.000451	0.999871	1.000455	0.999874	1.000450	0.999871	1.000454	0.999872	1.000454	
1357210946.397285	1.000083	0.000000	0.000000	0.000000	-nan	-nan	-nan	-nan	0.000000	inf	-nan	-nan	-nan	0.000000	-nan	-nan	-nan	-nan	-nan	-nan	1357210946.397363	1.000064	0.000000	0.000000	0.000000	-nan	-nan	-nan	-nan	0.000000	inf	-nan	-nan	-nan	-nan	-nan	-nan	-nan	-nan	-nan	-nan	
