ts_0	elapsed_0	pkg_0	pp0_0	dram_0	freq_ratio_0_0	c0_ratio_0_0	freq_ratio_0_1	c0_ratio_0_1	freq_ratio_0_2	c0_ratio_0_2	freq_ratio_0_3	c0_ratio_0_3	freq_ratio_0_4	c0_ratio_0_4	freq_ratio_0_5	c0_ratio_0_5	freq_ratio_0_6	c0_ratio_0_6	freq_ratio_0_7	c0_ratio_0_7	ts_1	elapsed_1	pkg_1	pp0_1	dram_1	freq_ratio_1_0	c0_ratio_1_0	freq_ratio_1_1	c0_ratio_1_1	freq_ratio_1_2	c0_ratio_1_2	freq_ratio_1_3	c0_ratio_1_3	freq_ratio_1_4	c0_ratio_1_4	freq_ratio_1_5	c0_ratio_1_5	freq_ratio_1_6	c0_ratio_1_6	freq_ratio_1_7	c0_ratio_1_7	
1357210890.428673	1.001996	48.479055	35.103897	6.302468	1.154230	0.498585	1.153047	0.490297	1.153347	0.495456	1.153851	0.490492	1.154139	0.496237	1.154736	0.500354	1.154389	0.492818	1.154438	0.490945	1357210890.428849	1.000599	60.575232	46.716589	7.576731	0.999897	0.913480	0.999980	0.912668	1.000001	0.912730	0.998203	0.009624	1.003241	0.000072	0.999981	0.903151	1.000001	0.903163	0.999682	0.914310	
1357210891.428509	0.999836	50.610810	37.218050	6.678601	1.000000	1.000000	1.000000	1.000001	1.000000	1.000000	0.999818	0.001551	0.999985	0.005255	1.001525	0.000047	1.000000	1.000000	1.014851	0.000008	1357210891.428679	0.999830	64.241603	50.305488	8.119010	1.000000	1.000000	1.000000	1.000000	1.000000	1.000000	1.000300	0.000058	1.006888	0.000007	1.000000	1.000000	1.000000	1.000000	1.000000	1.000000	
1357210892.428509	1.000000	50.936417	37.536148	6.683563	1.000000	1.000000	1.000000	1.000000	1.000000	0.999999	1.000278	0.000932	0.999983	0.006887	1.001117	0.000056	1.000000	1.000000	1.000113	0.000051	1357210892.428650	0.999971	64.441602	50.467716	8.097159	1.000000	1.000000	1.000000	1.000000	1.000000	1.000000	0.999673	0.000098	1.000000	0.000049	1.000000	1.000000	1.000000	1.000000	1.000000	1.000000	
1357210893.428509	1.000000	52.422012	39.025330	6.646164	1.000000	1.000000	1.000000	1.000000	1.000000	1.000001	0.999619	0.000586	0.999865	0.004980	0.998609	0.000060	1.000000	1.000000	1.020697	0.000008	1357210893.428661	1.000011	64.253369	50.268034	8.145632	1.000000	1.000000	1.000000	1.000000	1.000000	1.000000	0.999716	0.000057	1.002263	0.000007	1.000000	1.000000	1.000000	1.000000	1.000000	1.000000	
1357210894.428509	1.000000	51.471710	38.040817	6.754303	1.000000	1.000001	1.000000	1.000000	1.000000	1.000000	1.000004	0.000642	0.999998	0.008690	1.000468	0.000035	1.000000	1.000000	0.984972	0.000050	1357210894.428671	1.000010	64.275663	50.253342	8.338356	1.000000	1.000000	1.000000	1.000000	1.000000	1.000000	1.000086	0.000094	0.998754	0.000049	1.000000	1.000000	1.000000	1.000000	1.000000	1.000000	
1357210895.428509	1.000000	53.266983	39.856171	6.575943	1.000000	1.000000	1.000000	1.000000	1.000000	1.000000	0.999977	0.002970	1.000027	0.008644	0.999735	0.002222	1.000000	1.000000	1.000017	0.002144	1357210895.428633	0.999962	64.337751	50.355653	8.070496	1.000000	1.000000	1.000000	1.000000	1.000000	1.000000	1.000001	0.004154	1.001477	0.000028	1.000000	1.000000	1.000000	1.000000	1.000000	1.000000	
1357210896.428509	1.000000	50.520355	37.093216	6.723694	1.000000	1.000000	1.000000	1.000000	1.000000	1.000000	1.000206	0.000609	0.998794	0.000073	1.023442	0.000024	1.000000	1.000000	1.000493	0.000994	1357210896.428674	1.000041	64.423933	50.417549	8.152757	1.000000	1.000000	1.000000	1.000000	1.000000	1.000000	0.999994	0.000122	0.988131	0.000045	1.000000	1.000000	1.000000	1.000000	1.000000	1.000000	
1357210897.428509	1.000000	50.786942	37.368286	6.602188	1.000000	1.000000	1.000000	1.000000	1.000000	1.000000	0.999728	0.000881	1.015149	0.000009	0.999095	0.000053	1.000000	1.000000	0.999979	0.005714	1357210897.428676	1.000002	64.461043	50.484721	8.155609	1.000000	1.000000	1.000000	1.000000	1.000000	1.000000	1.000411	0.000056	1.019396	0.000026	1.000000	1.000000	1.000000	1.000000	1.000000	1.000000	
1357210898.428509	1.000000	51.112991	37.674927	6.883911	1.000000	1.000000	1.000000	0.999999	1.000000	1.000000	1.000282	0.000590	1.000337	0.002231	1.016955	0.000008	1.000000	1.000000	0.999974	0.006924	1357210898.428650	0.999974	64.520155	50.508469	8.349704	1.000000	1.000000	1.000000	1.000000	1.000000	1.000000	0.999646	0.000098	1.000370	0.000048	1.000000	1.000000	1.000000	1.000000	1.000000	1.000000	
1357210899.428509	1.000000	52.854034	39.421432	6.677536	1.000000	1.000000	1.000001	1.000000	1.000000	1.000000	0.999785	0.000558	0.999236	0.001357	0.994198	0.000054	1.000000	1.000000	0.999988	0.004862	1357210899.428642	0.999992	64.520634	50.538404	8.265066	1.000000	1.000000	1.000000	1.000000	1.000000	1.000000	1.000082	0.000056	1.002811	0.000006	1.000000	1.000000	1.000000	1.000000	1.000000	1.000000	
1357210900.428509	1.000000	51.490509	38.048553	6.865631	1.000000	1.000000	1.000000	1.000000	0.999999	0.999999	1.000691	0.000544	1.000093	0.008784	1.021876	0.000009	1.000000	1.000000	1.005521	0.000045	1357210900.428652	1.000010	64.523753	50.528150	8.241403	1.000000	1.000000	1.000000	1.000000	1.000000	1.000000	1.000157	0.000101	0.999452	0.000049	1.000000	1.000000	1.000000	1.000000	1.000000	1.000000	
1357210901.428509	1.000000	52.710968	39.274017	6.677017	1.000000	1.000000	1.000000	1.000000	1.000000	1.000000	0.999859	0.000612	1.000030	0.006010	1.003030	0.000066	1.000000	1.000000	1.021157	0.000009	1357210901.428650	0.999998	64.553285	50.564473	8.165284	1.000000	1.000000	1.000000	1.000000	1.000000	1.000000	0.999939	0.000057	1.003397	0.000007	1.000000	1.000000	1.000000	1.000000	1.000000	1.000000	
1357210902.428509	1.000000	52.390503	38.967255	6.739853	1.000000	1.000000	1.000000	1.000000	1.000000	1.000000	0.999895	0.003152	1.000036	0.005586	0.976834	0.000009	1.000001	1.000000	0.997392	0.000050	1357210902.428652	1.000002	64.553435	50.559443	8.043777	1.000000	1.000000	1.000000	1.000000	1.000000	1.000000	0.999937	0.000098	0.999659	0.000049	1.000000	1.000000	1.000000	1.000000	1.000000	1.000000	
1357210903.428509	1.000000	52.745361	39.308624	6.729935	1.000000	1.000000	1.000000	1.000000	1.000001	1.000001	1.000308	0.000576	1.000044	0.006039	1.000453	0.000051	1.000000	1.000000	0.999814	0.000008	1357210903.428646	0.999994	64.610294	50.612805	8.139087	1.000000	1.000000	1.000000	1.000000	1.000000	1.000000	1.000007	0.000057	1.000864	0.000007	1.000000	1.000000	1.000000	1.000000	1.000000	1.000000	
1357210904.428509	1.000000	52.452087	39.015823	6.789276	1.000000	1.000000	1.000000	1.000000	1.000000	1.000000	0.999763	0.000541	1.000030	0.007370	0.997752	0.000008	1.000000	1.000000	1.000468	0.000049	1357210904.428645	0.999999	64.690034	50.691729	8.181465	1.000000	1.000000	1.000000	1.000000	1.000000	1.000000	0.999931	0.000101	0.999855	0.000048	1.000000	1.000000	1.000000	1.000000	1.000000	1.000000	
1357210905.428509	1.000000	52.794983	39.356934	6.699677	1.000000	1.000000	1.000000	1.000000	1.000000	1.000000	0.999876	0.000549	1.000018	0.006009	1.000048	0.000057	1.000000	1.000000	1.015112	0.000008	1357210905.428647	1.000002	64.702696	50.705241	8.155960	1.000000	1.000000	1.000000	1.000000	1.000000	1.000000	1.000182	0.000057	1.000161	0.000007	1.000000	1.000000	1.000000	1.000000	1.000000	1.000000	
1357210906.428509	1.000000	54.326660	40.886459	6.619492	1.000000	1.000000	1.000000	1.000000	1.000000	1.000000	1.000003	0.342512	0.999869	0.004336	1.000986	0.000009	1.000000	1.000001	0.986585	0.000051	1357210906.428648	1.000001	62.322923	48.333679	8.194679	0.999999	0.657704	1.000000	1.000000	1.000000	1.000000	0.998588	0.000548	1.000262	0.000050	1.000000	1.000000	1.000000	1.000000	1.000000	1.000000	
1357210907.428510	1.000001	45.283923	31.942093	5.726008	0.999312	0.691297	0.999999	0.690036	0.999999	0.690014	1.000000	0.689990	0.930267	0.001331	0.750808	0.000075	0.999999	0.689898	0.997791	0.000009	1357210907.428784	1.000136	48.312450	34.614437	6.205257	0.999922	0.001275	0.999999	0.689797	0.999999	0.689828	1.010044	0.000077	0.999195	0.000007	0.999998	0.689743	0.999999	0.689668	1.000000	1.000000	
1357210908.428513	1.000003	21.396357	8.204122	5.948300	0.654876	0.012391	0.775687	0.000087	0.631743	0.000106	0.596976	0.000199	0.932560	0.002536	1.017887	0.000023	1.009318	0.000058	0.928650	0.000075	1357210908.428759	0.999975	29.617074	16.238505	5.019382	0.999983	0.006615	0.999961	0.000099	1.017132	0.000031	1.000062	0.000113	0.992337	0.000068	0.983827	0.000007	0.991959	0.000058	1.000000	1.000000	
1357210909.428510	0.999997	24.106032	10.915287	6.145588	0.813435	0.011821	1.006986	0.000028	1.004712	0.000008	0.998768	0.000008	0.829986	0.000416	0.998408	0.000050	0.997650	0.000008	1.002282	0.000008	1357210909.428758	0.999999	29.453504	16.087647	5.140416	1.000291	0.000054	1.000828	0.000006	0.999984	0.000049	0.999842	0.000068	1.017299	0.000030	1.010737	0.000060	1.023255	0.000022	1.000000	1.000000	
1357210910.428509	0.999999	23.467597	10.280176	6.170843	0.787207	0.012377	0.644536	0.001517	0.788291	0.000074	0.985229	0.000064	0.795389	0.000356	1.025681	0.000008	0.996665	0.000054	0.714785	0.000067	1357210910.428859	1.000101	29.435486	16.074699	5.224936	0.999258	0.000023	0.999955	0.000060	0.999977	0.000017	1.000000	0.000109	1.000192	0.000050	0.998057	0.000006	0.999771	0.000049	1.000000	1.000000	
1357210911.428511	1.000002	23.600632	10.423976	6.166111	0.739587	0.008526	0.812894	0.007884	1.002144	0.000008	0.868881	0.000035	0.786007	0.000340	0.932451	0.000059	0.678775	0.000012	0.688154	0.000012	1357210911.428914	1.000055	29.400709	16.037645	5.253495	0.999945	0.000063	0.999835	0.000007	0.999954	0.000050	0.999993	0.000057	0.998317	0.000007	0.997738	0.000048	0.993383	0.000014	1.000000	1.000000	
1357210912.428510	0.999999	23.225974	10.035212	6.122778	0.760987	0.013611	0.669553	0.002649	0.837568	0.000072	0.825025	0.000113	0.816983	0.001083	0.650117	0.000010	0.930404	0.000052	0.932866	0.000055	1357210912.428748	0.999834	29.367681	16.021671	5.342836	1.000452	0.000023	0.999947	0.000058	1.000024	0.000016	1.000016	0.000099	1.000070	0.000055	1.011640	0.000007	1.001535	0.000070	1.000000	1.000000	
1357210913.428510	1.000000	22.179855	8.985962	6.123230	0.661661	0.010762	0.680140	0.001513	0.997286	0.000008	0.598744	0.000111	0.716309	0.000364	0.916542	0.000068	0.981810	0.000008	0.993318	0.000008	1357210913.428815	1.000067	29.383835	16.028940	5.201586	0.999790	0.000055	0.999044	0.000006	1.000000	0.000069	1.000043	0.000063	0.999516	0.000007	1.000544	0.000050	1.001994	0.000007	1.000000	1.000000	
1357210914.428514	1.000004	24.139062	10.949617	6.166509	0.817647	0.011822	0.624635	0.001602	0.914935	0.000065	0.982473	0.000058	0.842264	0.000346	1.022094	0.000008	1.000680	0.000052	0.999759	0.000053	1357210914.428880	1.000065	29.365124	16.017955	5.213802	0.999567	0.000023	0.999961	0.000059	0.997828	0.000016	0.999963	0.000115	1.000053	0.000051	0.996682	0.000006	0.998990	0.000049	1.000000	1.000000	
1357210915.428509	0.999995	23.482433	10.275595	6.196778	0.766079	0.011978	0.719970	0.003316	0.999062	0.000008	0.692523	0.000010	0.889716	0.000292	1.000560	0.000052	1.000185	0.000008	1.007354	0.000008	1357210915.428756	0.999876	29.366800	16.016466	5.266766	1.000380	0.000057	1.000701	0.000006	1.000620	0.000050	0.999962	0.000062	1.000556	0.000006	0.999881	0.000062	1.005247	0.000006	1.000000	1.000000	
1357210916.428510	1.000001	23.833946	10.626546	6.129801	0.785957	0.012756	0.711096	0.002146	1.000012	0.000062	0.911217	0.000387	0.936083	0.001146	0.997353	0.000069	0.999900	0.000054	1.000072	0.000064	1357210916.428794	1.000038	29.356523	16.015140	5.245300	0.999649	0.000023	0.999976	0.000095	0.997885	0.000016	0.999977	0.000296	0.999970	0.000052	0.999839	0.000007	0.999376	0.000057	1.000000	1.000000	
1357210917.428509	0.999999	20.271443	7.050025	6.329871	0.579295	0.015847	0.645653	0.009378	0.995200	0.000008	0.998768	0.000045	0.754991	0.000776	0.688288	0.000074	0.999271	0.000008	0.999066	0.000008	1357210917.428791	0.999997	29.365402	16.019535	5.829089	0.999827	0.000060	0.998246	0.000007	1.000659	0.000048	1.000007	0.000059	0.999411	0.000007	0.999837	0.000050	0.999268	0.000006	1.000000	1.000000	
1357210918.428509	1.000000	23.904694	10.689911	6.116791	0.805871	0.011992	0.661097	0.001179	0.991534	0.000059	0.995874	0.000116	0.984579	0.002332	1.000000	0.000008	0.989574	0.000050	0.990151	0.000054	1357210918.428760	0.999969	29.315865	15.976844	5.108114	1.000611	0.000028	1.000194	0.000060	0.999960	0.000019	1.000004	0.000106	1.000038	0.000050	0.980537	0.000006	1.000762	0.000049	1.000000	1.000000	
1357210919.428509	1.000000	24.053116	10.849167	6.093719	0.815099	0.011629	0.998965	0.000029	0.844047	0.000011	1.000559	0.000020	0.806361	0.000365	0.990305	0.000058	0.995371	0.000009	0.870774	0.000010	1357210919.428897	1.000137	29.293210	15.958887	4.990710	0.998389	0.000065	0.999835	0.000007	0.999986	0.000055	0.999955	0.000069	0.998816	0.000007	0.992385	0.000048	1.001915	0.000006	1.000000	1.000000	
1357210920.428510	1.000001	24.343803	11.121526	6.028955	0.767636	0.013486	0.994975	0.002963	0.989900	0.001936	1.000371	0.001805	0.950857	0.002372	1.000207	0.001529	0.997655	0.001415	0.997831	0.001401	1357210920.428987	1.000090	29.328129	15.986326	5.087800	1.001135	0.000072	0.999952	0.000097	0.999946	0.000058	0.999996	0.004097	0.986570	0.000050	0.994223	0.000007	0.993098	0.000071	1.000000	1.000000	
1357210921.428517	1.000007	18.419016	5.203760	6.221515	0.550519	0.016274	0.996568	0.000008	0.685279	0.000010	0.704131	0.000058	0.559787	0.000481	0.715778	0.000061	0.653266	0.000010	1.024923	0.000008	1357210921.428763	0.999776	29.339064	15.997589	5.838070	1.000108	0.000046	1.000833	0.000007	0.999241	0.000040	1.000012	0.000064	1.022723	0.000030	1.008764	0.000062	1.009343	0.000054	1.000000	1.000000	
1357210922.428516	0.999999	22.328299	9.113732	6.143438	0.665533	0.011475	0.561648	0.001195	0.737734	0.000082	0.919335	0.000106	0.803077	0.001047	1.025259	0.000008	0.906448	0.000064	0.899484	0.000057	1357210922.428771	1.000008	29.262702	15.941155	5.216694	1.000151	0.000023	0.999892	0.000061	1.002076	0.000016	1.000017	0.000114	0.999934	0.000070	1.005140	0.000006	0.999595	0.000057	1.000000	1.000000	
1357210923.428517	1.000001	23.062539	9.843008	6.086756	0.731284	0.010343	0.842107	0.000113	1.001749	0.000008	0.993483	0.000059	0.820230	0.003063	0.928538	0.000056	0.679243	0.000012	0.681695	0.000012	1357210923.428924	1.000153	29.314071	15.971951	5.237205	0.999955	0.000060	1.000722	0.000007	0.999930	0.000055	0.999920	0.000053	1.000063	0.000006	0.999609	0.000068	1.002551	0.000006	1.000000	1.000000	
1357210924.428511	0.999994	19.853100	6.643854	6.336036	0.587986	0.018061	0.714999	0.000084	0.703701	0.000082	0.696319	0.000082	0.617280	0.008248	0.651439	0.000010	0.629271	0.000076	0.637799	0.000075	1357210924.428756	0.999832	29.301388	15.975067	5.879818	0.999917	0.000023	0.999954	0.000059	0.999803	0.000016	0.999874	0.000107	0.999884	0.000057	1.001915	0.000006	0.999553	0.000066	1.000000	1.000000	
1357210925.428509	0.999998	25.150530	11.937721	6.110684	0.907759	0.010855	1.001190	0.000008	1.003038	0.000040	0.997258	0.000008	0.823503	0.000318	1.000316	0.000060	1.004636	0.000008	0.982992	0.000008	1357210925.428758	1.000002	29.268865	15.941086	5.139913	0.999971	0.000054	0.999945	0.000007	1.000115	0.000047	1.000285	0.000054	1.002053	0.000006	0.999579	0.000050	1.002110	0.000006	1.000000	1.000000	
1357210926.428513	1.000004	21.872027	8.673701	6.203252	0.659926	0.012277	0.764496	0.004565	0.744610	0.000069	0.660321	0.000123	0.699014	0.000407	0.980845	0.000008	0.905387	0.000056	0.914289	0.000059	1357210926.428941	1.000183	29.282633	15.960212	5.409257	1.000026	0.000029	1.000006	0.000060	0.999907	0.000017	1.000015	0.000106	0.999946	0.000050	0.999196	0.000006	1.000298	0.000049	1.000000	1.000000	
1357210927.428521	1.000008	20.458101	7.250491	6.273097	0.579663	0.015161	0.628492	0.001196	0.998863	0.000008	0.673067	0.008505	0.696856	0.000817	0.902365	0.000056	0.840973	0.000010	0.985286	0.000008	1357210927.428777	0.999836	29.305420	15.974666	5.696308	1.000055	0.000056	1.000110	0.000007	0.999993	0.000055	0.999748	0.000057	1.001448	0.000007	1.000105	0.000048	0.991438	0.000006	1.000000	1.000000	
1357210928.428510	0.999989	23.817186	10.607309	6.147101	0.776425	0.010861	0.632144	0.002185	1.000462	0.000063	0.822235	0.001433	0.970885	0.002347	0.983445	0.000009	0.997145	0.000056	1.000303	0.000056	1357210928.428747	0.999970	29.282526	15.957236	5.344521	0.999239	0.000023	1.000135	0.000077	0.997859	0.000016	1.000052	0.000111	0.999779	0.000049	0.996612	0.000006	1.000005	0.000077	1.000000	1.000000	
1357210929.428513	1.000003	26.114040	12.899817	6.132290	0.958250	0.008891	0.912800	0.006934	1.005230	0.000008	0.999258	0.000018	0.916565	0.000318	1.002655	0.000055	0.999351	0.000008	0.998931	0.000008	1357210929.428807	1.000060	29.264874	15.943225	5.205986	1.000070	0.000061	0.998115	0.000006	1.000024	0.000048	0.999908	0.000067	1.000000	0.000007	1.000520	0.000050	1.005896	0.000006	1.000000	1.000000	
1357210930.428510	0.999997	22.976985	9.763611	6.218144	0.702709	0.012961	0.629537	0.005624	0.991991	0.000072	0.989549	0.000087	0.814736	0.004658	0.670991	0.000012	0.907135	0.000054	0.938295	0.000063	1357210930.428920	1.000113	29.277758	15.954618	5.531266	0.999748	0.000023	0.999942	0.000060	1.001470	0.000016	1.000023	0.000100	1.000175	0.000051	0.999200	0.000006	1.000105	0.000055	1.000000	1.000000	
1357210931.428510	1.000000	23.021027	9.809784	6.222183	0.741200	0.012255	0.995311	0.000009	0.998990	0.000009	0.893624	0.000033	0.638438	0.002761	0.843237	0.000058	0.663466	0.000011	0.953499	0.000088	1357210931.428762	0.999842	29.256273	15.943972	5.365487	0.998219	0.000056	1.000385	0.000007	0.990573	0.000057	0.999934	0.000082	0.996850	0.000006	0.990819	0.000055	0.998949	0.000006	1.000000	1.000000	
1357210932.428513	1.000003	24.216539	11.000195	6.140591	0.820845	0.011560	0.618445	0.002245	1.007391	0.000074	0.927806	0.000120	0.747389	0.000863	1.015484	0.000023	1.007042	0.000074	0.782053	0.000071	1357210932.428759	0.999997	29.265426	15.942966	5.156785	1.002126	0.000047	1.000009	0.000086	1.016815	0.000032	0.999968	0.000132	0.989209	0.000049	1.002711	0.000007	0.992556	0.000069	1.000000	1.000000	
1357210933.428518	1.000005	22.122188	8.914872	6.211654	0.685323	0.013043	0.771082	0.004728	1.020221	0.000008	0.754552	0.000076	0.760656	0.000347	0.999859	0.000052	0.997102	0.000008	1.002804	0.000008	1357210933.428761	1.000002	29.396413	16.069794	5.416631	1.000062	0.000075	0.999341	0.000007	0.999202	0.000042	0.999984	0.004942	1.019237	0.000028	1.007295	0.000066	1.017744	0.000029	1.000000	1.000000	
1357210934.428517	0.999999	23.546806	10.348124	6.144186	0.791312	0.013030	0.619511	0.001575	0.735112	0.000079	0.759728	0.000074	0.769973	0.000377	1.021853	0.000008	0.926863	0.000056	0.999339	0.000054	1357210934.428912	1.000151	29.250667	15.929374	5.266844	0.999880	0.000026	0.999900	0.000058	1.002021	0.000016	1.000385	0.000102	0.999937	0.000049	1.001127	0.000007	0.999937	0.000049	1.000000	1.000000	
1357210935.428514	0.999997	23.978132	10.768344	6.146366	0.782941	0.013757	0.626808	0.000470	0.461816	0.000014	1.002565	0.000008	1.000101	0.000265	0.946038	0.000054	0.651249	0.000010	0.998682	0.000008	1357210935.428869	0.999957	29.233036	15.913540	5.132422	0.999890	0.000056	1.000954	0.000006	0.999961	0.000049	0.999956	0.000061	0.998897	0.000006	0.999782	0.000048	0.981257	0.000007	1.000000	1.000000	
1357210936.428509	0.999995	23.888425	10.673409	6.163514	0.802744	0.012136	0.641502	0.001596	0.948658	0.000073	0.999860	0.000085	0.786446	0.000409	1.003404	0.000048	0.997439	0.000073	1.000476	0.000051	1357210936.428783	0.999914	29.239531	15.918347	5.186237	1.000100	0.000023	0.999962	0.000060	1.000000	0.000016	1.000017	0.000116	1.000036	0.000054	1.000421	0.000006	1.002082	0.000062	1.000000	1.000000	
1357210937.428509	1.000000	22.697266	9.491409	6.166397	0.733090	0.012600	0.626772	0.003114	1.000927	0.000008	0.837753	0.000053	0.725188	0.000843	1.000673	0.000054	1.001436	0.000009	0.999626	0.000008	1357210937.428757	0.999974	29.256055	15.932116	5.409427	0.999702	0.000054	1.000766	0.000007	0.999993	0.000055	0.999894	0.000062	1.000054	0.000007	1.000603	0.000056	0.995332	0.000007	1.000000	1.000000	
1357210938.428510	1.000001	23.765312	10.562307	6.155680	0.792458	0.012759	0.574048	0.002762	0.871697	0.000070	0.872291	0.000121	0.977478	0.002361	0.972797	0.000008	0.999238	0.000055	1.000736	0.000049	1357210938.428787	1.000030	29.227683	15.908305	5.193051	1.000281	0.000029	0.999910	0.000060	0.992271	0.000020	1.000016	0.000121	0.999810	0.000057	0.978213	0.000007	0.998003	0.000057	1.000000	1.000000	
1357210939.428511	1.000001	23.707695	10.501882	6.144815	0.792659	0.012870	0.772112	0.003532	0.900485	0.000009	1.006554	0.000008	0.828644	0.000312	0.908016	0.000056	1.027530	0.000008	0.992811	0.000008	1357210939.428874	1.000087	29.231282	15.912891	5.437363	0.999823	0.000057	0.999725	0.000007	1.002498	0.000049	1.000057	0.000061	1.002625	0.000006	1.002012	0.000055	1.024038	0.000006	1.000000	1.000000	
1357210940.428515	1.000004	23.787166	10.595920	6.103613	0.759206	0.010422	1.000335	0.000094	0.681481	0.000084	0.986776	0.000067	0.895544	0.000317	1.000513	0.000008	0.999979	0.000056	1.000191	0.000059	1357210940.428932	1.000058	29.234772	15.918023	5.038923	0.998671	0.000023	0.999931	0.000072	0.999653	0.000020	1.000000	0.000112	0.999884	0.000050	0.998765	0.000006	0.999642	0.000062	1.000000	1.000000	
1357210941.428510	0.999995	24.485459	11.277538	6.089401	0.835306	0.011284	0.999280	0.000042	1.002510	0.000008	0.907949	0.000032	0.820143	0.000314	0.978764	0.000054	0.999284	0.000008	0.783960	0.000010	1357210941.428753	0.999821	29.209469	15.899713	5.036043	1.000663	0.000059	1.000585	0.000007	1.000810	0.000047	1.000039	0.000060	1.000754	0.000007	1.000373	0.000049	1.001189	0.000006	1.000000	1.000000	
1357210942.428510	1.000000	24.848923	11.640244	6.114716	0.869805	0.011409	0.763725	0.000077	0.833668	0.000069	0.855518	0.000108	0.969817	0.000609	1.000000	0.000008	0.989862	0.000051	0.989285	0.000050	1357210942.428754	1.000001	29.235019	15.918518	5.053477	0.999870	0.000024	0.999987	0.000059	0.999681	0.000016	0.999978	0.000105	0.999962	0.000050	0.998341	0.000006	0.999973	0.000056	1.000000	1.000000	
1357210943.428510	1.000000	24.424149	11.212479	6.103851	0.842171	0.012400	0.998018	0.000009	1.000349	0.000009	0.992205	0.000069	0.847042	0.000342	0.990357	0.000053	1.000089	0.000009	1.000790	0.000009	1357210943.428759	1.000005	29.224845	15.906567	5.035192	0.997919	0.000056	1.000058	0.000007	0.989205	0.000050	0.999864	0.000054	0.999946	0.000007	0.989264	0.000049	0.994716	0.000007	1.000000	1.000000	
1357210944.428518	1.000008	23.171260	9.962856	6.204890	0.728575	0.013364	0.715530	0.005646	0.777941	0.000095	0.798205	0.000084	0.818119	0.000352	0.590395	0.000038	0.761544	0.000091	0.758639	0.000087	1357210944.428769	1.000010	29.236310	15.917168	5.471640	1.003059	0.000039	1.000000	0.000076	1.016969	0.000032	0.999976	0.000113	0.990311	0.000055	1.001063	0.000007	0.991767	0.000058	1.000000	1.000000	
1357210945.428516	0.999998	715777331.501426	715824817.256609	715815623.608352	0.999901	1.000645	0.999901	1.000659	0.999902	1.000657	0.999903	1.000656	0.999902	1.000651	0.999903	1.000640	0.999902	1.000655	0.999902	1.000655	1357210945.428608	0.999839	715917184.860933	715935412.969386	715934392.136231	0.999900	1.000646	0.999899	1.000648	3.899122	0.256612	0.999901	1.000645	0.999903	1.000657	0.999904	1.000648	0.999903	1.000660	0.999902	1.000651	
1357210946.428585	1.000069	0.000000	0.000000	0.000000	-nan	-nan	-nan	-nan	1.000008	inf	-nan	-nan	-nan	0.000000	-nan	-nan	-nan	-nan	-nan	-nan	1357210946.428661	1.000053	0.000000	0.000000	0.000000	-nan	-nan	-nan	-nan	1.345745	inf	-nan	-nan	-nan	-nan	-nan	-nan	-nan	-nan	-nan	-nan	
