ts_0	elapsed_0	pkg_0	pp0_0	dram_0	freq_ratio_0_0	c0_ratio_0_0	freq_ratio_0_1	c0_ratio_0_1	freq_ratio_0_2	c0_ratio_0_2	freq_ratio_0_3	c0_ratio_0_3	freq_ratio_0_4	c0_ratio_0_4	freq_ratio_0_5	c0_ratio_0_5	freq_ratio_0_6	c0_ratio_0_6	freq_ratio_0_7	c0_ratio_0_7	ts_1	elapsed_1	pkg_1	pp0_1	dram_1	freq_ratio_1_0	c0_ratio_1_0	freq_ratio_1_1	c0_ratio_1_1	freq_ratio_1_2	c0_ratio_1_2	freq_ratio_1_3	c0_ratio_1_3	freq_ratio_1_4	c0_ratio_1_4	freq_ratio_1_5	c0_ratio_1_5	freq_ratio_1_6	c0_ratio_1_6	freq_ratio_1_7	c0_ratio_1_7	
1354693697.614315	1.020738	47.469158	34.178957	5.105024	1.243706	0.912963	1.233401	0.659587	1.224176	0.000353	1.129216	0.000202	1.216319	0.000121	1.214023	0.000116	1.230698	0.603195	1.198234	0.000117	1354693697.614628	1.000751	44.803007	31.678891	3.257472	1.230451	0.644873	1.230756	0.644508	0.863731	0.000120	0.770294	0.000384	1.255572	0.000106	1.216587	0.001666	1.182525	0.000139	1.232582	0.678781	
1354693698.614317	1.000002	54.514956	41.214429	5.871159	1.230747	0.999751	1.230748	0.999752	1.228275	0.000720	1.207855	0.000147	1.230442	0.000018	1.200046	0.000075	1.230747	0.999751	1.214188	0.000167	1354693698.614635	1.000007	53.611400	40.482569	2.938594	1.230774	0.999636	1.230774	0.999635	1.212571	0.000267	1.213316	0.000437	1.211263	0.000042	1.213835	0.000341	1.197614	0.000078	1.230735	0.998249	
1354693699.614313	0.999996	54.404441	41.082854	5.966897	1.230750	0.999774	1.230750	0.999774	1.230634	0.002583	1.214302	0.000105	1.227455	0.000080	1.220514	0.000082	1.230750	0.999774	1.225505	0.000057	1354693699.614625	0.999990	53.439927	40.292441	3.145967	1.230803	0.999734	1.230803	0.999734	1.226849	0.000089	1.228327	0.000136	1.230782	0.000077	1.227358	0.000063	1.224333	0.000092	1.230756	0.997213	
1354693700.614313	1.000000	53.406555	40.085861	5.883209	1.230719	0.953134	1.230762	0.952876	1.231039	0.000907	1.226247	0.000107	1.241650	0.000025	1.227492	0.000040	1.230759	0.952811	1.241901	0.000091	1354693700.614624	0.999999	52.745641	39.593559	3.182330	1.230790	0.952738	1.230791	0.952766	1.073965	0.000193	1.077532	0.000196	1.237893	0.000027	1.238591	0.000027	1.226514	0.000037	1.232503	0.996646	
1354693701.614312	0.999999	54.561438	41.236108	5.987295	1.230746	0.999731	1.230746	0.999731	1.227912	0.000922	1.213843	0.000103	1.226800	0.000067	1.228087	0.000581	1.230745	0.999731	1.230803	0.000056	1354693701.614623	0.999999	53.421529	40.267189	3.321185	1.230806	0.999711	1.230806	0.999710	1.223083	0.000105	1.228349	0.000105	1.230882	0.000065	1.228824	0.000192	1.224868	0.000071	1.230754	0.996783	
1354693702.614313	1.000001	52.283535	38.972207	5.856760	1.230471	0.897383	1.230771	0.896766	1.214875	0.004876	1.236319	0.000105	1.251162	0.000025	1.242951	0.000039	1.230741	0.896658	1.246068	0.000083	1354693702.614627	1.000004	51.971439	38.817561	3.578736	1.230766	0.896572	1.230767	0.896630	0.926819	0.000193	0.873287	0.000155	1.261325	0.000025	1.247213	0.000027	1.242992	0.000034	1.234584	0.996735	
1354693703.614313	1.000000	55.157410	41.836044	5.909409	1.230657	0.998786	1.230657	0.998776	1.220095	0.002801	1.229216	0.001846	1.224352	0.000052	1.206578	0.000109	1.230657	0.998775	1.220511	0.000064	1354693703.614635	1.000008	53.558724	40.411004	3.506350	1.230795	0.999866	1.230795	0.999866	1.226638	0.000087	1.227112	0.000077	1.231006	0.000044	1.230736	0.000291	1.230471	0.000066	1.230759	0.998267	
1354693704.614312	0.999999	50.736438	37.420141	5.895208	1.230726	0.324141	1.244304	0.998251	1.230082	0.003076	1.229843	0.002985	1.211132	0.000025	1.214228	0.000041	1.244309	0.998296	1.224188	0.000076	1354693704.614509	0.999874	59.521592	46.361244	4.242111	1.230780	0.999691	1.230780	0.999690	1.230749	0.676532	1.214807	0.000155	1.218205	0.000026	1.218628	0.000027	1.200722	0.000037	1.230750	0.997215	
1354693705.614313	1.000001	47.592225	34.287000	5.995157	1.198760	0.004704	1.265147	0.976567	1.211594	0.002788	1.235391	0.000090	1.223447	0.000063	1.227078	0.000072	1.265262	0.976412	1.231163	0.000055	1354693705.614513	1.000004	62.173958	49.009811	4.712841	1.230740	0.984143	1.230740	0.984173	1.230741	0.984213	1.210246	0.000155	1.204591	0.000059	1.203681	0.000065	1.202486	0.000075	1.231288	0.997207	
1354693706.614313	1.000000	50.972626	37.661545	5.937775	1.055130	0.005191	1.241399	0.911182	1.230764	0.602250	1.222568	0.000140	1.250897	0.000039	1.227873	0.000043	1.241423	0.911063	1.239459	0.000088	1354693706.614569	1.000056	55.190694	42.033808	3.953804	1.230708	0.311374	1.230749	0.913792	1.230749	0.913791	0.937332	0.000295	1.210961	0.000026	1.213537	0.000027	1.215862	0.000036	1.234005	0.996820	
1354693707.614321	1.000008	51.215069	37.905348	5.817442	0.982028	0.003823	1.230662	0.892824	1.230757	0.892662	0.750078	0.000941	1.209524	0.000053	1.249124	0.000067	1.230737	0.892696	1.239349	0.000051	1354693707.614487	0.999918	52.302965	39.168389	3.504941	1.232690	0.000085	1.230761	0.892741	1.230761	0.892740	1.217953	0.003932	1.236833	0.000091	1.232854	0.000085	1.231932	0.000095	1.234821	0.998395	
1354693708.614319	0.999998	715823613.971432	715766115.555274	715781342.138897	0.999948	1.000604	0.999950	1.000624	0.999956	1.000605	0.999948	1.000603	0.999951	1.000616	0.999952	1.000605	0.999950	1.000613	0.999950	1.000613	1354693708.614402	0.999915	715845934.728724	715884797.144471	715861323.400110	0.999949	1.000610	0.999947	1.000610	3.895781	0.256833	0.999950	1.000609	0.999951	1.000618	0.999952	1.000608	0.999950	1.000614	0.999951	1.000618	
1354693709.614387	1.000068	0.000000	0.000000	0.000000	-nan	-nan	-nan	-nan	0.000000	inf	-nan	-nan	-nan	0.000000	-nan	-nan	-nan	-nan	-nan	-nan	1354693709.614449	1.000047	0.000000	0.000000	0.000000	-nan	-nan	-nan	-nan	0.000000	inf	-nan	-nan	-nan	-nan	-nan	-nan	-nan	-nan	-nan	-nan	
