ts_0	elapsed_0	pkg_0	pp0_0	dram_0	freq_ratio_0_0	c0_ratio_0_0	freq_ratio_0_1	c0_ratio_0_1	freq_ratio_0_2	c0_ratio_0_2	freq_ratio_0_3	c0_ratio_0_3	freq_ratio_0_4	c0_ratio_0_4	freq_ratio_0_5	c0_ratio_0_5	freq_ratio_0_6	c0_ratio_0_6	freq_ratio_0_7	c0_ratio_0_7	ts_1	elapsed_1	pkg_1	pp0_1	dram_1	freq_ratio_1_0	c0_ratio_1_0	freq_ratio_1_1	c0_ratio_1_1	freq_ratio_1_2	c0_ratio_1_2	freq_ratio_1_3	c0_ratio_1_3	freq_ratio_1_4	c0_ratio_1_4	freq_ratio_1_5	c0_ratio_1_5	freq_ratio_1_6	c0_ratio_1_6	freq_ratio_1_7	c0_ratio_1_7	
1356627764.219380	1.001812	45.441891	32.192294	3.711232	1.156322	0.646547	1.154822	0.644471	1.153994	0.645547	1.154330	0.647041	1.154026	0.642729	1.154399	0.646774	1.154135	0.643679	1.154386	0.645834	1356627764.219554	1.000434	44.444048	31.253421	1.726027	0.999937	0.922109	0.999985	0.909981	0.992662	0.002228	1.006893	0.000041	1.017789	0.000032	1.000001	0.833031	0.622611	0.000052	0.999846	0.922744	
1356627765.219377	0.999997	44.237121	30.958607	3.755764	0.999671	0.912783	1.000000	0.911164	1.000000	0.911161	1.000000	0.911136	0.998509	0.000370	1.001138	0.000056	1.000418	0.000067	1.001308	0.000094	1356627765.219552	0.999998	45.147181	31.934112	1.913776	1.000000	0.911158	1.000000	0.911131	0.999818	0.000106	0.999905	0.000073	0.989944	0.000066	1.000000	0.911129	0.999955	0.000060	1.000000	1.000000	
1356627766.219381	1.000004	46.810601	33.524232	3.798172	1.000000	1.000000	1.000000	1.000000	0.999997	1.000000	1.000000	1.000000	1.001089	0.000454	1.000955	0.000013	1.000039	0.000060	0.999797	0.000051	1356627766.219552	1.000000	46.592453	33.384293	1.718506	1.000000	1.000000	1.000000	0.969396	1.000180	0.000218	0.998729	0.000020	0.997507	0.000012	1.000000	0.969395	0.998101	0.000012	1.000000	1.000000	
1356627767.219376	0.999995	46.745809	33.454391	3.788227	1.000000	1.000000	1.000000	1.000000	1.000003	1.000000	0.999997	1.000000	0.998604	0.000368	0.989551	0.000048	0.999943	0.000067	0.999975	0.000091	1356627767.219546	0.999994	46.847310	33.631029	1.782436	1.000000	1.000000	1.000000	1.000000	0.999677	0.000126	1.000292	0.000069	1.002154	0.000320	1.000000	1.000000	1.000679	0.000061	1.000000	1.000000	
1356627768.219376	1.000000	46.867630	33.578506	3.795547	1.000000	1.000000	1.000000	1.000000	1.000000	1.000000	1.000003	0.999998	1.001135	0.000464	0.999727	0.000014	0.993388	0.000080	0.999895	0.000073	1356627768.219539	0.999993	46.950383	33.733983	1.741025	1.000000	1.000000	1.000000	1.000000	1.000059	0.000548	0.999923	0.000020	0.999616	0.000012	1.000000	1.000000	0.999809	0.000012	1.000000	1.000000	
1356627769.219376	1.000000	46.935013	33.644958	3.806793	1.000000	1.000000	1.000000	1.000000	1.000000	1.000000	0.999997	1.000002	0.999191	0.000580	1.003039	0.000161	1.003766	0.000138	1.000036	0.000321	1356627769.219541	1.000002	46.960238	33.743557	1.734890	1.000000	1.000000	1.000000	1.000000	0.999972	0.000258	1.000032	0.000097	1.000059	0.000079	1.000000	1.000000	1.000000	0.000267	1.000000	1.000000	
1356627770.219376	1.000000	46.889740	33.602188	3.800369	1.000000	1.000000	1.000000	1.000000	1.000000	1.000000	1.000003	0.999998	0.999922	0.000448	0.995554	0.000008	0.999823	0.000059	0.999861	0.000050	1356627770.219549	1.000008	46.869707	33.666216	1.691240	1.000000	1.000000	1.000000	1.000000	0.999998	0.000182	0.999584	0.000020	1.000419	0.000012	1.000000	1.000000	1.000000	0.000059	1.000000	1.000000	
1356627771.219376	1.000000	46.881989	33.599655	3.804504	1.000000	1.000000	1.000000	1.000000	1.000000	1.000000	1.000000	1.000000	1.001379	0.000359	1.000358	0.000054	0.999860	0.000066	0.999913	0.000088	1356627771.219540	0.999991	46.963560	33.745011	1.725769	1.000000	1.000000	1.000000	1.000000	0.999984	0.000119	1.000100	0.000065	0.999848	0.000066	1.000000	1.000000	0.999831	0.000075	1.000000	1.000000	
1356627772.219376	1.000000	46.484756	33.208572	3.792786	1.000000	0.979638	1.000000	0.979346	1.000000	0.979332	1.000000	0.979313	1.000013	0.000383	0.997879	0.000013	1.000013	0.000059	0.999911	0.000052	1356627772.219541	1.000001	46.618577	33.398207	1.698576	1.000000	0.979336	1.000000	0.979309	0.999984	0.000189	0.999641	0.000020	0.999772	0.000012	1.000000	0.979308	0.999799	0.000052	1.000000	1.000000	
1356627773.219376	1.000000	46.969681	33.685333	3.799393	1.000000	1.000000	1.000000	1.000000	0.999998	1.000000	1.000000	1.000002	0.998578	0.000365	1.000942	0.000052	1.000057	0.000068	1.000103	0.000093	1356627773.219549	1.000008	47.026947	33.806397	1.718004	1.000000	1.000000	1.000000	1.000000	0.999976	0.000447	1.000096	0.000044	0.999992	0.000050	1.000000	1.000000	1.000122	0.000092	1.000000	1.000000	
1356627774.219376	1.000000	46.933548	33.661392	3.797806	1.000000	1.000000	1.000000	1.000000	1.000001	1.000000	1.000000	1.000000	1.001110	0.000517	0.997447	0.000013	1.000398	0.000089	0.999818	0.000093	1356627774.219540	0.999991	47.023940	33.802034	1.685928	1.000000	1.000000	1.000000	1.000000	1.000001	0.002196	0.999494	0.000021	0.999903	0.000012	1.000000	1.000000	0.999522	0.000051	1.000000	1.000000	
1356627775.219376	1.000000	46.936295	33.658813	3.817230	1.000000	1.000000	1.000000	1.000000	1.000002	1.000000	0.999997	1.000000	0.998217	0.000402	1.001238	0.000067	1.000276	0.000091	1.000961	0.000083	1356627775.219547	1.000007	47.005336	33.784068	1.694996	1.000000	1.000000	1.000000	1.000000	0.999926	0.000140	1.000184	0.000065	1.000088	0.000066	1.000000	1.000000	0.999862	0.000109	1.000000	1.000000	
1356627776.219376	1.000000	46.933914	33.669373	3.810867	1.000000	1.000000	1.000000	1.000000	1.000000	1.000000	1.000000	1.000000	1.001639	0.000443	1.001234	0.000013	0.999959	0.000075	0.999672	0.000052	1356627776.219536	0.999989	47.009488	33.790867	1.685199	1.000000	1.000000	1.000000	1.000000	0.999989	0.000206	0.999638	0.000020	0.999968	0.000012	1.000000	1.000000	1.000590	0.000084	1.000000	1.000000	
1356627777.219376	1.000000	46.896896	33.629211	3.795502	1.000000	1.000000	1.000000	1.000000	0.999998	1.000000	1.000003	1.000000	0.999990	0.000369	0.999686	0.000050	0.999983	0.000067	1.000136	0.000088	1356627777.219546	1.000010	46.996142	33.777173	1.663497	1.000000	1.000000	1.000000	1.000000	1.000010	0.000118	1.000285	0.000045	0.999531	0.000058	1.000000	1.000000	0.999980	0.000096	1.000000	1.000000	
1356627778.219376	1.000000	46.901947	33.634323	3.795319	1.000000	1.000000	1.000000	1.000000	1.000003	1.000000	0.999997	1.000000	1.000003	0.000397	0.998254	0.000013	0.999915	0.000059	0.999198	0.000051	1356627778.219545	0.999999	47.010924	33.791323	1.683672	1.000000	1.000000	1.000000	1.000000	0.999997	0.000464	0.999318	0.000021	1.001728	0.000012	1.000000	1.000000	0.999806	0.000058	1.000000	1.000000	
1356627779.219383	1.000007	46.998637	33.727184	3.804417	1.000000	1.000000	1.000000	1.000000	1.000000	1.000000	1.000003	1.000000	0.999830	0.003293	0.999825	0.002832	0.999990	0.002841	0.999995	0.002891	1356627779.219553	1.000008	47.027832	33.819321	1.711626	1.000000	1.000000	1.000000	1.000000	0.999989	0.003276	1.000001	0.003660	0.999997	0.002822	1.000000	1.000000	0.999979	0.002803	1.000000	1.000000	
1356627780.219376	0.999993	46.911488	33.639301	3.803051	1.000000	1.000000	1.000000	1.000000	1.000000	1.000000	1.000000	1.000000	1.000096	0.000398	1.001993	0.000009	0.991919	0.000059	1.000975	0.000051	1356627780.219548	0.999995	47.008139	33.787126	1.709908	1.000000	1.000000	1.000000	1.000000	0.999953	0.000132	1.000012	0.000067	1.001410	0.000007	1.000000	1.000000	1.001080	0.000057	1.000000	1.000000	
1356627781.219376	1.000000	46.880844	33.623550	3.799088	1.000000	1.000000	1.000000	1.000000	1.000000	1.000000	0.999997	1.000000	1.001349	0.000378	1.007084	0.000064	1.005756	0.000082	0.999485	0.000100	1356627781.219538	0.999990	47.026640	33.803714	1.743243	1.000000	1.000000	1.000000	1.000000	1.000021	0.000386	0.999956	0.000131	0.999754	0.000099	1.000000	1.000000	0.999746	0.000129	1.000000	1.000000	
1356627782.219376	1.000000	46.415390	33.143204	3.802963	0.999974	0.973563	1.000000	0.972837	0.999998	0.972829	1.000003	0.972802	0.999966	0.000463	1.000119	0.000013	1.000416	0.000059	1.000037	0.000051	1356627782.219549	1.000011	46.598473	33.377838	1.697613	1.000000	0.972833	1.000000	0.972800	1.000083	0.000144	0.999954	0.000066	1.001199	0.000012	1.000000	0.972798	1.000636	0.000044	1.000000	1.000000	
1356627783.219376	1.000000	715810088.665421	715814432.677933	715762504.123413	0.999878	1.000426	0.999877	1.000431	0.999888	1.000427	0.999880	1.000425	0.999881	1.000433	0.999882	1.000423	0.999881	1.000432	0.999880	1.000427	1356627783.219489	0.999940	715815432.787500	715840732.022237	715821355.965502	0.999878	1.000417	0.999875	1.000420	3.900685	0.256445	0.999880	1.000427	0.999880	1.000431	0.999883	1.000425	0.999880	1.000429	0.999881	1.000431	
1356627784.219569	1.000193	0.000000	0.000000	0.000000	-nan	-nan	-nan	-nan	0.000000	inf	-nan	-nan	-nan	0.000000	-nan	-nan	-nan	-nan	-nan	-nan	1356627784.219648	1.000159	0.000000	0.000000	0.000000	-nan	-nan	-nan	-nan	0.000000	inf	-nan	-nan	-nan	-nan	-nan	-nan	-nan	-nan	-nan	-nan	
