ts_0	elapsed_0	pkg_0	pp0_0	dram_0	freq_ratio_0_0	c0_ratio_0_0	freq_ratio_0_1	c0_ratio_0_1	freq_ratio_0_2	c0_ratio_0_2	freq_ratio_0_3	c0_ratio_0_3	freq_ratio_0_4	c0_ratio_0_4	freq_ratio_0_5	c0_ratio_0_5	freq_ratio_0_6	c0_ratio_0_6	freq_ratio_0_7	c0_ratio_0_7	ts_1	elapsed_1	pkg_1	pp0_1	dram_1	freq_ratio_1_0	c0_ratio_1_0	freq_ratio_1_1	c0_ratio_1_1	freq_ratio_1_2	c0_ratio_1_2	freq_ratio_1_3	c0_ratio_1_3	freq_ratio_1_4	c0_ratio_1_4	freq_ratio_1_5	c0_ratio_1_5	freq_ratio_1_6	c0_ratio_1_6	freq_ratio_1_7	c0_ratio_1_7	
1354698414.580757	1.001769	42.232569	28.936968	5.422094	1.157448	0.523806	1.155396	0.510849	1.154700	0.512225	1.153665	0.505100	1.154135	0.505721	1.154278	0.505558	1.154305	0.504744	1.154037	0.503401	1354698414.580933	1.000433	42.282581	28.880837	6.498743	0.999814	0.749353	0.999978	0.749001	1.002874	0.000145	0.914456	0.000222	1.003617	0.000114	1.005289	0.000094	1.000001	0.704651	0.999749	0.750044	
1354698415.580752	0.999995	47.914608	34.525884	6.240708	1.000000	1.000000	1.000000	1.000000	1.000001	1.000000	0.999431	0.000346	1.021727	0.000029	0.988720	0.000037	0.989889	0.000014	1.000000	1.000000	1354698415.580920	0.999987	48.851700	35.259297	8.172242	1.000000	1.000000	1.000000	1.000000	0.995161	0.000110	1.000059	0.000145	0.999632	0.000037	1.001711	0.000012	1.000000	1.000000	1.000000	1.000000	
1354698416.580752	1.000000	47.898102	34.501953	6.102875	1.000000	1.000000	1.000000	1.000000	0.999999	0.999724	1.000241	0.000429	0.999497	0.000172	1.005366	0.000104	1.001731	0.000454	1.000000	1.000000	1354698416.580921	1.000001	48.896499	35.330365	8.119438	1.000000	1.000000	1.000000	1.000000	1.003063	0.000160	0.999575	0.000187	0.999793	0.000090	1.000177	0.000076	1.000000	1.000000	1.000000	1.000000	
1354698417.580751	0.999999	47.909058	34.479907	6.301825	1.000000	1.000000	1.000000	1.000000	1.000000	1.000000	0.999744	0.000339	1.014844	0.000008	0.994803	0.000038	0.996486	0.000008	1.000000	1.000000	1354698417.580918	0.999997	48.937682	35.310595	8.154734	1.000000	1.000000	1.000000	1.000000	1.000187	0.000068	0.999770	0.000112	0.999054	0.000038	0.996404	0.000007	1.000000	1.000000	1.000000	1.000000	
1354698418.580753	1.000002	47.934555	34.535151	6.154239	1.000000	0.999886	1.000000	1.000000	1.000000	0.999862	1.000110	0.000491	0.999342	0.000196	1.002469	0.000066	0.999127	0.000063	1.000000	1.000000	1354698418.580925	1.000007	48.998090	35.427398	8.188527	1.000000	0.999855	1.000000	0.999871	0.999944	0.000103	1.000612	0.000169	1.000332	0.000142	0.999996	0.000106	1.000000	0.999873	0.999983	0.999918	
1354698419.580752	0.999999	47.937683	34.548052	6.053442	1.000000	1.000000	1.000000	1.000000	1.000000	1.000000	0.999637	0.000367	0.996870	0.000013	0.998673	0.000037	1.004266	0.000013	1.000000	1.000000	1354698419.580918	0.999993	48.965594	35.412568	8.131053	1.000000	1.000000	1.000000	1.000000	1.000250	0.000069	0.999909	0.000148	0.998589	0.000038	1.004073	0.000012	1.000000	1.000000	1.000000	1.000000	
1354698420.580751	0.999999	47.969025	34.572314	6.032003	1.000000	1.000000	1.000000	1.000000	1.000001	1.000000	1.000345	0.000364	1.000041	0.000056	0.992802	0.000069	0.996318	0.000169	1.000000	1.000000	1354698420.580911	0.999993	48.931750	35.369477	8.140849	1.000000	1.000000	1.000000	1.000000	1.000335	0.000061	1.001206	0.000091	0.998509	0.000064	0.997930	0.000047	1.000000	0.999998	1.000000	1.000000	
1354698421.580751	1.000000	47.967896	34.550995	6.221008	1.000000	1.000000	1.000000	1.000000	1.000000	1.000000	1.000006	0.000363	1.001321	0.000013	1.000266	0.002110	1.002074	0.000309	1.000000	1.000000	1354698421.580913	1.000002	48.942488	35.351663	8.180496	1.000000	1.000000	1.000000	1.000000	0.999528	0.000103	0.998852	0.000120	1.002224	0.000038	1.004429	0.000011	1.000000	1.000002	1.000000	1.000000	
1354698422.580751	1.000000	47.966049	34.557190	6.140335	1.000000	1.000000	1.000000	1.000000	1.000000	1.000000	0.999975	0.000382	0.999700	0.000065	0.999615	0.000263	0.996646	0.000043	1.000000	1.000000	1354698422.580910	0.999997	49.007064	35.419391	8.129145	1.000000	1.000000	1.000000	1.000000	1.000804	0.000048	0.998183	0.000093	1.000350	0.000105	0.993296	0.000049	1.000000	1.000000	1.000000	1.000000	
1354698423.580752	1.000001	47.900116	34.496793	6.209924	1.000000	1.000000	1.000000	1.000000	1.000000	1.000000	1.000010	0.000382	0.997571	0.000013	1.002208	0.000037	1.009896	0.000013	1.000000	1.000000	1354698423.580913	1.000003	48.983369	35.378568	8.146505	1.000000	1.000000	1.000000	1.000000	0.999883	0.000066	0.992793	0.000144	0.999786	0.000038	1.031092	0.000012	1.000000	1.000000	1.000000	1.000000	
1354698424.580752	1.000000	47.969147	34.589478	5.993866	1.000000	1.000000	1.000000	1.000000	1.000000	1.000000	0.999549	0.000380	1.001280	0.000056	0.996426	0.000073	1.000009	0.000127	1.000000	1.000000	1354698424.580924	1.000011	48.912275	35.378640	8.123843	1.000000	1.000000	1.000000	1.000000	1.000089	0.000048	1.010985	0.000112	1.000091	0.000064	0.999605	0.000045	1.000000	1.000000	1.000000	1.000000	
1354698425.580751	0.999999	47.961563	34.559573	6.171652	1.000000	1.000000	1.000000	1.000000	1.000000	1.000001	1.000462	0.000363	1.000240	0.000013	1.006821	0.000037	0.993820	0.000013	1.000000	1.000001	1354698425.580910	0.999986	48.936769	35.363962	8.137718	1.000000	1.000000	1.000000	1.000000	0.999910	0.000064	0.989618	0.000112	0.999897	0.000038	0.875113	0.000014	1.000000	1.000000	1.000000	1.000000	
1354698426.580751	1.000000	47.970779	34.571365	6.098755	1.000000	1.000000	1.000000	1.000000	1.000000	1.000000	1.000010	0.000386	0.991938	0.000060	1.000275	0.000066	0.998453	0.000342	1.000000	1.000000	1354698426.580915	1.000005	48.945052	35.373022	8.132634	1.000000	1.000000	1.000000	1.000000	1.000140	0.000091	1.010458	0.000090	0.999735	0.000065	1.035821	0.000047	1.000000	1.000000	1.000000	1.000000	
1354698427.580751	1.000000	47.950104	34.533752	6.185562	1.000000	1.000000	1.000000	1.000000	1.000000	1.000000	0.999709	0.000385	1.017271	0.000028	0.980570	0.000037	0.992272	0.000014	1.000000	1.000000	1354698427.580909	0.999994	49.001543	35.402173	8.115893	1.000000	1.000000	1.000000	1.000000	0.991842	0.000064	1.002672	0.000122	1.000670	0.000038	0.990763	0.000012	1.000000	0.999999	1.000000	1.000000	
1354698428.580751	1.000000	47.989487	34.582703	6.131439	1.000000	1.000000	1.000000	1.000000	1.000000	1.000000	1.000109	0.000360	1.000650	0.000055	1.008495	0.000083	1.011790	0.000060	1.000000	1.000000	1354698428.580912	1.000003	48.970994	35.389630	8.111364	1.000000	1.000000	1.000000	1.000000	1.007986	0.000061	0.997881	0.000131	0.998645	0.000085	1.001786	0.000059	1.000000	1.000001	1.000000	1.000000	
1354698429.580751	1.000000	47.977859	34.577209	6.064209	1.000000	1.000000	1.000000	1.000000	1.000000	1.000000	0.999935	0.000377	0.984204	0.000013	0.999139	0.000037	0.992402	0.000013	1.000000	1.000000	1354698429.580914	1.000002	49.006208	35.433221	8.088379	1.000000	1.000000	1.000000	1.000000	1.000448	0.000062	0.993942	0.000132	1.002823	0.000038	0.999000	0.000012	1.000000	1.000000	1.000000	1.000000	
1354698430.580751	1.000000	47.936356	34.530624	6.212128	1.000000	1.000000	1.000000	1.000000	1.000000	1.000000	1.000182	0.000399	1.000918	0.000057	0.987248	0.000065	0.989714	0.000051	1.000000	1.000000	1354698430.580911	0.999997	48.978149	35.381534	8.133540	1.000000	1.000000	1.000000	1.000000	0.999496	0.000047	1.012086	0.000090	0.999518	0.000066	0.968939	0.000055	1.000000	1.000000	1.000000	1.000000	
1354698431.580751	1.000000	47.998169	34.589096	6.182251	1.000000	0.999748	1.000000	0.999744	0.999980	0.999793	0.999965	0.000344	1.008762	0.000013	1.000445	0.001960	1.001536	0.000317	0.999980	0.999794	1354698431.580916	1.000005	49.014113	35.422659	8.165609	1.000000	0.999807	1.000000	0.999755	1.000128	0.000102	0.998492	0.000123	1.000649	0.000037	1.147488	0.000011	1.000000	1.000000	1.000000	1.000000	
1354698432.580751	1.000000	48.004349	34.601151	6.158783	1.000000	1.000000	1.000000	1.000000	1.000000	1.000000	1.000013	0.000380	1.000721	0.000055	0.999515	0.000067	1.003624	0.000039	1.000001	1.000000	1354698432.580915	0.999999	49.021623	35.445301	8.115547	1.000000	1.000000	1.000000	1.000000	0.999816	0.000050	0.999694	0.000091	1.000106	0.000062	1.001431	0.000046	1.000000	1.000000	1.000000	1.000000	
1354698433.580751	1.000000	47.987381	34.577057	6.165817	0.999999	0.999843	0.999999	0.999840	0.999987	0.999875	0.999719	0.000366	0.996784	0.000013	1.000167	0.000037	0.984152	0.000013	0.999978	0.999893	1354698433.580921	1.000006	49.028638	35.440829	8.210019	1.000000	0.999902	1.000000	0.999853	1.000157	0.000061	1.000746	0.000130	0.999461	0.000036	0.999613	0.000012	1.000000	0.999904	1.000000	1.000000	
1354698434.580751	1.000000	48.251083	34.830551	6.260788	1.000001	1.000000	1.000001	1.000000	1.000001	1.000000	1.000005	0.003427	0.999991	0.003019	1.000011	0.002872	1.000072	0.002754	1.000001	1.000000	1354698434.580916	0.999995	49.094301	35.484843	8.161067	1.000000	1.000000	1.000000	1.000000	0.999998	0.003665	0.999991	0.003190	1.000003	0.002932	0.999375	0.002775	1.000000	1.000000	1.000000	1.000000	
1354698435.580752	1.000001	47.663544	34.266020	6.149896	1.000000	1.000000	1.000000	1.000000	1.000000	1.000000	1.000053	0.000373	1.005624	0.000008	1.000848	0.000036	1.002446	0.000008	1.000000	1.000000	1354698435.580917	1.000001	48.672149	35.105420	7.877892	1.000000	1.000000	1.000000	1.000000	1.000172	0.000065	1.000084	0.000134	1.000021	0.000037	1.275185	0.000006	1.000000	1.000000	1.000000	1.000000	
1354698436.580751	0.999999	19.139667	5.999792	3.505435	0.998010	0.056940	0.999992	0.056525	0.999990	0.056471	0.636143	0.000559	0.867055	0.000077	0.791196	0.000104	0.775192	0.000480	0.999996	0.056359	1354698436.581180	1.000263	29.503960	16.384699	2.724366	0.999987	0.056356	0.999991	0.056308	0.999655	0.000113	1.000851	0.000117	1.000888	0.000105	0.999697	0.000072	0.999989	0.056239	1.000000	1.000000	
1354698437.580759	1.000008	715769355.714688	715769737.741880	715800233.700605	0.999965	1.000200	0.999964	1.000208	0.999974	1.000205	0.999967	1.000208	0.999967	1.000210	0.999970	1.000205	0.999967	1.000210	0.999967	1.000208	1354698437.580857	0.999677	715993903.769338	716016133.089077	716057885.982113	0.999965	1.000200	0.999964	1.000207	3.894610	0.256811	0.999967	1.000207	0.999967	1.000210	0.999970	1.000205	0.999967	1.000211	0.999968	1.000208	
1354698438.580783	1.000024	0.000000	0.000000	0.000000	-nan	-nan	-nan	-nan	8.000000	inf	-nan	-nan	-nan	0.000000	-nan	-nan	-nan	-nan	-nan	-nan	1354698438.580872	1.000015	0.000000	0.000000	0.000000	-nan	-nan	-nan	-nan	0.000000	inf	-nan	-nan	-nan	-nan	-nan	-nan	-nan	-nan	-nan	-nan	
1354698439.580934	1.000151	0.000000	0.000000	0.000000	-nan	-nan	-nan	-nan	0.000000	inf	-nan	-nan	-nan	0.000000	-nan	-nan	-nan	-nan	-nan	-nan	1354698439.581012	1.000140	0.000000	0.000000	0.000000	-nan	-nan	-nan	-nan	-nan	-nan	-nan	-nan	-nan	-nan	-nan	-nan	-nan	-nan	-nan	-nan	
