ts_0	elapsed_0	pkg_0	pp0_0	dram_0	freq_ratio_0_0	c0_ratio_0_0	freq_ratio_0_1	c0_ratio_0_1	freq_ratio_0_2	c0_ratio_0_2	freq_ratio_0_3	c0_ratio_0_3	freq_ratio_0_4	c0_ratio_0_4	freq_ratio_0_5	c0_ratio_0_5	freq_ratio_0_6	c0_ratio_0_6	freq_ratio_0_7	c0_ratio_0_7	ts_1	elapsed_1	pkg_1	pp0_1	dram_1	freq_ratio_1_0	c0_ratio_1_0	freq_ratio_1_1	c0_ratio_1_1	freq_ratio_1_2	c0_ratio_1_2	freq_ratio_1_3	c0_ratio_1_3	freq_ratio_1_4	c0_ratio_1_4	freq_ratio_1_5	c0_ratio_1_5	freq_ratio_1_6	c0_ratio_1_6	freq_ratio_1_7	c0_ratio_1_7	
1356626880.351464	1.001834	62.103819	48.778876	3.790595	1.153690	0.257116	1.154440	0.260041	1.153515	0.255084	1.155708	0.262248	1.154103	0.255918	1.155574	0.261237	1.154138	0.255564	1.155679	0.261380	1356626880.351534	1.000330	66.996387	53.791439	2.067006	0.974333	0.973323	0.974367	0.972897	0.974341	0.972670	0.974358	0.972632	0.974337	0.972640	0.974355	0.972615	0.974334	0.972592	0.974275	0.974124	
1356626881.351457	0.999993	64.678365	51.346104	3.789867	0.954705	0.997160	0.954705	0.997158	0.954705	0.997156	0.954705	0.997153	0.954705	0.997151	0.954705	0.997150	0.954706	0.997149	0.954705	0.997148	1356626881.351528	0.999994	64.694279	51.464403	1.707362	0.929320	0.996540	0.929320	0.996538	0.929320	0.996536	0.929320	0.996534	0.929320	0.996531	0.929320	0.996530	0.929320	0.996527	0.929320	0.996526	
1356626882.351456	0.999999	64.682496	51.362888	3.801121	0.957377	0.997650	0.957377	0.997636	0.957376	0.997634	0.957376	0.997635	0.957376	0.997634	0.957376	0.997633	0.957375	0.997631	0.957375	0.997629	1356626882.351527	0.999999	64.698167	51.462512	1.805071	0.928486	0.996614	0.928486	0.996610	0.928486	0.996610	0.928486	0.996607	0.928486	0.996604	0.928486	0.996605	0.928486	0.996602	0.928486	0.996600	
1356626883.351456	1.000000	64.656693	51.331070	3.793579	0.958881	0.997541	0.958881	0.997539	0.958881	0.997539	0.958881	0.997538	0.958881	0.997537	0.958881	0.997535	0.958881	0.997535	0.958881	0.997533	1356626883.351520	0.999993	64.694829	51.468679	1.717724	0.933270	0.996700	0.933270	0.996693	0.933270	0.996691	0.933270	0.996689	0.933270	0.996687	0.933270	0.996686	0.933270	0.996684	0.933270	0.996683	
1356626884.351456	1.000000	64.679474	51.348099	3.793457	0.954786	0.997337	0.954786	0.997334	0.954786	0.997331	0.954786	0.997328	0.954786	0.997327	0.954786	0.997314	0.954786	0.997313	0.954787	0.997311	1356626884.351531	1.000011	64.696098	51.486435	1.666745	0.929032	0.996438	0.929032	0.996436	0.929032	0.996433	0.929032	0.996430	0.929032	0.996429	0.929032	0.996428	0.929032	0.996424	0.929032	0.996423	
1356626885.351456	1.000000	64.685303	51.346588	3.782089	0.954117	0.997018	0.954117	0.997018	0.954117	0.997016	0.954117	0.997015	0.954118	0.997013	0.954118	0.997023	0.954118	0.997021	0.954118	0.997020	1356626885.351521	0.999990	64.698142	51.495190	1.619340	0.928840	0.996346	0.928840	0.996346	0.928840	0.996343	0.928840	0.996341	0.928840	0.996339	0.928840	0.996336	0.928840	0.996334	0.928840	0.996333	
1356626886.351456	1.000000	64.681519	51.339859	3.782104	0.953942	0.996996	0.953942	0.996993	0.953942	0.996992	0.953942	0.996988	0.953942	0.996986	0.953941	0.996986	0.953941	0.996985	0.953941	0.996983	1356626886.351524	1.000003	64.632551	51.440102	1.671443	0.928441	0.996416	0.928441	0.996414	0.928441	0.996412	0.928440	0.996410	0.928440	0.996408	0.928440	0.996406	0.928439	0.996403	0.928439	0.996400	
1356626887.351456	1.000000	64.683914	51.342285	3.785767	0.953109	0.996784	0.953109	0.996782	0.953109	0.996778	0.953109	0.996776	0.953109	0.996775	0.953109	0.996773	0.953109	0.996771	0.953109	0.996770	1356626887.351520	0.999996	64.696506	51.486323	1.622077	0.927931	0.996457	0.927931	0.996456	0.927931	0.996454	0.927931	0.996453	0.927931	0.996450	0.927931	0.996446	0.927931	0.996444	0.927931	0.996442	
1356626888.351456	1.000000	64.681107	51.334656	3.797592	0.952970	0.996817	0.952970	0.996815	0.952970	0.996812	0.952970	0.996809	0.952970	0.996808	0.952970	0.996807	0.952970	0.996807	0.952970	0.996804	1356626888.351528	1.000008	64.695002	51.486018	1.655107	0.928411	0.996700	0.928411	0.996698	0.928411	0.996697	0.928411	0.996696	0.928411	0.996694	0.928411	0.996693	0.928411	0.996691	0.928411	0.996689	
1356626889.351456	1.000000	64.681824	51.333328	3.770233	0.952669	0.996841	0.952669	0.996838	0.952669	0.996836	0.952669	0.996833	0.952669	0.996832	0.952670	0.996829	0.952670	0.996828	0.952670	0.996827	1356626889.351526	0.999998	64.694551	51.481086	1.619128	0.927448	0.996415	0.927448	0.996413	0.927448	0.996412	0.927448	0.996410	0.927448	0.996408	0.927448	0.996406	0.927448	0.996406	0.927449	0.996404	
1356626890.351457	1.000001	715775832.231651	715808672.328170	715801936.586151	0.999952	1.000895	0.999949	1.000894	0.999961	1.000897	0.999951	1.000889	0.999953	1.000899	0.999954	1.000887	0.999953	1.000899	0.999951	1.000890	1356626890.351548	1.000022	715782588.519089	715763599.285492	715792758.759434	0.999952	1.000895	0.999949	1.000893	3.895619	0.256919	0.999951	1.000889	0.999953	1.000900	0.999953	1.000887	0.999951	1.000893	0.999953	1.000896	
1356626891.351456	0.999999	0.000000	0.000000	0.000000	-nan	-nan	-nan	-nan	1521689182873.623779	inf	-nan	-nan	-nan	0.000000	-nan	-nan	-nan	-nan	-nan	-nan	1356626891.351528	0.999980	0.000000	0.000000	0.000000	-nan	-nan	-nan	-nan	1.345745	inf	-nan	-nan	-nan	-nan	-nan	-nan	-nan	-nan	-nan	-nan	
