ts_0	elapsed_0	pkg_0	pp0_0	dram_0	freq_ratio_0_0	c0_ratio_0_0	freq_ratio_0_1	c0_ratio_0_1	freq_ratio_0_2	c0_ratio_0_2	freq_ratio_0_3	c0_ratio_0_3	freq_ratio_0_4	c0_ratio_0_4	freq_ratio_0_5	c0_ratio_0_5	freq_ratio_0_6	c0_ratio_0_6	freq_ratio_0_7	c0_ratio_0_7	ts_1	elapsed_1	pkg_1	pp0_1	dram_1	freq_ratio_1_0	c0_ratio_1_0	freq_ratio_1_1	c0_ratio_1_1	freq_ratio_1_2	c0_ratio_1_2	freq_ratio_1_3	c0_ratio_1_3	freq_ratio_1_4	c0_ratio_1_4	freq_ratio_1_5	c0_ratio_1_5	freq_ratio_1_6	c0_ratio_1_6	freq_ratio_1_7	c0_ratio_1_7	
1357206264.568663	1.001764	29.748212	16.500022	5.988048	1.150907	0.168197	1.149721	0.165403	1.151211	0.166798	1.151415	0.168173	1.153354	0.167805	1.152852	0.165672	1.153435	0.166236	1.153310	0.165337	1357206264.568901	1.000511	39.023229	25.906731	2.739781	0.999997	0.955233	1.000001	0.955415	0.997067	0.000120	0.998101	0.000102	1.001357	0.000198	1.002879	0.000031	1.002821	0.000032	0.999928	0.956042	
1357206265.568638	0.999975	31.232517	17.970543	6.103424	1.000001	0.271080	0.999129	0.000208	1.000000	1.000000	1.006114	0.000082	1.021932	0.000024	1.003942	0.000119	1.023279	0.000024	1.002726	0.000118	1357206265.568859	0.999958	38.137693	25.008938	2.906296	0.999999	0.728965	1.000000	1.000000	1.011255	0.000059	1.014163	0.000034	1.000050	0.000210	1.001761	0.000086	0.995758	0.000078	1.000000	1.000000	
1357206266.568637	0.999999	35.445789	22.194449	6.109076	1.000000	1.000000	1.000014	0.000442	1.000000	1.000000	0.989144	0.000018	0.998278	0.000127	0.999966	0.000103	1.000858	0.000051	0.995501	0.000009	1357206266.568869	1.000010	34.025920	20.927708	2.714725	0.999715	0.000103	1.000000	1.000000	0.999631	0.000095	0.999966	0.000080	1.000004	0.000177	0.999897	0.000019	1.006767	0.000072	1.000000	1.000000	
1357206267.568637	1.000000	35.536880	22.269699	6.115372	1.000000	1.000000	1.000006	0.000349	1.000001	1.000000	0.999748	0.000070	1.023948	0.000008	1.000000	0.000089	0.997884	0.000009	1.000666	0.000052	1357206267.568858	0.999989	34.017951	20.882477	2.843919	1.000588	0.000056	1.000000	1.000000	1.000535	0.000058	0.999674	0.000007	1.000000	0.000499	1.000140	0.000066	1.000455	0.000066	1.000000	1.000000	
1357206268.568636	0.999999	35.683735	22.427222	6.096731	1.000000	1.000000	1.000001	0.000402	1.000000	1.000000	1.000020	0.000038	0.997829	0.000091	0.999982	0.000110	0.999882	0.000069	0.990952	0.000009	1357206268.568854	0.999996	34.025941	20.927682	2.717800	0.999886	0.000088	1.000000	1.000000	1.000000	0.000088	0.999962	0.000080	0.999982	0.000150	0.997519	0.000007	1.000000	0.000027	1.000000	1.000000	
1357206269.568637	1.000001	35.579663	22.323587	6.097299	1.000000	1.000000	0.999961	0.000392	1.000000	1.000000	1.004182	0.000054	1.007179	0.000027	1.000000	0.000094	1.000059	0.000020	1.000461	0.000168	1357206269.568859	1.000005	34.009397	20.887896	2.850480	0.997946	0.000020	1.000000	1.000000	0.999985	0.000051	0.996799	0.000007	0.999994	0.000186	1.000287	0.000051	0.999559	0.000048	1.000000	1.000000	
1357206270.568636	0.999999	36.217869	22.980353	6.120443	1.000000	1.000000	0.999984	0.003326	1.000000	1.000000	0.999919	0.002709	0.999923	0.002772	0.999998	0.002584	1.000002	0.002783	1.000015	0.002545	1357206270.568853	0.999994	35.974015	22.860824	2.717256	1.000002	0.002770	1.000000	1.000000	0.999986	0.002599	1.000008	0.002680	1.000003	0.003843	0.997929	0.002710	1.000001	0.002478	1.000000	1.000000	
1357206271.568637	1.000001	35.472348	22.226480	6.114679	1.000000	1.000000	1.000011	0.000354	1.000000	1.000000	1.000050	0.000109	0.998999	0.000008	1.000190	0.000087	0.998635	0.000008	0.999289	0.000044	1357206271.568857	1.000004	34.013824	20.891257	2.846287	1.002346	0.000016	1.000000	1.000000	1.000464	0.000066	1.000055	0.000007	0.999916	0.000174	1.000992	0.000068	1.000164	0.000063	1.000000	1.000000	
1357206272.568636	0.999999	35.522449	22.289557	6.109060	1.000001	1.000000	1.000528	0.000359	1.000000	1.000000	1.000248	0.000017	1.000453	0.000061	0.999723	0.000082	0.999733	0.000058	0.998648	0.000009	1357206272.568852	0.999995	34.068728	20.957228	2.701552	0.999862	0.000117	1.000000	1.000000	0.999984	0.000094	0.999948	0.000081	1.000012	0.000475	1.769691	0.000007	0.993798	0.000007	1.000000	1.000000	
1357206273.568637	1.000001	34.936933	21.706919	6.121286	1.000000	1.000000	0.999448	0.000360	1.000000	0.913346	0.990547	0.000055	1.000075	0.000036	1.000275	0.000111	1.001806	0.000009	1.000407	0.000061	1357206273.568859	1.000007	33.958978	20.836511	2.855586	1.000347	0.000020	1.000000	1.000000	0.999973	0.000058	0.999459	0.000007	0.999965	0.000164	1.000492	0.000072	1.000473	0.000067	1.000000	1.000000	
1357206274.568636	0.999999	35.558780	22.324606	6.121405	1.000000	1.000000	1.000560	0.000345	1.000000	1.000000	1.000256	0.002015	1.000033	0.000058	0.999981	0.000081	1.000128	0.000054	1.000045	0.000009	1357206274.568859	1.000000	34.061844	20.949646	2.712250	1.000033	0.000082	1.000000	1.000000	0.999965	0.000088	0.999959	0.000075	0.999985	0.000151	0.975196	0.000007	0.980034	0.000007	1.000000	1.000000	
1357206275.568637	1.000001	35.433331	22.191309	6.096811	1.000000	1.000000	0.999436	0.000353	1.000000	1.000000	0.992970	0.000045	1.000000	0.000009	1.000004	0.000088	1.000041	0.000009	0.987326	0.000052	1357206275.568860	1.000001	34.000898	20.879481	2.837598	0.999241	0.000013	1.000000	1.000000	0.999970	0.000051	1.000939	0.000007	1.000006	0.000209	1.002508	0.000071	1.002130	0.000072	1.000000	1.000000	
1357206276.568636	0.999999	35.569858	22.334891	6.121328	1.000000	1.000000	1.000406	0.000329	1.000000	1.000000	0.988563	0.000018	0.991556	0.000062	0.993305	0.000082	0.990305	0.000055	1.007833	0.000009	1357206276.568855	0.999995	34.070758	20.958433	2.709715	0.998857	0.000086	1.000000	1.000000	0.992653	0.000092	0.993607	0.000082	1.000002	0.000156	1.000584	0.000014	0.997584	0.000007	1.000000	1.000000	
1357206277.568637	1.000001	35.152325	21.910013	6.102854	1.000000	0.924631	0.999558	0.000359	1.000000	1.000000	1.009249	0.000080	1.022683	0.000023	1.004832	0.000111	1.021971	0.000023	1.007371	0.000078	1357206277.568858	1.000003	33.988451	20.878567	2.843299	1.001053	0.000087	1.000000	1.000000	1.009214	0.000073	1.012778	0.000041	0.999999	0.000527	0.999859	0.000093	0.993345	0.000077	1.000000	1.000000	
1357206278.568636	0.999999	35.504978	22.271963	6.121405	1.000000	1.000000	0.999968	0.000382	1.000000	1.000000	0.970805	0.000018	0.997509	0.000086	0.998268	0.000118	0.996161	0.000048	0.976982	0.000009	1357206278.568854	0.999996	34.108445	20.996286	2.709758	0.999995	0.000076	1.000000	1.000000	0.999979	0.000073	0.999995	0.000075	0.999997	0.000149	1.000938	0.000007	1.015041	0.000034	1.000000	1.000000	
1357206279.568637	1.000001	35.439450	22.196100	6.115457	1.000000	1.000000	1.000017	0.000320	1.000000	1.000000	1.009560	0.000055	1.048396	0.000008	1.002250	0.000087	1.021351	0.000009	1.003604	0.000051	1357206279.568853	0.999999	34.009874	20.887776	2.833056	1.000147	0.000013	1.000000	1.000000	0.999969	0.000050	0.999284	0.000007	1.000047	0.000205	0.999975	0.000063	0.999969	0.000063	1.000000	1.000000	
1357206280.568636	0.999999	35.535160	22.300833	6.133734	1.000000	1.000000	1.000528	0.000372	1.000000	1.000000	0.986985	0.000018	0.996550	0.000059	0.999812	0.000082	0.999511	0.000080	1.003411	0.000008	1357206280.568850	0.999997	34.081618	20.969486	2.707146	0.999918	0.000080	1.000000	1.000000	0.999968	0.000086	1.000047	0.000074	0.999978	0.000172	0.994987	0.000006	0.996959	0.000007	1.000000	1.000000	
1357206281.568637	1.000001	34.974835	21.768030	6.115274	1.000000	1.000000	0.999371	0.000346	1.000000	0.921907	1.003829	0.000060	1.023199	0.000008	0.999984	0.000095	1.002228	0.000008	0.999896	0.000055	1357206281.568855	1.000005	33.991712	20.869708	2.880509	1.000588	0.000013	1.000000	1.000000	0.999944	0.000041	0.999339	0.000007	1.000026	0.000180	1.000516	0.000066	1.000347	0.000064	1.000000	1.000000	
1357206282.568638	1.000001	35.473538	22.198221	6.123682	1.000000	1.000000	1.000576	0.000349	1.000000	1.000000	0.988442	0.000018	1.000216	0.000064	1.002710	0.000082	0.987234	0.000053	1.000273	0.000008	1357206282.568864	1.000009	34.062634	20.945962	2.741796	0.999807	0.000116	1.000000	1.000000	0.999894	0.000087	0.999963	0.000073	0.999994	0.000476	0.996321	0.000006	0.998607	0.000007	1.000000	1.000000	
1357206283.568637	0.999999	35.442508	22.218191	6.124746	1.000000	1.000000	0.999368	0.000335	1.000000	1.000000	0.994013	0.000053	0.994352	0.000035	0.997945	0.000110	1.078111	0.000009	0.999490	0.000052	1357206283.568876	1.000012	34.075125	20.958796	2.809216	1.000176	0.000013	1.000000	1.000000	1.000128	0.000051	1.000276	0.000007	1.000006	0.000183	1.000190	0.000071	1.000098	0.000063	1.000000	1.000000	
1357206284.568637	1.000000	35.117416	21.873672	6.115219	1.000000	0.915691	0.999983	0.000367	0.999999	1.000000	1.000156	0.001988	1.003600	0.000058	1.002699	0.000082	1.000276	0.000059	1.000993	0.000009	1357206284.568862	0.999986	33.978551	20.855747	2.855600	0.938857	0.000091	1.000000	1.000000	0.999979	0.000073	1.000034	0.000080	0.999928	0.000144	0.981827	0.000006	0.981661	0.000007	1.000000	1.000000	
1357206285.568637	1.000000	35.497421	22.264023	6.121399	1.000000	1.000000	0.999804	0.000354	1.000000	1.000000	1.000113	0.000048	0.993031	0.000008	0.999816	0.000094	0.998052	0.000009	1.000078	0.000055	1357206285.568854	0.999992	34.075594	20.963350	2.709571	1.424697	0.000013	1.000000	1.000000	1.000000	0.000050	0.999174	0.000007	0.999993	0.000226	1.001600	0.000071	1.001866	0.000072	1.000000	1.000000	
1357206286.568637	1.000000	35.418228	22.175964	6.127533	1.000000	1.000000	1.000144	0.000374	1.000000	1.000000	1.012111	0.000017	1.001109	0.000065	0.997712	0.000081	1.000270	0.000051	1.000136	0.000009	1357206286.568857	1.000003	34.023042	20.900097	2.840277	0.999459	0.000086	1.000000	1.000000	0.999941	0.000085	0.999976	0.000081	0.999986	0.000136	0.999173	0.000007	1.000000	0.000007	1.000000	1.000000	
1357206287.568636	0.999999	35.490833	22.255835	6.121405	1.000000	1.000000	1.000022	0.000333	1.000000	1.000000	0.987022	0.000057	0.973924	0.000008	1.002456	0.000088	1.024907	0.000008	0.989968	0.000052	1357206287.568856	0.999999	34.043901	20.945256	2.712878	0.952291	0.000059	1.000000	1.000000	1.000023	0.000051	0.996749	0.000007	1.000018	0.000483	1.000119	0.000062	0.999988	0.000063	1.000000	1.000000	
1357206288.568637	1.000001	35.092221	21.847681	6.127558	1.000000	1.000000	1.000313	0.000396	1.000000	0.932472	1.000141	0.000019	0.996255	0.000088	0.994844	0.000107	0.987166	0.000056	0.999191	0.000009	1357206288.568856	1.000000	34.022476	20.900909	2.832916	1.041720	0.000066	1.000000	1.000000	0.992741	0.000093	0.991966	0.000062	1.000006	0.000137	0.995933	0.000007	1.000272	0.000007	1.000000	1.000000	
1357206289.568637	1.000000	35.506577	22.270264	6.115234	1.000000	1.000000	0.999477	0.000327	0.999999	1.000000	1.007223	0.000072	1.014331	0.000023	1.004761	0.000108	1.030497	0.000023	1.007935	0.000069	1357206289.568854	0.999998	34.070194	20.958063	2.712560	1.002355	0.000048	1.000000	1.000000	1.009410	0.000071	1.012496	0.000041	0.999988	0.000229	1.000216	0.000106	0.992956	0.000072	1.000000	1.000000	
1357206290.568637	1.000000	35.425247	22.182755	6.127319	1.000000	1.000000	1.000210	0.000643	1.000000	1.000000	0.999642	0.000057	1.002282	0.000094	0.999996	0.000108	0.998173	0.000115	0.999406	0.000008	1357206290.568854	1.000000	34.064896	20.942459	2.823151	0.999916	0.000133	1.000000	1.000000	0.999928	0.000224	0.999984	0.000117	0.999958	0.000286	0.999932	0.000085	1.008764	0.000059	1.000000	1.000000	
1357206291.568637	1.000000	35.461060	22.236023	6.121399	1.000000	1.000000	0.999791	0.000806	1.000000	1.000000	1.000306	0.000048	0.977371	0.000009	1.000132	0.000088	1.026736	0.000008	0.999962	0.000051	1357206291.568855	1.000001	34.080915	20.969401	2.709775	1.000374	0.000059	1.000000	1.000000	1.000135	0.000037	0.999141	0.000014	1.000002	0.000171	0.999584	0.000058	0.999407	0.000058	1.000000	1.000000	
1357206292.568638	1.000001	34.968900	21.723994	6.116175	1.000000	0.900719	1.000076	0.000333	1.000000	1.000000	1.012263	0.000018	1.000097	0.000060	0.997525	0.000082	0.995798	0.000051	0.997154	0.000009	1357206292.568861	1.000006	33.477172	20.354935	2.919401	0.999907	0.000162	1.000000	0.899515	0.999969	0.000049	1.000209	0.000074	0.999993	0.000464	1.001722	0.000014	1.002413	0.000007	0.999983	0.998016	
1357206293.568637	0.999999	35.521732	22.288519	6.115240	1.000000	1.000000	0.999947	0.000350	1.000000	1.000000	0.986142	0.000054	1.004690	0.000036	1.001517	0.000120	0.997817	0.000009	0.994579	0.000054	1357206293.568879	1.000018	34.061982	20.948508	2.709607	0.999372	0.000058	1.000000	1.000000	1.000000	0.000007	0.999945	0.000007	0.999996	0.000192	1.000089	0.000065	1.000209	0.000065	1.000000	1.000000	
1357206294.568637	1.000000	35.431244	22.187576	6.115189	1.000000	1.000000	0.999989	0.000395	1.000000	1.000000	1.000260	0.002001	0.996590	0.000058	0.997458	0.000082	0.987136	0.000053	1.034208	0.000009	1357206294.568864	0.999985	34.032249	20.907861	2.853162	1.000165	0.000100	1.000000	1.000000	1.000000	0.000065	0.999884	0.000066	0.999997	0.000145	0.992888	0.000007	0.979844	0.000007	1.000000	1.000000	
1357206295.568636	0.999999	36.248829	23.012259	6.120718	1.000000	1.000000	0.999997	0.003453	1.000000	1.000000	1.000002	0.002764	1.000004	0.002572	1.000004	0.002608	1.000324	0.002667	1.000076	0.002553	1357206295.568868	1.000004	34.415144	21.300970	2.717473	1.000004	0.002876	1.000000	1.000000	0.999997	0.002606	1.000000	0.002540	0.999998	0.003945	1.000020	0.002711	1.000059	0.002476	1.000000	1.000000	
1357206296.568637	1.000001	35.393963	22.146219	6.102793	1.000000	1.000000	0.999983	0.000412	1.000000	1.000000	0.994113	0.000018	1.003930	0.000051	1.002212	0.000081	0.996961	0.000058	0.977145	0.000008	1357206296.568859	0.999991	34.044025	20.920523	2.840663	0.999775	0.000137	1.000000	1.000000	1.000004	0.000087	0.999962	0.000061	1.000008	0.000148	0.999283	0.000007	0.997339	0.000007	1.000000	1.000000	
1357206297.568636	0.999999	35.497638	22.258612	6.102911	1.000000	1.000000	0.999911	0.000339	1.000000	1.000000	1.001693	0.000056	0.974602	0.000009	0.999992	0.000092	1.024053	0.000009	0.999756	0.000055	1357206297.568851	0.999992	34.057786	20.978609	2.707007	1.000156	0.000101	1.000000	1.000000	1.000000	0.000014	0.999687	0.000006	1.000000	0.000502	0.999815	0.000073	1.000026	0.000073	1.000000	1.000000	
1357206298.568637	1.000001	35.403607	22.157572	6.127420	1.000000	1.000000	1.000011	0.000393	1.000000	1.000000	1.012955	0.000018	1.002471	0.000091	0.998068	0.000106	0.995809	0.000054	1.002906	0.000008	1357206298.568862	1.000011	34.036263	20.894027	2.851897	0.999908	0.000092	1.000000	1.000000	0.999950	0.000061	0.999877	0.000075	1.000003	0.000137	1.000064	0.000006	0.999619	0.000007	1.000000	1.000000	
1357206299.568636	0.999999	35.502735	22.263251	6.115240	1.000000	1.000000	1.000490	0.000331	1.000000	1.000000	0.986367	0.000055	0.974973	0.000008	1.002499	0.000088	1.026753	0.000009	0.989418	0.000052	1357206299.568855	0.999993	34.066199	20.953880	2.707340	1.000061	0.000057	1.000000	1.000000	0.999668	0.000007	0.999945	0.000007	0.999996	0.000196	1.000073	0.000063	1.000044	0.000070	1.000000	1.000000	
1357206300.568637	1.000001	34.976621	21.729197	6.096674	1.000000	1.000000	0.999996	0.000459	1.000000	0.916111	1.011381	0.000019	0.994774	0.000061	0.990939	0.000082	0.985773	0.000053	1.001945	0.000009	1357206300.568860	1.000005	34.010404	20.887606	2.857224	0.999275	0.000113	1.000000	1.000000	0.990047	0.000069	0.993034	0.000074	0.999954	0.000192	0.999284	0.000007	0.999619	0.000007	1.000000	1.000000	
1357206301.568646	1.000009	35.478270	22.239712	6.119924	1.000000	1.000000	0.999540	0.000383	1.000000	1.000000	1.001060	0.000305	1.013623	0.000023	1.006657	0.000108	1.032210	0.000023	1.007108	0.000074	1357206301.568861	1.000001	34.064543	20.948741	2.724454	1.000718	0.000086	1.000000	1.000000	1.024245	0.000028	1.014881	0.000035	1.000018	0.000220	1.000000	0.000093	0.992425	0.000066	1.000000	1.000000	
1357206302.568639	0.999993	25.527810	12.172615	5.958141	0.958800	0.081793	0.995600	0.007090	0.999680	0.057683	1.000000	0.071678	0.937402	0.000232	0.997751	0.000084	0.995445	0.000050	1.000260	0.000009	1357206302.568888	1.000027	28.540476	15.283234	5.532123	1.000091	0.000149	0.999993	0.057739	0.999358	0.000058	1.000021	0.000056	0.999931	0.000438	0.996748	0.000007	1.024306	0.000021	1.000000	1.000000	
1357206303.568637	0.999998	24.128372	10.781042	6.014156	0.831926	0.023384	0.737236	0.000178	0.712217	0.000055	0.992452	0.000043	0.730443	0.000525	0.957166	0.000354	0.998458	0.000009	0.906674	0.000058	1357206303.568895	1.000007	28.220294	14.983249	5.455849	0.999792	0.000074	1.000051	0.000023	1.004774	0.000007	0.999891	0.000007	1.000246	0.000149	0.999956	0.000052	0.999566	0.000052	1.000000	1.000000	
1357206304.568639	1.000002	24.306640	10.999979	5.863163	0.856416	0.024070	0.813226	0.000180	0.740176	0.000080	0.991811	0.002019	0.999844	0.000059	0.848125	0.000104	1.001790	0.000054	1.018171	0.000008	1357206304.568897	1.000002	28.206062	14.965426	5.481069	0.999925	0.000092	0.999975	0.000061	0.999332	0.000064	0.999995	0.000081	0.999929	0.000136	0.980741	0.000006	0.984788	0.000007	1.000000	1.000000	
1357206305.568642	1.000003	24.852401	11.534678	6.076901	0.899977	0.029046	0.870027	0.000152	0.970695	0.000009	1.000136	0.000054	0.998217	0.000008	1.001886	0.000090	1.016257	0.000008	0.988175	0.000067	1357206305.568891	0.999994	28.219117	14.947339	5.785572	0.999956	0.000052	0.999889	0.000007	0.999568	0.000007	0.999945	0.000007	0.999998	0.000205	1.002667	0.000053	1.000480	0.000276	1.000000	1.000000	
1357206306.568645	1.000003	24.770034	11.456980	5.884061	0.861517	0.027698	0.825953	0.000185	0.998676	0.000061	1.012806	0.000016	1.003280	0.000069	0.991804	0.000083	0.996191	0.000054	1.002185	0.000299	1357206306.568900	1.000009	28.209721	14.954683	5.578792	1.000029	0.000092	0.999988	0.000066	1.000121	0.000061	1.000011	0.000072	0.999929	0.000109	1.001434	0.000007	1.000063	0.000006	1.000000	1.000000	
1357206307.568638	0.999993	25.604379	12.276757	5.862635	0.954939	0.027186	0.914688	0.000144	1.010120	0.000009	0.995852	0.000062	0.990556	0.000008	1.007188	0.000096	1.014081	0.000009	0.956866	0.000043	1357206307.568894	0.999994	28.220658	14.956205	5.509997	0.999868	0.000082	0.999990	0.000038	1.001213	0.000019	0.999892	0.000007	1.000019	0.000510	0.999417	0.000070	0.999589	0.000051	1.000000	1.000000	
1357206308.568638	1.000000	24.745987	11.420486	5.764633	0.965546	0.087247	0.998675	0.000152	1.000120	0.000061	1.014317	0.000018	1.000691	0.000100	0.997869	0.000104	0.998302	0.000054	1.255763	0.000008	1357206308.568883	0.999989	28.175358	14.929744	5.507522	0.999909	0.000076	0.999969	0.000050	1.000146	0.000056	0.999876	0.000062	0.999933	0.000104	1.006312	0.000007	1.003246	0.000007	1.000000	1.000000	
1357206309.568638	1.000000	24.002151	10.684952	5.902924	0.805418	0.025674	0.866630	0.000156	0.666394	0.000013	0.997277	0.000060	0.995300	0.000008	1.000225	0.000093	0.668369	0.000012	0.729331	0.000075	1357206309.569128	1.000245	28.175132	14.936815	5.521520	1.000338	0.000043	1.000111	0.000007	0.999834	0.000007	1.000664	0.000007	1.000025	0.000170	0.999211	0.000054	0.999496	0.000050	1.000000	1.000000	
1357206310.568645	1.000007	24.882640	11.561428	5.849691	0.916938	0.025565	0.973359	0.000152	0.871969	0.000073	0.996161	0.000017	0.960910	0.000074	1.002245	0.000082	0.850555	0.000058	0.653024	0.000010	1357206310.568899	0.999771	28.204728	14.948948	5.549290	0.999700	0.000093	0.999880	0.000061	0.999781	0.000060	0.999627	0.000074	0.999763	0.000127	1.003108	0.000007	1.008139	0.000007	1.000000	1.000000	
1357206311.568637	0.999992	715794362.169951	715787267.594817	715782547.284138	0.999967	1.001070	0.999966	1.001076	0.999975	1.001072	0.999967	1.001070	0.999967	1.001073	0.999970	1.001071	0.999967	1.001075	0.999967	1.001074	1357206311.568729	0.999830	715898793.176357	715885303.314777	715898318.215078	0.999968	1.001072	0.999964	1.001072	3.894614	0.257034	0.999968	1.001075	0.999968	1.001077	0.999971	1.001074	0.999968	1.001079	0.999968	1.001074	
1357206312.568643	1.000006	0.000000	0.000000	0.000000	-nan	-nan	-nan	-nan	0.000000	inf	-nan	-nan	-nan	0.000000	-nan	-nan	-nan	-nan	-nan	-nan	1357206312.568718	0.999989	0.000000	0.000000	0.000000	-nan	-nan	-nan	-nan	0.000000	inf	-nan	-nan	-nan	-nan	-nan	-nan	-nan	-nan	-nan	-nan	
