ts_0	elapsed_0	pkg_0	pp0_0	dram_0	freq_ratio_0_0	c0_ratio_0_0	freq_ratio_0_1	c0_ratio_0_1	freq_ratio_0_2	c0_ratio_0_2	freq_ratio_0_3	c0_ratio_0_3	freq_ratio_0_4	c0_ratio_0_4	freq_ratio_0_5	c0_ratio_0_5	freq_ratio_0_6	c0_ratio_0_6	freq_ratio_0_7	c0_ratio_0_7	ts_1	elapsed_1	pkg_1	pp0_1	dram_1	freq_ratio_1_0	c0_ratio_1_0	freq_ratio_1_1	c0_ratio_1_1	freq_ratio_1_2	c0_ratio_1_2	freq_ratio_1_3	c0_ratio_1_3	freq_ratio_1_4	c0_ratio_1_4	freq_ratio_1_5	c0_ratio_1_5	freq_ratio_1_6	c0_ratio_1_6	freq_ratio_1_7	c0_ratio_1_7	
1352516649.306046	1.020504	55.074204	41.628834	5.041765	1.188422	0.855763	1.190349	0.885433	1.188429	0.854514	1.194096	0.007404	1.182093	0.007576	1.184631	0.004772	1.182877	0.002248	1.182197	0.002876	1352516649.306206	1.000602	62.467613	48.759526	5.266437	1.193698	0.874801	1.193933	0.874484	1.193850	0.874470	1.193891	0.874196	1.179737	0.002839	1.184253	0.001166	1.158113	0.001089	1.196028	0.806793	
1352516650.306044	0.999998	60.297860	46.698514	5.885174	1.186616	0.978116	1.186615	0.978028	1.186615	0.977894	1.192499	0.009286	1.197353	0.007122	1.191257	0.008010	1.175611	0.002871	1.174471	0.004189	1352516650.306196	0.999990	67.539189	53.661975	6.377765	1.186113	0.983593	1.186112	0.983570	1.186113	0.983577	1.186112	0.983548	1.188129	0.001357	1.183929	0.001436	1.184914	0.001327	1.182237	0.804781	
1352516651.306046	1.000002	59.845360	46.241062	5.892018	1.185753	0.967686	1.185756	0.967811	1.185748	0.967438	1.191596	0.009153	1.186922	0.009774	1.189039	0.007215	1.178665	0.002777	1.180706	0.004117	1352516651.306229	1.000033	66.699481	52.820101	6.335485	1.187563	0.974474	1.187563	0.974482	1.187564	0.974445	1.187564	0.974400	1.189745	0.001354	1.189227	0.001409	1.188613	0.001313	1.183558	0.800484	
1352516652.306047	1.000001	60.848880	47.243882	5.887446	1.172040	0.977422	1.172041	0.977482	1.172037	0.977328	1.184395	0.009060	1.178087	0.010307	1.182061	0.007737	1.175849	0.002705	1.171182	0.004133	1352516652.306130	0.999901	67.384170	53.497160	6.286389	1.194522	0.980489	1.194522	0.980454	1.194523	0.980433	1.194522	0.980411	1.191552	0.001384	1.188779	0.001507	1.188352	0.001417	1.191753	0.798870	
1352516653.306044	0.999997	60.121494	46.517860	5.789431	1.178857	0.956260	1.178859	0.956339	1.178844	0.955840	1.188757	0.008320	1.187130	0.007625	1.184888	0.007778	1.177629	0.002839	1.177105	0.004119	1352516653.306168	1.000038	66.654532	52.765761	6.293936	1.194597	0.959425	1.194596	0.959309	1.194596	0.959327	1.194595	0.959290	1.190963	0.001347	1.186981	0.001446	1.190055	0.001339	1.192038	0.806011	
1352516654.306078	1.000034	61.334655	47.711264	5.891996	1.177254	0.983001	1.177253	0.983004	1.177254	0.982958	1.173993	0.109584	1.184270	0.008674	1.185540	0.008910	1.178686	0.003075	1.174942	0.004145	1352516654.306290	1.000122	66.177316	52.258986	6.439186	1.194773	0.989865	1.194773	0.989883	1.194773	0.989852	1.194773	0.989845	1.192404	0.001686	1.192096	0.001503	1.190639	0.001427	1.191776	0.699013	
1352516655.306046	0.999968	65.469651	51.804038	5.847584	1.182506	0.979341	1.182506	0.979410	1.182505	0.979242	1.192519	0.491130	1.158478	0.314483	1.188351	0.011077	1.176848	0.002611	1.180024	0.003847	1352516655.306181	0.999891	62.010449	47.963936	6.820064	1.218123	0.989561	1.218122	0.989563	1.218122	0.989540	1.218122	0.989453	1.192409	0.001825	1.191960	0.001840	1.192661	0.001754	1.191390	0.002748	
1352516656.306050	1.000004	65.883720	52.197252	5.894843	1.177726	0.967866	1.177728	0.967979	1.177726	0.967724	1.173084	0.622313	1.161397	0.080511	1.185069	0.126771	1.171122	0.002493	1.178025	0.005040	1352516656.306191	1.000010	62.618361	48.549898	6.816643	1.214481	0.978054	1.214480	0.977992	1.214480	0.977998	1.214479	0.977929	1.190750	0.001747	1.188611	0.001799	1.188430	0.001677	1.186536	0.003596	
1352516657.306080	1.000030	65.814231	52.118155	5.938130	1.179752	0.927906	1.179390	0.980409	1.179389	0.980323	1.190351	0.176911	1.174731	0.518443	1.166182	0.193964	1.173178	0.002585	1.178254	0.004556	1352516657.306264	1.000073	62.880743	48.801951	6.891328	1.206936	0.991043	1.206937	0.991021	1.206936	0.991026	1.206937	0.991005	1.192424	0.001684	1.188243	0.001810	1.191149	0.001596	1.190724	0.002814	
1352516658.306145	1.000065	64.465180	50.778952	5.893003	1.195289	0.947239	1.193073	0.744545	1.195286	0.960066	1.195286	0.960068	1.195912	0.020102	1.191815	0.067617	1.183675	0.002614	1.185412	0.005626	1352516658.306236	0.999972	61.562142	47.500959	6.873284	1.218001	0.972382	1.217987	0.972296	1.218001	0.972306	1.218002	0.972284	1.191071	0.001960	1.190779	0.001896	1.190532	0.001826	1.191448	0.002062	
1352516659.306040	0.999895	65.020447	51.315839	5.917537	1.184509	0.956802	1.181253	0.782512	1.184502	0.956284	1.184502	0.956260	1.192633	0.016681	1.188752	0.033725	1.178446	0.003021	1.185962	0.003550	1352516659.306136	0.999900	61.923743	47.842273	6.793022	1.220212	0.966990	1.220225	0.966809	1.220211	0.966836	1.220212	0.966819	1.190469	0.001816	1.189878	0.001798	1.191009	0.001640	1.191314	0.001625	
1352516660.306050	1.000010	65.453904	51.756836	5.873675	1.182006	0.981571	1.178416	0.776858	1.182007	0.981494	1.182007	0.981473	1.167830	0.042420	1.185027	0.007200	1.181659	0.003599	1.177787	0.004220	1352516660.306212	1.000076	62.857219	48.787625	6.842589	1.213371	0.995329	1.213358	0.995356	1.213370	0.995306	1.213371	0.995280	1.188919	0.001794	1.188062	0.001808	1.188469	0.001683	1.188914	0.001734	
1352516661.306039	0.999989	65.260100	51.578675	5.893909	1.184955	0.961584	1.181817	0.802583	1.184944	0.961083	1.184943	0.961138	1.184470	0.011643	1.184907	0.007891	1.180516	0.004053	1.180375	0.002572	1352516661.306129	0.999917	62.170564	48.107126	6.831332	1.212906	0.973650	1.212917	0.973588	1.212904	0.973602	1.212906	0.973608	1.190677	0.001764	1.188750	0.001839	1.190738	0.001670	1.190946	0.001637	
1352516662.306040	1.000001	64.782378	51.072751	5.852289	1.194259	0.964875	1.192962	0.675809	1.194259	0.964591	1.194259	0.964569	1.189150	0.016061	1.193515	0.040265	1.183154	0.003349	1.186678	0.102837	1352516662.306229	1.000100	61.973942	47.914479	6.847140	1.217864	0.976733	1.217864	0.976635	1.217863	0.976659	1.217863	0.976625	1.191921	0.001810	1.192056	0.001842	1.192163	0.001700	1.191496	0.001673	
1352516663.306039	0.999999	64.621567	50.917010	5.901709	1.203904	0.982644	1.203444	0.707137	1.203905	0.982606	1.203905	0.982591	1.198652	0.018526	1.204190	0.101387	1.187397	0.004861	1.181608	0.002532	1352516663.306173	0.999944	62.083190	48.010884	6.841265	1.221473	0.995119	1.221474	0.995119	1.221474	0.995133	1.221474	0.995121	1.192918	0.001858	1.192704	0.001855	1.192160	0.001728	1.193029	0.001608	
1352516664.306040	1.000001	64.555328	50.874539	5.760721	1.185856	0.950570	1.181942	0.762884	1.185857	0.949910	1.185857	0.949888	1.195223	0.029264	1.191867	0.035299	1.179674	0.004012	1.173549	0.002488	1352516664.306129	0.999956	61.823909	47.787981	6.704245	1.213582	0.961104	1.213579	0.960988	1.213578	0.960995	1.213577	0.960922	1.189325	0.001774	1.188367	0.001749	1.188839	0.001633	1.189196	0.001667	
1352516665.306041	1.000001	65.383879	51.667401	5.914881	1.193747	0.980187	1.191794	0.780125	1.193748	0.980094	1.193748	0.980086	1.184985	0.010630	1.191823	0.039285	1.179885	0.003928	1.176597	0.003218	1352516665.306172	1.000043	62.506320	48.424588	6.843395	1.215369	0.993062	1.215369	0.993049	1.215357	0.993051	1.215370	0.993033	1.189705	0.001731	1.188517	0.001803	1.190297	0.001634	1.190174	0.001611	
1352516666.306044	1.000003	65.405712	51.698753	5.871808	1.175190	0.953138	1.170616	0.736588	1.175187	0.952770	1.175187	0.952750	1.180692	0.012496	1.176838	0.074870	1.181074	0.005250	1.173736	0.002699	1352516666.306154	0.999982	61.429916	47.357796	6.887269	1.222560	0.964105	1.222571	0.963986	1.222584	0.964022	1.222571	0.963930	1.192819	0.001951	1.193410	0.001834	1.192968	0.001825	1.193039	0.001922	
1352516667.306044	1.000000	64.941101	51.224960	5.878387	1.193647	0.981277	1.197809	0.495492	1.193646	0.981100	1.193644	0.981149	1.188997	0.012978	1.182058	0.320984	1.186135	0.004569	1.178739	0.002604	1352516667.306220	1.000066	62.063055	47.978979	6.896700	1.229665	0.994924	1.229651	0.994958	1.229651	0.994939	1.229651	0.994839	1.192801	0.001879	1.192133	0.001912	1.192156	0.001801	1.191976	0.001770	
1352516668.306062	1.000018	65.762557	52.056122	5.882677	1.180794	0.977974	1.179066	0.819377	1.180795	0.977831	1.180795	0.977808	1.175066	0.012137	1.168595	0.012489	1.169710	0.004386	1.161225	0.004776	1352516668.306253	1.000033	62.244168	48.152667	6.899446	1.226068	0.989841	1.226054	0.989825	1.226066	0.989827	1.226067	0.989790	1.189545	0.001887	1.190008	0.001878	1.189688	0.001786	1.191238	0.001784	
1352516669.306044	0.999982	715835938.383961	715819802.999506	715821395.426556	0.999952	1.000316	0.999950	1.000322	0.999952	1.000324	0.999952	1.000314	0.999951	1.000314	0.999954	1.000311	0.999952	1.000316	0.999953	1.000319	1352516669.306139	0.999886	715886606.168149	715896554.177307	715907609.086019	0.999952	1.000317	0.999949	1.000315	3.895628	0.256769	0.999951	1.000311	0.999952	1.000319	0.999955	1.000315	0.999951	1.000316	0.999954	1.000325	
1352516670.306041	0.999997	0.000000	0.000000	0.000000	-nan	-nan	-nan	-nan	0.000000	inf	-nan	-nan	-nan	0.000000	-nan	-nan	-nan	-nan	-nan	-nan	1352516670.306098	0.999959	0.000000	0.000000	0.000000	-nan	-nan	-nan	-nan	0.000000	inf	-nan	-nan	-nan	-nan	-nan	-nan	-nan	-nan	-nan	-nan	
1352516671.306054	1.000013	0.000000	0.000000	0.000000	-nan	-nan	-nan	-nan	1.345745	inf	-nan	-nan	-nan	0.000000	-nan	-nan	-nan	-nan	-nan	-nan	1352516671.306117	1.000019	0.000000	0.000000	0.000000	-nan	-nan	-nan	-nan	inf	-nan	-nan	-nan	-nan	-nan	-nan	-nan	-nan	-nan	-nan	-nan	
