ts_0	elapsed_0	pkg_0	pp0_0	dram_0	freq_ratio_0_0	c0_ratio_0_0	freq_ratio_0_1	c0_ratio_0_1	freq_ratio_0_2	c0_ratio_0_2	freq_ratio_0_3	c0_ratio_0_3	freq_ratio_0_4	c0_ratio_0_4	freq_ratio_0_5	c0_ratio_0_5	freq_ratio_0_6	c0_ratio_0_6	freq_ratio_0_7	c0_ratio_0_7	ts_1	elapsed_1	pkg_1	pp0_1	dram_1	freq_ratio_1_0	c0_ratio_1_0	freq_ratio_1_1	c0_ratio_1_1	freq_ratio_1_2	c0_ratio_1_2	freq_ratio_1_3	c0_ratio_1_3	freq_ratio_1_4	c0_ratio_1_4	freq_ratio_1_5	c0_ratio_1_5	freq_ratio_1_6	c0_ratio_1_6	freq_ratio_1_7	c0_ratio_1_7	
1354699094.079381	1.001655	43.514405	30.237033	3.604767	1.157439	0.397424	1.154365	0.381590	1.154222	0.384053	1.155636	0.391374	1.154690	0.384463	1.156004	0.387946	1.155003	0.383581	1.155592	0.386512	1354699094.079555	1.000432	42.332405	29.129612	1.707697	0.999887	0.857935	0.999920	0.857689	0.999979	0.857402	1.000787	0.000418	0.565988	0.000079	1.002175	0.000096	0.811955	0.000103	0.999884	0.858681	
1354699095.079377	0.999996	46.156193	32.864772	3.801163	1.000000	0.999998	1.000000	1.000000	1.000000	1.000000	1.000000	1.000000	0.999677	0.000651	1.000513	0.000119	1.001180	0.000056	0.986316	0.000047	1354699095.079550	0.999995	46.201312	32.977704	1.622674	1.000000	1.000000	1.000000	1.000000	1.000000	1.000000	0.999944	0.000131	0.995109	0.000059	1.001175	0.000019	1.003903	0.000012	1.000000	1.000000	
1354699096.079376	0.999999	46.089918	32.795564	3.808460	1.000000	1.000002	0.999999	1.000000	1.000000	1.000000	1.000001	1.000000	1.000721	0.000367	1.001396	0.000130	0.999994	0.000065	1.023238	0.000023	1354699096.079541	0.999991	46.492136	33.259609	1.639022	1.000000	1.000000	1.000000	1.000000	1.000000	1.000000	0.999950	0.000146	1.013941	0.000034	0.999983	0.004848	0.999926	0.000088	1.000000	1.000000	
1354699097.079376	1.000000	46.117538	32.823120	3.798981	1.000000	0.999998	1.000001	1.000000	1.000000	1.000000	1.000000	1.000000	0.999434	0.000359	0.998087	0.000109	0.999874	0.000037	0.999567	0.000046	1354699097.079543	1.000002	46.570376	33.335737	1.595593	1.000000	1.000000	1.000000	1.000000	1.000000	1.000000	1.000106	0.000113	1.000040	0.000059	0.999977	0.005777	1.002259	0.000012	1.000000	1.000000	
1354699098.079376	1.000000	46.243805	32.950333	3.813873	1.000000	1.000002	1.000000	1.000000	1.000000	1.000000	1.000000	1.000000	1.000149	0.003347	1.000085	0.000128	1.000861	0.000082	0.999172	0.000013	1354699098.079526	0.999983	46.528299	33.290221	2.062245	1.000000	1.000000	1.000000	1.000000	1.000000	1.000000	1.000058	0.000147	0.999819	0.000011	0.999981	0.003874	0.999456	0.000051	1.000000	1.000000	
1354699099.079376	1.000000	46.438797	33.144119	3.787277	1.000000	1.000000	1.000000	1.000000	1.000000	1.000000	1.000000	1.000000	0.999999	0.009096	0.999514	0.000099	0.994631	0.000037	1.000732	0.000044	1354699099.079530	1.000004	46.407054	33.167605	3.068500	1.000000	1.000000	1.000000	1.000000	1.000000	1.000000	0.999989	0.002450	0.999588	0.000051	0.994545	0.000007	0.998979	0.000019	1.000000	1.000000	
1354699100.079376	1.000000	46.473251	33.177399	3.782700	1.000000	1.000000	1.000000	1.000000	1.000000	1.000000	1.000000	1.000000	0.999993	0.009146	0.999667	0.000125	1.001916	0.000060	0.996842	0.000013	1354699100.079531	1.000001	46.337846	33.096496	3.011563	1.000000	1.000000	1.000000	1.000000	1.000000	1.000000	1.000020	0.000138	1.001673	0.000011	1.000617	0.000064	1.000367	0.000050	1.000000	1.000000	
1354699101.079376	1.000000	46.441360	33.146072	3.823425	1.000000	0.999998	1.000000	1.000000	1.000000	1.000000	1.000000	1.000000	0.999925	0.009240	1.000905	0.000098	1.000063	0.000037	1.000855	0.000046	1354699101.079521	0.999990	46.352454	33.112377	3.042786	1.000000	1.000000	1.000000	1.000000	1.000000	1.000000	0.999873	0.000091	1.000167	0.000044	0.996353	0.000012	1.000923	0.000012	1.000000	1.000000	
1354699102.079376	1.000000	46.409683	33.111694	3.817535	1.000000	1.000001	1.000000	1.000000	1.000000	1.000000	1.000000	1.000000	0.999987	0.004893	0.999967	0.004673	1.001358	0.000066	1.003258	0.000013	1354699102.079549	1.000028	46.363178	33.114982	3.228685	1.000000	1.000000	1.000000	1.000000	1.000000	1.000000	1.000283	0.000095	0.999135	0.000011	1.000939	0.000043	0.999513	0.000051	1.000000	1.000000	
1354699103.079377	1.000001	715822119.900734	715805561.973028	715786652.926990	0.999942	1.000562	0.999943	1.000580	0.999952	1.000575	0.999943	1.000568	0.999945	1.000577	0.999946	1.000569	0.999945	1.000578	0.999944	1.000572	1354699103.079489	0.999940	715866683.611248	715848350.490922	715813961.618269	0.999945	1.000574	0.999940	1.000570	3.896124	0.256801	0.999943	1.000568	0.999946	1.000582	0.999947	1.000572	0.999945	1.000578	0.999945	1.000580	
1354699104.079428	1.000051	0.000000	0.000000	0.000000	-nan	-nan	-nan	-nan	0.000000	inf	-nan	-nan	-nan	0.000000	-nan	-nan	-nan	-nan	-nan	-nan	1354699104.079521	1.000032	0.000000	0.000000	0.000000	-nan	-nan	-nan	-nan	0.000000	inf	-nan	-nan	-nan	-nan	-nan	-nan	-nan	-nan	-nan	-nan	
