ts_0	elapsed_0	pkg_0	pp0_0	dram_0	freq_ratio_0_0	c0_ratio_0_0	freq_ratio_0_1	c0_ratio_0_1	freq_ratio_0_2	c0_ratio_0_2	freq_ratio_0_3	c0_ratio_0_3	freq_ratio_0_4	c0_ratio_0_4	freq_ratio_0_5	c0_ratio_0_5	freq_ratio_0_6	c0_ratio_0_6	freq_ratio_0_7	c0_ratio_0_7	ts_1	elapsed_1	pkg_1	pp0_1	dram_1	freq_ratio_1_0	c0_ratio_1_0	freq_ratio_1_1	c0_ratio_1_1	freq_ratio_1_2	c0_ratio_1_2	freq_ratio_1_3	c0_ratio_1_3	freq_ratio_1_4	c0_ratio_1_4	freq_ratio_1_5	c0_ratio_1_5	freq_ratio_1_6	c0_ratio_1_6	freq_ratio_1_7	c0_ratio_1_7	
1356711140.449526	1.002029	41.626312	28.092721	5.958674	1.153562	0.458762	1.153710	0.460987	1.153806	0.458661	1.154179	0.459806	1.153685	0.455742	1.154787	0.462205	1.153776	0.455619	1.154761	0.461299	1356711140.449730	1.000620	43.763750	30.234950	7.880003	0.999914	0.242340	0.999956	0.977317	0.667559	0.000048	1.004557	0.000101	1.006701	0.000031	0.854237	0.000131	1.000001	0.893391	0.999894	0.978558	
1356711141.449356	0.999830	44.049099	30.493205	6.020997	1.000030	0.003586	1.000000	1.000000	1.000000	1.000000	1.000000	1.000000	1.000032	0.002941	0.999849	0.002914	1.000033	0.003022	1.000055	0.002830	1356711141.449527	0.999797	43.672588	30.123818	8.135669	1.000012	0.002950	0.999997	1.000000	1.000008	0.002850	0.999991	0.002796	1.000002	0.002732	1.000014	0.003667	1.000000	1.000000	1.000000	1.000000	
1356711142.449356	1.000000	43.662292	30.104477	6.015717	0.999988	0.000367	1.000000	0.999687	1.000000	1.000000	1.000000	1.000000	0.995821	0.000044	1.013907	0.000037	1.000041	0.000149	0.999421	0.000066	1356711142.449556	1.000029	43.268639	29.729741	8.122994	1.000382	0.000041	1.000003	1.000000	0.999890	0.000007	1.000758	0.000032	1.000923	0.000007	0.999838	0.000081	1.000000	0.999671	1.000000	0.999862	
1356711143.449356	1.000000	43.702560	30.146851	6.003174	0.999872	0.000577	1.000000	1.000000	1.000000	1.000000	1.000000	1.000000	0.999810	0.000022	0.993886	0.000013	0.999990	0.002221	0.982534	0.000013	1356711143.449552	0.999996	43.281578	29.761839	8.131274	0.999850	0.000064	1.000000	1.000000	0.998019	0.000071	0.995615	0.000054	0.998659	0.000091	0.999969	0.000136	1.000000	1.000000	1.000000	1.000000	
1356711144.449356	1.000000	43.711533	30.173660	6.030243	1.000013	0.000348	1.000000	1.000000	1.000000	1.000000	1.000000	1.000000	1.002773	0.000055	0.990663	0.000057	1.000023	0.000188	1.004426	0.000057	1356711144.449545	0.999993	43.289682	29.776329	8.130397	1.000117	0.000043	1.000000	1.000000	1.011073	0.000012	1.006644	0.000035	1.010895	0.000012	0.999938	0.000081	1.000000	1.000000	1.000000	1.000000	
1356711145.449355	0.999999	43.765774	30.208311	6.031012	1.000101	0.000555	1.000000	1.000000	1.000000	1.000000	1.000000	1.000000	0.997960	0.000022	1.001632	0.000320	0.999118	0.000143	0.997717	0.000013	1356711145.449560	1.000015	43.327367	29.796855	8.083588	1.000050	0.000062	1.000000	1.000000	1.000129	0.000057	1.000038	0.000091	0.999912	0.000092	1.000494	0.000108	1.000000	1.000000	1.000000	1.000000	
1356711146.449356	1.000001	43.752384	30.190889	5.998301	1.000031	0.000376	1.000000	1.000000	1.000000	1.000000	1.000000	1.000000	1.000817	0.000067	1.001628	0.000054	1.000739	0.000186	1.000067	0.000074	1356711146.449547	0.999987	43.310810	29.768274	8.100891	0.997383	0.000042	1.000000	1.000000	0.999739	0.000012	0.999944	0.000035	0.999321	0.000012	0.999575	0.000082	1.000000	1.000000	1.000000	1.000000	
1356711147.449356	1.000000	43.756134	30.199417	6.031021	0.999937	0.000552	1.000000	1.000000	1.000000	1.000000	1.000000	1.000000	1.000222	0.000017	0.999563	0.000008	0.999944	0.000123	1.005052	0.000008	1356711147.449546	0.999999	43.339198	29.805326	8.108833	1.001118	0.000078	1.000000	1.000000	0.999962	0.000152	0.999988	0.000066	1.000037	0.000114	0.999864	0.000125	1.000000	1.000000	1.000000	1.000000	
1356711148.449356	1.000000	43.787643	30.234604	6.048325	0.999988	0.000398	1.000000	1.000000	1.000000	1.000000	1.000000	1.000000	0.999915	0.000050	0.999903	0.000083	0.999941	0.000195	0.999768	0.000050	1356711148.449554	1.000008	43.290710	29.767901	8.121608	1.000018	0.000042	1.000000	1.000000	0.999968	0.000012	0.999890	0.000035	1.000443	0.000012	1.000160	0.000109	1.000000	1.000000	1.000000	1.000000	
1356711149.449355	0.999999	43.784923	30.225661	6.053839	0.999949	0.000548	1.000000	1.000000	1.000000	1.000000	1.000000	1.000000	0.996632	0.000022	0.995762	0.000013	0.999338	0.000122	0.999198	0.000013	1356711149.449551	0.999997	43.420652	29.853669	8.152781	1.000274	0.000059	1.000000	1.000000	0.999888	0.000055	0.999946	0.000050	0.999966	0.000091	0.999837	0.000109	1.000000	1.000000	1.000000	1.000000	
1356711150.449356	1.000001	43.763737	30.220140	6.049036	1.000049	0.000358	1.000000	1.000000	1.000000	1.000000	1.000000	1.000000	1.000623	0.000046	0.999914	0.000336	1.000159	0.000182	1.000461	0.000053	1356711150.449547	0.999996	43.323906	29.802855	8.116961	0.999963	0.000042	1.000000	1.000000	1.000906	0.000012	0.999984	0.000073	0.998384	0.000012	0.999719	0.000103	1.000000	1.000000	1.000000	1.000000	
1356711151.449355	0.999999	43.803341	30.264677	6.041159	0.999962	0.000552	1.000000	1.000000	1.000000	1.000000	1.000000	1.000000	1.000000	0.000022	1.009623	0.000008	1.000409	0.000122	0.994170	0.000013	1356711151.449547	1.000000	43.367966	29.846024	8.126770	0.999848	0.000058	1.000000	1.000000	0.999895	0.000059	0.999712	0.000050	1.000119	0.000091	0.994284	0.000112	1.000000	1.000000	1.000000	1.000000	
1356711152.449356	1.000001	43.769230	30.225755	6.024973	0.999982	0.000356	1.000000	1.000000	1.000000	1.000000	1.000000	1.000000	1.000818	0.000082	0.999438	0.000054	1.000126	0.000156	1.000300	0.000046	1356711152.449545	0.999998	43.356528	29.824749	8.125229	1.000109	0.000042	1.000000	1.000000	1.000423	0.000012	1.000225	0.000034	1.001978	0.000012	1.001276	0.000511	1.000000	1.000000	1.000000	1.000000	
1356711153.449355	0.999999	43.761806	30.216109	6.023108	1.000010	0.000566	1.000000	1.000000	1.000000	1.000000	1.000000	1.000000	0.998587	0.000022	1.001815	0.000013	0.999976	0.002059	0.987615	0.000013	1356711153.449542	0.999997	43.362744	29.824510	8.113062	0.999849	0.000059	1.000000	1.000000	0.997264	0.000054	0.996757	0.000049	0.998151	0.000090	1.000192	0.000132	1.000000	1.000000	1.000000	1.000000	
1356711154.449355	1.000000	43.773026	30.224380	5.987488	1.000011	0.000355	1.000000	1.000000	1.000000	1.000000	1.000000	1.000000	0.999706	0.000316	0.985597	0.000053	1.000165	0.000147	1.001237	0.000049	1356711154.449552	1.000010	43.366616	29.830283	8.116755	0.999991	0.000043	1.000000	1.000000	1.012040	0.000012	1.004189	0.000035	1.012093	0.000012	0.999833	0.000081	1.000000	1.000000	1.000000	1.000000	
1356711155.449355	1.000000	43.720886	30.182556	6.037857	0.999582	0.000543	1.000000	1.000000	1.000000	1.000000	1.000000	1.000000	1.003889	0.000022	1.002033	0.000381	0.999897	0.000142	1.011201	0.000013	1356711155.449547	0.999995	43.380451	29.828869	8.119822	1.000013	0.000086	1.000000	1.000000	1.000039	0.000059	1.000004	0.000087	1.000085	0.000091	1.000082	0.000109	1.000000	1.000000	1.000000	1.000000	
1356711156.449355	1.000000	43.769714	30.223038	6.046524	1.000433	0.000359	1.000000	1.000000	1.000000	1.000000	1.000000	1.000000	0.999690	0.000046	0.999682	0.000041	0.999720	0.000154	0.999277	0.000046	1356711156.449547	1.000000	43.376785	29.828537	8.099365	0.999808	0.000042	1.000000	1.000000	0.999870	0.000012	0.999765	0.000034	0.999123	0.000012	0.999886	0.000081	1.000000	1.000000	1.000000	1.000000	
1356711157.449356	1.000001	43.768696	30.235246	6.039408	1.000079	0.000530	1.000000	1.000000	1.000000	1.000000	1.000000	1.000000	1.002464	0.000022	0.996550	0.000013	1.000320	0.000122	1.000802	0.000013	1356711157.449545	0.999998	43.362601	29.828777	8.131485	1.000085	0.000059	1.000000	1.000000	1.000050	0.000054	1.000181	0.000094	0.999998	0.000335	1.000073	0.000106	1.000000	0.999815	1.000000	1.000000	
1356711158.449355	0.999999	43.784298	30.248869	6.019674	1.000011	0.000398	1.000000	1.000000	1.000000	1.000000	1.000000	1.000000	1.000025	0.000077	0.991374	0.000066	0.999612	0.000167	0.999472	0.000064	1356711158.449547	1.000002	43.391320	29.854634	8.131363	0.998090	0.000040	1.000000	1.000000	0.999825	0.000044	1.000000	0.000153	0.999935	0.000012	0.999871	0.000108	1.000000	1.000000	1.000000	1.000000	
1356711159.449355	1.000000	43.804245	30.268784	6.026886	0.999947	0.000575	1.000000	1.000000	1.000000	1.000000	1.000000	1.000000	0.999459	0.000039	1.008273	0.000070	1.000465	0.000134	0.999907	0.000008	1356711159.449547	1.000000	43.375046	29.844269	8.138397	1.000668	0.000095	1.000000	1.000000	1.000122	0.000076	0.999958	0.000082	1.000245	0.000066	1.000146	0.000124	1.000000	1.000000	1.000000	1.000000	
1356711160.449356	1.000001	43.774510	30.234316	6.023310	0.999961	0.000445	1.000000	1.000000	1.000000	1.000000	1.000000	1.000000	0.999501	0.000064	1.000124	0.000396	0.999969	0.000223	0.999178	0.000057	1356711160.449546	0.999999	43.342876	29.813810	8.106468	1.000146	0.000056	1.000000	1.000000	0.999844	0.000039	0.999867	0.000090	0.999333	0.000027	0.999653	0.000081	1.000000	1.000000	1.000000	1.000000	
1356711161.449355	0.999999	43.802654	30.261976	6.046743	1.000047	0.000541	1.000000	1.000000	1.000000	1.000000	1.000000	1.000000	0.995990	0.000017	0.974242	0.000008	1.000016	0.000122	1.012543	0.000008	1356711161.449545	0.999999	43.383907	29.839857	8.112618	1.000016	0.000073	1.000000	1.000000	0.999827	0.000053	0.999848	0.000094	1.000270	0.000047	1.000173	0.000105	1.000000	1.000000	1.000000	1.000000	
1356711162.449356	1.000001	43.770024	30.230821	6.014887	1.000049	0.000352	1.000000	1.000000	1.000000	1.000000	1.000000	1.000000	0.999833	0.000046	1.004774	0.000045	0.999659	0.000147	0.999217	0.000047	1356711162.449545	1.000000	43.384995	29.838669	8.098404	0.999820	0.000036	1.000000	1.000000	1.001184	0.000012	1.000118	0.000081	0.999003	0.000012	0.999843	0.000081	1.000000	1.000000	1.000000	1.000000	
1356711163.449355	0.999999	43.799389	30.269240	6.027288	0.999979	0.000569	1.000000	1.000000	1.000000	1.000000	1.000000	1.000000	0.999251	0.000022	0.998738	0.000013	1.000011	0.002048	1.002584	0.000013	1356711163.449545	1.000000	43.372971	29.840546	8.105682	1.000027	0.000056	1.000000	1.000000	0.997427	0.000058	0.998371	0.000095	0.997101	0.000045	1.000043	0.000135	1.000000	1.000000	1.000000	1.000000	
1356711164.449356	1.000001	43.792134	30.260607	6.014887	0.999827	0.000325	1.000000	1.000000	1.000000	1.000000	1.000000	1.000000	1.000458	0.000045	0.990791	0.000071	0.999664	0.000148	0.998352	0.000047	1356711164.449551	1.000006	43.370439	29.835851	8.116010	0.999951	0.000040	1.000000	1.000000	1.011997	0.000012	1.001796	0.000083	1.012542	0.000011	0.999862	0.000081	1.000000	1.000000	1.000000	1.000000	
1356711165.449355	0.999999	43.745785	30.209364	6.040091	1.000038	0.000733	1.000000	1.000000	1.000000	1.000000	1.000000	1.000000	1.000725	0.000120	1.001818	0.000364	0.999794	0.000292	1.002834	0.000024	1356711165.449543	0.999992	43.419679	29.842374	8.162847	0.999990	0.000121	1.000000	1.000000	0.992649	0.000092	0.999982	0.000173	0.999849	0.000061	1.000036	0.000254	1.000000	1.000000	1.000000	1.000000	
1356711166.449356	1.000001	44.304935	30.766435	6.016092	0.999999	0.003155	1.000000	1.000000	1.000000	0.999999	1.000000	1.000000	0.999810	0.002787	0.999993	0.002747	1.000030	0.003043	0.999731	0.004001	1356711166.449518	0.999975	43.780637	30.231134	8.112462	1.000195	0.002807	1.000000	1.000000	1.000199	0.003319	1.000000	0.002859	0.999846	0.002875	0.999995	0.003624	1.000000	1.000000	1.000000	1.000000	
1356711167.449355	0.999999	43.792599	30.256773	5.987738	1.000002	0.000521	1.000000	1.000000	1.000000	1.000001	1.000000	1.000000	1.032286	0.000016	0.998537	0.000008	1.000227	0.000122	1.143874	0.000007	1356711167.449544	1.000026	43.383165	29.842044	8.113498	0.990373	0.000057	1.000000	1.000000	1.000082	0.000047	0.999968	0.000048	1.011713	0.000037	1.000103	0.000109	1.000000	1.000000	1.000000	1.000000	
1356711168.449356	1.000001	38.614740	25.063987	6.014231	0.999846	0.000377	0.999999	0.188134	1.000000	0.999831	0.999981	0.999876	0.997034	0.000041	0.998337	0.000049	0.999744	0.000152	0.999963	0.006303	1356711168.449580	1.000036	48.743118	35.159348	8.099821	1.000001	0.812060	1.000000	1.000000	0.999054	0.000012	1.000119	0.000036	0.997784	0.000012	0.999826	0.000104	1.000000	1.000000	1.000000	1.000000	
1356711169.449355	0.999999	42.970439	29.428052	6.026770	1.000001	0.812734	0.998508	0.000309	1.000000	0.999675	0.999983	0.999940	1.004911	0.000021	1.006248	0.000013	1.000184	0.000117	1.000124	0.001303	1356711169.449548	0.999968	44.729365	31.169880	8.144013	0.999996	0.190979	1.000000	1.000000	1.000122	0.000072	0.999890	0.000049	1.000701	0.000046	1.000155	0.000104	1.000000	1.000000	1.000000	1.000000	
1356711170.449355	1.000000	43.700653	30.161896	6.015335	1.000000	1.000000	1.000131	0.000333	1.000000	1.000000	1.000000	1.000000	1.000785	0.000061	1.000009	0.000366	0.999838	0.000190	0.999359	0.000066	1356711170.449540	0.999992	43.528566	29.989852	8.155889	0.999985	0.005473	1.000000	1.000000	0.999897	0.000034	1.000070	0.000071	1.003238	0.000012	0.999860	0.000077	1.000000	1.000000	1.000000	1.000000	
1356711171.449355	1.000000	43.704453	30.163055	6.009964	1.000000	1.000000	0.999924	0.000371	1.000000	1.000000	1.000000	1.000000	0.999272	0.000016	0.999952	0.000008	0.999868	0.000117	0.981550	0.000009	1356711171.449541	1.000001	43.526448	29.991396	8.100166	0.999995	0.005543	1.000000	1.000000	0.999989	0.000072	0.999909	0.000064	0.999375	0.000064	0.999933	0.000121	1.000000	1.000000	1.000000	1.000000	
1356711172.449356	1.000001	43.718022	30.173311	6.007273	1.000000	0.999999	0.999860	0.000332	1.000000	1.000000	1.000000	1.000000	1.000278	0.000046	1.000154	0.000050	0.999982	0.000146	0.997797	0.000046	1356711172.449541	1.000000	43.507324	29.982529	8.111343	0.999984	0.005493	1.000000	1.000000	0.999907	0.000033	0.999928	0.000032	0.999967	0.000012	0.999930	0.000077	1.000000	1.000000	1.000000	1.000000	
1356711173.449355	0.999999	43.738598	30.193663	6.032537	1.000000	1.000001	1.000250	0.000365	1.000000	1.000000	1.000000	1.000000	0.999785	0.000023	0.997728	0.000013	1.000031	0.002049	1.017299	0.000013	1356711173.449538	0.999997	43.537595	29.997713	8.112086	0.999985	0.005535	1.000000	1.000000	0.997077	0.000052	0.996369	0.000049	0.997237	0.000043	1.000331	0.000127	1.000000	1.000000	1.000000	1.000000	
1356711174.449355	1.000000	43.691986	30.189911	6.014084	1.000000	0.999999	0.999845	0.000324	1.000000	1.000000	1.000000	1.000000	0.998894	0.000045	0.987995	0.000051	0.998978	0.000143	1.000088	0.000048	1356711174.449547	1.000009	43.533144	29.995456	8.144869	0.999982	0.005482	1.000000	1.000000	1.004491	0.000034	1.005682	0.000032	1.010827	0.000012	0.999483	0.000076	1.000000	1.000000	1.000000	1.000000	
1356711175.449356	1.000001	43.719853	30.143419	6.032251	1.000000	1.000000	0.999997	0.000361	1.000000	1.000000	1.000000	1.000000	0.999469	0.000022	1.001703	0.000329	1.000704	0.000138	0.997966	0.000013	1356711175.449548	1.000001	43.541050	30.000978	8.128471	0.999984	0.005539	1.000000	1.000000	1.000181	0.000053	0.999899	0.000087	0.999876	0.000044	1.000090	0.000103	1.000000	1.000000	1.000000	1.000000	
1356711176.449355	0.999999	43.725673	30.176283	6.014929	1.000000	1.000000	0.999971	0.000335	1.000000	1.000000	1.000000	1.000000	1.000638	0.000045	1.000867	0.000076	1.000008	0.000148	1.001489	0.000045	1356711176.449552	1.000004	43.517737	29.965073	8.132627	0.999987	0.005490	1.000000	1.000000	0.999744	0.000033	0.999865	0.000043	1.000000	0.000012	0.999784	0.000077	1.000000	1.000000	1.000000	1.000000	
1356711177.449355	1.000000	43.757111	30.199646	6.023941	1.000000	1.000000	1.000064	0.000344	1.000000	1.000000	1.000000	1.000000	1.001220	0.000021	1.001076	0.000008	0.999559	0.000117	0.999166	0.000013	1356711177.449537	0.999985	43.545866	29.983422	8.115433	0.999984	0.005534	1.000000	1.000000	0.999969	0.000050	0.999959	0.000046	0.999902	0.000043	0.999872	0.000099	1.000000	1.000000	1.000000	1.000000	
1356711178.449355	1.000000	43.730164	30.189362	6.013672	1.000000	1.000000	0.999897	0.000349	1.000000	1.000000	1.000000	1.000000	1.000355	0.000045	0.999179	0.000053	1.000034	0.000146	0.991879	0.000050	1356711178.449542	1.000005	43.524272	29.998538	8.109929	0.999983	0.005491	1.000000	1.000000	1.000116	0.000033	0.999779	0.000033	1.000000	0.000012	1.000140	0.000102	1.000000	1.000000	1.000000	1.000000	
1356711179.449355	1.000000	43.777222	30.235474	6.016876	1.000000	1.000000	0.999793	0.000384	1.000000	1.000000	1.000000	1.000000	0.997592	0.000021	0.998270	0.000013	1.000142	0.000120	1.025181	0.000013	1356711179.449535	0.999993	43.518703	29.989313	8.137431	0.999990	0.004630	1.000000	1.000000	0.999896	0.000052	1.000229	0.000047	1.000000	0.000043	0.999836	0.000106	1.000000	1.000000	1.000000	1.000000	
1356711180.449356	1.000001	43.773747	30.222887	5.980829	1.000000	1.000000	1.000247	0.000303	1.000000	1.000000	1.000000	1.000000	1.001221	0.000046	1.000034	0.000357	1.000042	0.000173	0.989211	0.000047	1356711180.449546	1.000011	43.427472	29.876442	8.120638	1.000000	0.000013	1.000000	1.000000	0.999978	0.000036	0.999984	0.000073	1.000452	0.000012	1.000194	0.000103	1.000000	1.000000	1.000000	1.000000	
1356711181.449355	0.999999	44.058712	30.514220	6.027700	1.000000	1.000000	0.999981	0.008369	1.000000	1.000000	1.000000	1.000000	0.999242	0.000022	0.998090	0.000008	1.000236	0.000114	1.002647	0.000229	1356711181.449548	1.000002	43.408334	29.866764	8.132965	0.996154	0.000062	1.000000	1.000000	1.000015	0.000051	0.999815	0.000050	0.999536	0.000047	1.000125	0.000108	1.000000	1.000000	1.000000	1.000000	
1356711182.449355	1.000000	44.107559	30.562927	6.028137	1.000000	1.000000	0.999971	0.005449	1.000000	1.000000	1.000000	1.000000	0.999476	0.000057	0.998325	0.000061	0.999949	0.004563	0.998780	0.000051	1356711182.449541	0.999993	43.394892	29.858254	8.091654	0.999084	0.000019	1.000000	1.000000	1.000156	0.000035	1.000477	0.000033	1.001432	0.000012	0.999927	0.000080	1.000000	1.000000	1.000000	1.000000	
1356711183.449355	1.000000	43.748810	30.210663	6.039047	1.000000	0.774991	1.000026	0.001762	1.000000	1.000000	1.000000	1.000000	0.999757	0.002074	1.019979	0.000008	1.000053	0.002041	1.004729	0.000009	1356711183.449527	0.999986	44.986702	31.435791	8.119758	1.000001	0.796028	0.999999	0.429043	0.997782	0.000070	0.997191	0.000065	0.997913	0.000067	0.999964	0.000957	1.000000	1.000000	1.000000	1.000000	
1356711184.449355	1.000000	43.782425	30.235428	6.014084	1.000000	1.000000	0.999985	0.000327	1.000000	1.000000	1.000000	1.000000	1.009061	0.000045	0.993166	0.000088	0.999937	0.000148	0.999566	0.000049	1356711184.449543	1.000016	43.456917	29.906795	8.132286	1.000000	1.000000	1.014819	0.000012	1.004112	0.000036	1.004687	0.000034	1.011644	0.000012	1.000042	0.000082	1.000000	1.000000	1.000000	1.000000	
1356711185.449355	1.000000	48.476349	34.949615	6.002686	1.000000	1.000000	1.000000	0.730957	1.000000	1.000000	1.000000	1.000000	0.997913	0.000231	1.001445	0.000390	1.000475	0.000138	0.996898	0.000014	1356711185.449516	0.999973	39.934914	26.404413	8.141714	0.999995	0.269022	0.999966	0.006684	1.000162	0.000053	0.999921	0.000088	0.999886	0.000044	1.000103	0.000105	1.000000	1.000000	1.000000	1.000000	
1356711186.449355	1.000000	50.338333	36.789536	6.020142	1.000000	1.000000	1.000000	1.000000	1.000000	1.000000	1.000000	1.000000	1.000011	0.000382	1.000911	0.000036	0.999905	0.000146	1.001670	0.000050	1356711186.449521	1.000005	38.493215	24.989850	8.137868	1.040826	0.000018	1.000044	0.007135	0.999933	0.000034	1.000357	0.000033	1.001385	0.000012	0.999859	0.000079	1.000000	1.000000	1.000000	1.000000	
1356711187.449356	1.000001	45.717119	32.174881	6.021646	0.999998	0.160268	1.000000	1.000000	1.000000	1.000000	1.000000	1.000000	1.000032	0.009785	1.000450	0.000013	1.000044	0.000113	0.993601	0.000013	1356711187.449529	1.000008	42.512046	28.973657	8.131114	1.000001	0.839996	0.999592	0.001302	0.999744	0.000051	0.999473	0.000047	0.999778	0.000043	1.000032	0.000107	1.000000	1.000000	1.000000	1.000000	
1356711188.449355	0.999999	44.864026	31.323806	6.030661	0.998084	0.000055	1.000000	1.000000	1.000000	1.000000	1.000000	1.000000	0.999975	0.010921	0.998617	0.000048	0.999759	0.000142	1.004802	0.000044	1356711188.449555	1.000026	43.441162	29.882112	8.125750	1.000000	1.000000	0.994477	0.000012	1.000270	0.000034	1.000664	0.000033	0.999328	0.000012	0.999942	0.000106	1.000000	1.000000	1.000000	1.000000	
1356711189.449355	1.000000	39.860397	26.300964	6.022171	0.999201	0.000241	1.000002	0.249174	1.000000	1.000000	1.000000	1.000000	1.000052	0.011252	1.004855	0.000013	0.999898	0.000114	0.991436	0.000013	1356711189.449560	1.000005	48.331194	34.715067	8.137532	1.000000	1.000000	1.000000	0.751040	0.999929	0.000049	0.999539	0.000047	0.999726	0.000044	0.999975	0.000108	1.000000	1.000000	1.000000	1.000000	
1356711190.449356	1.000001	37.469553	23.886238	6.027109	1.000072	0.000219	0.999954	0.004676	1.000000	1.000000	1.000000	1.000000	0.999729	0.001798	0.998346	0.000349	1.000285	0.000171	0.997194	0.000049	1356711190.449583	1.000023	50.041442	36.384162	8.132047	1.000000	1.000000	1.000000	1.000000	0.999722	0.000035	1.000021	0.000073	1.000847	0.000012	1.000300	0.000080	1.000000	1.000000	1.000000	1.000000	
1356711191.449355	0.999999	42.910792	29.368070	6.038809	1.000001	0.733789	0.999924	0.009421	1.000000	1.000000	1.000000	1.000000	0.999996	0.003193	1.000183	0.002927	1.000046	0.003181	1.000057	0.002730	1356711191.449520	0.999937	45.268108	31.705334	8.127739	0.999997	0.268936	1.000000	1.000000	1.000005	0.002776	0.999991	0.002855	1.000001	0.002862	0.999990	0.003805	1.000000	1.000000	1.000000	1.000000	
1356711192.449355	1.000000	43.862656	30.333359	6.019073	1.000000	1.000000	1.100273	0.000007	1.000000	0.999999	1.000000	1.000000	0.999732	0.000327	0.999973	0.002232	0.999931	0.003478	0.998933	0.000036	1356711192.449545	1.000025	43.410183	29.858643	8.137492	1.000828	0.000013	1.000000	1.000000	0.999610	0.000032	1.000513	0.000031	0.998227	0.000007	1.000197	0.000080	1.000000	1.000000	1.000000	1.000000	
1356711193.449356	1.000001	715787111.251611	715805619.430295	715824065.696196	0.999945	1.000421	0.999942	1.000422	0.999950	1.000424	0.999945	1.000421	0.999945	1.000182	0.999947	1.000416	0.999945	1.000426	0.999944	1.000419	1356711193.449447	0.999902	715842843.073988	715856452.274268	715851161.143501	0.999944	1.000419	0.999943	1.000425	3.896129	0.256761	0.999945	1.000420	0.999945	1.000426	0.999947	1.000417	0.999945	1.000424	0.999945	1.000421	
1356711194.449355	0.999999	0.000000	0.000000	0.000000	-nan	-nan	-nan	-nan	0.000000	inf	-nan	-nan	-nan	0.000000	0.000000	inf	-nan	-nan	-nan	-nan	1356711194.449433	0.999986	0.000000	0.000000	0.000000	-nan	-nan	-nan	-nan	0.000000	inf	-nan	-nan	-nan	-nan	-nan	-nan	-nan	-nan	-nan	-nan	
1356711195.449355	1.000000	0.000000	0.000000	0.000000	-nan	-nan	-nan	-nan	1.345745	inf	-nan	-nan	-nan	0.000000	-nan	-nan	-nan	-nan	-nan	-nan	1356711195.449428	0.999995	0.000000	0.000000	0.000000	-nan	-nan	-nan	-nan	inf	-nan	-nan	-nan	-nan	-nan	-nan	-nan	-nan	-nan	-nan	-nan	
1356711196.449368	1.000013	0.000000	0.000000	0.000000	-nan	-nan	-nan	-nan	0.000000	inf	-nan	-nan	-nan	0.000000	-nan	-nan	-nan	-nan	-nan	-nan	1356711196.449440	1.000012	0.000000	0.000000	0.000000	-nan	-nan	-nan	-nan	inf	-nan	-nan	-nan	-nan	-nan	-nan	-nan	-nan	-nan	-nan	-nan	
1356711197.449355	0.999987	0.000000	0.000000	0.000000	-nan	-nan	-nan	-nan	1521724330843.607422	inf	-nan	-nan	-nan	0.000000	-nan	-nan	-nan	-nan	-nan	-nan	1356711197.449433	0.999993	0.000000	0.000000	0.000000	-nan	-nan	-nan	-nan	inf	-nan	-nan	-nan	-nan	-nan	-nan	-nan	-nan	-nan	-nan	-nan	
1356711198.449362	1.000007	0.000000	0.000000	0.000000	-nan	-nan	-nan	-nan	0.000000	inf	-nan	-nan	-nan	0.000000	-nan	-nan	-nan	-nan	-nan	-nan	1356711198.449441	1.000008	0.000000	0.000000	0.000000	-nan	-nan	-nan	-nan	inf	-nan	-nan	-nan	-nan	-nan	-nan	-nan	-nan	-nan	-nan	-nan	
1356711199.449499	1.000137	0.000000	0.000000	0.000000	-nan	-nan	-nan	-nan	-nan	-nan	-nan	-nan	-nan	0.000000	-nan	-nan	-nan	-nan	-nan	-nan	1356711199.449588	1.000147	0.000000	0.000000	0.000000	-nan	-nan	-nan	-nan	-nan	-nan	-nan	-nan	-nan	-nan	-nan	-nan	-nan	-nan	-nan	-nan	
