ts_0	elapsed_0	pkg_0	pp0_0	dram_0	freq_ratio_0_0	c0_ratio_0_0	freq_ratio_0_1	c0_ratio_0_1	freq_ratio_0_2	c0_ratio_0_2	freq_ratio_0_3	c0_ratio_0_3	freq_ratio_0_4	c0_ratio_0_4	freq_ratio_0_5	c0_ratio_0_5	freq_ratio_0_6	c0_ratio_0_6	freq_ratio_0_7	c0_ratio_0_7	ts_1	elapsed_1	pkg_1	pp0_1	dram_1	freq_ratio_1_0	c0_ratio_1_0	freq_ratio_1_1	c0_ratio_1_1	freq_ratio_1_2	c0_ratio_1_2	freq_ratio_1_3	c0_ratio_1_3	freq_ratio_1_4	c0_ratio_1_4	freq_ratio_1_5	c0_ratio_1_5	freq_ratio_1_6	c0_ratio_1_6	freq_ratio_1_7	c0_ratio_1_7	
1357204740.187333	1.001421	32.744349	19.580057	5.729865	1.153173	0.185451	1.154308	0.185779	1.153975	0.185084	1.154234	0.185199	1.153618	0.183811	1.154075	0.184705	1.153848	0.184144	1.153766	0.183580	1357204740.187555	1.000466	33.266050	20.206188	2.737067	0.999997	0.849549	1.008225	0.000057	0.783156	0.000091	1.007136	0.000193	1.007265	0.000032	1.014676	0.000032	1.015361	0.000031	0.999911	0.850126	
1357204741.187325	0.999992	31.593518	18.415555	6.196034	0.796953	0.005849	1.000166	0.000165	1.000000	0.833472	1.000467	0.000099	1.006307	0.000008	0.990061	0.000064	0.993294	0.000056	0.999980	0.833512	1357204741.187537	0.999982	33.716774	20.626467	3.511507	1.000000	0.833471	0.995660	0.000119	0.999961	0.000456	0.999957	0.000250	0.999897	0.000079	1.000037	0.000073	0.999438	0.000070	1.000000	1.000000	
1357204742.187324	0.999999	34.140963	20.963384	6.211294	0.999903	0.003430	0.999997	0.000112	1.000000	1.000000	0.990463	0.000047	0.992658	0.000071	1.000572	0.000009	1.000344	0.000009	1.000000	1.000000	1357204742.187553	1.000016	34.730234	21.646703	3.032880	1.000000	1.000000	1.000000	0.000017	0.999758	0.000086	0.999987	0.000357	1.000924	0.000007	0.996515	0.000012	1.004431	0.000012	1.000000	1.000000	
1357204743.187330	1.000006	33.939098	20.774336	6.214578	0.999858	0.003362	0.999834	0.000188	1.000000	1.000000	1.003176	0.000148	1.018933	0.000024	1.007735	0.000071	1.002924	0.000070	1.000000	1.000000	1357204743.187547	0.999994	34.757303	21.664680	3.068332	1.000000	1.000000	1.005619	0.000090	1.000153	0.000149	0.999999	0.002374	0.999981	0.000100	1.000321	0.000094	0.999517	0.000081	1.000000	1.000000	
1357204744.187324	0.999994	34.037694	20.867571	6.216712	0.990995	0.004248	0.999973	0.000112	1.000000	0.988043	0.999146	0.000048	1.001415	0.000060	1.016367	0.000008	1.026822	0.000008	1.000000	0.988042	1357204744.187548	1.000001	34.656644	21.555644	3.058469	1.000000	0.988040	1.000364	0.000017	1.000046	0.000059	0.999978	0.000138	1.000819	0.000007	0.995456	0.000007	0.997012	0.000007	1.000000	1.000000	
1357204745.187324	1.000000	32.558167	19.390411	6.177200	0.836052	0.004893	0.999991	0.000173	0.999986	0.906477	1.000239	0.000071	0.999373	0.000009	1.000223	0.000054	0.967415	0.000056	0.999977	0.906492	1357204745.187541	0.999993	34.158271	21.075448	3.242210	1.000000	0.906503	0.999988	0.000067	0.999869	0.000088	1.000002	0.000169	0.999913	0.000071	1.000371	0.000071	1.000668	0.000057	1.000000	1.000000	
1357204746.187324	1.000000	34.178436	21.014465	6.196472	0.999894	0.003777	1.000027	0.000228	1.000000	1.000000	0.999809	0.000058	0.999887	0.000061	0.995641	0.000008	1.239295	0.000008	1.000001	1.000000	1357204746.187541	1.000000	34.722702	21.621826	3.043411	1.000000	1.000000	1.000030	0.000052	0.999887	0.000383	1.000038	0.000191	1.001687	0.000007	0.996998	0.000012	0.998261	0.000012	1.000000	1.000000	
1357204747.187324	1.000000	33.980865	20.832138	6.205078	0.999890	0.003443	0.999969	0.000188	1.000000	1.000000	0.999918	0.000132	0.999758	0.000010	0.999721	0.000061	0.999456	0.000052	1.000000	1.000000	1357204747.187543	1.000002	34.709727	21.606633	3.084314	1.000000	1.000000	0.999856	0.000115	1.000451	0.000079	0.999964	0.000172	0.999806	0.000064	0.999994	0.000066	1.000558	0.000058	1.000000	1.000000	
1357204748.187324	1.000000	34.155563	20.999344	6.216125	0.999885	0.003717	0.999990	0.000112	1.000000	1.000000	1.000417	0.000046	0.998599	0.000062	0.998733	0.000008	1.005965	0.000008	1.000000	1.000000	1357204748.187542	0.999999	34.716662	21.613409	3.043048	1.000000	1.000000	1.000229	0.000017	1.000091	0.000059	0.999964	0.000139	1.001092	0.000007	0.999806	0.000012	1.000577	0.000012	1.000000	1.000000	
1357204749.187324	1.000000	34.137238	20.987808	6.205734	0.999902	0.003521	0.999976	0.000162	1.000000	1.000000	0.999916	0.000069	1.009812	0.000008	0.988321	0.000055	0.989285	0.000053	1.000000	1.000000	1357204749.187551	1.000009	34.729055	21.624987	3.034869	1.000000	1.000000	1.000115	0.000070	0.999975	0.000094	0.999967	0.000163	0.999976	0.000063	1.000198	0.000058	0.999963	0.000052	1.000000	1.000000	
1357204750.187330	1.000006	33.966259	20.817915	6.214196	0.999896	0.003518	0.999945	0.000113	1.000000	1.000000	1.000137	0.000048	1.000424	0.000062	0.993741	0.000009	0.994701	0.000246	1.000000	1.000000	1357204750.187540	0.999989	34.746292	21.642388	3.010775	1.000000	1.000000	0.999875	0.000015	0.999795	0.000060	0.999965	0.000141	1.000324	0.000007	0.998453	0.000012	0.999165	0.000012	1.000000	1.000000	
1357204751.187324	0.999994	34.196829	21.055240	6.128088	0.999886	0.003646	0.999941	0.000145	1.000000	1.000000	0.999973	0.000070	1.004479	0.000009	1.002445	0.000275	1.036464	0.000051	1.000000	1.000000	1357204751.187553	1.000013	34.729540	21.624533	3.031714	1.000000	1.000000	0.999968	0.000108	0.999974	0.000408	0.999998	0.000246	0.999877	0.000066	1.000262	0.000065	0.999260	0.000051	1.000000	1.000000	
1357204752.187324	1.000000	33.698151	20.597626	6.119644	0.949695	0.003810	0.999949	0.000112	0.999984	0.985033	0.999482	0.000048	0.998802	0.000062	1.004340	0.000008	0.999100	0.000008	0.999984	0.985031	1357204752.187548	0.999995	34.628561	21.522172	3.067276	1.000000	0.985050	0.999587	0.000017	1.000065	0.000066	0.999979	0.000399	0.999730	0.000007	1.001678	0.000012	1.002530	0.000012	1.000000	1.000000	
1357204753.187324	1.000000	32.638382	19.478577	6.135818	0.816680	0.004697	1.000265	0.000142	0.999990	0.909774	1.000023	0.000066	1.001374	0.000009	0.986902	0.000055	0.991274	0.000060	0.999991	0.909773	1357204753.187558	1.000010	34.189080	21.095812	3.271116	1.000000	0.909792	0.993003	0.000074	0.999926	0.000088	0.999997	0.002132	0.999867	0.000067	1.000190	0.000065	0.999595	0.000045	1.000000	1.000000	
1357204754.187330	1.000006	33.937847	20.800886	6.114221	0.999891	0.003427	0.999953	0.000123	1.000000	1.000000	0.990886	0.000048	0.991615	0.000063	1.004556	0.000009	1.012629	0.000009	1.000000	1.000000	1357204754.187558	1.000000	34.778732	21.672318	3.020874	1.000000	1.000000	1.002163	0.000016	0.999410	0.000046	1.000025	0.000136	1.001580	0.000007	0.996631	0.000012	0.997979	0.000012	1.000000	1.000000	
1357204755.187324	0.999994	33.948536	20.812319	6.120505	0.999893	0.003350	0.999724	0.000166	1.000000	1.000000	1.003762	0.000083	1.023105	0.000023	1.009959	0.000067	1.006378	0.000065	1.000000	1.000000	1357204755.187546	0.999988	34.814990	21.709655	3.031530	1.000000	1.000000	1.009107	0.000054	1.000350	0.000088	0.999954	0.000185	0.999926	0.000078	0.999930	0.000066	0.999935	0.000072	1.000000	1.000000	
1357204756.187324	1.000000	34.078323	20.943604	6.114197	0.999878	0.003780	0.999983	0.000113	1.000000	1.000000	1.001706	0.000086	0.999418	0.000056	0.994983	0.000008	0.999713	0.000008	1.000000	1.000000	1357204756.187554	1.000008	34.769478	21.666679	3.053305	1.000000	1.000000	1.000012	0.000066	0.999998	0.000365	0.999911	0.000190	0.999347	0.000007	1.003144	0.000007	1.005150	0.000007	1.000000	1.000000	
1357204757.187325	1.000001	33.959105	20.822307	6.126566	0.999877	0.003293	1.000000	0.000140	1.000000	1.000000	0.999879	0.000067	1.006870	0.000009	0.998465	0.000052	0.964282	0.000053	1.000000	1.000001	1357204757.187540	0.999986	34.770295	21.666687	3.053739	1.000000	1.000000	0.999906	0.000045	0.999855	0.000061	1.000055	0.000168	1.000062	0.000050	0.999629	0.000063	0.999298	0.000049	1.000000	1.000000	
1357204758.187324	0.999999	34.121386	20.984349	6.108084	0.999899	0.003823	0.999952	0.000112	1.000000	1.000000	0.999814	0.000048	0.999715	0.000061	1.014657	0.000008	1.256567	0.000007	1.000000	1.000000	1357204758.187543	1.000003	34.735946	21.628366	3.039938	1.000000	1.000000	1.000227	0.000017	0.999959	0.000047	1.000009	0.000135	1.000601	0.000007	1.000064	0.000012	1.003845	0.000012	1.000000	1.000000	
1357204759.187324	1.000000	33.967621	20.843735	6.120499	0.999893	0.003327	0.999970	0.000141	1.000000	1.000000	1.000080	0.000067	1.000184	0.000008	1.000090	0.000051	1.000412	0.000050	1.000000	1.000000	1357204759.187549	1.000006	34.725272	21.618615	3.061246	1.000000	1.000000	0.999923	0.000055	1.000102	0.000068	0.999996	0.000186	0.999874	0.000049	1.000628	0.000058	0.999878	0.000050	1.000000	1.000000	
1357204760.187336	1.000012	30.425739	17.286919	6.143832	0.757464	0.008568	0.963815	0.000151	0.999994	0.759867	0.738953	0.000065	0.999095	0.000061	0.649691	0.000012	0.652722	0.000012	1.000000	0.759656	1357204760.187795	1.000246	33.271355	20.150300	3.736279	0.999999	0.759639	0.999955	0.000017	1.000000	0.000060	1.000000	0.000151	0.996192	0.000007	0.997238	0.000012	1.002534	0.000012	1.000000	1.000000	
1357204761.187329	0.999993	20.381748	7.230076	6.043850	0.645726	0.015313	0.715385	0.000194	0.914519	0.000043	0.659173	0.000100	0.695385	0.000012	0.857265	0.000068	0.863530	0.000065	1.001193	0.000041	1357204761.187693	0.999898	28.741214	15.589710	5.843995	1.000012	0.000066	1.000026	0.000106	0.999958	0.000361	1.000135	0.000212	1.000524	0.000052	1.000313	0.000046	0.999109	0.000046	1.000000	1.000000	
1357204762.187324	0.999995	19.744133	6.581011	6.195923	0.659092	0.022190	0.979238	0.002994	1.000011	0.002376	0.994892	0.003533	0.996385	0.002485	1.000255	0.002348	0.999934	0.002376	0.999996	0.002366	1357204762.187571	0.999878	28.798605	15.668203	6.023257	0.999985	0.002405	0.999994	0.002387	0.999995	0.002472	0.999978	0.002375	1.000005	0.002371	0.999990	0.002244	0.999995	0.002392	1.000000	1.000000	
1357204763.187327	1.000003	19.859405	6.688364	6.235607	0.604747	0.019097	0.728577	0.000190	0.652074	0.000064	0.653658	0.000102	0.984982	0.000008	0.665274	0.000065	0.654839	0.000063	0.702284	0.000061	1357204763.187709	1.000138	28.725939	15.588729	6.000392	1.000000	0.000049	1.000007	0.000053	0.999600	0.000098	1.000007	0.002107	0.998880	0.000038	1.000051	0.000038	1.000513	0.000038	1.000000	1.000000	
1357204764.187326	0.999999	19.091342	5.904806	6.260000	0.590671	0.020579	0.653689	0.000217	0.796626	0.000022	0.718239	0.000066	0.895773	0.000073	0.600856	0.000011	0.642810	0.000011	1.002088	0.000008	1357204764.187691	0.999982	28.724299	15.582279	6.007401	1.001080	0.000023	1.000045	0.000017	1.000699	0.000046	0.997428	0.000106	0.990323	0.000007	0.998588	0.000012	0.999677	0.000012	1.000000	1.000000	
1357204765.187326	1.000000	21.550354	8.362946	5.983154	0.682854	0.017273	0.727121	0.000208	0.901615	0.000058	0.797465	0.000082	1.009576	0.000010	0.714645	0.000073	0.776315	0.000070	0.682718	0.000077	1357204765.187575	0.999884	28.727518	15.584283	5.777328	0.998282	0.000060	0.989864	0.000052	1.000092	0.000067	1.001610	0.000161	1.001587	0.000073	1.000307	0.000049	0.999733	0.000048	1.000000	1.000000	
1357204766.187325	0.999999	20.724553	7.548576	6.035681	0.677226	0.018155	0.741952	0.000568	0.995592	0.000019	0.735950	0.000066	0.771260	0.000131	0.995099	0.000020	1.001852	0.000029	1.002247	0.000031	1357204766.187640	1.000065	28.731635	15.589302	5.858521	1.000191	0.000095	1.000024	0.000098	0.999972	0.000513	0.999967	0.000313	0.999669	0.000054	0.999944	0.000041	0.998642	0.000026	1.000000	1.000000	
1357204767.187325	1.000000	19.557510	6.369385	6.005585	0.601484	0.019494	0.692064	0.000256	0.582601	0.000126	0.623783	0.000133	0.562870	0.000040	0.813619	0.000079	0.704883	0.000085	0.788819	0.000080	1357204767.187635	0.999995	28.731330	15.588213	5.938247	1.000822	0.000089	1.010633	0.000049	0.999462	0.000059	1.000024	0.000190	1.000022	0.000087	0.999891	0.000060	1.000312	0.000059	1.000000	1.000000	
1357204768.187324	0.999999	21.689352	8.502022	5.974157	0.707186	0.016873	0.706447	0.000232	0.999348	0.000017	1.000930	0.000047	0.811787	0.000072	0.999064	0.000008	0.986575	0.000008	1.003222	0.000008	1357204768.187579	0.999944	28.717445	15.578952	5.823111	0.999482	0.000053	0.999885	0.000017	1.001878	0.000017	0.999986	0.000108	1.001570	0.000007	0.997834	0.000007	0.996363	0.000007	1.000000	1.000000	
1357204769.187324	1.000000	19.891739	6.704468	6.096725	0.609765	0.017552	0.613336	0.000261	0.767775	0.000066	0.779229	0.000087	0.974740	0.000008	0.999426	0.000052	1.001876	0.000058	0.999593	0.000053	1357204769.187748	1.000169	28.732707	15.597446	5.881956	0.999912	0.000070	0.999939	0.000050	1.000034	0.000056	0.999898	0.000162	0.999846	0.000053	1.001099	0.000052	1.000847	0.000051	1.000000	1.000000	
1357204770.187325	1.000001	20.808513	7.620140	6.109735	0.641385	0.017927	0.703374	0.000231	0.998501	0.000018	0.940054	0.000049	0.917623	0.000066	0.775168	0.000010	0.988160	0.000008	0.994695	0.000008	1357204770.187571	0.999823	28.747517	15.605346	5.976155	1.000090	0.000051	0.999766	0.000016	0.997775	0.000017	1.000074	0.000121	1.001910	0.000007	0.996065	0.000012	0.999935	0.000012	1.000000	1.000000	
1357204771.187325	1.000000	20.174561	6.988327	5.991287	0.610413	0.020579	0.626777	0.000266	0.758533	0.000074	0.664174	0.000102	0.991424	0.000008	0.771467	0.000073	0.753204	0.000072	1.001007	0.000051	1357204771.187678	1.000107	28.732444	15.594385	5.801289	0.998373	0.000077	1.000053	0.000087	1.000075	0.000358	1.000000	0.000203	0.999568	0.000059	1.000017	0.000044	0.999278	0.000044	1.000000	1.000000	
1357204772.187325	1.000000	19.572433	6.386032	6.187973	0.608095	0.019445	0.611154	0.000267	0.806285	0.000021	0.996941	0.000052	0.975329	0.000064	0.972393	0.000008	0.644729	0.000011	0.993091	0.000008	1357204772.187683	1.000005	28.693902	15.567518	5.948945	1.002408	0.000059	1.000115	0.000017	1.000046	0.000017	0.999942	0.000106	0.995974	0.000007	0.999520	0.000013	1.000356	0.000012	1.000000	1.000000	
1357204773.187325	1.000000	21.223068	8.049210	5.911133	0.679746	0.015120	0.747268	0.000216	1.014066	0.000052	0.852627	0.000085	1.231958	0.000007	1.003417	0.000055	0.835626	0.000064	0.905712	0.000058	1357204773.187569	0.999886	28.736093	15.596870	5.797932	0.999690	0.000071	0.999925	0.000051	0.986800	0.000051	1.000002	0.002109	0.999972	0.000082	0.999992	0.000047	0.999587	0.000048	1.000000	1.000000	
1357204774.187324	0.999999	21.023778	7.836098	5.996267	0.661106	0.017755	0.671870	0.000246	1.002696	0.000017	0.742713	0.000064	1.000642	0.000066	0.986493	0.000008	1.272818	0.000007	1.005865	0.000008	1357204774.187596	1.000027	28.717503	15.580925	5.879145	0.999925	0.000052	0.999605	0.000027	1.013476	0.000050	0.999864	0.000122	1.005189	0.000007	0.999505	0.000012	1.004768	0.000012	1.000000	1.000000	
1357204775.187343	1.000019	22.443130	9.255576	5.808346	0.740384	0.013076	0.844641	0.000205	0.706914	0.000081	0.996955	0.000066	0.655187	0.000012	0.931839	0.000057	0.903550	0.000056	0.999510	0.000055	1357204775.187762	1.000166	28.715587	15.583550	5.776675	0.999705	0.000068	1.000068	0.000079	0.990183	0.000072	1.000085	0.000167	0.999898	0.000049	0.998619	0.000045	0.998011	0.000053	1.000000	1.000000	
1357204776.187325	0.999982	18.879625	5.691478	6.317587	0.570056	0.020073	0.579241	0.000326	0.820843	0.000020	0.754372	0.000065	0.697289	0.000086	0.641348	0.000011	0.996736	0.000008	0.996546	0.000008	1357204776.187629	0.999867	28.740472	15.598602	6.039576	0.999866	0.000052	0.999942	0.000053	1.002003	0.000334	0.999950	0.000460	0.999892	0.000007	1.008282	0.000011	1.000663	0.000012	1.000000	1.000000	
1357204777.187324	0.999999	21.363683	8.176201	5.963064	0.688544	0.016184	0.786615	0.000323	0.992249	0.000051	0.810918	0.000081	1.227029	0.000007	0.761492	0.000066	0.990621	0.000052	0.748835	0.000069	1357204777.187587	0.999958	28.715469	15.574964	5.747052	1.000347	0.000071	0.989819	0.000051	1.000597	0.000040	1.000003	0.000147	0.999688	0.000065	0.999629	0.000047	1.001849	0.000047	1.000000	1.000000	
1357204778.187324	1.000000	21.274826	8.088898	6.156128	0.670225	0.015513	0.766167	0.000245	0.789552	0.000023	0.685547	0.000069	0.991962	0.000060	0.999777	0.000009	1.000728	0.000008	1.001736	0.000008	1357204778.187768	1.000181	28.698130	15.565558	5.957525	0.999086	0.000070	1.000097	0.000016	0.999766	0.000016	1.000014	0.000137	1.003945	0.000007	0.998391	0.000012	1.000892	0.000012	1.000000	1.000000	
1357204779.187325	1.000001	21.751108	8.563178	5.963724	0.699921	0.014718	0.798872	0.000266	0.613905	0.000111	0.852394	0.000102	0.875629	0.000027	0.926067	0.000075	0.921551	0.000076	0.922074	0.000073	1357204779.187568	0.999800	28.717994	15.574298	5.787413	1.000615	0.000103	1.009787	0.000053	0.999984	0.000095	0.999979	0.000147	1.000028	0.000084	1.000058	0.000092	0.998887	0.000058	1.000000	1.000000	
1357204780.187331	1.000006	20.703871	7.529878	6.100016	0.646051	0.019206	0.733928	0.000252	0.997379	0.000016	0.711459	0.000065	1.000264	0.000054	0.981455	0.000008	0.999763	0.000008	0.998810	0.000008	1357204780.187579	1.000011	28.672964	15.533643	5.942074	0.999860	0.000052	0.999925	0.000015	0.999950	0.000015	0.999983	0.000110	0.999946	0.000007	0.999240	0.000007	1.008276	0.000007	1.000000	1.000000	
1357204781.187325	0.999994	23.282274	10.094726	5.645450	0.827290	0.012128	0.793779	0.000249	0.999487	0.000050	0.783657	0.000084	0.986581	0.000008	1.002328	0.000066	1.001248	0.000086	0.999968	0.000084	1357204781.187638	1.000059	28.687962	15.550155	5.537516	1.000187	0.000070	0.999969	0.000087	0.999904	0.000361	0.999987	0.000264	0.999822	0.000072	0.999927	0.000053	0.999227	0.000052	1.000000	1.000000	
1357204782.187336	1.000011	21.415521	8.228700	5.910397	0.685588	0.016213	0.847707	0.000225	1.001995	0.000017	0.999428	0.000048	0.917110	0.000065	1.001042	0.000008	0.990274	0.000008	1.002339	0.000008	1357204782.187588	0.999950	28.658188	15.535934	5.777541	0.999792	0.000052	0.999924	0.000015	1.001996	0.000017	0.999936	0.000132	1.000216	0.000007	1.000913	0.000012	0.998408	0.000012	1.000000	1.000000	
1357204783.187334	0.999998	21.514796	8.327897	5.859554	0.675749	0.016499	0.651128	0.000292	0.745103	0.000071	0.796239	0.000083	0.992278	0.000008	0.757492	0.000072	0.741726	0.000068	0.999330	0.000055	1357204783.187582	0.999994	28.709232	15.575883	5.670276	0.999893	0.000098	0.999947	0.000051	0.987130	0.000052	0.999999	0.002083	0.999914	0.000050	1.000566	0.000044	1.000132	0.000044	1.000000	1.000000	
1357204784.187325	0.999991	21.756118	8.569810	5.889656	0.705610	0.014357	0.844115	0.000228	0.991319	0.000018	0.745748	0.000065	1.000889	0.000065	1.006678	0.000008	0.998964	0.000008	1.003825	0.000008	1357204784.187570	0.999988	28.684195	15.550967	5.718360	1.000103	0.000052	1.000022	0.000035	1.013301	0.000050	1.000021	0.000112	1.001913	0.000007	0.997486	0.000012	1.004058	0.000012	1.000000	1.000000	
1357204785.187325	1.000000	20.200150	7.012436	6.066818	0.639685	0.018431	0.595461	0.000308	0.766986	0.000065	0.767292	0.000082	0.983687	0.000009	0.757340	0.000067	0.750936	0.000071	0.733020	0.000069	1357204785.187736	1.000166	28.686554	15.551664	5.881119	0.996485	0.000071	0.997030	0.000051	0.986641	0.000049	0.999978	0.000143	0.999774	0.000053	0.999838	0.000047	1.000106	0.000047	1.000000	1.000000	
1357204786.187325	1.000000	21.086319	7.898331	5.989166	0.670602	0.016711	0.673669	0.000276	0.956460	0.000019	0.689428	0.000067	0.972393	0.000062	0.730178	0.000011	1.000949	0.000008	1.002630	0.000034	1357204786.187688	0.999952	28.695223	15.557356	5.807453	1.004785	0.000053	1.002890	0.000051	1.001876	0.000338	1.000007	0.000155	0.995260	0.000007	1.000000	0.000012	0.998512	0.000012	1.000000	1.000000	
1357204787.187324	0.999999	22.260550	9.073434	5.950857	0.749360	0.019078	0.972756	0.003198	0.994036	0.002593	0.990407	0.003560	1.000484	0.002524	0.992135	0.002589	0.993564	0.002573	0.992571	0.002475	1357204787.187460	0.999772	29.396318	16.254804	5.809246	0.999994	0.002667	0.999782	0.002627	0.999789	0.002546	0.999841	0.002718	0.999843	0.002553	0.999798	0.002808	0.999816	0.002504	1.000000	1.000000	
1357204788.187328	1.000004	22.397477	9.223840	5.683861	0.751276	0.014813	0.752877	0.000245	1.029799	0.000016	1.000016	0.000047	1.010268	0.000061	1.091277	0.000007	1.101626	0.000007	1.132473	0.000007	1357204788.187575	1.000115	28.694533	15.557874	5.586776	0.999725	0.000051	1.035871	0.000016	1.029949	0.000017	1.003568	0.000117	1.070913	0.000006	1.089928	0.000006	1.065333	0.000006	1.000000	1.000000	
1357204789.187324	0.999996	21.984067	8.797826	6.112970	0.715623	0.015527	0.782597	0.000234	0.990757	0.000051	0.999689	0.000067	0.996919	0.000008	0.986517	0.000052	0.991446	0.000055	0.999749	0.000052	1357204789.187585	1.000010	28.692996	15.554715	5.876284	1.000011	0.000070	0.991840	0.000063	1.000463	0.000067	0.999947	0.000138	0.999989	0.000072	1.000510	0.000064	1.000778	0.000050	1.000000	1.000000	
1357204790.187330	1.000006	21.050412	7.864928	5.940532	0.675804	0.017187	0.637063	0.000328	0.877123	0.000021	0.739338	0.000065	0.773033	0.000080	0.641452	0.000013	0.644761	0.000013	1.000941	0.000008	1357204790.187732	1.000147	28.692328	15.558075	5.778233	0.999231	0.000079	1.001270	0.000017	0.998138	0.000017	0.999993	0.000106	0.997433	0.000007	0.997807	0.000012	1.001687	0.000012	1.000000	1.000000	
1357204791.187325	0.999995	20.926435	7.739968	6.027374	0.664405	0.019082	0.663136	0.000300	0.752881	0.000100	0.765780	0.000116	0.926326	0.000025	0.873918	0.000080	0.879171	0.000076	0.944279	0.000098	1357204791.187631	0.999899	28.704653	15.563402	5.931157	1.000772	0.000091	1.005231	0.000092	1.000087	0.000380	0.999916	0.000201	0.999903	0.000092	0.999983	0.000067	1.000017	0.000066	1.000000	1.000000	
1357204792.187325	1.000000	19.887192	6.704910	6.165985	0.601975	0.019982	0.789416	0.000234	1.001994	0.000016	1.000879	0.000051	0.793453	0.000074	1.008442	0.000009	0.998546	0.000008	1.002423	0.000008	1357204792.187573	0.999942	28.648251	15.524245	5.977397	0.999697	0.000068	1.000673	0.000017	1.000094	0.000016	1.000100	0.000115	1.003247	0.000007	0.999024	0.000007	0.998972	0.000007	1.000000	1.000000	
1357204793.187338	1.000013	715783794.927707	715790584.407357	715775703.780831	0.999964	1.001048	0.999961	1.001050	0.999971	1.001048	0.999963	1.001048	0.999964	1.001052	0.999966	1.001046	0.999964	1.001052	0.999964	1.001050	1357204793.187433	0.999860	715899887.836056	715867875.339586	715918799.824969	0.999961	1.001038	0.999961	1.001051	3.894875	0.257009	0.999964	1.001050	0.999964	1.001052	0.999966	1.001047	0.999964	1.001053	0.999964	1.001051	
1357204794.187380	1.000042	0.000000	0.000000	0.000000	-nan	-nan	-nan	-nan	0.000000	inf	-nan	-nan	-nan	0.000000	-nan	-nan	-nan	-nan	-nan	-nan	1357204794.187457	1.000024	0.000000	0.000000	0.000000	-nan	-nan	-nan	-nan	0.000000	inf	-nan	-nan	-nan	-nan	-nan	-nan	-nan	-nan	-nan	-nan	
