ts_0	elapsed_0	pkg_0	pp0_0	dram_0	freq_ratio_0_0	c0_ratio_0_0	freq_ratio_0_1	c0_ratio_0_1	freq_ratio_0_2	c0_ratio_0_2	freq_ratio_0_3	c0_ratio_0_3	freq_ratio_0_4	c0_ratio_0_4	freq_ratio_0_5	c0_ratio_0_5	freq_ratio_0_6	c0_ratio_0_6	freq_ratio_0_7	c0_ratio_0_7	ts_1	elapsed_1	pkg_1	pp0_1	dram_1	freq_ratio_1_0	c0_ratio_1_0	freq_ratio_1_1	c0_ratio_1_1	freq_ratio_1_2	c0_ratio_1_2	freq_ratio_1_3	c0_ratio_1_3	freq_ratio_1_4	c0_ratio_1_4	freq_ratio_1_5	c0_ratio_1_5	freq_ratio_1_6	c0_ratio_1_6	freq_ratio_1_7	c0_ratio_1_7	
1354690655.807363	1.002060	36.144051	22.870963	4.970078	1.156074	0.380692	1.157955	0.390210	1.154780	0.374468	1.157771	0.387891	1.155121	0.372646	1.157393	0.387310	1.156598	0.378111	1.156121	0.380907	1354690655.807600	1.000484	48.700093	35.181611	7.898490	0.999884	0.985571	0.999977	0.985266	0.999981	0.985147	1.005690	0.000041	1.014045	0.000032	0.629466	0.000050	1.003456	0.000135	0.999852	0.986096	
1354690656.807359	0.999996	36.232950	22.936204	5.160269	0.999306	0.000279	1.000000	1.000000	1.000000	1.000000	1.004543	0.000013	1.002810	0.000055	1.001282	0.000105	1.002755	0.000060	1.002034	0.000047	1354690656.807581	0.999981	49.320856	35.739207	8.090273	1.000000	1.000000	1.000000	1.000000	1.000000	1.000000	0.999800	0.000050	0.999764	0.000044	1.001232	0.000048	0.999797	0.000083	1.000000	1.000000	
1354690657.807358	0.999999	40.508629	27.227977	5.024907	1.000001	0.662984	1.000000	1.000000	1.000000	1.000000	0.996531	0.000188	1.001732	0.000021	1.000043	0.000089	0.998252	0.000013	1.000422	0.000013	1354690657.807544	0.999963	46.123561	32.562513	8.127513	0.999998	0.337218	1.000000	1.000000	1.000000	1.000000	1.000586	0.000021	1.000981	0.000012	1.000957	0.000011	0.999934	0.000111	1.000000	1.000000	
1354690658.807358	1.000000	42.692978	29.433029	4.978226	1.000000	1.000000	1.000000	1.000000	1.000000	1.000000	1.000206	0.000234	1.000069	0.000050	1.000000	0.000127	1.000542	0.000051	0.999911	0.000048	1354690658.807545	1.000001	42.724019	29.188235	8.138664	0.999586	0.000057	1.000000	1.000000	1.000000	1.000000	0.999975	0.000124	0.999674	0.000044	0.999227	0.000043	1.000211	0.000084	1.000000	1.000000	
1354690659.807358	1.000000	42.701263	29.437195	4.953659	1.000000	1.000000	1.000000	1.000000	1.000000	1.000000	1.000148	0.000616	0.998604	0.000022	1.000110	0.000109	0.997929	0.000013	1.000326	0.000013	1354690659.807550	1.000005	42.725662	29.189627	8.132619	0.999916	0.000027	1.000000	1.000000	1.000000	1.000000	0.999855	0.000061	0.998995	0.000012	1.002741	0.000011	0.999791	0.000109	1.000000	1.000000	
1354690660.807358	1.000000	42.730713	29.463394	4.982178	1.000000	1.000000	1.000000	0.999999	1.000000	1.000000	1.000008	0.000232	1.000327	0.000050	0.999138	0.000096	0.999563	0.000055	0.999983	0.000047	1354690660.807544	0.999994	42.730586	29.190619	8.128588	0.999936	0.000054	1.000000	1.000000	1.000000	1.000000	1.000073	0.000048	0.999781	0.000044	0.999133	0.000045	1.000217	0.000084	1.000000	1.000000	
1354690661.807358	1.000000	42.746460	29.466125	5.109619	1.000000	1.000000	1.000000	1.000000	1.000000	1.000000	1.000027	0.000313	0.999470	0.000023	1.000028	0.002184	0.997991	0.000013	1.000777	0.000013	1354690661.807543	0.999999	42.752711	29.187070	8.117012	1.000433	0.000028	1.000000	1.000000	1.000000	1.000000	0.998878	0.000022	1.002180	0.000012	1.000765	0.000011	0.999812	0.000109	1.000000	1.000000	
1354690662.807358	1.000000	42.722107	29.471268	4.908325	1.000000	1.000000	1.000000	1.000000	1.000000	1.000000	0.999917	0.000250	1.000270	0.000049	0.999810	0.000094	1.001593	0.000048	0.999468	0.000053	1354690662.807540	0.999997	42.704509	29.187621	8.121073	0.999929	0.000055	1.000000	1.000000	1.000000	1.000000	1.000150	0.000126	0.999794	0.000045	0.999928	0.000043	1.000231	0.000083	1.000000	1.000000	
1354690663.807358	1.000000	42.795029	29.522949	4.971909	1.000000	1.000000	1.000000	1.000000	1.000000	1.000000	0.999913	0.000369	0.999558	0.000021	1.000042	0.000110	1.000392	0.000013	1.001314	0.000013	1354690663.807539	0.999999	42.695826	29.166700	8.126732	0.999681	0.000028	1.000000	1.000000	1.000000	1.000000	1.000396	0.000020	0.997391	0.000012	0.999930	0.000011	0.999629	0.000113	1.000000	1.000000	
1354690664.807358	1.000000	42.816788	29.541382	4.935394	1.000000	1.000000	1.000000	1.000000	1.000000	1.000000	1.000088	0.000520	0.989398	0.000049	0.999942	0.000121	0.987602	0.000048	0.986748	0.000047	1354690664.807556	1.000017	42.731454	29.203943	8.148300	0.998170	0.000052	1.000000	1.000000	1.000000	1.000000	0.999492	0.000084	1.000641	0.000044	1.000253	0.000046	1.000290	0.000083	1.000000	1.000000	
1354690665.807358	1.000000	42.810837	29.531342	4.966293	1.000000	1.000000	1.000000	1.000000	1.000000	1.000000	0.999984	0.000319	1.013940	0.000037	1.000035	0.000100	1.005281	0.000014	0.999348	0.000014	1354690665.807547	0.999991	42.759299	29.222326	8.135633	1.000081	0.000029	1.000000	1.000000	1.000000	1.000000	1.001175	0.000020	0.999316	0.000012	1.000566	0.000011	0.995320	0.000109	1.000000	1.000000	
1354690666.807358	1.000000	43.005371	29.727951	4.944458	1.000000	1.000000	1.000000	1.000000	1.000000	1.000000	0.999952	0.002665	0.999969	0.002364	0.999960	0.002200	1.000210	0.001968	1.000294	0.002130	1354690666.807549	1.000002	42.763224	29.226247	8.149749	1.001285	0.000069	1.000000	1.000000	1.000000	1.000000	1.000071	0.000076	1.000322	0.000071	0.999345	0.000057	1.000132	0.004044	1.000000	1.000000	
1354690667.807358	1.000000	42.776184	29.498199	4.965683	1.000000	1.000000	1.000000	1.000000	1.000000	1.000000	1.000143	0.000332	1.001285	0.000055	1.000736	0.000094	1.001592	0.000043	0.998699	0.000013	1354690667.807543	0.999994	42.776424	29.245063	8.165271	1.000183	0.000027	1.000000	1.000000	1.000000	1.000000	0.999213	0.000019	0.998505	0.000012	1.003682	0.000011	0.999886	0.000109	1.000000	1.000000	
1354690668.807358	1.000000	42.787750	29.506332	4.975052	1.000000	1.000000	1.000000	1.000000	1.000000	1.000000	0.999938	0.000232	0.999331	0.000065	1.000003	0.000118	0.984395	0.000048	0.997592	0.000048	1354690668.807545	1.000002	42.744807	29.209371	8.136261	0.999940	0.000052	1.000000	1.000000	1.000000	1.000000	1.000440	0.000045	0.999087	0.000043	0.999548	0.000068	1.000204	0.000081	1.000000	1.000000	
1354690669.807358	1.000000	42.804779	29.517868	5.018845	1.000000	1.000000	1.000000	1.000000	1.000000	1.000000	0.999682	0.000568	0.997202	0.000023	0.999726	0.000110	1.002967	0.000230	1.000915	0.000013	1354690669.807546	1.000001	42.805227	29.253405	8.129814	0.999675	0.000027	1.000000	1.000000	1.000000	1.000000	0.999258	0.000063	1.005881	0.000012	0.998930	0.000007	0.999993	0.000114	1.000000	1.000000	
1354690670.807358	1.000000	42.831818	29.551605	4.942810	1.000000	1.000000	1.000000	1.000000	1.000000	1.000000	1.000502	0.000273	1.000037	0.000095	0.994950	0.000128	0.999797	0.000059	0.998325	0.000061	1354690670.807548	1.000002	42.766139	29.236120	8.169647	1.000179	0.000056	1.000000	1.000000	1.000000	1.000000	1.000800	0.000050	0.999526	0.000044	1.000064	0.000265	0.999905	0.000081	1.000000	1.000000	
1354690671.807358	1.000000	42.855667	29.579590	4.930603	1.000000	1.000000	1.000000	1.000000	1.000000	1.000000	1.000075	0.000289	1.001766	0.000016	1.000123	0.005110	1.007626	0.000008	1.003271	0.000013	1354690671.807547	0.999999	42.745234	29.232297	8.143562	1.000000	0.000028	1.000000	1.000000	1.000000	1.000000	0.999571	0.000021	0.995441	0.000011	0.998675	0.000012	0.999871	0.000117	1.000000	1.000000	
1354690672.807358	1.000000	42.776398	29.511322	4.929565	1.000000	1.000000	1.000000	1.000000	1.000000	1.000000	1.000005	0.000231	1.001202	0.000056	1.000437	0.000094	1.000081	0.000057	1.003331	0.000046	1354690672.807538	0.999991	42.781073	29.248510	8.164564	0.999926	0.000052	1.000000	1.000000	1.000000	1.000000	1.000042	0.000045	1.000533	0.000044	0.999878	0.000044	1.000127	0.000082	1.000000	1.000000	
1354690673.807358	1.000000	42.824814	29.538818	5.007690	1.000000	1.000000	1.000000	1.000000	1.000000	1.000000	0.999802	0.000298	0.999931	0.000022	0.999626	0.000109	0.998033	0.000013	1.000332	0.000013	1354690673.807544	1.000006	42.801701	29.244943	8.122312	0.999434	0.000027	1.000000	1.000000	1.000000	1.000000	0.999946	0.000021	1.002873	0.000012	1.001037	0.000012	0.999743	0.000110	1.000000	1.000000	
1354690674.807358	1.000000	42.806870	29.527893	4.917694	1.000000	1.000000	1.000000	1.000000	1.000000	1.000000	1.000120	0.000543	0.999362	0.000048	0.999434	0.000120	1.000560	0.000053	1.000392	0.000050	1354690674.807544	1.000000	42.820816	29.289047	8.141815	0.999993	0.000056	1.000000	1.000000	1.000000	1.000000	1.000218	0.000087	0.999803	0.000045	1.000315	0.000044	1.000116	0.000083	1.000000	1.000000	
1354690675.807358	1.000000	42.818604	29.531921	5.070587	1.000000	1.000000	1.000000	1.000000	1.000000	1.000000	0.999950	0.000277	1.002093	0.000022	1.001271	0.000086	1.001466	0.000013	0.997711	0.000013	1354690675.807541	0.999997	42.825465	29.268722	8.109629	1.000419	0.000028	1.000000	1.000000	1.000000	1.000000	0.998627	0.000022	1.000852	0.000012	1.001798	0.000012	0.999823	0.000113	1.000000	1.000000	
1354690676.807358	1.000000	42.834503	29.554489	4.952560	1.000000	1.000000	1.000000	1.000000	1.000000	1.000000	0.999797	0.000232	0.989174	0.000050	0.999689	0.000098	0.988691	0.000048	0.986386	0.000046	1354690676.807543	1.000002	42.809809	29.268636	8.149490	0.998160	0.000052	1.000000	1.000000	1.000000	1.000000	1.000229	0.000045	0.999782	0.000044	0.998898	0.000044	0.999819	0.000081	1.000000	1.000000	
1354690677.807358	1.000000	42.824265	29.543091	4.940094	1.000000	1.000000	1.000000	1.000000	1.000000	1.000000	1.000049	0.000304	1.014307	0.000038	1.000150	0.000100	0.994123	0.000014	0.999275	0.000014	1354690677.807547	1.000004	42.799875	29.253391	8.137754	1.000096	0.000028	1.000000	1.000000	1.000000	1.000000	0.999438	0.000021	1.000293	0.000012	1.003308	0.000011	1.000212	0.000109	1.000000	1.000000	
1354690678.807358	1.000000	42.841309	29.560974	4.983368	1.000000	1.000000	1.000000	1.000000	1.000000	1.000000	0.999755	0.000235	0.999249	0.000047	0.999384	0.000118	1.008896	0.000070	1.009304	0.000069	1354690678.807541	0.999994	42.818081	29.274558	8.141147	1.001225	0.000071	1.000000	1.000000	1.000000	1.000000	1.000290	0.000064	0.999709	0.000066	0.999516	0.000057	1.000028	0.000097	1.000000	1.000000	
1354690679.807358	1.000000	42.858093	29.573273	5.000275	1.000000	1.000000	1.000000	1.000000	1.000000	1.000000	1.000140	0.000588	1.000962	0.000022	1.000149	0.000111	0.997405	0.000013	0.996038	0.000013	1354690679.807537	0.999996	42.833075	29.280407	8.142413	1.000337	0.000027	1.000000	1.000000	1.000000	1.000000	0.999812	0.000059	0.998923	0.000012	0.998834	0.000011	1.000225	0.000113	1.000000	1.000000	
1354690680.807358	1.000000	42.822693	29.537506	5.018692	1.000000	1.000000	1.000000	1.000000	1.000000	1.000000	0.999838	0.000252	0.999622	0.000048	1.000480	0.000095	1.000187	0.000047	0.987273	0.000047	1354690680.807544	1.000007	42.766733	29.226452	8.124883	0.999829	0.000052	1.000000	1.000000	1.000000	1.000000	0.999246	0.000046	0.999921	0.000044	1.000221	0.000045	0.999450	0.000082	1.000000	1.000000	
1354690681.807364	1.000006	715763010.072864	715758627.571046	715790091.121348	0.999945	1.000577	0.999940	1.000571	1.279169	0.782177	0.999943	1.000570	0.999946	1.000587	0.999946	1.000568	0.999945	1.000582	0.999945	1.000577	1354690681.807470	0.999926	715869708.519785	715879124.469958	715871686.800399	0.999945	1.000581	0.999942	1.000578	3.896072	0.256806	0.999944	1.000572	0.999946	1.000585	0.999946	1.000571	0.999945	1.000581	0.999944	1.000576	
1354690682.807358	0.999994	0.000000	0.000000	0.000000	-nan	-nan	-nan	-nan	0.000000	inf	-nan	-nan	-nan	0.000000	0.000000	inf	-nan	-nan	-nan	-nan	1354690682.807443	0.999973	0.000000	0.000000	0.000000	-nan	-nan	-nan	-nan	0.000000	inf	-nan	-nan	-nan	-nan	-nan	-nan	-nan	-nan	-nan	-nan	
1354690683.807357	0.999999	0.000000	0.000000	0.000000	-nan	-nan	-nan	-nan	0.000000	inf	-nan	-nan	-nan	0.000000	-nan	-nan	-nan	-nan	-nan	-nan	1354690683.807443	1.000000	0.000000	0.000000	0.000000	-nan	-nan	-nan	-nan	-nan	-nan	-nan	-nan	-nan	-nan	-nan	-nan	-nan	-nan	-nan	-nan	
1354690684.807358	1.000001	0.000000	0.000000	0.000000	-nan	-nan	-nan	-nan	0.000000	inf	-nan	-nan	-nan	0.000000	0.000000	inf	-nan	-nan	-nan	-nan	1354690684.807444	1.000001	0.000000	0.000000	0.000000	-nan	-nan	-nan	-nan	inf	-nan	-nan	-nan	-nan	-nan	-nan	-nan	-nan	-nan	-nan	-nan	
1354690685.807459	1.000101	0.000000	0.000000	0.000000	-nan	-nan	-nan	-nan	2.047284	inf	-nan	-nan	-nan	0.000000	0.000000	inf	-nan	-nan	-nan	-nan	1354690685.807543	1.000099	0.000000	0.000000	0.000000	-nan	-nan	-nan	-nan	inf	-nan	-nan	-nan	-nan	-nan	-nan	-nan	-nan	-nan	-nan	-nan	
