ts_0	elapsed_0	pkg_0	pp0_0	dram_0	freq_ratio_0_0	c0_ratio_0_0	freq_ratio_0_1	c0_ratio_0_1	freq_ratio_0_2	c0_ratio_0_2	freq_ratio_0_3	c0_ratio_0_3	freq_ratio_0_4	c0_ratio_0_4	freq_ratio_0_5	c0_ratio_0_5	freq_ratio_0_6	c0_ratio_0_6	freq_ratio_0_7	c0_ratio_0_7	ts_1	elapsed_1	pkg_1	pp0_1	dram_1	freq_ratio_1_0	c0_ratio_1_0	freq_ratio_1_1	c0_ratio_1_1	freq_ratio_1_2	c0_ratio_1_2	freq_ratio_1_3	c0_ratio_1_3	freq_ratio_1_4	c0_ratio_1_4	freq_ratio_1_5	c0_ratio_1_5	freq_ratio_1_6	c0_ratio_1_6	freq_ratio_1_7	c0_ratio_1_7	
1356625099.942671	0.025586	35.678144	22.673587	1.500480	1.157598	0.406450	1.155407	0.396287	1.155647	0.398616	1.157407	0.406903	1.155773	0.397570	1.157538	0.406484	1.155752	0.396197	1.157821	0.407560	1356625099.943034	0.024096	30.289593	17.109137	1.590090	0.928748	0.004607	0.753239	0.001689	0.639893	0.004281	0.860351	0.003471	0.711047	0.001878	0.717699	0.001797	1.069002	0.005447	0.777074	0.002575	
1356625099.944618	0.001947	35.213324	21.490081	1.630174	1.266992	0.012000	1.194876	0.482617	1.269092	0.011703	1.269057	0.002818	1.266263	0.002831	1.269557	0.002836	1.274229	0.002457	0.600462	0.018600	1356625099.945036	0.002002	24.252471	10.967727	1.585328	0.488236	0.025193	0.622391	0.022622	0.460797	0.006750	0.985794	0.010103	0.680944	0.024520	0.984643	0.009897	0.774451	0.005718	0.667483	0.020898	
1356625099.953612	0.008994	37.756335	24.319796	1.416605	0.796437	0.005620	1.264488	0.894897	1.255204	0.003456	1.258741	0.002302	1.260852	0.002432	1.246009	0.001656	1.044194	0.002563	1.268005	0.000633	1356625099.953960	0.008924	19.188031	5.784451	1.605557	0.523192	0.002975	0.830747	0.003378	0.559604	0.013277	0.681834	0.001122	0.767554	0.001320	0.462010	0.001614	0.461756	0.001648	1.268430	0.000815	
1356625101.567334	1.613722	54.770474	41.493277	2.531665	1.230667	0.867290	1.230696	0.852089	1.230684	0.743079	1.230691	0.819270	1.154674	0.000453	1.146958	0.000144	1.160696	0.000063	1.179138	0.000114	1356625101.567775	1.613815	69.697532	56.490690	1.585706	1.192258	0.867420	1.192265	0.867224	1.192239	0.867228	1.192259	0.867066	1.192244	0.852465	1.161695	0.000450	1.121974	0.000284	1.202341	0.998090	
1356625102.811976	1.244642	62.331324	49.056479	2.673312	1.230716	0.998757	1.230716	0.998780	1.230716	0.998787	1.230717	0.954288	1.195093	0.000326	1.195607	0.000088	1.221014	0.000058	1.194576	0.000119	1356625102.812310	1.244535	75.497975	62.297427	1.581230	1.192274	0.999304	1.192274	0.999375	1.192274	0.999401	1.192274	0.999475	1.192274	0.999496	1.154842	0.000224	1.155265	0.000182	1.192279	0.998674	
1356625104.055384	1.243408	62.909827	49.652609	2.712977	1.230700	0.999336	1.230700	0.999336	1.230700	0.999335	1.230704	0.999072	1.192372	0.000371	1.198495	0.000083	1.210708	0.000027	1.193507	0.000132	1356625104.055530	1.243220	75.658621	62.444370	1.587136	1.192258	0.999567	1.192258	0.999566	1.192258	0.999567	1.192258	0.999566	1.192258	0.999566	1.155732	0.000404	1.154500	0.000175	1.192260	0.998540	
1356625105.299419	1.244035	63.026041	49.759976	2.699417	1.230685	0.999214	1.230685	0.999212	1.230685	0.999212	1.230685	0.999211	1.192365	0.000408	1.192356	0.000081	1.192389	0.000049	1.192420	0.000140	1356625105.299563	1.244033	75.715593	62.493566	1.591484	1.192263	0.999620	1.192263	0.999619	1.192263	0.999619	1.192263	0.999618	1.192263	0.999618	1.156088	0.000342	1.157845	0.000231	1.192265	0.998286	
1356625106.543939	1.244520	63.044836	49.777099	2.704925	1.230704	0.999390	1.230704	0.999390	1.230704	0.999389	1.230705	0.999389	1.192152	0.000380	1.192092	0.000079	1.192636	0.000023	1.192393	0.000060	1356625106.544083	1.244520	75.682393	62.462657	1.584351	1.192265	0.999583	1.192265	0.999582	1.192265	0.999582	1.192265	0.999582	1.192265	0.999582	1.153856	0.000238	1.153822	0.000189	1.192269	0.998224	
1356625107.792804	1.248865	62.654784	49.383040	2.708429	1.231309	0.987322	1.231532	0.993323	1.230715	0.971685	1.230715	0.971668	1.200363	0.000379	1.242049	0.000131	1.193313	0.000047	1.198655	0.000134	1356625107.793025	1.248942	75.696180	62.468601	1.592718	1.192276	0.999729	1.192276	0.999729	1.192276	0.999729	1.192276	0.999729	1.192276	0.999729	1.153910	0.000246	1.153814	0.000152	1.192281	0.994219	
1356625109.037106	1.244302	63.102770	49.833250	2.702492	1.230710	0.999409	1.230710	0.999409	1.230708	0.999206	1.230708	0.999226	1.192803	0.000329	1.195034	0.000057	1.195268	0.000056	1.193706	0.000101	1356625109.037254	1.244229	75.714054	62.484385	1.582109	1.192172	0.999530	1.192172	0.999530	1.192172	0.999530	1.192172	0.999529	1.192172	0.999529	1.154129	0.001827	1.153876	0.000115	1.192173	0.998318	
1356625110.281404	1.244298	63.124681	49.851046	2.703911	1.230710	0.999442	1.230709	0.999441	1.230710	0.999440	1.230710	0.999440	1.192388	0.000359	1.192380	0.000063	1.191187	0.000011	1.192556	0.000089	1356625110.281546	1.244292	75.709267	62.476797	1.588406	1.192260	0.999562	1.192260	0.999562	1.192260	0.999561	1.192260	0.999561	1.192260	0.999561	1.156656	0.000258	1.156273	0.000284	1.192263	0.998361	
1356625111.524794	1.243390	63.124325	49.854828	2.702413	1.230706	0.999423	1.230706	0.999422	1.230705	0.999422	1.230706	0.999421	1.192328	0.000373	1.192275	0.000052	1.192627	0.000052	1.192505	0.000065	1356625111.525010	1.243464	75.732784	62.496263	1.586641	1.192283	0.999783	1.192283	0.999783	1.192283	0.999782	1.192283	0.999782	1.192276	0.999782	1.155998	0.000239	1.154158	0.000080	1.192284	0.998790	
1356625112.771314	1.246520	62.800677	49.528535	2.704098	1.230516	0.990495	1.230711	0.990194	1.230711	0.990103	1.230690	0.990103	1.192648	0.000343	1.208618	0.000065	1.195285	0.000038	1.196948	0.000128	1356625112.771584	1.246574	75.549918	62.319723	1.589133	1.192282	0.990297	1.192281	0.990219	1.192282	0.990195	1.192282	0.990121	1.192288	0.990098	1.168248	0.000250	1.033805	0.000158	1.192944	0.998716	
1356625114.080995	1.309681	62.127990	48.851671	2.695510	1.230716	0.998949	1.230716	0.998951	1.230716	0.999003	1.230715	0.906807	1.194520	0.000345	1.193799	0.000083	1.210395	0.000025	1.194224	0.000084	1356625114.081325	1.309741	75.527708	62.290142	1.593263	1.192264	0.999256	1.192265	0.999325	1.192264	0.999348	1.192264	0.999418	1.192264	0.999437	1.155671	0.000367	1.155509	0.000159	1.192267	0.998507	
1356625115.325411	1.244416	63.169054	49.890988	2.691577	1.230711	0.999423	1.230711	0.999422	1.230711	0.999422	1.230715	0.999161	1.192947	0.000369	1.196188	0.000034	1.185633	0.000039	1.188660	0.000086	1356625115.325560	1.244235	75.883002	62.637908	1.585547	1.192271	0.999671	1.192271	0.999671	1.192271	0.999671	1.192271	0.999670	1.192271	0.999670	1.156125	0.000293	1.157877	0.000171	1.192273	0.998387	
1356625116.572644	1.247233	62.919300	49.638117	2.710186	1.230411	0.990381	1.230624	0.990001	1.230622	0.989919	1.230622	0.989846	1.193470	0.000582	1.211528	0.000119	1.232313	0.000030	1.196158	0.000166	1356625116.573101	1.247541	75.528600	62.285629	1.589638	1.192259	0.989889	1.192258	0.989812	1.192258	0.989787	1.192259	0.989712	1.192258	0.989690	1.100475	0.000375	1.154892	0.000282	1.192906	0.998405	
1356625117.817421	1.244777	62.796387	49.509362	2.719542	1.230714	0.998731	1.230714	0.998748	1.230714	0.998772	1.230718	0.953935	1.196535	0.000319	1.198289	0.000074	1.198998	0.000043	1.194477	0.000138	1356625117.817749	1.244648	75.976192	62.724605	1.586554	1.192279	0.999365	1.192279	0.999437	1.192279	0.999460	1.192279	0.999536	1.192279	0.999555	1.152421	0.000223	1.155633	0.000145	1.192285	0.998784	
1356625119.061116	1.243695	63.204263	49.931014	2.702916	1.230702	0.999388	1.230702	0.999388	1.230702	0.999387	1.230706	0.999124	1.192730	0.000352	1.194908	0.000056	1.194959	0.000057	1.193947	0.000093	1356625119.061328	1.243579	75.967138	62.722306	1.587930	1.192169	0.999492	1.192169	0.999491	1.192169	0.999491	1.192169	0.999490	1.192169	0.999490	1.154421	0.001858	1.154109	0.000093	1.192171	0.998340	
1356625120.304405	1.243289	63.264042	49.982212	2.705529	1.230709	0.999420	1.230709	0.999420	1.230709	0.999419	1.230709	0.999426	1.192350	0.000359	1.191932	0.000068	1.192327	0.000011	1.192382	0.000079	1356625120.304549	1.243221	75.994246	62.744510	1.586337	1.192270	0.999674	1.192270	0.999673	1.192270	0.999673	1.192270	0.999673	1.192270	0.999673	1.156605	0.000275	1.156649	0.000205	1.192272	0.998621	
1356625121.565612	1.261207	63.140482	49.856191	2.709896	1.230721	0.997247	1.230722	0.997256	1.230720	0.997125	1.230720	0.997099	1.195863	0.000306	1.243498	0.000049	1.208034	0.000047	1.194494	0.000064	1356625121.566059	1.261510	75.842820	62.595573	1.587144	1.192286	0.997135	1.192286	0.997058	1.192286	0.997033	1.192286	0.996958	1.192286	0.996935	1.168578	0.000214	1.157490	0.000073	1.192376	0.998420	
1356625122.813516	1.247904	64.590321	51.315193	2.708607	1.198776	0.998830	1.198775	0.998830	1.198775	0.998909	1.198775	0.998933	1.159746	0.002409	1.156324	0.002000	1.155159	0.001864	1.156499	0.001968	1356625122.813669	1.247610	75.987079	62.730825	1.585172	1.187135	0.999416	1.187135	0.999488	1.187135	0.999513	1.187135	0.999587	1.187135	0.999610	1.154030	0.002126	1.153908	0.002837	1.187133	0.998606	
1356625124.057533	1.244017	63.243228	49.958572	2.715353	1.230699	0.999409	1.230699	0.999408	1.230698	0.999398	1.230699	0.999398	1.192345	0.000386	1.192542	0.000068	1.192324	0.000032	1.192368	0.000126	1356625124.057732	1.244063	76.039324	62.796248	1.582308	1.192262	0.999657	1.192262	0.999657	1.192262	0.999657	1.192262	0.999657	1.192262	0.999656	1.156228	0.000346	1.154989	0.000095	1.192263	0.998480	
1356625125.302747	1.245214	63.260303	49.973076	2.706579	1.230711	0.999475	1.230711	0.999475	1.230712	0.999483	1.230710	0.999473	1.192250	0.000338	1.191822	0.000025	1.192228	0.000061	1.192250	0.000103	1356625125.302961	1.245229	76.145466	62.883961	1.586108	1.192271	0.999692	1.192271	0.999693	1.192271	0.999692	1.192271	0.999691	1.192271	0.999691	1.154896	0.000271	1.153822	0.000154	1.192273	0.998405	
1356625125.304678	0.001931	60.206939	46.385974	3.943203	1.219726	0.927206	1.219901	0.927132	1.220018	0.927052	1.221148	0.932276	1.192393	0.031116	1.186905	0.019866	1.190825	0.009601	1.192495	0.028028	1356625125.304866	0.001905	33.994493	26.993742	1.666083	1.189675	0.976207	1.189651	0.976133	1.189596	0.976079	1.189668	0.976075	1.189600	0.976023	1.154661	0.021002	1.151854	0.002792	1.183476	0.235583	
