ts_0	elapsed_0	pkg_0	pp0_0	dram_0	freq_ratio_0_0	c0_ratio_0_0	freq_ratio_0_1	c0_ratio_0_1	freq_ratio_0_2	c0_ratio_0_2	freq_ratio_0_3	c0_ratio_0_3	freq_ratio_0_4	c0_ratio_0_4	freq_ratio_0_5	c0_ratio_0_5	freq_ratio_0_6	c0_ratio_0_6	freq_ratio_0_7	c0_ratio_0_7	ts_1	elapsed_1	pkg_1	pp0_1	dram_1	freq_ratio_1_0	c0_ratio_1_0	freq_ratio_1_1	c0_ratio_1_1	freq_ratio_1_2	c0_ratio_1_2	freq_ratio_1_3	c0_ratio_1_3	freq_ratio_1_4	c0_ratio_1_4	freq_ratio_1_5	c0_ratio_1_5	freq_ratio_1_6	c0_ratio_1_6	freq_ratio_1_7	c0_ratio_1_7	
1352527064.389311	1.001461	58.915860	45.300346	5.631207	0.999815	0.796601	0.998872	0.306918	0.999980	0.792366	0.999990	0.791101	0.999906	0.791445	0.999950	0.791438	0.999974	0.768188	0.999988	0.760975	1352527064.389381	1.000283	44.092273	30.767065	5.024533	0.999937	0.787972	0.999927	0.658867	0.999899	0.739328	0.999899	0.594076	0.999910	0.195322	0.999476	0.303246	1.000022	0.009327	0.999999	0.211552	
1352527065.389312	1.000001	62.225374	48.523941	6.020075	1.000000	0.536828	1.000005	0.297303	1.000000	0.663354	1.000001	0.900691	1.000001	0.900677	1.000001	0.900691	1.000001	0.900657	1.000001	0.900673	1352527065.389356	0.999975	52.261242	38.889142	5.740271	0.999999	0.901417	1.000000	0.700606	0.999999	0.900801	0.999999	0.900742	0.999999	0.901160	0.999991	0.194833	0.999960	0.026023	0.999997	0.102023	
1352527066.389301	0.999989	62.690965	48.960483	6.021444	1.000000	0.900749	0.999999	0.630138	0.999978	0.019986	1.000000	0.898781	1.000000	0.898779	1.000000	0.898790	1.000000	0.898769	1.000000	0.898776	1352527066.389346	0.999990	51.754226	38.384555	5.961867	1.000000	0.899689	1.000000	0.898841	1.000000	0.898862	1.000000	0.898834	1.000000	0.898868	1.000010	0.014385	0.999976	0.012428	0.999951	0.006382	
1352527067.389304	1.000003	62.657322	48.914506	5.975934	1.000000	0.887384	0.999999	0.655272	0.999933	0.017250	1.000000	0.885497	1.000000	0.885502	1.000000	0.885518	1.000000	0.885487	1.000000	0.885497	1352527067.389357	1.000011	52.015879	38.629719	5.879315	1.000000	0.886170	1.000000	0.885594	1.000000	0.885594	0.999999	0.885588	1.000000	0.885613	0.999980	0.014644	0.999910	0.012876	0.999909	0.005588	
1352527068.389301	0.999997	63.588378	49.860262	5.934940	1.000000	0.943810	1.000000	0.659884	0.999958	0.015824	1.000000	0.942778	1.000000	0.942783	1.000000	0.942794	1.000000	0.942772	1.000000	0.942778	1352527068.389343	0.999986	52.647484	39.273334	5.773503	1.000000	0.943139	1.000000	0.942858	1.000000	0.942838	1.000001	0.942823	1.000000	0.942837	1.000024	0.013778	1.000013	0.012481	1.000016	0.008690	
1352527069.389303	1.000002	63.389421	49.634473	5.994556	1.000000	0.912388	0.999999	0.655141	0.999959	0.015768	1.000000	0.910667	1.000000	0.910677	1.000000	0.910696	1.000000	0.910923	1.000000	0.910928	1352527069.389355	1.000012	52.459992	39.086418	5.858741	1.000000	0.911241	1.000000	0.911002	1.000000	0.911009	1.000000	0.910989	1.000000	0.911022	0.999982	0.011847	0.999952	0.013793	0.999965	0.010411	
1352527070.389302	0.999999	64.175446	50.414339	6.011892	1.000000	0.959619	1.000000	0.642481	0.999962	0.017758	1.000000	0.959076	1.000000	0.959085	1.000000	0.959096	1.000000	0.959070	1.000000	0.959079	1352527070.389342	0.999987	53.070810	39.696596	5.926179	1.000000	0.959361	1.000000	0.959129	1.000000	0.959135	1.000000	0.959120	1.000000	0.959146	1.000051	0.014570	1.000037	0.014178	1.000084	0.011275	
1352527071.389307	1.000005	60.442568	46.698222	6.018341	0.999999	0.911982	0.999981	0.116920	0.999925	0.011141	0.999999	0.910469	0.999999	0.910480	0.999999	0.910500	0.999999	0.910470	0.999999	0.910481	1352527071.389393	1.000051	54.376498	41.017469	5.991424	1.000001	0.918845	1.000000	0.907540	1.000000	0.910495	1.000001	0.910466	1.000001	0.910483	0.999996	0.052601	0.999992	0.073310	1.000003	0.321422	
1352527072.389309	1.000002	60.714499	46.955523	6.020802	1.000001	0.939209	1.000062	0.024319	0.999990	0.010208	1.000001	0.937962	1.000001	0.937977	1.000001	0.937983	1.000001	0.934609	1.000001	0.934608	1352527072.389379	0.999986	55.526233	42.167982	5.994790	0.999999	0.939305	0.999998	0.730502	0.999999	0.937945	0.999999	0.934552	0.999999	0.937920	0.999996	0.121493	0.999957	0.022155	0.999998	0.696364	
1352527073.389311	1.000002	60.518348	46.769274	6.004887	0.999999	0.920626	0.999921	0.024069	0.999942	0.011960	0.999997	0.918859	0.999994	0.918883	0.999999	0.918892	0.999999	0.918858	0.999999	0.918856	1352527073.389399	1.000020	54.971525	41.605627	5.925098	0.999998	0.477132	1.000001	0.631762	1.000001	0.918838	1.000001	0.918790	1.000001	0.919044	1.000001	0.095867	1.000004	0.362879	1.000001	0.918840	
1352527074.389306	0.999995	60.525678	46.779211	6.011932	1.000000	0.909950	1.000001	0.025268	0.999894	0.011103	1.000002	0.907992	1.000005	0.908003	1.000000	0.908028	1.000000	0.908012	1.000000	0.908007	1352527074.389402	1.000003	54.926969	41.561089	5.958172	0.999999	0.339522	0.999999	0.799094	1.000000	0.907938	1.000000	0.907921	1.000000	0.907925	1.000021	0.048986	0.999996	0.388669	1.000000	0.907967	
1352527075.389307	1.000001	60.418094	46.681733	5.995798	1.000000	0.952234	0.999973	0.023058	1.000017	0.011663	1.000000	0.951216	1.000000	0.951227	1.000000	0.951244	1.000000	0.951220	1.000000	0.951229	1352527075.389376	0.999974	55.091794	41.741594	5.634119	1.000000	0.957559	1.000000	0.788536	0.999999	0.502890	1.000000	0.951197	1.000000	0.951212	0.999999	0.314349	0.999998	0.067557	1.000000	0.951213	
1352527076.389312	1.000005	59.481270	45.734756	6.024903	1.000000	0.880898	0.999983	0.024918	0.999948	0.011537	1.000000	0.878132	1.000000	0.878183	0.999999	0.878171	1.000000	0.878225	1.000000	0.878219	1352527076.389385	1.000009	54.035521	40.667860	5.927406	0.999999	0.596259	1.000000	0.878235	1.000000	0.630843	1.000000	0.878092	1.000000	0.878111	0.999999	0.240867	0.999993	0.069240	1.000000	0.878197	
1352527077.389311	0.999999	58.298380	44.550686	5.945257	1.000000	0.835944	0.999979	0.024065	0.999963	0.013277	1.000000	0.832858	1.000000	0.832881	1.000000	0.832913	1.000000	0.832879	1.000001	0.832887	1352527077.389384	0.999999	53.524526	40.152748	5.850790	0.999999	0.538636	0.999999	0.672734	1.000000	0.780204	1.000000	0.832746	1.000000	0.832752	0.999999	0.319138	1.000005	0.038268	1.000000	0.832772	
1352527078.389322	1.000011	61.057909	47.291702	5.993526	1.000000	0.942007	1.000007	0.024601	0.999974	0.010878	1.000000	0.940713	1.000000	0.940728	1.000000	0.940745	1.000001	0.940733	1.000000	0.940731	1352527078.389394	1.000010	55.067777	41.693079	5.984590	0.999999	0.611682	1.000001	0.641597	1.000000	0.889575	1.000000	0.940727	1.000000	0.940711	0.999996	0.323371	0.999985	0.067655	1.000000	0.940712	
1352527079.389681	1.000359	57.940103	44.198791	5.900790	1.000000	0.832178	0.999998	0.023938	0.999969	0.006986	1.000000	0.829716	1.000000	0.829730	1.000000	0.829754	0.999999	0.829723	1.000000	0.829743	1352527079.389763	1.000369	53.323078	39.968083	5.750594	0.999974	0.589405	0.999989	0.830665	0.999999	0.613378	1.000000	0.829615	1.000000	0.829999	0.999733	0.211000	0.999798	0.091575	1.000000	0.829643	
1352527080.389311	0.999630	59.875870	46.107179	6.015608	1.000000	0.902719	0.999984	0.024457	0.999894	0.011339	1.000000	0.900724	1.000001	0.900747	1.000000	0.900751	1.000001	0.900726	1.000000	0.900728	1352527080.389408	0.999645	54.890901	41.532567	5.966718	0.999998	0.589693	1.000000	0.662365	1.000000	0.900695	1.000000	0.900642	1.000000	0.900649	0.999998	0.267055	0.999994	0.069683	1.000000	0.900729	
1352527081.389310	0.999999	58.897105	45.155988	6.009542	1.000000	0.873870	0.999997	0.023915	1.000031	0.011275	0.999999	0.871152	1.000000	0.871197	1.000000	0.871184	1.000000	0.871163	1.000000	0.871171	1352527081.389397	0.999989	53.813411	40.465272	5.961003	0.999999	0.463273	1.000000	0.874918	1.000000	0.760212	1.000000	0.871070	1.000000	0.871067	0.999998	0.245630	0.999966	0.034479	1.000000	0.871074	
1352527082.389313	1.000003	60.190838	46.430322	6.011609	1.000000	0.901145	0.999964	0.022578	0.999895	0.013560	1.000000	0.899219	0.999999	0.899047	1.000000	0.899055	1.000000	0.899236	1.000000	0.899242	1352527082.389427	1.000030	54.342789	40.990636	5.919179	1.000001	0.769450	0.999999	0.479842	1.000000	0.884657	1.000000	0.899146	1.000000	0.899139	0.999991	0.189934	0.999994	0.117965	1.000000	0.899163	
1352527083.389309	0.999996	59.284801	45.543657	6.016534	1.000000	0.891164	0.999989	0.024162	1.000013	0.010214	1.000000	0.889269	1.000001	0.889269	1.000001	0.889290	1.000000	0.889264	1.000000	0.889274	1352527083.389415	0.999988	54.804837	41.467978	5.732887	0.999999	0.854831	0.999987	0.109098	1.000000	0.889197	1.000000	0.889171	1.000000	0.889185	0.999977	0.022597	1.000002	0.585792	1.000000	0.889187	
1352527084.389313	1.000004	58.213280	44.479526	5.659981	1.000000	0.849972	1.000014	0.022868	0.999972	0.012899	1.000000	0.847862	1.000000	0.847872	1.000000	0.847891	1.000000	0.847838	1.000000	0.847855	1352527084.389388	0.999973	52.727357	39.381051	5.387352	1.000000	0.856694	0.999610	0.118462	1.000000	0.847804	1.000000	0.847782	1.000000	0.847775	0.999591	0.218592	0.999906	0.361349	1.000000	0.847829	
1352527085.389312	0.999999	60.792462	47.035384	6.026449	1.000000	0.921870	0.999987	0.027344	0.999968	0.020724	1.000000	0.919873	1.000000	0.919877	1.000000	0.919918	1.000000	0.919848	1.000000	0.919843	1352527085.389384	0.999996	55.094156	41.748689	5.976343	1.000000	0.920189	0.999991	0.070727	1.000000	0.919823	1.000000	0.919782	1.000000	0.919849	0.999998	0.128801	1.000000	0.435993	1.000000	0.919822	
1352527086.389306	0.999994	61.528641	47.755015	5.976873	1.000000	0.932622	1.000004	0.024544	0.999955	0.017694	1.000000	0.930637	1.000000	0.930650	1.000000	0.930687	1.000000	0.930683	1.000000	0.930691	1352527086.389375	0.999991	54.820901	41.482187	5.996713	0.999999	0.584917	1.000000	0.577666	1.000000	0.930979	1.000000	0.930635	1.000000	0.930961	1.000002	0.389789	0.999942	0.027372	1.000000	0.930985	
1352527087.389315	1.000009	61.285959	47.518597	6.008185	1.000000	0.930423	0.999972	0.025853	0.999892	0.016964	1.000000	0.928101	1.000000	0.928110	0.999999	0.928132	1.000000	0.928142	0.999999	0.928141	1352527087.389408	1.000033	55.473471	42.120227	5.982103	0.999999	0.530822	0.999999	0.509638	1.000000	0.928480	1.000000	0.928090	1.000000	0.928464	0.999991	0.158379	1.000003	0.402830	1.000000	0.928481	
1352527088.389312	0.999997	61.760110	47.995281	6.012760	0.999999	0.951979	1.000003	0.025745	0.999977	0.017973	1.000000	0.950598	1.000000	0.950631	1.000001	0.950649	1.000000	0.950620	1.000000	0.950627	1352527088.389385	0.999977	55.793422	42.443354	5.987671	1.000000	0.950872	0.999938	0.013855	1.000000	0.950609	1.000000	0.950596	1.000000	0.950646	0.999993	0.013602	1.000000	0.599500	1.000000	0.950618	
1352527089.389325	1.000013	60.577651	46.806683	6.025357	1.000000	0.893002	0.999977	0.024134	0.999990	0.016541	1.000000	0.890190	1.000001	0.890223	1.000000	0.890234	1.000000	0.890206	1.000000	0.890205	1352527089.389418	1.000033	55.070545	41.717835	5.985368	1.000000	0.890765	0.999961	0.012642	1.000000	0.890125	1.000000	0.890112	1.000000	0.890113	0.999997	0.012849	1.000000	0.612584	1.000000	0.890145	
1352527090.389304	0.999979	60.184719	46.426832	6.006168	0.999999	0.883508	1.000004	0.024583	0.999965	0.016955	1.000000	0.879988	1.000000	0.879992	1.000000	0.880019	1.000001	0.879992	1.000000	0.879992	1352527090.389373	0.999955	54.585803	41.239361	5.973597	1.000000	0.880599	0.999945	0.012519	1.000000	0.879895	1.000000	0.879884	1.000000	0.879878	0.999966	0.014380	1.000000	0.594229	1.000000	0.879899	
1352527091.389309	1.000005	715798566.468542	715782367.246105	715776205.341227	0.999983	1.000517	0.999981	1.000521	0.999983	1.000525	0.999983	1.000517	0.999983	1.000521	0.999986	1.000515	0.999983	1.000521	0.999983	1.000518	1352527091.389409	1.000036	715753211.689669	715796890.371655	715748222.419353	0.999983	1.000518	0.999981	1.000520	3.893494	0.256969	0.999983	1.000517	0.999983	1.000521	0.999986	1.000515	0.999983	1.000521	0.999983	1.000518	
1352527092.389303	0.999994	0.000000	0.000000	0.000000	-nan	-nan	-nan	-nan	1.000008	inf	-nan	-nan	-nan	0.000000	-nan	-nan	-nan	-nan	-nan	-nan	1352527092.389377	0.999968	0.000000	0.000000	0.000000	-nan	-nan	-nan	-nan	1.345745	inf	-nan	-nan	-nan	-nan	-nan	-nan	-nan	-nan	-nan	-nan	
