ts_0	elapsed_0	pkg_0	pp0_0	dram_0	freq_ratio_0_0	c0_ratio_0_0	freq_ratio_0_1	c0_ratio_0_1	freq_ratio_0_2	c0_ratio_0_2	freq_ratio_0_3	c0_ratio_0_3	freq_ratio_0_4	c0_ratio_0_4	freq_ratio_0_5	c0_ratio_0_5	freq_ratio_0_6	c0_ratio_0_6	freq_ratio_0_7	c0_ratio_0_7	ts_1	elapsed_1	pkg_1	pp0_1	dram_1	freq_ratio_1_0	c0_ratio_1_0	freq_ratio_1_1	c0_ratio_1_1	freq_ratio_1_2	c0_ratio_1_2	freq_ratio_1_3	c0_ratio_1_3	freq_ratio_1_4	c0_ratio_1_4	freq_ratio_1_5	c0_ratio_1_5	freq_ratio_1_6	c0_ratio_1_6	freq_ratio_1_7	c0_ratio_1_7	
1354693172.117091	0.009636	35.121140	22.704671	4.655582	1.158268	0.344611	1.155575	0.335083	1.156574	0.336784	1.158503	0.343683	1.156610	0.334488	1.158960	0.344244	1.156881	0.333891	1.159023	0.343665	1354693172.117509	0.008541	21.997320	9.631085	4.405538	0.911804	0.005470	1.302194	0.002066	0.936535	0.002097	0.945891	0.002113	1.018197	0.001931	0.922038	0.002174	1.251599	0.001633	1.253899	0.001633	
1354693172.119199	0.002108	32.868582	20.187288	9.467541	1.257980	0.026558	0.962785	0.033478	1.264983	0.012368	1.249898	0.002772	1.237460	0.007237	1.248818	0.002894	0.776047	0.012060	1.217047	0.459640	1354693172.119477	0.001968	22.904773	9.413133	7.606494	0.494190	0.013742	1.265057	0.003395	0.461071	0.006851	0.461981	0.007071	1.270677	0.003621	0.458974	0.007341	1.266378	0.003715	0.765366	0.005872	
1354693172.128400	0.009201	42.213930	27.766169	4.872305	1.241982	0.009115	0.765713	0.013280	0.794947	0.004637	1.254372	0.003282	1.245205	0.003391	1.250185	0.000616	1.259782	0.001549	1.267936	0.872805	1354693172.128803	0.009326	17.623070	4.882299	5.345332	0.550926	0.012140	1.233784	0.000761	0.681270	0.001025	0.679106	0.001057	1.266967	0.000767	0.691626	0.001084	1.271342	0.000788	0.697879	0.001046	
1354693173.271636	1.143236	82.196041	68.985084	5.800560	1.153898	0.873960	1.153878	0.874110	1.153877	0.873840	1.153850	0.873597	1.153847	0.873557	1.153822	0.873533	1.153845	0.873481	1.153886	0.873740	1354693173.272085	1.143282	74.082344	60.920607	2.790615	1.192327	0.873988	1.192359	0.873659	1.192274	0.872460	1.192304	0.872361	1.192290	0.872366	1.172442	0.000094	1.261583	0.000028	1.201731	0.997147	
1354693174.190915	0.919279	90.237116	77.028676	6.097115	1.153847	0.998939	1.153849	0.999003	1.153849	0.999036	1.153849	0.999138	1.153847	0.999118	1.153847	0.999220	1.153847	0.999257	1.153849	0.999413	1354693174.190964	0.918879	79.433864	66.280252	2.750481	1.192297	0.999331	1.192301	0.999526	1.192297	0.999464	1.192297	0.999565	1.192300	0.999698	1.158679	0.000076	1.158953	0.000072	1.192301	0.998650	
1354693175.111239	0.920324	90.100683	76.877282	6.127927	1.153846	1.000000	1.153846	1.000000	1.153846	1.000000	1.153846	1.000000	1.153846	1.000000	1.153846	1.000000	1.153846	1.000000	1.153846	1.000000	1354693175.111288	0.920324	79.577899	66.437745	2.741503	1.192297	0.999901	1.192297	0.999901	1.192297	0.999900	1.192297	0.999900	1.192297	0.999900	1.151868	0.000075	1.151338	0.000019	1.192297	0.998442	
1354693176.030921	0.919682	90.189087	76.958345	6.125137	1.153846	1.000000	1.153846	1.000000	1.153846	1.000000	1.153846	1.000000	1.153846	1.000000	1.153846	1.000000	1.153846	1.000000	1.153846	1.000000	1354693176.030972	0.919684	79.632394	66.493645	2.767054	1.192285	0.999804	1.192285	0.999804	1.192285	0.999803	1.192285	0.999803	1.192285	0.999803	1.154488	0.000088	1.153824	0.000130	1.192286	0.998705	
1354693176.951007	0.920086	90.288157	77.058927	6.102233	1.153846	1.000000	1.153846	1.000000	1.153846	1.000000	1.153846	1.000000	1.153846	1.000000	1.153846	1.000000	1.153833	1.000000	1.153846	1.000000	1354693176.951067	0.920095	79.003779	65.868097	2.741506	1.192289	0.978679	1.192288	0.978573	1.192289	0.978536	1.192289	0.978436	1.192288	0.978403	1.157430	0.000121	1.177882	0.000016	1.193445	0.993792	
1354693177.871923	0.920916	90.347901	77.112090	6.123690	1.153846	1.000000	1.153846	1.000000	1.153846	1.000000	1.153846	1.000000	1.153846	1.000000	1.153846	1.000000	1.153859	1.000000	1.153846	1.000000	1354693177.871975	0.920908	79.757740	66.601942	2.778056	1.192297	0.999445	1.192297	0.999547	1.192297	0.999584	1.192297	0.999684	1.192297	0.999716	1.155443	0.000084	1.159469	0.000064	1.192297	0.998203	
1354693178.794238	0.922315	90.420937	77.171152	6.120755	1.153846	1.000000	1.153846	1.000000	1.153846	1.000000	1.153846	1.000000	1.153846	1.000000	1.153846	1.000000	1.153846	1.000000	1.153846	1.000000	1354693178.794289	0.922314	79.745102	66.605850	2.736647	1.192290	0.999829	1.192290	0.999829	1.192290	0.999829	1.192290	0.999830	1.192290	0.999830	1.154522	0.000128	1.154578	0.000018	1.192290	0.998184	
1354693179.714541	0.920303	90.563086	77.310484	6.134400	1.153846	1.000000	1.153846	1.000000	1.153846	1.000000	1.153846	1.000000	1.153846	1.000000	1.153846	1.000000	1.153846	1.000000	1.153846	1.000000	1354693179.714591	0.920302	79.821323	66.662531	2.749478	1.192270	0.999632	1.192270	0.999632	1.192270	0.999632	1.192270	0.999631	1.192270	0.999631	1.153727	0.000149	1.153884	0.000208	1.192270	0.998106	
1354693180.634594	0.920053	90.548913	77.303438	6.115520	1.153846	1.000000	1.153846	1.000000	1.153846	1.000000	1.153846	1.000000	1.153846	1.000000	1.153846	1.000000	1.153846	1.000000	1.153846	1.000000	1354693180.634643	0.920052	79.911861	66.762962	2.742463	1.192296	0.999904	1.192296	0.999904	1.192296	0.999903	1.192296	0.999903	1.192296	0.999903	1.153828	0.000104	1.154184	0.000013	1.192296	0.998344	
1354693181.555446	0.920852	90.611249	77.359867	6.123984	1.153846	1.000000	1.153846	1.000000	1.153846	1.000000	1.153846	1.000000	1.153846	1.000000	1.153846	1.000000	1.153833	1.000000	1.153846	1.000000	1354693181.555507	0.920864	78.814494	65.645425	2.748578	1.192292	0.975241	1.192291	0.975137	1.192291	0.975114	1.192291	0.975011	1.192291	0.974976	1.159746	0.000084	1.158448	0.000076	1.193385	0.990324	
1354693182.475841	0.920395	90.720072	77.462541	6.107114	1.153846	1.000000	1.153846	1.000000	1.153846	1.000000	1.153846	1.000000	1.153846	1.000000	1.153846	1.000000	1.153860	1.000000	1.153846	1.000000	1354693182.475891	0.920384	79.750266	66.588834	2.739153	1.192293	0.999402	1.192293	0.999500	1.192293	0.999532	1.192293	0.999633	1.192293	0.999660	1.154620	0.000179	1.180569	0.000013	1.192292	0.998424	
1354693183.396027	0.920186	90.744742	77.496489	6.122976	1.153846	1.000000	1.153846	1.000000	1.153846	1.000000	1.153846	1.000000	1.153846	1.000000	1.153846	1.000000	1.153846	1.000000	1.153846	1.000000	1354693183.396077	0.920186	79.877175	66.724636	2.754019	1.192288	0.999829	1.192288	0.999829	1.192288	0.999829	1.192288	0.999828	1.192288	0.999828	1.152839	0.000122	1.154089	0.000092	1.192288	0.998205	
1354693184.316186	0.920159	90.796119	77.530481	6.136488	1.153846	1.000000	1.153846	1.000000	1.153846	1.000000	1.153846	1.000000	1.153846	1.000000	1.153846	1.000000	1.153846	1.000000	1.153846	0.999995	1354693184.316238	0.920161	79.978148	66.809298	2.739982	1.192300	0.999927	1.192299	0.999927	1.192299	0.999927	1.192299	0.999927	1.192300	0.999927	1.157022	0.000046	1.152909	0.000013	1.192300	0.998611	
1354693185.235558	0.919372	90.865197	77.601680	6.128331	1.153846	1.000000	1.153846	1.000000	1.153846	1.000000	1.153846	1.000000	1.153846	1.000000	1.153846	1.000000	1.153846	1.000000	1.153846	1.000005	1354693185.235608	0.919370	79.862025	66.709793	2.736863	1.192297	0.999903	1.192297	0.999902	1.192297	0.999902	1.192297	0.999902	1.192297	0.999902	1.153511	0.000054	1.153926	0.000026	1.192297	0.998560	
1354693186.155825	0.920267	90.773176	77.526622	6.108907	1.153846	1.000000	1.153846	1.000000	1.153846	1.000000	1.153846	1.000000	1.153846	1.000000	1.153846	1.000000	1.153832	1.000000	1.153846	1.000000	1354693186.155885	0.920277	79.144978	65.977408	2.754228	1.192292	0.976151	1.192292	0.976049	1.192292	0.976018	1.192292	0.975914	1.192292	0.975881	1.157811	0.000097	1.159048	0.000065	1.193536	0.992802	
1354693187.076041	0.920216	90.885477	77.621970	6.095931	1.153846	1.000000	1.153846	1.000000	1.153846	1.000000	1.153846	1.000000	1.153846	1.000000	1.153846	1.000000	1.153860	1.000000	1.153846	1.000000	1354693187.076091	0.920206	80.058932	66.889882	2.742850	1.192294	0.999398	1.192294	0.999495	1.192294	0.999531	1.192294	0.999631	1.192294	0.999664	1.156068	0.000162	1.122427	0.000018	1.192294	0.998276	
1354693187.996853	0.920812	90.837325	77.591432	6.078580	1.153846	1.000000	1.153846	1.000000	1.153846	1.000000	1.153846	1.000000	1.153846	1.000000	1.153846	1.000000	1.153846	1.000000	1.153846	1.000000	1354693187.996907	0.920816	80.126958	66.965304	2.746601	1.192293	0.999878	1.192293	0.999877	1.192293	0.999877	1.192293	0.999877	1.192293	0.999877	1.153864	0.000087	1.165051	0.000075	1.192293	0.998227	
1354693188.917153	0.920300	90.891232	77.645565	6.075296	1.153846	1.000000	1.153846	1.000000	1.153846	1.000000	1.153846	1.000000	1.153846	1.000000	1.153846	1.000000	1.153846	1.000000	1.153846	0.999999	1354693188.917204	0.920297	80.033803	66.880245	2.735864	1.192293	0.999853	1.192293	0.999853	1.192293	0.999853	1.192293	0.999853	1.192293	0.999853	1.154016	0.000103	1.152884	0.000018	1.192293	0.998723	
1354693189.838067	0.920914	91.054638	77.828787	6.104666	1.153846	1.000000	1.153846	1.000000	1.153846	1.000000	1.153846	1.000000	1.153846	1.000000	1.153846	1.000000	1.153846	1.000000	1.153846	1.000001	1354693189.838117	0.920913	80.232230	67.056338	2.730322	1.192294	0.999878	1.192294	0.999878	1.192294	0.999877	1.192294	0.999877	1.192294	0.999877	1.153927	0.000086	1.151882	0.000056	1.192294	0.998490	
1354693190.758656	0.920589	91.245934	78.018497	6.120147	1.153846	1.000000	1.153846	1.000000	1.153846	1.000000	1.153846	1.000000	1.153846	1.000000	1.153846	1.000000	1.153846	0.999989	1.153846	1.000000	1354693190.758714	0.920597	79.457985	66.292969	2.732933	1.192295	0.974347	1.192294	0.974244	1.192294	0.974217	1.192295	0.974109	1.192295	0.974080	1.159600	0.000072	1.181531	0.000017	1.193613	0.992299	
1354693190.760476	0.001820	89.226094	74.605187	6.773906	1.153847	1.000081	1.154014	1.000026	1.153995	1.000007	1.153717	0.999959	1.153868	0.999952	1.153867	1.000077	1.154005	1.005665	1.153985	1.000067	1354693190.760523	0.001809	35.040991	20.371688	2.758403	1.267065	0.005716	1.269391	0.002966	1.268840	0.003071	1.268288	0.003102	1.274608	0.002762	1.271675	0.002746	1.268887	0.003202	1.161378	0.351046	
